START_PARAMETERS
DIAG =                         false
NUM_SEEDS =                    4
DISTANCE_LIMIT_MCBB =          0.02
TAU_INIT_MCBB =                0.05
MAX_TAU_MCBB =                 0.8
TAU_SCALAR_MCBB =              1.3
TAU_SCALAR_MCBB_TINY =         1.1
TAU_SCALAR_MCBB_BIG =          1.8
MAX_CHANGE_FRACTION_MCBB =     0.8
MIN_CHANGE_FRACTION_MCBB =     0.02
ACCEPTANCE_PROB_MCBB =         0.8
TEMP_EXP_DECAY_MCBB =          0.8
BINARY_SEARCH_TAU_LIMIT_MCBB = 0.0005
RANDOM_STATES_MCBB =           3
NUMBER_OF_BANGS =              3
SWEEPS_MCBB =                  70
TEMP_DECAY_ITERATIONS_MCBB =   20
TEMP_DECAY_LIMIT_MCBB =        7
MAX_TAU_STEPS_MCBB =           11
MAX_BS_STEPS_MCDB =            9
GROUND_E =                   -0.250521
INITIAL_E =                  -0.14
j_initial =        0.95
k_initial =        0.95
b_initial =        0
j_target =         0.35
k_target =         0.8
b_target =         0
state_overlap_squared =    0.97698
PERIODIC =         true
UNIFORM_SITES =    true
DEVICE_DIMENSION = 2
MAX_PARAM =        1
MIN_PARAM =        0
END_PARAMETERS
##############################################################################
tau =               0.05
best_E =          -0.15145
distance =          0.896398
j_protocol =  [[0.0208449, 0.0451095, 0.0451095, 0.0494315, 0.0494315, 0.05, ],[0.0134616, 0.0134616, 0.0157695, 0.0157695, 0.0206034, 0.05, ],[0.00119505, 0.00119505, 0.020608, 0.0419975, 0.0419975, 0.05, ],[0, 0, 0.0206296, 0.0483515, 0.0483515, 0.05, ],]
k_protocol = [[0, 0.0410878, 0.0410878, 0.0410878, 0.0448388, 0.0448388, ],[0, 0.0092541, 0.0092541, 0.0273743, 0.0273743, 0.0409927, ],[0, 0.0145452, 0.0145452, 0.0411118, 0.0448147, 0.0448147, ],[0, 0.0127931, 0.0127931, 0.0412318, 0.05, 0.05, ],]
b_protocol = [[0, 0.00640622, 0.00733779, 0.019829, 0.0360162, 0.05, ],[0, 0.00129631, 0.00772133, 0.0210184, 0.0473865, 0.05, ],[0, 0.000937401, 0.00606643, 0.0354074, 0.0446473, 0.05, ],[0, 0.00707321, 0.0273616, 0.0348864, 0.042781, 0.05, ],]
j/k/b =   [1, 0, 1, 0, 1, 0, ]
best_E_fixed_tau =   [-0.151449, -0.15145, -0.15145, -0.15145, ]
##############################################################################
tau =               0.065
best_E =          -0.158931
distance =          0.828712
j_protocol =  [[0, 0, 0.0177743, 0.0177743, 0.0273925, 0.065, ],[0, 0, 0.00831199, 0.00831199, 0.0268859, 0.065, ],[0.00155356, 0.00155356, 0.0269862, 0.0293783, 0.0293783, 0.065, ],[0.00836649, 0.00836649, 0.0269314, 0.0462829, 0.0462829, 0.065, ],]
k_protocol = [[0, 0, 0, 0.0358725, 0.0358725, 0.053129, ],[0, 0.0165167, 0.0165167, 0.0242375, 0.0242375, 0.0535118, ],[0, 0.0145452, 0.0145452, 0.0534592, 0.065, 0.065, ],[0, 0.0108045, 0.0108045, 0.0450311, 0.0450311, 0.0533414, ],]
b_protocol = [[0, 0.00640622, 0.00733779, 0.019829, 0.0360162, 0.065, ],[0, 0.00129631, 0.00772133, 0.0210184, 0.0473865, 0.065, ],[0, 0.000937401, 0.00606643, 0.0354074, 0.0446473, 0.065, ],[0, 0.00707321, 0.0273616, 0.0348864, 0.042781, 0.065, ],]
j/k/b =   [1, 0, 1, 0, 1, 0, ]
best_E_fixed_tau =   [-0.158926, -0.158931, -0.158931, -0.158931, ]
##############################################################################
tau =               0.117
best_E =          -0.194132
distance =          0.510206
j_protocol =  [[0.0494175, 0.0565287, 0.0565287, 0.0751217, 0.0751217, 0.117, ],[0, 0, 0.0220321, 0.0220321, 0.0496385, 0.117, ],[0.00279641, 0.00279641, 0.0275399, 0.0275399, 0.0498249, 0.117, ],[0.00815187, 0.00815187, 0.0298778, 0.0298778, 0.0499095, 0.117, ],]
k_protocol = [[0, 0, 0, 0.0964594, 0.116092, 0.116092, ],[0, 0.0165167, 0.0165167, 0.0274831, 0.0274831, 0.0966758, ],[0, 0.0145452, 0.0145452, 0.0448147, 0.0448147, 0.0966001, ],[0, 0.0108045, 0.0108045, 0.0450311, 0.0450311, 0.096084, ],]
b_protocol = [[0, 0.00640622, 0.00733779, 0.019829, 0.0360162, 0.117, ],[0, 0.00129631, 0.00772133, 0.0210184, 0.0473865, 0.117, ],[0, 0.000937401, 0.00606643, 0.0354074, 0.0446473, 0.117, ],[0, 0.00707321, 0.0273616, 0.0348864, 0.042781, 0.117, ],]
j/k/b =   [1, 0, 1, 0, 1, 0, ]
best_E_fixed_tau =   [-0.194125, -0.194131, -0.194132, -0.194128, ]
##############################################################################
tau =               0.1521
best_E =          -0.220052
distance =          0.275683
j_protocol =  [[0, 0, 0, 0, 0.0668232, 0.1521, ],[0, 0, 0.0217997, 0.0217997, 0.0662275, 0.1521, ],[0.00363534, 0.00363534, 0.0275399, 0.0275399, 0.0663391, 0.1521, ],[0.008007, 0.008007, 0.0298778, 0.0298778, 0.0665033, 0.1521, ],]
k_protocol = [[0, 0.000149742, 0.000149742, 0.0877344, 0.0877344, 0.126525, ],[0, 0.0165167, 0.0165167, 0.0274831, 0.0274831, 0.126496, ],[0, 0.0145452, 0.0145452, 0.0448147, 0.0448147, 0.126298, ],[0, 0.0108045, 0.0108045, 0.0450311, 0.0450311, 0.125989, ],]
b_protocol = [[0, 0.00640622, 0.00733779, 0.019829, 0.0360162, 0.1521, ],[0, 0.00129631, 0.00772133, 0.0210184, 0.0473865, 0.1521, ],[0, 0.000937401, 0.00606643, 0.0354074, 0.0446473, 0.1521, ],[0, 0.00707321, 0.0273616, 0.0348864, 0.042781, 0.1521, ],]
j/k/b =   [1, 0, 1, 0, 1, 0, ]
best_E_fixed_tau =   [-0.220045, -0.22005, -0.220052, -0.220052, ]
##############################################################################
tau =               0.19773
best_E =          -0.24521
distance =          0.0480509
j_protocol =  [[0.0152786, 0.0152786, 0.0691468, 0.0691468, 0.0890574, 0.19773, ],[0, 0, 0.0217997, 0.0217997, 0.0902114, 0.19773, ],[0.00472594, 0.00472594, 0.0275399, 0.0275399, 0.0895549, 0.19773, ],[0.00781867, 0.00781867, 0.0298778, 0.0298778, 0.0879351, 0.19773, ],]
k_protocol = [[0, 0.0278714, 0.0278714, 0.0278714, 0.0278714, 0.165086, ],[0, 0.0165167, 0.0165167, 0.0283216, 0.0283216, 0.165181, ],[0, 0.0145452, 0.0145452, 0.0448147, 0.0448147, 0.166023, ],[0, 0.0108045, 0.0108045, 0.0450311, 0.0450311, 0.167673, ],]
b_protocol = [[0, 0.00640622, 0.00733779, 0.019829, 0.0360162, 0.19773, ],[0, 0.00129631, 0.00772133, 0.0210184, 0.0473865, 0.19773, ],[0, 0.000937401, 0.00606643, 0.0354074, 0.0446473, 0.19773, ],[0, 0.00707321, 0.0273616, 0.0348864, 0.042781, 0.19773, ],]
j/k/b =   [1, 0, 1, 0, 1, 0, ]
best_E_fixed_tau =   [-0.245174, -0.24521, -0.245205, -0.245156, ]
##############################################################################
tau =               0.217503
best_E =          -0.249992
distance =          0.00478417
j_protocol =  [[0.089785, 0.0904487, 0.102593, 0.166291, 0.166291, 0.217503, ],[0, 0, 0.0242988, 0.0242988, 0.0995266, 0.217503, ],[0.00519853, 0.00519853, 0.0275399, 0.0275399, 0.098907, 0.217503, ],[0.00773706, 0.00773706, 0.0298778, 0.0298778, 0.0978817, 0.217503, ],]
k_protocol = [[0, 0, 0, 0.181519, 0.217503, 0.217503, ],[0, 0.0165167, 0.0165167, 0.0274831, 0.0274831, 0.185764, ],[0, 0.0145452, 0.0145452, 0.0448147, 0.0448147, 0.186086, ],[0, 0.0108045, 0.0108045, 0.0450311, 0.0450311, 0.188297, ],]
b_protocol = [[0, 0.00640622, 0.00733779, 0.019829, 0.0360162, 0.217503, ],[0, 0.00129631, 0.00772133, 0.0210184, 0.0473865, 0.217503, ],[0, 0.000937401, 0.00606643, 0.0354074, 0.0446473, 0.217503, ],[0, 0.00707321, 0.0273616, 0.0348864, 0.042781, 0.217503, ],]
j/k/b =   [1, 0, 1, 0, 1, 0, ]
best_E_fixed_tau =   [-0.249992, -0.249987, -0.249979, -0.249952, ]
