START_PARAMETERS
MAX_STEPS_MCDB =               32
MIN_STEPS_MCDB =               4
STEPS_CRUNCH_MCDB =            1
SWEEPS_MCDB =                  100
TOTAL_STEP_CHANGES =                  6
MCBB_SECONDARY =                  1
SWEEPS_MCBB_SECONDARY =                  50
NUMBER_OF_BANGS =                  6
GROUND_E =                -2.62309
INITIAL_E =               -2.34549
j_initial =               0.623
k_initial =               0.062
b_initial =               0
j_target =                0.452
k_target =                0.5
b_target =                0
init_target_dot_squared = 0.914484
init_state = [0.340919, 0, 0.517252, 0, 0.340919, 0, 0.340919, 0, 0.517252, 0, 0.340919, 0, ]
target_state = [-0.219058, 0, -0.635631, 0, -0.219058, 0, -0.219058, 0, -0.635631, 0, -0.219058, 0, ]
USE_ENERGY_DISTANCE =     false
PERIODIC =                false
UNIFORM_SITES =           true
DEVICE_DIMENSION =        2
MAX_PARAM =               1
MIN_PARAM =               0
MIN_PARAM =               0
DIAG =                    true
NUM_SEEDS =               1
NUMBER_OF_BANGS =               6
DISTANCE_LIMIT =          0.02
TAU_INIT =                0.05
MAX_TAU =                 5
TAU_SCALAR =              1.2
TAU_SCALAR_TINY =         1.1
TAU_SCALAR_BIG =          1.4
ACCEPTANCE_PROB =         0.85
TEMP_EXP_DECAY =          0.8
MIN_TEMP_FRACTION =       0.01
TEMP_DECAY_ITERATIONS =   21
ZERO_TEMP_ITREATIONS =    15
RANDOM_STATES =           3
END_PARAMETERS
##############################################################################
clock_duration  =         0.985396
tau =                     0.05
total_steps =             32
time_step =               0.0015625
best_mc_result =          0.0816221
best_mc_result_non_secondary =          0.0816269
evolved_target_dot_squared =  0.918378
distance =          0.954464
j_protocol =  [[0, 0, 1, 1, 1, 1, 1, 1, 1, 1, 1, 1, 1, 1, 1, 1, 1, 1, 1, 1, 1, 1, 1, 1, 1, 1, 1, 1, 1, 1, 1, 1, ],]
k_protocol =  [[1, 1, 1, 1, 1, 1, 1, 1, 1, 1, 1, 1, 1, 1, 1, 1, 1, 1, 0, 0, 0, 0, 0, 0, 0, 0, 0, 0, 0, 0, 0, 0, ],]
j_protocol_secondary =  [0.00250955, 0.0186932, 0.0186932, 0.0198907, 0.0198907, 0.0250085, 0.0250085, 0.0381269, 0.0381269, 0.0498447, 0.0498447, 0.05, ]
k_protocol_secondary =  [0, 0.00836142, 0.00836142, 0.0178818, 0.0178818, 0.0189463, 0.0189463, 0.0274144, 0.0301534, 0.0301534, 0.0402541, 0.0402541, ]
best_evolved_state = [0.333764, 0.0486805, 0.507818, 0.120766, 0.333764, 0.0486805, 0.333764, 0.0486805, 0.507818, 0.120766, 0.333764, 0.0486805, ]
best_mc_result_fixed_tau =   [0.0816269, ]
evolved_state_fixed_tau =   [[0.333785, 0.0480438, 0.507762, 0.121392, 0.333785, 0.0480438, 0.333785, 0.0480438, 0.507762, 0.121392, 0.333785, 0.0480438, ],]
##############################################################################
clock_duration  =         1.92391
tau =                     0.14
total_steps =             32
time_step =               0.004375
best_mc_result =          0.0577898
best_mc_result_non_secondary =          0.0578143
evolved_target_dot_squared =  0.94221
distance =          0.675776
j_protocol =  [[0, 0, 1, 1, 1, 1, 1, 1, 1, 1, 1, 1, 1, 1, 1, 1, 1, 1, 1, 1, 1, 1, 1, 1, 1, 1, 1, 1, 1, 1, 1, 1, ],]
k_protocol =  [[1, 1, 1, 1, 1, 1, 1, 1, 1, 1, 1, 1, 1, 1, 1, 1, 1, 0, 0, 0, 0, 0, 0, 0, 0, 0, 0, 0, 0, 0, 0, 0, ],]
j_protocol_secondary =  [0.00714211, 0.0355798, 0.0355798, 0.0451044, 0.0451044, 0.0765813, 0.0765813, 0.0815685, 0.0815685, 0.121458, 0.121458, 0.14, ]
k_protocol_secondary =  [0, 0.00868711, 0.00868711, 0.0230611, 0.0230611, 0.0762134, 0.0806697, 0.0806697, 0.0924862, 0.0924862, 0.100566, 0.100566, ]
best_evolved_state = [0.286331, 0.127832, 0.445753, 0.323498, 0.286331, 0.127832, 0.286331, 0.127832, 0.445753, 0.323498, 0.286331, 0.127832, ]
best_mc_result_fixed_tau =   [0.0578143, ]
evolved_state_fixed_tau =   [[0.28737, 0.126624, 0.448908, 0.3182, 0.28737, 0.126624, 0.28737, 0.126624, 0.448908, 0.3182, 0.28737, 0.126624, ],]
##############################################################################
clock_duration  =         2.88884
tau =                     0.168
total_steps =             32
time_step =               0.00525
best_mc_result =          0.047547
best_mc_result_non_secondary =          0.0475722
evolved_target_dot_squared =  0.952453
distance =          0.556
j_protocol =  [[0, 0, 1, 1, 1, 1, 1, 1, 1, 1, 1, 1, 1, 1, 1, 1, 1, 1, 1, 1, 1, 1, 1, 1, 1, 1, 1, 1, 1, 1, 1, 1, ],]
k_protocol =  [[1, 1, 1, 1, 1, 1, 1, 1, 1, 1, 1, 1, 1, 1, 1, 1, 1, 0, 0, 0, 0, 0, 0, 0, 0, 0, 0, 0, 0, 0, 0, 0, ],]
j_protocol_secondary =  [0.00648156, 0.00648156, 0.00865177, 0.0174339, 0.0174339, 0.110386, 0.110386, 0.110811, 0.110811, 0.145496, 0.145496, 0.168, ]
k_protocol_secondary =  [0, 0.0312964, 0.0312964, 0.0592238, 0.0592238, 0.0911134, 0.131054, 0.131054, 0.155925, 0.155925, 0.159481, 0.159481, ]
best_evolved_state = [0.263385, 0.148445, 0.416058, 0.37958, 0.263385, 0.148445, 0.263385, 0.148445, 0.416058, 0.37958, 0.263385, 0.148445, ]
best_mc_result_fixed_tau =   [0.0475722, ]
evolved_state_fixed_tau =   [[0.264698, 0.147234, 0.420043, 0.37427, 0.264698, 0.147234, 0.264698, 0.147234, 0.420043, 0.37427, 0.264698, 0.147234, ],]
##############################################################################
clock_duration  =         3.97688
tau =                     0.2016
total_steps =             32
time_step =               0.0063
best_mc_result =          0.0347691
best_mc_result_non_secondary =          0.0347893
evolved_target_dot_squared =  0.965231
distance =          0.406579
j_protocol =  [[0, 0, 1, 1, 1, 1, 1, 1, 1, 1, 1, 1, 1, 1, 1, 1, 1, 1, 1, 1, 1, 1, 1, 1, 1, 1, 1, 1, 1, 1, 1, 1, ],]
k_protocol =  [[1, 1, 1, 1, 1, 1, 1, 1, 1, 1, 1, 1, 1, 1, 1, 1, 1, 0, 0, 0, 0, 0, 0, 0, 0, 0, 0, 0, 0, 0, 0, 0, ],]
j_protocol_secondary =  [0.00300337, 0.00300337, 0.0106729, 0.0417709, 0.0417709, 0.057488, 0.057488, 0.0805842, 0.0805842, 0.0807367, 0.0807367, 0.2016, ]
k_protocol_secondary =  [0, 0.00418939, 0.00418939, 0.0280655, 0.0280655, 0.0465923, 0.0465923, 0.0805158, 0.0805158, 0.108707, 0.173266, 0.173266, ]
best_evolved_state = [0.231528, 0.169728, 0.37534, 0.440788, 0.231528, 0.169728, 0.231528, 0.169728, 0.37534, 0.440788, 0.231528, 0.169728, ]
best_mc_result_fixed_tau =   [0.0347893, ]
evolved_state_fixed_tau =   [[0.232985, 0.168682, 0.379743, 0.436261, 0.232985, 0.168682, 0.232985, 0.168682, 0.379743, 0.436261, 0.232985, 0.168682, ],]
##############################################################################
clock_duration  =         5.04323
tau =                     0.24192
total_steps =             32
time_step =               0.00756
best_mc_result =          0.0202127
best_mc_result_non_secondary =          0.0202221
evolved_target_dot_squared =  0.979787
distance =          0.236361
j_protocol =  [[0, 0, 1, 1, 1, 1, 1, 1, 1, 1, 1, 1, 1, 1, 1, 1, 1, 1, 1, 1, 1, 1, 1, 1, 1, 1, 1, 1, 1, 1, 1, 1, ],]
k_protocol =  [[1, 1, 1, 1, 1, 1, 1, 1, 1, 1, 1, 1, 1, 1, 1, 1, 1, 0, 0, 0, 0, 0, 0, 0, 0, 0, 0, 0, 0, 0, 0, 0, ],]
j_protocol_secondary =  [0.0130611, 0.029307, 0.029307, 0.0853194, 0.0853194, 0.136788, 0.136788, 0.207508, 0.207508, 0.241848, 0.241848, 0.24192, ]
k_protocol_secondary =  [0, 0.0471622, 0.0471622, 0.0852391, 0.0852391, 0.106689, 0.106689, 0.129476, 0.154694, 0.154694, 0.188624, 0.188624, ]
best_evolved_state = [0.187742, 0.18994, 0.320005, 0.504924, 0.187742, 0.18994, 0.187742, 0.18994, 0.320005, 0.504924, 0.187742, 0.18994, ]
best_mc_result_fixed_tau =   [0.0202221, ]
evolved_state_fixed_tau =   [[0.189214, 0.188965, 0.324278, 0.501821, 0.189214, 0.188965, 0.189214, 0.188965, 0.324278, 0.501821, 0.189214, 0.188965, ],]
##############################################################################
clock_duration  =         8.4564
tau =                     0.242676
total_steps =             32
time_step =               0.009072
best_mc_result =          0.0199596
best_mc_result_non_secondary =          0
evolved_target_dot_squared =  0.98004
distance =          0.233401
j_protocol =  [[0, 0, 0, 0, 0, 0, 0, 0, 0, 0, 0, 0, 0, 0, 0, 0, 0, 0, 0, 0, 0, 0, 0, 0, 0, 0, 0, 0, 0, 0, 0, 0, ],]
k_protocol =  [[0, 0, 0, 0, 0, 0, 0, 0, 0, 0, 0, 0, 0, 0, 0, 0, 0, 0, 0, 0, 0, 0, 0, 0, 0, 0, 0, 0, 0, 0, 0, 0, ],]
j_protocol_secondary =  [0.00196812, 0.00196812, 0.0131323, 0.189228, 0.189228, 0.202106, 0.202106, 0.204972, 0.204972, 0.216684, 0.216684, 0.242676, ]
k_protocol_secondary =  [0, 0.0135437, 0.0135437, 0.0696297, 0.0696297, 0.129912, 0.142721, 0.142721, 0.203617, 0.203617, 0.23787, 0.23787, ]
best_evolved_state = [0.186867, 0.190225, 0.318871, 0.506074, 0.186867, 0.190225, 0.186867, 0.190225, 0.318871, 0.506074, 0.186867, 0.190225, ]
best_mc_result_fixed_tau =   [0.00653608, ]
evolved_state_fixed_tau =   [[0.129994, 0.204402, 0.249561, 0.566005, 0.129994, 0.204402, 0.129994, 0.204402, 0.249561, 0.566005, 0.129994, 0.204402, ],]
