START_PARAMETERS
MAX_STEPS_MCDB =               32
MIN_STEPS_MCDB =               4
STEPS_CRUNCH_MCDB =            1
SWEEPS_MCDB =                  80
TOTAL_STEP_CHANGES =                  6
MCBB_SECONDARY =                  1
SWEEPS_MCBB_SECONDARY =                  150
NUMBER_OF_BANGS =                  4
GROUND_E =                -2.00917
INITIAL_E =               -1.60508
j_initial =               0.635
k_initial =               0.5
b_initial =               0
j_target =                0.048
k_target =                0.5
b_target =                0
init_target_dot_squared = 0.799788
init_state = [-0.253363, 0, -0.609602, 0, -0.253363, 0, -0.253363, 0, -0.609602, 0, -0.253363, 0, ]
target_state = [-0.0337093, 0, -0.705498, 0, -0.0337093, 0, -0.0337093, 0, -0.705498, 0, -0.0337093, 0, ]
USE_ENERGY_DISTANCE =     false
PERIODIC =                false
UNIFORM_SITES =           true
DEVICE_DIMENSION =        2
MAX_PARAM =               1
MIN_PARAM =               0
MIN_PARAM =               0
DIAG =                    true
NUM_SEEDS =               2
NUMBER_OF_BANGS =               4
DISTANCE_LIMIT =          0.02
TAU_INIT =                0.05
MAX_TAU =                 5
TAU_SCALAR =              1.2
TAU_SCALAR_TINY =         1.1
TAU_SCALAR_BIG =          1.3
ACCEPTANCE_PROB =         0.85
TEMP_EXP_DECAY =          0.8
MIN_TEMP_FRACTION =       0.01
TEMP_DECAY_ITERATIONS =   21
ZERO_TEMP_ITREATIONS =    20
RANDOM_STATES =           3
END_PARAMETERS
##############################################################################
clock_duration  =         4.16806
tau =                     0.05
total_steps =             32
time_step =               0.0015625
best_mc_result =          0.194262
best_mc_result_non_secondary =          0.194268
evolved_target_dot_squared =  0.805738
distance =          0.97028
j_protocol =  [[0, 0, 0, 0, 0, 0, 0, 0, 0, 0, 0, 0, 0, 1, 1, 1, 1, 1, 1, 1, 1, 1, 1, 1, 1, 1, 1, 1, 1, 1, 1, 1, ],[0, 0, 0, 0, 0, 0, 0, 0, 0, 0, 0, 0, 0, 1, 1, 1, 1, 1, 1, 1, 1, 1, 1, 1, 1, 1, 1, 1, 1, 1, 1, 1, ],]
k_protocol =  [[1, 1, 1, 1, 1, 1, 1, 1, 1, 1, 1, 1, 1, 1, 1, 1, 1, 1, 1, 1, 1, 1, 1, 1, 1, 1, 1, 1, 1, 1, 0, 0, ],[1, 1, 1, 1, 1, 1, 1, 1, 1, 1, 1, 1, 1, 1, 1, 1, 1, 1, 1, 1, 1, 1, 1, 1, 1, 1, 1, 1, 1, 1, 0, 0, ],]
j_protocol_secondary =  [0.0051246, 0.0051246, 0.0209853, 0.0235377, 0.0235377, 0.0407378, 0.0407378, 0.05, ]
k_protocol_secondary =  [0, 0.0203503, 0.0203503, 0.0203675, 0.0203675, 0.0365541, 0.0365541, 0.0474637, ]
best_evolved_state = [-0.247529, -0.0349308, -0.595203, -0.144053, -0.247529, -0.0349308, -0.247529, -0.0349308, -0.595203, -0.144053, -0.247529, -0.0349308, ]
best_mc_result_fixed_tau =   [0.194268, 0.194268, ]
evolved_state_fixed_tau =   [[-0.24743, -0.035745, -0.595367, -0.143314, -0.24743, -0.035745, -0.24743, -0.035745, -0.595367, -0.143314, -0.24743, -0.035745, ],[-0.24743, -0.035745, -0.595367, -0.143314, -0.24743, -0.035745, -0.24743, -0.035745, -0.595367, -0.143314, -0.24743, -0.035745, ],]
##############################################################################
clock_duration  =         8.49237
tau =                     0.13
total_steps =             32
time_step =               0.0040625
best_mc_result =          0.162227
best_mc_result_non_secondary =          0.162246
evolved_target_dot_squared =  0.837773
distance =          0.810273
j_protocol =  [[0, 0, 0, 0, 0, 0, 0, 0, 0, 0, 0, 0, 0, 0, 1, 1, 1, 1, 1, 1, 1, 1, 1, 1, 1, 1, 1, 1, 1, 1, 1, 1, ],[0, 0, 0, 0, 0, 0, 0, 0, 0, 0, 0, 0, 0, 0, 1, 1, 1, 1, 1, 1, 1, 1, 1, 1, 1, 1, 1, 1, 1, 1, 1, 1, ],]
k_protocol =  [[1, 1, 1, 1, 1, 1, 1, 1, 1, 1, 1, 1, 1, 1, 1, 1, 1, 1, 1, 1, 1, 1, 1, 1, 1, 1, 1, 1, 1, 1, 0, 0, ],[1, 1, 1, 1, 1, 1, 1, 1, 1, 1, 1, 1, 1, 1, 1, 1, 1, 1, 1, 1, 1, 1, 1, 1, 1, 1, 1, 1, 1, 1, 0, 0, ],]
j_protocol_secondary =  [0.0149879, 0.0149879, 0.055813, 0.0770621, 0.0770621, 0.0953525, 0.0953525, 0.13, ]
k_protocol_secondary =  [0, 0.0558984, 0.0558984, 0.0876271, 0.0876271, 0.11326, 0.11326, 0.123513, ]
best_evolved_state = [-0.215448, -0.0828637, -0.51524, -0.357713, -0.215448, -0.0828637, -0.215448, -0.0828637, -0.51524, -0.357713, -0.215448, -0.0828637, ]
best_mc_result_fixed_tau =   [0.162246, 0.162246, ]
evolved_state_fixed_tau =   [[-0.215934, -0.0816844, -0.518161, -0.353426, -0.215934, -0.0816844, -0.215934, -0.0816844, -0.518161, -0.353426, -0.215934, -0.0816844, ],[-0.215934, -0.0816844, -0.518161, -0.353426, -0.215934, -0.0816844, -0.215934, -0.0816844, -0.518161, -0.353426, -0.215934, -0.0816844, ],]
##############################################################################
clock_duration  =         12.7115
tau =                     0.156
total_steps =             32
time_step =               0.004875
best_mc_result =          0.147121
best_mc_result_non_secondary =          0.147139
evolved_target_dot_squared =  0.852879
distance =          0.734825
j_protocol =  [[0, 0, 0, 0, 0, 0, 0, 0, 0, 0, 0, 0, 0, 0, 1, 1, 1, 1, 1, 1, 1, 1, 1, 1, 1, 1, 1, 1, 1, 1, 1, 1, ],[0, 0, 0, 0, 0, 0, 0, 0, 0, 0, 0, 0, 0, 0, 1, 1, 1, 1, 1, 1, 1, 1, 1, 1, 1, 1, 1, 1, 1, 1, 1, 1, ],]
k_protocol =  [[1, 1, 1, 1, 1, 1, 1, 1, 1, 1, 1, 1, 1, 1, 1, 1, 1, 1, 1, 1, 1, 1, 1, 1, 1, 1, 1, 1, 1, 1, 0, 0, ],[1, 1, 1, 1, 1, 1, 1, 1, 1, 1, 1, 1, 1, 1, 1, 1, 1, 1, 1, 1, 1, 1, 1, 1, 1, 1, 1, 1, 1, 1, 0, 0, ],]
j_protocol_secondary =  [0.00744773, 0.00744773, 0.0399234, 0.0399234, 0.0677538, 0.0849609, 0.0849609, 0.156, ]
k_protocol_secondary =  [0, 0.0153089, 0.0153089, 0.01817, 0.01817, 0.0313775, 0.0313775, 0.148265, ]
best_evolved_state = [-0.199871, -0.0946753, -0.475898, -0.419162, -0.199871, -0.0946753, -0.199871, -0.0946753, -0.475898, -0.419162, -0.199871, -0.0946753, ]
best_mc_result_fixed_tau =   [0.147139, 0.147139, ]
evolved_state_fixed_tau =   [[-0.20018, -0.0941826, -0.479547, -0.414909, -0.20018, -0.0941826, -0.20018, -0.0941826, -0.479547, -0.414909, -0.20018, -0.0941826, ],[-0.20018, -0.0941826, -0.479547, -0.414909, -0.20018, -0.0941826, -0.20018, -0.0941826, -0.479547, -0.414909, -0.20018, -0.0941826, ],]
##############################################################################
clock_duration  =         16.853
tau =                     0.2028
total_steps =             32
time_step =               0.0063375
best_mc_result =          0.116392
best_mc_result_non_secondary =          0.116448
evolved_target_dot_squared =  0.883608
distance =          0.581344
j_protocol =  [[0, 0, 0, 0, 0, 0, 0, 0, 0, 0, 0, 0, 0, 0, 1, 1, 1, 1, 1, 1, 1, 1, 1, 1, 1, 1, 1, 1, 1, 1, 1, 1, ],[0, 0, 0, 0, 0, 0, 0, 0, 0, 0, 0, 0, 0, 0, 1, 1, 1, 1, 1, 1, 1, 1, 1, 1, 1, 1, 1, 1, 1, 1, 1, 1, ],]
k_protocol =  [[1, 1, 1, 1, 1, 1, 1, 1, 1, 1, 1, 1, 1, 1, 1, 1, 1, 1, 1, 1, 1, 1, 1, 1, 1, 1, 1, 1, 1, 1, 0, 0, ],[1, 1, 1, 1, 1, 1, 1, 1, 1, 1, 1, 1, 1, 1, 1, 1, 1, 1, 1, 1, 1, 1, 1, 1, 1, 1, 1, 1, 1, 1, 0, 0, ],]
j_protocol_secondary =  [0.090371, 0.125573, 0.125573, 0.130268, 0.130268, 0.166485, 0.166485, 0.2028, ]
k_protocol_secondary =  [0, 0.00171629, 0.00171629, 0.166398, 0.166398, 0.173307, 0.173307, 0.192989, ]
best_evolved_state = [-0.167079, -0.109631, -0.39148, -0.516599, -0.167079, -0.109631, -0.167079, -0.109631, -0.39148, -0.516599, -0.167079, -0.109631, ]
best_mc_result_fixed_tau =   [0.116448, 0.116448, ]
evolved_state_fixed_tau =   [[-0.166168, -0.11147, -0.395888, -0.513028, -0.166168, -0.11147, -0.166168, -0.11147, -0.395888, -0.513028, -0.166168, -0.11147, ],[-0.166168, -0.11147, -0.395888, -0.513028, -0.166168, -0.11147, -0.166168, -0.11147, -0.395888, -0.513028, -0.166168, -0.11147, ],]
##############################################################################
clock_duration  =         21.1455
tau =                     0.24336
total_steps =             32
time_step =               0.007605
best_mc_result =          0.0881767
best_mc_result_non_secondary =          0.0882622
evolved_target_dot_squared =  0.911823
distance =          0.440416
j_protocol =  [[0, 0, 0, 0, 0, 0, 0, 0, 0, 0, 0, 0, 0, 0, 0, 1, 1, 1, 1, 1, 1, 1, 1, 1, 1, 1, 1, 1, 1, 1, 1, 1, ],[0, 0, 0, 0, 0, 0, 0, 0, 0, 0, 0, 0, 0, 0, 0, 1, 1, 1, 1, 1, 1, 1, 1, 1, 1, 1, 1, 1, 1, 1, 1, 1, ],]
k_protocol =  [[1, 1, 1, 1, 1, 1, 1, 1, 1, 1, 1, 1, 1, 1, 1, 1, 1, 1, 1, 1, 1, 1, 1, 1, 1, 1, 1, 1, 1, 1, 0, 0, ],[1, 1, 1, 1, 1, 1, 1, 1, 1, 1, 1, 1, 1, 1, 1, 1, 1, 1, 1, 1, 1, 1, 1, 1, 1, 1, 1, 1, 1, 1, 0, 0, ],]
j_protocol_secondary =  [0.0402266, 0.0402266, 0.0829505, 0.0829505, 0.111424, 0.149286, 0.149286, 0.24336, ]
k_protocol_secondary =  [0, 0.0202226, 0.0202226, 0.10892, 0.10892, 0.23183, 0.243015, 0.243015, ]
best_evolved_state = [-0.135298, -0.115122, -0.3073, -0.585192, -0.135298, -0.115122, -0.135298, -0.115122, -0.3073, -0.585192, -0.135298, -0.115122, ]
best_mc_result_fixed_tau =   [0.0882622, 0.0882622, ]
evolved_state_fixed_tau =   [[-0.137362, -0.112789, -0.318199, -0.579284, -0.137362, -0.112789, -0.137362, -0.112789, -0.318199, -0.579284, -0.137362, -0.112789, ],[-0.137362, -0.112789, -0.318199, -0.579284, -0.137362, -0.112789, -0.137362, -0.112789, -0.318199, -0.579284, -0.137362, -0.112789, ],]
##############################################################################
clock_duration  =         25.3359
tau =                     0.292032
total_steps =             32
time_step =               0.009126
best_mc_result =          0.0556261
best_mc_result_non_secondary =          0.0556894
evolved_target_dot_squared =  0.944374
distance =          0.277836
j_protocol =  [[0, 0, 0, 0, 0, 0, 0, 0, 0, 0, 0, 0, 0, 0, 0, 1, 1, 1, 1, 1, 1, 1, 1, 1, 1, 1, 1, 1, 1, 1, 1, 1, ],[0, 0, 0, 0, 0, 0, 0, 0, 0, 0, 0, 0, 0, 0, 0, 1, 1, 1, 1, 1, 1, 1, 1, 1, 1, 1, 1, 1, 1, 1, 1, 1, ],]
k_protocol =  [[1, 1, 1, 1, 1, 1, 1, 1, 1, 1, 1, 1, 1, 1, 1, 1, 1, 1, 1, 1, 1, 1, 1, 1, 1, 1, 1, 1, 1, 1, 1, 0, ],[1, 1, 1, 1, 1, 1, 1, 1, 1, 1, 1, 1, 1, 1, 1, 1, 1, 1, 1, 1, 1, 1, 1, 1, 1, 1, 1, 1, 1, 1, 1, 0, ],]
j_protocol_secondary =  [0.12108, 0.12108, 0.127623, 0.127623, 0.138819, 0.228337, 0.228337, 0.292032, ]
k_protocol_secondary =  [0, 0.114253, 0.114253, 0.26555, 0.26555, 0.278687, 0.279535, 0.279535, ]
best_evolved_state = [-0.0955919, -0.111782, -0.197079, -0.646447, -0.0955919, -0.111782, -0.0955919, -0.111782, -0.197079, -0.646447, -0.0955919, -0.111782, ]
best_mc_result_fixed_tau =   [0.0556894, 0.0556894, ]
evolved_state_fixed_tau =   [[-0.0938861, -0.113209, -0.184281, -0.650214, -0.0938861, -0.113209, -0.0938861, -0.113209, -0.184281, -0.650214, -0.0938861, -0.113209, ],[-0.0938861, -0.113209, -0.184281, -0.650214, -0.0938861, -0.113209, -0.0938861, -0.113209, -0.184281, -0.650214, -0.0938861, -0.113209, ],]
##############################################################################
clock_duration  =         29.7133
tau =                     0.350438
total_steps =             32
time_step =               0.0109512
best_mc_result =          0.0233832
best_mc_result_non_secondary =          0.0234618
evolved_target_dot_squared =  0.976617
distance =          0.116792
j_protocol =  [[0, 0, 0, 0, 0, 0, 0, 0, 0, 0, 0, 0, 0, 0, 0, 0, 1, 1, 1, 1, 1, 1, 1, 1, 1, 1, 1, 1, 1, 1, 1, 1, ],[0, 0, 0, 0, 0, 0, 0, 0, 0, 0, 0, 0, 0, 0, 0, 0, 1, 1, 1, 1, 1, 1, 1, 1, 1, 1, 1, 1, 1, 1, 1, 1, ],]
k_protocol =  [[1, 1, 1, 1, 1, 1, 1, 1, 1, 1, 1, 1, 1, 1, 1, 1, 1, 1, 1, 1, 1, 1, 1, 1, 1, 1, 1, 1, 1, 1, 0, 0, ],[1, 1, 1, 1, 1, 1, 1, 1, 1, 1, 1, 1, 1, 1, 1, 1, 1, 1, 1, 1, 1, 1, 1, 1, 1, 1, 1, 1, 1, 1, 0, 0, ],]
j_protocol_secondary =  [0.157702, 0.157702, 0.175248, 0.299781, 0.299781, 0.333353, 0.333353, 0.350438, ]
k_protocol_secondary =  [0, 0.0302366, 0.0302366, 0.175788, 0.175788, 0.200017, 0.200017, 0.335217, ]
best_evolved_state = [-0.0499091, -0.0933544, -0.0589362, -0.68856, -0.0499091, -0.0933544, -0.0499091, -0.0933544, -0.0589362, -0.68856, -0.0499091, -0.0933544, ]
best_mc_result_fixed_tau =   [0.0234618, 0.0234618, ]
evolved_state_fixed_tau =   [[-0.0499559, -0.0940524, -0.0771346, -0.686562, -0.0499559, -0.0940524, -0.0499559, -0.0940524, -0.0771346, -0.686562, -0.0499559, -0.0940524, ],[-0.0499559, -0.0940524, -0.0771346, -0.686562, -0.0499559, -0.0940524, -0.0499559, -0.0940524, -0.0771346, -0.686562, -0.0499559, -0.0940524, ],]
##############################################################################
clock_duration  =         38.168
tau =                     0.354819
total_steps =             32
time_step =               0.0120463
best_mc_result =          0.0214153
best_mc_result_non_secondary =          0
evolved_target_dot_squared =  0.978585
distance =          0.106963
j_protocol =  [[0, 0, 0, 0, 0, 0, 0, 0, 0, 0, 0, 0, 0, 0, 0, 0, 0, 0, 0, 0, 0, 0, 0, 0, 0, 0, 0, 0, 0, 0, 0, 0, ],[0, 0, 0, 0, 0, 0, 0, 0, 0, 0, 0, 0, 0, 0, 0, 0, 0, 0, 0, 0, 0, 0, 0, 0, 0, 0, 0, 0, 0, 0, 0, 0, ],]
k_protocol =  [[0, 0, 0, 0, 0, 0, 0, 0, 0, 0, 0, 0, 0, 0, 0, 0, 0, 0, 0, 0, 0, 0, 0, 0, 0, 0, 0, 0, 0, 0, 0, 0, ],[0, 0, 0, 0, 0, 0, 0, 0, 0, 0, 0, 0, 0, 0, 0, 0, 0, 0, 0, 0, 0, 0, 0, 0, 0, 0, 0, 0, 0, 0, 0, 0, ],]
j_protocol_secondary =  [0.178161, 0.262817, 0.262817, 0.274786, 0.274786, 0.337397, 0.337397, 0.354819, ]
k_protocol_secondary =  [0, 0.261825, 0.261825, 0.265192, 0.265192, 0.339467, 0.343731, 0.343731, ]
best_evolved_state = [-0.04672, -0.0913547, -0.0485679, -0.690351, -0.04672, -0.0913547, -0.04672, -0.0913547, -0.0485679, -0.690351, -0.04672, -0.0913547, ]
best_mc_result_fixed_tau =   [0.0100679, 0.0100679, ]
evolved_state_fixed_tau =   [[-0.0189066, -0.0790201, 0.0413976, -0.696479, -0.0189066, -0.0790201, -0.0189066, -0.0790201, 0.0413976, -0.696479, -0.0189066, -0.0790201, ],[-0.0189066, -0.0790201, 0.0413976, -0.696479, -0.0189066, -0.0790201, -0.0189066, -0.0790201, 0.0413976, -0.696479, -0.0189066, -0.0790201, ],]
##############################################################################
clock_duration  =         39.5834
tau =                     0.357009
total_steps =             32
time_step =               0.0120463
best_mc_result =          0.020459
best_mc_result_non_secondary =          0
evolved_target_dot_squared =  0.979541
distance =          0.102187
j_protocol =  [[0, 0, 0, 0, 0, 0, 0, 0, 0, 0, 0, 0, 0, 0, 0, 0, 0, 0, 0, 0, 0, 0, 0, 0, 0, 0, 0, 0, 0, 0, 0, 0, ],[0, 0, 0, 0, 0, 0, 0, 0, 0, 0, 0, 0, 0, 0, 0, 0, 0, 0, 0, 0, 0, 0, 0, 0, 0, 0, 0, 0, 0, 0, 0, 0, ],]
k_protocol =  [[0, 0, 0, 0, 0, 0, 0, 0, 0, 0, 0, 0, 0, 0, 0, 0, 0, 0, 0, 0, 0, 0, 0, 0, 0, 0, 0, 0, 0, 0, 0, 0, ],[0, 0, 0, 0, 0, 0, 0, 0, 0, 0, 0, 0, 0, 0, 0, 0, 0, 0, 0, 0, 0, 0, 0, 0, 0, 0, 0, 0, 0, 0, 0, 0, ],]
j_protocol_secondary =  [0.179577, 0.26444, 0.26444, 0.276482, 0.276482, 0.33948, 0.33948, 0.357009, ]
k_protocol_secondary =  [0, 0.263441, 0.263441, 0.266829, 0.266829, 0.34161, 0.345853, 0.345853, ]
best_evolved_state = [-0.0450919, -0.0903583, -0.0432886, -0.69118, -0.0450919, -0.0903583, -0.0450919, -0.0903583, -0.0432886, -0.69118, -0.0450919, -0.0903583, ]
best_mc_result_fixed_tau =   [0.0100679, 0.0100679, ]
evolved_state_fixed_tau =   [[-0.0189066, -0.0790201, 0.0413976, -0.696479, -0.0189066, -0.0790201, -0.0189066, -0.0790201, 0.0413976, -0.696479, -0.0189066, -0.0790201, ],[-0.0189066, -0.0790201, 0.0413976, -0.696479, -0.0189066, -0.0790201, -0.0189066, -0.0790201, 0.0413976, -0.696479, -0.0189066, -0.0790201, ],]
##############################################################################
clock_duration  =         40.6633
tau =                     0.358104
total_steps =             32
time_step =               0.0120463
best_mc_result =          0.0199879
best_mc_result_non_secondary =          0
evolved_target_dot_squared =  0.980012
distance =          0.0998338
j_protocol =  [[0, 0, 0, 0, 0, 0, 0, 0, 0, 0, 0, 0, 0, 0, 0, 0, 0, 0, 0, 0, 0, 0, 0, 0, 0, 0, 0, 0, 0, 0, 0, 0, ],[0, 0, 0, 0, 0, 0, 0, 0, 0, 0, 0, 0, 0, 0, 0, 0, 0, 0, 0, 0, 0, 0, 0, 0, 0, 0, 0, 0, 0, 0, 0, 0, ],]
k_protocol =  [[0, 0, 0, 0, 0, 0, 0, 0, 0, 0, 0, 0, 0, 0, 0, 0, 0, 0, 0, 0, 0, 0, 0, 0, 0, 0, 0, 0, 0, 0, 0, 0, ],[0, 0, 0, 0, 0, 0, 0, 0, 0, 0, 0, 0, 0, 0, 0, 0, 0, 0, 0, 0, 0, 0, 0, 0, 0, 0, 0, 0, 0, 0, 0, 0, ],]
j_protocol_secondary =  [0.180305, 0.265251, 0.265251, 0.27733, 0.27733, 0.340521, 0.340521, 0.358104, ]
k_protocol_secondary =  [0, 0.264249, 0.264249, 0.267647, 0.267647, 0.342658, 0.346913, 0.346913, ]
best_evolved_state = [-0.0442992, -0.0898421, -0.040734, -0.691573, -0.0442992, -0.0898421, -0.0442992, -0.0898421, -0.040734, -0.691573, -0.0442992, -0.0898421, ]
best_mc_result_fixed_tau =   [0.0100679, 0.0100679, ]
evolved_state_fixed_tau =   [[-0.0189066, -0.0790201, 0.0413976, -0.696479, -0.0189066, -0.0790201, -0.0189066, -0.0790201, 0.0413976, -0.696479, -0.0189066, -0.0790201, ],[-0.0189066, -0.0790201, 0.0413976, -0.696479, -0.0189066, -0.0790201, -0.0189066, -0.0790201, 0.0413976, -0.696479, -0.0189066, -0.0790201, ],]
