START_PARAMETERS
MAX_STEPS_MCDB =               32
MIN_STEPS_MCDB =               4
STEPS_CRUNCH_MCDB =            1
SWEEPS_MCDB =                  80
TOTAL_STEP_CHANGES =                  6
MCBB_SECONDARY =                  1
SWEEPS_MCBB_SECONDARY =                  150
NUMBER_OF_BANGS =                  4
GROUND_E =                -2.40286
INITIAL_E =               -1.03574
j_initial =               0.093
k_initial =               0.5
b_initial =               0
j_target =                0.756
k_target =                0.125
b_target =                0
init_target_dot_squared = 0.682487
init_state = [-0.0641271, 0, -0.701267, 0, -0.0641271, 0, -0.0641271, 0, -0.701267, 0, -0.0641271, 0, ]
target_state = [0.332392, 0, 0.528234, 0, 0.332392, 0, 0.332392, 0, 0.528234, 0, 0.332392, 0, ]
USE_ENERGY_DISTANCE =     false
PERIODIC =                false
UNIFORM_SITES =           true
DEVICE_DIMENSION =        2
MAX_PARAM =               1
MIN_PARAM =               0
MIN_PARAM =               0
DIAG =                    true
NUM_SEEDS =               2
NUMBER_OF_BANGS =               4
DISTANCE_LIMIT =          0.02
TAU_INIT =                0.05
MAX_TAU =                 5
TAU_SCALAR =              1.2
TAU_SCALAR_TINY =         1.1
TAU_SCALAR_BIG =          1.3
ACCEPTANCE_PROB =         0.85
TEMP_EXP_DECAY =          0.8
MIN_TEMP_FRACTION =       0.01
TEMP_DECAY_ITERATIONS =   21
ZERO_TEMP_ITREATIONS =    20
RANDOM_STATES =           3
END_PARAMETERS
##############################################################################
clock_duration  =         4.27233
tau =                     0.05
total_steps =             32
time_step =               0.0015625
best_mc_result =          0.30787
best_mc_result_non_secondary =          0.307872
evolved_target_dot_squared =  0.69213
distance =          0.969628
j_protocol =  [[1, 1, 1, 1, 1, 1, 1, 1, 1, 1, 1, 1, 1, 1, 1, 1, 1, 1, 1, 1, 1, 1, 1, 1, 1, 1, 1, 1, 0, 0, 0, 0, ],[1, 1, 1, 1, 1, 1, 1, 1, 1, 1, 1, 1, 1, 1, 1, 1, 1, 1, 1, 1, 1, 1, 1, 1, 1, 1, 1, 1, 0, 0, 0, 0, ],]
k_protocol =  [[0, 0, 0, 0, 1, 1, 1, 1, 1, 1, 1, 1, 1, 1, 1, 1, 1, 1, 1, 1, 1, 1, 1, 1, 1, 1, 1, 1, 1, 1, 1, 1, ],[0, 0, 0, 0, 1, 1, 1, 1, 1, 1, 1, 1, 1, 1, 1, 1, 1, 1, 1, 1, 1, 1, 1, 1, 1, 1, 1, 1, 1, 1, 1, 1, ],]
j_protocol_secondary =  [0, 0.00535597, 0.00535597, 0.0185881, 0.0185881, 0.0438205, 0.0441715, 0.0441715, ]
k_protocol_secondary =  [0.00687391, 0.00874317, 0.00874317, 0.0200511, 0.0200511, 0.0358867, 0.0358867, 0.05, ]
best_evolved_state = [-0.0598245, -0.0610877, -0.684289, -0.130871, -0.0598245, -0.0610877, -0.0598245, -0.0610877, -0.684289, -0.130871, -0.0598245, -0.0610877, ]
best_mc_result_fixed_tau =   [0.307872, 0.307872, ]
evolved_state_fixed_tau =   [[-0.0597111, -0.0609809, -0.684001, -0.132568, -0.0597111, -0.0609809, -0.0597111, -0.0609809, -0.684001, -0.132568, -0.0597111, -0.0609809, ],[-0.0597111, -0.0609809, -0.684001, -0.132568, -0.0597111, -0.0609809, -0.0597111, -0.0609809, -0.684001, -0.132568, -0.0597111, -0.0609809, ],]
##############################################################################
clock_duration  =         8.55671
tau =                     0.13
total_steps =             32
time_step =               0.0040625
best_mc_result =          0.256099
best_mc_result_non_secondary =          0.256114
evolved_target_dot_squared =  0.743901
distance =          0.806578
j_protocol =  [[1, 1, 1, 1, 1, 1, 1, 1, 1, 1, 1, 1, 1, 1, 1, 1, 1, 1, 1, 1, 1, 1, 1, 1, 1, 1, 1, 1, 0, 0, 0, 0, ],[1, 1, 1, 1, 1, 1, 1, 1, 1, 1, 1, 1, 1, 1, 1, 1, 1, 1, 1, 1, 1, 1, 1, 1, 1, 1, 1, 1, 0, 0, 0, 0, ],]
k_protocol =  [[0, 0, 0, 0, 1, 1, 1, 1, 1, 1, 1, 1, 1, 1, 1, 1, 1, 1, 1, 1, 1, 1, 1, 1, 1, 1, 1, 1, 1, 1, 1, 1, ],[0, 0, 0, 0, 1, 1, 1, 1, 1, 1, 1, 1, 1, 1, 1, 1, 1, 1, 1, 1, 1, 1, 1, 1, 1, 1, 1, 1, 1, 1, 1, 1, ],]
j_protocol_secondary =  [0, 0.0358669, 0.0358669, 0.0387165, 0.0387165, 0.0404475, 0.0404475, 0.112981, ]
k_protocol_secondary =  [0.0114669, 0.0114669, 0.0177249, 0.0414062, 0.0414062, 0.104449, 0.104449, 0.13, ]
best_evolved_state = [-0.0362312, -0.152164, -0.590028, -0.320833, -0.0362312, -0.152164, -0.0362312, -0.152164, -0.590028, -0.320833, -0.0362312, -0.152164, ]
best_mc_result_fixed_tau =   [0.256114, 0.256114, ]
evolved_state_fixed_tau =   [[-0.0350296, -0.152947, -0.587773, -0.324473, -0.0350296, -0.152947, -0.0350296, -0.152947, -0.587773, -0.324473, -0.0350296, -0.152947, ],[-0.0350296, -0.152947, -0.587773, -0.324473, -0.0350296, -0.152947, -0.0350296, -0.152947, -0.587773, -0.324473, -0.0350296, -0.152947, ],]
##############################################################################
clock_duration  =         12.9361
tau =                     0.156
total_steps =             32
time_step =               0.004875
best_mc_result =          0.231787
best_mc_result_non_secondary =          0.231813
evolved_target_dot_squared =  0.768213
distance =          0.730008
j_protocol =  [[1, 1, 1, 1, 1, 1, 1, 1, 1, 1, 1, 1, 1, 1, 1, 1, 1, 1, 1, 1, 1, 1, 1, 1, 1, 1, 1, 1, 0, 0, 0, 0, ],[1, 1, 1, 1, 1, 1, 1, 1, 1, 1, 1, 1, 1, 1, 1, 1, 1, 1, 1, 1, 1, 1, 1, 1, 1, 1, 1, 1, 0, 0, 0, 0, ],]
k_protocol =  [[0, 0, 0, 0, 1, 1, 1, 1, 1, 1, 1, 1, 1, 1, 1, 1, 1, 1, 1, 1, 1, 1, 1, 1, 1, 1, 1, 1, 1, 1, 1, 1, ],[0, 0, 0, 0, 1, 1, 1, 1, 1, 1, 1, 1, 1, 1, 1, 1, 1, 1, 1, 1, 1, 1, 1, 1, 1, 1, 1, 1, 1, 1, 1, 1, ],]
j_protocol_secondary =  [0, 0.0216727, 0.0216727, 0.0292102, 0.0292102, 0.0815402, 0.0815402, 0.134902, ]
k_protocol_secondary =  [0.0211669, 0.0803528, 0.0803528, 0.0901002, 0.0901002, 0.126417, 0.126417, 0.156, ]
best_evolved_state = [-0.0248541, -0.178558, -0.543692, -0.37336, -0.0248541, -0.178558, -0.0248541, -0.178558, -0.543692, -0.37336, -0.0248541, -0.178558, ]
best_mc_result_fixed_tau =   [0.231813, 0.231813, ]
evolved_state_fixed_tau =   [[-0.02278, -0.180134, -0.540191, -0.377172, -0.02278, -0.180134, -0.02278, -0.180134, -0.540191, -0.377172, -0.02278, -0.180134, ],[-0.02278, -0.180134, -0.540191, -0.377172, -0.02278, -0.180134, -0.02278, -0.180134, -0.540191, -0.377172, -0.02278, -0.180134, ],]
##############################################################################
clock_duration  =         17.4064
tau =                     0.2028
total_steps =             32
time_step =               0.0063375
best_mc_result =          0.182573
best_mc_result_non_secondary =          0.18261
evolved_target_dot_squared =  0.817427
distance =          0.57501
j_protocol =  [[1, 1, 1, 1, 1, 1, 1, 1, 1, 1, 1, 1, 1, 1, 1, 1, 1, 1, 1, 1, 1, 1, 1, 1, 1, 1, 1, 0, 0, 0, 0, 0, ],[1, 1, 1, 1, 1, 1, 1, 1, 1, 1, 1, 1, 1, 1, 1, 1, 1, 1, 1, 1, 1, 1, 1, 1, 1, 1, 1, 0, 0, 0, 0, 0, ],]
k_protocol =  [[0, 0, 0, 0, 1, 1, 1, 1, 1, 1, 1, 1, 1, 1, 1, 1, 1, 1, 1, 1, 1, 1, 1, 1, 1, 1, 1, 1, 1, 1, 1, 1, ],[0, 0, 0, 0, 1, 1, 1, 1, 1, 1, 1, 1, 1, 1, 1, 1, 1, 1, 1, 1, 1, 1, 1, 1, 1, 1, 1, 1, 1, 1, 1, 1, ],]
j_protocol_secondary =  [0, 0.0809492, 0.0809492, 0.0988782, 0.0988782, 0.158956, 0.158956, 0.173237, ]
k_protocol_secondary =  [0.0270994, 0.0875874, 0.0875874, 0.108983, 0.108983, 0.130828, 0.130828, 0.2028, ]
best_evolved_state = [-0.00105434, -0.220717, -0.444593, -0.452662, -0.00105434, -0.220717, -0.00105434, -0.220717, -0.444593, -0.452662, -0.00105434, -0.220717, ]
best_mc_result_fixed_tau =   [0.18261, 0.18261, ]
evolved_state_fixed_tau =   [[-0.00143372, -0.218201, -0.443437, -0.456219, -0.00143372, -0.218201, -0.00143372, -0.218201, -0.443437, -0.456219, -0.00143372, -0.218201, ],[-0.00143372, -0.218201, -0.443437, -0.456219, -0.00143372, -0.218201, -0.00143372, -0.218201, -0.443437, -0.456219, -0.00143372, -0.218201, ],]
##############################################################################
clock_duration  =         21.8919
tau =                     0.24336
total_steps =             32
time_step =               0.007605
best_mc_result =          0.137742
best_mc_result_non_secondary =          0.137752
evolved_target_dot_squared =  0.862258
distance =          0.433814
j_protocol =  [[1, 1, 1, 1, 1, 1, 1, 1, 1, 1, 1, 1, 1, 1, 1, 1, 1, 1, 1, 1, 1, 1, 1, 1, 1, 1, 1, 0, 0, 0, 0, 0, ],[1, 1, 1, 1, 1, 1, 1, 1, 1, 1, 1, 1, 1, 1, 1, 1, 1, 1, 1, 1, 1, 1, 1, 1, 1, 1, 1, 0, 0, 0, 0, 0, ],]
k_protocol =  [[0, 0, 0, 0, 1, 1, 1, 1, 1, 1, 1, 1, 1, 1, 1, 1, 1, 1, 1, 1, 1, 1, 1, 1, 1, 1, 1, 1, 1, 1, 1, 1, ],[0, 0, 0, 0, 1, 1, 1, 1, 1, 1, 1, 1, 1, 1, 1, 1, 1, 1, 1, 1, 1, 1, 1, 1, 1, 1, 1, 1, 1, 1, 1, 1, ],]
j_protocol_secondary =  [0, 0.00770058, 0.00770058, 0.024747, 0.024747, 0.196683, 0.196683, 0.20466, ]
k_protocol_secondary =  [0.0318449, 0.0357239, 0.0357239, 0.152065, 0.152065, 0.219326, 0.219326, 0.24336, ]
best_evolved_state = [0.0216309, -0.250805, -0.346223, -0.503376, 0.0216309, -0.250805, 0.0216309, -0.250805, -0.346223, -0.503376, 0.0216309, -0.250805, ]
best_mc_result_fixed_tau =   [0.137752, 0.137752, ]
evolved_state_fixed_tau =   [[0.0234522, -0.250911, -0.342819, -0.505433, 0.0234522, -0.250911, 0.0234522, -0.250911, -0.342819, -0.505433, 0.0234522, -0.250911, ],[0.0234522, -0.250911, -0.342819, -0.505433, 0.0234522, -0.250911, 0.0234522, -0.250911, -0.342819, -0.505433, 0.0234522, -0.250911, ],]
##############################################################################
clock_duration  =         26.3993
tau =                     0.292032
total_steps =             32
time_step =               0.009126
best_mc_result =          0.0865843
best_mc_result_non_secondary =          0.0865936
evolved_target_dot_squared =  0.913416
distance =          0.272695
j_protocol =  [[1, 1, 1, 1, 1, 1, 1, 1, 1, 1, 1, 1, 1, 1, 1, 1, 1, 1, 1, 1, 1, 1, 1, 1, 1, 1, 0, 0, 0, 0, 0, 0, ],[1, 1, 1, 1, 1, 1, 1, 1, 1, 1, 1, 1, 1, 1, 1, 1, 1, 1, 1, 1, 1, 1, 1, 1, 1, 1, 0, 0, 0, 0, 0, 0, ],]
k_protocol =  [[0, 0, 0, 0, 1, 1, 1, 1, 1, 1, 1, 1, 1, 1, 1, 1, 1, 1, 1, 1, 1, 1, 1, 1, 1, 1, 1, 1, 1, 1, 1, 1, ],[0, 0, 0, 0, 1, 1, 1, 1, 1, 1, 1, 1, 1, 1, 1, 1, 1, 1, 1, 1, 1, 1, 1, 1, 1, 1, 1, 1, 1, 1, 1, 1, ],]
j_protocol_secondary =  [0, 0.103481, 0.103481, 0.175288, 0.175288, 0.190408, 0.190408, 0.238986, ]
k_protocol_secondary =  [0.0246391, 0.0246391, 0.0368499, 0.0600964, 0.0600964, 0.0833306, 0.0833306, 0.292032, ]
best_evolved_state = [0.0489919, -0.278372, -0.219366, -0.540459, 0.0489919, -0.278372, 0.0489919, -0.278372, -0.219366, -0.540459, 0.0489919, -0.278372, ]
best_mc_result_fixed_tau =   [0.0865936, 0.0865936, ]
evolved_state_fixed_tau =   [[0.047673, -0.277097, -0.220425, -0.541574, 0.047673, -0.277097, 0.047673, -0.277097, -0.220425, -0.541574, 0.047673, -0.277097, ],[0.047673, -0.277097, -0.220425, -0.541574, 0.047673, -0.277097, 0.047673, -0.277097, -0.220425, -0.541574, 0.047673, -0.277097, ],]
##############################################################################
clock_duration  =         30.912
tau =                     0.350438
total_steps =             32
time_step =               0.0109512
best_mc_result =          0.0366822
best_mc_result_non_secondary =          0.0368938
evolved_target_dot_squared =  0.963318
distance =          0.11553
j_protocol =  [[1, 1, 1, 1, 1, 1, 1, 1, 1, 1, 1, 1, 1, 1, 1, 1, 1, 1, 1, 1, 1, 1, 1, 1, 0, 1, 0, 0, 0, 0, 0, 0, ],[1, 1, 1, 1, 1, 1, 1, 1, 1, 1, 1, 1, 1, 1, 1, 1, 1, 1, 1, 1, 1, 1, 1, 1, 0, 1, 0, 0, 0, 0, 0, 0, ],]
k_protocol =  [[0, 0, 0, 0, 1, 1, 1, 1, 1, 1, 1, 1, 1, 1, 1, 1, 1, 1, 1, 1, 1, 1, 1, 1, 1, 1, 1, 1, 1, 1, 1, 1, ],[0, 0, 0, 0, 1, 1, 1, 1, 1, 1, 1, 1, 1, 1, 1, 1, 1, 1, 1, 1, 1, 1, 1, 1, 1, 1, 1, 1, 1, 1, 1, 1, ],]
j_protocol_secondary =  [0, 0.139202, 0.139202, 0.148634, 0.148634, 0.272665, 0.275616, 0.275616, ]
k_protocol_secondary =  [0.0413028, 0.100789, 0.100789, 0.311293, 0.311293, 0.331233, 0.331233, 0.350438, ]
best_evolved_state = [0.0779298, -0.299355, -0.0651777, -0.551705, 0.0779298, -0.299355, 0.0779298, -0.299355, -0.0651777, -0.551705, 0.0779298, -0.299355, ]
best_mc_result_fixed_tau =   [0.0368938, 0.0368938, ]
evolved_state_fixed_tau =   [[0.0767275, -0.300709, -0.0691911, -0.550078, 0.0767275, -0.300709, 0.0767275, -0.300709, -0.0691911, -0.550078, 0.0767275, -0.300709, ],[0.0767275, -0.300709, -0.0691911, -0.550078, 0.0767275, -0.300709, 0.0767275, -0.300709, -0.0691911, -0.550078, 0.0767275, -0.300709, ],]
##############################################################################
clock_duration  =         36.7684
tau =                     0.36796
total_steps =             32
time_step =               0.0120463
best_mc_result =          0.0253082
best_mc_result_non_secondary =          0
evolved_target_dot_squared =  0.974692
distance =          0.0797077
j_protocol =  [[0, 0, 0, 0, 0, 0, 0, 0, 0, 0, 0, 0, 0, 0, 0, 0, 0, 0, 0, 0, 0, 0, 0, 0, 0, 0, 0, 0, 0, 0, 0, 0, ],[0, 0, 0, 0, 0, 0, 0, 0, 0, 0, 0, 0, 0, 0, 0, 0, 0, 0, 0, 0, 0, 0, 0, 0, 0, 0, 0, 0, 0, 0, 0, 0, ],]
k_protocol =  [[0, 0, 0, 0, 0, 0, 0, 0, 0, 0, 0, 0, 0, 0, 0, 0, 0, 0, 0, 0, 0, 0, 0, 0, 0, 0, 0, 0, 0, 0, 0, 0, ],[0, 0, 0, 0, 0, 0, 0, 0, 0, 0, 0, 0, 0, 0, 0, 0, 0, 0, 0, 0, 0, 0, 0, 0, 0, 0, 0, 0, 0, 0, 0, 0, ],]
j_protocol_secondary =  [0, 0.135659, 0.135659, 0.2808, 0.329615, 0.329615, 0.344553, 0.344553, ]
k_protocol_secondary =  [0.0218881, 0.0218881, 0.0422489, 0.162289, 0.162289, 0.200366, 0.200366, 0.36796, ]
best_evolved_state = [0.0852013, -0.30343, -0.0202552, -0.548573, 0.0852013, -0.30343, 0.0852013, -0.30343, -0.0202552, -0.548573, 0.0852013, -0.30343, ]
best_mc_result_fixed_tau =   [0.0159608, 0.0159608, ]
evolved_state_fixed_tau =   [[0.0874426, -0.310083, 0.0133719, -0.540579, 0.0874426, -0.310083, 0.0874426, -0.310083, 0.0133719, -0.540579, 0.0874426, -0.310083, ],[0.0874426, -0.310083, 0.0133719, -0.540579, 0.0874426, -0.310083, 0.0874426, -0.310083, 0.0133719, -0.540579, 0.0874426, -0.310083, ],]
##############################################################################
clock_duration  =         38.2121
tau =                     0.376721
total_steps =             32
time_step =               0.0120463
best_mc_result =          0.02035
best_mc_result_non_secondary =          0
evolved_target_dot_squared =  0.97965
distance =          0.0640918
j_protocol =  [[0, 0, 0, 0, 0, 0, 0, 0, 0, 0, 0, 0, 0, 0, 0, 0, 0, 0, 0, 0, 0, 0, 0, 0, 0, 0, 0, 0, 0, 0, 0, 0, ],[0, 0, 0, 0, 0, 0, 0, 0, 0, 0, 0, 0, 0, 0, 0, 0, 0, 0, 0, 0, 0, 0, 0, 0, 0, 0, 0, 0, 0, 0, 0, 0, ],]
k_protocol =  [[0, 0, 0, 0, 0, 0, 0, 0, 0, 0, 0, 0, 0, 0, 0, 0, 0, 0, 0, 0, 0, 0, 0, 0, 0, 0, 0, 0, 0, 0, 0, 0, ],[0, 0, 0, 0, 0, 0, 0, 0, 0, 0, 0, 0, 0, 0, 0, 0, 0, 0, 0, 0, 0, 0, 0, 0, 0, 0, 0, 0, 0, 0, 0, 0, ],]
j_protocol_secondary =  [0, 0.138889, 0.138889, 0.284578, 0.337463, 0.337463, 0.352757, 0.352757, ]
k_protocol_secondary =  [0.0224092, 0.0224092, 0.0426763, 0.166153, 0.166153, 0.205136, 0.205136, 0.376721, ]
best_evolved_state = [0.0886022, -0.305188, 0.0018314, -0.545909, 0.0886022, -0.305188, 0.0886022, -0.305188, 0.0018314, -0.545909, 0.0886022, -0.305188, ]
best_mc_result_fixed_tau =   [0.0159608, 0.0159608, ]
evolved_state_fixed_tau =   [[0.0874426, -0.310083, 0.0133719, -0.540579, 0.0874426, -0.310083, 0.0874426, -0.310083, 0.0133719, -0.540579, 0.0874426, -0.310083, ],[0.0874426, -0.310083, 0.0133719, -0.540579, 0.0874426, -0.310083, 0.0874426, -0.310083, 0.0133719, -0.540579, 0.0874426, -0.310083, ],]
##############################################################################
clock_duration  =         44.0064
tau =                     0.377269
total_steps =             32
time_step =               0.0120463
best_mc_result =          0.0200568
best_mc_result_non_secondary =          0
evolved_target_dot_squared =  0.979943
distance =          0.0631685
j_protocol =  [[0, 0, 0, 0, 0, 0, 0, 0, 0, 0, 0, 0, 0, 0, 0, 0, 0, 0, 0, 0, 0, 0, 0, 0, 0, 0, 0, 0, 0, 0, 0, 0, ],[0, 0, 0, 0, 0, 0, 0, 0, 0, 0, 0, 0, 0, 0, 0, 0, 0, 0, 0, 0, 0, 0, 0, 0, 0, 0, 0, 0, 0, 0, 0, 0, ],]
k_protocol =  [[0, 0, 0, 0, 0, 0, 0, 0, 0, 0, 0, 0, 0, 0, 0, 0, 0, 0, 0, 0, 0, 0, 0, 0, 0, 0, 0, 0, 0, 0, 0, 0, ],[0, 0, 0, 0, 0, 0, 0, 0, 0, 0, 0, 0, 0, 0, 0, 0, 0, 0, 0, 0, 0, 0, 0, 0, 0, 0, 0, 0, 0, 0, 0, 0, ],]
j_protocol_secondary =  [0, 0.139091, 0.139091, 0.28478, 0.337954, 0.337954, 0.353269, 0.353269, ]
k_protocol_secondary =  [0.0224418, 0.0224418, 0.0427139, 0.166395, 0.166395, 0.205434, 0.205434, 0.377269, ]
best_evolved_state = [0.088769, -0.305288, 0.00314884, -0.545737, 0.088769, -0.305288, 0.088769, -0.305288, 0.00314884, -0.545737, 0.088769, -0.305288, ]
best_mc_result_fixed_tau =   [0.0159608, 0.0159608, ]
evolved_state_fixed_tau =   [[0.0874426, -0.310083, 0.0133719, -0.540579, 0.0874426, -0.310083, 0.0874426, -0.310083, 0.0133719, -0.540579, 0.0874426, -0.310083, ],[0.0874426, -0.310083, 0.0133719, -0.540579, 0.0874426, -0.310083, 0.0874426, -0.310083, 0.0133719, -0.540579, 0.0874426, -0.310083, ],]
