START_PARAMETERS
MAX_STEPS_MCDB =               32
MIN_STEPS_MCDB =               4
STEPS_CRUNCH_MCDB =            1
SWEEPS_MCDB =                  80
TOTAL_STEP_CHANGES =                  6
MCBB_SECONDARY =                  1
SWEEPS_MCBB_SECONDARY =                  150
NUMBER_OF_BANGS =                  4
GROUND_E =                -2.19144
INITIAL_E =               -1.78784
j_initial =               0.594
k_initial =               0.125
b_initial =               0
j_target =                0.229
k_target =                0.5
b_target =                0
init_target_dot_squared = 0.830624
init_state = [0.3265, 0, 0.535533, 0, 0.3265, 0, 0.3265, 0, 0.535533, 0, 0.3265, 0, ]
target_state = [-0.141721, 0, -0.678108, 0, -0.141721, 0, -0.141721, 0, -0.678108, 0, -0.141721, 0, ]
USE_ENERGY_DISTANCE =     false
PERIODIC =                false
UNIFORM_SITES =           true
DEVICE_DIMENSION =        2
MAX_PARAM =               1
MIN_PARAM =               0
MIN_PARAM =               0
DIAG =                    true
NUM_SEEDS =               2
NUMBER_OF_BANGS =               4
DISTANCE_LIMIT =          0.02
TAU_INIT =                0.05
MAX_TAU =                 5
TAU_SCALAR =              1.2
TAU_SCALAR_TINY =         1.1
TAU_SCALAR_BIG =          1.3
ACCEPTANCE_PROB =         0.85
TEMP_EXP_DECAY =          0.8
MIN_TEMP_FRACTION =       0.01
TEMP_DECAY_ITERATIONS =   21
ZERO_TEMP_ITREATIONS =    20
RANDOM_STATES =           3
END_PARAMETERS
##############################################################################
clock_duration  =         3.40124
tau =                     0.05
total_steps =             32
time_step =               0.0015625
best_mc_result =          0.163091
best_mc_result_non_secondary =          0.163092
evolved_target_dot_squared =  0.836909
distance =          0.962895
j_protocol =  [[0, 0, 0, 0, 1, 1, 1, 1, 1, 1, 1, 1, 1, 1, 1, 1, 1, 1, 1, 1, 1, 1, 1, 1, 1, 1, 1, 1, 1, 1, 1, 1, ],[0, 0, 0, 0, 1, 1, 1, 1, 1, 1, 1, 1, 1, 1, 1, 1, 1, 1, 1, 1, 1, 1, 1, 1, 1, 1, 1, 1, 1, 1, 1, 1, ],]
k_protocol =  [[1, 1, 1, 1, 1, 1, 1, 1, 1, 1, 1, 1, 1, 1, 1, 1, 1, 1, 1, 1, 1, 1, 1, 0, 0, 0, 0, 0, 0, 0, 0, 0, ],[1, 1, 1, 1, 1, 1, 1, 1, 1, 1, 1, 1, 1, 1, 1, 1, 1, 1, 1, 1, 1, 1, 1, 0, 0, 0, 0, 0, 0, 0, 0, 0, ],]
j_protocol_secondary =  [0.00634483, 0.0328282, 0.0328282, 0.0406235, 0.0406235, 0.0487599, 0.0487599, 0.05, ]
k_protocol_secondary =  [0, 0.000624396, 0.000624396, 0.020931, 0.020931, 0.0362897, 0.0440803, 0.0440803, ]
best_evolved_state = [0.319176, 0.0462387, 0.523514, 0.133831, 0.319176, 0.0462387, 0.319176, 0.0462387, 0.523514, 0.133831, 0.319176, 0.0462387, ]
best_mc_result_fixed_tau =   [0.163092, 0.163092, ]
evolved_state_fixed_tau =   [[0.319183, 0.0463431, 0.523645, 0.133212, 0.319183, 0.0463431, 0.319183, 0.0463431, 0.523645, 0.133212, 0.319183, 0.0463431, ],[0.319183, 0.0463431, 0.523645, 0.133212, 0.319183, 0.0463431, 0.319183, 0.0463431, 0.523645, 0.133212, 0.319183, 0.0463431, ],]
##############################################################################
clock_duration  =         7.21401
tau =                     0.13
total_steps =             32
time_step =               0.0040625
best_mc_result =          0.129693
best_mc_result_non_secondary =          0.129702
evolved_target_dot_squared =  0.870307
distance =          0.765712
j_protocol =  [[0, 0, 0, 0, 1, 1, 1, 1, 1, 1, 1, 1, 1, 1, 1, 1, 1, 1, 1, 1, 1, 1, 1, 1, 1, 1, 1, 1, 1, 1, 1, 1, ],[0, 0, 0, 0, 1, 1, 1, 1, 1, 1, 1, 1, 1, 1, 1, 1, 1, 1, 1, 1, 1, 1, 1, 1, 1, 1, 1, 1, 1, 1, 1, 1, ],]
k_protocol =  [[1, 1, 1, 1, 1, 1, 1, 1, 1, 1, 1, 1, 1, 1, 1, 1, 1, 1, 1, 1, 1, 1, 1, 0, 0, 0, 0, 0, 0, 0, 0, 0, ],[1, 1, 1, 1, 1, 1, 1, 1, 1, 1, 1, 1, 1, 1, 1, 1, 1, 1, 1, 1, 1, 1, 1, 0, 0, 0, 0, 0, 0, 0, 0, 0, ],]
j_protocol_secondary =  [0.0171033, 0.0543611, 0.0543611, 0.063333, 0.063333, 0.127529, 0.127529, 0.13, ]
k_protocol_secondary =  [0, 0.048235, 0.048235, 0.0943799, 0.112517, 0.112517, 0.122544, 0.122544, ]
best_evolved_state = [0.278383, 0.112006, 0.456623, 0.333783, 0.278383, 0.112006, 0.278383, 0.112006, 0.456623, 0.333783, 0.278383, 0.112006, ]
best_mc_result_fixed_tau =   [0.129702, 0.129702, ]
evolved_state_fixed_tau =   [[0.278216, 0.112901, 0.456989, 0.332955, 0.278216, 0.112901, 0.278216, 0.112901, 0.456989, 0.332955, 0.278216, 0.112901, ],[0.278216, 0.112901, 0.456989, 0.332955, 0.278216, 0.112901, 0.278216, 0.112901, 0.456989, 0.332955, 0.278216, 0.112901, ],]
##############################################################################
clock_duration  =         10.9068
tau =                     0.156
total_steps =             32
time_step =               0.004875
best_mc_result =          0.114247
best_mc_result_non_secondary =          0.114265
evolved_target_dot_squared =  0.885753
distance =          0.674517
j_protocol =  [[0, 0, 0, 0, 1, 1, 1, 1, 1, 1, 1, 1, 1, 1, 1, 1, 1, 1, 1, 1, 1, 1, 1, 1, 1, 1, 1, 1, 1, 1, 1, 1, ],[0, 0, 0, 0, 1, 1, 1, 1, 1, 1, 1, 1, 1, 1, 1, 1, 1, 1, 1, 1, 1, 1, 1, 1, 1, 1, 1, 1, 1, 1, 1, 1, ],]
k_protocol =  [[1, 1, 1, 1, 1, 1, 1, 1, 1, 1, 1, 1, 1, 1, 1, 1, 1, 1, 1, 1, 1, 1, 1, 0, 0, 0, 0, 0, 0, 0, 0, 0, ],[1, 1, 1, 1, 1, 1, 1, 1, 1, 1, 1, 1, 1, 1, 1, 1, 1, 1, 1, 1, 1, 1, 1, 0, 0, 0, 0, 0, 0, 0, 0, 0, ],]
j_protocol_secondary =  [0.0209327, 0.0671192, 0.0671192, 0.110543, 0.110543, 0.126508, 0.126508, 0.156, ]
k_protocol_secondary =  [0, 0.0112124, 0.0112124, 0.0999593, 0.0999593, 0.113329, 0.121835, 0.121835, ]
best_evolved_state = [0.258229, 0.129441, 0.423554, 0.392082, 0.258229, 0.129441, 0.258229, 0.129441, 0.423554, 0.392082, 0.258229, 0.129441, ]
best_mc_result_fixed_tau =   [0.114265, 0.114265, ]
evolved_state_fixed_tau =   [[0.257836, 0.130886, 0.423764, 0.391412, 0.257836, 0.130886, 0.257836, 0.130886, 0.423764, 0.391412, 0.257836, 0.130886, ],[0.257836, 0.130886, 0.423764, 0.391412, 0.257836, 0.130886, 0.257836, 0.130886, 0.423764, 0.391412, 0.257836, 0.130886, ],]
##############################################################################
clock_duration  =         14.6033
tau =                     0.2028
total_steps =             32
time_step =               0.0063375
best_mc_result =          0.0836087
best_mc_result_non_secondary =          0.0836543
evolved_target_dot_squared =  0.916391
distance =          0.493628
j_protocol =  [[0, 0, 0, 0, 0, 1, 1, 1, 1, 1, 1, 1, 1, 1, 1, 1, 1, 1, 1, 1, 1, 1, 1, 1, 1, 1, 1, 1, 1, 1, 1, 1, ],[0, 0, 0, 0, 0, 1, 1, 1, 1, 1, 1, 1, 1, 1, 1, 1, 1, 1, 1, 1, 1, 1, 1, 1, 1, 1, 1, 1, 1, 1, 1, 1, ],]
k_protocol =  [[1, 1, 1, 1, 1, 1, 1, 1, 1, 1, 1, 1, 1, 1, 1, 1, 1, 1, 1, 1, 1, 1, 1, 0, 0, 0, 0, 0, 0, 0, 0, 0, ],[1, 1, 1, 1, 1, 1, 1, 1, 1, 1, 1, 1, 1, 1, 1, 1, 1, 1, 1, 1, 1, 1, 1, 0, 0, 0, 0, 0, 0, 0, 0, 0, ],]
j_protocol_secondary =  [0.024446, 0.024446, 0.0284562, 0.0538376, 0.0538376, 0.108596, 0.108596, 0.2028, ]
k_protocol_secondary =  [0, 0.0792012, 0.0792012, 0.147524, 0.179419, 0.179419, 0.181777, 0.181777, ]
best_evolved_state = [0.21493, 0.154166, 0.352518, 0.485599, 0.21493, 0.154166, 0.21493, 0.154166, 0.352518, 0.485599, 0.21493, 0.154166, ]
best_mc_result_fixed_tau =   [0.0836543, 0.0836543, ]
evolved_state_fixed_tau =   [[0.216851, 0.151875, 0.359439, 0.480233, 0.216851, 0.151875, 0.216851, 0.151875, 0.359439, 0.480233, 0.216851, 0.151875, ],[0.216851, 0.151875, 0.359439, 0.480233, 0.216851, 0.151875, 0.216851, 0.151875, 0.359439, 0.480233, 0.216851, 0.151875, ],]
##############################################################################
clock_duration  =         18.3212
tau =                     0.24336
total_steps =             32
time_step =               0.007605
best_mc_result =          0.056739
best_mc_result_non_secondary =          0.0567728
evolved_target_dot_squared =  0.943261
distance =          0.334988
j_protocol =  [[0, 0, 0, 0, 0, 1, 1, 1, 1, 1, 1, 1, 1, 1, 1, 1, 1, 1, 1, 1, 1, 1, 1, 1, 1, 1, 1, 1, 1, 1, 1, 1, ],[0, 0, 0, 0, 0, 1, 1, 1, 1, 1, 1, 1, 1, 1, 1, 1, 1, 1, 1, 1, 1, 1, 1, 1, 1, 1, 1, 1, 1, 1, 1, 1, ],]
k_protocol =  [[1, 1, 1, 1, 1, 1, 1, 1, 1, 1, 1, 1, 1, 1, 1, 1, 1, 1, 1, 1, 1, 1, 1, 0, 0, 0, 0, 0, 0, 0, 0, 0, ],[1, 1, 1, 1, 1, 1, 1, 1, 1, 1, 1, 1, 1, 1, 1, 1, 1, 1, 1, 1, 1, 1, 1, 0, 0, 0, 0, 0, 0, 0, 0, 0, ],]
j_protocol_secondary =  [0.0249089, 0.0249089, 0.0359156, 0.149115, 0.149115, 0.179448, 0.179448, 0.24336, ]
k_protocol_secondary =  [0, 0.00639824, 0.00639824, 0.0609533, 0.0609533, 0.100299, 0.100299, 0.177448, ]
best_evolved_state = [0.171591, 0.167511, 0.281202, 0.553099, 0.171591, 0.167511, 0.171591, 0.167511, 0.281202, 0.553099, 0.171591, 0.167511, ]
best_mc_result_fixed_tau =   [0.0567728, 0.0567728, ]
evolved_state_fixed_tau =   [[0.173218, 0.166675, 0.289063, 0.548518, 0.173218, 0.166675, 0.173218, 0.166675, 0.289063, 0.548518, 0.173218, 0.166675, ],[0.173218, 0.166675, 0.289063, 0.548518, 0.173218, 0.166675, 0.173218, 0.166675, 0.289063, 0.548518, 0.173218, 0.166675, ],]
##############################################################################
clock_duration  =         21.9427
tau =                     0.292032
total_steps =             32
time_step =               0.009126
best_mc_result =          0.028173
best_mc_result_non_secondary =          0.028241
evolved_target_dot_squared =  0.971827
distance =          0.166334
j_protocol =  [[0, 0, 0, 0, 0, 1, 1, 1, 1, 1, 1, 1, 1, 1, 1, 1, 1, 1, 1, 1, 1, 1, 1, 1, 1, 1, 1, 1, 1, 1, 1, 1, ],[0, 0, 0, 0, 0, 1, 1, 1, 1, 1, 1, 1, 1, 1, 1, 1, 1, 1, 1, 1, 1, 1, 1, 1, 1, 1, 1, 1, 1, 1, 1, 1, ],]
k_protocol =  [[1, 1, 1, 1, 1, 1, 1, 1, 1, 1, 1, 1, 1, 1, 1, 1, 1, 1, 1, 1, 1, 1, 1, 0, 0, 0, 0, 0, 0, 0, 0, 0, ],[1, 1, 1, 1, 1, 1, 1, 1, 1, 1, 1, 1, 1, 1, 1, 1, 1, 1, 1, 1, 1, 1, 1, 0, 0, 0, 0, 0, 0, 0, 0, 0, ],]
j_protocol_secondary =  [0.0466179, 0.0708853, 0.0708853, 0.187354, 0.187354, 0.257825, 0.257825, 0.292032, ]
k_protocol_secondary =  [0, 0.0565155, 0.0565155, 0.108566, 0.108566, 0.200119, 0.200119, 0.21383, ]
best_evolved_state = [0.115069, 0.17236, 0.187873, 0.615472, 0.115069, 0.17236, 0.115069, 0.17236, 0.187873, 0.615472, 0.115069, 0.17236, ]
best_mc_result_fixed_tau =   [0.028241, 0.028241, ]
evolved_state_fixed_tau =   [[0.115064, 0.17434, 0.194944, 0.612151, 0.115064, 0.17434, 0.115064, 0.17434, 0.194944, 0.612151, 0.115064, 0.17434, ],[0.115064, 0.17434, 0.194944, 0.612151, 0.115064, 0.17434, 0.115064, 0.17434, 0.194944, 0.612151, 0.115064, 0.17434, ],]
##############################################################################
clock_duration  =         26.8251
tau =                     0.306634
total_steps =             32
time_step =               0.0100386
best_mc_result =          0.0210341
best_mc_result_non_secondary =          0
evolved_target_dot_squared =  0.978966
distance =          0.124186
j_protocol =  [[0, 0, 0, 0, 0, 0, 0, 0, 0, 0, 0, 0, 0, 0, 0, 0, 0, 0, 0, 0, 0, 0, 0, 0, 0, 0, 0, 0, 0, 0, 0, 0, ],[0, 0, 0, 0, 0, 0, 0, 0, 0, 0, 0, 0, 0, 0, 0, 0, 0, 0, 0, 0, 0, 0, 0, 0, 0, 0, 0, 0, 0, 0, 0, 0, ],]
k_protocol =  [[0, 0, 0, 0, 0, 0, 0, 0, 0, 0, 0, 0, 0, 0, 0, 0, 0, 0, 0, 0, 0, 0, 0, 0, 0, 0, 0, 0, 0, 0, 0, 0, ],[0, 0, 0, 0, 0, 0, 0, 0, 0, 0, 0, 0, 0, 0, 0, 0, 0, 0, 0, 0, 0, 0, 0, 0, 0, 0, 0, 0, 0, 0, 0, 0, ],]
j_protocol_secondary =  [0.050295, 0.0609152, 0.0609152, 0.237254, 0.237254, 0.300605, 0.300605, 0.306634, ]
k_protocol_secondary =  [0, 0.107665, 0.107665, 0.142286, 0.142286, 0.221231, 0.221231, 0.224865, ]
best_evolved_state = [0.0976029, 0.171336, 0.158951, 0.630055, 0.0976029, 0.171336, 0.0976029, 0.171336, 0.158951, 0.630055, 0.0976029, 0.171336, ]
best_mc_result_fixed_tau =   [0.0148345, 0.0148345, ]
evolved_state_fixed_tau =   [[0.0769568, 0.169213, 0.111666, 0.646854, 0.0769568, 0.169213, 0.0769568, 0.169213, 0.111666, 0.646854, 0.0769568, 0.169213, ],[0.0769568, 0.169213, 0.111666, 0.646854, 0.0769568, 0.169213, 0.0769568, 0.169213, 0.111666, 0.646854, 0.0769568, 0.169213, ],]
##############################################################################
clock_duration  =         30.391
tau =                     0.308459
total_steps =             32
time_step =               0.0100386
best_mc_result =          0.0202007
best_mc_result_non_secondary =          0
evolved_target_dot_squared =  0.979799
distance =          0.119265
j_protocol =  [[0, 0, 0, 0, 0, 0, 0, 0, 0, 0, 0, 0, 0, 0, 0, 0, 0, 0, 0, 0, 0, 0, 0, 0, 0, 0, 0, 0, 0, 0, 0, 0, ],[0, 0, 0, 0, 0, 0, 0, 0, 0, 0, 0, 0, 0, 0, 0, 0, 0, 0, 0, 0, 0, 0, 0, 0, 0, 0, 0, 0, 0, 0, 0, 0, ],]
k_protocol =  [[0, 0, 0, 0, 0, 0, 0, 0, 0, 0, 0, 0, 0, 0, 0, 0, 0, 0, 0, 0, 0, 0, 0, 0, 0, 0, 0, 0, 0, 0, 0, 0, ],[0, 0, 0, 0, 0, 0, 0, 0, 0, 0, 0, 0, 0, 0, 0, 0, 0, 0, 0, 0, 0, 0, 0, 0, 0, 0, 0, 0, 0, 0, 0, 0, ],]
j_protocol_secondary =  [0.050755, 0.0612778, 0.0612778, 0.238666, 0.238666, 0.302395, 0.302395, 0.308459, ]
k_protocol_secondary =  [0, 0.108306, 0.108306, 0.143133, 0.143133, 0.222548, 0.222548, 0.226281, ]
best_evolved_state = [0.0953976, 0.171124, 0.15522, 0.631774, 0.0953976, 0.171124, 0.0953976, 0.171124, 0.15522, 0.631774, 0.0953976, 0.171124, ]
best_mc_result_fixed_tau =   [0.0148345, 0.0148345, ]
evolved_state_fixed_tau =   [[0.0769568, 0.169213, 0.111666, 0.646854, 0.0769568, 0.169213, 0.0769568, 0.169213, 0.111666, 0.646854, 0.0769568, 0.169213, ],[0.0769568, 0.169213, 0.111666, 0.646854, 0.0769568, 0.169213, 0.0769568, 0.169213, 0.111666, 0.646854, 0.0769568, 0.169213, ],]
##############################################################################
clock_duration  =         32.7729
tau =                     0.308915
total_steps =             32
time_step =               0.0100386
best_mc_result =          0.0199945
best_mc_result_non_secondary =          0
evolved_target_dot_squared =  0.980006
distance =          0.118048
j_protocol =  [[0, 0, 0, 0, 0, 0, 0, 0, 0, 0, 0, 0, 0, 0, 0, 0, 0, 0, 0, 0, 0, 0, 0, 0, 0, 0, 0, 0, 0, 0, 0, 0, ],[0, 0, 0, 0, 0, 0, 0, 0, 0, 0, 0, 0, 0, 0, 0, 0, 0, 0, 0, 0, 0, 0, 0, 0, 0, 0, 0, 0, 0, 0, 0, 0, ],]
k_protocol =  [[0, 0, 0, 0, 0, 0, 0, 0, 0, 0, 0, 0, 0, 0, 0, 0, 0, 0, 0, 0, 0, 0, 0, 0, 0, 0, 0, 0, 0, 0, 0, 0, ],[0, 0, 0, 0, 0, 0, 0, 0, 0, 0, 0, 0, 0, 0, 0, 0, 0, 0, 0, 0, 0, 0, 0, 0, 0, 0, 0, 0, 0, 0, 0, 0, ],]
j_protocol_secondary =  [0.0508834, 0.0613684, 0.0613684, 0.239019, 0.239019, 0.302842, 0.302842, 0.308915, ]
k_protocol_secondary =  [0, 0.108466, 0.108466, 0.143345, 0.143345, 0.222877, 0.222877, 0.226631, ]
best_evolved_state = [0.0948548, 0.171062, 0.154318, 0.632192, 0.0948548, 0.171062, 0.0948548, 0.171062, 0.154318, 0.632192, 0.0948548, 0.171062, ]
best_mc_result_fixed_tau =   [0.0148345, 0.0148345, ]
evolved_state_fixed_tau =   [[0.0769568, 0.169213, 0.111666, 0.646854, 0.0769568, 0.169213, 0.0769568, 0.169213, 0.111666, 0.646854, 0.0769568, 0.169213, ],[0.0769568, 0.169213, 0.111666, 0.646854, 0.0769568, 0.169213, 0.0769568, 0.169213, 0.111666, 0.646854, 0.0769568, 0.169213, ],]
