START_PARAMETERS
MAX_STEPS_MCDB =               32
MIN_STEPS_MCDB =               4
STEPS_CRUNCH_MCDB =            1
SWEEPS_MCDB =                  80
TOTAL_STEP_CHANGES =                  6
MCBB_SECONDARY =                  1
SWEEPS_MCBB_SECONDARY =                  150
NUMBER_OF_BANGS =                  4
GROUND_E =                -2.10837
INITIAL_E =               -1.88783
j_initial =               0.674
k_initial =               0.5
b_initial =               0
j_target =                0.169
k_target =                0.5
b_target =                0
init_target_dot_squared = 0.90051
init_state = [-0.258716, 0, -0.605088, 0, -0.258716, 0, -0.258716, 0, -0.605088, 0, -0.258716, 0, ]
target_state = [-0.110553, 0, -0.689606, 0, -0.110553, 0, -0.110553, 0, -0.689606, 0, -0.110553, 0, ]
USE_ENERGY_DISTANCE =     false
PERIODIC =                false
UNIFORM_SITES =           true
DEVICE_DIMENSION =        2
MAX_PARAM =               1
MIN_PARAM =               0
MIN_PARAM =               0
DIAG =                    true
NUM_SEEDS =               2
NUMBER_OF_BANGS =               4
DISTANCE_LIMIT =          0.02
TAU_INIT =                0.05
MAX_TAU =                 5
TAU_SCALAR =              1.2
TAU_SCALAR_TINY =         1.1
TAU_SCALAR_BIG =          1.3
ACCEPTANCE_PROB =         0.85
TEMP_EXP_DECAY =          0.8
MIN_TEMP_FRACTION =       0.01
TEMP_DECAY_ITERATIONS =   21
ZERO_TEMP_ITREATIONS =    20
RANDOM_STATES =           3
END_PARAMETERS
##############################################################################
clock_duration  =         4.2196
tau =                     0.05
total_steps =             32
time_step =               0.0015625
best_mc_result =          0.0954694
best_mc_result_non_secondary =          0.0954727
evolved_target_dot_squared =  0.904531
distance =          0.959592
j_protocol =  [[0, 0, 0, 0, 0, 0, 0, 0, 0, 0, 0, 1, 1, 1, 1, 1, 1, 1, 1, 1, 1, 1, 1, 1, 1, 1, 1, 1, 1, 1, 1, 1, ],[0, 0, 0, 0, 0, 0, 0, 0, 0, 0, 0, 1, 1, 1, 1, 1, 1, 1, 1, 1, 1, 1, 1, 1, 1, 1, 1, 1, 1, 1, 1, 1, ],]
k_protocol =  [[1, 1, 1, 1, 1, 1, 1, 1, 1, 1, 1, 1, 1, 1, 1, 1, 1, 1, 1, 1, 1, 1, 1, 1, 1, 1, 1, 0, 0, 0, 0, 0, ],[1, 1, 1, 1, 1, 1, 1, 1, 1, 1, 1, 1, 1, 1, 1, 1, 1, 1, 1, 1, 1, 1, 1, 1, 1, 1, 1, 0, 0, 0, 0, 0, ],]
j_protocol_secondary =  [0.0102378, 0.0102378, 0.017899, 0.0247327, 0.0247327, 0.0434838, 0.0434838, 0.05, ]
k_protocol_secondary =  [0, 0.00831596, 0.00831596, 0.0385826, 0.0385826, 0.0418856, 0.0484308, 0.0484308, ]
best_evolved_state = [-0.252559, -0.0384008, -0.592958, -0.133714, -0.252559, -0.0384008, -0.252559, -0.0384008, -0.592958, -0.133714, -0.252559, -0.0384008, ]
best_mc_result_fixed_tau =   [0.0954727, 0.0954727, ]
evolved_state_fixed_tau =   [[-0.25244, -0.0392508, -0.592622, -0.135149, -0.25244, -0.0392508, -0.25244, -0.0392508, -0.592622, -0.135149, -0.25244, -0.0392508, ],[-0.25244, -0.0392508, -0.592622, -0.135149, -0.25244, -0.0392508, -0.25244, -0.0392508, -0.592622, -0.135149, -0.25244, -0.0392508, ],]
##############################################################################
clock_duration  =         8.45739
tau =                     0.13
total_steps =             32
time_step =               0.0040625
best_mc_result =          0.0742235
best_mc_result_non_secondary =          0.074237
evolved_target_dot_squared =  0.925776
distance =          0.746043
j_protocol =  [[0, 0, 0, 0, 0, 0, 0, 0, 0, 0, 0, 0, 1, 1, 1, 1, 1, 1, 1, 1, 1, 1, 1, 1, 1, 1, 1, 1, 1, 1, 1, 1, ],[0, 0, 0, 0, 0, 0, 0, 0, 0, 0, 0, 0, 1, 1, 1, 1, 1, 1, 1, 1, 1, 1, 1, 1, 1, 1, 1, 1, 1, 1, 1, 1, ],]
k_protocol =  [[1, 1, 1, 1, 1, 1, 1, 1, 1, 1, 1, 1, 1, 1, 1, 1, 1, 1, 1, 1, 1, 1, 1, 1, 1, 1, 1, 0, 0, 0, 0, 0, ],[1, 1, 1, 1, 1, 1, 1, 1, 1, 1, 1, 1, 1, 1, 1, 1, 1, 1, 1, 1, 1, 1, 1, 1, 1, 1, 1, 0, 0, 0, 0, 0, ],]
j_protocol_secondary =  [0.0280669, 0.0280669, 0.043574, 0.043574, 0.0474708, 0.083841, 0.083841, 0.13, ]
k_protocol_secondary =  [0, 0.0306425, 0.0306425, 0.0357432, 0.0357432, 0.0692007, 0.0692007, 0.109101, ]
best_evolved_state = [-0.218433, -0.0921992, -0.525225, -0.334233, -0.218433, -0.0921992, -0.218433, -0.0921992, -0.525225, -0.334233, -0.218433, -0.0921992, ]
best_mc_result_fixed_tau =   [0.074237, 0.074237, ]
evolved_state_fixed_tau =   [[-0.218878, -0.0907215, -0.525282, -0.33437, -0.218878, -0.0907215, -0.218878, -0.0907215, -0.525282, -0.33437, -0.218878, -0.0907215, ],[-0.218878, -0.0907215, -0.525282, -0.33437, -0.218878, -0.0907215, -0.218878, -0.0907215, -0.525282, -0.33437, -0.218878, -0.0907215, ],]
##############################################################################
clock_duration  =         12.7622
tau =                     0.156
total_steps =             32
time_step =               0.004875
best_mc_result =          0.06448
best_mc_result_non_secondary =          0.064488
evolved_target_dot_squared =  0.93552
distance =          0.648108
j_protocol =  [[0, 0, 0, 0, 0, 0, 0, 0, 0, 0, 0, 0, 1, 1, 1, 1, 1, 1, 1, 1, 1, 1, 1, 1, 1, 1, 1, 1, 1, 1, 1, 1, ],[0, 0, 0, 0, 0, 0, 0, 0, 0, 0, 0, 0, 1, 1, 1, 1, 1, 1, 1, 1, 1, 1, 1, 1, 1, 1, 1, 1, 1, 1, 1, 1, ],]
k_protocol =  [[1, 1, 1, 1, 1, 1, 1, 1, 1, 1, 1, 1, 1, 1, 1, 1, 1, 1, 1, 1, 1, 1, 1, 1, 1, 1, 1, 0, 0, 0, 0, 0, ],[1, 1, 1, 1, 1, 1, 1, 1, 1, 1, 1, 1, 1, 1, 1, 1, 1, 1, 1, 1, 1, 1, 1, 1, 1, 1, 1, 0, 0, 0, 0, 0, ],]
j_protocol_secondary =  [0.0040775, 0.0040775, 0.0264831, 0.0264831, 0.05755, 0.11577, 0.11577, 0.156, ]
k_protocol_secondary =  [0, 0.0677133, 0.0677133, 0.0792754, 0.0792754, 0.13107, 0.150007, 0.150007, ]
best_evolved_state = [-0.201682, -0.106036, -0.491606, -0.393046, -0.201682, -0.106036, -0.201682, -0.106036, -0.491606, -0.393046, -0.201682, -0.106036, ]
best_mc_result_fixed_tau =   [0.064488, 0.064488, ]
evolved_state_fixed_tau =   [[-0.202063, -0.104952, -0.491475, -0.393399, -0.202063, -0.104952, -0.202063, -0.104952, -0.491475, -0.393399, -0.202063, -0.104952, ],[-0.202063, -0.104952, -0.491475, -0.393399, -0.202063, -0.104952, -0.202063, -0.104952, -0.491475, -0.393399, -0.202063, -0.104952, ],]
##############################################################################
clock_duration  =         17.1635
tau =                     0.2028
total_steps =             32
time_step =               0.0063375
best_mc_result =          0.045373
best_mc_result_non_secondary =          0.0455175
evolved_target_dot_squared =  0.954627
distance =          0.456058
j_protocol =  [[0, 0, 0, 0, 0, 0, 0, 0, 0, 0, 0, 0, 1, 1, 1, 1, 1, 1, 1, 1, 1, 1, 1, 1, 1, 1, 1, 1, 1, 1, 1, 1, ],[0, 0, 0, 0, 0, 0, 0, 0, 0, 0, 0, 0, 1, 1, 1, 1, 1, 1, 1, 1, 1, 1, 1, 1, 1, 1, 1, 1, 1, 1, 1, 1, ],]
k_protocol =  [[1, 1, 1, 1, 1, 1, 1, 1, 1, 1, 1, 1, 1, 1, 1, 1, 1, 1, 1, 1, 1, 1, 1, 1, 1, 1, 0, 0, 0, 0, 0, 0, ],[1, 1, 1, 1, 1, 1, 1, 1, 1, 1, 1, 1, 1, 1, 1, 1, 1, 1, 1, 1, 1, 1, 1, 1, 1, 1, 0, 0, 0, 0, 0, 0, ],]
j_protocol_secondary =  [0.00991144, 0.00991144, 0.0765818, 0.0791716, 0.0791716, 0.0988647, 0.0988647, 0.2028, ]
k_protocol_secondary =  [0, 0.0410292, 0.0410292, 0.145782, 0.145782, 0.170797, 0.177778, 0.177778, ]
best_evolved_state = [-0.165997, -0.124732, -0.419065, -0.488015, -0.165997, -0.124732, -0.165997, -0.124732, -0.419065, -0.488015, -0.165997, -0.124732, ]
best_mc_result_fixed_tau =   [0.0455175, 0.0455175, ]
evolved_state_fixed_tau =   [[-0.16643, -0.126047, -0.429552, -0.477819, -0.16643, -0.126047, -0.16643, -0.126047, -0.429552, -0.477819, -0.16643, -0.126047, ],[-0.16643, -0.126047, -0.429552, -0.477819, -0.16643, -0.126047, -0.16643, -0.126047, -0.429552, -0.477819, -0.16643, -0.126047, ],]
##############################################################################
clock_duration  =         21.447
tau =                     0.24336
total_steps =             32
time_step =               0.007605
best_mc_result =          0.0289848
best_mc_result_non_secondary =          0.0290316
evolved_target_dot_squared =  0.971015
distance =          0.291335
j_protocol =  [[0, 0, 0, 0, 0, 0, 0, 0, 0, 0, 0, 0, 1, 1, 1, 1, 1, 1, 1, 1, 1, 1, 1, 1, 1, 1, 1, 1, 1, 1, 1, 1, ],[0, 0, 0, 0, 0, 0, 0, 0, 0, 0, 0, 0, 1, 1, 1, 1, 1, 1, 1, 1, 1, 1, 1, 1, 1, 1, 1, 1, 1, 1, 1, 1, ],]
k_protocol =  [[1, 1, 1, 1, 1, 1, 1, 1, 1, 1, 1, 1, 1, 1, 1, 1, 1, 1, 1, 1, 1, 1, 1, 1, 1, 1, 1, 0, 0, 0, 0, 0, ],[1, 1, 1, 1, 1, 1, 1, 1, 1, 1, 1, 1, 1, 1, 1, 1, 1, 1, 1, 1, 1, 1, 1, 1, 1, 1, 1, 0, 0, 0, 0, 0, ],]
j_protocol_secondary =  [0.0942108, 0.132573, 0.132573, 0.172784, 0.172784, 0.201796, 0.201796, 0.24336, ]
k_protocol_secondary =  [0, 0.0478178, 0.0478178, 0.140141, 0.140141, 0.184743, 0.184743, 0.205494, ]
best_evolved_state = [-0.130731, -0.133503, -0.345834, -0.55729, -0.130731, -0.133503, -0.130731, -0.133503, -0.345834, -0.55729, -0.130731, -0.133503, ]
best_mc_result_fixed_tau =   [0.0290316, 0.0290316, ]
evolved_state_fixed_tau =   [[-0.128769, -0.136338, -0.343146, -0.558491, -0.128769, -0.136338, -0.128769, -0.136338, -0.343146, -0.558491, -0.128769, -0.136338, ],[-0.128769, -0.136338, -0.343146, -0.558491, -0.128769, -0.136338, -0.128769, -0.136338, -0.343146, -0.558491, -0.128769, -0.136338, ],]
##############################################################################
clock_duration  =         27.1077
tau =                     0.267696
total_steps =             32
time_step =               0.009126
best_mc_result =          0.0200637
best_mc_result_non_secondary =          0
evolved_target_dot_squared =  0.979936
distance =          0.201666
j_protocol =  [[0, 0, 0, 0, 0, 0, 0, 0, 0, 0, 0, 0, 0, 0, 0, 0, 0, 0, 0, 0, 0, 0, 0, 0, 0, 0, 0, 0, 0, 0, 0, 0, ],[0, 0, 0, 0, 0, 0, 0, 0, 0, 0, 0, 0, 0, 0, 0, 0, 0, 0, 0, 0, 0, 0, 0, 0, 0, 0, 0, 0, 0, 0, 0, 0, ],]
k_protocol =  [[0, 0, 0, 0, 0, 0, 0, 0, 0, 0, 0, 0, 0, 0, 0, 0, 0, 0, 0, 0, 0, 0, 0, 0, 0, 0, 0, 0, 0, 0, 0, 0, ],[0, 0, 0, 0, 0, 0, 0, 0, 0, 0, 0, 0, 0, 0, 0, 0, 0, 0, 0, 0, 0, 0, 0, 0, 0, 0, 0, 0, 0, 0, 0, 0, ],]
j_protocol_secondary =  [0.105399, 0.109297, 0.109297, 0.167309, 0.167309, 0.231004, 0.231004, 0.267696, ]
k_protocol_secondary =  [0, 0.0270331, 0.0270331, 0.0297895, 0.0297895, 0.129434, 0.129434, 0.226477, ]
best_evolved_state = [-0.108339, -0.135121, -0.298284, -0.592484, -0.108339, -0.135121, -0.108339, -0.135121, -0.298284, -0.592484, -0.108339, -0.135121, ]
best_mc_result_fixed_tau =   [0.0123372, 0.0123372, ]
evolved_state_fixed_tau =   [[-0.0867965, -0.132831, -0.253227, -0.620903, -0.0867965, -0.132831, -0.0867965, -0.132831, -0.253227, -0.620903, -0.0867965, -0.132831, ],[-0.0867965, -0.132831, -0.253227, -0.620903, -0.0867965, -0.132831, -0.0867965, -0.132831, -0.253227, -0.620903, -0.0867965, -0.132831, ],]
