START_PARAMETERS
MAX_STEPS_MCDB =               32
MIN_STEPS_MCDB =               4
STEPS_CRUNCH_MCDB =            1
SWEEPS_MCDB =                  120
TOTAL_STEP_CHANGES =                  6
MCBB_SECONDARY =                  1
SWEEPS_MCBB_SECONDARY =                  250
NUMBER_OF_BANGS =                  8
GROUND_E =                -6.87973
INITIAL_E =               -5.52911
j_initial =               0.961
k_initial =               0.125
b_initial =               0
j_target =                0.5
k_target =                0.5
b_target =                0
init_target_dot_squared = 0.386318
init_state = [0.0254214, 0, 0.0320149, 0, 0.0644564, 0, 0.0667482, 0, 0.0302949, 0, 0.0254214, 0, 0.0571444, 0, 0.0550466, 0, 0.0571444, 0, 0.0302949, 0, 0.0667482, 0, 0.0644564, 0, 0.0788815, 0, 0.110293, 0, 0.0788815, 0, 0.0520169, 0, 0.109078, 0, 0.0869032, 0, 0.0596137, 0, 0.0667482, 0, 0.130669, 0, 0.0842374, 0, 0.142494, 0, 0.13455, 0, 0.0842374, 0, 0.0254214, 0, 0.0520169, 0, 0.0729814, 0, 0.0737693, 0, 0.143221, 0, 0.0820915, 0, 0.0320149, 0, 0.0644564, 0, 0.0842374, 0, 0.0788815, 0, 0.0737693, 0, 0.143221, 0, 0.109078, 0, 0.0571444, 0, 0.0788815, 0, 0.142494, 0, 0.0788815, 0, 0.13455, 0, 0.110293, 0, 0.0644564, 0, 0.0571444, 0, 0.109078, 0, 0.143221, 0, 0.143221, 0, 0.260242, 0, 0.143221, 0, 0.0644564, 0, 0.110293, 0, 0.13455, 0, 0.110293, 0, 0.0550466, 0, 0.0869032, 0, 0.0820915, 0, 0.109078, 0, 0.143221, 0, 0.0729814, 0, 0.0667482, 0, 0.0788815, 0, 0.0842374, 0, 0.0644564, 0, 0.0254214, 0, 0.0571444, 0, 0.0596137, 0, 0.0571444, 0, 0.0302949, 0, 0.0520169, 0, 0.0729814, 0, 0.0520169, 0, 0.0254214, 0, 0.0842374, 0, 0.130669, 0, 0.0667482, 0, 0.0842374, 0, 0.0644564, 0, 0.0320149, 0, 0.0596137, 0, 0.0869032, 0, 0.109078, 0, 0.0820915, 0, 0.143221, 0, 0.0737693, 0, 0.0842374, 0, 0.13455, 0, 0.142494, 0, 0.0788815, 0, 0.0869032, 0, 0.0973907, 0, 0.0869032, 0, 0.0869032, 0, 0.109078, 0, 0.0520169, 0, 0.130669, 0, 0.142494, 0, 0.130669, 0, 0.0667482, 0, 0.0520169, 0, 0.109078, 0, 0.0869032, 0, 0.0550466, 0, 0.0667482, 0, 0.0820915, 0, 0.0869032, 0, 0.0550466, 0, 0.0596137, 0, 0.0571444, 0, 0.0254214, 0, 0.0842374, 0, 0.0788815, 0, 0.0667482, 0, 0.0302949, 0, 0.0729814, 0, 0.143221, 0, 0.109078, 0, 0.0571444, 0, 0.0644564, 0, 0.0520169, 0, 0.0737693, 0, 0.0520169, 0, 0.0254214, 0, 0.0320149, 0, 0.0254214, 0, ]
target_state = [-0.00172471, 0, -0.00436281, 0, -0.0198992, 0, -0.0103537, 0, -0.00208364, 0, -0.00172471, 0, -0.00814843, 0, -0.00462071, 0, -0.00814843, 0, -0.00208364, 0, -0.0103537, 0, -0.0198992, 0, -0.0226991, 0, -0.0907445, 0, -0.0226991, 0, -0.00776503, 0, -0.0393384, 0, -0.0132871, 0, -0.00545543, 0, -0.0103537, 0, -0.0313883, 0, -0.0160964, 0, -0.0428878, 0, -0.0602134, 0, -0.0160964, 0, -0.00172471, 0, -0.00776503, 0, -0.0244134, 0, -0.0255078, 0, -0.144096, 0, -0.0252161, 0, -0.00436281, 0, -0.0198992, 0, -0.0160964, 0, -0.0226991, 0, -0.0255078, 0, -0.144096, 0, -0.0393384, 0, -0.00814843, 0, -0.0226991, 0, -0.0428878, 0, -0.0226991, 0, -0.0602134, 0, -0.0907445, 0, -0.0198992, 0, -0.00814843, 0, -0.0393384, 0, -0.144096, 0, -0.144096, 0, -0.861484, 0, -0.144096, 0, -0.0198992, 0, -0.0907445, 0, -0.0602134, 0, -0.0907445, 0, -0.00462071, 0, -0.0132871, 0, -0.0252161, 0, -0.0393384, 0, -0.144096, 0, -0.0244134, 0, -0.0103537, 0, -0.0226991, 0, -0.0160964, 0, -0.0198992, 0, -0.00172471, 0, -0.00814843, 0, -0.00545543, 0, -0.00814843, 0, -0.00208364, 0, -0.00776503, 0, -0.0244134, 0, -0.00776503, 0, -0.00172471, 0, -0.0160964, 0, -0.0313883, 0, -0.0103537, 0, -0.0160964, 0, -0.0198992, 0, -0.00436281, 0, -0.00545543, 0, -0.0132871, 0, -0.0393384, 0, -0.0252161, 0, -0.144096, 0, -0.0255078, 0, -0.0160964, 0, -0.0602134, 0, -0.0428878, 0, -0.0226991, 0, -0.0132871, 0, -0.0108917, 0, -0.0132871, 0, -0.0132871, 0, -0.0393384, 0, -0.00776503, 0, -0.0313883, 0, -0.0428878, 0, -0.0313883, 0, -0.0103537, 0, -0.00776503, 0, -0.0393384, 0, -0.0132871, 0, -0.00462071, 0, -0.0103537, 0, -0.0252161, 0, -0.0132871, 0, -0.00462071, 0, -0.00545543, 0, -0.00814843, 0, -0.00172471, 0, -0.0160964, 0, -0.0226991, 0, -0.0103537, 0, -0.00208364, 0, -0.0244134, 0, -0.144096, 0, -0.0393384, 0, -0.00814843, 0, -0.0198992, 0, -0.00776503, 0, -0.0255078, 0, -0.00776503, 0, -0.00172471, 0, -0.00436281, 0, -0.00172471, 0, ]
USE_ENERGY_DISTANCE =     false
PERIODIC =                false
UNIFORM_SITES =           true
DEVICE_DIMENSION =        2
MAX_PARAM =               1
MIN_PARAM =               0
MIN_PARAM =               0
DIAG =                    true
NUM_SEEDS =               2
NUMBER_OF_BANGS =               8
DISTANCE_LIMIT =          0.02
TAU_INIT =                0.7
MAX_TAU =                 5
TAU_SCALAR =              1.2
TAU_SCALAR_TINY =         1.1
TAU_SCALAR_BIG =          1.3
ACCEPTANCE_PROB =         0.85
TEMP_EXP_DECAY =          0.8
MIN_TEMP_FRACTION =       0.01
TEMP_DECAY_ITERATIONS =   21
ZERO_TEMP_ITREATIONS =    20
RANDOM_STATES =           3
END_PARAMETERS
##############################################################################
clock_duration  =         1181.01
tau =                     0.7
total_steps =             32
time_step =               0.021875
best_mc_result =          0.311832
best_mc_result_non_secondary =          0.312803
evolved_target_dot_squared =  0.688168
distance =          0.508133
j_protocol =  [[1, 1, 1, 1, 1, 1, 1, 1, 1, 1, 1, 1, 1, 1, 1, 1, 1, 1, 1, 1, 1, 1, 1, 1, 1, 1, 1, 1, 1, 1, 1, 1, ],[1, 1, 1, 1, 1, 1, 1, 1, 1, 1, 1, 1, 1, 1, 1, 1, 1, 1, 1, 1, 1, 1, 1, 1, 1, 1, 1, 1, 1, 1, 1, 1, ],]
k_protocol =  [[1, 1, 1, 1, 1, 0, 1, 0, 1, 0, 0, 0, 0, 1, 0, 0, 0, 1, 1, 1, 1, 1, 1, 1, 1, 1, 1, 0, 0, 0, 0, 0, ],[1, 1, 1, 1, 1, 1, 0, 0, 0, 0, 0, 1, 0, 0, 1, 0, 1, 0, 1, 1, 1, 1, 1, 1, 1, 1, 1, 0, 0, 0, 0, 0, ],]
j_protocol_secondary =  [0.00837937, 0.102926, 0.102926, 0.2003, 0.2003, 0.505623, 0.505623, 0.585326, 0.585326, 0.598266, 0.598266, 0.606038, 0.606038, 0.663702, 0.663702, 0.7, ]
k_protocol_secondary =  [0, 0.0823854, 0.0823854, 0.14497, 0.24996, 0.255835, 0.308579, 0.326061, 0.349805, 0.374574, 0.380079, 0.427906, 0.427906, 0.584227, 0.7, 0.7, ]
best_evolved_state = [0.0070369, 0.00526498, 0.014244, 0.0133656, 0.0147536, 0.0334372, 0.0343441, 0.00507824, -0.00724407, 0.010769, 0.0070369, 0.00526498, 0.00661181, 0.00994349, 0.0157621, -0.00103051, 0.00661181, 0.00994349, -0.00724407, 0.010769, 0.0343441, 0.00507824, 0.0147536, 0.0334372, 0.0333307, 0.019724, 0.0428015, 0.0609627, 0.0333307, 0.019724, 0.0237711, 0.0103681, 0.0765341, 0.0103882, 0.0507625, -0.00451498, 0.00726907, 0.00322778, 0.0343441, 0.00507824, 0.191928, -0.029132, 0.0415335, 0.0244464, 0.161539, 0.00541766, 0.094294, 0.0570123, 0.0415335, 0.0244464, 0.0070369, 0.00526498, 0.0237711, 0.0103681, 0.0316841, 0.0204693, 0.0458407, 0.0173615, 0.100465, 0.0953203, 0.0273048, 0.00897977, 0.014244, 0.0133656, 0.0147536, 0.0334372, 0.0415335, 0.0244464, 0.0333307, 0.019724, 0.0458407, 0.0173615, 0.100465, 0.0953203, 0.0765341, 0.0103882, 0.00661181, 0.00994349, 0.0333307, 0.019724, 0.161539, 0.00541766, 0.0333307, 0.019724, 0.094294, 0.0570123, 0.0428015, 0.0609627, 0.0147536, 0.0334372, 0.00661181, 0.00994349, 0.0765341, 0.0103882, 0.100465, 0.0953203, 0.100465, 0.0953203, 0.456556, 0.393258, 0.100465, 0.0953203, 0.0147536, 0.0334372, 0.0428015, 0.0609627, 0.094294, 0.0570123, 0.0428015, 0.0609627, 0.0157621, -0.00103051, 0.0507625, -0.00451498, 0.0273048, 0.00897977, 0.0765341, 0.0103882, 0.100465, 0.0953203, 0.0316841, 0.0204693, 0.0343441, 0.00507824, 0.0333307, 0.019724, 0.0415335, 0.0244464, 0.0147536, 0.0334372, 0.0070369, 0.00526498, 0.00661181, 0.00994349, 0.00726907, 0.00322778, 0.00661181, 0.00994349, -0.00724407, 0.010769, 0.0237711, 0.0103681, 0.0316841, 0.0204693, 0.0237711, 0.0103681, 0.0070369, 0.00526498, 0.0415335, 0.0244464, 0.191928, -0.029132, 0.0343441, 0.00507824, 0.0415335, 0.0244464, 0.0147536, 0.0334372, 0.014244, 0.0133656, 0.00726907, 0.00322778, 0.0507625, -0.00451498, 0.0765341, 0.0103882, 0.0273048, 0.00897977, 0.100465, 0.0953203, 0.0458407, 0.0173615, 0.0415335, 0.0244464, 0.094294, 0.0570123, 0.161539, 0.00541766, 0.0333307, 0.019724, 0.0507625, -0.00451498, 0.0926971, -0.0165355, 0.0507625, -0.00451498, 0.0507625, -0.00451498, 0.0765341, 0.0103882, 0.0237711, 0.0103681, 0.191928, -0.029132, 0.161539, 0.00541766, 0.191928, -0.029132, 0.0343441, 0.00507824, 0.0237711, 0.0103681, 0.0765341, 0.0103882, 0.0507625, -0.00451498, 0.0157621, -0.00103051, 0.0343441, 0.00507824, 0.0273048, 0.00897977, 0.0507625, -0.00451498, 0.0157621, -0.00103051, 0.00726907, 0.00322778, 0.00661181, 0.00994349, 0.0070369, 0.00526498, 0.0415335, 0.0244464, 0.0333307, 0.019724, 0.0343441, 0.00507824, -0.00724407, 0.010769, 0.0316841, 0.0204693, 0.100465, 0.0953203, 0.0765341, 0.0103882, 0.00661181, 0.00994349, 0.0147536, 0.0334372, 0.0237711, 0.0103681, 0.0458407, 0.0173615, 0.0237711, 0.0103681, 0.0070369, 0.00526498, 0.014244, 0.0133656, 0.0070369, 0.00526498, ]
best_mc_result_fixed_tau =   [0.313309, 0.312803, ]
evolved_state_fixed_tau =   [[0.00697496, 0.00552948, 0.0137515, 0.0152182, 0.0137218, 0.0344615, 0.035226, 0.00600368, -0.0081343, 0.0086765, 0.00697496, 0.00552948, 0.00647527, 0.0108769, 0.0166366, -0.000278232, 0.00647527, 0.0108769, -0.0081343, 0.0086765, 0.035226, 0.00600368, 0.0137218, 0.0344615, 0.034363, 0.0209305, 0.0474597, 0.0609758, 0.034363, 0.0209305, 0.0244778, 0.00876785, 0.0772138, 0.0159019, 0.0519691, -0.00317003, 0.00798558, 0.00308707, 0.035226, 0.00600368, 0.191189, -0.0162659, 0.0406921, 0.0263587, 0.159177, 0.0147778, 0.0916176, 0.0639411, 0.0406921, 0.0263587, 0.00697496, 0.00552948, 0.0244778, 0.00876785, 0.0331845, 0.0225765, 0.0477145, 0.0192742, 0.0979871, 0.100769, 0.0297768, 0.0100834, 0.0137515, 0.0152182, 0.0137218, 0.0344615, 0.0406921, 0.0263587, 0.034363, 0.0209305, 0.0477145, 0.0192742, 0.0979871, 0.100769, 0.0772138, 0.0159019, 0.00647527, 0.0108769, 0.034363, 0.0209305, 0.159177, 0.0147778, 0.034363, 0.0209305, 0.0916176, 0.0639411, 0.0474597, 0.0609758, 0.0137218, 0.0344615, 0.00647527, 0.0108769, 0.0772138, 0.0159019, 0.0979871, 0.100769, 0.0979871, 0.100769, 0.42679, 0.413886, 0.0979871, 0.100769, 0.0137218, 0.0344615, 0.0474597, 0.0609758, 0.0916176, 0.0639411, 0.0474597, 0.0609758, 0.0166366, -0.000278232, 0.0519691, -0.00317003, 0.0297768, 0.0100834, 0.0772138, 0.0159019, 0.0979871, 0.100769, 0.0331845, 0.0225765, 0.035226, 0.00600368, 0.034363, 0.0209305, 0.0406921, 0.0263587, 0.0137218, 0.0344615, 0.00697496, 0.00552948, 0.00647527, 0.0108769, 0.00798558, 0.00308707, 0.00647527, 0.0108769, -0.0081343, 0.0086765, 0.0244778, 0.00876785, 0.0331845, 0.0225765, 0.0244778, 0.00876785, 0.00697496, 0.00552948, 0.0406921, 0.0263587, 0.191189, -0.0162659, 0.035226, 0.00600368, 0.0406921, 0.0263587, 0.0137218, 0.0344615, 0.0137515, 0.0152182, 0.00798558, 0.00308707, 0.0519691, -0.00317003, 0.0772138, 0.0159019, 0.0297768, 0.0100834, 0.0979871, 0.100769, 0.0477145, 0.0192742, 0.0406921, 0.0263587, 0.0916176, 0.0639411, 0.159177, 0.0147778, 0.034363, 0.0209305, 0.0519691, -0.00317003, 0.0937511, -0.00789485, 0.0519691, -0.00317003, 0.0519691, -0.00317003, 0.0772138, 0.0159019, 0.0244778, 0.00876785, 0.191189, -0.0162659, 0.159177, 0.0147778, 0.191189, -0.0162659, 0.035226, 0.00600368, 0.0244778, 0.00876785, 0.0772138, 0.0159019, 0.0519691, -0.00317003, 0.0166366, -0.000278232, 0.035226, 0.00600368, 0.0297768, 0.0100834, 0.0519691, -0.00317003, 0.0166366, -0.000278232, 0.00798558, 0.00308707, 0.00647527, 0.0108769, 0.00697496, 0.00552948, 0.0406921, 0.0263587, 0.034363, 0.0209305, 0.035226, 0.00600368, -0.0081343, 0.0086765, 0.0331845, 0.0225765, 0.0979871, 0.100769, 0.0772138, 0.0159019, 0.00647527, 0.0108769, 0.0137218, 0.0344615, 0.0244778, 0.00876785, 0.0477145, 0.0192742, 0.0244778, 0.00876785, 0.00697496, 0.00552948, 0.0137515, 0.0152182, 0.00697496, 0.00552948, ],[0.00685271, 0.0053051, 0.0130379, 0.0135339, 0.0138116, 0.0321588, 0.0345238, 0.00644824, -0.00639499, 0.00919192, 0.00685271, 0.0053051, 0.00723274, 0.00890643, 0.0163259, -0.000701042, 0.00723274, 0.00890643, -0.00639499, 0.00919192, 0.0345238, 0.00644824, 0.0138116, 0.0321588, 0.0329154, 0.0208451, 0.0415154, 0.0621362, 0.0329154, 0.0208451, 0.0236394, 0.0111437, 0.0771958, 0.0148757, 0.0521838, -0.00159635, 0.00835056, 0.00302027, 0.0345238, 0.00644824, 0.192968, -0.013922, 0.0407714, 0.0252253, 0.161575, 0.0172525, 0.0924471, 0.0606796, 0.0407714, 0.0252253, 0.00685271, 0.0053051, 0.0236394, 0.0111437, 0.0310564, 0.0219524, 0.0445492, 0.0203129, 0.097251, 0.09869, 0.0283141, 0.0107923, 0.0130379, 0.0135339, 0.0138116, 0.0321588, 0.0407714, 0.0252253, 0.0329154, 0.0208451, 0.0445492, 0.0203129, 0.097251, 0.09869, 0.0771958, 0.0148757, 0.00723274, 0.00890643, 0.0329154, 0.0208451, 0.161575, 0.0172525, 0.0329154, 0.0208451, 0.0924471, 0.0606796, 0.0415154, 0.0621362, 0.0138116, 0.0321588, 0.00723274, 0.00890643, 0.0771958, 0.0148757, 0.097251, 0.09869, 0.097251, 0.09869, 0.425863, 0.422834, 0.097251, 0.09869, 0.0138116, 0.0321588, 0.0415154, 0.0621362, 0.0924471, 0.0606796, 0.0415154, 0.0621362, 0.0163259, -0.000701042, 0.0521838, -0.00159635, 0.0283141, 0.0107923, 0.0771958, 0.0148757, 0.097251, 0.09869, 0.0310564, 0.0219524, 0.0345238, 0.00644824, 0.0329154, 0.0208451, 0.0407714, 0.0252253, 0.0138116, 0.0321588, 0.00685271, 0.0053051, 0.00723274, 0.00890643, 0.00835056, 0.00302027, 0.00723274, 0.00890643, -0.00639499, 0.00919192, 0.0236394, 0.0111437, 0.0310564, 0.0219524, 0.0236394, 0.0111437, 0.00685271, 0.0053051, 0.0407714, 0.0252253, 0.192968, -0.013922, 0.0345238, 0.00644824, 0.0407714, 0.0252253, 0.0138116, 0.0321588, 0.0130379, 0.0135339, 0.00835056, 0.00302027, 0.0521838, -0.00159635, 0.0771958, 0.0148757, 0.0283141, 0.0107923, 0.097251, 0.09869, 0.0445492, 0.0203129, 0.0407714, 0.0252253, 0.0924471, 0.0606796, 0.161575, 0.0172525, 0.0329154, 0.0208451, 0.0521838, -0.00159635, 0.0929892, -0.0111229, 0.0521838, -0.00159635, 0.0521838, -0.00159635, 0.0771958, 0.0148757, 0.0236394, 0.0111437, 0.192968, -0.013922, 0.161575, 0.0172525, 0.192968, -0.013922, 0.0345238, 0.00644824, 0.0236394, 0.0111437, 0.0771958, 0.0148757, 0.0521838, -0.00159635, 0.0163259, -0.000701042, 0.0345238, 0.00644824, 0.0283141, 0.0107923, 0.0521838, -0.00159635, 0.0163259, -0.000701042, 0.00835056, 0.00302027, 0.00723274, 0.00890643, 0.00685271, 0.0053051, 0.0407714, 0.0252253, 0.0329154, 0.0208451, 0.0345238, 0.00644824, -0.00639499, 0.00919192, 0.0310564, 0.0219524, 0.097251, 0.09869, 0.0771958, 0.0148757, 0.00723274, 0.00890643, 0.0138116, 0.0321588, 0.0236394, 0.0111437, 0.0445492, 0.0203129, 0.0236394, 0.0111437, 0.00685271, 0.0053051, 0.0130379, 0.0135339, 0.00685271, 0.0053051, ],]
##############################################################################
clock_duration  =         2385.38
tau =                     0.85389
total_steps =             32
time_step =               0.026684
best_mc_result =          0.269314
best_mc_result_non_secondary =          0.270373
evolved_target_dot_squared =  0.730686
distance =          0.438849
j_protocol =  [[1, 1, 1, 1, 1, 1, 1, 1, 1, 1, 1, 1, 1, 1, 1, 1, 1, 1, 1, 1, 1, 1, 1, 1, 1, 1, 1, 1, 1, 1, 1, 1, ],[1, 1, 1, 1, 1, 1, 1, 1, 1, 1, 1, 1, 1, 1, 1, 1, 1, 1, 1, 1, 1, 1, 1, 1, 1, 1, 1, 1, 1, 1, 1, 1, ],]
k_protocol =  [[1, 1, 1, 1, 1, 0, 0, 0, 0, 0, 1, 0, 1, 0, 1, 1, 1, 0, 1, 0, 1, 1, 0, 1, 1, 1, 1, 1, 0, 0, 0, 0, ],[1, 1, 1, 1, 1, 0, 0, 0, 0, 0, 0, 1, 0, 1, 1, 1, 1, 1, 0, 0, 0, 1, 1, 1, 1, 1, 1, 1, 0, 0, 0, 0, ],]
j_protocol_secondary =  [0.0075546, 0.0214171, 0.0214171, 0.133013, 0.133013, 0.348109, 0.348109, 0.47576, 0.47576, 0.571159, 0.571159, 0.610531, 0.610531, 0.782905, 0.782905, 0.85389, ]
k_protocol_secondary =  [0, 0.130454, 0.162365, 0.162365, 0.237334, 0.242103, 0.291176, 0.323293, 0.345431, 0.471756, 0.561782, 0.635506, 0.635506, 0.755245, 0.85389, 0.85389, ]
best_evolved_state = [-0.000890555, 0.00611027, -0.000840662, 0.0164093, -0.027808, 0.033391, -0.00784114, 0.0332985, -0.0135962, 0.0111538, -0.000890555, 0.00611027, -0.0196862, 0.0194791, -0.00307516, 0.0114972, -0.0196862, 0.0194791, -0.0135962, 0.0111538, -0.00784114, 0.0332985, -0.027808, 0.033391, -0.0215413, 0.0277573, -0.0751876, 0.0362265, -0.0215413, 0.0277573, -0.00656295, 0.0239455, -0.0114155, 0.0592791, 0.00320012, 0.0423542, -0.0172239, 0.0146053, -0.00784114, 0.0332985, 0.0620044, 0.160126, -0.0186041, 0.0519536, 0.0138011, 0.142957, -0.0500734, 0.105312, -0.0186041, 0.0519536, -0.000890555, 0.00611027, -0.00656295, 0.0239455, -0.0202906, 0.0234496, -0.0115599, 0.0260786, -0.100872, 0.114405, -0.0267711, 0.0151438, -0.000840662, 0.0164093, -0.027808, 0.033391, -0.0186041, 0.0519536, -0.0215413, 0.0277573, -0.0115599, 0.0260786, -0.100872, 0.114405, -0.0114155, 0.0592791, -0.0196862, 0.0194791, -0.0215413, 0.0277573, 0.0138011, 0.142957, -0.0215413, 0.0277573, -0.0500734, 0.105312, -0.0751876, 0.0362265, -0.027808, 0.033391, -0.0196862, 0.0194791, -0.0114155, 0.0592791, -0.100872, 0.114405, -0.100872, 0.114405, -0.421628, 0.465493, -0.100872, 0.114405, -0.027808, 0.033391, -0.0751876, 0.0362265, -0.0500734, 0.105312, -0.0751876, 0.0362265, -0.00307516, 0.0114972, 0.00320012, 0.0423542, -0.0267711, 0.0151438, -0.0114155, 0.0592791, -0.100872, 0.114405, -0.0202906, 0.0234496, -0.00784114, 0.0332985, -0.0215413, 0.0277573, -0.0186041, 0.0519536, -0.027808, 0.033391, -0.000890555, 0.00611027, -0.0196862, 0.0194791, -0.0172239, 0.0146053, -0.0196862, 0.0194791, -0.0135962, 0.0111538, -0.00656295, 0.0239455, -0.0202906, 0.0234496, -0.00656295, 0.0239455, -0.000890555, 0.00611027, -0.0186041, 0.0519536, 0.0620044, 0.160126, -0.00784114, 0.0332985, -0.0186041, 0.0519536, -0.027808, 0.033391, -0.000840662, 0.0164093, -0.0172239, 0.0146053, 0.00320012, 0.0423542, -0.0114155, 0.0592791, -0.0267711, 0.0151438, -0.100872, 0.114405, -0.0115599, 0.0260786, -0.0186041, 0.0519536, -0.0500734, 0.105312, 0.0138011, 0.142957, -0.0215413, 0.0277573, 0.00320012, 0.0423542, 0.0532246, 0.0665296, 0.00320012, 0.0423542, 0.00320012, 0.0423542, -0.0114155, 0.0592791, -0.00656295, 0.0239455, 0.0620044, 0.160126, 0.0138011, 0.142957, 0.0620044, 0.160126, -0.00784114, 0.0332985, -0.00656295, 0.0239455, -0.0114155, 0.0592791, 0.00320012, 0.0423542, -0.00307516, 0.0114972, -0.00784114, 0.0332985, -0.0267711, 0.0151438, 0.00320012, 0.0423542, -0.00307516, 0.0114972, -0.0172239, 0.0146053, -0.0196862, 0.0194791, -0.000890555, 0.00611027, -0.0186041, 0.0519536, -0.0215413, 0.0277573, -0.00784114, 0.0332985, -0.0135962, 0.0111538, -0.0202906, 0.0234496, -0.100872, 0.114405, -0.0114155, 0.0592791, -0.0196862, 0.0194791, -0.027808, 0.033391, -0.00656295, 0.0239455, -0.0115599, 0.0260786, -0.00656295, 0.0239455, -0.000890555, 0.00611027, -0.000840662, 0.0164093, -0.000890555, 0.00611027, ]
best_mc_result_fixed_tau =   [0.270912, 0.270373, ]
evolved_state_fixed_tau =   [[-0.00186075, 0.00620597, -0.000866647, 0.0163996, -0.0294425, 0.0325443, -0.00929364, 0.0332111, -0.0161968, 0.0113721, -0.00186075, 0.00620597, -0.0197638, 0.0189404, -0.00403583, 0.0111445, -0.0197638, 0.0189404, -0.0161968, 0.0113721, -0.00929364, 0.0332111, -0.0294425, 0.0325443, -0.0236831, 0.0263544, -0.0817935, 0.0316292, -0.0236831, 0.0263544, -0.00961229, 0.024775, -0.0129535, 0.0583746, 0.000660805, 0.0432406, -0.019041, 0.013528, -0.00929364, 0.0332111, 0.0625415, 0.157887, -0.0203764, 0.0523291, 0.011335, 0.143242, -0.0515573, 0.104558, -0.0203764, 0.0523291, -0.00186075, 0.00620597, -0.00961229, 0.024775, -0.0224042, 0.0212645, -0.014364, 0.0241773, -0.103388, 0.113677, -0.0294807, 0.0127843, -0.000866647, 0.0163996, -0.0294425, 0.0325443, -0.0203764, 0.0523291, -0.0236831, 0.0263544, -0.014364, 0.0241773, -0.103388, 0.113677, -0.0129535, 0.0583746, -0.0197638, 0.0189404, -0.0236831, 0.0263544, 0.011335, 0.143242, -0.0236831, 0.0263544, -0.0515573, 0.104558, -0.0817935, 0.0316292, -0.0294425, 0.0325443, -0.0197638, 0.0189404, -0.0129535, 0.0583746, -0.103388, 0.113677, -0.103388, 0.113677, -0.403248, 0.47528, -0.103388, 0.113677, -0.0294425, 0.0325443, -0.0817935, 0.0316292, -0.0515573, 0.104558, -0.0817935, 0.0316292, -0.00403583, 0.0111445, 0.000660805, 0.0432406, -0.0294807, 0.0127843, -0.0129535, 0.0583746, -0.103388, 0.113677, -0.0224042, 0.0212645, -0.00929364, 0.0332111, -0.0236831, 0.0263544, -0.0203764, 0.0523291, -0.0294425, 0.0325443, -0.00186075, 0.00620597, -0.0197638, 0.0189404, -0.019041, 0.013528, -0.0197638, 0.0189404, -0.0161968, 0.0113721, -0.00961229, 0.024775, -0.0224042, 0.0212645, -0.00961229, 0.024775, -0.00186075, 0.00620597, -0.0203764, 0.0523291, 0.0625415, 0.157887, -0.00929364, 0.0332111, -0.0203764, 0.0523291, -0.0294425, 0.0325443, -0.000866647, 0.0163996, -0.019041, 0.013528, 0.000660805, 0.0432406, -0.0129535, 0.0583746, -0.0294807, 0.0127843, -0.103388, 0.113677, -0.014364, 0.0241773, -0.0203764, 0.0523291, -0.0515573, 0.104558, 0.011335, 0.143242, -0.0236831, 0.0263544, 0.000660805, 0.0432406, 0.0531677, 0.0668798, 0.000660805, 0.0432406, 0.000660805, 0.0432406, -0.0129535, 0.0583746, -0.00961229, 0.024775, 0.0625415, 0.157887, 0.011335, 0.143242, 0.0625415, 0.157887, -0.00929364, 0.0332111, -0.00961229, 0.024775, -0.0129535, 0.0583746, 0.000660805, 0.0432406, -0.00403583, 0.0111445, -0.00929364, 0.0332111, -0.0294807, 0.0127843, 0.000660805, 0.0432406, -0.00403583, 0.0111445, -0.019041, 0.013528, -0.0197638, 0.0189404, -0.00186075, 0.00620597, -0.0203764, 0.0523291, -0.0236831, 0.0263544, -0.00929364, 0.0332111, -0.0161968, 0.0113721, -0.0224042, 0.0212645, -0.103388, 0.113677, -0.0129535, 0.0583746, -0.0197638, 0.0189404, -0.0294425, 0.0325443, -0.00961229, 0.024775, -0.014364, 0.0241773, -0.00961229, 0.024775, -0.00186075, 0.00620597, -0.000866647, 0.0163996, -0.00186075, 0.00620597, ],[-0.0014009, 0.0061335, -0.000256622, 0.0154981, -0.0269889, 0.032011, -0.00919671, 0.0329521, -0.0144121, 0.0120355, -0.0014009, 0.0061335, -0.0177881, 0.0194079, -0.00349569, 0.0112498, -0.0177881, 0.0194079, -0.0144121, 0.0120355, -0.00919671, 0.0329521, -0.0269889, 0.032011, -0.0230453, 0.0262555, -0.0800019, 0.0302348, -0.0230453, 0.0262555, -0.0102075, 0.0244595, -0.011781, 0.0598057, 0.000654939, 0.0438061, -0.0179158, 0.0145112, -0.00919671, 0.0329521, 0.0583488, 0.1605, -0.018819, 0.0518529, 0.0103652, 0.146381, -0.047959, 0.10534, -0.018819, 0.0518529, -0.0014009, 0.0061335, -0.0102075, 0.0244595, -0.021856, 0.0213776, -0.0153428, 0.0241922, -0.0996177, 0.113695, -0.0286573, 0.0138668, -0.000256622, 0.0154981, -0.0269889, 0.032011, -0.018819, 0.0518529, -0.0230453, 0.0262555, -0.0153428, 0.0241922, -0.0996177, 0.113695, -0.011781, 0.0598057, -0.0177881, 0.0194079, -0.0230453, 0.0262555, 0.0103652, 0.146381, -0.0230453, 0.0262555, -0.047959, 0.10534, -0.0800019, 0.0302348, -0.0269889, 0.032011, -0.0177881, 0.0194079, -0.011781, 0.0598057, -0.0996177, 0.113695, -0.0996177, 0.113695, -0.412231, 0.473386, -0.0996177, 0.113695, -0.0269889, 0.032011, -0.0800019, 0.0302348, -0.047959, 0.10534, -0.0800019, 0.0302348, -0.00349569, 0.0112498, 0.000654939, 0.0438061, -0.0286573, 0.0138668, -0.011781, 0.0598057, -0.0996177, 0.113695, -0.021856, 0.0213776, -0.00919671, 0.0329521, -0.0230453, 0.0262555, -0.018819, 0.0518529, -0.0269889, 0.032011, -0.0014009, 0.0061335, -0.0177881, 0.0194079, -0.0179158, 0.0145112, -0.0177881, 0.0194079, -0.0144121, 0.0120355, -0.0102075, 0.0244595, -0.021856, 0.0213776, -0.0102075, 0.0244595, -0.0014009, 0.0061335, -0.018819, 0.0518529, 0.0583488, 0.1605, -0.00919671, 0.0329521, -0.018819, 0.0518529, -0.0269889, 0.032011, -0.000256622, 0.0154981, -0.0179158, 0.0145112, 0.000654939, 0.0438061, -0.011781, 0.0598057, -0.0286573, 0.0138668, -0.0996177, 0.113695, -0.0153428, 0.0241922, -0.018819, 0.0518529, -0.047959, 0.10534, 0.0103652, 0.146381, -0.0230453, 0.0262555, 0.000654939, 0.0438061, 0.0540948, 0.066465, 0.000654939, 0.0438061, 0.000654939, 0.0438061, -0.011781, 0.0598057, -0.0102075, 0.0244595, 0.0583488, 0.1605, 0.0103652, 0.146381, 0.0583488, 0.1605, -0.00919671, 0.0329521, -0.0102075, 0.0244595, -0.011781, 0.0598057, 0.000654939, 0.0438061, -0.00349569, 0.0112498, -0.00919671, 0.0329521, -0.0286573, 0.0138668, 0.000654939, 0.0438061, -0.00349569, 0.0112498, -0.0179158, 0.0145112, -0.0177881, 0.0194079, -0.0014009, 0.0061335, -0.018819, 0.0518529, -0.0230453, 0.0262555, -0.00919671, 0.0329521, -0.0144121, 0.0120355, -0.021856, 0.0213776, -0.0996177, 0.113695, -0.011781, 0.0598057, -0.0177881, 0.0194079, -0.0269889, 0.032011, -0.0102075, 0.0244595, -0.0153428, 0.0241922, -0.0102075, 0.0244595, -0.0014009, 0.0061335, -0.000256622, 0.0154981, -0.0014009, 0.0061335, ],]
##############################################################################
clock_duration  =         3582.52
tau =                     1.11006
total_steps =             32
time_step =               0.0346893
best_mc_result =          0.165982
best_mc_result_non_secondary =          0.169749
evolved_target_dot_squared =  0.834018
distance =          0.270469
j_protocol =  [[1, 1, 1, 1, 1, 1, 1, 1, 1, 1, 1, 1, 1, 1, 1, 1, 1, 1, 1, 1, 1, 1, 1, 1, 1, 1, 1, 1, 1, 1, 1, 1, ],[1, 1, 1, 1, 1, 1, 1, 1, 1, 1, 1, 1, 1, 1, 1, 1, 1, 1, 1, 1, 1, 1, 1, 1, 1, 1, 1, 1, 1, 1, 1, 1, ],]
k_protocol =  [[1, 1, 1, 1, 0, 0, 0, 0, 0, 0, 1, 1, 1, 1, 1, 0, 1, 0, 1, 0, 0, 0, 1, 1, 1, 1, 1, 1, 1, 0, 0, 0, ],[1, 1, 1, 1, 0, 0, 0, 0, 0, 1, 0, 1, 1, 1, 1, 1, 1, 0, 0, 0, 1, 0, 1, 1, 1, 1, 1, 1, 1, 0, 0, 0, ],]
j_protocol_secondary =  [0.00928565, 0.277438, 0.277438, 0.422352, 0.422352, 0.434769, 0.434769, 0.462642, 0.462642, 0.603176, 0.603176, 0.690928, 0.690928, 0.734515, 0.734515, 1.11006, ]
k_protocol_secondary =  [0, 0.150024, 0.350893, 0.531739, 0.553921, 0.593617, 0.631465, 0.654248, 0.662307, 0.662307, 0.742634, 0.750751, 0.755494, 1.00193, 1.11006, 1.11006, ]
best_evolved_state = [0.00139036, -0.00563383, 0.00237101, -0.00557961, -0.00147194, -0.0249778, -0.0210484, -0.0294016, 0.00220102, -0.00128922, 0.00139036, -0.00563383, -0.0169856, -0.0308573, -0.00594152, -0.0264447, -0.0169856, -0.0308573, 0.00220102, -0.00128922, -0.0210484, -0.0294016, -0.00147194, -0.0249778, -1.89607e-05, -0.0499354, 0.0367008, -0.095238, -1.89607e-05, -0.0499354, 0.00236565, -0.0131118, -0.00790928, -0.068218, -0.0151065, -0.0269212, -0.022647, -0.0265886, -0.0210484, -0.0294016, -0.111228, -0.0279632, -0.0214984, -0.0439181, -0.0674984, -0.0669773, -0.0311285, -0.0992686, -0.0214984, -0.0439181, 0.00139036, -0.00563383, 0.00236565, -0.0131118, -0.000593696, -0.0393223, 0.00494107, -0.0386093, 0.0242189, -0.148508, -0.00766571, -0.0537701, 0.00237101, -0.00557961, -0.00147194, -0.0249778, -0.0214984, -0.0439181, -1.89607e-05, -0.0499354, 0.00494107, -0.0386093, 0.0242189, -0.148508, -0.00790928, -0.068218, -0.0169856, -0.0308573, -1.89607e-05, -0.0499354, -0.0674984, -0.0669773, -1.89607e-05, -0.0499354, -0.0311285, -0.0992686, 0.0367008, -0.095238, -0.00147194, -0.0249778, -0.0169856, -0.0308573, -0.00790928, -0.068218, 0.0242189, -0.148508, 0.0242189, -0.148508, 0.126899, -0.69626, 0.0242189, -0.148508, -0.00147194, -0.0249778, 0.0367008, -0.095238, -0.0311285, -0.0992686, 0.0367008, -0.095238, -0.00594152, -0.0264447, -0.0151065, -0.0269212, -0.00766571, -0.0537701, -0.00790928, -0.068218, 0.0242189, -0.148508, -0.000593696, -0.0393223, -0.0210484, -0.0294016, -1.89607e-05, -0.0499354, -0.0214984, -0.0439181, -0.00147194, -0.0249778, 0.00139036, -0.00563383, -0.0169856, -0.0308573, -0.022647, -0.0265886, -0.0169856, -0.0308573, 0.00220102, -0.00128922, 0.00236565, -0.0131118, -0.000593696, -0.0393223, 0.00236565, -0.0131118, 0.00139036, -0.00563383, -0.0214984, -0.0439181, -0.111228, -0.0279632, -0.0210484, -0.0294016, -0.0214984, -0.0439181, -0.00147194, -0.0249778, 0.00237101, -0.00557961, -0.022647, -0.0265886, -0.0151065, -0.0269212, -0.00790928, -0.068218, -0.00766571, -0.0537701, 0.0242189, -0.148508, 0.00494107, -0.0386093, -0.0214984, -0.0439181, -0.0311285, -0.0992686, -0.0674984, -0.0669773, -1.89607e-05, -0.0499354, -0.0151065, -0.0269212, -0.0125918, 0.0231587, -0.0151065, -0.0269212, -0.0151065, -0.0269212, -0.00790928, -0.068218, 0.00236565, -0.0131118, -0.111228, -0.0279632, -0.0674984, -0.0669773, -0.111228, -0.0279632, -0.0210484, -0.0294016, 0.00236565, -0.0131118, -0.00790928, -0.068218, -0.0151065, -0.0269212, -0.00594152, -0.0264447, -0.0210484, -0.0294016, -0.00766571, -0.0537701, -0.0151065, -0.0269212, -0.00594152, -0.0264447, -0.022647, -0.0265886, -0.0169856, -0.0308573, 0.00139036, -0.00563383, -0.0214984, -0.0439181, -1.89607e-05, -0.0499354, -0.0210484, -0.0294016, 0.00220102, -0.00128922, -0.000593696, -0.0393223, 0.0242189, -0.148508, -0.00790928, -0.068218, -0.0169856, -0.0308573, -0.00147194, -0.0249778, 0.00236565, -0.0131118, 0.00494107, -0.0386093, 0.00236565, -0.0131118, 0.00139036, -0.00563383, 0.00237101, -0.00557961, 0.00139036, -0.00563383, ]
best_mc_result_fixed_tau =   [0.169749, 0.16989, ]
evolved_state_fixed_tau =   [[0.00139202, -0.00557977, -0.000933325, -0.00724703, -0.00502635, -0.0286925, -0.0213363, -0.0299969, 0.00283229, -0.00176454, 0.00139202, -0.00557977, -0.0174879, -0.0322487, -0.00695589, -0.0250531, -0.0174879, -0.0322487, 0.00283229, -0.00176454, -0.0213363, -0.0299969, -0.00502635, -0.0286925, -0.00448261, -0.0499913, 0.0222514, -0.0960142, -0.00448261, -0.0499913, 0.000219381, -0.0128837, -0.0152418, -0.0702271, -0.0176416, -0.0265622, -0.0224663, -0.0250217, -0.0213363, -0.0299969, -0.106803, -0.0357589, -0.0232893, -0.0455517, -0.0699166, -0.0715399, -0.0368344, -0.104425, -0.0232893, -0.0455517, 0.00139202, -0.00557977, 0.000219381, -0.0128837, -0.00611131, -0.0393035, -0.0021943, -0.0382455, 0.00698028, -0.153787, -0.0120307, -0.0521298, -0.000933325, -0.00724703, -0.00502635, -0.0286925, -0.0232893, -0.0455517, -0.00448261, -0.0499913, -0.0021943, -0.0382455, 0.00698028, -0.153787, -0.0152418, -0.0702271, -0.0174879, -0.0322487, -0.00448261, -0.0499913, -0.0699166, -0.0715399, -0.00448261, -0.0499913, -0.0368344, -0.104425, 0.0222514, -0.0960142, -0.00502635, -0.0286925, -0.0174879, -0.0322487, -0.0152418, -0.0702271, 0.00698028, -0.153787, 0.00698028, -0.153787, 0.077849, -0.688021, 0.00698028, -0.153787, -0.00502635, -0.0286925, 0.0222514, -0.0960142, -0.0368344, -0.104425, 0.0222514, -0.0960142, -0.00695589, -0.0250531, -0.0176416, -0.0265622, -0.0120307, -0.0521298, -0.0152418, -0.0702271, 0.00698028, -0.153787, -0.00611131, -0.0393035, -0.0213363, -0.0299969, -0.00448261, -0.0499913, -0.0232893, -0.0455517, -0.00502635, -0.0286925, 0.00139202, -0.00557977, -0.0174879, -0.0322487, -0.0224663, -0.0250217, -0.0174879, -0.0322487, 0.00283229, -0.00176454, 0.000219381, -0.0128837, -0.00611131, -0.0393035, 0.000219381, -0.0128837, 0.00139202, -0.00557977, -0.0232893, -0.0455517, -0.106803, -0.0357589, -0.0213363, -0.0299969, -0.0232893, -0.0455517, -0.00502635, -0.0286925, -0.000933325, -0.00724703, -0.0224663, -0.0250217, -0.0176416, -0.0265622, -0.0152418, -0.0702271, -0.0120307, -0.0521298, 0.00698028, -0.153787, -0.0021943, -0.0382455, -0.0232893, -0.0455517, -0.0368344, -0.104425, -0.0699166, -0.0715399, -0.00448261, -0.0499913, -0.0176416, -0.0265622, -0.0184028, 0.0175088, -0.0176416, -0.0265622, -0.0176416, -0.0265622, -0.0152418, -0.0702271, 0.000219381, -0.0128837, -0.106803, -0.0357589, -0.0699166, -0.0715399, -0.106803, -0.0357589, -0.0213363, -0.0299969, 0.000219381, -0.0128837, -0.0152418, -0.0702271, -0.0176416, -0.0265622, -0.00695589, -0.0250531, -0.0213363, -0.0299969, -0.0120307, -0.0521298, -0.0176416, -0.0265622, -0.00695589, -0.0250531, -0.0224663, -0.0250217, -0.0174879, -0.0322487, 0.00139202, -0.00557977, -0.0232893, -0.0455517, -0.00448261, -0.0499913, -0.0213363, -0.0299969, 0.00283229, -0.00176454, -0.00611131, -0.0393035, 0.00698028, -0.153787, -0.0152418, -0.0702271, -0.0174879, -0.0322487, -0.00502635, -0.0286925, 0.000219381, -0.0128837, -0.0021943, -0.0382455, 0.000219381, -0.0128837, 0.00139202, -0.00557977, -0.000933325, -0.00724703, 0.00139202, -0.00557977, ],[0.00181791, -0.00520082, 0.0052751, -0.00707525, 0.00737006, -0.0251096, -0.0168632, -0.0313706, 0.00473479, -0.000505029, 0.00181791, -0.00520082, -0.00924543, -0.0295672, -0.0040486, -0.0254737, -0.00924543, -0.0295672, 0.00473479, -0.000505029, -0.0168632, -0.0313706, 0.00737006, -0.0251096, 0.00488687, -0.0484631, 0.0483297, -0.0884634, 0.00488687, -0.0484631, 0.00232933, -0.0135836, 0.000320592, -0.0639369, -0.012844, -0.0280188, -0.0185237, -0.0245837, -0.0168632, -0.0313706, -0.118516, -0.0488714, -0.0131743, -0.0448365, -0.0651605, -0.0716126, -0.0111739, -0.0971664, -0.0131743, -0.0448365, 0.00181791, -0.00520082, 0.00232933, -0.0135836, 0.00370949, -0.0367862, 0.00490751, -0.035648, 0.0530159, -0.138437, -0.00138317, -0.0479867, 0.0052751, -0.00707525, 0.00737006, -0.0251096, -0.0131743, -0.0448365, 0.00488687, -0.0484631, 0.00490751, -0.035648, 0.0530159, -0.138437, 0.000320592, -0.0639369, -0.00924543, -0.0295672, 0.00488687, -0.0484631, -0.0651605, -0.0716126, 0.00488687, -0.0484631, -0.0111739, -0.0971664, 0.0483297, -0.0884634, 0.00737006, -0.0251096, -0.00924543, -0.0295672, 0.000320592, -0.0639369, 0.0530159, -0.138437, 0.0530159, -0.138437, 0.241531, -0.6743, 0.0530159, -0.138437, 0.00737006, -0.0251096, 0.0483297, -0.0884634, -0.0111739, -0.0971664, 0.0483297, -0.0884634, -0.0040486, -0.0254737, -0.012844, -0.0280188, -0.00138317, -0.0479867, 0.000320592, -0.0639369, 0.0530159, -0.138437, 0.00370949, -0.0367862, -0.0168632, -0.0313706, 0.00488687, -0.0484631, -0.0131743, -0.0448365, 0.00737006, -0.0251096, 0.00181791, -0.00520082, -0.00924543, -0.0295672, -0.0185237, -0.0245837, -0.00924543, -0.0295672, 0.00473479, -0.000505029, 0.00232933, -0.0135836, 0.00370949, -0.0367862, 0.00232933, -0.0135836, 0.00181791, -0.00520082, -0.0131743, -0.0448365, -0.118516, -0.0488714, -0.0168632, -0.0313706, -0.0131743, -0.0448365, 0.00737006, -0.0251096, 0.0052751, -0.00707525, -0.0185237, -0.0245837, -0.012844, -0.0280188, 0.000320592, -0.0639369, -0.00138317, -0.0479867, 0.0530159, -0.138437, 0.00490751, -0.035648, -0.0131743, -0.0448365, -0.0111739, -0.0971664, -0.0651605, -0.0716126, 0.00488687, -0.0484631, -0.012844, -0.0280188, -0.0145144, 0.0167444, -0.012844, -0.0280188, -0.012844, -0.0280188, 0.000320592, -0.0639369, 0.00232933, -0.0135836, -0.118516, -0.0488714, -0.0651605, -0.0716126, -0.118516, -0.0488714, -0.0168632, -0.0313706, 0.00232933, -0.0135836, 0.000320592, -0.0639369, -0.012844, -0.0280188, -0.0040486, -0.0254737, -0.0168632, -0.0313706, -0.00138317, -0.0479867, -0.012844, -0.0280188, -0.0040486, -0.0254737, -0.0185237, -0.0245837, -0.00924543, -0.0295672, 0.00181791, -0.00520082, -0.0131743, -0.0448365, 0.00488687, -0.0484631, -0.0168632, -0.0313706, 0.00473479, -0.000505029, 0.00370949, -0.0367862, 0.0530159, -0.138437, 0.000320592, -0.0639369, -0.00924543, -0.0295672, 0.00737006, -0.0251096, 0.00232933, -0.0135836, 0.00490751, -0.035648, 0.00232933, -0.0135836, 0.00181791, -0.00520082, 0.0052751, -0.00707525, 0.00181791, -0.00520082, ],]
##############################################################################
clock_duration  =         4919.12
tau =                     1.33207
total_steps =             32
time_step =               0.0416271
best_mc_result =          0.0794117
best_mc_result_non_secondary =          0.0821949
evolved_target_dot_squared =  0.920588
distance =          0.129402
j_protocol =  [[1, 1, 1, 1, 1, 1, 1, 1, 1, 1, 1, 1, 1, 1, 1, 1, 1, 1, 1, 1, 1, 1, 1, 1, 1, 1, 1, 1, 1, 1, 1, 1, ],[1, 1, 1, 1, 1, 1, 1, 1, 1, 1, 1, 1, 1, 1, 1, 1, 1, 1, 1, 1, 1, 1, 1, 1, 1, 1, 1, 1, 1, 1, 1, 1, ],]
k_protocol =  [[1, 1, 1, 0, 1, 0, 0, 0, 0, 1, 1, 1, 1, 0, 0, 1, 0, 1, 1, 1, 0, 0, 1, 1, 0, 1, 1, 1, 1, 0, 0, 0, ],[1, 1, 1, 0, 0, 1, 0, 0, 1, 1, 0, 0, 1, 1, 0, 1, 1, 0, 0, 1, 1, 1, 0, 0, 1, 1, 1, 1, 1, 0, 0, 0, ],]
j_protocol_secondary =  [0.00878729, 0.153335, 0.153335, 0.249059, 0.249059, 0.666272, 0.666272, 0.769621, 0.769621, 0.989161, 0.989161, 1.0883, 1.0883, 1.2725, 1.2725, 1.33207, ]
k_protocol_secondary =  [0, 0.136293, 0.214581, 0.24321, 0.332332, 0.431624, 0.496041, 0.578751, 0.627812, 0.71029, 0.787757, 0.914839, 1.00175, 1.21347, 1.33207, 1.33207, ]
best_evolved_state = [0.00538769, 0.00216938, 0.0105344, 0.00949065, 0.0215142, 0.0260607, 0.0199295, -0.00683341, 0.00878335, 0.00573769, 0.00538769, 0.00216938, 0.0223521, -0.0111687, 0.0240841, -0.0138196, 0.0223521, -0.0111687, 0.00878335, 0.00573769, 0.0199295, -0.00683341, 0.0215142, 0.0260607, 0.0396873, 0.00685699, 0.0544104, 0.0659387, 0.0396873, 0.00685699, 0.0211711, 0.00953481, 0.0662192, 0.023794, 0.0304363, 0.0026682, 0.0109786, -0.0160631, 0.0199295, -0.00683341, 0.0210841, -0.0253716, 0.036643, -0.0138249, 0.0726362, 0.00185898, 0.0754452, 0.0269005, 0.036643, -0.0138249, 0.00538769, 0.00216938, 0.0211711, 0.00953481, 0.0229731, 0.0186024, 0.0253829, 0.0244978, 0.118288, 0.112413, 0.0198572, 0.00145379, 0.0105344, 0.00949065, 0.0215142, 0.0260607, 0.036643, -0.0138249, 0.0396873, 0.00685699, 0.0253829, 0.0244978, 0.118288, 0.112413, 0.0662192, 0.023794, 0.0223521, -0.0111687, 0.0396873, 0.00685699, 0.0726362, 0.00185898, 0.0396873, 0.00685699, 0.0754452, 0.0269005, 0.0544104, 0.0659387, 0.0215142, 0.0260607, 0.0223521, -0.0111687, 0.0662192, 0.023794, 0.118288, 0.112413, 0.118288, 0.112413, 0.588902, 0.496606, 0.118288, 0.112413, 0.0215142, 0.0260607, 0.0544104, 0.0659387, 0.0754452, 0.0269005, 0.0544104, 0.0659387, 0.0240841, -0.0138196, 0.0304363, 0.0026682, 0.0198572, 0.00145379, 0.0662192, 0.023794, 0.118288, 0.112413, 0.0229731, 0.0186024, 0.0199295, -0.00683341, 0.0396873, 0.00685699, 0.036643, -0.0138249, 0.0215142, 0.0260607, 0.00538769, 0.00216938, 0.0223521, -0.0111687, 0.0109786, -0.0160631, 0.0223521, -0.0111687, 0.00878335, 0.00573769, 0.0211711, 0.00953481, 0.0229731, 0.0186024, 0.0211711, 0.00953481, 0.00538769, 0.00216938, 0.036643, -0.0138249, 0.0210841, -0.0253716, 0.0199295, -0.00683341, 0.036643, -0.0138249, 0.0215142, 0.0260607, 0.0105344, 0.00949065, 0.0109786, -0.0160631, 0.0304363, 0.0026682, 0.0662192, 0.023794, 0.0198572, 0.00145379, 0.118288, 0.112413, 0.0253829, 0.0244978, 0.036643, -0.0138249, 0.0754452, 0.0269005, 0.0726362, 0.00185898, 0.0396873, 0.00685699, 0.0304363, 0.0026682, 0.00639735, 0.0514621, 0.0304363, 0.0026682, 0.0304363, 0.0026682, 0.0662192, 0.023794, 0.0211711, 0.00953481, 0.0210841, -0.0253716, 0.0726362, 0.00185898, 0.0210841, -0.0253716, 0.0199295, -0.00683341, 0.0211711, 0.00953481, 0.0662192, 0.023794, 0.0304363, 0.0026682, 0.0240841, -0.0138196, 0.0199295, -0.00683341, 0.0198572, 0.00145379, 0.0304363, 0.0026682, 0.0240841, -0.0138196, 0.0109786, -0.0160631, 0.0223521, -0.0111687, 0.00538769, 0.00216938, 0.036643, -0.0138249, 0.0396873, 0.00685699, 0.0199295, -0.00683341, 0.00878335, 0.00573769, 0.0229731, 0.0186024, 0.118288, 0.112413, 0.0662192, 0.023794, 0.0223521, -0.0111687, 0.0215142, 0.0260607, 0.0211711, 0.00953481, 0.0253829, 0.0244978, 0.0211711, 0.00953481, 0.00538769, 0.00216938, 0.0105344, 0.00949065, 0.00538769, 0.00216938, ]
best_mc_result_fixed_tau =   [0.082667, 0.0821949, ]
evolved_state_fixed_tau =   [[0.00629564, 0.00275796, 0.0110681, 0.0104642, 0.0236766, 0.0296827, 0.0217026, -0.00567725, 0.00983155, 0.00775683, 0.00629564, 0.00275796, 0.0209148, -0.00900832, 0.0241056, -0.0137746, 0.0209148, -0.00900832, 0.00983155, 0.00775683, 0.0217026, -0.00567725, 0.0236766, 0.0296827, 0.0417418, 0.00663363, 0.0652116, 0.0671138, 0.0417418, 0.00663363, 0.0229853, 0.00883817, 0.0663105, 0.0202244, 0.0319648, 0.00182543, 0.00816259, -0.0150223, 0.0217026, -0.00567725, 0.0323813, -0.0280925, 0.0375206, -0.011873, 0.0743638, -0.00321312, 0.0763567, 0.0298732, 0.0375206, -0.011873, 0.00629564, 0.00275796, 0.0229853, 0.00883817, 0.0232148, 0.0188566, 0.0258625, 0.0214383, 0.127145, 0.107812, 0.0192024, 0.00198462, 0.0110681, 0.0104642, 0.0236766, 0.0296827, 0.0375206, -0.011873, 0.0417418, 0.00663363, 0.0258625, 0.0214383, 0.127145, 0.107812, 0.0663105, 0.0202244, 0.0209148, -0.00900832, 0.0417418, 0.00663363, 0.0743638, -0.00321312, 0.0417418, 0.00663363, 0.0763567, 0.0298732, 0.0652116, 0.0671138, 0.0236766, 0.0296827, 0.0209148, -0.00900832, 0.0663105, 0.0202244, 0.127145, 0.107812, 0.127145, 0.107812, 0.628142, 0.418503, 0.127145, 0.107812, 0.0236766, 0.0296827, 0.0652116, 0.0671138, 0.0763567, 0.0298732, 0.0652116, 0.0671138, 0.0241056, -0.0137746, 0.0319648, 0.00182543, 0.0192024, 0.00198462, 0.0663105, 0.0202244, 0.127145, 0.107812, 0.0232148, 0.0188566, 0.0217026, -0.00567725, 0.0417418, 0.00663363, 0.0375206, -0.011873, 0.0236766, 0.0296827, 0.00629564, 0.00275796, 0.0209148, -0.00900832, 0.00816259, -0.0150223, 0.0209148, -0.00900832, 0.00983155, 0.00775683, 0.0229853, 0.00883817, 0.0232148, 0.0188566, 0.0229853, 0.00883817, 0.00629564, 0.00275796, 0.0375206, -0.011873, 0.0323813, -0.0280925, 0.0217026, -0.00567725, 0.0375206, -0.011873, 0.0236766, 0.0296827, 0.0110681, 0.0104642, 0.00816259, -0.0150223, 0.0319648, 0.00182543, 0.0663105, 0.0202244, 0.0192024, 0.00198462, 0.127145, 0.107812, 0.0258625, 0.0214383, 0.0375206, -0.011873, 0.0763567, 0.0298732, 0.0743638, -0.00321312, 0.0417418, 0.00663363, 0.0319648, 0.00182543, 0.0127794, 0.0522142, 0.0319648, 0.00182543, 0.0319648, 0.00182543, 0.0663105, 0.0202244, 0.0229853, 0.00883817, 0.0323813, -0.0280925, 0.0743638, -0.00321312, 0.0323813, -0.0280925, 0.0217026, -0.00567725, 0.0229853, 0.00883817, 0.0663105, 0.0202244, 0.0319648, 0.00182543, 0.0241056, -0.0137746, 0.0217026, -0.00567725, 0.0192024, 0.00198462, 0.0319648, 0.00182543, 0.0241056, -0.0137746, 0.00816259, -0.0150223, 0.0209148, -0.00900832, 0.00629564, 0.00275796, 0.0375206, -0.011873, 0.0417418, 0.00663363, 0.0217026, -0.00567725, 0.00983155, 0.00775683, 0.0232148, 0.0188566, 0.127145, 0.107812, 0.0663105, 0.0202244, 0.0209148, -0.00900832, 0.0236766, 0.0296827, 0.0229853, 0.00883817, 0.0258625, 0.0214383, 0.0229853, 0.00883817, 0.00629564, 0.00275796, 0.0110681, 0.0104642, 0.00629564, 0.00275796, ],[0.00537802, 0.00232629, 0.00882942, 0.0107779, 0.0185526, 0.026236, 0.0217548, -0.00590971, 0.00741468, 0.00601829, 0.00537802, 0.00232629, 0.0214387, -0.0122434, 0.0254179, -0.0127587, 0.0214387, -0.0122434, 0.00741468, 0.00601829, 0.0217548, -0.00590971, 0.0185526, 0.026236, 0.0422528, 0.00820318, 0.061623, 0.0701938, 0.0422528, 0.00820318, 0.0222303, 0.0114572, 0.0683943, 0.020352, 0.0324022, 0.00357156, 0.0118568, -0.0183492, 0.0217548, -0.00590971, 0.0334209, -0.0223053, 0.0364155, -0.0128957, 0.079339, -0.00207955, 0.0753693, 0.0229983, 0.0364155, -0.0128957, 0.00537802, 0.00232629, 0.0222303, 0.0114572, 0.0250529, 0.0177807, 0.0292388, 0.0234944, 0.121136, 0.105698, 0.0229931, -0.000411924, 0.00882942, 0.0107779, 0.0185526, 0.026236, 0.0364155, -0.0128957, 0.0422528, 0.00820318, 0.0292388, 0.0234944, 0.121136, 0.105698, 0.0683943, 0.020352, 0.0214387, -0.0122434, 0.0422528, 0.00820318, 0.079339, -0.00207955, 0.0422528, 0.00820318, 0.0753693, 0.0229983, 0.061623, 0.0701938, 0.0185526, 0.026236, 0.0214387, -0.0122434, 0.0683943, 0.020352, 0.121136, 0.105698, 0.121136, 0.105698, 0.620376, 0.445034, 0.121136, 0.105698, 0.0185526, 0.026236, 0.061623, 0.0701938, 0.0753693, 0.0229983, 0.061623, 0.0701938, 0.0254179, -0.0127587, 0.0324022, 0.00357156, 0.0229931, -0.000411924, 0.0683943, 0.020352, 0.121136, 0.105698, 0.0250529, 0.0177807, 0.0217548, -0.00590971, 0.0422528, 0.00820318, 0.0364155, -0.0128957, 0.0185526, 0.026236, 0.00537802, 0.00232629, 0.0214387, -0.0122434, 0.0118568, -0.0183492, 0.0214387, -0.0122434, 0.00741468, 0.00601829, 0.0222303, 0.0114572, 0.0250529, 0.0177807, 0.0222303, 0.0114572, 0.00537802, 0.00232629, 0.0364155, -0.0128957, 0.0334209, -0.0223053, 0.0217548, -0.00590971, 0.0364155, -0.0128957, 0.0185526, 0.026236, 0.00882942, 0.0107779, 0.0118568, -0.0183492, 0.0324022, 0.00357156, 0.0683943, 0.020352, 0.0229931, -0.000411924, 0.121136, 0.105698, 0.0292388, 0.0234944, 0.0364155, -0.0128957, 0.0753693, 0.0229983, 0.079339, -0.00207955, 0.0422528, 0.00820318, 0.0324022, 0.00357156, 0.00460993, 0.0511618, 0.0324022, 0.00357156, 0.0324022, 0.00357156, 0.0683943, 0.020352, 0.0222303, 0.0114572, 0.0334209, -0.0223053, 0.079339, -0.00207955, 0.0334209, -0.0223053, 0.0217548, -0.00590971, 0.0222303, 0.0114572, 0.0683943, 0.020352, 0.0324022, 0.00357156, 0.0254179, -0.0127587, 0.0217548, -0.00590971, 0.0229931, -0.000411924, 0.0324022, 0.00357156, 0.0254179, -0.0127587, 0.0118568, -0.0183492, 0.0214387, -0.0122434, 0.00537802, 0.00232629, 0.0364155, -0.0128957, 0.0422528, 0.00820318, 0.0217548, -0.00590971, 0.00741468, 0.00601829, 0.0250529, 0.0177807, 0.121136, 0.105698, 0.0683943, 0.020352, 0.0214387, -0.0122434, 0.0185526, 0.026236, 0.0222303, 0.0114572, 0.0292388, 0.0234944, 0.0222303, 0.0114572, 0.00537802, 0.00232629, 0.00882942, 0.0107779, 0.00537802, 0.00232629, ],]
##############################################################################
clock_duration  =         6269.99
tau =                     1.46527
total_steps =             32
time_step =               0.0457898
best_mc_result =          0.0447549
best_mc_result_non_secondary =          0.0503343
evolved_target_dot_squared =  0.955245
distance =          0.0729285
j_protocol =  [[1, 1, 1, 1, 1, 1, 1, 1, 1, 1, 1, 1, 1, 1, 1, 1, 1, 1, 1, 1, 1, 1, 1, 1, 1, 1, 1, 1, 1, 1, 1, 1, ],[1, 1, 1, 1, 1, 1, 1, 1, 1, 1, 1, 1, 1, 1, 1, 1, 1, 1, 1, 1, 1, 1, 1, 1, 1, 1, 1, 1, 1, 1, 1, 1, ],]
k_protocol =  [[1, 1, 1, 0, 0, 1, 0, 0, 1, 1, 1, 1, 0, 0, 0, 1, 1, 1, 1, 0, 1, 0, 0, 1, 1, 1, 0, 1, 1, 1, 0, 0, ],[1, 1, 1, 0, 0, 0, 1, 1, 0, 0, 1, 1, 1, 0, 1, 0, 0, 0, 1, 1, 1, 1, 0, 1, 0, 0, 1, 1, 1, 1, 0, 0, ],]
j_protocol_secondary =  [0.00791864, 0.0480728, 0.0480728, 0.126427, 0.126427, 0.192416, 0.192416, 0.953755, 0.953755, 1.24719, 1.24719, 1.2719, 1.2719, 1.38708, 1.38708, 1.46527, ]
k_protocol_secondary =  [0, 0.131286, 0.230171, 0.265912, 0.358563, 0.551178, 0.577867, 0.57869, 0.710831, 0.882296, 0.909165, 0.969131, 1.06646, 1.17879, 1.22345, 1.36728, ]
best_evolved_state = [0.00267793, 0.00114077, -0.00260497, 0.0138424, -0.0101874, 0.0320073, 0.00779884, 0.0130461, 0.00810491, -0.000972567, 0.00267793, 0.00114077, 0.0127668, 0.012077, 0.018353, 7.39562e-05, 0.0127668, 0.012077, 0.00810491, -0.000972567, 0.00779884, 0.0130461, -0.0101874, 0.0320073, 0.00147052, 0.0241337, -0.0519281, 0.0663411, 0.00147052, 0.0241337, 0.00276749, 0.0116094, -0.0015646, 0.0609439, 0.00303302, 0.0213399, 0.0135725, 0.00196172, 0.00779884, 0.0130461, 0.00148875, 0.0196791, 0.0145103, 0.00577779, 0.00978169, 0.0592753, -0.0173207, 0.0710109, 0.0145103, 0.00577779, 0.00267793, 0.00114077, 0.00276749, 0.0116094, -0.0100627, 0.0320213, -0.0181183, 0.0368922, -0.0769118, 0.148042, -0.0113372, 0.017884, -0.00260497, 0.0138424, -0.0101874, 0.0320073, 0.0145103, 0.00577779, 0.00147052, 0.0241337, -0.0181183, 0.0368922, -0.0769118, 0.148042, -0.0015646, 0.0609439, 0.0127668, 0.012077, 0.00147052, 0.0241337, 0.00978169, 0.0592753, 0.00147052, 0.0241337, -0.0173207, 0.0710109, -0.0519281, 0.0663411, -0.0101874, 0.0320073, 0.0127668, 0.012077, -0.0015646, 0.0609439, -0.0769118, 0.148042, -0.0769118, 0.148042, -0.349315, 0.717054, -0.0769118, 0.148042, -0.0101874, 0.0320073, -0.0519281, 0.0663411, -0.0173207, 0.0710109, -0.0519281, 0.0663411, 0.018353, 7.39562e-05, 0.00303302, 0.0213399, -0.0113372, 0.017884, -0.0015646, 0.0609439, -0.0769118, 0.148042, -0.0100627, 0.0320213, 0.00779884, 0.0130461, 0.00147052, 0.0241337, 0.0145103, 0.00577779, -0.0101874, 0.0320073, 0.00267793, 0.00114077, 0.0127668, 0.012077, 0.0135725, 0.00196172, 0.0127668, 0.012077, 0.00810491, -0.000972567, 0.00276749, 0.0116094, -0.0100627, 0.0320213, 0.00276749, 0.0116094, 0.00267793, 0.00114077, 0.0145103, 0.00577779, 0.00148875, 0.0196791, 0.00779884, 0.0130461, 0.0145103, 0.00577779, -0.0101874, 0.0320073, -0.00260497, 0.0138424, 0.0135725, 0.00196172, 0.00303302, 0.0213399, -0.0015646, 0.0609439, -0.0113372, 0.017884, -0.0769118, 0.148042, -0.0181183, 0.0368922, 0.0145103, 0.00577779, -0.0173207, 0.0710109, 0.00978169, 0.0592753, 0.00147052, 0.0241337, 0.00303302, 0.0213399, -0.0301719, 0.0603643, 0.00303302, 0.0213399, 0.00303302, 0.0213399, -0.0015646, 0.0609439, 0.00276749, 0.0116094, 0.00148875, 0.0196791, 0.00978169, 0.0592753, 0.00148875, 0.0196791, 0.00779884, 0.0130461, 0.00276749, 0.0116094, -0.0015646, 0.0609439, 0.00303302, 0.0213399, 0.018353, 7.39562e-05, 0.00779884, 0.0130461, -0.0113372, 0.017884, 0.00303302, 0.0213399, 0.018353, 7.39562e-05, 0.0135725, 0.00196172, 0.0127668, 0.012077, 0.00267793, 0.00114077, 0.0145103, 0.00577779, 0.00147052, 0.0241337, 0.00779884, 0.0130461, 0.00810491, -0.000972567, -0.0100627, 0.0320213, -0.0769118, 0.148042, -0.0015646, 0.0609439, 0.0127668, 0.012077, -0.0101874, 0.0320073, 0.00276749, 0.0116094, -0.0181183, 0.0368922, 0.00276749, 0.0116094, 0.00267793, 0.00114077, -0.00260497, 0.0138424, 0.00267793, 0.00114077, ]
best_mc_result_fixed_tau =   [0.0503343, 0.0524923, ]
evolved_state_fixed_tau =   [[0.000144073, 0.00297811, -0.00119576, 0.0146294, -0.0113865, 0.0345245, 0.00567503, 0.0101087, 0.00377393, 0.0024777, 0.000144073, 0.00297811, 0.0116169, 0.0135785, 0.0179498, -0.00043196, 0.0116169, 0.0135785, 0.00377393, 0.0024777, 0.00567503, 0.0101087, -0.0113865, 0.0345245, 0.0022414, 0.0204321, -0.0571791, 0.0398716, 0.0022414, 0.0204321, 0.00354614, 0.0103878, -0.0114773, 0.0591744, 0.00240186, 0.0184147, 0.0093555, 4.72626e-05, 0.00567503, 0.0101087, -0.00372968, 0.00492511, 0.0145878, 0.00798388, -0.00492963, 0.0539074, -0.0281079, 0.070358, 0.0145878, 0.00798388, 0.000144073, 0.00297811, 0.00354614, 0.0103878, -0.014534, 0.0248838, -0.0218926, 0.0278364, -0.101659, 0.132752, -0.0156856, 0.00880494, -0.00119576, 0.0146294, -0.0113865, 0.0345245, 0.0145878, 0.00798388, 0.0022414, 0.0204321, -0.0218926, 0.0278364, -0.101659, 0.132752, -0.0114773, 0.0591744, 0.0116169, 0.0135785, 0.0022414, 0.0204321, -0.00492963, 0.0539074, 0.0022414, 0.0204321, -0.0281079, 0.070358, -0.0571791, 0.0398716, -0.0113865, 0.0345245, 0.0116169, 0.0135785, -0.0114773, 0.0591744, -0.101659, 0.132752, -0.101659, 0.132752, -0.50671, 0.62877, -0.101659, 0.132752, -0.0113865, 0.0345245, -0.0571791, 0.0398716, -0.0281079, 0.070358, -0.0571791, 0.0398716, 0.0179498, -0.00043196, 0.00240186, 0.0184147, -0.0156856, 0.00880494, -0.0114773, 0.0591744, -0.101659, 0.132752, -0.014534, 0.0248838, 0.00567503, 0.0101087, 0.0022414, 0.0204321, 0.0145878, 0.00798388, -0.0113865, 0.0345245, 0.000144073, 0.00297811, 0.0116169, 0.0135785, 0.0093555, 4.72626e-05, 0.0116169, 0.0135785, 0.00377393, 0.0024777, 0.00354614, 0.0103878, -0.014534, 0.0248838, 0.00354614, 0.0103878, 0.000144073, 0.00297811, 0.0145878, 0.00798388, -0.00372968, 0.00492511, 0.00567503, 0.0101087, 0.0145878, 0.00798388, -0.0113865, 0.0345245, -0.00119576, 0.0146294, 0.0093555, 4.72626e-05, 0.00240186, 0.0184147, -0.0114773, 0.0591744, -0.0156856, 0.00880494, -0.101659, 0.132752, -0.0218926, 0.0278364, 0.0145878, 0.00798388, -0.0281079, 0.070358, -0.00492963, 0.0539074, 0.0022414, 0.0204321, 0.00240186, 0.0184147, -0.0377084, 0.0605597, 0.00240186, 0.0184147, 0.00240186, 0.0184147, -0.0114773, 0.0591744, 0.00354614, 0.0103878, -0.00372968, 0.00492511, -0.00492963, 0.0539074, -0.00372968, 0.00492511, 0.00567503, 0.0101087, 0.00354614, 0.0103878, -0.0114773, 0.0591744, 0.00240186, 0.0184147, 0.0179498, -0.00043196, 0.00567503, 0.0101087, -0.0156856, 0.00880494, 0.00240186, 0.0184147, 0.0179498, -0.00043196, 0.0093555, 4.72626e-05, 0.0116169, 0.0135785, 0.000144073, 0.00297811, 0.0145878, 0.00798388, 0.0022414, 0.0204321, 0.00567503, 0.0101087, 0.00377393, 0.0024777, -0.014534, 0.0248838, -0.101659, 0.132752, -0.0114773, 0.0591744, 0.0116169, 0.0135785, -0.0113865, 0.0345245, 0.00354614, 0.0103878, -0.0218926, 0.0278364, 0.00354614, 0.0103878, 0.000144073, 0.00297811, -0.00119576, 0.0146294, 0.000144073, 0.00297811, ],[0.00634634, 0.00320212, -0.00303155, 0.0118208, -0.00488235, 0.0306059, 0.00449674, 0.0147026, 0.0145964, 0.00435457, 0.00634634, 0.00320212, 0.0159751, 0.0104364, 0.0211855, 0.00257377, 0.0159751, 0.0104364, 0.0145964, 0.00435457, 0.00449674, 0.0147026, -0.00488235, 0.0306059, 0.00547327, 0.0256783, -0.0431436, 0.0803205, 0.00547327, 0.0256783, 0.00265995, 0.0139051, 0.00494513, 0.0655218, 0.00187337, 0.0234902, 0.0154057, 0.00517765, 0.00449674, 0.0147026, -0.0178331, 0.0351488, 0.0191212, 0.00596939, 0.00901156, 0.0731588, -0.00512056, 0.0734027, 0.0191212, 0.00596939, 0.00634634, 0.00320212, 0.00265995, 0.0139051, -0.00910026, 0.0366363, -0.0175308, 0.0418161, -0.0530185, 0.156228, -0.00965607, 0.0218278, -0.00303155, 0.0118208, -0.00488235, 0.0306059, 0.0191212, 0.00596939, 0.00547327, 0.0256783, -0.0175308, 0.0418161, -0.0530185, 0.156228, 0.00494513, 0.0655218, 0.0159751, 0.0104364, 0.00547327, 0.0256783, 0.00901156, 0.0731588, 0.00547327, 0.0256783, -0.00512056, 0.0734027, -0.0431436, 0.0803205, -0.00488235, 0.0306059, 0.0159751, 0.0104364, 0.00494513, 0.0655218, -0.0530185, 0.156228, -0.0530185, 0.156228, -0.280835, 0.72995, -0.0530185, 0.156228, -0.00488235, 0.0306059, -0.0431436, 0.0803205, -0.00512056, 0.0734027, -0.0431436, 0.0803205, 0.0211855, 0.00257377, 0.00187337, 0.0234902, -0.00965607, 0.0218278, 0.00494513, 0.0655218, -0.0530185, 0.156228, -0.00910026, 0.0366363, 0.00449674, 0.0147026, 0.00547327, 0.0256783, 0.0191212, 0.00596939, -0.00488235, 0.0306059, 0.00634634, 0.00320212, 0.0159751, 0.0104364, 0.0154057, 0.00517765, 0.0159751, 0.0104364, 0.0145964, 0.00435457, 0.00265995, 0.0139051, -0.00910026, 0.0366363, 0.00265995, 0.0139051, 0.00634634, 0.00320212, 0.0191212, 0.00596939, -0.0178331, 0.0351488, 0.00449674, 0.0147026, 0.0191212, 0.00596939, -0.00488235, 0.0306059, -0.00303155, 0.0118208, 0.0154057, 0.00517765, 0.00187337, 0.0234902, 0.00494513, 0.0655218, -0.00965607, 0.0218278, -0.0530185, 0.156228, -0.0175308, 0.0418161, 0.0191212, 0.00596939, -0.00512056, 0.0734027, 0.00901156, 0.0731588, 0.00547327, 0.0256783, 0.00187337, 0.0234902, -0.0348993, 0.0606398, 0.00187337, 0.0234902, 0.00187337, 0.0234902, 0.00494513, 0.0655218, 0.00265995, 0.0139051, -0.0178331, 0.0351488, 0.00901156, 0.0731588, -0.0178331, 0.0351488, 0.00449674, 0.0147026, 0.00265995, 0.0139051, 0.00494513, 0.0655218, 0.00187337, 0.0234902, 0.0211855, 0.00257377, 0.00449674, 0.0147026, -0.00965607, 0.0218278, 0.00187337, 0.0234902, 0.0211855, 0.00257377, 0.0154057, 0.00517765, 0.0159751, 0.0104364, 0.00634634, 0.00320212, 0.0191212, 0.00596939, 0.00547327, 0.0256783, 0.00449674, 0.0147026, 0.0145964, 0.00435457, -0.00910026, 0.0366363, -0.0530185, 0.156228, 0.00494513, 0.0655218, 0.0159751, 0.0104364, -0.00488235, 0.0306059, 0.00265995, 0.0139051, -0.0175308, 0.0418161, 0.00265995, 0.0139051, 0.00634634, 0.00320212, -0.00303155, 0.0118208, 0.00634634, 0.00320212, ],]
##############################################################################
clock_duration  =         7673.44
tau =                     1.6118
total_steps =             32
time_step =               0.0503688
best_mc_result =          0.0229731
best_mc_result_non_secondary =          0.0287919
evolved_target_dot_squared =  0.977027
distance =          0.0374348
j_protocol =  [[1, 1, 1, 1, 1, 1, 1, 1, 1, 1, 1, 1, 1, 1, 1, 1, 1, 1, 1, 1, 1, 1, 1, 1, 1, 1, 1, 1, 1, 1, 1, 1, ],[1, 1, 1, 1, 1, 1, 1, 1, 1, 1, 1, 1, 1, 1, 1, 1, 1, 1, 1, 1, 1, 1, 1, 1, 1, 1, 1, 1, 1, 1, 1, 1, ],]
k_protocol =  [[1, 1, 0, 0, 1, 0, 0, 1, 1, 1, 1, 0, 0, 0, 1, 0, 1, 1, 1, 1, 0, 0, 1, 0, 1, 1, 0, 1, 1, 1, 0, 0, ],[1, 0, 0, 1, 1, 1, 0, 0, 0, 1, 1, 1, 0, 0, 1, 1, 0, 0, 1, 1, 1, 1, 0, 0, 1, 0, 1, 1, 1, 1, 0, 0, ],]
j_protocol_secondary =  [0.00669604, 0.0219542, 0.0219542, 0.0530537, 0.0530537, 0.0718414, 0.0718414, 0.174646, 0.174646, 0.304849, 0.304849, 0.576502, 0.576502, 1.23787, 1.23787, 1.6118, ]
k_protocol_secondary =  [0, 0.118013, 0.20199, 0.23498, 0.357127, 0.567583, 0.693841, 0.753662, 0.816296, 1.00337, 1.09924, 1.16489, 1.20782, 1.30009, 1.3613, 1.52961, ]
best_evolved_state = [0.0017898, -0.00298855, -0.00985149, 0.0039262, -0.0193733, -0.00165771, -0.00387379, 0.00744334, 0.00793513, -0.00663428, 0.0017898, -0.00298855, -0.00277862, 0.0117151, 0.00572073, -0.0012412, -0.00277862, 0.0117151, 0.00793513, -0.00663428, -0.00387379, 0.00744334, -0.0193733, -0.00165771, -0.0198461, -0.00970249, -0.0690757, -0.0468372, -0.0198461, -0.00970249, -0.00878281, -0.00567144, -0.0482274, -0.000249997, -0.0220522, -0.00120746, 0.00685495, 0.00793881, -0.00387379, 0.00744334, -0.0247347, -0.00670716, -0.00270603, -0.0121614, -0.0482781, 0.00323263, -0.0669728, -0.0176663, -0.00270603, -0.0121614, 0.0017898, -0.00298855, -0.00878281, -0.00567144, -0.0215253, -0.000233806, -0.0378435, -0.00368886, -0.153754, -0.0563862, -0.023624, -0.0115457, -0.00985149, 0.0039262, -0.0193733, -0.00165771, -0.00270603, -0.0121614, -0.0198461, -0.00970249, -0.0378435, -0.00368886, -0.153754, -0.0563862, -0.0482274, -0.000249997, -0.00277862, 0.0117151, -0.0198461, -0.00970249, -0.0482781, 0.00323263, -0.0198461, -0.00970249, -0.0669728, -0.0176663, -0.0690757, -0.0468372, -0.0193733, -0.00165771, -0.00277862, 0.0117151, -0.0482274, -0.000249997, -0.153754, -0.0563862, -0.153754, -0.0563862, -0.767433, -0.298385, -0.153754, -0.0563862, -0.0193733, -0.00165771, -0.0690757, -0.0468372, -0.0669728, -0.0176663, -0.0690757, -0.0468372, 0.00572073, -0.0012412, -0.0220522, -0.00120746, -0.023624, -0.0115457, -0.0482274, -0.000249997, -0.153754, -0.0563862, -0.0215253, -0.000233806, -0.00387379, 0.00744334, -0.0198461, -0.00970249, -0.00270603, -0.0121614, -0.0193733, -0.00165771, 0.0017898, -0.00298855, -0.00277862, 0.0117151, 0.00685495, 0.00793881, -0.00277862, 0.0117151, 0.00793513, -0.00663428, -0.00878281, -0.00567144, -0.0215253, -0.000233806, -0.00878281, -0.00567144, 0.0017898, -0.00298855, -0.00270603, -0.0121614, -0.0247347, -0.00670716, -0.00387379, 0.00744334, -0.00270603, -0.0121614, -0.0193733, -0.00165771, -0.00985149, 0.0039262, 0.00685495, 0.00793881, -0.0220522, -0.00120746, -0.0482274, -0.000249997, -0.023624, -0.0115457, -0.153754, -0.0563862, -0.0378435, -0.00368886, -0.00270603, -0.0121614, -0.0669728, -0.0176663, -0.0482781, 0.00323263, -0.0198461, -0.00970249, -0.0220522, -0.00120746, -0.0526155, 0.0203317, -0.0220522, -0.00120746, -0.0220522, -0.00120746, -0.0482274, -0.000249997, -0.00878281, -0.00567144, -0.0247347, -0.00670716, -0.0482781, 0.00323263, -0.0247347, -0.00670716, -0.00387379, 0.00744334, -0.00878281, -0.00567144, -0.0482274, -0.000249997, -0.0220522, -0.00120746, 0.00572073, -0.0012412, -0.00387379, 0.00744334, -0.023624, -0.0115457, -0.0220522, -0.00120746, 0.00572073, -0.0012412, 0.00685495, 0.00793881, -0.00277862, 0.0117151, 0.0017898, -0.00298855, -0.00270603, -0.0121614, -0.0198461, -0.00970249, -0.00387379, 0.00744334, 0.00793513, -0.00663428, -0.0215253, -0.000233806, -0.153754, -0.0563862, -0.0482274, -0.000249997, -0.00277862, 0.0117151, -0.0193733, -0.00165771, -0.00878281, -0.00567144, -0.0378435, -0.00368886, -0.00878281, -0.00567144, 0.0017898, -0.00298855, -0.00985149, 0.0039262, 0.0017898, -0.00298855, ]
best_mc_result_fixed_tau =   [0.0287919, 0.0349796, ]
evolved_state_fixed_tau =   [[-3.36216e-05, -0.00581436, -0.0123822, 0.00312304, -0.0275934, -0.00576389, -0.00306265, 0.00612424, 0.00589653, -0.0103966, -3.36216e-05, -0.00581436, -0.000881993, 0.0132274, 0.00623795, 0.00306076, -0.000881993, 0.0132274, 0.00589653, -0.0103966, -0.00306265, 0.00612424, -0.0275934, -0.00576389, -0.0243802, -0.000221129, -0.0728068, -0.0336269, -0.0243802, -0.000221129, -0.0125236, -0.00142492, -0.0519132, 0.00674428, -0.0239553, 0.00376474, 0.0142945, 0.00776877, -0.00306265, 0.00612424, -0.0359036, -0.00926544, -0.00438608, -0.00931282, -0.0508268, 0.00790232, -0.0715736, -0.0138504, -0.00438608, -0.00931282, -3.36216e-05, -0.00581436, -0.0125236, -0.00142492, -0.0201049, 0.0022864, -0.0369209, 0.00281997, -0.16293, -0.0374833, -0.0157492, -0.00736871, -0.0123822, 0.00312304, -0.0275934, -0.00576389, -0.00438608, -0.00931282, -0.0243802, -0.000221129, -0.0369209, 0.00281997, -0.16293, -0.0374833, -0.0519132, 0.00674428, -0.000881993, 0.0132274, -0.0243802, -0.000221129, -0.0508268, 0.00790232, -0.0243802, -0.000221129, -0.0715736, -0.0138504, -0.0728068, -0.0336269, -0.0275934, -0.00576389, -0.000881993, 0.0132274, -0.0519132, 0.00674428, -0.16293, -0.0374833, -0.16293, -0.0374833, -0.799107, -0.134436, -0.16293, -0.0374833, -0.0275934, -0.00576389, -0.0728068, -0.0336269, -0.0715736, -0.0138504, -0.0728068, -0.0336269, 0.00623795, 0.00306076, -0.0239553, 0.00376474, -0.0157492, -0.00736871, -0.0519132, 0.00674428, -0.16293, -0.0374833, -0.0201049, 0.0022864, -0.00306265, 0.00612424, -0.0243802, -0.000221129, -0.00438608, -0.00931282, -0.0275934, -0.00576389, -3.36216e-05, -0.00581436, -0.000881993, 0.0132274, 0.0142945, 0.00776877, -0.000881993, 0.0132274, 0.00589653, -0.0103966, -0.0125236, -0.00142492, -0.0201049, 0.0022864, -0.0125236, -0.00142492, -3.36216e-05, -0.00581436, -0.00438608, -0.00931282, -0.0359036, -0.00926544, -0.00306265, 0.00612424, -0.00438608, -0.00931282, -0.0275934, -0.00576389, -0.0123822, 0.00312304, 0.0142945, 0.00776877, -0.0239553, 0.00376474, -0.0519132, 0.00674428, -0.0157492, -0.00736871, -0.16293, -0.0374833, -0.0369209, 0.00281997, -0.00438608, -0.00931282, -0.0715736, -0.0138504, -0.0508268, 0.00790232, -0.0243802, -0.000221129, -0.0239553, 0.00376474, -0.0627493, 0.00473001, -0.0239553, 0.00376474, -0.0239553, 0.00376474, -0.0519132, 0.00674428, -0.0125236, -0.00142492, -0.0359036, -0.00926544, -0.0508268, 0.00790232, -0.0359036, -0.00926544, -0.00306265, 0.00612424, -0.0125236, -0.00142492, -0.0519132, 0.00674428, -0.0239553, 0.00376474, 0.00623795, 0.00306076, -0.00306265, 0.00612424, -0.0157492, -0.00736871, -0.0239553, 0.00376474, 0.00623795, 0.00306076, 0.0142945, 0.00776877, -0.000881993, 0.0132274, -3.36216e-05, -0.00581436, -0.00438608, -0.00931282, -0.0243802, -0.000221129, -0.00306265, 0.00612424, 0.00589653, -0.0103966, -0.0201049, 0.0022864, -0.16293, -0.0374833, -0.0519132, 0.00674428, -0.000881993, 0.0132274, -0.0275934, -0.00576389, -0.0125236, -0.00142492, -0.0369209, 0.00281997, -0.0125236, -0.00142492, -3.36216e-05, -0.00581436, -0.0123822, 0.00312304, -3.36216e-05, -0.00581436, ],[2.50516e-05, -2.36069e-05, -0.014248, 0.00167939, -0.0330294, -0.00321047, -0.00689258, 0.00226974, 0.0064888, 0.0012877, 2.50516e-05, -2.36069e-05, -0.00123542, 0.0100489, 0.0133621, 0.00849284, -0.00123542, 0.0100489, 0.0064888, 0.0012877, -0.00689258, 0.00226974, -0.0330294, -0.00321047, -0.0158154, 0.00338133, -0.0638419, -0.0338341, -0.0158154, 0.00338133, -0.00708955, 0.00441653, -0.0507366, 0.0109664, -0.0175321, 0.0054747, 0.0129832, 0.00489871, -0.00689258, 0.00226974, -0.0405069, -0.00661055, 0.00477587, -0.00320927, -0.0508267, 0.0154337, -0.0710043, -0.0153244, 0.00477587, -0.00320927, 2.50516e-05, -2.36069e-05, -0.00708955, 0.00441653, -0.0241765, -0.00184965, -0.0336551, -0.00226515, -0.158006, -0.0416987, -0.0127716, -0.0165033, -0.014248, 0.00167939, -0.0330294, -0.00321047, 0.00477587, -0.00320927, -0.0158154, 0.00338133, -0.0336551, -0.00226515, -0.158006, -0.0416987, -0.0507366, 0.0109664, -0.00123542, 0.0100489, -0.0158154, 0.00338133, -0.0508267, 0.0154337, -0.0158154, 0.00338133, -0.0710043, -0.0153244, -0.0638419, -0.0338341, -0.0330294, -0.00321047, -0.00123542, 0.0100489, -0.0507366, 0.0109664, -0.158006, -0.0416987, -0.158006, -0.0416987, -0.797256, -0.188174, -0.158006, -0.0416987, -0.0330294, -0.00321047, -0.0638419, -0.0338341, -0.0710043, -0.0153244, -0.0638419, -0.0338341, 0.0133621, 0.00849284, -0.0175321, 0.0054747, -0.0127716, -0.0165033, -0.0507366, 0.0109664, -0.158006, -0.0416987, -0.0241765, -0.00184965, -0.00689258, 0.00226974, -0.0158154, 0.00338133, 0.00477587, -0.00320927, -0.0330294, -0.00321047, 2.50516e-05, -2.36069e-05, -0.00123542, 0.0100489, 0.0129832, 0.00489871, -0.00123542, 0.0100489, 0.0064888, 0.0012877, -0.00708955, 0.00441653, -0.0241765, -0.00184965, -0.00708955, 0.00441653, 2.50516e-05, -2.36069e-05, 0.00477587, -0.00320927, -0.0405069, -0.00661055, -0.00689258, 0.00226974, 0.00477587, -0.00320927, -0.0330294, -0.00321047, -0.014248, 0.00167939, 0.0129832, 0.00489871, -0.0175321, 0.0054747, -0.0507366, 0.0109664, -0.0127716, -0.0165033, -0.158006, -0.0416987, -0.0336551, -0.00226515, 0.00477587, -0.00320927, -0.0710043, -0.0153244, -0.0508267, 0.0154337, -0.0158154, 0.00338133, -0.0175321, 0.0054747, -0.0816828, 0.0039403, -0.0175321, 0.0054747, -0.0175321, 0.0054747, -0.0507366, 0.0109664, -0.00708955, 0.00441653, -0.0405069, -0.00661055, -0.0508267, 0.0154337, -0.0405069, -0.00661055, -0.00689258, 0.00226974, -0.00708955, 0.00441653, -0.0507366, 0.0109664, -0.0175321, 0.0054747, 0.0133621, 0.00849284, -0.00689258, 0.00226974, -0.0127716, -0.0165033, -0.0175321, 0.0054747, 0.0133621, 0.00849284, 0.0129832, 0.00489871, -0.00123542, 0.0100489, 2.50516e-05, -2.36069e-05, 0.00477587, -0.00320927, -0.0158154, 0.00338133, -0.00689258, 0.00226974, 0.0064888, 0.0012877, -0.0241765, -0.00184965, -0.158006, -0.0416987, -0.0507366, 0.0109664, -0.00123542, 0.0100489, -0.0330294, -0.00321047, -0.00708955, 0.00441653, -0.0336551, -0.00226515, -0.00708955, 0.00441653, 2.50516e-05, -2.36069e-05, -0.014248, 0.00167939, 2.50516e-05, -2.36069e-05, ],]
##############################################################################
clock_duration  =         12195.7
tau =                     1.63195
total_steps =             32
time_step =               0.0554057
best_mc_result =          0.0201236
best_mc_result_non_secondary =          0
evolved_target_dot_squared =  0.979876
distance =          0.0327915
j_protocol =  [[0, 0, 0, 0, 0, 0, 0, 0, 0, 0, 0, 0, 0, 0, 0, 0, 0, 0, 0, 0, 0, 0, 0, 0, 0, 0, 0, 0, 0, 0, 0, 0, ],[0, 0, 0, 0, 0, 0, 0, 0, 0, 0, 0, 0, 0, 0, 0, 0, 0, 0, 0, 0, 0, 0, 0, 0, 0, 0, 0, 0, 0, 0, 0, 0, ],]
k_protocol =  [[0, 0, 0, 0, 0, 0, 0, 0, 0, 0, 0, 0, 0, 0, 0, 0, 0, 0, 0, 0, 0, 0, 0, 0, 0, 0, 0, 0, 0, 0, 0, 0, ],[0, 0, 0, 0, 0, 0, 0, 0, 0, 0, 0, 0, 0, 0, 0, 0, 0, 0, 0, 0, 0, 0, 0, 0, 0, 0, 0, 0, 0, 0, 0, 0, ],]
j_protocol_secondary =  [0.00759657, 0.154225, 0.154225, 0.609422, 0.609422, 0.627242, 0.627242, 0.866375, 0.866375, 1.33408, 1.33408, 1.50081, 1.50081, 1.6127, 1.6127, 1.63195, ]
k_protocol_secondary =  [0, 0.103819, 0.169249, 0.207438, 0.344634, 0.552008, 0.711541, 0.907067, 1.01479, 1.07036, 1.08749, 1.21333, 1.2821, 1.31251, 1.36216, 1.55349, ]
best_evolved_state = [-0.00032994, -0.000764293, -0.0083931, 0.00224214, -0.0169999, -0.00547375, -0.00354775, 0.00466573, 0.00401722, -0.00247882, -0.00032994, -0.000764293, -0.00257347, 0.00892657, 0.00406919, 0.000133431, -0.00257347, 0.00892657, 0.00401722, -0.00247882, -0.00354775, 0.00466573, -0.0169999, -0.00547375, -0.0157915, -0.0143136, -0.0607974, -0.0608899, -0.0157915, -0.0143136, -0.00740974, -0.00612934, -0.0458303, -0.010496, -0.0203472, -0.00451356, 0.00457848, 0.00643258, -0.00354775, 0.00466573, -0.0228654, -0.0114764, -0.00140081, -0.0119914, -0.0475519, -0.00612053, -0.0589159, -0.0326953, -0.00140081, -0.0119914, -0.00032994, -0.000764293, -0.00740974, -0.00612934, -0.0188936, -0.00825136, -0.034378, -0.0117233, -0.139125, -0.0856643, -0.020976, -0.0192182, -0.0083931, 0.00224214, -0.0169999, -0.00547375, -0.00140081, -0.0119914, -0.0157915, -0.0143136, -0.034378, -0.0117233, -0.139125, -0.0856643, -0.0458303, -0.010496, -0.00257347, 0.00892657, -0.0157915, -0.0143136, -0.0475519, -0.00612053, -0.0157915, -0.0143136, -0.0589159, -0.0326953, -0.0607974, -0.0608899, -0.0169999, -0.00547375, -0.00257347, 0.00892657, -0.0458303, -0.010496, -0.139125, -0.0856643, -0.139125, -0.0856643, -0.684141, -0.463063, -0.139125, -0.0856643, -0.0169999, -0.00547375, -0.0607974, -0.0608899, -0.0589159, -0.0326953, -0.0607974, -0.0608899, 0.00406919, 0.000133431, -0.0203472, -0.00451356, -0.020976, -0.0192182, -0.0458303, -0.010496, -0.139125, -0.0856643, -0.0188936, -0.00825136, -0.00354775, 0.00466573, -0.0157915, -0.0143136, -0.00140081, -0.0119914, -0.0169999, -0.00547375, -0.00032994, -0.000764293, -0.00257347, 0.00892657, 0.00457848, 0.00643258, -0.00257347, 0.00892657, 0.00401722, -0.00247882, -0.00740974, -0.00612934, -0.0188936, -0.00825136, -0.00740974, -0.00612934, -0.00032994, -0.000764293, -0.00140081, -0.0119914, -0.0228654, -0.0114764, -0.00354775, 0.00466573, -0.00140081, -0.0119914, -0.0169999, -0.00547375, -0.0083931, 0.00224214, 0.00457848, 0.00643258, -0.0203472, -0.00451356, -0.0458303, -0.010496, -0.020976, -0.0192182, -0.139125, -0.0856643, -0.034378, -0.0117233, -0.00140081, -0.0119914, -0.0589159, -0.0326953, -0.0475519, -0.00612053, -0.0157915, -0.0143136, -0.0203472, -0.00451356, -0.0554281, 0.0128609, -0.0203472, -0.00451356, -0.0203472, -0.00451356, -0.0458303, -0.010496, -0.00740974, -0.00612934, -0.0228654, -0.0114764, -0.0475519, -0.00612053, -0.0228654, -0.0114764, -0.00354775, 0.00466573, -0.00740974, -0.00612934, -0.0458303, -0.010496, -0.0203472, -0.00451356, 0.00406919, 0.000133431, -0.00354775, 0.00466573, -0.020976, -0.0192182, -0.0203472, -0.00451356, 0.00406919, 0.000133431, 0.00457848, 0.00643258, -0.00257347, 0.00892657, -0.00032994, -0.000764293, -0.00140081, -0.0119914, -0.0157915, -0.0143136, -0.00354775, 0.00466573, 0.00401722, -0.00247882, -0.0188936, -0.00825136, -0.139125, -0.0856643, -0.0458303, -0.010496, -0.00257347, 0.00892657, -0.0169999, -0.00547375, -0.00740974, -0.00612934, -0.034378, -0.0117233, -0.00740974, -0.00612934, -0.00032994, -0.000764293, -0.0083931, 0.00224214, -0.00032994, -0.000764293, ]
best_mc_result_fixed_tau =   [0.0252889, 0.0231724, ]
evolved_state_fixed_tau =   [[0.00111203, 0.00431927, -0.00139805, -0.0011658, 0.0114415, -0.0117407, 0.00148362, -0.00128815, 0.00296509, 0.00895879, 0.00111203, 0.00431927, -0.00107714, 0.00849116, 0.000817434, 0.00250294, -0.00107714, 0.00849116, 0.00296509, 0.00895879, 0.00148362, -0.00128815, 0.0114415, -0.0117407, 0.0064946, -0.0281609, 0.0141641, -0.103929, 0.0064946, -0.0281609, -0.00165154, -0.0141573, -0.0191006, -0.036906, -0.0111978, -0.022145, -0.00334815, 0.0111883, 0.00148362, -0.00128815, -0.00132336, -0.0476131, 0.0128945, -0.00643225, -0.0338315, -0.0390209, 0.00204939, -0.0509683, 0.0128945, -0.00643225, 0.00111203, 0.00431927, -0.00165154, -0.0141573, -0.0012652, -0.0214183, -0.0154507, -0.034108, -0.0147321, -0.149465, -0.00255461, -0.0312301, -0.00139805, -0.0011658, 0.0114415, -0.0117407, 0.0128945, -0.00643225, 0.0064946, -0.0281609, -0.0154507, -0.034108, -0.0147321, -0.149465, -0.0191006, -0.036906, -0.00107714, 0.00849116, 0.0064946, -0.0281609, -0.0338315, -0.0390209, 0.0064946, -0.0281609, 0.00204939, -0.0509683, 0.0141641, -0.103929, 0.0114415, -0.0117407, -0.00107714, 0.00849116, -0.0191006, -0.036906, -0.0147321, -0.149465, -0.0147321, -0.149465, -0.0648459, -0.833996, -0.0147321, -0.149465, 0.0114415, -0.0117407, 0.0141641, -0.103929, 0.00204939, -0.0509683, 0.0141641, -0.103929, 0.000817434, 0.00250294, -0.0111978, -0.022145, -0.00255461, -0.0312301, -0.0191006, -0.036906, -0.0147321, -0.149465, -0.0012652, -0.0214183, 0.00148362, -0.00128815, 0.0064946, -0.0281609, 0.0128945, -0.00643225, 0.0114415, -0.0117407, 0.00111203, 0.00431927, -0.00107714, 0.00849116, -0.00334815, 0.0111883, -0.00107714, 0.00849116, 0.00296509, 0.00895879, -0.00165154, -0.0141573, -0.0012652, -0.0214183, -0.00165154, -0.0141573, 0.00111203, 0.00431927, 0.0128945, -0.00643225, -0.00132336, -0.0476131, 0.00148362, -0.00128815, 0.0128945, -0.00643225, 0.0114415, -0.0117407, -0.00139805, -0.0011658, -0.00334815, 0.0111883, -0.0111978, -0.022145, -0.0191006, -0.036906, -0.00255461, -0.0312301, -0.0147321, -0.149465, -0.0154507, -0.034108, 0.0128945, -0.00643225, 0.00204939, -0.0509683, -0.0338315, -0.0390209, 0.0064946, -0.0281609, -0.0111978, -0.022145, -0.0365681, -0.0184086, -0.0111978, -0.022145, -0.0111978, -0.022145, -0.0191006, -0.036906, -0.00165154, -0.0141573, -0.00132336, -0.0476131, -0.0338315, -0.0390209, -0.00132336, -0.0476131, 0.00148362, -0.00128815, -0.00165154, -0.0141573, -0.0191006, -0.036906, -0.0111978, -0.022145, 0.000817434, 0.00250294, 0.00148362, -0.00128815, -0.00255461, -0.0312301, -0.0111978, -0.022145, 0.000817434, 0.00250294, -0.00334815, 0.0111883, -0.00107714, 0.00849116, 0.00111203, 0.00431927, 0.0128945, -0.00643225, 0.0064946, -0.0281609, 0.00148362, -0.00128815, 0.00296509, 0.00895879, -0.0012652, -0.0214183, -0.0147321, -0.149465, -0.0191006, -0.036906, -0.00107714, 0.00849116, 0.0114415, -0.0117407, -0.00165154, -0.0141573, -0.0154507, -0.034108, -0.00165154, -0.0141573, 0.00111203, 0.00431927, -0.00139805, -0.0011658, 0.00111203, 0.00431927, ],[0.000107616, -0.00428354, -0.00957169, 0.00208931, -0.00661894, -0.00747992, -0.000338939, -0.00130694, 0.00450686, -0.00893309, 0.000107616, -0.00428354, -0.00187355, 0.00315082, 0.00846936, -0.0120586, -0.00187355, 0.00315082, 0.00450686, -0.00893309, -0.000338939, -0.00130694, -0.00661894, -0.00747992, 0.00624054, -0.026516, 0.011432, -0.0756581, 0.00624054, -0.026516, 0.00206221, -0.0129851, -0.0129357, -0.0444225, -0.00647074, -0.0216417, 0.00857816, -0.00381673, -0.000338939, -0.00130694, 0.00875031, -0.0332107, 0.00984868, -0.0300544, -0.00630554, -0.0549831, -0.0193428, -0.0740526, 0.00984868, -0.0300544, 0.000107616, -0.00428354, 0.00206221, -0.0129851, 0.00298261, -0.0172772, -0.0108721, -0.0263717, -0.0348128, -0.152465, -0.000182477, -0.0350689, -0.00957169, 0.00208931, -0.00661894, -0.00747992, 0.00984868, -0.0300544, 0.00624054, -0.026516, -0.0108721, -0.0263717, -0.0348128, -0.152465, -0.0129357, -0.0444225, -0.00187355, 0.00315082, 0.00624054, -0.026516, -0.00630554, -0.0549831, 0.00624054, -0.026516, -0.0193428, -0.0740526, 0.011432, -0.0756581, -0.00661894, -0.00747992, -0.00187355, 0.00315082, -0.0129357, -0.0444225, -0.0348128, -0.152465, -0.0348128, -0.152465, -0.0923504, -0.824876, -0.0348128, -0.152465, -0.00661894, -0.00747992, 0.011432, -0.0756581, -0.0193428, -0.0740526, 0.011432, -0.0756581, 0.00846936, -0.0120586, -0.00647074, -0.0216417, -0.000182477, -0.0350689, -0.0129357, -0.0444225, -0.0348128, -0.152465, 0.00298261, -0.0172772, -0.000338939, -0.00130694, 0.00624054, -0.026516, 0.00984868, -0.0300544, -0.00661894, -0.00747992, 0.000107616, -0.00428354, -0.00187355, 0.00315082, 0.00857816, -0.00381673, -0.00187355, 0.00315082, 0.00450686, -0.00893309, 0.00206221, -0.0129851, 0.00298261, -0.0172772, 0.00206221, -0.0129851, 0.000107616, -0.00428354, 0.00984868, -0.0300544, 0.00875031, -0.0332107, -0.000338939, -0.00130694, 0.00984868, -0.0300544, -0.00661894, -0.00747992, -0.00957169, 0.00208931, 0.00857816, -0.00381673, -0.00647074, -0.0216417, -0.0129357, -0.0444225, -0.000182477, -0.0350689, -0.0348128, -0.152465, -0.0108721, -0.0263717, 0.00984868, -0.0300544, -0.0193428, -0.0740526, -0.00630554, -0.0549831, 0.00624054, -0.026516, -0.00647074, -0.0216417, -0.0506067, 0.00205027, -0.00647074, -0.0216417, -0.00647074, -0.0216417, -0.0129357, -0.0444225, 0.00206221, -0.0129851, 0.00875031, -0.0332107, -0.00630554, -0.0549831, 0.00875031, -0.0332107, -0.000338939, -0.00130694, 0.00206221, -0.0129851, -0.0129357, -0.0444225, -0.00647074, -0.0216417, 0.00846936, -0.0120586, -0.000338939, -0.00130694, -0.000182477, -0.0350689, -0.00647074, -0.0216417, 0.00846936, -0.0120586, 0.00857816, -0.00381673, -0.00187355, 0.00315082, 0.000107616, -0.00428354, 0.00984868, -0.0300544, 0.00624054, -0.026516, -0.000338939, -0.00130694, 0.00450686, -0.00893309, 0.00298261, -0.0172772, -0.0348128, -0.152465, -0.0129357, -0.0444225, -0.00187355, 0.00315082, -0.00661894, -0.00747992, 0.00206221, -0.0129851, -0.0108721, -0.0263717, 0.00206221, -0.0129851, 0.000107616, -0.00428354, -0.00957169, 0.00208931, 0.000107616, -0.00428354, ],]
