START_PARAMETERS
MAX_STEPS_MCDB =               32
MIN_STEPS_MCDB =               4
STEPS_CRUNCH_MCDB =            1
SWEEPS_MCDB =                  120
TOTAL_STEP_CHANGES =                  6
MCBB_SECONDARY =                  1
SWEEPS_MCBB_SECONDARY =                  250
NUMBER_OF_BANGS =                  8
GROUND_E =                -6.03823
INITIAL_E =               -2.78507
j_initial =               0.756
k_initial =               0.125
b_initial =               0
j_target =                0.105
k_target =                0.5
b_target =                0
init_target_dot_squared = 0.11017
init_state = [-0.0236922, 0, -0.0302283, 0, -0.0628297, 0, -0.0649911, 0, -0.0283611, 0, -0.0236922, 0, -0.0549894, 0, -0.0525564, 0, -0.0549894, 0, -0.0283611, 0, -0.0649911, 0, -0.0628297, 0, -0.0774066, 0, -0.11101, 0, -0.0774066, 0, -0.0502489, 0, -0.1088, 0, -0.0849776, 0, -0.0570616, 0, -0.0649911, 0, -0.131762, 0, -0.0825601, 0, -0.143921, 0, -0.13554, 0, -0.0825601, 0, -0.0236922, 0, -0.0502489, 0, -0.0715614, 0, -0.0727191, 0, -0.146264, 0, -0.0804667, 0, -0.0302283, 0, -0.0628297, 0, -0.0825601, 0, -0.0774066, 0, -0.0727191, 0, -0.146264, 0, -0.1088, 0, -0.0549894, 0, -0.0774066, 0, -0.143921, 0, -0.0774066, 0, -0.13554, 0, -0.11101, 0, -0.0628297, 0, -0.0549894, 0, -0.1088, 0, -0.146264, 0, -0.146264, 0, -0.277565, 0, -0.146264, 0, -0.0628297, 0, -0.11101, 0, -0.13554, 0, -0.11101, 0, -0.0525564, 0, -0.0849776, 0, -0.0804667, 0, -0.1088, 0, -0.146264, 0, -0.0715614, 0, -0.0649911, 0, -0.0774066, 0, -0.0825601, 0, -0.0628297, 0, -0.0236922, 0, -0.0549894, 0, -0.0570616, 0, -0.0549894, 0, -0.0283611, 0, -0.0502489, 0, -0.0715614, 0, -0.0502489, 0, -0.0236922, 0, -0.0825601, 0, -0.131762, 0, -0.0649911, 0, -0.0825601, 0, -0.0628297, 0, -0.0302283, 0, -0.0570616, 0, -0.0849776, 0, -0.1088, 0, -0.0804667, 0, -0.146264, 0, -0.0727191, 0, -0.0825601, 0, -0.13554, 0, -0.143921, 0, -0.0774066, 0, -0.0849776, 0, -0.0952375, 0, -0.0849776, 0, -0.0849776, 0, -0.1088, 0, -0.0502489, 0, -0.131762, 0, -0.143921, 0, -0.131762, 0, -0.0649911, 0, -0.0502489, 0, -0.1088, 0, -0.0849776, 0, -0.0525564, 0, -0.0649911, 0, -0.0804667, 0, -0.0849776, 0, -0.0525564, 0, -0.0570616, 0, -0.0549894, 0, -0.0236922, 0, -0.0825601, 0, -0.0774066, 0, -0.0649911, 0, -0.0283611, 0, -0.0715614, 0, -0.146264, 0, -0.1088, 0, -0.0549894, 0, -0.0628297, 0, -0.0502489, 0, -0.0727191, 0, -0.0502489, 0, -0.0236922, 0, -0.0302283, 0, -0.0236922, 0, ]
target_state = [3.56802e-06, 0, 4.74049e-05, 0, 0.000974983, 0, 8.11351e-05, 0, 4.19805e-06, 0, 3.56802e-06, 0, 7.95546e-05, 0, 9.22146e-06, 0, 7.95546e-05, 0, 4.19805e-06, 0, 8.11351e-05, 0, 0.000974983, 0, 0.000981899, 0, 0.0209238, 0, 0.000981899, 0, 6.50536e-05, 0, 0.00183163, 0, 0.000104459, 0, 1.1778e-05, 0, 8.11351e-05, 0, 8.76153e-05, 0, 0.000154644, 0, 0.000445089, 0, 0.00292805, 0, 0.000154644, 0, 3.56802e-06, 0, 6.50536e-05, 0, 0.00121729, 0, 0.00122048, 0, 0.0347817, 0, 0.00121866, 0, 4.74049e-05, 0, 0.000974983, 0, 0.000154644, 0, 0.000981899, 0, 0.00122048, 0, 0.0347817, 0, 0.00183163, 0, 7.95546e-05, 0, 0.000981899, 0, 0.000445089, 0, 0.000981899, 0, 0.00292805, 0, 0.0209238, 0, 0.000974983, 0, 7.95546e-05, 0, 0.00183163, 0, 0.0347817, 0, 0.0347817, 0, 0.994221, 0, 0.0347817, 0, 0.000974983, 0, 0.0209238, 0, 0.00292805, 0, 0.0209238, 0, 9.22146e-06, 0, 0.000104459, 0, 0.00121866, 0, 0.00183163, 0, 0.0347817, 0, 0.00121729, 0, 8.11351e-05, 0, 0.000981899, 0, 0.000154644, 0, 0.000974983, 0, 3.56802e-06, 0, 7.95546e-05, 0, 1.1778e-05, 0, 7.95546e-05, 0, 4.19805e-06, 0, 6.50536e-05, 0, 0.00121729, 0, 6.50536e-05, 0, 3.56802e-06, 0, 0.000154644, 0, 8.76153e-05, 0, 8.11351e-05, 0, 0.000154644, 0, 0.000974983, 0, 4.74049e-05, 0, 1.1778e-05, 0, 0.000104459, 0, 0.00183163, 0, 0.00121866, 0, 0.0347817, 0, 0.00122048, 0, 0.000154644, 0, 0.00292805, 0, 0.000445089, 0, 0.000981899, 0, 0.000104459, 0, 2.17287e-05, 0, 0.000104459, 0, 0.000104459, 0, 0.00183163, 0, 6.50536e-05, 0, 8.76153e-05, 0, 0.000445089, 0, 8.76153e-05, 0, 8.11351e-05, 0, 6.50536e-05, 0, 0.00183163, 0, 0.000104459, 0, 9.22146e-06, 0, 8.11351e-05, 0, 0.00121866, 0, 0.000104459, 0, 9.22146e-06, 0, 1.1778e-05, 0, 7.95546e-05, 0, 3.56802e-06, 0, 0.000154644, 0, 0.000981899, 0, 8.11351e-05, 0, 4.19805e-06, 0, 0.00121729, 0, 0.0347817, 0, 0.00183163, 0, 7.95546e-05, 0, 0.000974983, 0, 6.50536e-05, 0, 0.00122048, 0, 6.50536e-05, 0, 3.56802e-06, 0, 4.74049e-05, 0, 3.56802e-06, 0, ]
USE_ENERGY_DISTANCE =     false
PERIODIC =                false
UNIFORM_SITES =           true
DEVICE_DIMENSION =        2
MAX_PARAM =               1
MIN_PARAM =               0
MIN_PARAM =               0
DIAG =                    true
NUM_SEEDS =               2
NUMBER_OF_BANGS =               8
DISTANCE_LIMIT =          0.02
TAU_INIT =                0.7
MAX_TAU =                 5
TAU_SCALAR =              1.2
TAU_SCALAR_TINY =         1.1
TAU_SCALAR_BIG =          1.3
ACCEPTANCE_PROB =         0.85
TEMP_EXP_DECAY =          0.8
MIN_TEMP_FRACTION =       0.01
TEMP_DECAY_ITERATIONS =   21
ZERO_TEMP_ITREATIONS =    20
RANDOM_STATES =           3
END_PARAMETERS
##############################################################################
clock_duration  =         1125.68
tau =                     0.7
total_steps =             32
time_step =               0.021875
best_mc_result =          0.462932
best_mc_result_non_secondary =          0.4643
evolved_target_dot_squared =  0.537068
distance =          0.520247
j_protocol =  [[1, 1, 1, 1, 1, 1, 1, 1, 1, 1, 1, 1, 1, 1, 1, 1, 1, 1, 1, 1, 1, 1, 1, 1, 0, 1, 1, 1, 1, 1, 1, 1, ],[1, 1, 1, 1, 1, 1, 1, 1, 1, 1, 1, 1, 1, 1, 1, 1, 1, 1, 1, 1, 1, 1, 1, 0, 1, 1, 1, 1, 1, 1, 1, 1, ],]
k_protocol =  [[1, 1, 1, 1, 1, 1, 1, 1, 0, 0, 0, 0, 1, 1, 1, 1, 1, 1, 1, 1, 1, 1, 1, 1, 1, 1, 1, 1, 1, 1, 1, 0, ],[1, 1, 1, 1, 1, 1, 1, 0, 1, 0, 0, 0, 1, 1, 1, 1, 1, 1, 1, 1, 1, 1, 1, 1, 1, 1, 1, 1, 1, 1, 1, 0, ],]
j_protocol_secondary =  [0.0120181, 0.12856, 0.12856, 0.159818, 0.159818, 0.175929, 0.175929, 0.238227, 0.238227, 0.480013, 0.480013, 0.532827, 0.543329, 0.680528, 0.680528, 0.7, ]
k_protocol_secondary =  [0, 0.02657, 0.02657, 0.0640015, 0.0640015, 0.0699301, 0.0699301, 0.157175, 0.252022, 0.380931, 0.380931, 0.65253, 0.65253, 0.683589, 0.7, 0.7, ]
best_evolved_state = [-0.00276034, -0.00205881, -0.00785816, -0.00903384, 0.0104118, -0.0204115, -0.00906163, -0.0242312, 0.00741016, -0.00816264, -0.00276034, -0.00205881, 0.0133222, -0.00147529, -0.00233376, -0.00196805, 0.0133222, -0.00147529, 0.00741016, -0.00816264, -0.00906163, -0.0242312, 0.0104118, -0.0204115, -0.00448062, -0.0189767, 0.0421327, -0.0280813, -0.00448062, -0.0189767, -0.00993617, -0.018485, -0.042227, -0.0261318, -0.0322641, -0.0150182, 0.0055567, -0.00190891, -0.00906163, -0.0242312, -0.141359, -0.195514, -0.00390715, -0.0349122, -0.116379, -0.132582, -0.0147204, -0.0593465, -0.00390715, -0.0349122, -0.00276034, -0.00205881, -0.00993617, -0.018485, -0.00920138, -0.0123207, -0.025516, -0.0216028, 0.0344745, -0.0606066, -0.0063561, -0.00211074, -0.00785816, -0.00903384, 0.0104118, -0.0204115, -0.00390715, -0.0349122, -0.00448062, -0.0189767, -0.025516, -0.0216028, 0.0344745, -0.0606066, -0.042227, -0.0261318, 0.0133222, -0.00147529, -0.00448062, -0.0189767, -0.116379, -0.132582, -0.00448062, -0.0189767, -0.0147204, -0.0593465, 0.0421327, -0.0280813, 0.0104118, -0.0204115, 0.0133222, -0.00147529, -0.042227, -0.0261318, 0.0344745, -0.0606066, 0.0344745, -0.0606066, 0.545809, -0.46062, 0.0344745, -0.0606066, 0.0104118, -0.0204115, 0.0421327, -0.0280813, -0.0147204, -0.0593465, 0.0421327, -0.0280813, -0.00233376, -0.00196805, -0.0322641, -0.0150182, -0.0063561, -0.00211074, -0.042227, -0.0261318, 0.0344745, -0.0606066, -0.00920138, -0.0123207, -0.00906163, -0.0242312, -0.00448062, -0.0189767, -0.00390715, -0.0349122, 0.0104118, -0.0204115, -0.00276034, -0.00205881, 0.0133222, -0.00147529, 0.0055567, -0.00190891, 0.0133222, -0.00147529, 0.00741016, -0.00816264, -0.00993617, -0.018485, -0.00920138, -0.0123207, -0.00993617, -0.018485, -0.00276034, -0.00205881, -0.00390715, -0.0349122, -0.141359, -0.195514, -0.00906163, -0.0242312, -0.00390715, -0.0349122, 0.0104118, -0.0204115, -0.00785816, -0.00903384, 0.0055567, -0.00190891, -0.0322641, -0.0150182, -0.042227, -0.0261318, -0.0063561, -0.00211074, 0.0344745, -0.0606066, -0.025516, -0.0216028, -0.00390715, -0.0349122, -0.0147204, -0.0593465, -0.116379, -0.132582, -0.00448062, -0.0189767, -0.0322641, -0.0150182, -0.0637358, -0.0148527, -0.0322641, -0.0150182, -0.0322641, -0.0150182, -0.042227, -0.0261318, -0.00993617, -0.018485, -0.141359, -0.195514, -0.116379, -0.132582, -0.141359, -0.195514, -0.00906163, -0.0242312, -0.00993617, -0.018485, -0.042227, -0.0261318, -0.0322641, -0.0150182, -0.00233376, -0.00196805, -0.00906163, -0.0242312, -0.0063561, -0.00211074, -0.0322641, -0.0150182, -0.00233376, -0.00196805, 0.0055567, -0.00190891, 0.0133222, -0.00147529, -0.00276034, -0.00205881, -0.00390715, -0.0349122, -0.00448062, -0.0189767, -0.00906163, -0.0242312, 0.00741016, -0.00816264, -0.00920138, -0.0123207, 0.0344745, -0.0606066, -0.042227, -0.0261318, 0.0133222, -0.00147529, 0.0104118, -0.0204115, -0.00993617, -0.018485, -0.025516, -0.0216028, -0.00993617, -0.018485, -0.00276034, -0.00205881, -0.00785816, -0.00903384, -0.00276034, -0.00205881, ]
best_mc_result_fixed_tau =   [0.4643, 0.464351, ]
evolved_state_fixed_tau =   [[-0.00301968, -0.00198117, -0.00778034, -0.0104918, 0.0122658, -0.0209297, -0.00804231, -0.0234609, 0.00970342, -0.00719549, -0.00301968, -0.00198117, 0.0149048, -5.9652e-05, -0.00236328, -0.0020633, 0.0149048, -5.9652e-05, 0.00970342, -0.00719549, -0.00804231, -0.0234609, 0.0122658, -0.0209297, -0.00455455, -0.0189105, 0.0357151, -0.0238414, -0.00455455, -0.0189105, -0.0082995, -0.015618, -0.0426564, -0.0263014, -0.0322058, -0.0135887, 0.00565187, -0.000706415, -0.00804231, -0.0234609, -0.139129, -0.201458, -0.00136728, -0.0339331, -0.115451, -0.134027, -0.0111813, -0.0582373, -0.00136728, -0.0339331, -0.00301968, -0.00198117, -0.0082995, -0.015618, -0.0116124, -0.0124262, -0.0285309, -0.021843, 0.033532, -0.0557308, -0.00856583, -0.000798761, -0.00778034, -0.0104918, 0.0122658, -0.0209297, -0.00136728, -0.0339331, -0.00455455, -0.0189105, -0.0285309, -0.021843, 0.033532, -0.0557308, -0.0426564, -0.0263014, 0.0149048, -5.9652e-05, -0.00455455, -0.0189105, -0.115451, -0.134027, -0.00455455, -0.0189105, -0.0111813, -0.0582373, 0.0357151, -0.0238414, 0.0122658, -0.0209297, 0.0149048, -5.9652e-05, -0.0426564, -0.0263014, 0.033532, -0.0557308, 0.033532, -0.0557308, 0.558074, -0.447257, 0.033532, -0.0557308, 0.0122658, -0.0209297, 0.0357151, -0.0238414, -0.0111813, -0.0582373, 0.0357151, -0.0238414, -0.00236328, -0.0020633, -0.0322058, -0.0135887, -0.00856583, -0.000798761, -0.0426564, -0.0263014, 0.033532, -0.0557308, -0.0116124, -0.0124262, -0.00804231, -0.0234609, -0.00455455, -0.0189105, -0.00136728, -0.0339331, 0.0122658, -0.0209297, -0.00301968, -0.00198117, 0.0149048, -5.9652e-05, 0.00565187, -0.000706415, 0.0149048, -5.9652e-05, 0.00970342, -0.00719549, -0.0082995, -0.015618, -0.0116124, -0.0124262, -0.0082995, -0.015618, -0.00301968, -0.00198117, -0.00136728, -0.0339331, -0.139129, -0.201458, -0.00804231, -0.0234609, -0.00136728, -0.0339331, 0.0122658, -0.0209297, -0.00778034, -0.0104918, 0.00565187, -0.000706415, -0.0322058, -0.0135887, -0.0426564, -0.0263014, -0.00856583, -0.000798761, 0.033532, -0.0557308, -0.0285309, -0.021843, -0.00136728, -0.0339331, -0.0111813, -0.0582373, -0.115451, -0.134027, -0.00455455, -0.0189105, -0.0322058, -0.0135887, -0.0618316, -0.0168744, -0.0322058, -0.0135887, -0.0322058, -0.0135887, -0.0426564, -0.0263014, -0.0082995, -0.015618, -0.139129, -0.201458, -0.115451, -0.134027, -0.139129, -0.201458, -0.00804231, -0.0234609, -0.0082995, -0.015618, -0.0426564, -0.0263014, -0.0322058, -0.0135887, -0.00236328, -0.0020633, -0.00804231, -0.0234609, -0.00856583, -0.000798761, -0.0322058, -0.0135887, -0.00236328, -0.0020633, 0.00565187, -0.000706415, 0.0149048, -5.9652e-05, -0.00301968, -0.00198117, -0.00136728, -0.0339331, -0.00455455, -0.0189105, -0.00804231, -0.0234609, 0.00970342, -0.00719549, -0.0116124, -0.0124262, 0.033532, -0.0557308, -0.0426564, -0.0263014, 0.0149048, -5.9652e-05, 0.0122658, -0.0209297, -0.0082995, -0.015618, -0.0285309, -0.021843, -0.0082995, -0.015618, -0.00301968, -0.00198117, -0.00778034, -0.0104918, -0.00301968, -0.00198117, ],[-0.00266419, -0.00194544, -0.00744585, -0.0100459, 0.012129, -0.0193563, -0.00728809, -0.0238209, 0.00931634, -0.00679455, -0.00266419, -0.00194544, 0.0145222, 0.000719082, -0.00183336, -0.0016416, 0.0145222, 0.000719082, 0.00931634, -0.00679455, -0.00728809, -0.0238209, 0.012129, -0.0193563, -0.00390321, -0.0185923, 0.0399879, -0.0217585, -0.00390321, -0.0185923, -0.00785224, -0.0174684, -0.0430239, -0.0255081, -0.0318668, -0.0145897, 0.00589817, -0.000353761, -0.00728809, -0.0238209, -0.139201, -0.202064, -0.000876021, -0.0337792, -0.115616, -0.135631, -0.0129851, -0.0564274, -0.000876021, -0.0337792, -0.00266419, -0.00194544, -0.00785224, -0.0174684, -0.0105762, -0.0121, -0.026855, -0.022725, 0.0327944, -0.05282, -0.0081008, -0.0010145, -0.00744585, -0.0100459, 0.012129, -0.0193563, -0.000876021, -0.0337792, -0.00390321, -0.0185923, -0.026855, -0.022725, 0.0327944, -0.05282, -0.0430239, -0.0255081, 0.0145222, 0.000719082, -0.00390321, -0.0185923, -0.115616, -0.135631, -0.00390321, -0.0185923, -0.0129851, -0.0564274, 0.0399879, -0.0217585, 0.012129, -0.0193563, 0.0145222, 0.000719082, -0.0430239, -0.0255081, 0.0327944, -0.05282, 0.0327944, -0.05282, 0.558073, -0.448052, 0.0327944, -0.05282, 0.012129, -0.0193563, 0.0399879, -0.0217585, -0.0129851, -0.0564274, 0.0399879, -0.0217585, -0.00183336, -0.0016416, -0.0318668, -0.0145897, -0.0081008, -0.0010145, -0.0430239, -0.0255081, 0.0327944, -0.05282, -0.0105762, -0.0121, -0.00728809, -0.0238209, -0.00390321, -0.0185923, -0.000876021, -0.0337792, 0.012129, -0.0193563, -0.00266419, -0.00194544, 0.0145222, 0.000719082, 0.00589817, -0.000353761, 0.0145222, 0.000719082, 0.00931634, -0.00679455, -0.00785224, -0.0174684, -0.0105762, -0.0121, -0.00785224, -0.0174684, -0.00266419, -0.00194544, -0.000876021, -0.0337792, -0.139201, -0.202064, -0.00728809, -0.0238209, -0.000876021, -0.0337792, 0.012129, -0.0193563, -0.00744585, -0.0100459, 0.00589817, -0.000353761, -0.0318668, -0.0145897, -0.0430239, -0.0255081, -0.0081008, -0.0010145, 0.0327944, -0.05282, -0.026855, -0.022725, -0.000876021, -0.0337792, -0.0129851, -0.0564274, -0.115616, -0.135631, -0.00390321, -0.0185923, -0.0318668, -0.0145897, -0.0616356, -0.0147502, -0.0318668, -0.0145897, -0.0318668, -0.0145897, -0.0430239, -0.0255081, -0.00785224, -0.0174684, -0.139201, -0.202064, -0.115616, -0.135631, -0.139201, -0.202064, -0.00728809, -0.0238209, -0.00785224, -0.0174684, -0.0430239, -0.0255081, -0.0318668, -0.0145897, -0.00183336, -0.0016416, -0.00728809, -0.0238209, -0.0081008, -0.0010145, -0.0318668, -0.0145897, -0.00183336, -0.0016416, 0.00589817, -0.000353761, 0.0145222, 0.000719082, -0.00266419, -0.00194544, -0.000876021, -0.0337792, -0.00390321, -0.0185923, -0.00728809, -0.0238209, 0.00931634, -0.00679455, -0.0105762, -0.0121, 0.0327944, -0.05282, -0.0430239, -0.0255081, 0.0145222, 0.000719082, 0.012129, -0.0193563, -0.00785224, -0.0174684, -0.026855, -0.022725, -0.00785224, -0.0174684, -0.00266419, -0.00194544, -0.00744585, -0.0100459, -0.00266419, -0.00194544, ],]
##############################################################################
clock_duration  =         2322.21
tau =                     0.875451
total_steps =             32
time_step =               0.0273578
best_mc_result =          0.401471
best_mc_result_non_secondary =          0.403612
evolved_target_dot_squared =  0.598529
distance =          0.451176
j_protocol =  [[1, 1, 1, 1, 1, 1, 1, 1, 1, 1, 1, 1, 1, 1, 1, 1, 1, 1, 1, 1, 1, 1, 1, 1, 1, 1, 0, 1, 1, 1, 1, 1, ],[1, 1, 1, 1, 1, 1, 1, 1, 1, 1, 1, 1, 1, 1, 1, 1, 1, 1, 1, 1, 1, 1, 1, 1, 1, 1, 0, 1, 1, 1, 1, 1, ],]
k_protocol =  [[1, 1, 1, 1, 1, 0, 0, 0, 1, 0, 0, 1, 1, 1, 1, 0, 1, 1, 1, 1, 1, 1, 1, 1, 1, 1, 1, 1, 1, 1, 1, 0, ],[1, 1, 1, 1, 1, 1, 0, 0, 0, 0, 1, 0, 1, 1, 1, 1, 1, 1, 1, 1, 1, 1, 1, 1, 1, 1, 1, 1, 1, 1, 1, 1, ],]
j_protocol_secondary =  [0.00251619, 0.00251619, 0.0104474, 0.0384048, 0.0384048, 0.35747, 0.35747, 0.567015, 0.567015, 0.574153, 0.574153, 0.715441, 0.738007, 0.741097, 0.742463, 0.875451, ]
k_protocol_secondary =  [0, 0.0401886, 0.0401886, 0.143166, 0.227224, 0.248785, 0.29536, 0.417485, 0.438791, 0.78577, 0.78577, 0.81882, 0.81882, 0.861549, 0.875451, 0.875451, ]
best_evolved_state = [0.00159761, 0.00213116, -0.00562964, -0.005984, 0.0137202, -0.00794298, 0.0302665, -0.00864703, 0.00661727, -0.00667066, 0.00159761, 0.00213116, 0.0213697, 0.000503006, 0.00637893, 0.00292772, 0.0213697, 0.000503006, 0.00661727, -0.00667066, 0.0302665, -0.00864703, 0.0137202, -0.00794298, 0.017808, 0.00412194, 0.00770964, 0.0641241, 0.017808, 0.00412194, 0.0190427, -0.00625712, 0.0212354, -0.0188892, 0.0199311, -0.0152264, 0.0180652, 0.00355461, 0.0302665, -0.00864703, 0.182527, -0.130524, 0.0394128, -0.0132876, 0.120402, -0.0943548, 0.0733902, -0.0196693, 0.0394128, -0.0132876, 0.00159761, 0.00213116, 0.0190427, -0.00625712, 0.0055769, 0.0100808, 0.0041371, 0.00554292, 0.0515635, 0.0515092, 0.0121933, 0.0168301, -0.00562964, -0.005984, 0.0137202, -0.00794298, 0.0394128, -0.0132876, 0.017808, 0.00412194, 0.0041371, 0.00554292, 0.0515635, 0.0515092, 0.0212354, -0.0188892, 0.0213697, 0.000503006, 0.017808, 0.00412194, 0.120402, -0.0943548, 0.017808, 0.00412194, 0.0733902, -0.0196693, 0.00770964, 0.0641241, 0.0137202, -0.00794298, 0.0213697, 0.000503006, 0.0212354, -0.0188892, 0.0515635, 0.0515092, 0.0515635, 0.0515092, 0.268152, 0.704835, 0.0515635, 0.0515092, 0.0137202, -0.00794298, 0.00770964, 0.0641241, 0.0733902, -0.0196693, 0.00770964, 0.0641241, 0.00637893, 0.00292772, 0.0199311, -0.0152264, 0.0121933, 0.0168301, 0.0212354, -0.0188892, 0.0515635, 0.0515092, 0.0055769, 0.0100808, 0.0302665, -0.00864703, 0.017808, 0.00412194, 0.0394128, -0.0132876, 0.0137202, -0.00794298, 0.00159761, 0.00213116, 0.0213697, 0.000503006, 0.0180652, 0.00355461, 0.0213697, 0.000503006, 0.00661727, -0.00667066, 0.0190427, -0.00625712, 0.0055769, 0.0100808, 0.0190427, -0.00625712, 0.00159761, 0.00213116, 0.0394128, -0.0132876, 0.182527, -0.130524, 0.0302665, -0.00864703, 0.0394128, -0.0132876, 0.0137202, -0.00794298, -0.00562964, -0.005984, 0.0180652, 0.00355461, 0.0199311, -0.0152264, 0.0212354, -0.0188892, 0.0121933, 0.0168301, 0.0515635, 0.0515092, 0.0041371, 0.00554292, 0.0394128, -0.0132876, 0.0733902, -0.0196693, 0.120402, -0.0943548, 0.017808, 0.00412194, 0.0199311, -0.0152264, -0.011293, -0.0663034, 0.0199311, -0.0152264, 0.0199311, -0.0152264, 0.0212354, -0.0188892, 0.0190427, -0.00625712, 0.182527, -0.130524, 0.120402, -0.0943548, 0.182527, -0.130524, 0.0302665, -0.00864703, 0.0190427, -0.00625712, 0.0212354, -0.0188892, 0.0199311, -0.0152264, 0.00637893, 0.00292772, 0.0302665, -0.00864703, 0.0121933, 0.0168301, 0.0199311, -0.0152264, 0.00637893, 0.00292772, 0.0180652, 0.00355461, 0.0213697, 0.000503006, 0.00159761, 0.00213116, 0.0394128, -0.0132876, 0.017808, 0.00412194, 0.0302665, -0.00864703, 0.00661727, -0.00667066, 0.0055769, 0.0100808, 0.0515635, 0.0515092, 0.0212354, -0.0188892, 0.0213697, 0.000503006, 0.0137202, -0.00794298, 0.0190427, -0.00625712, 0.0041371, 0.00554292, 0.0190427, -0.00625712, 0.00159761, 0.00213116, -0.00562964, -0.005984, 0.00159761, 0.00213116, ]
best_mc_result_fixed_tau =   [0.403612, 0.403656, ]
evolved_state_fixed_tau =   [[0.00093255, 0.00171431, -0.00511498, -0.0071956, 0.0145711, -0.00933101, 0.0284972, -0.00930104, 0.00752663, -0.0066497, 0.00093255, 0.00171431, 0.0202869, -0.00130776, 0.00520155, 0.00165194, 0.0202869, -0.00130776, 0.00752663, -0.0066497, 0.0284972, -0.00930104, 0.0145711, -0.00933101, 0.0176225, 0.00304358, 0.00771743, 0.0606699, 0.0176225, 0.00304358, 0.0198264, -0.00423024, 0.0235617, -0.0235788, 0.0198312, -0.016763, 0.0168177, 0.00266436, 0.0284972, -0.00930104, 0.168175, -0.143064, 0.0382541, -0.0149761, 0.117721, -0.100847, 0.0759411, -0.0278676, 0.0382541, -0.0149761, 0.00093255, 0.00171431, 0.0198264, -0.00423024, 0.00588877, 0.00844666, 0.00535069, 0.00524125, 0.063234, 0.0407968, 0.0122417, 0.0152556, -0.00511498, -0.0071956, 0.0145711, -0.00933101, 0.0382541, -0.0149761, 0.0176225, 0.00304358, 0.00535069, 0.00524125, 0.063234, 0.0407968, 0.0235617, -0.0235788, 0.0202869, -0.00130776, 0.0176225, 0.00304358, 0.117721, -0.100847, 0.0176225, 0.00304358, 0.0759411, -0.0278676, 0.00771743, 0.0606699, 0.0145711, -0.00933101, 0.0202869, -0.00130776, 0.0235617, -0.0235788, 0.063234, 0.0407968, 0.063234, 0.0407968, 0.392072, 0.642561, 0.063234, 0.0407968, 0.0145711, -0.00933101, 0.00771743, 0.0606699, 0.0759411, -0.0278676, 0.00771743, 0.0606699, 0.00520155, 0.00165194, 0.0198312, -0.016763, 0.0122417, 0.0152556, 0.0235617, -0.0235788, 0.063234, 0.0407968, 0.00588877, 0.00844666, 0.0284972, -0.00930104, 0.0176225, 0.00304358, 0.0382541, -0.0149761, 0.0145711, -0.00933101, 0.00093255, 0.00171431, 0.0202869, -0.00130776, 0.0168177, 0.00266436, 0.0202869, -0.00130776, 0.00752663, -0.0066497, 0.0198264, -0.00423024, 0.00588877, 0.00844666, 0.0198264, -0.00423024, 0.00093255, 0.00171431, 0.0382541, -0.0149761, 0.168175, -0.143064, 0.0284972, -0.00930104, 0.0382541, -0.0149761, 0.0145711, -0.00933101, -0.00511498, -0.0071956, 0.0168177, 0.00266436, 0.0198312, -0.016763, 0.0235617, -0.0235788, 0.0122417, 0.0152556, 0.063234, 0.0407968, 0.00535069, 0.00524125, 0.0382541, -0.0149761, 0.0759411, -0.0278676, 0.117721, -0.100847, 0.0176225, 0.00304358, 0.0198312, -0.016763, -0.0121374, -0.0704948, 0.0198312, -0.016763, 0.0198312, -0.016763, 0.0235617, -0.0235788, 0.0198264, -0.00423024, 0.168175, -0.143064, 0.117721, -0.100847, 0.168175, -0.143064, 0.0284972, -0.00930104, 0.0198264, -0.00423024, 0.0235617, -0.0235788, 0.0198312, -0.016763, 0.00520155, 0.00165194, 0.0284972, -0.00930104, 0.0122417, 0.0152556, 0.0198312, -0.016763, 0.00520155, 0.00165194, 0.0168177, 0.00266436, 0.0202869, -0.00130776, 0.00093255, 0.00171431, 0.0382541, -0.0149761, 0.0176225, 0.00304358, 0.0284972, -0.00930104, 0.00752663, -0.0066497, 0.00588877, 0.00844666, 0.063234, 0.0407968, 0.0235617, -0.0235788, 0.0202869, -0.00130776, 0.0145711, -0.00933101, 0.0198264, -0.00423024, 0.00535069, 0.00524125, 0.0198264, -0.00423024, 0.00093255, 0.00171431, -0.00511498, -0.0071956, 0.00093255, 0.00171431, ],[0.00186564, 0.00299856, -0.00702375, -0.00626343, 0.0120595, -0.00841636, 0.0316811, -0.00340802, 0.00678072, -0.00757988, 0.00186564, 0.00299856, 0.0218629, 0.00257189, 0.00540752, 0.00494661, 0.0218629, 0.00257189, 0.00678072, -0.00757988, 0.0316811, -0.00340802, 0.0120595, -0.00841636, 0.0153725, 0.0066055, -0.00895191, 0.0671771, 0.0153725, 0.0066055, 0.0210828, -0.00452117, 0.0211239, -0.015483, 0.0215939, -0.010181, 0.0177537, 0.0068952, 0.0316811, -0.00340802, 0.210775, -0.0855707, 0.0409726, -0.00768926, 0.136742, -0.069882, 0.0737462, -0.0105755, 0.0409726, -0.00768926, 0.00186564, 0.00299856, 0.0210828, -0.00452117, 0.00218678, 0.0129179, 0.00125168, 0.00893275, 0.0325257, 0.056431, 0.00894801, 0.0201832, -0.00702375, -0.00626343, 0.0120595, -0.00841636, 0.0409726, -0.00768926, 0.0153725, 0.0066055, 0.00125168, 0.00893275, 0.0325257, 0.056431, 0.0211239, -0.015483, 0.0218629, 0.00257189, 0.0153725, 0.0066055, 0.136742, -0.069882, 0.0153725, 0.0066055, 0.0737462, -0.0105755, -0.00895191, 0.0671771, 0.0120595, -0.00841636, 0.0218629, 0.00257189, 0.0211239, -0.015483, 0.0325257, 0.056431, 0.0325257, 0.056431, 0.0236456, 0.754873, 0.0325257, 0.056431, 0.0120595, -0.00841636, -0.00895191, 0.0671771, 0.0737462, -0.0105755, -0.00895191, 0.0671771, 0.00540752, 0.00494661, 0.0215939, -0.010181, 0.00894801, 0.0201832, 0.0211239, -0.015483, 0.0325257, 0.056431, 0.00218678, 0.0129179, 0.0316811, -0.00340802, 0.0153725, 0.0066055, 0.0409726, -0.00768926, 0.0120595, -0.00841636, 0.00186564, 0.00299856, 0.0218629, 0.00257189, 0.0177537, 0.0068952, 0.0218629, 0.00257189, 0.00678072, -0.00757988, 0.0210828, -0.00452117, 0.00218678, 0.0129179, 0.0210828, -0.00452117, 0.00186564, 0.00299856, 0.0409726, -0.00768926, 0.210775, -0.0855707, 0.0316811, -0.00340802, 0.0409726, -0.00768926, 0.0120595, -0.00841636, -0.00702375, -0.00626343, 0.0177537, 0.0068952, 0.0215939, -0.010181, 0.0211239, -0.015483, 0.00894801, 0.0201832, 0.0325257, 0.056431, 0.00125168, 0.00893275, 0.0409726, -0.00768926, 0.0737462, -0.0105755, 0.136742, -0.069882, 0.0153725, 0.0066055, 0.0215939, -0.010181, -0.00421708, -0.0679851, 0.0215939, -0.010181, 0.0215939, -0.010181, 0.0211239, -0.015483, 0.0210828, -0.00452117, 0.210775, -0.0855707, 0.136742, -0.069882, 0.210775, -0.0855707, 0.0316811, -0.00340802, 0.0210828, -0.00452117, 0.0211239, -0.015483, 0.0215939, -0.010181, 0.00540752, 0.00494661, 0.0316811, -0.00340802, 0.00894801, 0.0201832, 0.0215939, -0.010181, 0.00540752, 0.00494661, 0.0177537, 0.0068952, 0.0218629, 0.00257189, 0.00186564, 0.00299856, 0.0409726, -0.00768926, 0.0153725, 0.0066055, 0.0316811, -0.00340802, 0.00678072, -0.00757988, 0.00218678, 0.0129179, 0.0325257, 0.056431, 0.0211239, -0.015483, 0.0218629, 0.00257189, 0.0120595, -0.00841636, 0.0210828, -0.00452117, 0.00125168, 0.00893275, 0.0210828, -0.00452117, 0.00186564, 0.00299856, -0.00702375, -0.00626343, 0.00186564, 0.00299856, ],]
##############################################################################
clock_duration  =         3516.21
tau =                     1.13809
total_steps =             32
time_step =               0.0355652
best_mc_result =          0.270114
best_mc_result_non_secondary =          0.274939
evolved_target_dot_squared =  0.729886
distance =          0.303557
j_protocol =  [[1, 1, 1, 1, 1, 1, 1, 1, 1, 1, 1, 1, 1, 1, 1, 1, 1, 1, 1, 1, 1, 1, 1, 1, 1, 1, 0, 1, 1, 1, 1, 1, ],[1, 1, 1, 1, 1, 1, 1, 1, 1, 1, 1, 1, 1, 1, 1, 1, 1, 1, 1, 1, 1, 1, 1, 1, 1, 1, 1, 0, 1, 1, 1, 1, ],]
k_protocol =  [[1, 1, 1, 1, 1, 0, 0, 0, 0, 0, 1, 1, 1, 1, 1, 1, 0, 1, 1, 0, 1, 1, 1, 1, 1, 1, 1, 1, 1, 1, 1, 0, ],[1, 1, 1, 1, 0, 0, 1, 0, 0, 0, 1, 1, 1, 1, 1, 1, 0, 0, 1, 1, 1, 1, 1, 1, 1, 1, 1, 1, 1, 1, 1, 0, ],]
j_protocol_secondary =  [0.0126707, 0.0223433, 0.0223433, 0.0658813, 0.0658813, 0.184236, 0.184236, 0.259433, 0.259433, 0.341689, 0.341689, 0.553181, 0.553181, 0.946637, 0.965072, 1.13809, ]
k_protocol_secondary =  [0, 0.169397, 0.337256, 0.554136, 0.613173, 0.643099, 0.658728, 0.689025, 0.689025, 0.919277, 0.919277, 0.919581, 0.919581, 0.958579, 0.958579, 1.11993, ]
best_evolved_state = [-0.0017814, 0.00446675, -0.0101829, -0.0026901, -0.00473493, -0.00703517, -0.00578109, 0.0271418, -0.00754679, 0.00174168, -0.0017814, 0.00446675, 0.00552456, 0.0207046, -0.00811804, 0.0247837, 0.00552456, 0.0207046, -0.00754679, 0.00174168, -0.00578109, 0.0271418, -0.00473493, -0.00703517, -0.01906, 0.0233736, -0.0444685, -0.0300853, -0.01906, 0.0233736, -0.0192199, 0.00933092, -0.0386526, 0.0242748, -0.0155654, 0.0269821, 0.00705351, 0.026935, -0.00578109, 0.0271418, -0.00967093, 0.159299, -0.0125281, 0.0361936, -0.0388627, 0.100023, -0.0270423, 0.0546575, -0.0125281, 0.0361936, -0.0017814, 0.00446675, -0.0192199, 0.00933092, -0.0157752, 0.0123051, -0.0272023, 0.0123376, -0.0784357, -0.0361944, -0.0101601, 0.0279488, -0.0101829, -0.0026901, -0.00473493, -0.00703517, -0.0125281, 0.0361936, -0.01906, 0.0233736, -0.0272023, 0.0123376, -0.0784357, -0.0361944, -0.0386526, 0.0242748, 0.00552456, 0.0207046, -0.01906, 0.0233736, -0.0388627, 0.100023, -0.01906, 0.0233736, -0.0270423, 0.0546575, -0.0444685, -0.0300853, -0.00473493, -0.00703517, 0.00552456, 0.0207046, -0.0386526, 0.0242748, -0.0784357, -0.0361944, -0.0784357, -0.0361944, -0.607371, -0.568536, -0.0784357, -0.0361944, -0.00473493, -0.00703517, -0.0444685, -0.0300853, -0.0270423, 0.0546575, -0.0444685, -0.0300853, -0.00811804, 0.0247837, -0.0155654, 0.0269821, -0.0101601, 0.0279488, -0.0386526, 0.0242748, -0.0784357, -0.0361944, -0.0157752, 0.0123051, -0.00578109, 0.0271418, -0.01906, 0.0233736, -0.0125281, 0.0361936, -0.00473493, -0.00703517, -0.0017814, 0.00446675, 0.00552456, 0.0207046, 0.00705351, 0.026935, 0.00552456, 0.0207046, -0.00754679, 0.00174168, -0.0192199, 0.00933092, -0.0157752, 0.0123051, -0.0192199, 0.00933092, -0.0017814, 0.00446675, -0.0125281, 0.0361936, -0.00967093, 0.159299, -0.00578109, 0.0271418, -0.0125281, 0.0361936, -0.00473493, -0.00703517, -0.0101829, -0.0026901, 0.00705351, 0.026935, -0.0155654, 0.0269821, -0.0386526, 0.0242748, -0.0101601, 0.0279488, -0.0784357, -0.0361944, -0.0272023, 0.0123376, -0.0125281, 0.0361936, -0.0270423, 0.0546575, -0.0388627, 0.100023, -0.01906, 0.0233736, -0.0155654, 0.0269821, 0.0161495, -0.0257873, -0.0155654, 0.0269821, -0.0155654, 0.0269821, -0.0386526, 0.0242748, -0.0192199, 0.00933092, -0.00967093, 0.159299, -0.0388627, 0.100023, -0.00967093, 0.159299, -0.00578109, 0.0271418, -0.0192199, 0.00933092, -0.0386526, 0.0242748, -0.0155654, 0.0269821, -0.00811804, 0.0247837, -0.00578109, 0.0271418, -0.0101601, 0.0279488, -0.0155654, 0.0269821, -0.00811804, 0.0247837, 0.00705351, 0.026935, 0.00552456, 0.0207046, -0.0017814, 0.00446675, -0.0125281, 0.0361936, -0.01906, 0.0233736, -0.00578109, 0.0271418, -0.00754679, 0.00174168, -0.0157752, 0.0123051, -0.0784357, -0.0361944, -0.0386526, 0.0242748, 0.00552456, 0.0207046, -0.00473493, -0.00703517, -0.0192199, 0.00933092, -0.0272023, 0.0123376, -0.0192199, 0.00933092, -0.0017814, 0.00446675, -0.0101829, -0.0026901, -0.0017814, 0.00446675, ]
best_mc_result_fixed_tau =   [0.274939, 0.275123, ]
evolved_state_fixed_tau =   [[-0.000504077, 0.00347711, -0.011889, -0.00320317, -0.00548715, -0.00652682, -0.00314821, 0.0272075, -0.00593168, -0.00321808, -0.000504077, 0.00347711, 0.00743157, 0.0201323, -0.00690237, 0.025445, 0.00743157, 0.0201323, -0.00593168, -0.00321808, -0.00314821, 0.0272075, -0.00548715, -0.00652682, -0.0208042, 0.0263696, -0.0433856, -0.0172851, -0.0208042, 0.0263696, -0.0182088, 0.00590937, -0.0346356, 0.0304063, -0.0125275, 0.0277233, 0.0104222, 0.0292841, -0.00314821, 0.0272075, 0.0121311, 0.163016, -0.00921758, 0.0341994, -0.0231747, 0.107777, -0.0230578, 0.0590697, -0.00921758, 0.0341994, -0.000504077, 0.00347711, -0.0182088, 0.00590937, -0.0140481, 0.0179909, -0.0258554, 0.0182801, -0.0803392, -0.0175122, -0.008739, 0.0337219, -0.011889, -0.00320317, -0.00548715, -0.00652682, -0.00921758, 0.0341994, -0.0208042, 0.0263696, -0.0258554, 0.0182801, -0.0803392, -0.0175122, -0.0346356, 0.0304063, 0.00743157, 0.0201323, -0.0208042, 0.0263696, -0.0231747, 0.107777, -0.0208042, 0.0263696, -0.0230578, 0.0590697, -0.0433856, -0.0172851, -0.00548715, -0.00652682, 0.00743157, 0.0201323, -0.0346356, 0.0304063, -0.0803392, -0.0175122, -0.0803392, -0.0175122, -0.725588, -0.403652, -0.0803392, -0.0175122, -0.00548715, -0.00652682, -0.0433856, -0.0172851, -0.0230578, 0.0590697, -0.0433856, -0.0172851, -0.00690237, 0.025445, -0.0125275, 0.0277233, -0.008739, 0.0337219, -0.0346356, 0.0304063, -0.0803392, -0.0175122, -0.0140481, 0.0179909, -0.00314821, 0.0272075, -0.0208042, 0.0263696, -0.00921758, 0.0341994, -0.00548715, -0.00652682, -0.000504077, 0.00347711, 0.00743157, 0.0201323, 0.0104222, 0.0292841, 0.00743157, 0.0201323, -0.00593168, -0.00321808, -0.0182088, 0.00590937, -0.0140481, 0.0179909, -0.0182088, 0.00590937, -0.000504077, 0.00347711, -0.00921758, 0.0341994, 0.0121311, 0.163016, -0.00314821, 0.0272075, -0.00921758, 0.0341994, -0.00548715, -0.00652682, -0.011889, -0.00320317, 0.0104222, 0.0292841, -0.0125275, 0.0277233, -0.0346356, 0.0304063, -0.008739, 0.0337219, -0.0803392, -0.0175122, -0.0258554, 0.0182801, -0.00921758, 0.0341994, -0.0230578, 0.0590697, -0.0231747, 0.107777, -0.0208042, 0.0263696, -0.0125275, 0.0277233, 0.0189312, -0.0263565, -0.0125275, 0.0277233, -0.0125275, 0.0277233, -0.0346356, 0.0304063, -0.0182088, 0.00590937, 0.0121311, 0.163016, -0.0231747, 0.107777, 0.0121311, 0.163016, -0.00314821, 0.0272075, -0.0182088, 0.00590937, -0.0346356, 0.0304063, -0.0125275, 0.0277233, -0.00690237, 0.025445, -0.00314821, 0.0272075, -0.008739, 0.0337219, -0.0125275, 0.0277233, -0.00690237, 0.025445, 0.0104222, 0.0292841, 0.00743157, 0.0201323, -0.000504077, 0.00347711, -0.00921758, 0.0341994, -0.0208042, 0.0263696, -0.00314821, 0.0272075, -0.00593168, -0.00321808, -0.0140481, 0.0179909, -0.0803392, -0.0175122, -0.0346356, 0.0304063, 0.00743157, 0.0201323, -0.00548715, -0.00652682, -0.0182088, 0.00590937, -0.0258554, 0.0182801, -0.0182088, 0.00590937, -0.000504077, 0.00347711, -0.011889, -0.00320317, -0.000504077, 0.00347711, ],[-0.00206714, 0.00384127, -0.00875042, -0.00259023, -0.00404606, -0.00332536, -0.0048724, 0.0269534, -0.00669785, 6.27673e-06, -0.00206714, 0.00384127, 0.00541525, 0.0214486, -0.00703957, 0.022234, 0.00541525, 0.0214486, -0.00669785, 6.27673e-06, -0.0048724, 0.0269534, -0.00404606, -0.00332536, -0.0183005, 0.0238592, -0.0395907, -0.0220432, -0.0183005, 0.0238592, -0.0173318, 0.00735077, -0.0332621, 0.0290386, -0.0121625, 0.0266838, 0.0070144, 0.0255229, -0.0048724, 0.0269534, 0.00372584, 0.167576, -0.0101365, 0.0354786, -0.0261877, 0.109495, -0.0260328, 0.0619628, -0.0101365, 0.0354786, -0.00206714, 0.00384127, -0.0173318, 0.00735077, -0.0142307, 0.0130456, -0.0243588, 0.012508, -0.0784868, -0.0169351, -0.0102411, 0.0271376, -0.00875042, -0.00259023, -0.00404606, -0.00332536, -0.0101365, 0.0354786, -0.0183005, 0.0238592, -0.0243588, 0.012508, -0.0784868, -0.0169351, -0.0332621, 0.0290386, 0.00541525, 0.0214486, -0.0183005, 0.0238592, -0.0261877, 0.109495, -0.0183005, 0.0238592, -0.0260328, 0.0619628, -0.0395907, -0.0220432, -0.00404606, -0.00332536, 0.00541525, 0.0214486, -0.0332621, 0.0290386, -0.0784868, -0.0169351, -0.0784868, -0.0169351, -0.702494, -0.444523, -0.0784868, -0.0169351, -0.00404606, -0.00332536, -0.0395907, -0.0220432, -0.0260328, 0.0619628, -0.0395907, -0.0220432, -0.00703957, 0.022234, -0.0121625, 0.0266838, -0.0102411, 0.0271376, -0.0332621, 0.0290386, -0.0784868, -0.0169351, -0.0142307, 0.0130456, -0.0048724, 0.0269534, -0.0183005, 0.0238592, -0.0101365, 0.0354786, -0.00404606, -0.00332536, -0.00206714, 0.00384127, 0.00541525, 0.0214486, 0.0070144, 0.0255229, 0.00541525, 0.0214486, -0.00669785, 6.27673e-06, -0.0173318, 0.00735077, -0.0142307, 0.0130456, -0.0173318, 0.00735077, -0.00206714, 0.00384127, -0.0101365, 0.0354786, 0.00372584, 0.167576, -0.0048724, 0.0269534, -0.0101365, 0.0354786, -0.00404606, -0.00332536, -0.00875042, -0.00259023, 0.0070144, 0.0255229, -0.0121625, 0.0266838, -0.0332621, 0.0290386, -0.0102411, 0.0271376, -0.0784868, -0.0169351, -0.0243588, 0.012508, -0.0101365, 0.0354786, -0.0260328, 0.0619628, -0.0261877, 0.109495, -0.0183005, 0.0238592, -0.0121625, 0.0266838, 0.0223197, -0.0198157, -0.0121625, 0.0266838, -0.0121625, 0.0266838, -0.0332621, 0.0290386, -0.0173318, 0.00735077, 0.00372584, 0.167576, -0.0261877, 0.109495, 0.00372584, 0.167576, -0.0048724, 0.0269534, -0.0173318, 0.00735077, -0.0332621, 0.0290386, -0.0121625, 0.0266838, -0.00703957, 0.022234, -0.0048724, 0.0269534, -0.0102411, 0.0271376, -0.0121625, 0.0266838, -0.00703957, 0.022234, 0.0070144, 0.0255229, 0.00541525, 0.0214486, -0.00206714, 0.00384127, -0.0101365, 0.0354786, -0.0183005, 0.0238592, -0.0048724, 0.0269534, -0.00669785, 6.27673e-06, -0.0142307, 0.0130456, -0.0784868, -0.0169351, -0.0332621, 0.0290386, 0.00541525, 0.0214486, -0.00404606, -0.00332536, -0.0173318, 0.00735077, -0.0243588, 0.012508, -0.0173318, 0.00735077, -0.00206714, 0.00384127, -0.00875042, -0.00259023, -0.00206714, 0.00384127, ],]
##############################################################################
clock_duration  =         4869.62
tau =                     1.3657
total_steps =             32
time_step =               0.0426782
best_mc_result =          0.154817
best_mc_result_non_secondary =          0.158463
evolved_target_dot_squared =  0.845183
distance =          0.173985
j_protocol =  [[1, 1, 1, 1, 1, 1, 1, 1, 1, 1, 1, 1, 1, 1, 1, 1, 1, 1, 1, 1, 1, 1, 1, 1, 1, 1, 1, 1, 1, 1, 1, 1, ],[1, 1, 1, 1, 1, 1, 1, 1, 1, 1, 1, 1, 1, 1, 1, 1, 1, 1, 1, 1, 1, 1, 1, 1, 1, 1, 1, 1, 1, 1, 1, 1, ],]
k_protocol =  [[1, 1, 1, 1, 0, 0, 0, 1, 1, 1, 1, 0, 0, 1, 1, 0, 1, 1, 1, 1, 0, 1, 1, 1, 1, 1, 1, 1, 1, 1, 1, 1, ],[1, 1, 1, 1, 0, 0, 0, 1, 1, 1, 1, 0, 0, 1, 1, 0, 1, 1, 1, 0, 1, 1, 1, 1, 1, 1, 1, 1, 1, 1, 1, 1, ],]
j_protocol_secondary =  [0.0117451, 0.141261, 0.141261, 0.263393, 0.263393, 0.59375, 0.59375, 0.615796, 0.615796, 1.00834, 1.00834, 1.25491, 1.25953, 1.35714, 1.35714, 1.3657, ]
k_protocol_secondary =  [0, 0.165051, 0.17386, 0.178731, 0.309964, 0.474707, 0.55034, 0.63842, 0.692022, 0.848579, 0.897336, 0.971455, 0.971946, 1.01403, 1.01403, 1.3516, ]
best_evolved_state = [-0.00191981, -0.00212963, -0.00396555, -0.00719735, 0.00430414, -0.0143114, -0.013239, -0.00812933, -0.00899776, -0.000426795, -0.00191981, -0.00212963, -0.012897, 0.00308681, -0.0226613, 0.00659044, -0.012897, 0.00308681, -0.00899776, -0.000426795, -0.013239, -0.00812933, 0.00430414, -0.0143114, -0.012361, -0.0047084, 0.0436075, 0.0270801, -0.012361, -0.0047084, -0.0150227, -0.0136781, -0.00697594, -0.0524329, -0.0171314, -0.020061, -0.0136017, 0.00665509, -0.013239, -0.00812933, -0.0576307, -0.0398629, -0.0332374, -0.00456246, -0.0318698, -0.0874655, -0.0118382, -0.0298801, -0.0332374, -0.00456246, -0.00191981, -0.00212963, -0.0150227, -0.0136781, -0.000843391, -0.00973274, 0.000645447, -0.0187717, 0.0890684, -0.0277096, 0.000553255, 0.00775366, -0.00396555, -0.00719735, 0.00430414, -0.0143114, -0.0332374, -0.00456246, -0.012361, -0.0047084, 0.000645447, -0.0187717, 0.0890684, -0.0277096, -0.00697594, -0.0524329, -0.012897, 0.00308681, -0.012361, -0.0047084, -0.0318698, -0.0874655, -0.012361, -0.0047084, -0.0118382, -0.0298801, 0.0436075, 0.0270801, 0.00430414, -0.0143114, -0.012897, 0.00308681, -0.00697594, -0.0524329, 0.0890684, -0.0277096, 0.0890684, -0.0277096, 0.894141, 0.0737225, 0.0890684, -0.0277096, 0.00430414, -0.0143114, 0.0436075, 0.0270801, -0.0118382, -0.0298801, 0.0436075, 0.0270801, -0.0226613, 0.00659044, -0.0171314, -0.020061, 0.000553255, 0.00775366, -0.00697594, -0.0524329, 0.0890684, -0.0277096, -0.000843391, -0.00973274, -0.013239, -0.00812933, -0.012361, -0.0047084, -0.0332374, -0.00456246, 0.00430414, -0.0143114, -0.00191981, -0.00212963, -0.012897, 0.00308681, -0.0136017, 0.00665509, -0.012897, 0.00308681, -0.00899776, -0.000426795, -0.0150227, -0.0136781, -0.000843391, -0.00973274, -0.0150227, -0.0136781, -0.00191981, -0.00212963, -0.0332374, -0.00456246, -0.0576307, -0.0398629, -0.013239, -0.00812933, -0.0332374, -0.00456246, 0.00430414, -0.0143114, -0.00396555, -0.00719735, -0.0136017, 0.00665509, -0.0171314, -0.020061, -0.00697594, -0.0524329, 0.000553255, 0.00775366, 0.0890684, -0.0277096, 0.000645447, -0.0187717, -0.0332374, -0.00456246, -0.0118382, -0.0298801, -0.0318698, -0.0874655, -0.012361, -0.0047084, -0.0171314, -0.020061, 0.0426638, -0.0452826, -0.0171314, -0.020061, -0.0171314, -0.020061, -0.00697594, -0.0524329, -0.0150227, -0.0136781, -0.0576307, -0.0398629, -0.0318698, -0.0874655, -0.0576307, -0.0398629, -0.013239, -0.00812933, -0.0150227, -0.0136781, -0.00697594, -0.0524329, -0.0171314, -0.020061, -0.0226613, 0.00659044, -0.013239, -0.00812933, 0.000553255, 0.00775366, -0.0171314, -0.020061, -0.0226613, 0.00659044, -0.0136017, 0.00665509, -0.012897, 0.00308681, -0.00191981, -0.00212963, -0.0332374, -0.00456246, -0.012361, -0.0047084, -0.013239, -0.00812933, -0.00899776, -0.000426795, -0.000843391, -0.00973274, 0.0890684, -0.0277096, -0.00697594, -0.0524329, -0.012897, 0.00308681, 0.00430414, -0.0143114, -0.0150227, -0.0136781, 0.000645447, -0.0187717, -0.0150227, -0.0136781, -0.00191981, -0.00212963, -0.00396555, -0.00719735, -0.00191981, -0.00212963, ]
best_mc_result_fixed_tau =   [0.158463, 0.159696, ]
evolved_state_fixed_tau =   [[-0.000883856, -0.000956107, -0.00233645, -0.00849913, 0.00964572, -0.011388, -0.0124773, -0.0102144, -0.00769821, 0.00102808, -0.000883856, -0.000956107, -0.0116867, 0.0020733, -0.0248941, 0.0027495, -0.0116867, 0.0020733, -0.00769821, 0.00102808, -0.0124773, -0.0102144, 0.00964572, -0.011388, -0.0101708, -0.00679834, 0.0377911, 0.0378111, -0.0101708, -0.00679834, -0.0133096, -0.0166422, 0.00519042, -0.0505731, -0.0129478, -0.0245664, -0.0176007, 0.00446694, -0.0124773, -0.0102144, -0.0503806, -0.0564294, -0.0323066, -0.0100931, -0.0130584, -0.0938938, -0.005112, -0.0211143, -0.0323066, -0.0100931, -0.000883856, -0.000956107, -0.0133096, -0.0166422, -0.00283365, -0.00949378, 0.000218298, -0.0192405, 0.0933054, 0.0097514, -0.00409904, 0.00842554, -0.00233645, -0.00849913, 0.00964572, -0.011388, -0.0323066, -0.0100931, -0.0101708, -0.00679834, 0.000218298, -0.0192405, 0.0933054, 0.0097514, 0.00519042, -0.0505731, -0.0116867, 0.0020733, -0.0101708, -0.00679834, -0.0130584, -0.0938938, -0.0101708, -0.00679834, -0.005112, -0.0211143, 0.0377911, 0.0378111, 0.00964572, -0.011388, -0.0116867, 0.0020733, 0.00519042, -0.0505731, 0.0933054, 0.0097514, 0.0933054, 0.0097514, 0.788909, 0.422312, 0.0933054, 0.0097514, 0.00964572, -0.011388, 0.0377911, 0.0378111, -0.005112, -0.0211143, 0.0377911, 0.0378111, -0.0248941, 0.0027495, -0.0129478, -0.0245664, -0.00409904, 0.00842554, 0.00519042, -0.0505731, 0.0933054, 0.0097514, -0.00283365, -0.00949378, -0.0124773, -0.0102144, -0.0101708, -0.00679834, -0.0323066, -0.0100931, 0.00964572, -0.011388, -0.000883856, -0.000956107, -0.0116867, 0.0020733, -0.0176007, 0.00446694, -0.0116867, 0.0020733, -0.00769821, 0.00102808, -0.0133096, -0.0166422, -0.00283365, -0.00949378, -0.0133096, -0.0166422, -0.000883856, -0.000956107, -0.0323066, -0.0100931, -0.0503806, -0.0564294, -0.0124773, -0.0102144, -0.0323066, -0.0100931, 0.00964572, -0.011388, -0.00233645, -0.00849913, -0.0176007, 0.00446694, -0.0129478, -0.0245664, 0.00519042, -0.0505731, -0.00409904, 0.00842554, 0.0933054, 0.0097514, 0.000218298, -0.0192405, -0.0323066, -0.0100931, -0.005112, -0.0211143, -0.0130584, -0.0938938, -0.0101708, -0.00679834, -0.0129478, -0.0245664, 0.0550935, -0.0350424, -0.0129478, -0.0245664, -0.0129478, -0.0245664, 0.00519042, -0.0505731, -0.0133096, -0.0166422, -0.0503806, -0.0564294, -0.0130584, -0.0938938, -0.0503806, -0.0564294, -0.0124773, -0.0102144, -0.0133096, -0.0166422, 0.00519042, -0.0505731, -0.0129478, -0.0245664, -0.0248941, 0.0027495, -0.0124773, -0.0102144, -0.00409904, 0.00842554, -0.0129478, -0.0245664, -0.0248941, 0.0027495, -0.0176007, 0.00446694, -0.0116867, 0.0020733, -0.000883856, -0.000956107, -0.0323066, -0.0100931, -0.0101708, -0.00679834, -0.0124773, -0.0102144, -0.00769821, 0.00102808, -0.00283365, -0.00949378, 0.0933054, 0.0097514, 0.00519042, -0.0505731, -0.0116867, 0.0020733, 0.00964572, -0.011388, -0.0133096, -0.0166422, 0.000218298, -0.0192405, -0.0133096, -0.0166422, -0.000883856, -0.000956107, -0.00233645, -0.00849913, -0.000883856, -0.000956107, ],[-0.00225977, -0.00169519, -0.00170842, -0.00735175, 0.00712858, -0.0075907, -0.0123565, -0.0108522, -0.0100207, 0.000223081, -0.00225977, -0.00169519, -0.0133161, 0.00277196, -0.0244217, 0.00139781, -0.0133161, 0.00277196, -0.0100207, 0.000223081, -0.0123565, -0.0108522, 0.00712858, -0.0075907, -0.0102507, -0.00536127, 0.0438083, 0.0433627, -0.0102507, -0.00536127, -0.0133213, -0.0169123, 0.00414094, -0.0531176, -0.0121387, -0.0246288, -0.0175094, 0.00209528, -0.0123565, -0.0108522, -0.0455507, -0.054677, -0.0341402, -0.0108365, -0.00900214, -0.0995219, -0.0139587, -0.0227981, -0.0341402, -0.0108365, -0.00225977, -0.00169519, -0.0133213, -0.0169123, -0.00135416, -0.0120113, 0.00237686, -0.0220327, 0.0866545, 0.0101023, -0.00350811, 0.00593259, -0.00170842, -0.00735175, 0.00712858, -0.0075907, -0.0341402, -0.0108365, -0.0102507, -0.00536127, 0.00237686, -0.0220327, 0.0866545, 0.0101023, 0.00414094, -0.0531176, -0.0133161, 0.00277196, -0.0102507, -0.00536127, -0.00900214, -0.0995219, -0.0102507, -0.00536127, -0.0139587, -0.0227981, 0.0438083, 0.0433627, 0.00712858, -0.0075907, -0.0133161, 0.00277196, 0.00414094, -0.0531176, 0.0866545, 0.0101023, 0.0866545, 0.0101023, 0.787801, 0.425267, 0.0866545, 0.0101023, 0.00712858, -0.0075907, 0.0438083, 0.0433627, -0.0139587, -0.0227981, 0.0438083, 0.0433627, -0.0244217, 0.00139781, -0.0121387, -0.0246288, -0.00350811, 0.00593259, 0.00414094, -0.0531176, 0.0866545, 0.0101023, -0.00135416, -0.0120113, -0.0123565, -0.0108522, -0.0102507, -0.00536127, -0.0341402, -0.0108365, 0.00712858, -0.0075907, -0.00225977, -0.00169519, -0.0133161, 0.00277196, -0.0175094, 0.00209528, -0.0133161, 0.00277196, -0.0100207, 0.000223081, -0.0133213, -0.0169123, -0.00135416, -0.0120113, -0.0133213, -0.0169123, -0.00225977, -0.00169519, -0.0341402, -0.0108365, -0.0455507, -0.054677, -0.0123565, -0.0108522, -0.0341402, -0.0108365, 0.00712858, -0.0075907, -0.00170842, -0.00735175, -0.0175094, 0.00209528, -0.0121387, -0.0246288, 0.00414094, -0.0531176, -0.00350811, 0.00593259, 0.0866545, 0.0101023, 0.00237686, -0.0220327, -0.0341402, -0.0108365, -0.0139587, -0.0227981, -0.00900214, -0.0995219, -0.0102507, -0.00536127, -0.0121387, -0.0246288, 0.0547391, -0.0318357, -0.0121387, -0.0246288, -0.0121387, -0.0246288, 0.00414094, -0.0531176, -0.0133213, -0.0169123, -0.0455507, -0.054677, -0.00900214, -0.0995219, -0.0455507, -0.054677, -0.0123565, -0.0108522, -0.0133213, -0.0169123, 0.00414094, -0.0531176, -0.0121387, -0.0246288, -0.0244217, 0.00139781, -0.0123565, -0.0108522, -0.00350811, 0.00593259, -0.0121387, -0.0246288, -0.0244217, 0.00139781, -0.0175094, 0.00209528, -0.0133161, 0.00277196, -0.00225977, -0.00169519, -0.0341402, -0.0108365, -0.0102507, -0.00536127, -0.0123565, -0.0108522, -0.0100207, 0.000223081, -0.00135416, -0.0120113, 0.0866545, 0.0101023, 0.00414094, -0.0531176, -0.0133161, 0.00277196, 0.00712858, -0.0075907, -0.0133213, -0.0169123, 0.00237686, -0.0220327, -0.0133213, -0.0169123, -0.00225977, -0.00169519, -0.00170842, -0.00735175, -0.00225977, -0.00169519, ],]
##############################################################################
clock_duration  =         5973.97
tau =                     1.50227
total_steps =             32
time_step =               0.0469461
best_mc_result =          0.0974346
best_mc_result_non_secondary =          0.105118
evolved_target_dot_squared =  0.902565
distance =          0.109498
j_protocol =  [[1, 1, 1, 1, 1, 1, 1, 1, 1, 1, 1, 1, 1, 1, 1, 1, 1, 1, 1, 1, 1, 1, 1, 1, 1, 1, 1, 1, 1, 0, 1, 1, ],[1, 1, 1, 1, 1, 1, 1, 1, 1, 1, 1, 1, 1, 1, 1, 1, 1, 1, 1, 1, 1, 1, 1, 1, 1, 1, 1, 1, 1, 1, 1, 1, ],]
k_protocol =  [[1, 1, 1, 0, 1, 0, 0, 1, 1, 1, 1, 0, 0, 1, 1, 0, 1, 1, 1, 1, 0, 1, 1, 1, 1, 1, 1, 1, 1, 1, 1, 1, ],[1, 1, 1, 0, 0, 1, 0, 1, 1, 1, 1, 0, 0, 0, 1, 1, 1, 1, 1, 0, 1, 0, 1, 1, 1, 1, 1, 1, 1, 1, 1, 1, ],]
j_protocol_secondary =  [0.0121159, 0.313543, 0.313543, 0.473312, 0.473312, 0.671182, 0.671182, 0.782831, 0.782831, 0.878561, 0.878561, 1.24165, 1.24165, 1.3409, 1.3618, 1.50227, ]
k_protocol_secondary =  [0, 0.160349, 0.248569, 0.268102, 0.303109, 0.303733, 0.334857, 0.562326, 0.697883, 0.88132, 0.884477, 0.907638, 0.925061, 0.99936, 1.05325, 1.4884, ]
best_evolved_state = [-0.00256625, 0.00102456, 0.00113971, -0.00589292, 0.00276245, -0.00897821, -0.00342288, -0.0121263, -0.00577325, 0.00674138, -0.00256625, 0.00102456, -0.00782537, -0.00727532, -0.0171819, -0.00125866, -0.00782537, -0.00727532, -0.00577325, 0.00674138, -0.00342288, -0.0121263, 0.00276245, -0.00897821, -0.00124751, -0.000616909, -0.0271619, 0.0499318, -0.00124751, -0.000616909, -0.00095569, -0.00462872, 0.0302967, -0.0290329, 0.00774109, -0.0132198, -0.0125457, -0.00923643, -0.00342288, -0.0121263, 0.00646013, -0.0438863, -0.020911, -0.00930624, 0.0520152, -0.0571074, 0.0191159, -0.00987374, -0.020911, -0.00930624, -0.00256625, 0.00102456, -0.00095569, -0.00462872, -0.000427514, -0.00964604, 0.010062, -0.00842064, 0.0473194, 0.0657171, 0.000894049, 0.00561035, 0.00113971, -0.00589292, 0.00276245, -0.00897821, -0.020911, -0.00930624, -0.00124751, -0.000616909, 0.010062, -0.00842064, 0.0473194, 0.0657171, 0.0302967, -0.0290329, -0.00782537, -0.00727532, -0.00124751, -0.000616909, 0.0520152, -0.0571074, -0.00124751, -0.000616909, 0.0191159, -0.00987374, -0.0271619, 0.0499318, 0.00276245, -0.00897821, -0.00782537, -0.00727532, 0.0302967, -0.0290329, 0.0473194, 0.0657171, 0.0473194, 0.0657171, 0.134044, 0.92261, 0.0473194, 0.0657171, 0.00276245, -0.00897821, -0.0271619, 0.0499318, 0.0191159, -0.00987374, -0.0271619, 0.0499318, -0.0171819, -0.00125866, 0.00774109, -0.0132198, 0.000894049, 0.00561035, 0.0302967, -0.0290329, 0.0473194, 0.0657171, -0.000427514, -0.00964604, -0.00342288, -0.0121263, -0.00124751, -0.000616909, -0.020911, -0.00930624, 0.00276245, -0.00897821, -0.00256625, 0.00102456, -0.00782537, -0.00727532, -0.0125457, -0.00923643, -0.00782537, -0.00727532, -0.00577325, 0.00674138, -0.00095569, -0.00462872, -0.000427514, -0.00964604, -0.00095569, -0.00462872, -0.00256625, 0.00102456, -0.020911, -0.00930624, 0.00646013, -0.0438863, -0.00342288, -0.0121263, -0.020911, -0.00930624, 0.00276245, -0.00897821, 0.00113971, -0.00589292, -0.0125457, -0.00923643, 0.00774109, -0.0132198, 0.0302967, -0.0290329, 0.000894049, 0.00561035, 0.0473194, 0.0657171, 0.010062, -0.00842064, -0.020911, -0.00930624, 0.0191159, -0.00987374, 0.0520152, -0.0571074, -0.00124751, -0.000616909, 0.00774109, -0.0132198, 0.0652277, -0.0220207, 0.00774109, -0.0132198, 0.00774109, -0.0132198, 0.0302967, -0.0290329, -0.00095569, -0.00462872, 0.00646013, -0.0438863, 0.0520152, -0.0571074, 0.00646013, -0.0438863, -0.00342288, -0.0121263, -0.00095569, -0.00462872, 0.0302967, -0.0290329, 0.00774109, -0.0132198, -0.0171819, -0.00125866, -0.00342288, -0.0121263, 0.000894049, 0.00561035, 0.00774109, -0.0132198, -0.0171819, -0.00125866, -0.0125457, -0.00923643, -0.00782537, -0.00727532, -0.00256625, 0.00102456, -0.020911, -0.00930624, -0.00124751, -0.000616909, -0.00342288, -0.0121263, -0.00577325, 0.00674138, -0.000427514, -0.00964604, 0.0473194, 0.0657171, 0.0302967, -0.0290329, -0.00782537, -0.00727532, 0.00276245, -0.00897821, -0.00095569, -0.00462872, 0.010062, -0.00842064, -0.00095569, -0.00462872, -0.00256625, 0.00102456, 0.00113971, -0.00589292, -0.00256625, 0.00102456, ]
best_mc_result_fixed_tau =   [0.108053, 0.105118, ]
evolved_state_fixed_tau =   [[-0.000881741, -0.000729393, 0.000111278, -0.00612263, 0.00449554, -0.00939838, -0.00232518, -0.0116884, -0.00521644, 0.00349486, -0.000881741, -0.000729393, -0.00888785, -0.00560666, -0.0195049, -0.00293415, -0.00888785, -0.00560666, -0.00521644, 0.00349486, -0.00232518, -0.0116884, 0.00449554, -0.00939838, -0.0053948, -0.00311349, -0.0360198, 0.0328292, -0.0053948, -0.00311349, -0.00352777, -0.00849998, 0.0357756, -0.0294695, 0.0067438, -0.0166725, -0.0131853, -0.00662458, -0.00232518, -0.0116884, 0.0240193, -0.0531912, -0.021381, -0.0173935, 0.0719604, -0.0547817, 0.0120204, -0.0117998, -0.021381, -0.0173935, -0.000881741, -0.000729393, -0.00352777, -0.00849998, -0.00266295, -0.0107244, 0.0058345, -0.0110398, 0.0206714, 0.0593191, -0.00427231, 0.00642958, 0.000111278, -0.00612263, 0.00449554, -0.00939838, -0.021381, -0.0173935, -0.0053948, -0.00311349, 0.0058345, -0.0110398, 0.0206714, 0.0593191, 0.0357756, -0.0294695, -0.00888785, -0.00560666, -0.0053948, -0.00311349, 0.0719604, -0.0547817, -0.0053948, -0.00311349, 0.0120204, -0.0117998, -0.0360198, 0.0328292, 0.00449554, -0.00939838, -0.00888785, -0.00560666, 0.0357756, -0.0294695, 0.0206714, 0.0593191, 0.0206714, 0.0593191, -0.349385, 0.866267, 0.0206714, 0.0593191, 0.00449554, -0.00939838, -0.0360198, 0.0328292, 0.0120204, -0.0117998, -0.0360198, 0.0328292, -0.0195049, -0.00293415, 0.0067438, -0.0166725, -0.00427231, 0.00642958, 0.0357756, -0.0294695, 0.0206714, 0.0593191, -0.00266295, -0.0107244, -0.00232518, -0.0116884, -0.0053948, -0.00311349, -0.021381, -0.0173935, 0.00449554, -0.00939838, -0.000881741, -0.000729393, -0.00888785, -0.00560666, -0.0131853, -0.00662458, -0.00888785, -0.00560666, -0.00521644, 0.00349486, -0.00352777, -0.00849998, -0.00266295, -0.0107244, -0.00352777, -0.00849998, -0.000881741, -0.000729393, -0.021381, -0.0173935, 0.0240193, -0.0531912, -0.00232518, -0.0116884, -0.021381, -0.0173935, 0.00449554, -0.00939838, 0.000111278, -0.00612263, -0.0131853, -0.00662458, 0.0067438, -0.0166725, 0.0357756, -0.0294695, -0.00427231, 0.00642958, 0.0206714, 0.0593191, 0.0058345, -0.0110398, -0.021381, -0.0173935, 0.0120204, -0.0117998, 0.0719604, -0.0547817, -0.0053948, -0.00311349, 0.0067438, -0.0166725, 0.0716485, -0.00289943, 0.0067438, -0.0166725, 0.0067438, -0.0166725, 0.0357756, -0.0294695, -0.00352777, -0.00849998, 0.0240193, -0.0531912, 0.0719604, -0.0547817, 0.0240193, -0.0531912, -0.00232518, -0.0116884, -0.00352777, -0.00849998, 0.0357756, -0.0294695, 0.0067438, -0.0166725, -0.0195049, -0.00293415, -0.00232518, -0.0116884, -0.00427231, 0.00642958, 0.0067438, -0.0166725, -0.0195049, -0.00293415, -0.0131853, -0.00662458, -0.00888785, -0.00560666, -0.000881741, -0.000729393, -0.021381, -0.0173935, -0.0053948, -0.00311349, -0.00232518, -0.0116884, -0.00521644, 0.00349486, -0.00266295, -0.0107244, 0.0206714, 0.0593191, 0.0357756, -0.0294695, -0.00888785, -0.00560666, 0.00449554, -0.00939838, -0.00352777, -0.00849998, 0.0058345, -0.0110398, -0.00352777, -0.00849998, -0.000881741, -0.000729393, 0.000111278, -0.00612263, -0.000881741, -0.000729393, ],[0.00343676, 0.000844009, 0.00179645, -0.0076427, 0.0074611, -0.00955879, -0.00213367, -0.00904103, 0.00167769, 0.00338687, 0.00343676, 0.000844009, -0.00678483, -0.00817935, -0.0174872, -0.00325867, -0.00678483, -0.00817935, 0.00167769, 0.00338687, -0.00213367, -0.00904103, 0.0074611, -0.00955879, -0.00350701, -0.00659791, -0.041503, 0.0575548, -0.00350701, -0.00659791, 0.000888068, -0.00955723, 0.0367536, -0.0208039, 0.0102515, -0.0149818, -0.0157234, -0.00533139, -0.00213367, -0.00904103, 0.0140407, -0.0286766, -0.0157828, -0.0127774, 0.0624258, -0.0391819, 0.0229257, -0.00440376, -0.0157828, -0.0127774, 0.00343676, 0.000844009, 0.000888068, -0.00955723, -0.004712, -0.00488365, 0.00707391, -0.00499637, 0.0345214, 0.0818367, -0.00723209, 0.0111059, 0.00179645, -0.0076427, 0.0074611, -0.00955879, -0.0157828, -0.0127774, -0.00350701, -0.00659791, 0.00707391, -0.00499637, 0.0345214, 0.0818367, 0.0367536, -0.0208039, -0.00678483, -0.00817935, -0.00350701, -0.00659791, 0.0624258, -0.0391819, -0.00350701, -0.00659791, 0.0229257, -0.00440376, -0.041503, 0.0575548, 0.0074611, -0.00955879, -0.00678483, -0.00817935, 0.0367536, -0.0208039, 0.0345214, 0.0818367, 0.0345214, 0.0818367, -0.0743627, 0.921957, 0.0345214, 0.0818367, 0.0074611, -0.00955879, -0.041503, 0.0575548, 0.0229257, -0.00440376, -0.041503, 0.0575548, -0.0174872, -0.00325867, 0.0102515, -0.0149818, -0.00723209, 0.0111059, 0.0367536, -0.0208039, 0.0345214, 0.0818367, -0.004712, -0.00488365, -0.00213367, -0.00904103, -0.00350701, -0.00659791, -0.0157828, -0.0127774, 0.0074611, -0.00955879, 0.00343676, 0.000844009, -0.00678483, -0.00817935, -0.0157234, -0.00533139, -0.00678483, -0.00817935, 0.00167769, 0.00338687, 0.000888068, -0.00955723, -0.004712, -0.00488365, 0.000888068, -0.00955723, 0.00343676, 0.000844009, -0.0157828, -0.0127774, 0.0140407, -0.0286766, -0.00213367, -0.00904103, -0.0157828, -0.0127774, 0.0074611, -0.00955879, 0.00179645, -0.0076427, -0.0157234, -0.00533139, 0.0102515, -0.0149818, 0.0367536, -0.0208039, -0.00723209, 0.0111059, 0.0345214, 0.0818367, 0.00707391, -0.00499637, -0.0157828, -0.0127774, 0.0229257, -0.00440376, 0.0624258, -0.0391819, -0.00350701, -0.00659791, 0.0102515, -0.0149818, 0.0714812, -0.000358297, 0.0102515, -0.0149818, 0.0102515, -0.0149818, 0.0367536, -0.0208039, 0.000888068, -0.00955723, 0.0140407, -0.0286766, 0.0624258, -0.0391819, 0.0140407, -0.0286766, -0.00213367, -0.00904103, 0.000888068, -0.00955723, 0.0367536, -0.0208039, 0.0102515, -0.0149818, -0.0174872, -0.00325867, -0.00213367, -0.00904103, -0.00723209, 0.0111059, 0.0102515, -0.0149818, -0.0174872, -0.00325867, -0.0157234, -0.00533139, -0.00678483, -0.00817935, 0.00343676, 0.000844009, -0.0157828, -0.0127774, -0.00350701, -0.00659791, -0.00213367, -0.00904103, 0.00167769, 0.00338687, -0.004712, -0.00488365, 0.0345214, 0.0818367, 0.0367536, -0.0208039, -0.00678483, -0.00817935, 0.0074611, -0.00955879, 0.000888068, -0.00955723, 0.00707391, -0.00499637, 0.000888068, -0.00955723, 0.00343676, 0.000844009, 0.00179645, -0.0076427, 0.00343676, 0.000844009, ],]
##############################################################################
clock_duration  =         7337.69
tau =                     1.6525
total_steps =             32
time_step =               0.0516407
best_mc_result =          0.0498608
best_mc_result_non_secondary =          0.0595998
evolved_target_dot_squared =  0.950139
distance =          0.0560341
j_protocol =  [[1, 1, 1, 1, 1, 1, 1, 1, 1, 1, 1, 1, 1, 1, 1, 1, 1, 1, 1, 1, 1, 1, 1, 1, 1, 1, 1, 1, 0, 1, 1, 1, ],[1, 1, 1, 1, 1, 1, 1, 1, 1, 1, 1, 1, 1, 1, 1, 1, 1, 1, 1, 1, 1, 1, 1, 1, 1, 1, 1, 0, 1, 1, 1, 1, ],]
k_protocol =  [[1, 1, 0, 1, 1, 0, 0, 1, 1, 1, 1, 0, 0, 1, 1, 1, 0, 1, 1, 0, 1, 1, 1, 0, 1, 1, 1, 1, 1, 1, 1, 1, ],[1, 1, 1, 1, 0, 0, 0, 1, 1, 1, 1, 1, 0, 0, 1, 1, 0, 1, 1, 1, 1, 0, 1, 1, 0, 1, 1, 1, 1, 1, 1, 1, ],]
j_protocol_secondary =  [0.0111595, 0.113293, 0.113293, 0.431282, 0.431282, 0.473977, 0.473977, 0.720266, 0.720266, 0.88466, 0.88466, 1.28569, 1.28569, 1.47006, 1.51493, 1.6525, ]
k_protocol_secondary =  [0, 0.128103, 0.182291, 0.239418, 0.350299, 0.56759, 0.675288, 0.817004, 0.875687, 0.990569, 1.02598, 1.08647, 1.09332, 1.18299, 1.23062, 1.63826, ]
best_evolved_state = [-0.00313423, -0.000943299, 0.00180943, -0.00502102, -0.00488741, -0.010986, 0.00137963, -0.0103138, -0.00357956, 0.00466301, -0.00313423, -0.000943299, -0.000330074, -0.0111053, -0.00993401, -0.00083899, -0.000330074, -0.0111053, -0.00357956, 0.00466301, 0.00137963, -0.0103138, -0.00488741, -0.010986, -0.00721741, 0.0067473, -0.0522902, -0.017912, -0.00721741, 0.0067473, -0.000787714, 0.00469558, 0.023385, 0.00648481, 0.0095065, 0.00677326, -0.0024771, -0.0132528, 0.00137963, -0.0103138, 0.0177856, -0.00868483, -0.0158013, -0.0100266, 0.0510982, 0.0154096, 0.00330976, 0.0141484, -0.0158013, -0.0100266, -0.00313423, -0.000943299, -0.000787714, 0.00469558, -0.00278082, -0.00893569, 0.0050294, 0.0018028, -0.041718, 0.0427919, -0.00180362, 0.00592868, 0.00180943, -0.00502102, -0.00488741, -0.010986, -0.0158013, -0.0100266, -0.00721741, 0.0067473, 0.0050294, 0.0018028, -0.041718, 0.0427919, 0.023385, 0.00648481, -0.000330074, -0.0111053, -0.00721741, 0.0067473, 0.0510982, 0.0154096, -0.00721741, 0.0067473, 0.00330976, 0.0141484, -0.0522902, -0.017912, -0.00488741, -0.010986, -0.000330074, -0.0111053, 0.023385, 0.00648481, -0.041718, 0.0427919, -0.041718, 0.0427919, -0.930577, 0.245775, -0.041718, 0.0427919, -0.00488741, -0.010986, -0.0522902, -0.017912, 0.00330976, 0.0141484, -0.0522902, -0.017912, -0.00993401, -0.00083899, 0.0095065, 0.00677326, -0.00180362, 0.00592868, 0.023385, 0.00648481, -0.041718, 0.0427919, -0.00278082, -0.00893569, 0.00137963, -0.0103138, -0.00721741, 0.0067473, -0.0158013, -0.0100266, -0.00488741, -0.010986, -0.00313423, -0.000943299, -0.000330074, -0.0111053, -0.0024771, -0.0132528, -0.000330074, -0.0111053, -0.00357956, 0.00466301, -0.000787714, 0.00469558, -0.00278082, -0.00893569, -0.000787714, 0.00469558, -0.00313423, -0.000943299, -0.0158013, -0.0100266, 0.0177856, -0.00868483, 0.00137963, -0.0103138, -0.0158013, -0.0100266, -0.00488741, -0.010986, 0.00180943, -0.00502102, -0.0024771, -0.0132528, 0.0095065, 0.00677326, 0.023385, 0.00648481, -0.00180362, 0.00592868, -0.041718, 0.0427919, 0.0050294, 0.0018028, -0.0158013, -0.0100266, 0.00330976, 0.0141484, 0.0510982, 0.0154096, -0.00721741, 0.0067473, 0.0095065, 0.00677326, 0.0647974, 0.0129604, 0.0095065, 0.00677326, 0.0095065, 0.00677326, 0.023385, 0.00648481, -0.000787714, 0.00469558, 0.0177856, -0.00868483, 0.0510982, 0.0154096, 0.0177856, -0.00868483, 0.00137963, -0.0103138, -0.000787714, 0.00469558, 0.023385, 0.00648481, 0.0095065, 0.00677326, -0.00993401, -0.00083899, 0.00137963, -0.0103138, -0.00180362, 0.00592868, 0.0095065, 0.00677326, -0.00993401, -0.00083899, -0.0024771, -0.0132528, -0.000330074, -0.0111053, -0.00313423, -0.000943299, -0.0158013, -0.0100266, -0.00721741, 0.0067473, 0.00137963, -0.0103138, -0.00357956, 0.00466301, -0.00278082, -0.00893569, -0.041718, 0.0427919, 0.023385, 0.00648481, -0.000330074, -0.0111053, -0.00488741, -0.010986, -0.000787714, 0.00469558, 0.0050294, 0.0018028, -0.000787714, 0.00469558, -0.00313423, -0.000943299, 0.00180943, -0.00502102, -0.00313423, -0.000943299, ]
best_mc_result_fixed_tau =   [0.0595998, 0.0615858, ]
evolved_state_fixed_tau =   [[-0.00028128, -0.00214259, 0.00296112, -0.0053277, 0.00379589, -0.0128588, 0.000773674, -0.00861626, -0.00166233, 0.00272914, -0.00028128, -0.00214259, 0.00139963, -0.0105276, -0.0131765, -0.0043899, 0.00139963, -0.0105276, -0.00166233, 0.00272914, 0.000773674, -0.00861626, 0.00379589, -0.0128588, -0.00666247, -5.83638e-05, -0.0488712, -0.0399519, -0.00666247, -5.83638e-05, -0.00164831, -0.00040202, 0.0269521, 0.0129484, 0.00761298, 0.0012772, -0.00413115, -0.0115711, 0.000773674, -0.00861626, 0.0118439, -0.024667, -0.0127303, -0.0165829, 0.0439326, 0.0221207, 0.00721154, 0.0208147, -0.0127303, -0.0165829, -0.00028128, -0.00214259, -0.00164831, -0.00040202, -0.00295142, -0.00797594, 0.00222321, 0.000188357, -0.0369833, 0.0391056, -0.00693271, 0.00712207, 0.00296112, -0.0053277, 0.00379589, -0.0128588, -0.0127303, -0.0165829, -0.00666247, -5.83638e-05, 0.00222321, 0.000188357, -0.0369833, 0.0391056, 0.0269521, 0.0129484, 0.00139963, -0.0105276, -0.00666247, -5.83638e-05, 0.0439326, 0.0221207, -0.00666247, -5.83638e-05, 0.00721154, 0.0208147, -0.0488712, -0.0399519, 0.00379589, -0.0128588, 0.00139963, -0.0105276, 0.0269521, 0.0129484, -0.0369833, 0.0391056, -0.0369833, 0.0391056, -0.96139, -0.0143696, -0.0369833, 0.0391056, 0.00379589, -0.0128588, -0.0488712, -0.0399519, 0.00721154, 0.0208147, -0.0488712, -0.0399519, -0.0131765, -0.0043899, 0.00761298, 0.0012772, -0.00693271, 0.00712207, 0.0269521, 0.0129484, -0.0369833, 0.0391056, -0.00295142, -0.00797594, 0.000773674, -0.00861626, -0.00666247, -5.83638e-05, -0.0127303, -0.0165829, 0.00379589, -0.0128588, -0.00028128, -0.00214259, 0.00139963, -0.0105276, -0.00413115, -0.0115711, 0.00139963, -0.0105276, -0.00166233, 0.00272914, -0.00164831, -0.00040202, -0.00295142, -0.00797594, -0.00164831, -0.00040202, -0.00028128, -0.00214259, -0.0127303, -0.0165829, 0.0118439, -0.024667, 0.000773674, -0.00861626, -0.0127303, -0.0165829, 0.00379589, -0.0128588, 0.00296112, -0.0053277, -0.00413115, -0.0115711, 0.00761298, 0.0012772, 0.0269521, 0.0129484, -0.00693271, 0.00712207, -0.0369833, 0.0391056, 0.00222321, 0.000188357, -0.0127303, -0.0165829, 0.00721154, 0.0208147, 0.0439326, 0.0221207, -0.00666247, -5.83638e-05, 0.00761298, 0.0012772, 0.0649491, 0.0287501, 0.00761298, 0.0012772, 0.00761298, 0.0012772, 0.0269521, 0.0129484, -0.00164831, -0.00040202, 0.0118439, -0.024667, 0.0439326, 0.0221207, 0.0118439, -0.024667, 0.000773674, -0.00861626, -0.00164831, -0.00040202, 0.0269521, 0.0129484, 0.00761298, 0.0012772, -0.0131765, -0.0043899, 0.000773674, -0.00861626, -0.00693271, 0.00712207, 0.00761298, 0.0012772, -0.0131765, -0.0043899, -0.00413115, -0.0115711, 0.00139963, -0.0105276, -0.00028128, -0.00214259, -0.0127303, -0.0165829, -0.00666247, -5.83638e-05, 0.000773674, -0.00861626, -0.00166233, 0.00272914, -0.00295142, -0.00797594, -0.0369833, 0.0391056, 0.0269521, 0.0129484, 0.00139963, -0.0105276, 0.00379589, -0.0128588, -0.00164831, -0.00040202, 0.00222321, 0.000188357, -0.00164831, -0.00040202, -0.00028128, -0.00214259, 0.00296112, -0.0053277, -0.00028128, -0.00214259, ],[-0.00904969, -0.004118, 0.00314083, -0.00543576, -0.00572956, -0.013886, 0.00306349, -0.0114329, -0.011434, 0.0051402, -0.00904969, -0.004118, 0.00175147, -0.0112783, -0.0151658, -0.000966897, 0.00175147, -0.0112783, -0.011434, 0.0051402, 0.00306349, -0.0114329, -0.00572956, -0.013886, -0.011892, 0.00997738, -0.0551813, -0.0233268, -0.011892, 0.00997738, -0.00538528, 0.00752146, 0.0230428, 0.00361791, 0.00448961, 0.00839028, 0.000456957, -0.0168699, 0.00306349, -0.0114329, 0.0115785, -0.0200877, -0.0242136, -0.0150774, 0.0479212, 0.00784204, -0.001798, 0.0153458, -0.0242136, -0.0150774, -0.00904969, -0.004118, -0.00538528, 0.00752146, 0.000478993, -0.0117052, 0.00485848, 0.00176815, -0.0479987, 0.039936, 0.00115391, 0.00699306, 0.00314083, -0.00543576, -0.00572956, -0.013886, -0.0242136, -0.0150774, -0.011892, 0.00997738, 0.00485848, 0.00176815, -0.0479987, 0.039936, 0.0230428, 0.00361791, 0.00175147, -0.0112783, -0.011892, 0.00997738, 0.0479212, 0.00784204, -0.011892, 0.00997738, -0.001798, 0.0153458, -0.0551813, -0.0233268, -0.00572956, -0.013886, 0.00175147, -0.0112783, 0.0230428, 0.00361791, -0.0479987, 0.039936, -0.0479987, 0.039936, -0.947161, 0.125529, -0.0479987, 0.039936, -0.00572956, -0.013886, -0.0551813, -0.0233268, -0.001798, 0.0153458, -0.0551813, -0.0233268, -0.0151658, -0.000966897, 0.00448961, 0.00839028, 0.00115391, 0.00699306, 0.0230428, 0.00361791, -0.0479987, 0.039936, 0.000478993, -0.0117052, 0.00306349, -0.0114329, -0.011892, 0.00997738, -0.0242136, -0.0150774, -0.00572956, -0.013886, -0.00904969, -0.004118, 0.00175147, -0.0112783, 0.000456957, -0.0168699, 0.00175147, -0.0112783, -0.011434, 0.0051402, -0.00538528, 0.00752146, 0.000478993, -0.0117052, -0.00538528, 0.00752146, -0.00904969, -0.004118, -0.0242136, -0.0150774, 0.0115785, -0.0200877, 0.00306349, -0.0114329, -0.0242136, -0.0150774, -0.00572956, -0.013886, 0.00314083, -0.00543576, 0.000456957, -0.0168699, 0.00448961, 0.00839028, 0.0230428, 0.00361791, 0.00115391, 0.00699306, -0.0479987, 0.039936, 0.00485848, 0.00176815, -0.0242136, -0.0150774, -0.001798, 0.0153458, 0.0479212, 0.00784204, -0.011892, 0.00997738, 0.00448961, 0.00839028, 0.0794449, 0.008407, 0.00448961, 0.00839028, 0.00448961, 0.00839028, 0.0230428, 0.00361791, -0.00538528, 0.00752146, 0.0115785, -0.0200877, 0.0479212, 0.00784204, 0.0115785, -0.0200877, 0.00306349, -0.0114329, -0.00538528, 0.00752146, 0.0230428, 0.00361791, 0.00448961, 0.00839028, -0.0151658, -0.000966897, 0.00306349, -0.0114329, 0.00115391, 0.00699306, 0.00448961, 0.00839028, -0.0151658, -0.000966897, 0.000456957, -0.0168699, 0.00175147, -0.0112783, -0.00904969, -0.004118, -0.0242136, -0.0150774, -0.011892, 0.00997738, 0.00306349, -0.0114329, -0.011434, 0.0051402, 0.000478993, -0.0117052, -0.0479987, 0.039936, 0.0230428, 0.00361791, 0.00175147, -0.0112783, -0.00572956, -0.013886, -0.00538528, 0.00752146, 0.00485848, 0.00176815, -0.00538528, 0.00752146, -0.00904969, -0.004118, 0.00314083, -0.00543576, -0.00904969, -0.004118, ],]
##############################################################################
clock_duration  =         8680
tau =                     1.81775
total_steps =             32
time_step =               0.0568047
best_mc_result =          0.0215482
best_mc_result_non_secondary =          0.0279805
evolved_target_dot_squared =  0.978452
distance =          0.024216
j_protocol =  [[1, 1, 1, 1, 1, 1, 1, 1, 1, 1, 1, 1, 1, 1, 1, 1, 1, 1, 1, 1, 1, 1, 1, 1, 1, 1, 1, 1, 1, 0, 1, 1, ],[1, 1, 1, 1, 1, 1, 1, 1, 1, 1, 1, 1, 1, 1, 1, 1, 1, 1, 1, 1, 1, 1, 1, 1, 1, 1, 1, 1, 1, 0, 1, 1, ],]
k_protocol =  [[1, 1, 0, 1, 0, 0, 1, 1, 1, 1, 0, 0, 1, 1, 1, 0, 1, 1, 0, 1, 1, 1, 0, 1, 1, 1, 1, 1, 1, 1, 1, 1, ],[1, 1, 1, 0, 0, 1, 0, 1, 1, 1, 1, 0, 0, 1, 1, 1, 1, 0, 1, 0, 1, 1, 1, 0, 1, 1, 1, 1, 1, 1, 1, 1, ],]
j_protocol_secondary =  [0, 0, 0.00933778, 0.0600605, 0.0600605, 1.06124, 1.06124, 1.16613, 1.16613, 1.26983, 1.26983, 1.63688, 1.70457, 1.71114, 1.72048, 1.81775, ]
k_protocol_secondary =  [0, 0.109203, 0.169977, 0.228203, 0.343145, 0.561291, 0.681027, 0.855968, 0.909074, 0.959624, 0.965195, 1.01813, 1.084, 1.25083, 1.3038, 1.8051, ]
best_evolved_state = [0.00213092, -0.000459999, 0.00322218, -0.00631945, -0.00025287, -0.0176056, 0.00335866, -0.00888194, 0.00617619, 0.00236098, 0.00213092, -0.000459999, 0.0052253, -0.0100445, -0.0044195, 0.00271939, 0.0052253, -0.0100445, 0.00617619, 0.00236098, 0.00335866, -0.00888194, -0.00025287, -0.0176056, -0.00760341, -0.0014694, 0.0120536, -0.0426868, -0.00760341, -0.0014694, 0.00028518, 0.00373471, -0.0011703, 0.0109139, -0.000346713, 0.0129529, -0.000631136, -0.00848907, 0.00335866, -0.00888194, 0.00694265, 0.00197798, -0.00755576, -0.0106769, -0.0033251, 0.030872, -0.0122904, -0.00277462, -0.00755576, -0.0106769, 0.00213092, -0.000459999, 0.00028518, 0.00373471, -0.00581962, -0.0114289, -0.000247586, -0.000112717, -0.0148918, -0.0340083, -0.00623168, 0.00165872, 0.00322218, -0.00631945, -0.00025287, -0.0176056, -0.00755576, -0.0106769, -0.00760341, -0.0014694, -0.000247586, -0.000112717, -0.0148918, -0.0340083, -0.0011703, 0.0109139, 0.0052253, -0.0100445, -0.00760341, -0.0014694, -0.0033251, 0.030872, -0.00760341, -0.0014694, -0.0122904, -0.00277462, 0.0120536, -0.0426868, -0.00025287, -0.0176056, 0.0052253, -0.0100445, -0.0011703, 0.0109139, -0.0148918, -0.0340083, -0.0148918, -0.0340083, -0.0604455, -0.979725, -0.0148918, -0.0340083, -0.00025287, -0.0176056, 0.0120536, -0.0426868, -0.0122904, -0.00277462, 0.0120536, -0.0426868, -0.0044195, 0.00271939, -0.000346713, 0.0129529, -0.00623168, 0.00165872, -0.0011703, 0.0109139, -0.0148918, -0.0340083, -0.00581962, -0.0114289, 0.00335866, -0.00888194, -0.00760341, -0.0014694, -0.00755576, -0.0106769, -0.00025287, -0.0176056, 0.00213092, -0.000459999, 0.0052253, -0.0100445, -0.000631136, -0.00848907, 0.0052253, -0.0100445, 0.00617619, 0.00236098, 0.00028518, 0.00373471, -0.00581962, -0.0114289, 0.00028518, 0.00373471, 0.00213092, -0.000459999, -0.00755576, -0.0106769, 0.00694265, 0.00197798, 0.00335866, -0.00888194, -0.00755576, -0.0106769, -0.00025287, -0.0176056, 0.00322218, -0.00631945, -0.000631136, -0.00848907, -0.000346713, 0.0129529, -0.0011703, 0.0109139, -0.00623168, 0.00165872, -0.0148918, -0.0340083, -0.000247586, -0.000112717, -0.00755576, -0.0106769, -0.0122904, -0.00277462, -0.0033251, 0.030872, -0.00760341, -0.0014694, -0.000346713, 0.0129529, 0.0287692, 0.0439317, -0.000346713, 0.0129529, -0.000346713, 0.0129529, -0.0011703, 0.0109139, 0.00028518, 0.00373471, 0.00694265, 0.00197798, -0.0033251, 0.030872, 0.00694265, 0.00197798, 0.00335866, -0.00888194, 0.00028518, 0.00373471, -0.0011703, 0.0109139, -0.000346713, 0.0129529, -0.0044195, 0.00271939, 0.00335866, -0.00888194, -0.00623168, 0.00165872, -0.000346713, 0.0129529, -0.0044195, 0.00271939, -0.000631136, -0.00848907, 0.0052253, -0.0100445, 0.00213092, -0.000459999, -0.00755576, -0.0106769, -0.00760341, -0.0014694, 0.00335866, -0.00888194, 0.00617619, 0.00236098, -0.00581962, -0.0114289, -0.0148918, -0.0340083, -0.0011703, 0.0109139, 0.0052253, -0.0100445, -0.00025287, -0.0176056, 0.00028518, 0.00373471, -0.000247586, -0.000112717, 0.00028518, 0.00373471, 0.00213092, -0.000459999, 0.00322218, -0.00631945, 0.00213092, -0.000459999, ]
best_mc_result_fixed_tau =   [0.0279805, 0.0346197, ]
evolved_state_fixed_tau =   [[0.00132581, 0.000485761, 0.00361277, -0.0062795, 0.00176252, -0.0162304, 0.00533345, -0.0100956, 0.00592285, 0.00350968, 0.00132581, 0.000485761, 0.00714342, -0.00994714, -0.00313331, 0.00181509, 0.00714342, -0.00994714, 0.00592285, 0.00350968, 0.00533345, -0.0100956, 0.00176252, -0.0162304, -0.00339427, 0.000121252, 0.0315922, -0.0480455, -0.00339427, 0.000121252, 0.00160526, 0.00518246, 0.00149597, 0.0094868, 0.000110621, 0.0162324, 0.00270365, -0.0117954, 0.00533345, -0.0100956, 0.0134445, 0.0129015, -0.00373567, -0.0147437, 0.00228505, 0.0325473, -0.00611114, -0.0125532, -0.00373567, -0.0147437, 0.00132581, 0.000485761, 0.00160526, 0.00518246, 5.72298e-05, -0.0156321, 0.00343693, -0.000999789, 0.012903, -0.0469311, -0.00240073, -0.00278164, 0.00361277, -0.0062795, 0.00176252, -0.0162304, -0.00373567, -0.0147437, -0.00339427, 0.000121252, 0.00343693, -0.000999789, 0.012903, -0.0469311, 0.00149597, 0.0094868, 0.00714342, -0.00994714, -0.00339427, 0.000121252, 0.00228505, 0.0325473, -0.00339427, 0.000121252, -0.00611114, -0.0125532, 0.0315922, -0.0480455, 0.00176252, -0.0162304, 0.00714342, -0.00994714, 0.00149597, 0.0094868, 0.012903, -0.0469311, 0.012903, -0.0469311, 0.301899, -0.925194, 0.012903, -0.0469311, 0.00176252, -0.0162304, 0.0315922, -0.0480455, -0.00611114, -0.0125532, 0.0315922, -0.0480455, -0.00313331, 0.00181509, 0.000110621, 0.0162324, -0.00240073, -0.00278164, 0.00149597, 0.0094868, 0.012903, -0.0469311, 5.72298e-05, -0.0156321, 0.00533345, -0.0100956, -0.00339427, 0.000121252, -0.00373567, -0.0147437, 0.00176252, -0.0162304, 0.00132581, 0.000485761, 0.00714342, -0.00994714, 0.00270365, -0.0117954, 0.00714342, -0.00994714, 0.00592285, 0.00350968, 0.00160526, 0.00518246, 5.72298e-05, -0.0156321, 0.00160526, 0.00518246, 0.00132581, 0.000485761, -0.00373567, -0.0147437, 0.0134445, 0.0129015, 0.00533345, -0.0100956, -0.00373567, -0.0147437, 0.00176252, -0.0162304, 0.00361277, -0.0062795, 0.00270365, -0.0117954, 0.000110621, 0.0162324, 0.00149597, 0.0094868, -0.00240073, -0.00278164, 0.012903, -0.0469311, 0.00343693, -0.000999789, -0.00373567, -0.0147437, -0.00611114, -0.0125532, 0.00228505, 0.0325473, -0.00339427, 0.000121252, 0.000110621, 0.0162324, 0.0178839, 0.0491226, 0.000110621, 0.0162324, 0.000110621, 0.0162324, 0.00149597, 0.0094868, 0.00160526, 0.00518246, 0.0134445, 0.0129015, 0.00228505, 0.0325473, 0.0134445, 0.0129015, 0.00533345, -0.0100956, 0.00160526, 0.00518246, 0.00149597, 0.0094868, 0.000110621, 0.0162324, -0.00313331, 0.00181509, 0.00533345, -0.0100956, -0.00240073, -0.00278164, 0.000110621, 0.0162324, -0.00313331, 0.00181509, 0.00270365, -0.0117954, 0.00714342, -0.00994714, 0.00132581, 0.000485761, -0.00373567, -0.0147437, -0.00339427, 0.000121252, 0.00533345, -0.0100956, 0.00592285, 0.00350968, 5.72298e-05, -0.0156321, 0.012903, -0.0469311, 0.00149597, 0.0094868, 0.00714342, -0.00994714, 0.00176252, -0.0162304, 0.00160526, 0.00518246, 0.00343693, -0.000999789, 0.00160526, 0.00518246, 0.00132581, 0.000485761, 0.00361277, -0.0062795, 0.00132581, 0.000485761, ],[-0.000288553, 0.00128022, 0.00691909, -0.00935061, 0.00280634, -0.0237664, 0.00799705, -0.00901147, 0.0061587, 0.00795544, -0.000288553, 0.00128022, 0.00831701, -0.0113865, -0.0104719, 0.00674915, 0.00831701, -0.0113865, 0.0061587, 0.00795544, 0.00799705, -0.00901147, 0.00280634, -0.0237664, -0.0101585, -0.00289374, 0.0213932, -0.0485696, -0.0101585, -0.00289374, -0.000393466, 0.00673342, 0.000315543, 9.28347e-05, -0.00122166, 0.0148847, -0.00217176, -0.0106351, 0.00799705, -0.00901147, 0.0361861, 0.000567855, -0.0129342, -0.0140018, 0.0109695, 0.0100296, -0.0113688, -0.0134659, -0.0129342, -0.0140018, -0.000288553, 0.00128022, -0.000393466, 0.00673342, -0.00777021, -0.0177869, -0.00154455, -0.00192653, -0.00106299, -0.0474249, -0.00692533, 6.02095e-05, 0.00691909, -0.00935061, 0.00280634, -0.0237664, -0.0129342, -0.0140018, -0.0101585, -0.00289374, -0.00154455, -0.00192653, -0.00106299, -0.0474249, 0.000315543, 9.28347e-05, 0.00831701, -0.0113865, -0.0101585, -0.00289374, 0.0109695, 0.0100296, -0.0101585, -0.00289374, -0.0113688, -0.0134659, 0.0213932, -0.0485696, 0.00280634, -0.0237664, 0.00831701, -0.0113865, 0.000315543, 9.28347e-05, -0.00106299, -0.0474249, -0.00106299, -0.0474249, 0.216014, -0.946246, -0.00106299, -0.0474249, 0.00280634, -0.0237664, 0.0213932, -0.0485696, -0.0113688, -0.0134659, 0.0213932, -0.0485696, -0.0104719, 0.00674915, -0.00122166, 0.0148847, -0.00692533, 6.02095e-05, 0.000315543, 9.28347e-05, -0.00106299, -0.0474249, -0.00777021, -0.0177869, 0.00799705, -0.00901147, -0.0101585, -0.00289374, -0.0129342, -0.0140018, 0.00280634, -0.0237664, -0.000288553, 0.00128022, 0.00831701, -0.0113865, -0.00217176, -0.0106351, 0.00831701, -0.0113865, 0.0061587, 0.00795544, -0.000393466, 0.00673342, -0.00777021, -0.0177869, -0.000393466, 0.00673342, -0.000288553, 0.00128022, -0.0129342, -0.0140018, 0.0361861, 0.000567855, 0.00799705, -0.00901147, -0.0129342, -0.0140018, 0.00280634, -0.0237664, 0.00691909, -0.00935061, -0.00217176, -0.0106351, -0.00122166, 0.0148847, 0.000315543, 9.28347e-05, -0.00692533, 6.02095e-05, -0.00106299, -0.0474249, -0.00154455, -0.00192653, -0.0129342, -0.0140018, -0.0113688, -0.0134659, 0.0109695, 0.0100296, -0.0101585, -0.00289374, -0.00122166, 0.0148847, 0.0478172, 0.0444872, -0.00122166, 0.0148847, -0.00122166, 0.0148847, 0.000315543, 9.28347e-05, -0.000393466, 0.00673342, 0.0361861, 0.000567855, 0.0109695, 0.0100296, 0.0361861, 0.000567855, 0.00799705, -0.00901147, -0.000393466, 0.00673342, 0.000315543, 9.28347e-05, -0.00122166, 0.0148847, -0.0104719, 0.00674915, 0.00799705, -0.00901147, -0.00692533, 6.02095e-05, -0.00122166, 0.0148847, -0.0104719, 0.00674915, -0.00217176, -0.0106351, 0.00831701, -0.0113865, -0.000288553, 0.00128022, -0.0129342, -0.0140018, -0.0101585, -0.00289374, 0.00799705, -0.00901147, 0.0061587, 0.00795544, -0.00777021, -0.0177869, -0.00106299, -0.0474249, 0.000315543, 9.28347e-05, 0.00831701, -0.0113865, 0.00280634, -0.0237664, -0.000393466, 0.00673342, -0.00154455, -0.00192653, -0.000393466, 0.00673342, -0.000288553, 0.00128022, 0.00691909, -0.00935061, -0.000288553, 0.00128022, ],]
##############################################################################
clock_duration  =         13773.7
tau =                     1.82911
total_steps =             32
time_step =               0.0624852
best_mc_result =          0.0203399
best_mc_result_non_secondary =          0
evolved_target_dot_squared =  0.97966
distance =          0.0228582
j_protocol =  [[0, 0, 0, 0, 0, 0, 0, 0, 0, 0, 0, 0, 0, 0, 0, 0, 0, 0, 0, 0, 0, 0, 0, 0, 0, 0, 0, 0, 0, 0, 0, 0, ],[0, 0, 0, 0, 0, 0, 0, 0, 0, 0, 0, 0, 0, 0, 0, 0, 0, 0, 0, 0, 0, 0, 0, 0, 0, 0, 0, 0, 0, 0, 0, 0, ],]
k_protocol =  [[0, 0, 0, 0, 0, 0, 0, 0, 0, 0, 0, 0, 0, 0, 0, 0, 0, 0, 0, 0, 0, 0, 0, 0, 0, 0, 0, 0, 0, 0, 0, 0, ],[0, 0, 0, 0, 0, 0, 0, 0, 0, 0, 0, 0, 0, 0, 0, 0, 0, 0, 0, 0, 0, 0, 0, 0, 0, 0, 0, 0, 0, 0, 0, 0, ],]
j_protocol_secondary =  [0.00926781, 0.0498399, 0.0498399, 0.643452, 0.643452, 1.19936, 1.19936, 1.35385, 1.35385, 1.49099, 1.49099, 1.64966, 1.72828, 1.77002, 1.77002, 1.82911, ]
k_protocol_secondary =  [0, 0.115468, 0.210645, 0.279805, 0.366159, 0.563803, 0.565693, 0.574357, 0.696275, 0.918338, 1.02304, 1.22416, 1.28978, 1.73805, 1.73805, 1.8163, ]
best_evolved_state = [0.0022739, -0.000995523, 0.00347482, -0.00618097, 0.000987199, -0.0170923, 0.00346041, -0.00821945, 0.00604268, 0.00129623, 0.0022739, -0.000995523, 0.00540702, -0.00944093, -0.0040178, 0.00234479, 0.00540702, -0.00944093, 0.00604268, 0.00129623, 0.00346041, -0.00821945, 0.000987199, -0.0170923, -0.00703873, -0.00194697, 0.0164593, -0.0413443, -0.00703873, -0.00194697, 0.000227496, 0.00303218, -0.00190779, 0.0109051, -0.001231, 0.0125953, -0.000474914, -0.00791094, 0.00346041, -0.00821945, 0.00653134, 0.00225749, -0.00646597, -0.011129, -0.00566976, 0.0295482, -0.0119586, -0.00416911, -0.00646597, -0.011129, 0.0022739, -0.000995523, 0.000227496, 0.00303218, -0.00546705, -0.0110779, -0.000183858, -0.000336072, -0.00901092, -0.0348957, -0.00621859, 0.00185115, 0.00347482, -0.00618097, 0.000987199, -0.0170923, -0.00646597, -0.011129, -0.00703873, -0.00194697, -0.000183858, -0.000336072, -0.00901092, -0.0348957, -0.00190779, 0.0109051, 0.00540702, -0.00944093, -0.00703873, -0.00194697, -0.00566976, 0.0295482, -0.00703873, -0.00194697, -0.0119586, -0.00416911, 0.0164593, -0.0413443, 0.000987199, -0.0170923, 0.00540702, -0.00944093, -0.00190779, 0.0109051, -0.00901092, -0.0348957, -0.00901092, -0.0348957, 0.0613175, -0.980436, -0.00901092, -0.0348957, 0.000987199, -0.0170923, 0.0164593, -0.0413443, -0.0119586, -0.00416911, 0.0164593, -0.0413443, -0.0040178, 0.00234479, -0.001231, 0.0125953, -0.00621859, 0.00185115, -0.00190779, 0.0109051, -0.00901092, -0.0348957, -0.00546705, -0.0110779, 0.00346041, -0.00821945, -0.00703873, -0.00194697, -0.00646597, -0.011129, 0.000987199, -0.0170923, 0.0022739, -0.000995523, 0.00540702, -0.00944093, -0.000474914, -0.00791094, 0.00540702, -0.00944093, 0.00604268, 0.00129623, 0.000227496, 0.00303218, -0.00546705, -0.0110779, 0.000227496, 0.00303218, 0.0022739, -0.000995523, -0.00646597, -0.011129, 0.00653134, 0.00225749, 0.00346041, -0.00821945, -0.00646597, -0.011129, 0.000987199, -0.0170923, 0.00347482, -0.00618097, -0.000474914, -0.00791094, -0.001231, 0.0125953, -0.00190779, 0.0109051, -0.00621859, 0.00185115, -0.00901092, -0.0348957, -0.000183858, -0.000336072, -0.00646597, -0.011129, -0.0119586, -0.00416911, -0.00566976, 0.0295482, -0.00703873, -0.00194697, -0.001231, 0.0125953, 0.024425, 0.0456728, -0.001231, 0.0125953, -0.001231, 0.0125953, -0.00190779, 0.0109051, 0.000227496, 0.00303218, 0.00653134, 0.00225749, -0.00566976, 0.0295482, 0.00653134, 0.00225749, 0.00346041, -0.00821945, 0.000227496, 0.00303218, -0.00190779, 0.0109051, -0.001231, 0.0125953, -0.0040178, 0.00234479, 0.00346041, -0.00821945, -0.00621859, 0.00185115, -0.001231, 0.0125953, -0.0040178, 0.00234479, -0.000474914, -0.00791094, 0.00540702, -0.00944093, 0.0022739, -0.000995523, -0.00646597, -0.011129, -0.00703873, -0.00194697, 0.00346041, -0.00821945, 0.00604268, 0.00129623, -0.00546705, -0.0110779, -0.00901092, -0.0348957, -0.00190779, 0.0109051, 0.00540702, -0.00944093, 0.000987199, -0.0170923, 0.000227496, 0.00303218, -0.000183858, -0.000336072, 0.000227496, 0.00303218, 0.0022739, -0.000995523, 0.00347482, -0.00618097, 0.0022739, -0.000995523, ]
best_mc_result_fixed_tau =   [0.0205144, 0.0234597, ]
evolved_state_fixed_tau =   [[0.00653486, -0.00211441, 0.00696672, -0.00296708, 0.0112033, -0.0138872, 0.00551237, -0.000735446, 0.00793979, -0.0016165, 0.00653486, -0.00211441, 0.00810229, -0.00227551, -0.00269807, 0.0016453, 0.00810229, -0.00227551, 0.00793979, -0.0016165, 0.00551237, -0.000735446, 0.0112033, -0.0138872, -0.00533584, -0.0118886, 0.043108, 0.00665234, -0.00533584, -0.0118886, -0.002281, -0.00304745, -0.00729112, -0.00086656, -0.0119321, 0.00249332, -0.000733875, 0.00175498, 0.00551237, -0.000735446, -0.0092413, 0.00927723, 0.0034848, -0.00959982, -0.0241285, 0.00656828, -0.00138984, -0.0193327, 0.0034848, -0.00959982, 0.00653486, -0.00211441, -0.002281, -0.00304745, -0.00264441, -0.00555371, -0.00194798, -0.00027549, 0.0409313, -0.0236557, -0.00897057, 0.00295126, 0.00696672, -0.00296708, 0.0112033, -0.0138872, 0.0034848, -0.00959982, -0.00533584, -0.0118886, -0.00194798, -0.00027549, 0.0409313, -0.0236557, -0.00729112, -0.00086656, 0.00810229, -0.00227551, -0.00533584, -0.0118886, -0.0241285, 0.00656828, -0.00533584, -0.0118886, -0.00138984, -0.0193327, 0.043108, 0.00665234, 0.0112033, -0.0138872, 0.00810229, -0.00227551, -0.00729112, -0.00086656, 0.0409313, -0.0236557, 0.0409313, -0.0236557, 0.869634, -0.450115, 0.0409313, -0.0236557, 0.0112033, -0.0138872, 0.043108, 0.00665234, -0.00138984, -0.0193327, 0.043108, 0.00665234, -0.00269807, 0.0016453, -0.0119321, 0.00249332, -0.00897057, 0.00295126, -0.00729112, -0.00086656, 0.0409313, -0.0236557, -0.00264441, -0.00555371, 0.00551237, -0.000735446, -0.00533584, -0.0118886, 0.0034848, -0.00959982, 0.0112033, -0.0138872, 0.00653486, -0.00211441, 0.00810229, -0.00227551, -0.000733875, 0.00175498, 0.00810229, -0.00227551, 0.00793979, -0.0016165, -0.002281, -0.00304745, -0.00264441, -0.00555371, -0.002281, -0.00304745, 0.00653486, -0.00211441, 0.0034848, -0.00959982, -0.0092413, 0.00927723, 0.00551237, -0.000735446, 0.0034848, -0.00959982, 0.0112033, -0.0138872, 0.00696672, -0.00296708, -0.000733875, 0.00175498, -0.0119321, 0.00249332, -0.00729112, -0.00086656, -0.00897057, 0.00295126, 0.0409313, -0.0236557, -0.00194798, -0.00027549, 0.0034848, -0.00959982, -0.00138984, -0.0193327, -0.0241285, 0.00656828, -0.00533584, -0.0118886, -0.0119321, 0.00249332, -0.0165095, 0.044088, -0.0119321, 0.00249332, -0.0119321, 0.00249332, -0.00729112, -0.00086656, -0.002281, -0.00304745, -0.0092413, 0.00927723, -0.0241285, 0.00656828, -0.0092413, 0.00927723, 0.00551237, -0.000735446, -0.002281, -0.00304745, -0.00729112, -0.00086656, -0.0119321, 0.00249332, -0.00269807, 0.0016453, 0.00551237, -0.000735446, -0.00897057, 0.00295126, -0.0119321, 0.00249332, -0.00269807, 0.0016453, -0.000733875, 0.00175498, 0.00810229, -0.00227551, 0.00653486, -0.00211441, 0.0034848, -0.00959982, -0.00533584, -0.0118886, 0.00551237, -0.000735446, 0.00793979, -0.0016165, -0.00264441, -0.00555371, 0.0409313, -0.0236557, -0.00729112, -0.00086656, 0.00810229, -0.00227551, 0.0112033, -0.0138872, -0.002281, -0.00304745, -0.00194798, -0.00027549, -0.002281, -0.00304745, 0.00653486, -0.00211441, 0.00696672, -0.00296708, 0.00653486, -0.00211441, ],[0.00121229, -0.00165572, 0.00878274, -0.00736403, 0.00964036, -0.021579, 0.00693537, -0.0038598, 0.00458189, 0.00231588, 0.00121229, -0.00165572, 0.00802917, -0.00770631, -0.00915444, 0.00455208, 0.00802917, -0.00770631, 0.00458189, 0.00231588, 0.00693537, -0.0038598, 0.00964036, -0.021579, -0.00942361, -0.00689481, 0.0418465, -0.0351799, -0.00942361, -0.00689481, -0.00267086, 0.00284742, -0.00346813, 4.00493e-05, -0.0104556, 0.0100987, -0.00257013, -0.00456487, 0.00693537, -0.0038598, 0.0127459, 0.00220782, -0.00856641, -0.0119912, -0.00724215, 0.00845823, -0.00478915, -0.0121733, -0.00856641, -0.0119912, 0.00121229, -0.00165572, -0.00267086, 0.00284742, -0.0061473, -0.0123194, -0.00208938, -0.000616286, 0.0271446, -0.0378706, -0.00792554, 0.00399362, 0.00878274, -0.00736403, 0.00964036, -0.021579, -0.00856641, -0.0119912, -0.00942361, -0.00689481, -0.00208938, -0.000616286, 0.0271446, -0.0378706, -0.00346813, 4.00493e-05, 0.00802917, -0.00770631, -0.00942361, -0.00689481, -0.00724215, 0.00845823, -0.00942361, -0.00689481, -0.00478915, -0.0121733, 0.0418465, -0.0351799, 0.00964036, -0.021579, 0.00802917, -0.00770631, -0.00346813, 4.00493e-05, 0.0271446, -0.0378706, 0.0271446, -0.0378706, 0.592696, -0.775702, 0.0271446, -0.0378706, 0.00964036, -0.021579, 0.0418465, -0.0351799, -0.00478915, -0.0121733, 0.0418465, -0.0351799, -0.00915444, 0.00455208, -0.0104556, 0.0100987, -0.00792554, 0.00399362, -0.00346813, 4.00493e-05, 0.0271446, -0.0378706, -0.0061473, -0.0123194, 0.00693537, -0.0038598, -0.00942361, -0.00689481, -0.00856641, -0.0119912, 0.00964036, -0.021579, 0.00121229, -0.00165572, 0.00802917, -0.00770631, -0.00257013, -0.00456487, 0.00802917, -0.00770631, 0.00458189, 0.00231588, -0.00267086, 0.00284742, -0.0061473, -0.0123194, -0.00267086, 0.00284742, 0.00121229, -0.00165572, -0.00856641, -0.0119912, 0.0127459, 0.00220782, 0.00693537, -0.0038598, -0.00856641, -0.0119912, 0.00964036, -0.021579, 0.00878274, -0.00736403, -0.00257013, -0.00456487, -0.0104556, 0.0100987, -0.00346813, 4.00493e-05, -0.00792554, 0.00399362, 0.0271446, -0.0378706, -0.00208938, -0.000616286, -0.00856641, -0.0119912, -0.00478915, -0.0121733, -0.00724215, 0.00845823, -0.00942361, -0.00689481, -0.0104556, 0.0100987, 0.0231769, 0.0479867, -0.0104556, 0.0100987, -0.0104556, 0.0100987, -0.00346813, 4.00493e-05, -0.00267086, 0.00284742, 0.0127459, 0.00220782, -0.00724215, 0.00845823, 0.0127459, 0.00220782, 0.00693537, -0.0038598, -0.00267086, 0.00284742, -0.00346813, 4.00493e-05, -0.0104556, 0.0100987, -0.00915444, 0.00455208, 0.00693537, -0.0038598, -0.00792554, 0.00399362, -0.0104556, 0.0100987, -0.00915444, 0.00455208, -0.00257013, -0.00456487, 0.00802917, -0.00770631, 0.00121229, -0.00165572, -0.00856641, -0.0119912, -0.00942361, -0.00689481, 0.00693537, -0.0038598, 0.00458189, 0.00231588, -0.0061473, -0.0123194, 0.0271446, -0.0378706, -0.00346813, 4.00493e-05, 0.00802917, -0.00770631, 0.00964036, -0.021579, -0.00267086, 0.00284742, -0.00208938, -0.000616286, -0.00267086, 0.00284742, 0.00121229, -0.00165572, 0.00878274, -0.00736403, 0.00121229, -0.00165572, ],]
##############################################################################
clock_duration  =         15769.7
tau =                     1.83195
total_steps =             32
time_step =               0.0624852
best_mc_result =          0.02
best_mc_result_non_secondary =          0
evolved_target_dot_squared =  0.98
distance =          0.0224762
j_protocol =  [[0, 0, 0, 0, 0, 0, 0, 0, 0, 0, 0, 0, 0, 0, 0, 0, 0, 0, 0, 0, 0, 0, 0, 0, 0, 0, 0, 0, 0, 0, 0, 0, ],[0, 0, 0, 0, 0, 0, 0, 0, 0, 0, 0, 0, 0, 0, 0, 0, 0, 0, 0, 0, 0, 0, 0, 0, 0, 0, 0, 0, 0, 0, 0, 0, ],]
k_protocol =  [[0, 0, 0, 0, 0, 0, 0, 0, 0, 0, 0, 0, 0, 0, 0, 0, 0, 0, 0, 0, 0, 0, 0, 0, 0, 0, 0, 0, 0, 0, 0, 0, ],[0, 0, 0, 0, 0, 0, 0, 0, 0, 0, 0, 0, 0, 0, 0, 0, 0, 0, 0, 0, 0, 0, 0, 0, 0, 0, 0, 0, 0, 0, 0, 0, ],]
j_protocol_secondary =  [0.00923789, 0.0499173, 0.0499173, 0.644451, 0.644451, 1.20123, 1.20123, 1.35596, 1.35596, 1.49331, 1.49331, 1.65166, 1.73118, 1.77277, 1.77277, 1.83195, ]
k_protocol_secondary =  [0, 0.118103, 0.215651, 0.280799, 0.36503, 0.563996, 0.566571, 0.57489, 0.697212, 0.92058, 1.02544, 1.22632, 1.29172, 1.74075, 1.74075, 1.81991, ]
best_evolved_state = [0.0023561, -0.00086081, 0.00338786, -0.00625269, 0.000767577, -0.0171211, 0.00342671, -0.00826894, 0.00636163, 0.00136377, 0.0023561, -0.00086081, 0.00532332, -0.00944955, -0.00387385, 0.00272955, 0.00532332, -0.00944955, 0.00636163, 0.00136377, 0.00342671, -0.00826894, 0.000767577, -0.0171211, -0.00700659, -0.00173656, 0.0172804, -0.0400689, -0.00700659, -0.00173656, 0.000366202, 0.00317106, -0.00250103, 0.0103939, -0.0014056, 0.0128299, -0.000675976, -0.00782819, 0.00342671, -0.00826894, 0.005881, 0.00304937, -0.00667903, -0.0106919, -0.00661392, 0.0288625, -0.0122078, -0.00467024, -0.00667903, -0.0106919, 0.0023561, -0.00086081, 0.000366202, 0.00317106, -0.00577258, -0.0111448, -0.000172327, -0.000333777, -0.00798243, -0.0353135, -0.00621559, 0.00180469, 0.00338786, -0.00625269, 0.000767577, -0.0171211, -0.00667903, -0.0106919, -0.00700659, -0.00173656, -0.000172327, -0.000333777, -0.00798243, -0.0353135, -0.00250103, 0.0103939, 0.00532332, -0.00944955, -0.00700659, -0.00173656, -0.00661392, 0.0288625, -0.00700659, -0.00173656, -0.0122078, -0.00467024, 0.0172804, -0.0400689, 0.000767577, -0.0171211, 0.00532332, -0.00944955, -0.00250103, 0.0103939, -0.00798243, -0.0353135, -0.00798243, -0.0353135, 0.0948906, -0.977961, -0.00798243, -0.0353135, 0.000767577, -0.0171211, 0.0172804, -0.0400689, -0.0122078, -0.00467024, 0.0172804, -0.0400689, -0.00387385, 0.00272955, -0.0014056, 0.0128299, -0.00621559, 0.00180469, -0.00250103, 0.0103939, -0.00798243, -0.0353135, -0.00577258, -0.0111448, 0.00342671, -0.00826894, -0.00700659, -0.00173656, -0.00667903, -0.0106919, 0.000767577, -0.0171211, 0.0023561, -0.00086081, 0.00532332, -0.00944955, -0.000675976, -0.00782819, 0.00532332, -0.00944955, 0.00636163, 0.00136377, 0.000366202, 0.00317106, -0.00577258, -0.0111448, 0.000366202, 0.00317106, 0.0023561, -0.00086081, -0.00667903, -0.0106919, 0.005881, 0.00304937, 0.00342671, -0.00826894, -0.00667903, -0.0106919, 0.000767577, -0.0171211, 0.00338786, -0.00625269, -0.000675976, -0.00782819, -0.0014056, 0.0128299, -0.00250103, 0.0103939, -0.00621559, 0.00180469, -0.00798243, -0.0353135, -0.000172327, -0.000333777, -0.00667903, -0.0106919, -0.0122078, -0.00467024, -0.00661392, 0.0288625, -0.00700659, -0.00173656, -0.0014056, 0.0128299, 0.0237645, 0.045261, -0.0014056, 0.0128299, -0.0014056, 0.0128299, -0.00250103, 0.0103939, 0.000366202, 0.00317106, 0.005881, 0.00304937, -0.00661392, 0.0288625, 0.005881, 0.00304937, 0.00342671, -0.00826894, 0.000366202, 0.00317106, -0.00250103, 0.0103939, -0.0014056, 0.0128299, -0.00387385, 0.00272955, 0.00342671, -0.00826894, -0.00621559, 0.00180469, -0.0014056, 0.0128299, -0.00387385, 0.00272955, -0.000675976, -0.00782819, 0.00532332, -0.00944955, 0.0023561, -0.00086081, -0.00667903, -0.0106919, -0.00700659, -0.00173656, 0.00342671, -0.00826894, 0.00636163, 0.00136377, -0.00577258, -0.0111448, -0.00798243, -0.0353135, -0.00250103, 0.0103939, 0.00532332, -0.00944955, 0.000767577, -0.0171211, 0.000366202, 0.00317106, -0.000172327, -0.000333777, 0.000366202, 0.00317106, 0.0023561, -0.00086081, 0.00338786, -0.00625269, 0.0023561, -0.00086081, ]
best_mc_result_fixed_tau =   [0.0205144, 0.0234597, ]
evolved_state_fixed_tau =   [[0.00653486, -0.00211441, 0.00696672, -0.00296708, 0.0112033, -0.0138872, 0.00551237, -0.000735446, 0.00793979, -0.0016165, 0.00653486, -0.00211441, 0.00810229, -0.00227551, -0.00269807, 0.0016453, 0.00810229, -0.00227551, 0.00793979, -0.0016165, 0.00551237, -0.000735446, 0.0112033, -0.0138872, -0.00533584, -0.0118886, 0.043108, 0.00665234, -0.00533584, -0.0118886, -0.002281, -0.00304745, -0.00729112, -0.00086656, -0.0119321, 0.00249332, -0.000733875, 0.00175498, 0.00551237, -0.000735446, -0.0092413, 0.00927723, 0.0034848, -0.00959982, -0.0241285, 0.00656828, -0.00138984, -0.0193327, 0.0034848, -0.00959982, 0.00653486, -0.00211441, -0.002281, -0.00304745, -0.00264441, -0.00555371, -0.00194798, -0.00027549, 0.0409313, -0.0236557, -0.00897057, 0.00295126, 0.00696672, -0.00296708, 0.0112033, -0.0138872, 0.0034848, -0.00959982, -0.00533584, -0.0118886, -0.00194798, -0.00027549, 0.0409313, -0.0236557, -0.00729112, -0.00086656, 0.00810229, -0.00227551, -0.00533584, -0.0118886, -0.0241285, 0.00656828, -0.00533584, -0.0118886, -0.00138984, -0.0193327, 0.043108, 0.00665234, 0.0112033, -0.0138872, 0.00810229, -0.00227551, -0.00729112, -0.00086656, 0.0409313, -0.0236557, 0.0409313, -0.0236557, 0.869634, -0.450115, 0.0409313, -0.0236557, 0.0112033, -0.0138872, 0.043108, 0.00665234, -0.00138984, -0.0193327, 0.043108, 0.00665234, -0.00269807, 0.0016453, -0.0119321, 0.00249332, -0.00897057, 0.00295126, -0.00729112, -0.00086656, 0.0409313, -0.0236557, -0.00264441, -0.00555371, 0.00551237, -0.000735446, -0.00533584, -0.0118886, 0.0034848, -0.00959982, 0.0112033, -0.0138872, 0.00653486, -0.00211441, 0.00810229, -0.00227551, -0.000733875, 0.00175498, 0.00810229, -0.00227551, 0.00793979, -0.0016165, -0.002281, -0.00304745, -0.00264441, -0.00555371, -0.002281, -0.00304745, 0.00653486, -0.00211441, 0.0034848, -0.00959982, -0.0092413, 0.00927723, 0.00551237, -0.000735446, 0.0034848, -0.00959982, 0.0112033, -0.0138872, 0.00696672, -0.00296708, -0.000733875, 0.00175498, -0.0119321, 0.00249332, -0.00729112, -0.00086656, -0.00897057, 0.00295126, 0.0409313, -0.0236557, -0.00194798, -0.00027549, 0.0034848, -0.00959982, -0.00138984, -0.0193327, -0.0241285, 0.00656828, -0.00533584, -0.0118886, -0.0119321, 0.00249332, -0.0165095, 0.044088, -0.0119321, 0.00249332, -0.0119321, 0.00249332, -0.00729112, -0.00086656, -0.002281, -0.00304745, -0.0092413, 0.00927723, -0.0241285, 0.00656828, -0.0092413, 0.00927723, 0.00551237, -0.000735446, -0.002281, -0.00304745, -0.00729112, -0.00086656, -0.0119321, 0.00249332, -0.00269807, 0.0016453, 0.00551237, -0.000735446, -0.00897057, 0.00295126, -0.0119321, 0.00249332, -0.00269807, 0.0016453, -0.000733875, 0.00175498, 0.00810229, -0.00227551, 0.00653486, -0.00211441, 0.0034848, -0.00959982, -0.00533584, -0.0118886, 0.00551237, -0.000735446, 0.00793979, -0.0016165, -0.00264441, -0.00555371, 0.0409313, -0.0236557, -0.00729112, -0.00086656, 0.00810229, -0.00227551, 0.0112033, -0.0138872, -0.002281, -0.00304745, -0.00194798, -0.00027549, -0.002281, -0.00304745, 0.00653486, -0.00211441, 0.00696672, -0.00296708, 0.00653486, -0.00211441, ],[0.00121229, -0.00165572, 0.00878274, -0.00736403, 0.00964036, -0.021579, 0.00693537, -0.0038598, 0.00458189, 0.00231588, 0.00121229, -0.00165572, 0.00802917, -0.00770631, -0.00915444, 0.00455208, 0.00802917, -0.00770631, 0.00458189, 0.00231588, 0.00693537, -0.0038598, 0.00964036, -0.021579, -0.00942361, -0.00689481, 0.0418465, -0.0351799, -0.00942361, -0.00689481, -0.00267086, 0.00284742, -0.00346813, 4.00493e-05, -0.0104556, 0.0100987, -0.00257013, -0.00456487, 0.00693537, -0.0038598, 0.0127459, 0.00220782, -0.00856641, -0.0119912, -0.00724215, 0.00845823, -0.00478915, -0.0121733, -0.00856641, -0.0119912, 0.00121229, -0.00165572, -0.00267086, 0.00284742, -0.0061473, -0.0123194, -0.00208938, -0.000616286, 0.0271446, -0.0378706, -0.00792554, 0.00399362, 0.00878274, -0.00736403, 0.00964036, -0.021579, -0.00856641, -0.0119912, -0.00942361, -0.00689481, -0.00208938, -0.000616286, 0.0271446, -0.0378706, -0.00346813, 4.00493e-05, 0.00802917, -0.00770631, -0.00942361, -0.00689481, -0.00724215, 0.00845823, -0.00942361, -0.00689481, -0.00478915, -0.0121733, 0.0418465, -0.0351799, 0.00964036, -0.021579, 0.00802917, -0.00770631, -0.00346813, 4.00493e-05, 0.0271446, -0.0378706, 0.0271446, -0.0378706, 0.592696, -0.775702, 0.0271446, -0.0378706, 0.00964036, -0.021579, 0.0418465, -0.0351799, -0.00478915, -0.0121733, 0.0418465, -0.0351799, -0.00915444, 0.00455208, -0.0104556, 0.0100987, -0.00792554, 0.00399362, -0.00346813, 4.00493e-05, 0.0271446, -0.0378706, -0.0061473, -0.0123194, 0.00693537, -0.0038598, -0.00942361, -0.00689481, -0.00856641, -0.0119912, 0.00964036, -0.021579, 0.00121229, -0.00165572, 0.00802917, -0.00770631, -0.00257013, -0.00456487, 0.00802917, -0.00770631, 0.00458189, 0.00231588, -0.00267086, 0.00284742, -0.0061473, -0.0123194, -0.00267086, 0.00284742, 0.00121229, -0.00165572, -0.00856641, -0.0119912, 0.0127459, 0.00220782, 0.00693537, -0.0038598, -0.00856641, -0.0119912, 0.00964036, -0.021579, 0.00878274, -0.00736403, -0.00257013, -0.00456487, -0.0104556, 0.0100987, -0.00346813, 4.00493e-05, -0.00792554, 0.00399362, 0.0271446, -0.0378706, -0.00208938, -0.000616286, -0.00856641, -0.0119912, -0.00478915, -0.0121733, -0.00724215, 0.00845823, -0.00942361, -0.00689481, -0.0104556, 0.0100987, 0.0231769, 0.0479867, -0.0104556, 0.0100987, -0.0104556, 0.0100987, -0.00346813, 4.00493e-05, -0.00267086, 0.00284742, 0.0127459, 0.00220782, -0.00724215, 0.00845823, 0.0127459, 0.00220782, 0.00693537, -0.0038598, -0.00267086, 0.00284742, -0.00346813, 4.00493e-05, -0.0104556, 0.0100987, -0.00915444, 0.00455208, 0.00693537, -0.0038598, -0.00792554, 0.00399362, -0.0104556, 0.0100987, -0.00915444, 0.00455208, -0.00257013, -0.00456487, 0.00802917, -0.00770631, 0.00121229, -0.00165572, -0.00856641, -0.0119912, -0.00942361, -0.00689481, 0.00693537, -0.0038598, 0.00458189, 0.00231588, -0.0061473, -0.0123194, 0.0271446, -0.0378706, -0.00346813, 4.00493e-05, 0.00802917, -0.00770631, 0.00964036, -0.021579, -0.00267086, 0.00284742, -0.00208938, -0.000616286, -0.00267086, 0.00284742, 0.00121229, -0.00165572, 0.00878274, -0.00736403, 0.00121229, -0.00165572, ],]
