START_PARAMETERS
MAX_STEPS_MCDB =               32
MIN_STEPS_MCDB =               4
STEPS_CRUNCH_MCDB =            1
SWEEPS_MCDB =                  120
TOTAL_STEP_CHANGES =                  6
MCBB_SECONDARY =                  1
SWEEPS_MCBB_SECONDARY =                  250
NUMBER_OF_BANGS =                  8
GROUND_E =                -6.95982
INITIAL_E =               -2.42244
j_initial =               0.15
k_initial =               0.5
b_initial =               0
j_target =                0.905
k_target =                0.125
b_target =                0
init_target_dot_squared = 0.118167
init_state = [1.48715e-05, 0, 0.000137115, 0, 0.0019794, 0, 0.000240565, 0, 1.75278e-05, 0, 1.48715e-05, 0, 0.000231402, 0, 3.85531e-05, 0, 0.000231402, 0, 1.75278e-05, 0, 0.000240565, 0, 0.0019794, 0, 0.00200797, 0, 0.0297778, 0, 0.00200797, 0, 0.0001918, 0, 0.00372648, 0, 0.000309121, 0, 4.89704e-05, 0, 0.000240565, 0, 0.000359179, 0, 0.000451621, 0, 0.00129484, 0, 0.00595078, 0, 0.000451621, 0, 1.48715e-05, 0, 0.0001918, 0, 0.00246843, 0, 0.00248148, 0, 0.0493672, 0, 0.00247422, 0, 0.000137115, 0, 0.0019794, 0, 0.000451621, 0, 0.00200797, 0, 0.00248148, 0, 0.0493672, 0, 0.00372648, 0, 0.000231402, 0, 0.00200797, 0, 0.00129484, 0, 0.00200797, 0, 0.00595078, 0, 0.0297778, 0, 0.0019794, 0, 0.000231402, 0, 0.00372648, 0, 0.0493672, 0, 0.0493672, 0, 0.988208, 0, 0.0493672, 0, 0.0019794, 0, 0.0297778, 0, 0.00595078, 0, 0.0297778, 0, 3.85531e-05, 0, 0.000309121, 0, 0.00247422, 0, 0.00372648, 0, 0.0493672, 0, 0.00246843, 0, 0.000240565, 0, 0.00200797, 0, 0.000451621, 0, 0.0019794, 0, 1.48715e-05, 0, 0.000231402, 0, 4.89704e-05, 0, 0.000231402, 0, 1.75278e-05, 0, 0.0001918, 0, 0.00246843, 0, 0.0001918, 0, 1.48715e-05, 0, 0.000451621, 0, 0.000359179, 0, 0.000240565, 0, 0.000451621, 0, 0.0019794, 0, 0.000137115, 0, 4.89704e-05, 0, 0.000309121, 0, 0.00372648, 0, 0.00247422, 0, 0.0493672, 0, 0.00248148, 0, 0.000451621, 0, 0.00595078, 0, 0.00129484, 0, 0.00200797, 0, 0.000309121, 0, 9.0962e-05, 0, 0.000309121, 0, 0.000309121, 0, 0.00372648, 0, 0.0001918, 0, 0.000359179, 0, 0.00129484, 0, 0.000359179, 0, 0.000240565, 0, 0.0001918, 0, 0.00372648, 0, 0.000309121, 0, 3.85531e-05, 0, 0.000240565, 0, 0.00247422, 0, 0.000309121, 0, 3.85531e-05, 0, 4.89704e-05, 0, 0.000231402, 0, 1.48715e-05, 0, 0.000451621, 0, 0.00200797, 0, 0.000240565, 0, 1.75278e-05, 0, 0.00246843, 0, 0.0493672, 0, 0.00372648, 0, 0.000231402, 0, 0.0019794, 0, 0.0001918, 0, 0.00248148, 0, 0.0001918, 0, 1.48715e-05, 0, 0.000137115, 0, 1.48715e-05, 0, ]
target_state = [0.0250183, 0, 0.0315996, 0, 0.0640861, 0, 0.0663542, 0, 0.0298462, 0, 0.0250183, 0, 0.0566552, 0, 0.0544807, 0, 0.0566552, 0, 0.0298462, 0, 0.0663542, 0, 0.0640861, 0, 0.0785522, 0, 0.110457, 0, 0.0785522, 0, 0.051614, 0, 0.109032, 0, 0.0864803, 0, 0.0590353, 0, 0.0663542, 0, 0.130945, 0, 0.0838673, 0, 0.14285, 0, 0.134798, 0, 0.0838673, 0, 0.0250183, 0, 0.051614, 0, 0.072661, 0, 0.0735341, 0, 0.143915, 0, 0.0817285, 0, 0.0315996, 0, 0.0640861, 0, 0.0838673, 0, 0.0785522, 0, 0.0735341, 0, 0.143915, 0, 0.109032, 0, 0.0566552, 0, 0.0785522, 0, 0.14285, 0, 0.0785522, 0, 0.134798, 0, 0.110457, 0, 0.0640861, 0, 0.0566552, 0, 0.109032, 0, 0.143915, 0, 0.143915, 0, 0.264075, 0, 0.143915, 0, 0.0640861, 0, 0.110457, 0, 0.134798, 0, 0.110457, 0, 0.0544807, 0, 0.0864803, 0, 0.0817285, 0, 0.109032, 0, 0.143915, 0, 0.072661, 0, 0.0663542, 0, 0.0785522, 0, 0.0838673, 0, 0.0640861, 0, 0.0250183, 0, 0.0566552, 0, 0.0590353, 0, 0.0566552, 0, 0.0298462, 0, 0.051614, 0, 0.072661, 0, 0.051614, 0, 0.0250183, 0, 0.0838673, 0, 0.130945, 0, 0.0663542, 0, 0.0838673, 0, 0.0640861, 0, 0.0315996, 0, 0.0590353, 0, 0.0864803, 0, 0.109032, 0, 0.0817285, 0, 0.143915, 0, 0.0735341, 0, 0.0838673, 0, 0.134798, 0, 0.14285, 0, 0.0785522, 0, 0.0864803, 0, 0.0969248, 0, 0.0864803, 0, 0.0864803, 0, 0.109032, 0, 0.051614, 0, 0.130945, 0, 0.14285, 0, 0.130945, 0, 0.0663542, 0, 0.051614, 0, 0.109032, 0, 0.0864803, 0, 0.0544807, 0, 0.0663542, 0, 0.0817285, 0, 0.0864803, 0, 0.0544807, 0, 0.0590353, 0, 0.0566552, 0, 0.0250183, 0, 0.0838673, 0, 0.0785522, 0, 0.0663542, 0, 0.0298462, 0, 0.072661, 0, 0.143915, 0, 0.109032, 0, 0.0566552, 0, 0.0640861, 0, 0.051614, 0, 0.0735341, 0, 0.051614, 0, 0.0250183, 0, 0.0315996, 0, 0.0250183, 0, ]
USE_ENERGY_DISTANCE =     false
PERIODIC =                false
UNIFORM_SITES =           true
DEVICE_DIMENSION =        2
MAX_PARAM =               1
MIN_PARAM =               0
MIN_PARAM =               0
DIAG =                    true
NUM_SEEDS =               2
NUMBER_OF_BANGS =               8
DISTANCE_LIMIT =          0.02
TAU_INIT =                0.7
MAX_TAU =                 5
TAU_SCALAR =              1.2
TAU_SCALAR_TINY =         1.1
TAU_SCALAR_BIG =          1.3
ACCEPTANCE_PROB =         0.85
TEMP_EXP_DECAY =          0.8
MIN_TEMP_FRACTION =       0.01
TEMP_DECAY_ITERATIONS =   21
ZERO_TEMP_ITREATIONS =    20
RANDOM_STATES =           3
END_PARAMETERS
##############################################################################
clock_duration  =         1503.88
tau =                     0.7
total_steps =             32
time_step =               0.021875
best_mc_result =          0.464756
best_mc_result_non_secondary =          0.466331
evolved_target_dot_squared =  0.535244
distance =          0.527034
j_protocol =  [[1, 1, 1, 1, 1, 1, 1, 1, 1, 1, 1, 1, 1, 1, 1, 1, 1, 1, 1, 1, 1, 1, 1, 1, 1, 1, 1, 1, 1, 1, 1, 0, ],[1, 1, 1, 1, 1, 1, 1, 1, 1, 1, 1, 1, 1, 1, 1, 1, 1, 1, 1, 1, 1, 1, 1, 1, 1, 1, 1, 1, 1, 1, 1, 0, ],]
k_protocol =  [[0, 1, 1, 1, 1, 1, 1, 1, 1, 1, 1, 1, 1, 1, 1, 1, 1, 1, 0, 1, 1, 0, 1, 0, 0, 0, 1, 1, 1, 1, 1, 1, ],[0, 1, 1, 1, 1, 1, 1, 1, 1, 1, 1, 1, 1, 1, 1, 1, 1, 1, 1, 1, 0, 0, 1, 0, 0, 1, 0, 1, 1, 1, 1, 1, ],]
j_protocol_secondary =  [0, 0.0797739, 0.0797739, 0.138445, 0.138445, 0.178089, 0.178089, 0.299566, 0.299566, 0.42846, 0.42846, 0.558938, 0.558938, 0.689678, 0.7, 0.7, ]
k_protocol_secondary =  [0.0250808, 0.116532, 0.116532, 0.370961, 0.370961, 0.408612, 0.408612, 0.417823, 0.421094, 0.439981, 0.49659, 0.497055, 0.542624, 0.56243, 0.56243, 0.7, ]
best_evolved_state = [0.00247228, 0.00285107, -0.00238313, 0.00271263, -0.0220223, 0.0295525, -0.02558, -0.00982596, -0.00055179, 0.00550333, 0.00247228, 0.00285107, -0.026361, 0.0128005, -0.0177047, 0.00464764, -0.026361, 0.0128005, -0.00055179, 0.00550333, -0.02558, -0.00982596, -0.0220223, 0.0295525, -0.0467165, 0.0345751, -0.040023, 0.114089, -0.0467165, 0.0345751, -0.0255133, 0.00656377, -0.0521711, 0.0626272, -0.0526795, -0.00508381, -0.0218122, 0.0227482, -0.02558, -0.00982596, -0.107708, -0.093001, -0.0197357, 0.0162872, -0.112247, 0.0261334, -0.063594, 0.0766069, -0.0197357, 0.0162872, 0.00247228, 0.00285107, -0.0255133, 0.00656377, -0.00695681, 0.0596289, -0.0213072, 0.0516203, -0.0493265, 0.167948, -0.0148427, 0.0545021, -0.00238313, 0.00271263, -0.0220223, 0.0295525, -0.0197357, 0.0162872, -0.0467165, 0.0345751, -0.0213072, 0.0516203, -0.0493265, 0.167948, -0.0521711, 0.0626272, -0.026361, 0.0128005, -0.0467165, 0.0345751, -0.112247, 0.0261334, -0.0467165, 0.0345751, -0.063594, 0.0766069, -0.040023, 0.114089, -0.0220223, 0.0295525, -0.026361, 0.0128005, -0.0521711, 0.0626272, -0.0493265, 0.167948, -0.0493265, 0.167948, -0.202209, 0.54383, -0.0493265, 0.167948, -0.0220223, 0.0295525, -0.040023, 0.114089, -0.063594, 0.0766069, -0.040023, 0.114089, -0.0177047, 0.00464764, -0.0526795, -0.00508381, -0.0148427, 0.0545021, -0.0521711, 0.0626272, -0.0493265, 0.167948, -0.00695681, 0.0596289, -0.02558, -0.00982596, -0.0467165, 0.0345751, -0.0197357, 0.0162872, -0.0220223, 0.0295525, 0.00247228, 0.00285107, -0.026361, 0.0128005, -0.0218122, 0.0227482, -0.026361, 0.0128005, -0.00055179, 0.00550333, -0.0255133, 0.00656377, -0.00695681, 0.0596289, -0.0255133, 0.00656377, 0.00247228, 0.00285107, -0.0197357, 0.0162872, -0.107708, -0.093001, -0.02558, -0.00982596, -0.0197357, 0.0162872, -0.0220223, 0.0295525, -0.00238313, 0.00271263, -0.0218122, 0.0227482, -0.0526795, -0.00508381, -0.0521711, 0.0626272, -0.0148427, 0.0545021, -0.0493265, 0.167948, -0.0213072, 0.0516203, -0.0197357, 0.0162872, -0.063594, 0.0766069, -0.112247, 0.0261334, -0.0467165, 0.0345751, -0.0526795, -0.00508381, -0.0435081, -0.0415444, -0.0526795, -0.00508381, -0.0526795, -0.00508381, -0.0521711, 0.0626272, -0.0255133, 0.00656377, -0.107708, -0.093001, -0.112247, 0.0261334, -0.107708, -0.093001, -0.02558, -0.00982596, -0.0255133, 0.00656377, -0.0521711, 0.0626272, -0.0526795, -0.00508381, -0.0177047, 0.00464764, -0.02558, -0.00982596, -0.0148427, 0.0545021, -0.0526795, -0.00508381, -0.0177047, 0.00464764, -0.0218122, 0.0227482, -0.026361, 0.0128005, 0.00247228, 0.00285107, -0.0197357, 0.0162872, -0.0467165, 0.0345751, -0.02558, -0.00982596, -0.00055179, 0.00550333, -0.00695681, 0.0596289, -0.0493265, 0.167948, -0.0521711, 0.0626272, -0.026361, 0.0128005, -0.0220223, 0.0295525, -0.0255133, 0.00656377, -0.0213072, 0.0516203, -0.0255133, 0.00656377, 0.00247228, 0.00285107, -0.00238313, 0.00271263, 0.00247228, 0.00285107, ]
best_mc_result_fixed_tau =   [0.466331, 0.46718, ]
evolved_state_fixed_tau =   [[0.0022345, 0.00407333, -0.000679524, 0.0034455, -0.0194792, 0.0296986, -0.0241126, -0.00771396, -0.00125667, 0.00659247, 0.0022345, 0.00407333, -0.0245406, 0.0140419, -0.0181119, 0.00637036, -0.0245406, 0.0140419, -0.00125667, 0.00659247, -0.0241126, -0.00771396, -0.0194792, 0.0296986, -0.0440702, 0.0344442, -0.0369852, 0.116196, -0.0440702, 0.0344442, -0.0241712, 0.00644333, -0.0495751, 0.0653787, -0.0507631, -0.00363437, -0.0225738, 0.0239654, -0.0241126, -0.00771396, -0.106644, -0.0880185, -0.0175094, 0.0193086, -0.110053, 0.0313818, -0.0569173, 0.0798069, -0.0175094, 0.0193086, 0.0022345, 0.00407333, -0.0241712, 0.00644333, -0.00574957, 0.0604726, -0.0196443, 0.0524474, -0.0419793, 0.17194, -0.0136718, 0.0554744, -0.000679524, 0.0034455, -0.0194792, 0.0296986, -0.0175094, 0.0193086, -0.0440702, 0.0344442, -0.0196443, 0.0524474, -0.0419793, 0.17194, -0.0495751, 0.0653787, -0.0245406, 0.0140419, -0.0440702, 0.0344442, -0.110053, 0.0313818, -0.0440702, 0.0344442, -0.0569173, 0.0798069, -0.0369852, 0.116196, -0.0194792, 0.0296986, -0.0245406, 0.0140419, -0.0495751, 0.0653787, -0.0419793, 0.17194, -0.0419793, 0.17194, -0.178558, 0.55613, -0.0419793, 0.17194, -0.0194792, 0.0296986, -0.0369852, 0.116196, -0.0569173, 0.0798069, -0.0369852, 0.116196, -0.0181119, 0.00637036, -0.0507631, -0.00363437, -0.0136718, 0.0554744, -0.0495751, 0.0653787, -0.0419793, 0.17194, -0.00574957, 0.0604726, -0.0241126, -0.00771396, -0.0440702, 0.0344442, -0.0175094, 0.0193086, -0.0194792, 0.0296986, 0.0022345, 0.00407333, -0.0245406, 0.0140419, -0.0225738, 0.0239654, -0.0245406, 0.0140419, -0.00125667, 0.00659247, -0.0241712, 0.00644333, -0.00574957, 0.0604726, -0.0241712, 0.00644333, 0.0022345, 0.00407333, -0.0175094, 0.0193086, -0.106644, -0.0880185, -0.0241126, -0.00771396, -0.0175094, 0.0193086, -0.0194792, 0.0296986, -0.000679524, 0.0034455, -0.0225738, 0.0239654, -0.0507631, -0.00363437, -0.0495751, 0.0653787, -0.0136718, 0.0554744, -0.0419793, 0.17194, -0.0196443, 0.0524474, -0.0175094, 0.0193086, -0.0569173, 0.0798069, -0.110053, 0.0313818, -0.0440702, 0.0344442, -0.0507631, -0.00363437, -0.0431257, -0.0368147, -0.0507631, -0.00363437, -0.0507631, -0.00363437, -0.0495751, 0.0653787, -0.0241712, 0.00644333, -0.106644, -0.0880185, -0.110053, 0.0313818, -0.106644, -0.0880185, -0.0241126, -0.00771396, -0.0241712, 0.00644333, -0.0495751, 0.0653787, -0.0507631, -0.00363437, -0.0181119, 0.00637036, -0.0241126, -0.00771396, -0.0136718, 0.0554744, -0.0507631, -0.00363437, -0.0181119, 0.00637036, -0.0225738, 0.0239654, -0.0245406, 0.0140419, 0.0022345, 0.00407333, -0.0175094, 0.0193086, -0.0440702, 0.0344442, -0.0241126, -0.00771396, -0.00125667, 0.00659247, -0.00574957, 0.0604726, -0.0419793, 0.17194, -0.0495751, 0.0653787, -0.0245406, 0.0140419, -0.0194792, 0.0296986, -0.0241712, 0.00644333, -0.0196443, 0.0524474, -0.0241712, 0.00644333, 0.0022345, 0.00407333, -0.000679524, 0.0034455, 0.0022345, 0.00407333, ],[0.00252892, 0.00373966, -0.000946796, 0.00203243, -0.0217701, 0.0281715, -0.0234982, -0.00880812, -0.00114592, 0.00651851, 0.00252892, 0.00373966, -0.023882, 0.0130864, -0.0173583, 0.0062727, -0.023882, 0.0130864, -0.00114592, 0.00651851, -0.0234982, -0.00880812, -0.0217701, 0.0281715, -0.0466773, 0.0327305, -0.0438724, 0.118466, -0.0466773, 0.0327305, -0.0251431, 0.00473545, -0.049829, 0.0643689, -0.0507474, -0.00453116, -0.0216719, 0.0238219, -0.0234982, -0.00880812, -0.106454, -0.0843172, -0.0164843, 0.016919, -0.107326, 0.0310708, -0.05777, 0.0756107, -0.0164843, 0.016919, 0.00252892, 0.00373966, -0.0251431, 0.00473545, -0.00814294, 0.0599373, -0.0224248, 0.0515537, -0.0444922, 0.171294, -0.0163224, 0.0550538, -0.000946796, 0.00203243, -0.0217701, 0.0281715, -0.0164843, 0.016919, -0.0466773, 0.0327305, -0.0224248, 0.0515537, -0.0444922, 0.171294, -0.049829, 0.0643689, -0.023882, 0.0130864, -0.0466773, 0.0327305, -0.107326, 0.0310708, -0.0466773, 0.0327305, -0.05777, 0.0756107, -0.0438724, 0.118466, -0.0217701, 0.0281715, -0.023882, 0.0130864, -0.049829, 0.0643689, -0.0444922, 0.171294, -0.0444922, 0.171294, -0.171092, 0.562488, -0.0444922, 0.171294, -0.0217701, 0.0281715, -0.0438724, 0.118466, -0.05777, 0.0756107, -0.0438724, 0.118466, -0.0173583, 0.0062727, -0.0507474, -0.00453116, -0.0163224, 0.0550538, -0.049829, 0.0643689, -0.0444922, 0.171294, -0.00814294, 0.0599373, -0.0234982, -0.00880812, -0.0466773, 0.0327305, -0.0164843, 0.016919, -0.0217701, 0.0281715, 0.00252892, 0.00373966, -0.023882, 0.0130864, -0.0216719, 0.0238219, -0.023882, 0.0130864, -0.00114592, 0.00651851, -0.0251431, 0.00473545, -0.00814294, 0.0599373, -0.0251431, 0.00473545, 0.00252892, 0.00373966, -0.0164843, 0.016919, -0.106454, -0.0843172, -0.0234982, -0.00880812, -0.0164843, 0.016919, -0.0217701, 0.0281715, -0.000946796, 0.00203243, -0.0216719, 0.0238219, -0.0507474, -0.00453116, -0.049829, 0.0643689, -0.0163224, 0.0550538, -0.0444922, 0.171294, -0.0224248, 0.0515537, -0.0164843, 0.016919, -0.05777, 0.0756107, -0.107326, 0.0310708, -0.0466773, 0.0327305, -0.0507474, -0.00453116, -0.042122, -0.0361476, -0.0507474, -0.00453116, -0.0507474, -0.00453116, -0.049829, 0.0643689, -0.0251431, 0.00473545, -0.106454, -0.0843172, -0.107326, 0.0310708, -0.106454, -0.0843172, -0.0234982, -0.00880812, -0.0251431, 0.00473545, -0.049829, 0.0643689, -0.0507474, -0.00453116, -0.0173583, 0.0062727, -0.0234982, -0.00880812, -0.0163224, 0.0550538, -0.0507474, -0.00453116, -0.0173583, 0.0062727, -0.0216719, 0.0238219, -0.023882, 0.0130864, 0.00252892, 0.00373966, -0.0164843, 0.016919, -0.0466773, 0.0327305, -0.0234982, -0.00880812, -0.00114592, 0.00651851, -0.00814294, 0.0599373, -0.0444922, 0.171294, -0.049829, 0.0643689, -0.023882, 0.0130864, -0.0217701, 0.0281715, -0.0251431, 0.00473545, -0.0224248, 0.0515537, -0.0251431, 0.00473545, 0.00252892, 0.00373966, -0.000946796, 0.00203243, 0.00252892, 0.00373966, ],]
##############################################################################
clock_duration  =         3050.92
tau =                     0.888013
total_steps =             32
time_step =               0.0277504
best_mc_result =          0.39642
best_mc_result_non_secondary =          0.398221
evolved_target_dot_squared =  0.60358
distance =          0.449541
j_protocol =  [[1, 1, 1, 1, 1, 1, 1, 1, 1, 1, 1, 1, 1, 1, 1, 1, 1, 1, 1, 1, 1, 1, 1, 1, 1, 1, 1, 1, 1, 1, 1, 1, ],[1, 1, 1, 1, 1, 1, 1, 1, 1, 1, 1, 1, 1, 1, 1, 1, 1, 1, 1, 1, 1, 1, 1, 1, 1, 1, 1, 1, 1, 1, 1, 1, ],]
k_protocol =  [[0, 1, 1, 1, 1, 1, 1, 1, 1, 1, 1, 1, 1, 1, 1, 0, 1, 1, 1, 1, 1, 0, 0, 0, 0, 1, 0, 1, 1, 1, 1, 1, ],[0, 1, 1, 1, 1, 1, 1, 1, 1, 1, 1, 1, 1, 1, 1, 1, 0, 1, 1, 1, 0, 0, 1, 0, 0, 1, 1, 0, 1, 1, 1, 1, ],]
j_protocol_secondary =  [0, 0.0788231, 0.0788231, 0.134084, 0.140049, 0.634196, 0.634196, 0.652976, 0.652976, 0.659042, 0.659042, 0.731083, 0.731083, 0.776757, 0.776757, 0.87897, ]
k_protocol_secondary =  [0.0194663, 0.0448316, 0.0448316, 0.11546, 0.11546, 0.413682, 0.445355, 0.499085, 0.499085, 0.596769, 0.6973, 0.704087, 0.708729, 0.708729, 0.743794, 0.888013, ]
best_evolved_state = [0.013862, -0.0109081, 0.00252181, -0.0199173, -0.0254792, -0.0398426, 0.0264318, -0.0484202, 0.0107559, -0.00988379, 0.013862, -0.0109081, -0.0097341, -0.0250972, 0.0164942, -0.018875, -0.0097341, -0.0250972, 0.0107559, -0.00988379, 0.0264318, -0.0484202, -0.0254792, -0.0398426, -0.0428415, -0.0552421, -0.115545, -0.0844883, -0.0428415, -0.0552421, -0.00751848, -0.0372533, -0.0248325, -0.0579284, 0.00381459, -0.0611715, 0.00498423, -0.00305767, 0.0264318, -0.0484202, 0.100242, -0.131242, 0.0242195, -0.045575, 0.0203889, -0.110716, -0.0310152, -0.105983, 0.0242195, -0.045575, 0.013862, -0.0109081, -0.00751848, -0.0372533, -0.0242351, -0.0119648, -0.0339409, -0.0371363, -0.116585, -0.106721, -0.025479, -0.0242753, 0.00252181, -0.0199173, -0.0254792, -0.0398426, 0.0242195, -0.045575, -0.0428415, -0.0552421, -0.0339409, -0.0371363, -0.116585, -0.106721, -0.0248325, -0.0579284, -0.0097341, -0.0250972, -0.0428415, -0.0552421, 0.0203889, -0.110716, -0.0428415, -0.0552421, -0.0310152, -0.105983, -0.115545, -0.0844883, -0.0254792, -0.0398426, -0.0097341, -0.0250972, -0.0248325, -0.0579284, -0.116585, -0.106721, -0.116585, -0.106721, -0.376717, -0.388586, -0.116585, -0.106721, -0.0254792, -0.0398426, -0.115545, -0.0844883, -0.0310152, -0.105983, -0.115545, -0.0844883, 0.0164942, -0.018875, 0.00381459, -0.0611715, -0.025479, -0.0242753, -0.0248325, -0.0579284, -0.116585, -0.106721, -0.0242351, -0.0119648, 0.0264318, -0.0484202, -0.0428415, -0.0552421, 0.0242195, -0.045575, -0.0254792, -0.0398426, 0.013862, -0.0109081, -0.0097341, -0.0250972, 0.00498423, -0.00305767, -0.0097341, -0.0250972, 0.0107559, -0.00988379, -0.00751848, -0.0372533, -0.0242351, -0.0119648, -0.00751848, -0.0372533, 0.013862, -0.0109081, 0.0242195, -0.045575, 0.100242, -0.131242, 0.0264318, -0.0484202, 0.0242195, -0.045575, -0.0254792, -0.0398426, 0.00252181, -0.0199173, 0.00498423, -0.00305767, 0.00381459, -0.0611715, -0.0248325, -0.0579284, -0.025479, -0.0242753, -0.116585, -0.106721, -0.0339409, -0.0371363, 0.0242195, -0.045575, -0.0310152, -0.105983, 0.0203889, -0.110716, -0.0428415, -0.0552421, 0.00381459, -0.0611715, 0.0617484, -0.0739657, 0.00381459, -0.0611715, 0.00381459, -0.0611715, -0.0248325, -0.0579284, -0.00751848, -0.0372533, 0.100242, -0.131242, 0.0203889, -0.110716, 0.100242, -0.131242, 0.0264318, -0.0484202, -0.00751848, -0.0372533, -0.0248325, -0.0579284, 0.00381459, -0.0611715, 0.0164942, -0.018875, 0.0264318, -0.0484202, -0.025479, -0.0242753, 0.00381459, -0.0611715, 0.0164942, -0.018875, 0.00498423, -0.00305767, -0.0097341, -0.0250972, 0.013862, -0.0109081, 0.0242195, -0.045575, -0.0428415, -0.0552421, 0.0264318, -0.0484202, 0.0107559, -0.00988379, -0.0242351, -0.0119648, -0.116585, -0.106721, -0.0248325, -0.0579284, -0.0097341, -0.0250972, -0.0254792, -0.0398426, -0.00751848, -0.0372533, -0.0339409, -0.0371363, -0.00751848, -0.0372533, 0.013862, -0.0109081, 0.00252181, -0.0199173, 0.013862, -0.0109081, ]
best_mc_result_fixed_tau =   [0.398221, 0.400029, ]
evolved_state_fixed_tau =   [[0.015777, -0.0132106, 0.00287829, -0.0218844, -0.0252963, -0.0394063, 0.0260689, -0.0513274, 0.0125684, -0.0103022, 0.015777, -0.0132106, -0.0109802, -0.0235387, 0.0183142, -0.0194483, -0.0109802, -0.0235387, 0.0125684, -0.0103022, 0.0260689, -0.0513274, -0.0252963, -0.0394063, -0.0455327, -0.0518124, -0.112822, -0.0801434, -0.0455327, -0.0518124, -0.0103302, -0.0358296, -0.0220489, -0.0571123, -0.000189566, -0.0607053, 0.00863906, 0.000268035, 0.0260689, -0.0513274, 0.0984489, -0.141658, 0.0264326, -0.0479504, 0.0199922, -0.111257, -0.0295325, -0.106776, 0.0264326, -0.0479504, 0.015777, -0.0132106, -0.0103302, -0.0358296, -0.0181134, -0.00923543, -0.0316865, -0.0350386, -0.111616, -0.104977, -0.0211888, -0.0214812, 0.00287829, -0.0218844, -0.0252963, -0.0394063, 0.0264326, -0.0479504, -0.0455327, -0.0518124, -0.0316865, -0.0350386, -0.111616, -0.104977, -0.0220489, -0.0571123, -0.0109802, -0.0235387, -0.0455327, -0.0518124, 0.0199922, -0.111257, -0.0455327, -0.0518124, -0.0295325, -0.106776, -0.112822, -0.0801434, -0.0252963, -0.0394063, -0.0109802, -0.0235387, -0.0220489, -0.0571123, -0.111616, -0.104977, -0.111616, -0.104977, -0.369857, -0.403439, -0.111616, -0.104977, -0.0252963, -0.0394063, -0.112822, -0.0801434, -0.0295325, -0.106776, -0.112822, -0.0801434, 0.0183142, -0.0194483, -0.000189566, -0.0607053, -0.0211888, -0.0214812, -0.0220489, -0.0571123, -0.111616, -0.104977, -0.0181134, -0.00923543, 0.0260689, -0.0513274, -0.0455327, -0.0518124, 0.0264326, -0.0479504, -0.0252963, -0.0394063, 0.015777, -0.0132106, -0.0109802, -0.0235387, 0.00863906, 0.000268035, -0.0109802, -0.0235387, 0.0125684, -0.0103022, -0.0103302, -0.0358296, -0.0181134, -0.00923543, -0.0103302, -0.0358296, 0.015777, -0.0132106, 0.0264326, -0.0479504, 0.0984489, -0.141658, 0.0260689, -0.0513274, 0.0264326, -0.0479504, -0.0252963, -0.0394063, 0.00287829, -0.0218844, 0.00863906, 0.000268035, -0.000189566, -0.0607053, -0.0220489, -0.0571123, -0.0211888, -0.0214812, -0.111616, -0.104977, -0.0316865, -0.0350386, 0.0264326, -0.0479504, -0.0295325, -0.106776, 0.0199922, -0.111257, -0.0455327, -0.0518124, -0.000189566, -0.0607053, 0.0629543, -0.0833694, -0.000189566, -0.0607053, -0.000189566, -0.0607053, -0.0220489, -0.0571123, -0.0103302, -0.0358296, 0.0984489, -0.141658, 0.0199922, -0.111257, 0.0984489, -0.141658, 0.0260689, -0.0513274, -0.0103302, -0.0358296, -0.0220489, -0.0571123, -0.000189566, -0.0607053, 0.0183142, -0.0194483, 0.0260689, -0.0513274, -0.0211888, -0.0214812, -0.000189566, -0.0607053, 0.0183142, -0.0194483, 0.00863906, 0.000268035, -0.0109802, -0.0235387, 0.015777, -0.0132106, 0.0264326, -0.0479504, -0.0455327, -0.0518124, 0.0260689, -0.0513274, 0.0125684, -0.0103022, -0.0181134, -0.00923543, -0.111616, -0.104977, -0.0220489, -0.0571123, -0.0109802, -0.0235387, -0.0252963, -0.0394063, -0.0103302, -0.0358296, -0.0316865, -0.0350386, -0.0103302, -0.0358296, 0.015777, -0.0132106, 0.00287829, -0.0218844, 0.015777, -0.0132106, ],[0.0158641, -0.0141714, 0.00141281, -0.0226199, -0.0266767, -0.038471, 0.0253475, -0.0515884, 0.0136792, -0.0105823, 0.0158641, -0.0141714, -0.0111284, -0.0245992, 0.0191277, -0.0203457, -0.0111284, -0.0245992, 0.0136792, -0.0105823, 0.0253475, -0.0515884, -0.0266767, -0.038471, -0.0465799, -0.0496063, -0.108988, -0.0754329, -0.0465799, -0.0496063, -0.0115818, -0.0334376, -0.021611, -0.0577898, -0.000674645, -0.059105, 0.0101596, -0.000805816, 0.0253475, -0.0515884, 0.102063, -0.141602, 0.0251084, -0.0496934, 0.0216048, -0.113261, -0.0324623, -0.108382, 0.0251084, -0.0496934, 0.0158641, -0.0141714, -0.0115818, -0.0334376, -0.0175006, -0.00869681, -0.0314423, -0.0332938, -0.110153, -0.104695, -0.0203268, -0.0199643, 0.00141281, -0.0226199, -0.0266767, -0.038471, 0.0251084, -0.0496934, -0.0465799, -0.0496063, -0.0314423, -0.0332938, -0.110153, -0.104695, -0.021611, -0.0577898, -0.0111284, -0.0245992, -0.0465799, -0.0496063, 0.0216048, -0.113261, -0.0465799, -0.0496063, -0.0324623, -0.108382, -0.108988, -0.0754329, -0.0266767, -0.038471, -0.0111284, -0.0245992, -0.021611, -0.0577898, -0.110153, -0.104695, -0.110153, -0.104695, -0.365985, -0.411983, -0.110153, -0.104695, -0.0266767, -0.038471, -0.108988, -0.0754329, -0.0324623, -0.108382, -0.108988, -0.0754329, 0.0191277, -0.0203457, -0.000674645, -0.059105, -0.0203268, -0.0199643, -0.021611, -0.0577898, -0.110153, -0.104695, -0.0175006, -0.00869681, 0.0253475, -0.0515884, -0.0465799, -0.0496063, 0.0251084, -0.0496934, -0.0266767, -0.038471, 0.0158641, -0.0141714, -0.0111284, -0.0245992, 0.0101596, -0.000805816, -0.0111284, -0.0245992, 0.0136792, -0.0105823, -0.0115818, -0.0334376, -0.0175006, -0.00869681, -0.0115818, -0.0334376, 0.0158641, -0.0141714, 0.0251084, -0.0496934, 0.102063, -0.141602, 0.0253475, -0.0515884, 0.0251084, -0.0496934, -0.0266767, -0.038471, 0.00141281, -0.0226199, 0.0101596, -0.000805816, -0.000674645, -0.059105, -0.021611, -0.0577898, -0.0203268, -0.0199643, -0.110153, -0.104695, -0.0314423, -0.0332938, 0.0251084, -0.0496934, -0.0324623, -0.108382, 0.0216048, -0.113261, -0.0465799, -0.0496063, -0.000674645, -0.059105, 0.0637133, -0.0857353, -0.000674645, -0.059105, -0.000674645, -0.059105, -0.021611, -0.0577898, -0.0115818, -0.0334376, 0.102063, -0.141602, 0.0216048, -0.113261, 0.102063, -0.141602, 0.0253475, -0.0515884, -0.0115818, -0.0334376, -0.021611, -0.0577898, -0.000674645, -0.059105, 0.0191277, -0.0203457, 0.0253475, -0.0515884, -0.0203268, -0.0199643, -0.000674645, -0.059105, 0.0191277, -0.0203457, 0.0101596, -0.000805816, -0.0111284, -0.0245992, 0.0158641, -0.0141714, 0.0251084, -0.0496934, -0.0465799, -0.0496063, 0.0253475, -0.0515884, 0.0136792, -0.0105823, -0.0175006, -0.00869681, -0.110153, -0.104695, -0.021611, -0.0577898, -0.0111284, -0.0245992, -0.0266767, -0.038471, -0.0115818, -0.0334376, -0.0314423, -0.0332938, -0.0115818, -0.0334376, 0.0158641, -0.0141714, 0.00141281, -0.0226199, 0.0158641, -0.0141714, ],]
##############################################################################
clock_duration  =         4508.03
tau =                     1.15442
total_steps =             32
time_step =               0.0360755
best_mc_result =          0.256314
best_mc_result_non_secondary =          0.269617
evolved_target_dot_squared =  0.743686
distance =          0.29066
j_protocol =  [[1, 1, 1, 1, 1, 1, 1, 1, 1, 1, 1, 1, 1, 1, 1, 1, 1, 1, 1, 1, 1, 1, 1, 1, 1, 1, 1, 1, 1, 1, 1, 0, ],[1, 1, 1, 1, 1, 1, 1, 1, 1, 1, 1, 1, 1, 1, 1, 1, 1, 1, 1, 1, 1, 1, 1, 1, 1, 1, 1, 1, 1, 1, 1, 1, ],]
k_protocol =  [[0, 1, 1, 1, 1, 1, 1, 1, 1, 1, 1, 1, 0, 0, 1, 1, 1, 1, 0, 0, 1, 1, 1, 1, 0, 0, 0, 0, 1, 1, 1, 1, ],[1, 1, 1, 1, 1, 1, 1, 1, 1, 1, 1, 1, 0, 0, 1, 1, 1, 1, 0, 0, 1, 1, 1, 1, 0, 0, 0, 0, 1, 1, 1, 1, ],]
j_protocol_secondary =  [0, 0.0753352, 0.0753352, 0.35862, 0.35862, 0.494693, 0.494693, 0.70229, 0.70229, 1.08976, 1.08976, 1.09371, 1.09371, 1.1436, 1.14389, 1.14389, ]
k_protocol_secondary =  [0.0263639, 0.151484, 0.151484, 0.480116, 0.555422, 0.681613, 0.699491, 0.781547, 0.781547, 0.817376, 0.838792, 0.838792, 0.943389, 0.943389, 0.985601, 1.15442, ]
best_evolved_state = [0.0170563, 0.000376314, 0.0174858, 0.00852249, 0.0378169, 0.0227365, 0.0458698, 0.0550012, 0.0211687, 0.00365366, 0.0170563, 0.000376314, -0.00795572, 0.0228361, 0.0203486, 0.0317241, -0.00795572, 0.0228361, 0.0211687, 0.00365366, 0.0458698, 0.0550012, 0.0378169, 0.0227365, 0.0278408, 0.0305916, 0.117296, -0.006587, 0.0278408, 0.0305916, 0.0285311, 0.0359013, 0.034071, 0.059114, 0.0213726, 0.0620784, 0.00598685, 0.0493559, 0.0458698, 0.0550012, 0.0581985, 0.162022, 0.0364711, 0.071382, 0.0485354, 0.13028, 0.0856569, 0.0877892, 0.0364711, 0.071382, 0.0170563, 0.000376314, 0.0285311, 0.0359013, 0.0386789, 0.0546587, 0.0437794, 0.0281988, 0.115305, 0.0520596, 0.0428821, 0.0490509, 0.0174858, 0.00852249, 0.0378169, 0.0227365, 0.0364711, 0.071382, 0.0278408, 0.0305916, 0.0437794, 0.0281988, 0.115305, 0.0520596, 0.034071, 0.059114, -0.00795572, 0.0228361, 0.0278408, 0.0305916, 0.0485354, 0.13028, 0.0278408, 0.0305916, 0.0856569, 0.0877892, 0.117296, -0.006587, 0.0378169, 0.0227365, -0.00795572, 0.0228361, 0.034071, 0.059114, 0.115305, 0.0520596, 0.115305, 0.0520596, 0.488037, 0.188008, 0.115305, 0.0520596, 0.0378169, 0.0227365, 0.117296, -0.006587, 0.0856569, 0.0877892, 0.117296, -0.006587, 0.0203486, 0.0317241, 0.0213726, 0.0620784, 0.0428821, 0.0490509, 0.034071, 0.059114, 0.115305, 0.0520596, 0.0386789, 0.0546587, 0.0458698, 0.0550012, 0.0278408, 0.0305916, 0.0364711, 0.071382, 0.0378169, 0.0227365, 0.0170563, 0.000376314, -0.00795572, 0.0228361, 0.00598685, 0.0493559, -0.00795572, 0.0228361, 0.0211687, 0.00365366, 0.0285311, 0.0359013, 0.0386789, 0.0546587, 0.0285311, 0.0359013, 0.0170563, 0.000376314, 0.0364711, 0.071382, 0.0581985, 0.162022, 0.0458698, 0.0550012, 0.0364711, 0.071382, 0.0378169, 0.0227365, 0.0174858, 0.00852249, 0.00598685, 0.0493559, 0.0213726, 0.0620784, 0.034071, 0.059114, 0.0428821, 0.0490509, 0.115305, 0.0520596, 0.0437794, 0.0281988, 0.0364711, 0.071382, 0.0856569, 0.0877892, 0.0485354, 0.13028, 0.0278408, 0.0305916, 0.0213726, 0.0620784, 0.0574462, 0.0439474, 0.0213726, 0.0620784, 0.0213726, 0.0620784, 0.034071, 0.059114, 0.0285311, 0.0359013, 0.0581985, 0.162022, 0.0485354, 0.13028, 0.0581985, 0.162022, 0.0458698, 0.0550012, 0.0285311, 0.0359013, 0.034071, 0.059114, 0.0213726, 0.0620784, 0.0203486, 0.0317241, 0.0458698, 0.0550012, 0.0428821, 0.0490509, 0.0213726, 0.0620784, 0.0203486, 0.0317241, 0.00598685, 0.0493559, -0.00795572, 0.0228361, 0.0170563, 0.000376314, 0.0364711, 0.071382, 0.0278408, 0.0305916, 0.0458698, 0.0550012, 0.0211687, 0.00365366, 0.0386789, 0.0546587, 0.115305, 0.0520596, 0.034071, 0.059114, -0.00795572, 0.0228361, 0.0378169, 0.0227365, 0.0285311, 0.0359013, 0.0437794, 0.0281988, 0.0285311, 0.0359013, 0.0170563, 0.000376314, 0.0174858, 0.00852249, 0.0170563, 0.000376314, ]
best_mc_result_fixed_tau =   [0.269617, 0.272088, ]
evolved_state_fixed_tau =   [[0.0195519, -0.00761382, 0.0185291, -0.00248985, 0.0391127, -0.000711701, 0.0666059, 0.0337735, 0.0259318, -0.00454709, 0.0195519, -0.00761382, 0.00586953, 0.0134939, 0.0371039, 0.0187823, 0.00586953, 0.0134939, 0.0259318, -0.00454709, 0.0666059, 0.0337735, 0.0391127, -0.000711701, 0.0344231, 0.00727164, 0.105489, -0.0536086, 0.0344231, 0.00727164, 0.0376429, 0.0230774, 0.0594611, 0.0297176, 0.0488099, 0.0481341, 0.0266919, 0.0371678, 0.0666059, 0.0337735, 0.134691, 0.143111, 0.0621888, 0.0423856, 0.109554, 0.0938155, 0.107963, 0.0271302, 0.0621888, 0.0423856, 0.0195519, -0.00761382, 0.0376429, 0.0230774, 0.0485721, 0.0272232, 0.0469575, 0.00359769, 0.122973, -0.012952, 0.0543025, 0.022978, 0.0185291, -0.00248985, 0.0391127, -0.000711701, 0.0621888, 0.0423856, 0.0344231, 0.00727164, 0.0469575, 0.00359769, 0.122973, -0.012952, 0.0594611, 0.0297176, 0.00586953, 0.0134939, 0.0344231, 0.00727164, 0.109554, 0.0938155, 0.0344231, 0.00727164, 0.107963, 0.0271302, 0.105489, -0.0536086, 0.0391127, -0.000711701, 0.00586953, 0.0134939, 0.0594611, 0.0297176, 0.122973, -0.012952, 0.122973, -0.012952, 0.513885, -0.0239038, 0.122973, -0.012952, 0.0391127, -0.000711701, 0.105489, -0.0536086, 0.107963, 0.0271302, 0.105489, -0.0536086, 0.0371039, 0.0187823, 0.0488099, 0.0481341, 0.0543025, 0.022978, 0.0594611, 0.0297176, 0.122973, -0.012952, 0.0485721, 0.0272232, 0.0666059, 0.0337735, 0.0344231, 0.00727164, 0.0621888, 0.0423856, 0.0391127, -0.000711701, 0.0195519, -0.00761382, 0.00586953, 0.0134939, 0.0266919, 0.0371678, 0.00586953, 0.0134939, 0.0259318, -0.00454709, 0.0376429, 0.0230774, 0.0485721, 0.0272232, 0.0376429, 0.0230774, 0.0195519, -0.00761382, 0.0621888, 0.0423856, 0.134691, 0.143111, 0.0666059, 0.0337735, 0.0621888, 0.0423856, 0.0391127, -0.000711701, 0.0185291, -0.00248985, 0.0266919, 0.0371678, 0.0488099, 0.0481341, 0.0594611, 0.0297176, 0.0543025, 0.022978, 0.122973, -0.012952, 0.0469575, 0.00359769, 0.0621888, 0.0423856, 0.107963, 0.0271302, 0.109554, 0.0938155, 0.0344231, 0.00727164, 0.0488099, 0.0481341, 0.0919142, 0.0281087, 0.0488099, 0.0481341, 0.0488099, 0.0481341, 0.0594611, 0.0297176, 0.0376429, 0.0230774, 0.134691, 0.143111, 0.109554, 0.0938155, 0.134691, 0.143111, 0.0666059, 0.0337735, 0.0376429, 0.0230774, 0.0594611, 0.0297176, 0.0488099, 0.0481341, 0.0371039, 0.0187823, 0.0666059, 0.0337735, 0.0543025, 0.022978, 0.0488099, 0.0481341, 0.0371039, 0.0187823, 0.0266919, 0.0371678, 0.00586953, 0.0134939, 0.0195519, -0.00761382, 0.0621888, 0.0423856, 0.0344231, 0.00727164, 0.0666059, 0.0337735, 0.0259318, -0.00454709, 0.0485721, 0.0272232, 0.122973, -0.012952, 0.0594611, 0.0297176, 0.00586953, 0.0134939, 0.0391127, -0.000711701, 0.0376429, 0.0230774, 0.0469575, 0.00359769, 0.0376429, 0.0230774, 0.0195519, -0.00761382, 0.0185291, -0.00248985, 0.0195519, -0.00761382, ],[0.0195519, -0.00761382, 0.0185291, -0.00248985, 0.0391127, -0.000711701, 0.0666059, 0.0337735, 0.0259318, -0.00454709, 0.0195519, -0.00761382, 0.00586953, 0.0134939, 0.0371039, 0.0187823, 0.00586953, 0.0134939, 0.0259318, -0.00454709, 0.0666059, 0.0337735, 0.0391127, -0.000711701, 0.0344231, 0.00727164, 0.105489, -0.0536086, 0.0344231, 0.00727164, 0.0376429, 0.0230774, 0.0594611, 0.0297176, 0.0488099, 0.0481341, 0.0266919, 0.0371678, 0.0666059, 0.0337735, 0.134691, 0.143111, 0.0621888, 0.0423856, 0.109554, 0.0938155, 0.107963, 0.0271302, 0.0621888, 0.0423856, 0.0195519, -0.00761382, 0.0376429, 0.0230774, 0.0485721, 0.0272232, 0.0469575, 0.00359769, 0.122973, -0.012952, 0.0543025, 0.022978, 0.0185291, -0.00248985, 0.0391127, -0.000711701, 0.0621888, 0.0423856, 0.0344231, 0.00727164, 0.0469575, 0.00359769, 0.122973, -0.012952, 0.0594611, 0.0297176, 0.00586953, 0.0134939, 0.0344231, 0.00727164, 0.109554, 0.0938155, 0.0344231, 0.00727164, 0.107963, 0.0271302, 0.105489, -0.0536086, 0.0391127, -0.000711701, 0.00586953, 0.0134939, 0.0594611, 0.0297176, 0.122973, -0.012952, 0.122973, -0.012952, 0.513885, -0.0239038, 0.122973, -0.012952, 0.0391127, -0.000711701, 0.105489, -0.0536086, 0.107963, 0.0271302, 0.105489, -0.0536086, 0.0371039, 0.0187823, 0.0488099, 0.0481341, 0.0543025, 0.022978, 0.0594611, 0.0297176, 0.122973, -0.012952, 0.0485721, 0.0272232, 0.0666059, 0.0337735, 0.0344231, 0.00727164, 0.0621888, 0.0423856, 0.0391127, -0.000711701, 0.0195519, -0.00761382, 0.00586953, 0.0134939, 0.0266919, 0.0371678, 0.00586953, 0.0134939, 0.0259318, -0.00454709, 0.0376429, 0.0230774, 0.0485721, 0.0272232, 0.0376429, 0.0230774, 0.0195519, -0.00761382, 0.0621888, 0.0423856, 0.134691, 0.143111, 0.0666059, 0.0337735, 0.0621888, 0.0423856, 0.0391127, -0.000711701, 0.0185291, -0.00248985, 0.0266919, 0.0371678, 0.0488099, 0.0481341, 0.0594611, 0.0297176, 0.0543025, 0.022978, 0.122973, -0.012952, 0.0469575, 0.00359769, 0.0621888, 0.0423856, 0.107963, 0.0271302, 0.109554, 0.0938155, 0.0344231, 0.00727164, 0.0488099, 0.0481341, 0.0919142, 0.0281087, 0.0488099, 0.0481341, 0.0488099, 0.0481341, 0.0594611, 0.0297176, 0.0376429, 0.0230774, 0.134691, 0.143111, 0.109554, 0.0938155, 0.134691, 0.143111, 0.0666059, 0.0337735, 0.0376429, 0.0230774, 0.0594611, 0.0297176, 0.0488099, 0.0481341, 0.0371039, 0.0187823, 0.0666059, 0.0337735, 0.0543025, 0.022978, 0.0488099, 0.0481341, 0.0371039, 0.0187823, 0.0266919, 0.0371678, 0.00586953, 0.0134939, 0.0195519, -0.00761382, 0.0621888, 0.0423856, 0.0344231, 0.00727164, 0.0666059, 0.0337735, 0.0259318, -0.00454709, 0.0485721, 0.0272232, 0.122973, -0.012952, 0.0594611, 0.0297176, 0.00586953, 0.0134939, 0.0391127, -0.000711701, 0.0376429, 0.0230774, 0.0469575, 0.00359769, 0.0376429, 0.0230774, 0.0195519, -0.00761382, 0.0185291, -0.00248985, 0.0195519, -0.00761382, ],]
##############################################################################
clock_duration  =         6026.42
tau =                     1.3853
total_steps =             32
time_step =               0.0432906
best_mc_result =          0.141211
best_mc_result_non_secondary =          0.151996
evolved_target_dot_squared =  0.858789
distance =          0.160134
j_protocol =  [[1, 1, 1, 1, 1, 1, 1, 1, 1, 1, 1, 1, 1, 1, 1, 1, 1, 1, 1, 1, 1, 1, 1, 1, 1, 1, 1, 1, 1, 1, 1, 1, ],[1, 1, 1, 1, 1, 1, 1, 1, 1, 1, 1, 1, 1, 1, 1, 1, 1, 1, 1, 1, 1, 1, 1, 1, 1, 1, 1, 1, 1, 1, 1, 1, ],]
k_protocol =  [[1, 1, 1, 1, 1, 1, 1, 1, 1, 1, 1, 1, 0, 0, 1, 1, 1, 1, 0, 0, 1, 1, 1, 1, 0, 0, 0, 0, 1, 1, 1, 1, ],[1, 1, 1, 1, 1, 1, 1, 1, 1, 1, 1, 1, 0, 0, 1, 1, 1, 1, 0, 0, 1, 1, 1, 1, 0, 0, 0, 0, 1, 1, 1, 1, ],]
j_protocol_secondary =  [0, 0.724713, 0.724713, 0.739208, 0.739208, 1.0721, 1.0721, 1.08062, 1.08062, 1.09333, 1.09333, 1.18656, 1.18656, 1.37605, 1.38292, 1.38292, ]
k_protocol_secondary =  [0, 0, 0.0233888, 0.459119, 0.524046, 0.580754, 0.580754, 0.679247, 0.682656, 0.751923, 0.87143, 1.06929, 1.21301, 1.25293, 1.25946, 1.3853, ]
best_evolved_state = [-0.0108871, -0.00770652, -0.0032026, -0.0029652, -0.0396456, 0.0051372, -0.0324392, 0.00717436, -0.0122986, -0.00504438, -0.0108871, -0.00770652, -0.0392227, -0.0276672, -0.030815, -0.00761181, -0.0392227, -0.0276672, -0.0122986, -0.00504438, -0.0324392, 0.00717436, -0.0396456, 0.0051372, -0.0745168, -0.00709199, -0.0813469, 0.027757, -0.0745168, -0.00709199, -0.043364, 0.0106667, -0.092428, -0.0470559, -0.0759791, -0.0124606, -0.0529415, -0.00781202, -0.0324392, 0.00717436, -0.160905, -0.0459638, -0.0818482, -0.00151337, -0.144935, -0.0614921, -0.108861, -0.0166029, -0.0818482, -0.00151337, -0.0108871, -0.00770652, -0.043364, 0.0106667, -0.0657286, 0.0191107, -0.0580786, -0.00382477, -0.143391, -0.00422788, -0.0701387, 0.00341446, -0.0032026, -0.0029652, -0.0396456, 0.0051372, -0.0818482, -0.00151337, -0.0745168, -0.00709199, -0.0580786, -0.00382477, -0.143391, -0.00422788, -0.092428, -0.0470559, -0.0392227, -0.0276672, -0.0745168, -0.00709199, -0.144935, -0.0614921, -0.0745168, -0.00709199, -0.108861, -0.0166029, -0.0813469, 0.027757, -0.0396456, 0.0051372, -0.0392227, -0.0276672, -0.092428, -0.0470559, -0.143391, -0.00422788, -0.143391, -0.00422788, -0.394929, 0.172892, -0.143391, -0.00422788, -0.0396456, 0.0051372, -0.0813469, 0.027757, -0.108861, -0.0166029, -0.0813469, 0.027757, -0.030815, -0.00761181, -0.0759791, -0.0124606, -0.0701387, 0.00341446, -0.092428, -0.0470559, -0.143391, -0.00422788, -0.0657286, 0.0191107, -0.0324392, 0.00717436, -0.0745168, -0.00709199, -0.0818482, -0.00151337, -0.0396456, 0.0051372, -0.0108871, -0.00770652, -0.0392227, -0.0276672, -0.0529415, -0.00781202, -0.0392227, -0.0276672, -0.0122986, -0.00504438, -0.043364, 0.0106667, -0.0657286, 0.0191107, -0.043364, 0.0106667, -0.0108871, -0.00770652, -0.0818482, -0.00151337, -0.160905, -0.0459638, -0.0324392, 0.00717436, -0.0818482, -0.00151337, -0.0396456, 0.0051372, -0.0032026, -0.0029652, -0.0529415, -0.00781202, -0.0759791, -0.0124606, -0.092428, -0.0470559, -0.0701387, 0.00341446, -0.143391, -0.00422788, -0.0580786, -0.00382477, -0.0818482, -0.00151337, -0.108861, -0.0166029, -0.144935, -0.0614921, -0.0745168, -0.00709199, -0.0759791, -0.0124606, -0.0190124, -0.0479765, -0.0759791, -0.0124606, -0.0759791, -0.0124606, -0.092428, -0.0470559, -0.043364, 0.0106667, -0.160905, -0.0459638, -0.144935, -0.0614921, -0.160905, -0.0459638, -0.0324392, 0.00717436, -0.043364, 0.0106667, -0.092428, -0.0470559, -0.0759791, -0.0124606, -0.030815, -0.00761181, -0.0324392, 0.00717436, -0.0701387, 0.00341446, -0.0759791, -0.0124606, -0.030815, -0.00761181, -0.0529415, -0.00781202, -0.0392227, -0.0276672, -0.0108871, -0.00770652, -0.0818482, -0.00151337, -0.0745168, -0.00709199, -0.0324392, 0.00717436, -0.0122986, -0.00504438, -0.0657286, 0.0191107, -0.143391, -0.00422788, -0.092428, -0.0470559, -0.0392227, -0.0276672, -0.0396456, 0.0051372, -0.043364, 0.0106667, -0.0580786, -0.00382477, -0.043364, 0.0106667, -0.0108871, -0.00770652, -0.0032026, -0.0029652, -0.0108871, -0.00770652, ]
best_mc_result_fixed_tau =   [0.151996, 0.151996, ]
evolved_state_fixed_tau =   [[-0.00417041, -0.0139298, -0.00020899, -0.010935, -0.0447989, -0.00623956, -0.0342708, -0.00701644, -0.00398698, -0.00316899, -0.00417041, -0.0139298, -0.0285896, -0.0384792, -0.0255139, -0.0187738, -0.0285896, -0.0384792, -0.00398698, -0.00316899, -0.0342708, -0.00701644, -0.0447989, -0.00623956, -0.0820088, -0.0260915, -0.0869572, 0.015804, -0.0820088, -0.0260915, -0.0543749, -0.000115872, -0.0762477, -0.074181, -0.0752882, -0.0349014, -0.0447012, -0.019392, -0.0342708, -0.00701644, -0.134295, -0.0960926, -0.0715324, -0.0319885, -0.116412, -0.0969754, -0.105053, -0.0482235, -0.0715324, -0.0319885, -0.00417041, -0.0139298, -0.0543749, -0.000115872, -0.0702221, 0.000205239, -0.0623919, -0.019148, -0.129846, -0.0351781, -0.0735844, -0.0114057, -0.00020899, -0.010935, -0.0447989, -0.00623956, -0.0715324, -0.0319885, -0.0820088, -0.0260915, -0.0623919, -0.019148, -0.129846, -0.0351781, -0.0762477, -0.074181, -0.0285896, -0.0384792, -0.0820088, -0.0260915, -0.116412, -0.0969754, -0.0820088, -0.0260915, -0.105053, -0.0482235, -0.0869572, 0.015804, -0.0447989, -0.00623956, -0.0285896, -0.0384792, -0.0762477, -0.074181, -0.129846, -0.0351781, -0.129846, -0.0351781, -0.401933, 0.0783405, -0.129846, -0.0351781, -0.0447989, -0.00623956, -0.0869572, 0.015804, -0.105053, -0.0482235, -0.0869572, 0.015804, -0.0255139, -0.0187738, -0.0752882, -0.0349014, -0.0735844, -0.0114057, -0.0762477, -0.074181, -0.129846, -0.0351781, -0.0702221, 0.000205239, -0.0342708, -0.00701644, -0.0820088, -0.0260915, -0.0715324, -0.0319885, -0.0447989, -0.00623956, -0.00417041, -0.0139298, -0.0285896, -0.0384792, -0.0447012, -0.019392, -0.0285896, -0.0384792, -0.00398698, -0.00316899, -0.0543749, -0.000115872, -0.0702221, 0.000205239, -0.0543749, -0.000115872, -0.00417041, -0.0139298, -0.0715324, -0.0319885, -0.134295, -0.0960926, -0.0342708, -0.00701644, -0.0715324, -0.0319885, -0.0447989, -0.00623956, -0.00020899, -0.010935, -0.0447012, -0.019392, -0.0752882, -0.0349014, -0.0762477, -0.074181, -0.0735844, -0.0114057, -0.129846, -0.0351781, -0.0623919, -0.019148, -0.0715324, -0.0319885, -0.105053, -0.0482235, -0.116412, -0.0969754, -0.0820088, -0.0260915, -0.0752882, -0.0349014, 0.00948237, -0.070258, -0.0752882, -0.0349014, -0.0752882, -0.0349014, -0.0762477, -0.074181, -0.0543749, -0.000115872, -0.134295, -0.0960926, -0.116412, -0.0969754, -0.134295, -0.0960926, -0.0342708, -0.00701644, -0.0543749, -0.000115872, -0.0762477, -0.074181, -0.0752882, -0.0349014, -0.0255139, -0.0187738, -0.0342708, -0.00701644, -0.0735844, -0.0114057, -0.0752882, -0.0349014, -0.0255139, -0.0187738, -0.0447012, -0.019392, -0.0285896, -0.0384792, -0.00417041, -0.0139298, -0.0715324, -0.0319885, -0.0820088, -0.0260915, -0.0342708, -0.00701644, -0.00398698, -0.00316899, -0.0702221, 0.000205239, -0.129846, -0.0351781, -0.0762477, -0.074181, -0.0285896, -0.0384792, -0.0447989, -0.00623956, -0.0543749, -0.000115872, -0.0623919, -0.019148, -0.0543749, -0.000115872, -0.00417041, -0.0139298, -0.00020899, -0.010935, -0.00417041, -0.0139298, ],[-0.00417041, -0.0139298, -0.00020899, -0.010935, -0.0447989, -0.00623956, -0.0342708, -0.00701644, -0.00398698, -0.00316899, -0.00417041, -0.0139298, -0.0285896, -0.0384792, -0.0255139, -0.0187738, -0.0285896, -0.0384792, -0.00398698, -0.00316899, -0.0342708, -0.00701644, -0.0447989, -0.00623956, -0.0820088, -0.0260915, -0.0869572, 0.015804, -0.0820088, -0.0260915, -0.0543749, -0.000115872, -0.0762477, -0.074181, -0.0752882, -0.0349014, -0.0447012, -0.019392, -0.0342708, -0.00701644, -0.134295, -0.0960926, -0.0715324, -0.0319885, -0.116412, -0.0969754, -0.105053, -0.0482235, -0.0715324, -0.0319885, -0.00417041, -0.0139298, -0.0543749, -0.000115872, -0.0702221, 0.000205239, -0.0623919, -0.019148, -0.129846, -0.0351781, -0.0735844, -0.0114057, -0.00020899, -0.010935, -0.0447989, -0.00623956, -0.0715324, -0.0319885, -0.0820088, -0.0260915, -0.0623919, -0.019148, -0.129846, -0.0351781, -0.0762477, -0.074181, -0.0285896, -0.0384792, -0.0820088, -0.0260915, -0.116412, -0.0969754, -0.0820088, -0.0260915, -0.105053, -0.0482235, -0.0869572, 0.015804, -0.0447989, -0.00623956, -0.0285896, -0.0384792, -0.0762477, -0.074181, -0.129846, -0.0351781, -0.129846, -0.0351781, -0.401933, 0.0783405, -0.129846, -0.0351781, -0.0447989, -0.00623956, -0.0869572, 0.015804, -0.105053, -0.0482235, -0.0869572, 0.015804, -0.0255139, -0.0187738, -0.0752882, -0.0349014, -0.0735844, -0.0114057, -0.0762477, -0.074181, -0.129846, -0.0351781, -0.0702221, 0.000205239, -0.0342708, -0.00701644, -0.0820088, -0.0260915, -0.0715324, -0.0319885, -0.0447989, -0.00623956, -0.00417041, -0.0139298, -0.0285896, -0.0384792, -0.0447012, -0.019392, -0.0285896, -0.0384792, -0.00398698, -0.00316899, -0.0543749, -0.000115872, -0.0702221, 0.000205239, -0.0543749, -0.000115872, -0.00417041, -0.0139298, -0.0715324, -0.0319885, -0.134295, -0.0960926, -0.0342708, -0.00701644, -0.0715324, -0.0319885, -0.0447989, -0.00623956, -0.00020899, -0.010935, -0.0447012, -0.019392, -0.0752882, -0.0349014, -0.0762477, -0.074181, -0.0735844, -0.0114057, -0.129846, -0.0351781, -0.0623919, -0.019148, -0.0715324, -0.0319885, -0.105053, -0.0482235, -0.116412, -0.0969754, -0.0820088, -0.0260915, -0.0752882, -0.0349014, 0.00948237, -0.070258, -0.0752882, -0.0349014, -0.0752882, -0.0349014, -0.0762477, -0.074181, -0.0543749, -0.000115872, -0.134295, -0.0960926, -0.116412, -0.0969754, -0.134295, -0.0960926, -0.0342708, -0.00701644, -0.0543749, -0.000115872, -0.0762477, -0.074181, -0.0752882, -0.0349014, -0.0255139, -0.0187738, -0.0342708, -0.00701644, -0.0735844, -0.0114057, -0.0752882, -0.0349014, -0.0255139, -0.0187738, -0.0447012, -0.019392, -0.0285896, -0.0384792, -0.00417041, -0.0139298, -0.0715324, -0.0319885, -0.0820088, -0.0260915, -0.0342708, -0.00701644, -0.00398698, -0.00316899, -0.0702221, 0.000205239, -0.129846, -0.0351781, -0.0762477, -0.074181, -0.0285896, -0.0384792, -0.0447989, -0.00623956, -0.0543749, -0.000115872, -0.0623919, -0.019148, -0.0543749, -0.000115872, -0.00417041, -0.0139298, -0.00020899, -0.010935, -0.00417041, -0.0139298, ],]
##############################################################################
clock_duration  =         7768.69
tau =                     1.52383
total_steps =             32
time_step =               0.0476197
best_mc_result =          0.0865838
best_mc_result_non_secondary =          0.111176
evolved_target_dot_squared =  0.913416
distance =          0.0981861
j_protocol =  [[1, 1, 1, 1, 1, 1, 1, 1, 1, 1, 1, 1, 1, 1, 1, 1, 1, 1, 1, 1, 1, 1, 1, 1, 1, 1, 1, 1, 1, 1, 1, 1, ],[1, 1, 1, 1, 1, 1, 1, 1, 1, 1, 1, 1, 1, 1, 1, 1, 1, 1, 1, 1, 1, 1, 1, 1, 1, 1, 1, 1, 1, 1, 1, 1, ],]
k_protocol =  [[1, 1, 1, 1, 1, 1, 1, 1, 1, 1, 0, 0, 1, 1, 1, 1, 0, 0, 1, 1, 1, 1, 0, 0, 1, 1, 0, 0, 1, 1, 1, 1, ],[1, 1, 1, 1, 1, 1, 1, 1, 0, 1, 1, 1, 1, 0, 1, 0, 1, 1, 0, 1, 1, 1, 1, 0, 0, 1, 0, 0, 1, 1, 1, 1, ],]
j_protocol_secondary =  [0, 0.0418135, 0.0418135, 0.153406, 0.162633, 0.49667, 0.49667, 0.683378, 0.683378, 0.791284, 0.791284, 1.00111, 1.00111, 1.16224, 1.16224, 1.51431, ]
k_protocol_secondary =  [0.0209421, 0.404719, 0.467994, 0.634451, 0.659855, 0.732323, 0.756047, 0.827983, 0.914353, 0.914667, 0.933715, 1.10456, 1.15983, 1.24778, 1.37062, 1.52383, ]
best_evolved_state = [-0.00477029, -0.0125195, 0.00767135, -0.0121268, -0.00583215, -0.0416206, 0.00717557, -0.0360993, -0.00677922, -0.0192993, -0.00477029, -0.0125195, 0.0100145, -0.0529147, -0.000517364, -0.0310481, 0.0100145, -0.0529147, -0.00677922, -0.0192993, 0.00717557, -0.0360993, -0.00583215, -0.0416206, -0.0163014, -0.0708281, -0.0425045, -0.0817329, -0.0163014, -0.0708281, -0.0141938, -0.0380493, 0.0106334, -0.118653, -0.00489842, -0.0714153, -0.0161685, -0.0506603, 0.00717557, -0.0360993, -0.0269041, -0.157453, -0.0269069, -0.066297, 0.0157683, -0.169136, 0.01224, -0.128469, -0.0269069, -0.066297, -0.00477029, -0.0125195, -0.0141938, -0.0380493, -0.0270228, -0.0512253, -0.00978314, -0.0664641, -0.0300836, -0.151322, -0.0217311, -0.0734546, 0.00767135, -0.0121268, -0.00583215, -0.0416206, -0.0269069, -0.066297, -0.0163014, -0.0708281, -0.00978314, -0.0664641, -0.0300836, -0.151322, 0.0106334, -0.118653, 0.0100145, -0.0529147, -0.0163014, -0.0708281, 0.0157683, -0.169136, -0.0163014, -0.0708281, 0.01224, -0.128469, -0.0425045, -0.0817329, -0.00583215, -0.0416206, 0.0100145, -0.0529147, 0.0106334, -0.118653, -0.0300836, -0.151322, -0.0300836, -0.151322, -0.18329, -0.279731, -0.0300836, -0.151322, -0.00583215, -0.0416206, -0.0425045, -0.0817329, 0.01224, -0.128469, -0.0425045, -0.0817329, -0.000517364, -0.0310481, -0.00489842, -0.0714153, -0.0217311, -0.0734546, 0.0106334, -0.118653, -0.0300836, -0.151322, -0.0270228, -0.0512253, 0.00717557, -0.0360993, -0.0163014, -0.0708281, -0.0269069, -0.066297, -0.00583215, -0.0416206, -0.00477029, -0.0125195, 0.0100145, -0.0529147, -0.0161685, -0.0506603, 0.0100145, -0.0529147, -0.00677922, -0.0192993, -0.0141938, -0.0380493, -0.0270228, -0.0512253, -0.0141938, -0.0380493, -0.00477029, -0.0125195, -0.0269069, -0.066297, -0.0269041, -0.157453, 0.00717557, -0.0360993, -0.0269069, -0.066297, -0.00583215, -0.0416206, 0.00767135, -0.0121268, -0.0161685, -0.0506603, -0.00489842, -0.0714153, 0.0106334, -0.118653, -0.0217311, -0.0734546, -0.0300836, -0.151322, -0.00978314, -0.0664641, -0.0269069, -0.066297, 0.01224, -0.128469, 0.0157683, -0.169136, -0.0163014, -0.0708281, -0.00489842, -0.0714153, 0.038144, -0.0712914, -0.00489842, -0.0714153, -0.00489842, -0.0714153, 0.0106334, -0.118653, -0.0141938, -0.0380493, -0.0269041, -0.157453, 0.0157683, -0.169136, -0.0269041, -0.157453, 0.00717557, -0.0360993, -0.0141938, -0.0380493, 0.0106334, -0.118653, -0.00489842, -0.0714153, -0.000517364, -0.0310481, 0.00717557, -0.0360993, -0.0217311, -0.0734546, -0.00489842, -0.0714153, -0.000517364, -0.0310481, -0.0161685, -0.0506603, 0.0100145, -0.0529147, -0.00477029, -0.0125195, -0.0269069, -0.066297, -0.0163014, -0.0708281, 0.00717557, -0.0360993, -0.00677922, -0.0192993, -0.0270228, -0.0512253, -0.0300836, -0.151322, 0.0106334, -0.118653, 0.0100145, -0.0529147, -0.00583215, -0.0416206, -0.0141938, -0.0380493, -0.00978314, -0.0664641, -0.0141938, -0.0380493, -0.00477029, -0.0125195, 0.00767135, -0.0121268, -0.00477029, -0.0125195, ]
best_mc_result_fixed_tau =   [0.117459, 0.111176, ]
evolved_state_fixed_tau =   [[0.000308876, -0.0199222, 0.0200815, -0.0264855, 0.00509753, -0.0361749, 0.0266616, -0.0361184, 0.00835947, -0.0111282, 0.000308876, -0.0199222, 0.0295809, -0.0410525, 0.0108596, -0.0296447, 0.0295809, -0.0410525, 0.00835947, -0.0111282, 0.0266616, -0.0361184, 0.00509753, -0.0361749, -0.0153318, -0.0607488, -0.0183994, -0.0795742, -0.0153318, -0.0607488, -0.0134776, -0.0284381, 0.0515417, -0.111934, 0.00829045, -0.0612861, 0.00660779, -0.038993, 0.0266616, -0.0361184, 0.0442085, -0.175212, 0.0114949, -0.0761292, 0.091149, -0.146094, 0.0615256, -0.11238, 0.0114949, -0.0761292, 0.000308876, -0.0199222, -0.0134776, -0.0284381, -0.00551711, -0.0507618, -0.000579869, -0.0630252, 0.0424866, -0.143056, -0.0025954, -0.0616672, 0.0200815, -0.0264855, 0.00509753, -0.0361749, 0.0114949, -0.0761292, -0.0153318, -0.0607488, -0.000579869, -0.0630252, 0.0424866, -0.143056, 0.0515417, -0.111934, 0.0295809, -0.0410525, -0.0153318, -0.0607488, 0.091149, -0.146094, -0.0153318, -0.0607488, 0.0615256, -0.11238, -0.0183994, -0.0795742, 0.00509753, -0.0361749, 0.0295809, -0.0410525, 0.0515417, -0.111934, 0.0424866, -0.143056, 0.0424866, -0.143056, -0.0140684, -0.344515, 0.0424866, -0.143056, 0.00509753, -0.0361749, -0.0183994, -0.0795742, 0.0615256, -0.11238, -0.0183994, -0.0795742, 0.0108596, -0.0296447, 0.00829045, -0.0612861, -0.0025954, -0.0616672, 0.0515417, -0.111934, 0.0424866, -0.143056, -0.00551711, -0.0507618, 0.0266616, -0.0361184, -0.0153318, -0.0607488, 0.0114949, -0.0761292, 0.00509753, -0.0361749, 0.000308876, -0.0199222, 0.0295809, -0.0410525, 0.00660779, -0.038993, 0.0295809, -0.0410525, 0.00835947, -0.0111282, -0.0134776, -0.0284381, -0.00551711, -0.0507618, -0.0134776, -0.0284381, 0.000308876, -0.0199222, 0.0114949, -0.0761292, 0.0442085, -0.175212, 0.0266616, -0.0361184, 0.0114949, -0.0761292, 0.00509753, -0.0361749, 0.0200815, -0.0264855, 0.00660779, -0.038993, 0.00829045, -0.0612861, 0.0515417, -0.111934, -0.0025954, -0.0616672, 0.0424866, -0.143056, -0.000579869, -0.0630252, 0.0114949, -0.0761292, 0.0615256, -0.11238, 0.091149, -0.146094, -0.0153318, -0.0607488, 0.00829045, -0.0612861, 0.0862906, -0.0875049, 0.00829045, -0.0612861, 0.00829045, -0.0612861, 0.0515417, -0.111934, -0.0134776, -0.0284381, 0.0442085, -0.175212, 0.091149, -0.146094, 0.0442085, -0.175212, 0.0266616, -0.0361184, -0.0134776, -0.0284381, 0.0515417, -0.111934, 0.00829045, -0.0612861, 0.0108596, -0.0296447, 0.0266616, -0.0361184, -0.0025954, -0.0616672, 0.00829045, -0.0612861, 0.0108596, -0.0296447, 0.00660779, -0.038993, 0.0295809, -0.0410525, 0.000308876, -0.0199222, 0.0114949, -0.0761292, -0.0153318, -0.0607488, 0.0266616, -0.0361184, 0.00835947, -0.0111282, -0.00551711, -0.0507618, 0.0424866, -0.143056, 0.0515417, -0.111934, 0.0295809, -0.0410525, 0.00509753, -0.0361749, -0.0134776, -0.0284381, -0.000579869, -0.0630252, -0.0134776, -0.0284381, 0.000308876, -0.0199222, 0.0200815, -0.0264855, 0.000308876, -0.0199222, ],[0.00543301, -0.0153714, 0.0273127, -0.0189352, 0.00564919, -0.0437023, 0.0245874, -0.0307075, 0.00382087, -0.0065997, 0.00543301, -0.0153714, 0.0374765, -0.0437364, 0.0140538, -0.0272091, 0.0374765, -0.0437364, 0.00382087, -0.0065997, 0.0245874, -0.0307075, 0.00564919, -0.0437023, -0.0090368, -0.0793619, -0.0179069, -0.0858332, -0.0090368, -0.0793619, -0.0164416, -0.0370302, 0.0604693, -0.109476, 0.00989183, -0.0648106, 0.00239788, -0.0422721, 0.0245874, -0.0307075, 0.0304459, -0.149227, 0.0154704, -0.0723742, 0.0888602, -0.134136, 0.0687735, -0.122545, 0.0154704, -0.0723742, 0.00543301, -0.0153714, -0.0164416, -0.0370302, -0.00998806, -0.0605256, 0.00210425, -0.0730603, 0.041228, -0.142531, -0.0068968, -0.0753838, 0.0273127, -0.0189352, 0.00564919, -0.0437023, 0.0154704, -0.0723742, -0.0090368, -0.0793619, 0.00210425, -0.0730603, 0.041228, -0.142531, 0.0604693, -0.109476, 0.0374765, -0.0437364, -0.0090368, -0.0793619, 0.0888602, -0.134136, -0.0090368, -0.0793619, 0.0687735, -0.122545, -0.0179069, -0.0858332, 0.00564919, -0.0437023, 0.0374765, -0.0437364, 0.0604693, -0.109476, 0.041228, -0.142531, 0.041228, -0.142531, -0.0397692, -0.325948, 0.041228, -0.142531, 0.00564919, -0.0437023, -0.0179069, -0.0858332, 0.0687735, -0.122545, -0.0179069, -0.0858332, 0.0140538, -0.0272091, 0.00989183, -0.0648106, -0.0068968, -0.0753838, 0.0604693, -0.109476, 0.041228, -0.142531, -0.00998806, -0.0605256, 0.0245874, -0.0307075, -0.0090368, -0.0793619, 0.0154704, -0.0723742, 0.00564919, -0.0437023, 0.00543301, -0.0153714, 0.0374765, -0.0437364, 0.00239788, -0.0422721, 0.0374765, -0.0437364, 0.00382087, -0.0065997, -0.0164416, -0.0370302, -0.00998806, -0.0605256, -0.0164416, -0.0370302, 0.00543301, -0.0153714, 0.0154704, -0.0723742, 0.0304459, -0.149227, 0.0245874, -0.0307075, 0.0154704, -0.0723742, 0.00564919, -0.0437023, 0.0273127, -0.0189352, 0.00239788, -0.0422721, 0.00989183, -0.0648106, 0.0604693, -0.109476, -0.0068968, -0.0753838, 0.041228, -0.142531, 0.00210425, -0.0730603, 0.0154704, -0.0723742, 0.0687735, -0.122545, 0.0888602, -0.134136, -0.0090368, -0.0793619, 0.00989183, -0.0648106, 0.0894136, -0.054601, 0.00989183, -0.0648106, 0.00989183, -0.0648106, 0.0604693, -0.109476, -0.0164416, -0.0370302, 0.0304459, -0.149227, 0.0888602, -0.134136, 0.0304459, -0.149227, 0.0245874, -0.0307075, -0.0164416, -0.0370302, 0.0604693, -0.109476, 0.00989183, -0.0648106, 0.0140538, -0.0272091, 0.0245874, -0.0307075, -0.0068968, -0.0753838, 0.00989183, -0.0648106, 0.0140538, -0.0272091, 0.00239788, -0.0422721, 0.0374765, -0.0437364, 0.00543301, -0.0153714, 0.0154704, -0.0723742, -0.0090368, -0.0793619, 0.0245874, -0.0307075, 0.00382087, -0.0065997, -0.00998806, -0.0605256, 0.041228, -0.142531, 0.0604693, -0.109476, 0.0374765, -0.0437364, 0.00564919, -0.0437023, -0.0164416, -0.0370302, 0.00210425, -0.0730603, -0.0164416, -0.0370302, 0.00543301, -0.0153714, 0.0273127, -0.0189352, 0.00543301, -0.0153714, ],]
##############################################################################
clock_duration  =         9458.12
tau =                     1.67621
total_steps =             32
time_step =               0.0523817
best_mc_result =          0.0447795
best_mc_result_non_secondary =          0.0698928
evolved_target_dot_squared =  0.955221
distance =          0.05078
j_protocol =  [[1, 1, 0, 1, 1, 1, 1, 1, 1, 1, 1, 1, 1, 1, 1, 1, 0, 1, 1, 1, 1, 1, 1, 1, 1, 1, 1, 1, 1, 1, 1, 1, ],[1, 1, 1, 0, 1, 1, 1, 1, 1, 1, 1, 1, 1, 1, 1, 1, 1, 1, 1, 1, 1, 1, 1, 1, 1, 1, 1, 1, 1, 1, 1, 1, ],]
k_protocol =  [[1, 1, 1, 1, 1, 1, 1, 1, 1, 0, 1, 1, 0, 1, 1, 1, 1, 0, 0, 0, 1, 1, 0, 1, 1, 1, 0, 0, 0, 1, 1, 1, ],[1, 1, 0, 1, 1, 1, 1, 1, 1, 1, 0, 0, 1, 1, 1, 1, 0, 0, 1, 0, 1, 1, 1, 1, 0, 0, 1, 1, 0, 0, 1, 1, ],]
j_protocol_secondary =  [0, 0.0083973, 0.0083973, 0.104919, 0.135834, 0.78861, 0.78861, 0.838107, 0.838107, 0.838107, 0.838107, 1.33478, 1.33478, 1.45598, 1.45598, 1.66806, ]
k_protocol_secondary =  [0.0162829, 0.468469, 0.525483, 0.632817, 0.690347, 0.908843, 1.03776, 1.10354, 1.10354, 1.14879, 1.17728, 1.31274, 1.31733, 1.34986, 1.51256, 1.67621, ]
best_evolved_state = [0.00953372, -0.00421867, 0.0161611, -0.00127143, 0.0546696, -0.00135857, 0.0618772, 0.0068535, 0.0236214, -0.0117492, 0.00953372, -0.00421867, 0.0470512, 0.00616745, 0.0371783, 0.00891033, 0.0470512, 0.00616745, 0.0236214, -0.0117492, 0.0618772, 0.0068535, 0.0546696, -0.00135857, 0.0679781, -0.00288384, 0.082572, -0.0300028, 0.0679781, -0.00288384, 0.0469142, -0.0124972, 0.117133, 0.00341655, 0.0814239, 0.00513162, 0.0452757, -0.00903559, 0.0618772, 0.0068535, 0.130894, -0.0197292, 0.0554562, -0.0140956, 0.178373, 0.00980346, 0.157966, 0.0185652, 0.0554562, -0.0140956, 0.00953372, -0.00421867, 0.0469142, -0.0124972, 0.0591462, -0.010698, 0.0749146, -0.00890435, 0.149023, -0.0230021, 0.0754016, -0.016783, 0.0161611, -0.00127143, 0.0546696, -0.00135857, 0.0554562, -0.0140956, 0.0679781, -0.00288384, 0.0749146, -0.00890435, 0.149023, -0.0230021, 0.117133, 0.00341655, 0.0470512, 0.00616745, 0.0679781, -0.00288384, 0.178373, 0.00980346, 0.0679781, -0.00288384, 0.157966, 0.0185652, 0.082572, -0.0300028, 0.0546696, -0.00135857, 0.0470512, 0.00616745, 0.117133, 0.00341655, 0.149023, -0.0230021, 0.149023, -0.0230021, 0.275161, -0.0760424, 0.149023, -0.0230021, 0.0546696, -0.00135857, 0.082572, -0.0300028, 0.157966, 0.0185652, 0.082572, -0.0300028, 0.0371783, 0.00891033, 0.0814239, 0.00513162, 0.0754016, -0.016783, 0.117133, 0.00341655, 0.149023, -0.0230021, 0.0591462, -0.010698, 0.0618772, 0.0068535, 0.0679781, -0.00288384, 0.0554562, -0.0140956, 0.0546696, -0.00135857, 0.00953372, -0.00421867, 0.0470512, 0.00616745, 0.0452757, -0.00903559, 0.0470512, 0.00616745, 0.0236214, -0.0117492, 0.0469142, -0.0124972, 0.0591462, -0.010698, 0.0469142, -0.0124972, 0.00953372, -0.00421867, 0.0554562, -0.0140956, 0.130894, -0.0197292, 0.0618772, 0.0068535, 0.0554562, -0.0140956, 0.0546696, -0.00135857, 0.0161611, -0.00127143, 0.0452757, -0.00903559, 0.0814239, 0.00513162, 0.117133, 0.00341655, 0.0754016, -0.016783, 0.149023, -0.0230021, 0.0749146, -0.00890435, 0.0554562, -0.0140956, 0.157966, 0.0185652, 0.178373, 0.00980346, 0.0679781, -0.00288384, 0.0814239, 0.00513162, 0.091845, 0.00821687, 0.0814239, 0.00513162, 0.0814239, 0.00513162, 0.117133, 0.00341655, 0.0469142, -0.0124972, 0.130894, -0.0197292, 0.178373, 0.00980346, 0.130894, -0.0197292, 0.0618772, 0.0068535, 0.0469142, -0.0124972, 0.117133, 0.00341655, 0.0814239, 0.00513162, 0.0371783, 0.00891033, 0.0618772, 0.0068535, 0.0754016, -0.016783, 0.0814239, 0.00513162, 0.0371783, 0.00891033, 0.0452757, -0.00903559, 0.0470512, 0.00616745, 0.00953372, -0.00421867, 0.0554562, -0.0140956, 0.0679781, -0.00288384, 0.0618772, 0.0068535, 0.0236214, -0.0117492, 0.0591462, -0.010698, 0.149023, -0.0230021, 0.117133, 0.00341655, 0.0470512, 0.00616745, 0.0546696, -0.00135857, 0.0469142, -0.0124972, 0.0749146, -0.00890435, 0.0469142, -0.0124972, 0.00953372, -0.00421867, 0.0161611, -0.00127143, 0.00953372, -0.00421867, ]
best_mc_result_fixed_tau =   [0.0698928, 0.0765688, ]
evolved_state_fixed_tau =   [[0.00862116, -0.0102263, 0.0130592, -0.012414, 0.043797, -0.0174002, 0.052589, -0.0144489, 0.024437, -0.012771, 0.00862116, -0.0102263, 0.0549483, 0.00163904, 0.0390087, -0.00229291, 0.0549483, 0.00163904, 0.024437, -0.012771, 0.052589, -0.0144489, 0.043797, -0.0174002, 0.0574274, -0.0170593, 0.0576948, -0.0549296, 0.0574274, -0.0170593, 0.035706, -0.0191234, 0.110031, -0.0220975, 0.0767931, -0.0112311, 0.0538353, -0.0151587, 0.052589, -0.0144489, 0.137319, -0.0490137, 0.0630165, -0.0373187, 0.177244, -0.0279823, 0.142877, -0.0287379, 0.0630165, -0.0373187, 0.00862116, -0.0102263, 0.035706, -0.0191234, 0.0523387, -0.0340934, 0.058618, -0.0266955, 0.136168, -0.0670216, 0.0672563, -0.0306489, 0.0130592, -0.012414, 0.043797, -0.0174002, 0.0630165, -0.0373187, 0.0574274, -0.0170593, 0.058618, -0.0266955, 0.136168, -0.0670216, 0.110031, -0.0220975, 0.0549483, 0.00163904, 0.0574274, -0.0170593, 0.177244, -0.0279823, 0.0574274, -0.0170593, 0.142877, -0.0287379, 0.0576948, -0.0549296, 0.043797, -0.0174002, 0.0549483, 0.00163904, 0.110031, -0.0220975, 0.136168, -0.0670216, 0.136168, -0.0670216, 0.227855, -0.232043, 0.136168, -0.0670216, 0.043797, -0.0174002, 0.0576948, -0.0549296, 0.142877, -0.0287379, 0.0576948, -0.0549296, 0.0390087, -0.00229291, 0.0767931, -0.0112311, 0.0672563, -0.0306489, 0.110031, -0.0220975, 0.136168, -0.0670216, 0.0523387, -0.0340934, 0.052589, -0.0144489, 0.0574274, -0.0170593, 0.0630165, -0.0373187, 0.043797, -0.0174002, 0.00862116, -0.0102263, 0.0549483, 0.00163904, 0.0538353, -0.0151587, 0.0549483, 0.00163904, 0.024437, -0.012771, 0.035706, -0.0191234, 0.0523387, -0.0340934, 0.035706, -0.0191234, 0.00862116, -0.0102263, 0.0630165, -0.0373187, 0.137319, -0.0490137, 0.052589, -0.0144489, 0.0630165, -0.0373187, 0.043797, -0.0174002, 0.0130592, -0.012414, 0.0538353, -0.0151587, 0.0767931, -0.0112311, 0.110031, -0.0220975, 0.0672563, -0.0306489, 0.136168, -0.0670216, 0.058618, -0.0266955, 0.0630165, -0.0373187, 0.142877, -0.0287379, 0.177244, -0.0279823, 0.0574274, -0.0170593, 0.0767931, -0.0112311, 0.0874218, -0.0167288, 0.0767931, -0.0112311, 0.0767931, -0.0112311, 0.110031, -0.0220975, 0.035706, -0.0191234, 0.137319, -0.0490137, 0.177244, -0.0279823, 0.137319, -0.0490137, 0.052589, -0.0144489, 0.035706, -0.0191234, 0.110031, -0.0220975, 0.0767931, -0.0112311, 0.0390087, -0.00229291, 0.052589, -0.0144489, 0.0672563, -0.0306489, 0.0767931, -0.0112311, 0.0390087, -0.00229291, 0.0538353, -0.0151587, 0.0549483, 0.00163904, 0.00862116, -0.0102263, 0.0630165, -0.0373187, 0.0574274, -0.0170593, 0.052589, -0.0144489, 0.024437, -0.012771, 0.0523387, -0.0340934, 0.136168, -0.0670216, 0.110031, -0.0220975, 0.0549483, 0.00163904, 0.043797, -0.0174002, 0.035706, -0.0191234, 0.058618, -0.0266955, 0.035706, -0.0191234, 0.00862116, -0.0102263, 0.0130592, -0.012414, 0.00862116, -0.0102263, ],[0.00972438, -0.00809403, 0.0334663, -0.00571193, 0.0462772, -0.0188643, 0.0701822, -0.0180289, 0.0131609, -0.00904476, 0.00972438, -0.00809403, 0.0387287, -0.015643, 0.0293526, -0.00778693, 0.0387287, -0.015643, 0.0131609, -0.00904476, 0.0701822, -0.0180289, 0.0462772, -0.0188643, 0.0454982, -0.0447037, 0.0467755, -0.0759615, 0.0454982, -0.0447037, 0.0363341, -0.0371451, 0.102868, -0.0657496, 0.0667877, -0.0423817, 0.0261235, -0.0239846, 0.0701822, -0.0180289, 0.104548, -0.127691, 0.0474731, -0.0376041, 0.15522, -0.0901591, 0.141048, -0.0485785, 0.0474731, -0.0376041, 0.00972438, -0.00809403, 0.0363341, -0.0371451, 0.0483638, -0.0289355, 0.0633601, -0.046577, 0.104148, -0.093175, 0.0543326, -0.0496435, 0.0334663, -0.00571193, 0.0462772, -0.0188643, 0.0474731, -0.0376041, 0.0454982, -0.0447037, 0.0633601, -0.046577, 0.104148, -0.093175, 0.102868, -0.0657496, 0.0387287, -0.015643, 0.0454982, -0.0447037, 0.15522, -0.0901591, 0.0454982, -0.0447037, 0.141048, -0.0485785, 0.0467755, -0.0759615, 0.0462772, -0.0188643, 0.0387287, -0.015643, 0.102868, -0.0657496, 0.104148, -0.093175, 0.104148, -0.093175, 0.133212, -0.21821, 0.104148, -0.093175, 0.0462772, -0.0188643, 0.0467755, -0.0759615, 0.141048, -0.0485785, 0.0467755, -0.0759615, 0.0293526, -0.00778693, 0.0667877, -0.0423817, 0.0543326, -0.0496435, 0.102868, -0.0657496, 0.104148, -0.093175, 0.0483638, -0.0289355, 0.0701822, -0.0180289, 0.0454982, -0.0447037, 0.0474731, -0.0376041, 0.0462772, -0.0188643, 0.00972438, -0.00809403, 0.0387287, -0.015643, 0.0261235, -0.0239846, 0.0387287, -0.015643, 0.0131609, -0.00904476, 0.0363341, -0.0371451, 0.0483638, -0.0289355, 0.0363341, -0.0371451, 0.00972438, -0.00809403, 0.0474731, -0.0376041, 0.104548, -0.127691, 0.0701822, -0.0180289, 0.0474731, -0.0376041, 0.0462772, -0.0188643, 0.0334663, -0.00571193, 0.0261235, -0.0239846, 0.0667877, -0.0423817, 0.102868, -0.0657496, 0.0543326, -0.0496435, 0.104148, -0.093175, 0.0633601, -0.046577, 0.0474731, -0.0376041, 0.141048, -0.0485785, 0.15522, -0.0901591, 0.0454982, -0.0447037, 0.0667877, -0.0423817, 0.119037, -0.0458406, 0.0667877, -0.0423817, 0.0667877, -0.0423817, 0.102868, -0.0657496, 0.0363341, -0.0371451, 0.104548, -0.127691, 0.15522, -0.0901591, 0.104548, -0.127691, 0.0701822, -0.0180289, 0.0363341, -0.0371451, 0.102868, -0.0657496, 0.0667877, -0.0423817, 0.0293526, -0.00778693, 0.0701822, -0.0180289, 0.0543326, -0.0496435, 0.0667877, -0.0423817, 0.0293526, -0.00778693, 0.0261235, -0.0239846, 0.0387287, -0.015643, 0.00972438, -0.00809403, 0.0474731, -0.0376041, 0.0454982, -0.0447037, 0.0701822, -0.0180289, 0.0131609, -0.00904476, 0.0483638, -0.0289355, 0.104148, -0.093175, 0.102868, -0.0657496, 0.0387287, -0.015643, 0.0462772, -0.0188643, 0.0363341, -0.0371451, 0.0633601, -0.046577, 0.0363341, -0.0371451, 0.00972438, -0.00809403, 0.0334663, -0.00571193, 0.00972438, -0.00809403, ],]
##############################################################################
clock_duration  =         11207.5
tau =                     1.84384
total_steps =             32
time_step =               0.0576198
best_mc_result =          0.0202411
best_mc_result_non_secondary =          0.0483172
evolved_target_dot_squared =  0.979759
distance =          0.0229534
j_protocol =  [[1, 1, 1, 1, 1, 1, 1, 1, 1, 1, 1, 1, 1, 1, 1, 1, 1, 1, 1, 1, 1, 1, 1, 1, 1, 1, 1, 1, 1, 1, 0, 0, ],[1, 1, 1, 1, 1, 1, 1, 1, 1, 1, 1, 1, 1, 1, 1, 1, 1, 1, 1, 1, 1, 1, 1, 1, 1, 1, 1, 1, 1, 1, 0, 0, ],]
k_protocol =  [[1, 1, 1, 1, 1, 1, 1, 1, 0, 0, 1, 1, 1, 1, 0, 0, 1, 1, 1, 1, 0, 0, 1, 1, 1, 1, 0, 0, 0, 0, 1, 1, ],[1, 1, 1, 1, 1, 1, 1, 1, 0, 0, 1, 1, 1, 1, 0, 0, 1, 1, 1, 1, 0, 0, 1, 1, 1, 1, 0, 0, 0, 0, 1, 1, ],]
j_protocol_secondary =  [0, 0.0353832, 0.0353832, 0.0999614, 0.164267, 0.355978, 0.355978, 0.364413, 0.364413, 0.748806, 0.748806, 1.1665, 1.1665, 1.42451, 1.42451, 1.83686, ]
k_protocol_secondary =  [0.0167285, 0.491512, 0.522001, 0.554669, 0.590808, 0.738357, 0.743964, 0.797935, 0.909602, 1.14722, 1.27573, 1.33856, 1.35381, 1.53381, 1.7072, 1.84384, ]
best_evolved_state = [0.000990177, 0.0208885, -0.00232457, 0.016558, -0.000256911, 0.0529847, -0.00111156, 0.0591915, 0.00491302, 0.0309035, 0.000990177, 0.0208885, -0.00989444, 0.0407016, -0.00703859, 0.0544727, -0.00989444, 0.0407016, 0.00491302, 0.0309035, -0.00111156, 0.0591915, -0.000256911, 0.0529847, -0.00475216, 0.0739648, -0.00169323, 0.102557, -0.00475216, 0.0739648, 0.00818001, 0.0450348, -0.0115579, 0.118102, -0.00253553, 0.0867294, -0.00681754, 0.046146, -0.00111156, 0.0591915, -0.0054575, 0.123456, -0.00555778, 0.0674052, -0.0119905, 0.176906, -0.0104029, 0.153858, -0.00555778, 0.0674052, 0.000990177, 0.0208885, 0.00818001, 0.0450348, 0.00128616, 0.0618484, 0.00662274, 0.0735434, 0.00118427, 0.148419, 0.000333039, 0.0719047, -0.00232457, 0.016558, -0.000256911, 0.0529847, -0.00555778, 0.0674052, -0.00475216, 0.0739648, 0.00662274, 0.0735434, 0.00118427, 0.148419, -0.0115579, 0.118102, -0.00989444, 0.0407016, -0.00475216, 0.0739648, -0.0119905, 0.176906, -0.00475216, 0.0739648, -0.0104029, 0.153858, -0.00169323, 0.102557, -0.000256911, 0.0529847, -0.00989444, 0.0407016, -0.0115579, 0.118102, 0.00118427, 0.148419, 0.00118427, 0.148419, 0.0205186, 0.262703, 0.00118427, 0.148419, -0.000256911, 0.0529847, -0.00169323, 0.102557, -0.0104029, 0.153858, -0.00169323, 0.102557, -0.00703859, 0.0544727, -0.00253553, 0.0867294, 0.000333039, 0.0719047, -0.0115579, 0.118102, 0.00118427, 0.148419, 0.00128616, 0.0618484, -0.00111156, 0.0591915, -0.00475216, 0.0739648, -0.00555778, 0.0674052, -0.000256911, 0.0529847, 0.000990177, 0.0208885, -0.00989444, 0.0407016, -0.00681754, 0.046146, -0.00989444, 0.0407016, 0.00491302, 0.0309035, 0.00818001, 0.0450348, 0.00128616, 0.0618484, 0.00818001, 0.0450348, 0.000990177, 0.0208885, -0.00555778, 0.0674052, -0.0054575, 0.123456, -0.00111156, 0.0591915, -0.00555778, 0.0674052, -0.000256911, 0.0529847, -0.00232457, 0.016558, -0.00681754, 0.046146, -0.00253553, 0.0867294, -0.0115579, 0.118102, 0.000333039, 0.0719047, 0.00118427, 0.148419, 0.00662274, 0.0735434, -0.00555778, 0.0674052, -0.0104029, 0.153858, -0.0119905, 0.176906, -0.00475216, 0.0739648, -0.00253553, 0.0867294, -0.00740893, 0.0916795, -0.00253553, 0.0867294, -0.00253553, 0.0867294, -0.0115579, 0.118102, 0.00818001, 0.0450348, -0.0054575, 0.123456, -0.0119905, 0.176906, -0.0054575, 0.123456, -0.00111156, 0.0591915, 0.00818001, 0.0450348, -0.0115579, 0.118102, -0.00253553, 0.0867294, -0.00703859, 0.0544727, -0.00111156, 0.0591915, 0.000333039, 0.0719047, -0.00253553, 0.0867294, -0.00703859, 0.0544727, -0.00681754, 0.046146, -0.00989444, 0.0407016, 0.000990177, 0.0208885, -0.00555778, 0.0674052, -0.00475216, 0.0739648, -0.00111156, 0.0591915, 0.00491302, 0.0309035, 0.00128616, 0.0618484, 0.00118427, 0.148419, -0.0115579, 0.118102, -0.00989444, 0.0407016, -0.000256911, 0.0529847, 0.00818001, 0.0450348, 0.00662274, 0.0735434, 0.00818001, 0.0450348, 0.000990177, 0.0208885, -0.00232457, 0.016558, 0.000990177, 0.0208885, ]
best_mc_result_fixed_tau =   [0.0483172, 0.0483172, ]
evolved_state_fixed_tau =   [[0.00960581, 0.0127429, 0.0176429, 0.00410195, 0.0494357, 0.0424848, 0.0583177, 0.0391799, 0.0248428, 0.0193519, 0.00960581, 0.0127429, 0.0322179, 0.0250656, 0.0235907, 0.0378357, 0.0322179, 0.0250656, 0.0248428, 0.0193519, 0.0583177, 0.0391799, 0.0494357, 0.0424848, 0.0524056, 0.0515112, 0.0650086, 0.0565354, 0.0524056, 0.0515112, 0.0484073, 0.0189105, 0.0875853, 0.0761911, 0.0649635, 0.0513127, 0.0325957, 0.0215227, 0.0583177, 0.0391799, 0.109994, 0.0255777, 0.0496011, 0.0287818, 0.139661, 0.113131, 0.122457, 0.127013, 0.0496011, 0.0287818, 0.00960581, 0.0127429, 0.0484073, 0.0189105, 0.0547823, 0.0391871, 0.0666403, 0.0471013, 0.115219, 0.0918528, 0.0658185, 0.0383768, 0.0176429, 0.00410195, 0.0494357, 0.0424848, 0.0496011, 0.0287818, 0.0524056, 0.0515112, 0.0666403, 0.0471013, 0.115219, 0.0918528, 0.0875853, 0.0761911, 0.0322179, 0.0250656, 0.0524056, 0.0515112, 0.139661, 0.113131, 0.0524056, 0.0515112, 0.122457, 0.127013, 0.0650086, 0.0565354, 0.0494357, 0.0424848, 0.0322179, 0.0250656, 0.0875853, 0.0761911, 0.115219, 0.0918528, 0.115219, 0.0918528, 0.189246, 0.139691, 0.115219, 0.0918528, 0.0494357, 0.0424848, 0.0650086, 0.0565354, 0.122457, 0.127013, 0.0650086, 0.0565354, 0.0235907, 0.0378357, 0.0649635, 0.0513127, 0.0658185, 0.0383768, 0.0875853, 0.0761911, 0.115219, 0.0918528, 0.0547823, 0.0391871, 0.0583177, 0.0391799, 0.0524056, 0.0515112, 0.0496011, 0.0287818, 0.0494357, 0.0424848, 0.00960581, 0.0127429, 0.0322179, 0.0250656, 0.0325957, 0.0215227, 0.0322179, 0.0250656, 0.0248428, 0.0193519, 0.0484073, 0.0189105, 0.0547823, 0.0391871, 0.0484073, 0.0189105, 0.00960581, 0.0127429, 0.0496011, 0.0287818, 0.109994, 0.0255777, 0.0583177, 0.0391799, 0.0496011, 0.0287818, 0.0494357, 0.0424848, 0.0176429, 0.00410195, 0.0325957, 0.0215227, 0.0649635, 0.0513127, 0.0875853, 0.0761911, 0.0658185, 0.0383768, 0.115219, 0.0918528, 0.0666403, 0.0471013, 0.0496011, 0.0287818, 0.122457, 0.127013, 0.139661, 0.113131, 0.0524056, 0.0515112, 0.0649635, 0.0513127, 0.0734621, 0.0348092, 0.0649635, 0.0513127, 0.0649635, 0.0513127, 0.0875853, 0.0761911, 0.0484073, 0.0189105, 0.109994, 0.0255777, 0.139661, 0.113131, 0.109994, 0.0255777, 0.0583177, 0.0391799, 0.0484073, 0.0189105, 0.0875853, 0.0761911, 0.0649635, 0.0513127, 0.0235907, 0.0378357, 0.0583177, 0.0391799, 0.0658185, 0.0383768, 0.0649635, 0.0513127, 0.0235907, 0.0378357, 0.0325957, 0.0215227, 0.0322179, 0.0250656, 0.00960581, 0.0127429, 0.0496011, 0.0287818, 0.0524056, 0.0515112, 0.0583177, 0.0391799, 0.0248428, 0.0193519, 0.0547823, 0.0391871, 0.115219, 0.0918528, 0.0875853, 0.0761911, 0.0322179, 0.0250656, 0.0494357, 0.0424848, 0.0484073, 0.0189105, 0.0666403, 0.0471013, 0.0484073, 0.0189105, 0.00960581, 0.0127429, 0.0176429, 0.00410195, 0.00960581, 0.0127429, ],[0.00960581, 0.0127429, 0.0176429, 0.00410195, 0.0494357, 0.0424848, 0.0583177, 0.0391799, 0.0248428, 0.0193519, 0.00960581, 0.0127429, 0.0322179, 0.0250656, 0.0235907, 0.0378357, 0.0322179, 0.0250656, 0.0248428, 0.0193519, 0.0583177, 0.0391799, 0.0494357, 0.0424848, 0.0524056, 0.0515112, 0.0650086, 0.0565354, 0.0524056, 0.0515112, 0.0484073, 0.0189105, 0.0875853, 0.0761911, 0.0649635, 0.0513127, 0.0325957, 0.0215227, 0.0583177, 0.0391799, 0.109994, 0.0255777, 0.0496011, 0.0287818, 0.139661, 0.113131, 0.122457, 0.127013, 0.0496011, 0.0287818, 0.00960581, 0.0127429, 0.0484073, 0.0189105, 0.0547823, 0.0391871, 0.0666403, 0.0471013, 0.115219, 0.0918528, 0.0658185, 0.0383768, 0.0176429, 0.00410195, 0.0494357, 0.0424848, 0.0496011, 0.0287818, 0.0524056, 0.0515112, 0.0666403, 0.0471013, 0.115219, 0.0918528, 0.0875853, 0.0761911, 0.0322179, 0.0250656, 0.0524056, 0.0515112, 0.139661, 0.113131, 0.0524056, 0.0515112, 0.122457, 0.127013, 0.0650086, 0.0565354, 0.0494357, 0.0424848, 0.0322179, 0.0250656, 0.0875853, 0.0761911, 0.115219, 0.0918528, 0.115219, 0.0918528, 0.189246, 0.139691, 0.115219, 0.0918528, 0.0494357, 0.0424848, 0.0650086, 0.0565354, 0.122457, 0.127013, 0.0650086, 0.0565354, 0.0235907, 0.0378357, 0.0649635, 0.0513127, 0.0658185, 0.0383768, 0.0875853, 0.0761911, 0.115219, 0.0918528, 0.0547823, 0.0391871, 0.0583177, 0.0391799, 0.0524056, 0.0515112, 0.0496011, 0.0287818, 0.0494357, 0.0424848, 0.00960581, 0.0127429, 0.0322179, 0.0250656, 0.0325957, 0.0215227, 0.0322179, 0.0250656, 0.0248428, 0.0193519, 0.0484073, 0.0189105, 0.0547823, 0.0391871, 0.0484073, 0.0189105, 0.00960581, 0.0127429, 0.0496011, 0.0287818, 0.109994, 0.0255777, 0.0583177, 0.0391799, 0.0496011, 0.0287818, 0.0494357, 0.0424848, 0.0176429, 0.00410195, 0.0325957, 0.0215227, 0.0649635, 0.0513127, 0.0875853, 0.0761911, 0.0658185, 0.0383768, 0.115219, 0.0918528, 0.0666403, 0.0471013, 0.0496011, 0.0287818, 0.122457, 0.127013, 0.139661, 0.113131, 0.0524056, 0.0515112, 0.0649635, 0.0513127, 0.0734621, 0.0348092, 0.0649635, 0.0513127, 0.0649635, 0.0513127, 0.0875853, 0.0761911, 0.0484073, 0.0189105, 0.109994, 0.0255777, 0.139661, 0.113131, 0.109994, 0.0255777, 0.0583177, 0.0391799, 0.0484073, 0.0189105, 0.0875853, 0.0761911, 0.0649635, 0.0513127, 0.0235907, 0.0378357, 0.0583177, 0.0391799, 0.0658185, 0.0383768, 0.0649635, 0.0513127, 0.0235907, 0.0378357, 0.0325957, 0.0215227, 0.0322179, 0.0250656, 0.00960581, 0.0127429, 0.0496011, 0.0287818, 0.0524056, 0.0515112, 0.0583177, 0.0391799, 0.0248428, 0.0193519, 0.0547823, 0.0391871, 0.115219, 0.0918528, 0.0875853, 0.0761911, 0.0322179, 0.0250656, 0.0494357, 0.0424848, 0.0484073, 0.0189105, 0.0666403, 0.0471013, 0.0484073, 0.0189105, 0.00960581, 0.0127429, 0.0176429, 0.00410195, 0.00960581, 0.0127429, ],]
##############################################################################
clock_duration  =         20445.3
tau =                     1.84672
total_steps =             32
time_step =               0.0633818
best_mc_result =          0.0198938
best_mc_result_non_secondary =          0
evolved_target_dot_squared =  0.980106
distance =          0.0225596
j_protocol =  [[0, 0, 0, 0, 0, 0, 0, 0, 0, 0, 0, 0, 0, 0, 0, 0, 0, 0, 0, 0, 0, 0, 0, 0, 0, 0, 0, 0, 0, 0, 0, 0, ],[0, 0, 0, 0, 0, 0, 0, 0, 0, 0, 0, 0, 0, 0, 0, 0, 0, 0, 0, 0, 0, 0, 0, 0, 0, 0, 0, 0, 0, 0, 0, 0, ],]
k_protocol =  [[0, 0, 0, 0, 0, 0, 0, 0, 0, 0, 0, 0, 0, 0, 0, 0, 0, 0, 0, 0, 0, 0, 0, 0, 0, 0, 0, 0, 0, 0, 0, 0, ],[0, 0, 0, 0, 0, 0, 0, 0, 0, 0, 0, 0, 0, 0, 0, 0, 0, 0, 0, 0, 0, 0, 0, 0, 0, 0, 0, 0, 0, 0, 0, 0, ],]
j_protocol_secondary =  [0, 0.0138353, 0.0138353, 0.110606, 0.176527, 0.246435, 0.246435, 0.320295, 0.320295, 0.828515, 0.828515, 1.10384, 1.10384, 1.6396, 1.6396, 1.83842, ]
k_protocol_secondary =  [0.0169072, 0.0805681, 0.0805681, 0.388591, 0.415639, 0.622167, 0.710711, 0.907832, 1.00885, 1.20141, 1.31315, 1.45919, 1.50172, 1.58679, 1.72876, 1.84672, ]
best_evolved_state = [0.00120087, 0.0191704, -0.00255885, 0.0181658, 0.00260072, 0.052968, 0.00119783, 0.0603658, 0.00540044, 0.0265504, 0.00120087, 0.0191704, -0.00761637, 0.0434477, -0.0046782, 0.0534226, -0.00761637, 0.0434477, 0.00540044, 0.0265504, 0.00119783, 0.0603658, 0.00260072, 0.052968, -0.000592047, 0.0746454, 0.00213824, 0.100538, -0.000592047, 0.0746454, 0.00947955, 0.0438012, -0.0043669, 0.11918, 0.000813535, 0.0866304, -0.0035035, 0.0454482, 0.00119783, 0.0603658, 0.00265222, 0.123982, -0.00371239, 0.0667091, -0.00209228, 0.176233, -0.00041597, 0.155801, -0.00371239, 0.0667091, 0.00120087, 0.0191704, 0.00947955, 0.0438012, 0.00544049, 0.0624052, 0.0107671, 0.0736942, 0.00848414, 0.147477, 0.0053644, 0.0715175, -0.00255885, 0.0181658, 0.00260072, 0.052968, -0.00371239, 0.0667091, -0.000592047, 0.0746454, 0.0107671, 0.0736942, 0.00848414, 0.147477, -0.0043669, 0.11918, -0.00761637, 0.0434477, -0.000592047, 0.0746454, -0.00209228, 0.176233, -0.000592047, 0.0746454, -0.00041597, 0.155801, 0.00213824, 0.100538, 0.00260072, 0.052968, -0.00761637, 0.0434477, -0.0043669, 0.11918, 0.00848414, 0.147477, 0.00848414, 0.147477, 0.0359331, 0.263356, 0.00848414, 0.147477, 0.00260072, 0.052968, 0.00213824, 0.100538, -0.00041597, 0.155801, 0.00213824, 0.100538, -0.0046782, 0.0534226, 0.000813535, 0.0866304, 0.0053644, 0.0715175, -0.0043669, 0.11918, 0.00848414, 0.147477, 0.00544049, 0.0624052, 0.00119783, 0.0603658, -0.000592047, 0.0746454, -0.00371239, 0.0667091, 0.00260072, 0.052968, 0.00120087, 0.0191704, -0.00761637, 0.0434477, -0.0035035, 0.0454482, -0.00761637, 0.0434477, 0.00540044, 0.0265504, 0.00947955, 0.0438012, 0.00544049, 0.0624052, 0.00947955, 0.0438012, 0.00120087, 0.0191704, -0.00371239, 0.0667091, 0.00265222, 0.123982, 0.00119783, 0.0603658, -0.00371239, 0.0667091, 0.00260072, 0.052968, -0.00255885, 0.0181658, -0.0035035, 0.0454482, 0.000813535, 0.0866304, -0.0043669, 0.11918, 0.0053644, 0.0715175, 0.00848414, 0.147477, 0.0107671, 0.0736942, -0.00371239, 0.0667091, -0.00041597, 0.155801, -0.00209228, 0.176233, -0.000592047, 0.0746454, 0.000813535, 0.0866304, -0.00264323, 0.0924456, 0.000813535, 0.0866304, 0.000813535, 0.0866304, -0.0043669, 0.11918, 0.00947955, 0.0438012, 0.00265222, 0.123982, -0.00209228, 0.176233, 0.00265222, 0.123982, 0.00119783, 0.0603658, 0.00947955, 0.0438012, -0.0043669, 0.11918, 0.000813535, 0.0866304, -0.0046782, 0.0534226, 0.00119783, 0.0603658, 0.0053644, 0.0715175, 0.000813535, 0.0866304, -0.0046782, 0.0534226, -0.0035035, 0.0454482, -0.00761637, 0.0434477, 0.00120087, 0.0191704, -0.00371239, 0.0667091, -0.000592047, 0.0746454, 0.00119783, 0.0603658, 0.00540044, 0.0265504, 0.00544049, 0.0624052, 0.00848414, 0.147477, -0.0043669, 0.11918, -0.00761637, 0.0434477, 0.00260072, 0.052968, 0.00947955, 0.0438012, 0.0107671, 0.0736942, 0.00947955, 0.0438012, 0.00120087, 0.0191704, -0.00255885, 0.0181658, 0.00120087, 0.0191704, ]
best_mc_result_fixed_tau =   [0.0382689, 0.0441483, ]
evolved_state_fixed_tau =   [[0.0139118, 0.0158541, 0.0221351, 0.0128823, 0.0417815, 0.0331822, 0.0526354, 0.0460508, 0.0180475, 0.0222886, 0.0139118, 0.0158541, 0.0270003, 0.0305639, 0.0269631, 0.0465446, 0.0270003, 0.0305639, 0.0180475, 0.0222886, 0.0526354, 0.0460508, 0.0417815, 0.0331822, 0.0455757, 0.0362196, 0.0688468, 0.0456038, 0.0455757, 0.0362196, 0.0378199, 0.0160905, 0.0838062, 0.0798555, 0.0594185, 0.0572432, 0.0213354, 0.0308515, 0.0526354, 0.0460508, 0.100186, 0.0862258, 0.0474423, 0.0469738, 0.128238, 0.13161, 0.116019, 0.110181, 0.0474423, 0.0469738, 0.0139118, 0.0158541, 0.0378199, 0.0160905, 0.0452348, 0.0358334, 0.0610192, 0.0349861, 0.117326, 0.0920237, 0.0481352, 0.0340659, 0.0221351, 0.0128823, 0.0417815, 0.0331822, 0.0474423, 0.0469738, 0.0455757, 0.0362196, 0.0610192, 0.0349861, 0.117326, 0.0920237, 0.0838062, 0.0798555, 0.0270003, 0.0305639, 0.0455757, 0.0362196, 0.128238, 0.13161, 0.0455757, 0.0362196, 0.116019, 0.110181, 0.0688468, 0.0456038, 0.0417815, 0.0331822, 0.0270003, 0.0305639, 0.0838062, 0.0798555, 0.117326, 0.0920237, 0.117326, 0.0920237, 0.250794, 0.157254, 0.117326, 0.0920237, 0.0417815, 0.0331822, 0.0688468, 0.0456038, 0.116019, 0.110181, 0.0688468, 0.0456038, 0.0269631, 0.0465446, 0.0594185, 0.0572432, 0.0481352, 0.0340659, 0.0838062, 0.0798555, 0.117326, 0.0920237, 0.0452348, 0.0358334, 0.0526354, 0.0460508, 0.0455757, 0.0362196, 0.0474423, 0.0469738, 0.0417815, 0.0331822, 0.0139118, 0.0158541, 0.0270003, 0.0305639, 0.0213354, 0.0308515, 0.0270003, 0.0305639, 0.0180475, 0.0222886, 0.0378199, 0.0160905, 0.0452348, 0.0358334, 0.0378199, 0.0160905, 0.0139118, 0.0158541, 0.0474423, 0.0469738, 0.100186, 0.0862258, 0.0526354, 0.0460508, 0.0474423, 0.0469738, 0.0417815, 0.0331822, 0.0221351, 0.0128823, 0.0213354, 0.0308515, 0.0594185, 0.0572432, 0.0838062, 0.0798555, 0.0481352, 0.0340659, 0.117326, 0.0920237, 0.0610192, 0.0349861, 0.0474423, 0.0469738, 0.116019, 0.110181, 0.128238, 0.13161, 0.0455757, 0.0362196, 0.0594185, 0.0572432, 0.0821703, 0.0791851, 0.0594185, 0.0572432, 0.0594185, 0.0572432, 0.0838062, 0.0798555, 0.0378199, 0.0160905, 0.100186, 0.0862258, 0.128238, 0.13161, 0.100186, 0.0862258, 0.0526354, 0.0460508, 0.0378199, 0.0160905, 0.0838062, 0.0798555, 0.0594185, 0.0572432, 0.0269631, 0.0465446, 0.0526354, 0.0460508, 0.0481352, 0.0340659, 0.0594185, 0.0572432, 0.0269631, 0.0465446, 0.0213354, 0.0308515, 0.0270003, 0.0305639, 0.0139118, 0.0158541, 0.0474423, 0.0469738, 0.0455757, 0.0362196, 0.0526354, 0.0460508, 0.0180475, 0.0222886, 0.0452348, 0.0358334, 0.117326, 0.0920237, 0.0838062, 0.0798555, 0.0270003, 0.0305639, 0.0417815, 0.0331822, 0.0378199, 0.0160905, 0.0610192, 0.0349861, 0.0378199, 0.0160905, 0.0139118, 0.0158541, 0.0221351, 0.0128823, 0.0139118, 0.0158541, ],[-0.00214696, 0.0267723, -0.0217901, 0.0332731, 0.0102794, 0.0466521, 0.00779872, 0.0532184, 0.00238549, 0.0164997, -0.00214696, 0.0267723, -0.00170374, 0.0443373, 0.00710414, 0.0609418, -0.00170374, 0.0443373, 0.00238549, 0.0164997, 0.00779872, 0.0532184, 0.0102794, 0.0466521, 0.0273196, 0.0864166, 0.0159125, 0.131298, 0.0273196, 0.0864166, 0.0212456, 0.0388904, 0.0247997, 0.124981, 0.0291248, 0.0764989, 0.00100303, 0.0331462, 0.00779872, 0.0532184, 0.0279102, 0.0894669, -0.00539103, 0.0749801, 0.0456577, 0.153443, 0.0438696, 0.145808, -0.00539103, 0.0749801, -0.00214696, 0.0267723, 0.0212456, 0.0388904, 0.0156249, 0.0622831, 0.0320868, 0.0815445, 0.0329404, 0.144955, 0.0217384, 0.0652034, -0.0217901, 0.0332731, 0.0102794, 0.0466521, -0.00539103, 0.0749801, 0.0273196, 0.0864166, 0.0320868, 0.0815445, 0.0329404, 0.144955, 0.0247997, 0.124981, -0.00170374, 0.0443373, 0.0273196, 0.0864166, 0.0456577, 0.153443, 0.0273196, 0.0864166, 0.0438696, 0.145808, 0.0159125, 0.131298, 0.0102794, 0.0466521, -0.00170374, 0.0443373, 0.0247997, 0.124981, 0.0329404, 0.144955, 0.0329404, 0.144955, 0.0691457, 0.208647, 0.0329404, 0.144955, 0.0102794, 0.0466521, 0.0159125, 0.131298, 0.0438696, 0.145808, 0.0159125, 0.131298, 0.00710414, 0.0609418, 0.0291248, 0.0764989, 0.0217384, 0.0652034, 0.0247997, 0.124981, 0.0329404, 0.144955, 0.0156249, 0.0622831, 0.00779872, 0.0532184, 0.0273196, 0.0864166, -0.00539103, 0.0749801, 0.0102794, 0.0466521, -0.00214696, 0.0267723, -0.00170374, 0.0443373, 0.00100303, 0.0331462, -0.00170374, 0.0443373, 0.00238549, 0.0164997, 0.0212456, 0.0388904, 0.0156249, 0.0622831, 0.0212456, 0.0388904, -0.00214696, 0.0267723, -0.00539103, 0.0749801, 0.0279102, 0.0894669, 0.00779872, 0.0532184, -0.00539103, 0.0749801, 0.0102794, 0.0466521, -0.0217901, 0.0332731, 0.00100303, 0.0331462, 0.0291248, 0.0764989, 0.0247997, 0.124981, 0.0217384, 0.0652034, 0.0329404, 0.144955, 0.0320868, 0.0815445, -0.00539103, 0.0749801, 0.0438696, 0.145808, 0.0456577, 0.153443, 0.0273196, 0.0864166, 0.0291248, 0.0764989, -0.0157443, 0.0908924, 0.0291248, 0.0764989, 0.0291248, 0.0764989, 0.0247997, 0.124981, 0.0212456, 0.0388904, 0.0279102, 0.0894669, 0.0456577, 0.153443, 0.0279102, 0.0894669, 0.00779872, 0.0532184, 0.0212456, 0.0388904, 0.0247997, 0.124981, 0.0291248, 0.0764989, 0.00710414, 0.0609418, 0.00779872, 0.0532184, 0.0217384, 0.0652034, 0.0291248, 0.0764989, 0.00710414, 0.0609418, 0.00100303, 0.0331462, -0.00170374, 0.0443373, -0.00214696, 0.0267723, -0.00539103, 0.0749801, 0.0273196, 0.0864166, 0.00779872, 0.0532184, 0.00238549, 0.0164997, 0.0156249, 0.0622831, 0.0329404, 0.144955, 0.0247997, 0.124981, -0.00170374, 0.0443373, 0.0102794, 0.0466521, 0.0212456, 0.0388904, 0.0320868, 0.0815445, 0.0212456, 0.0388904, -0.00214696, 0.0267723, -0.0217901, 0.0332731, -0.00214696, 0.0267723, ],]
