START_PARAMETERS
MAX_STEPS_MCDB =               32
MIN_STEPS_MCDB =               4
STEPS_CRUNCH_MCDB =            1
SWEEPS_MCDB =                  120
TOTAL_STEP_CHANGES =                  6
MCBB_SECONDARY =                  1
SWEEPS_MCBB_SECONDARY =                  250
NUMBER_OF_BANGS =                  8
GROUND_E =                -7.70605
INITIAL_E =               -4.75053
j_initial =               0.291
k_initial =               0.5
b_initial =               0
j_target =                0.935
k_target =                0.25
b_target =                0
init_target_dot_squared = 0.265089
init_state = [0.000210335, 0, 0.000961066, 0, 0.00725339, 0, 0.00189102, 0, 0.000250031, 0, 0.000210335, 0, 0.00167226, 0, 0.000552909, 0, 0.00167226, 0, 0.000250031, 0, 0.00189102, 0, 0.00725339, 0, 0.00763882, 0, 0.056559, 0, 0.00763882, 0, 0.00147077, 0, 0.0138346, 0, 0.00241639, 0, 0.000684151, 0, 0.00189102, 0, 0.00466416, 0, 0.00331039, 0, 0.00929794, 0, 0.02191, 0, 0.00331039, 0, 0.000210335, 0, 0.00147077, 0, 0.00899471, 0, 0.00916292, 0, 0.0924961, 0, 0.00908215, 0, 0.000961066, 0, 0.00725339, 0, 0.00331039, 0, 0.00763882, 0, 0.00916292, 0, 0.0924961, 0, 0.0138346, 0, 0.00167226, 0, 0.00763882, 0, 0.00929794, 0, 0.00763882, 0, 0.02191, 0, 0.056559, 0, 0.00725339, 0, 0.00167226, 0, 0.0138346, 0, 0.0924961, 0, 0.0924961, 0, 0.955399, 0, 0.0924961, 0, 0.00725339, 0, 0.056559, 0, 0.02191, 0, 0.056559, 0, 0.000552909, 0, 0.00241639, 0, 0.00908215, 0, 0.0138346, 0, 0.0924961, 0, 0.00899471, 0, 0.00189102, 0, 0.00763882, 0, 0.00331039, 0, 0.00725339, 0, 0.000210335, 0, 0.00167226, 0, 0.000684151, 0, 0.00167226, 0, 0.000250031, 0, 0.00147077, 0, 0.00899471, 0, 0.00147077, 0, 0.000210335, 0, 0.00331039, 0, 0.00466416, 0, 0.00189102, 0, 0.00331039, 0, 0.00725339, 0, 0.000961066, 0, 0.000684151, 0, 0.00241639, 0, 0.0138346, 0, 0.00908215, 0, 0.0924961, 0, 0.00916292, 0, 0.00331039, 0, 0.02191, 0, 0.00929794, 0, 0.00763882, 0, 0.00241639, 0, 0.00130996, 0, 0.00241639, 0, 0.00241639, 0, 0.0138346, 0, 0.00147077, 0, 0.00466416, 0, 0.00929794, 0, 0.00466416, 0, 0.00189102, 0, 0.00147077, 0, 0.0138346, 0, 0.00241639, 0, 0.000552909, 0, 0.00189102, 0, 0.00908215, 0, 0.00241639, 0, 0.000552909, 0, 0.000684151, 0, 0.00167226, 0, 0.000210335, 0, 0.00331039, 0, 0.00763882, 0, 0.00189102, 0, 0.000250031, 0, 0.00899471, 0, 0.0924961, 0, 0.0138346, 0, 0.00167226, 0, 0.00725339, 0, 0.00147077, 0, 0.00916292, 0, 0.00147077, 0, 0.000210335, 0, 0.000961066, 0, 0.000210335, 0, ]
target_state = [0.0191717, 0, 0.0254951, 0, 0.0580451, 0, 0.059402, 0, 0.023194, 0, 0.0191717, 0, 0.0485811, 0, 0.0452075, 0, 0.0485811, 0, 0.023194, 0, 0.059402, 0, 0.0580451, 0, 0.0726349, 0, 0.113046, 0, 0.0726349, 0, 0.0450349, 0, 0.106721, 0, 0.0783116, 0, 0.0494403, 0, 0.059402, 0, 0.132837, 0, 0.076845, 0, 0.145741, 0, 0.136821, 0, 0.076845, 0, 0.0191717, 0, 0.0450349, 0, 0.0671956, 0, 0.0693245, 0, 0.155025, 0, 0.0752707, 0, 0.0254951, 0, 0.0580451, 0, 0.076845, 0, 0.0726349, 0, 0.0693245, 0, 0.155025, 0, 0.106721, 0, 0.0485811, 0, 0.0726349, 0, 0.145741, 0, 0.0726349, 0, 0.136821, 0, 0.113046, 0, 0.0580451, 0, 0.0485811, 0, 0.106721, 0, 0.155025, 0, 0.155025, 0, 0.336244, 0, 0.155025, 0, 0.0580451, 0, 0.113046, 0, 0.136821, 0, 0.113046, 0, 0.0452075, 0, 0.0783116, 0, 0.0752707, 0, 0.106721, 0, 0.155025, 0, 0.0671956, 0, 0.059402, 0, 0.0726349, 0, 0.076845, 0, 0.0580451, 0, 0.0191717, 0, 0.0485811, 0, 0.0494403, 0, 0.0485811, 0, 0.023194, 0, 0.0450349, 0, 0.0671956, 0, 0.0450349, 0, 0.0191717, 0, 0.076845, 0, 0.132837, 0, 0.059402, 0, 0.076845, 0, 0.0580451, 0, 0.0254951, 0, 0.0494403, 0, 0.0783116, 0, 0.106721, 0, 0.0752707, 0, 0.155025, 0, 0.0693245, 0, 0.076845, 0, 0.136821, 0, 0.145741, 0, 0.0726349, 0, 0.0783116, 0, 0.0873495, 0, 0.0783116, 0, 0.0783116, 0, 0.106721, 0, 0.0450349, 0, 0.132837, 0, 0.145741, 0, 0.132837, 0, 0.059402, 0, 0.0450349, 0, 0.106721, 0, 0.0783116, 0, 0.0452075, 0, 0.059402, 0, 0.0752707, 0, 0.0783116, 0, 0.0452075, 0, 0.0494403, 0, 0.0485811, 0, 0.0191717, 0, 0.076845, 0, 0.0726349, 0, 0.059402, 0, 0.023194, 0, 0.0671956, 0, 0.155025, 0, 0.106721, 0, 0.0485811, 0, 0.0580451, 0, 0.0450349, 0, 0.0693245, 0, 0.0450349, 0, 0.0191717, 0, 0.0254951, 0, 0.0191717, 0, ]
USE_ENERGY_DISTANCE =     false
PERIODIC =                false
UNIFORM_SITES =           true
DEVICE_DIMENSION =        2
MAX_PARAM =               1
MIN_PARAM =               0
MIN_PARAM =               0
DIAG =                    true
NUM_SEEDS =               2
NUMBER_OF_BANGS =               8
DISTANCE_LIMIT =          0.02
TAU_INIT =                0.7
MAX_TAU =                 5
TAU_SCALAR =              1.2
TAU_SCALAR_TINY =         1.1
TAU_SCALAR_BIG =          1.3
ACCEPTANCE_PROB =         0.85
TEMP_EXP_DECAY =          0.8
MIN_TEMP_FRACTION =       0.01
TEMP_DECAY_ITERATIONS =   21
ZERO_TEMP_ITREATIONS =    20
RANDOM_STATES =           3
END_PARAMETERS
##############################################################################
clock_duration  =         1210.4
tau =                     0.7
total_steps =             32
time_step =               0.021875
best_mc_result =          0.364588
best_mc_result_non_secondary =          0.36627
evolved_target_dot_squared =  0.635412
distance =          0.496098
j_protocol =  [[1, 1, 1, 1, 1, 1, 1, 1, 1, 1, 1, 1, 1, 1, 1, 1, 1, 1, 1, 1, 1, 1, 1, 1, 1, 1, 1, 1, 1, 1, 1, 0, ],[1, 1, 1, 1, 1, 1, 1, 1, 1, 1, 1, 1, 1, 1, 1, 1, 1, 1, 1, 1, 1, 1, 1, 1, 1, 1, 1, 1, 1, 1, 1, 0, ],]
k_protocol =  [[0, 0, 0, 1, 1, 1, 1, 1, 1, 1, 1, 1, 1, 1, 1, 1, 0, 1, 0, 0, 0, 1, 1, 1, 1, 1, 0, 0, 1, 1, 1, 1, ],[0, 0, 0, 1, 1, 1, 1, 1, 1, 1, 1, 1, 1, 1, 1, 1, 1, 0, 1, 1, 0, 0, 1, 1, 0, 0, 1, 1, 1, 1, 1, 1, ],]
j_protocol_secondary =  [0, 0.133846, 0.133846, 0.185843, 0.185843, 0.253808, 0.253808, 0.4763, 0.4763, 0.518346, 0.518346, 0.633002, 0.633002, 0.682158, 0.7, 0.7, ]
k_protocol_secondary =  [0.0598346, 0.0736026, 0.0736026, 0.315534, 0.315534, 0.384358, 0.391402, 0.396607, 0.407953, 0.43146, 0.493867, 0.51268, 0.543291, 0.559033, 0.559033, 0.7, ]
best_evolved_state = [0.00150695, -0.000413389, -0.00356877, 0.00367204, -0.00324502, 0.0372673, -0.0248921, 0.00912438, 0.00319364, 0.0034735, 0.00150695, -0.000413389, -0.0112784, 0.0223884, -0.00898753, 0.0117345, -0.0112784, 0.0223884, 0.00319364, 0.0034735, -0.0248921, 0.00912438, -0.00324502, 0.0372673, -0.0161759, 0.0552828, 0.0312148, 0.123374, -0.0161759, 0.0552828, -0.0178981, 0.0222147, -0.0156493, 0.0741436, -0.0414214, 0.0267705, -0.00143872, 0.0238695, -0.0248921, 0.00912438, -0.123414, -0.00515, -0.0119706, 0.0227673, -0.0728726, 0.0763279, -0.017223, 0.0972647, -0.0119706, 0.0227673, 0.00150695, -0.000413389, -0.0178981, 0.0222147, 0.0190984, 0.0508316, 0.00575867, 0.055151, 0.0301773, 0.172488, 0.0127201, 0.0532872, -0.00356877, 0.00367204, -0.00324502, 0.0372673, -0.0119706, 0.0227673, -0.0161759, 0.0552828, 0.00575867, 0.055151, 0.0301773, 0.172488, -0.0156493, 0.0741436, -0.0112784, 0.0223884, -0.0161759, 0.0552828, -0.0728726, 0.0763279, -0.0161759, 0.0552828, -0.017223, 0.0972647, 0.0312148, 0.123374, -0.00324502, 0.0372673, -0.0112784, 0.0223884, -0.0156493, 0.0741436, 0.0301773, 0.172488, 0.0301773, 0.172488, 0.0474825, 0.612801, 0.0301773, 0.172488, -0.00324502, 0.0372673, 0.0312148, 0.123374, -0.017223, 0.0972647, 0.0312148, 0.123374, -0.00898753, 0.0117345, -0.0414214, 0.0267705, 0.0127201, 0.0532872, -0.0156493, 0.0741436, 0.0301773, 0.172488, 0.0190984, 0.0508316, -0.0248921, 0.00912438, -0.0161759, 0.0552828, -0.0119706, 0.0227673, -0.00324502, 0.0372673, 0.00150695, -0.000413389, -0.0112784, 0.0223884, -0.00143872, 0.0238695, -0.0112784, 0.0223884, 0.00319364, 0.0034735, -0.0178981, 0.0222147, 0.0190984, 0.0508316, -0.0178981, 0.0222147, 0.00150695, -0.000413389, -0.0119706, 0.0227673, -0.123414, -0.00515, -0.0248921, 0.00912438, -0.0119706, 0.0227673, -0.00324502, 0.0372673, -0.00356877, 0.00367204, -0.00143872, 0.0238695, -0.0414214, 0.0267705, -0.0156493, 0.0741436, 0.0127201, 0.0532872, 0.0301773, 0.172488, 0.00575867, 0.055151, -0.0119706, 0.0227673, -0.017223, 0.0972647, -0.0728726, 0.0763279, -0.0161759, 0.0552828, -0.0414214, 0.0267705, -0.04921, -0.00698916, -0.0414214, 0.0267705, -0.0414214, 0.0267705, -0.0156493, 0.0741436, -0.0178981, 0.0222147, -0.123414, -0.00515, -0.0728726, 0.0763279, -0.123414, -0.00515, -0.0248921, 0.00912438, -0.0178981, 0.0222147, -0.0156493, 0.0741436, -0.0414214, 0.0267705, -0.00898753, 0.0117345, -0.0248921, 0.00912438, 0.0127201, 0.0532872, -0.0414214, 0.0267705, -0.00898753, 0.0117345, -0.00143872, 0.0238695, -0.0112784, 0.0223884, 0.00150695, -0.000413389, -0.0119706, 0.0227673, -0.0161759, 0.0552828, -0.0248921, 0.00912438, 0.00319364, 0.0034735, 0.0190984, 0.0508316, 0.0301773, 0.172488, -0.0156493, 0.0741436, -0.0112784, 0.0223884, -0.00324502, 0.0372673, -0.0178981, 0.0222147, 0.00575867, 0.055151, -0.0178981, 0.0222147, 0.00150695, -0.000413389, -0.00356877, 0.00367204, 0.00150695, -0.000413389, ]
best_mc_result_fixed_tau =   [0.370395, 0.36627, ]
evolved_state_fixed_tau =   [[0.00241657, 0.00120716, 0.00130162, 0.00477925, 0.00732073, 0.0349051, -0.0216987, 0.0148931, 0.00317487, 0.00481786, 0.00241657, 0.00120716, -0.00649254, 0.0273206, -0.0087114, 0.015731, -0.00649254, 0.0273206, 0.00317487, 0.00481786, -0.0216987, 0.0148931, 0.00732073, 0.0349051, -0.00471311, 0.0540968, 0.0508266, 0.105562, -0.00471311, 0.0540968, -0.013175, 0.0228606, 0.000377491, 0.0783989, -0.0371528, 0.0329053, -0.000141094, 0.0285584, -0.0216987, 0.0148931, -0.131311, 0.019194, -0.00328761, 0.0299809, -0.0591294, 0.0977504, 0.0121983, 0.103156, -0.00328761, 0.0299809, 0.00241657, 0.00120716, -0.013175, 0.0228606, 0.0294585, 0.047266, 0.0166831, 0.0518676, 0.0712535, 0.160103, 0.0226091, 0.0496288, 0.00130162, 0.00477925, 0.00732073, 0.0349051, -0.00328761, 0.0299809, -0.00471311, 0.0540968, 0.0166831, 0.0518676, 0.0712535, 0.160103, 0.000377491, 0.0783989, -0.00649254, 0.0273206, -0.00471311, 0.0540968, -0.0591294, 0.0977504, -0.00471311, 0.0540968, 0.0121983, 0.103156, 0.0508266, 0.105562, 0.00732073, 0.0349051, -0.00649254, 0.0273206, 0.000377491, 0.0783989, 0.0712535, 0.160103, 0.0712535, 0.160103, 0.206922, 0.56545, 0.0712535, 0.160103, 0.00732073, 0.0349051, 0.0508266, 0.105562, 0.0121983, 0.103156, 0.0508266, 0.105562, -0.0087114, 0.015731, -0.0371528, 0.0329053, 0.0226091, 0.0496288, 0.000377491, 0.0783989, 0.0712535, 0.160103, 0.0294585, 0.047266, -0.0216987, 0.0148931, -0.00471311, 0.0540968, -0.00328761, 0.0299809, 0.00732073, 0.0349051, 0.00241657, 0.00120716, -0.00649254, 0.0273206, -0.000141094, 0.0285584, -0.00649254, 0.0273206, 0.00317487, 0.00481786, -0.013175, 0.0228606, 0.0294585, 0.047266, -0.013175, 0.0228606, 0.00241657, 0.00120716, -0.00328761, 0.0299809, -0.131311, 0.019194, -0.0216987, 0.0148931, -0.00328761, 0.0299809, 0.00732073, 0.0349051, 0.00130162, 0.00477925, -0.000141094, 0.0285584, -0.0371528, 0.0329053, 0.000377491, 0.0783989, 0.0226091, 0.0496288, 0.0712535, 0.160103, 0.0166831, 0.0518676, -0.00328761, 0.0299809, 0.0121983, 0.103156, -0.0591294, 0.0977504, -0.00471311, 0.0540968, -0.0371528, 0.0329053, -0.0517571, 0.00313634, -0.0371528, 0.0329053, -0.0371528, 0.0329053, 0.000377491, 0.0783989, -0.013175, 0.0228606, -0.131311, 0.019194, -0.0591294, 0.0977504, -0.131311, 0.019194, -0.0216987, 0.0148931, -0.013175, 0.0228606, 0.000377491, 0.0783989, -0.0371528, 0.0329053, -0.0087114, 0.015731, -0.0216987, 0.0148931, 0.0226091, 0.0496288, -0.0371528, 0.0329053, -0.0087114, 0.015731, -0.000141094, 0.0285584, -0.00649254, 0.0273206, 0.00241657, 0.00120716, -0.00328761, 0.0299809, -0.00471311, 0.0540968, -0.0216987, 0.0148931, 0.00317487, 0.00481786, 0.0294585, 0.047266, 0.0712535, 0.160103, 0.000377491, 0.0783989, -0.00649254, 0.0273206, 0.00732073, 0.0349051, -0.013175, 0.0228606, 0.0166831, 0.0518676, -0.013175, 0.0228606, 0.00241657, 0.00120716, 0.00130162, 0.00477925, 0.00241657, 0.00120716, ],[0.00258262, -0.00076004, -0.00237005, 0.00161194, -0.00218115, 0.0346823, -0.0227701, 0.00961577, 0.00415118, 0.00377956, 0.00258262, -0.00076004, -0.00786189, 0.0230963, -0.00683491, 0.0135427, -0.00786189, 0.0230963, 0.00415118, 0.00377956, -0.0227701, 0.00961577, -0.00218115, 0.0346823, -0.0151343, 0.0540885, 0.0301124, 0.123012, -0.0151343, 0.0540885, -0.0176534, 0.0209996, -0.0096076, 0.0747282, -0.0397429, 0.028651, 0.00200414, 0.0259436, -0.0227701, 0.00961577, -0.126328, 0.00601663, -0.00654333, 0.0215209, -0.0643638, 0.0841411, -0.00748395, 0.0935483, -0.00654333, 0.0215209, 0.00258262, -0.00076004, -0.0176534, 0.0209996, 0.0214033, 0.0486094, 0.0070897, 0.0532782, 0.0392629, 0.169262, 0.0145245, 0.05176, -0.00237005, 0.00161194, -0.00218115, 0.0346823, -0.00654333, 0.0215209, -0.0151343, 0.0540885, 0.0070897, 0.0532782, 0.0392629, 0.169262, -0.0096076, 0.0747282, -0.00786189, 0.0230963, -0.0151343, 0.0540885, -0.0643638, 0.0841411, -0.0151343, 0.0540885, -0.00748395, 0.0935483, 0.0301124, 0.123012, -0.00218115, 0.0346823, -0.00786189, 0.0230963, -0.0096076, 0.0747282, 0.0392629, 0.169262, 0.0392629, 0.169262, 0.0811502, 0.619539, 0.0392629, 0.169262, -0.00218115, 0.0346823, 0.0301124, 0.123012, -0.00748395, 0.0935483, 0.0301124, 0.123012, -0.00683491, 0.0135427, -0.0397429, 0.028651, 0.0145245, 0.05176, -0.0096076, 0.0747282, 0.0392629, 0.169262, 0.0214033, 0.0486094, -0.0227701, 0.00961577, -0.0151343, 0.0540885, -0.00654333, 0.0215209, -0.00218115, 0.0346823, 0.00258262, -0.00076004, -0.00786189, 0.0230963, 0.00200414, 0.0259436, -0.00786189, 0.0230963, 0.00415118, 0.00377956, -0.0176534, 0.0209996, 0.0214033, 0.0486094, -0.0176534, 0.0209996, 0.00258262, -0.00076004, -0.00654333, 0.0215209, -0.126328, 0.00601663, -0.0227701, 0.00961577, -0.00654333, 0.0215209, -0.00218115, 0.0346823, -0.00237005, 0.00161194, 0.00200414, 0.0259436, -0.0397429, 0.028651, -0.0096076, 0.0747282, 0.0145245, 0.05176, 0.0392629, 0.169262, 0.0070897, 0.0532782, -0.00654333, 0.0215209, -0.00748395, 0.0935483, -0.0643638, 0.0841411, -0.0151343, 0.0540885, -0.0397429, 0.028651, -0.0481964, -0.00187836, -0.0397429, 0.028651, -0.0397429, 0.028651, -0.0096076, 0.0747282, -0.0176534, 0.0209996, -0.126328, 0.00601663, -0.0643638, 0.0841411, -0.126328, 0.00601663, -0.0227701, 0.00961577, -0.0176534, 0.0209996, -0.0096076, 0.0747282, -0.0397429, 0.028651, -0.00683491, 0.0135427, -0.0227701, 0.00961577, 0.0145245, 0.05176, -0.0397429, 0.028651, -0.00683491, 0.0135427, 0.00200414, 0.0259436, -0.00786189, 0.0230963, 0.00258262, -0.00076004, -0.00654333, 0.0215209, -0.0151343, 0.0540885, -0.0227701, 0.00961577, 0.00415118, 0.00377956, 0.0214033, 0.0486094, 0.0392629, 0.169262, -0.0096076, 0.0747282, -0.00786189, 0.0230963, -0.00218115, 0.0346823, -0.0176534, 0.0209996, 0.0070897, 0.0532782, -0.0176534, 0.0209996, 0.00258262, -0.00076004, -0.00237005, 0.00161194, 0.00258262, -0.00076004, ],]
##############################################################################
clock_duration  =         2487.44
tau =                     0.84
total_steps =             32
time_step =               0.02625
best_mc_result =          0.319889
best_mc_result_non_secondary =          0.322747
evolved_target_dot_squared =  0.680111
distance =          0.435276
j_protocol =  [[1, 1, 1, 1, 1, 1, 1, 1, 1, 1, 1, 1, 1, 1, 1, 1, 1, 1, 1, 1, 1, 1, 1, 1, 1, 1, 1, 1, 1, 1, 1, 0, ],[1, 1, 1, 1, 1, 1, 1, 1, 1, 1, 1, 1, 1, 1, 1, 1, 1, 1, 1, 1, 1, 1, 1, 1, 1, 1, 1, 1, 1, 1, 1, 1, ],]
k_protocol =  [[0, 0, 1, 1, 1, 1, 1, 1, 1, 1, 1, 1, 1, 1, 1, 1, 0, 0, 1, 1, 1, 1, 0, 0, 1, 1, 0, 0, 1, 1, 1, 1, ],[0, 0, 1, 1, 1, 1, 1, 1, 1, 1, 1, 1, 1, 1, 1, 1, 0, 0, 1, 1, 1, 1, 0, 0, 1, 1, 0, 0, 1, 1, 1, 1, ],]
j_protocol_secondary =  [0, 0.243207, 0.243207, 0.256936, 0.256936, 0.586063, 0.586063, 0.659299, 0.659299, 0.664404, 0.664404, 0.685243, 0.685243, 0.791654, 0.791654, 0.824161, ]
k_protocol_secondary =  [0.0455204, 0.283145, 0.298446, 0.424566, 0.424566, 0.424566, 0.462169, 0.579346, 0.605049, 0.605846, 0.656964, 0.668843, 0.699017, 0.707838, 0.707838, 0.84, ]
best_evolved_state = [-0.000419477, -0.0112462, -0.0118603, -0.0112517, -0.0433959, -0.00420131, -0.0184461, -0.038925, -0.000390542, -0.00835985, -0.000419477, -0.0112462, -0.0221949, -0.00835319, -0.00611392, -0.0167546, -0.0221949, -0.00835319, -0.000390542, -0.00835985, -0.0184461, -0.038925, -0.0433959, -0.00420131, -0.0631264, -0.00338868, -0.130825, 0.0312503, -0.0631264, -0.00338868, -0.0307477, -0.014696, -0.0665749, -0.0190396, -0.0399814, -0.0373009, -0.0052222, -0.00366328, -0.0184461, -0.038925, -0.0337199, -0.139665, -0.0223468, -0.0342881, -0.0747264, -0.0758592, -0.0985819, -0.0333443, -0.0223468, -0.0342881, -0.000419477, -0.0112462, -0.0307477, -0.014696, -0.0345563, 0.011098, -0.0517852, 0.00362278, -0.164501, 0.0151371, -0.0406796, 0.00646041, -0.0118603, -0.0112517, -0.0433959, -0.00420131, -0.0223468, -0.0342881, -0.0631264, -0.00338868, -0.0517852, 0.00362278, -0.164501, 0.0151371, -0.0665749, -0.0190396, -0.0221949, -0.00835319, -0.0631264, -0.00338868, -0.0747264, -0.0758592, -0.0631264, -0.00338868, -0.0985819, -0.0333443, -0.130825, 0.0312503, -0.0433959, -0.00420131, -0.0221949, -0.00835319, -0.0665749, -0.0190396, -0.164501, 0.0151371, -0.164501, 0.0151371, -0.595149, 0.00915743, -0.164501, 0.0151371, -0.0433959, -0.00420131, -0.130825, 0.0312503, -0.0985819, -0.0333443, -0.130825, 0.0312503, -0.00611392, -0.0167546, -0.0399814, -0.0373009, -0.0406796, 0.00646041, -0.0665749, -0.0190396, -0.164501, 0.0151371, -0.0345563, 0.011098, -0.0184461, -0.038925, -0.0631264, -0.00338868, -0.0223468, -0.0342881, -0.0433959, -0.00420131, -0.000419477, -0.0112462, -0.0221949, -0.00835319, -0.0052222, -0.00366328, -0.0221949, -0.00835319, -0.000390542, -0.00835985, -0.0307477, -0.014696, -0.0345563, 0.011098, -0.0307477, -0.014696, -0.000419477, -0.0112462, -0.0223468, -0.0342881, -0.0337199, -0.139665, -0.0184461, -0.038925, -0.0223468, -0.0342881, -0.0433959, -0.00420131, -0.0118603, -0.0112517, -0.0052222, -0.00366328, -0.0399814, -0.0373009, -0.0665749, -0.0190396, -0.0406796, 0.00646041, -0.164501, 0.0151371, -0.0517852, 0.00362278, -0.0223468, -0.0342881, -0.0985819, -0.0333443, -0.0747264, -0.0758592, -0.0631264, -0.00338868, -0.0399814, -0.0373009, -0.0114094, -0.0743538, -0.0399814, -0.0373009, -0.0399814, -0.0373009, -0.0665749, -0.0190396, -0.0307477, -0.014696, -0.0337199, -0.139665, -0.0747264, -0.0758592, -0.0337199, -0.139665, -0.0184461, -0.038925, -0.0307477, -0.014696, -0.0665749, -0.0190396, -0.0399814, -0.0373009, -0.00611392, -0.0167546, -0.0184461, -0.038925, -0.0406796, 0.00646041, -0.0399814, -0.0373009, -0.00611392, -0.0167546, -0.0052222, -0.00366328, -0.0221949, -0.00835319, -0.000419477, -0.0112462, -0.0223468, -0.0342881, -0.0631264, -0.00338868, -0.0184461, -0.038925, -0.000390542, -0.00835985, -0.0345563, 0.011098, -0.164501, 0.0151371, -0.0665749, -0.0190396, -0.0221949, -0.00835319, -0.0433959, -0.00420131, -0.0307477, -0.014696, -0.0517852, 0.00362278, -0.0307477, -0.014696, -0.000419477, -0.0112462, -0.0118603, -0.0112517, -0.000419477, -0.0112462, ]
best_mc_result_fixed_tau =   [0.322747, 0.324504, ]
evolved_state_fixed_tau =   [[-0.000726743, -0.0127416, -0.0139486, -0.011868, -0.0451604, -0.000753263, -0.0213521, -0.036909, 0.000729777, -0.00948294, -0.000726743, -0.0127416, -0.0216933, -0.00599865, -0.00567009, -0.0154739, -0.0216933, -0.00599865, 0.000729777, -0.00948294, -0.0213521, -0.036909, -0.0451604, -0.000753263, -0.0645929, 0.00361537, -0.130286, 0.0437701, -0.0645929, 0.00361537, -0.0322984, -0.0111327, -0.0663943, -0.0120852, -0.0434616, -0.0306972, -0.00193036, -0.00252068, -0.0213521, -0.036909, -0.0482827, -0.128587, -0.0234417, -0.0343743, -0.0772517, -0.0652055, -0.100229, -0.0267452, -0.0234417, -0.0343743, -0.000726743, -0.0127416, -0.0322984, -0.0111327, -0.0322665, 0.0134596, -0.0511924, 0.0080355, -0.162629, 0.0282615, -0.0387989, 0.0103721, -0.0139486, -0.011868, -0.0451604, -0.000753263, -0.0234417, -0.0343743, -0.0645929, 0.00361537, -0.0511924, 0.0080355, -0.162629, 0.0282615, -0.0663943, -0.0120852, -0.0216933, -0.00599865, -0.0645929, 0.00361537, -0.0772517, -0.0652055, -0.0645929, 0.00361537, -0.100229, -0.0267452, -0.130286, 0.0437701, -0.0451604, -0.000753263, -0.0216933, -0.00599865, -0.0663943, -0.0120852, -0.162629, 0.0282615, -0.162629, 0.0282615, -0.60005, 0.0684548, -0.162629, 0.0282615, -0.0451604, -0.000753263, -0.130286, 0.0437701, -0.100229, -0.0267452, -0.130286, 0.0437701, -0.00567009, -0.0154739, -0.0434616, -0.0306972, -0.0387989, 0.0103721, -0.0663943, -0.0120852, -0.162629, 0.0282615, -0.0322665, 0.0134596, -0.0213521, -0.036909, -0.0645929, 0.00361537, -0.0234417, -0.0343743, -0.0451604, -0.000753263, -0.000726743, -0.0127416, -0.0216933, -0.00599865, -0.00193036, -0.00252068, -0.0216933, -0.00599865, 0.000729777, -0.00948294, -0.0322984, -0.0111327, -0.0322665, 0.0134596, -0.0322984, -0.0111327, -0.000726743, -0.0127416, -0.0234417, -0.0343743, -0.0482827, -0.128587, -0.0213521, -0.036909, -0.0234417, -0.0343743, -0.0451604, -0.000753263, -0.0139486, -0.011868, -0.00193036, -0.00252068, -0.0434616, -0.0306972, -0.0663943, -0.0120852, -0.0387989, 0.0103721, -0.162629, 0.0282615, -0.0511924, 0.0080355, -0.0234417, -0.0343743, -0.100229, -0.0267452, -0.0772517, -0.0652055, -0.0645929, 0.00361537, -0.0434616, -0.0306972, -0.0194822, -0.0711727, -0.0434616, -0.0306972, -0.0434616, -0.0306972, -0.0663943, -0.0120852, -0.0322984, -0.0111327, -0.0482827, -0.128587, -0.0772517, -0.0652055, -0.0482827, -0.128587, -0.0213521, -0.036909, -0.0322984, -0.0111327, -0.0663943, -0.0120852, -0.0434616, -0.0306972, -0.00567009, -0.0154739, -0.0213521, -0.036909, -0.0387989, 0.0103721, -0.0434616, -0.0306972, -0.00567009, -0.0154739, -0.00193036, -0.00252068, -0.0216933, -0.00599865, -0.000726743, -0.0127416, -0.0234417, -0.0343743, -0.0645929, 0.00361537, -0.0213521, -0.036909, 0.000729777, -0.00948294, -0.0322665, 0.0134596, -0.162629, 0.0282615, -0.0663943, -0.0120852, -0.0216933, -0.00599865, -0.0451604, -0.000753263, -0.0322984, -0.0111327, -0.0511924, 0.0080355, -0.0322984, -0.0111327, -0.000726743, -0.0127416, -0.0139486, -0.011868, -0.000726743, -0.0127416, ],[-0.000726743, -0.0127416, -0.0139486, -0.011868, -0.0451604, -0.000753263, -0.0213521, -0.036909, 0.000729777, -0.00948294, -0.000726743, -0.0127416, -0.0216933, -0.00599865, -0.00567009, -0.0154739, -0.0216933, -0.00599865, 0.000729777, -0.00948294, -0.0213521, -0.036909, -0.0451604, -0.000753263, -0.0645929, 0.00361537, -0.130286, 0.0437701, -0.0645929, 0.00361537, -0.0322984, -0.0111327, -0.0663943, -0.0120852, -0.0434616, -0.0306972, -0.00193036, -0.00252068, -0.0213521, -0.036909, -0.0482827, -0.128587, -0.0234417, -0.0343743, -0.0772517, -0.0652055, -0.100229, -0.0267452, -0.0234417, -0.0343743, -0.000726743, -0.0127416, -0.0322984, -0.0111327, -0.0322665, 0.0134596, -0.0511924, 0.0080355, -0.162629, 0.0282615, -0.0387989, 0.0103721, -0.0139486, -0.011868, -0.0451604, -0.000753263, -0.0234417, -0.0343743, -0.0645929, 0.00361537, -0.0511924, 0.0080355, -0.162629, 0.0282615, -0.0663943, -0.0120852, -0.0216933, -0.00599865, -0.0645929, 0.00361537, -0.0772517, -0.0652055, -0.0645929, 0.00361537, -0.100229, -0.0267452, -0.130286, 0.0437701, -0.0451604, -0.000753263, -0.0216933, -0.00599865, -0.0663943, -0.0120852, -0.162629, 0.0282615, -0.162629, 0.0282615, -0.60005, 0.0684548, -0.162629, 0.0282615, -0.0451604, -0.000753263, -0.130286, 0.0437701, -0.100229, -0.0267452, -0.130286, 0.0437701, -0.00567009, -0.0154739, -0.0434616, -0.0306972, -0.0387989, 0.0103721, -0.0663943, -0.0120852, -0.162629, 0.0282615, -0.0322665, 0.0134596, -0.0213521, -0.036909, -0.0645929, 0.00361537, -0.0234417, -0.0343743, -0.0451604, -0.000753263, -0.000726743, -0.0127416, -0.0216933, -0.00599865, -0.00193036, -0.00252068, -0.0216933, -0.00599865, 0.000729777, -0.00948294, -0.0322984, -0.0111327, -0.0322665, 0.0134596, -0.0322984, -0.0111327, -0.000726743, -0.0127416, -0.0234417, -0.0343743, -0.0482827, -0.128587, -0.0213521, -0.036909, -0.0234417, -0.0343743, -0.0451604, -0.000753263, -0.0139486, -0.011868, -0.00193036, -0.00252068, -0.0434616, -0.0306972, -0.0663943, -0.0120852, -0.0387989, 0.0103721, -0.162629, 0.0282615, -0.0511924, 0.0080355, -0.0234417, -0.0343743, -0.100229, -0.0267452, -0.0772517, -0.0652055, -0.0645929, 0.00361537, -0.0434616, -0.0306972, -0.0194822, -0.0711727, -0.0434616, -0.0306972, -0.0434616, -0.0306972, -0.0663943, -0.0120852, -0.0322984, -0.0111327, -0.0482827, -0.128587, -0.0772517, -0.0652055, -0.0482827, -0.128587, -0.0213521, -0.036909, -0.0322984, -0.0111327, -0.0663943, -0.0120852, -0.0434616, -0.0306972, -0.00567009, -0.0154739, -0.0213521, -0.036909, -0.0387989, 0.0103721, -0.0434616, -0.0306972, -0.00567009, -0.0154739, -0.00193036, -0.00252068, -0.0216933, -0.00599865, -0.000726743, -0.0127416, -0.0234417, -0.0343743, -0.0645929, 0.00361537, -0.0213521, -0.036909, 0.000729777, -0.00948294, -0.0322665, 0.0134596, -0.162629, 0.0282615, -0.0663943, -0.0120852, -0.0216933, -0.00599865, -0.0451604, -0.000753263, -0.0322984, -0.0111327, -0.0511924, 0.0080355, -0.0322984, -0.0111327, -0.000726743, -0.0127416, -0.0139486, -0.011868, -0.000726743, -0.0127416, ],]
##############################################################################
clock_duration  =         3721.7
tau =                     1.092
total_steps =             32
time_step =               0.034125
best_mc_result =          0.206792
best_mc_result_non_secondary =          0.21923
evolved_target_dot_squared =  0.793208
distance =          0.281383
j_protocol =  [[1, 1, 1, 1, 1, 1, 1, 1, 1, 1, 1, 1, 1, 1, 1, 1, 1, 1, 1, 1, 1, 1, 1, 1, 1, 1, 1, 1, 1, 1, 1, 1, ],[1, 1, 1, 1, 1, 1, 1, 1, 1, 1, 1, 1, 1, 1, 1, 1, 1, 1, 1, 1, 1, 1, 1, 1, 1, 1, 1, 1, 1, 1, 1, 0, ],]
k_protocol =  [[0, 1, 1, 1, 1, 1, 1, 1, 1, 0, 1, 1, 1, 1, 1, 0, 0, 1, 1, 1, 1, 0, 1, 1, 0, 0, 0, 1, 1, 1, 1, 1, ],[0, 1, 1, 1, 1, 1, 1, 1, 1, 1, 1, 1, 1, 1, 0, 0, 1, 1, 1, 1, 1, 0, 0, 1, 0, 0, 1, 1, 1, 0, 1, 1, ],]
j_protocol_secondary =  [0, 0.362594, 0.362594, 0.386277, 0.386277, 0.468286, 0.468286, 0.569187, 0.569187, 0.670693, 0.670693, 0.698771, 0.698771, 0.706431, 0.706431, 1.07304, ]
k_protocol_secondary =  [0.0537178, 0.16905, 0.16905, 0.350365, 0.357825, 0.463827, 0.540012, 0.734717, 0.740309, 0.782041, 0.816733, 0.816733, 0.86687, 0.86687, 0.924275, 1.092, ]
best_evolved_state = [0.011357, -0.0116357, 0.0132679, -0.0104323, 0.0374803, -0.0174173, 0.0601151, -0.000580161, 0.0183432, -0.0109443, 0.011357, -0.0116357, 0.016412, 0.0107445, 0.033892, 0.00401473, 0.016412, 0.0107445, 0.0183432, -0.0109443, 0.0601151, -0.000580161, 0.0374803, -0.0174173, 0.0380859, -0.00891654, 0.0791604, -0.0933268, 0.0380859, -0.00891654, 0.0356163, -0.00180516, 0.0686688, -0.00553148, 0.0531566, 0.0136708, 0.0372254, 0.017948, 0.0601151, -0.000580161, 0.147571, 0.04819, 0.066573, 0.00689432, 0.123969, 0.0273936, 0.115455, -0.0193012, 0.066573, 0.00689432, 0.011357, -0.0116357, 0.0356163, -0.00180516, 0.0552616, -0.00606012, 0.0460546, -0.0212376, 0.127509, -0.0741861, 0.0577541, -0.00874485, 0.0132679, -0.0104323, 0.0374803, -0.0174173, 0.066573, 0.00689432, 0.0380859, -0.00891654, 0.0460546, -0.0212376, 0.127509, -0.0741861, 0.0686688, -0.00553148, 0.016412, 0.0107445, 0.0380859, -0.00891654, 0.123969, 0.0273936, 0.0380859, -0.00891654, 0.115455, -0.0193012, 0.0791604, -0.0933268, 0.0374803, -0.0174173, 0.016412, 0.0107445, 0.0686688, -0.00553148, 0.127509, -0.0741861, 0.127509, -0.0741861, 0.50077, -0.274513, 0.127509, -0.0741861, 0.0374803, -0.0174173, 0.0791604, -0.0933268, 0.115455, -0.0193012, 0.0791604, -0.0933268, 0.033892, 0.00401473, 0.0531566, 0.0136708, 0.0577541, -0.00874485, 0.0686688, -0.00553148, 0.127509, -0.0741861, 0.0552616, -0.00606012, 0.0601151, -0.000580161, 0.0380859, -0.00891654, 0.066573, 0.00689432, 0.0374803, -0.0174173, 0.011357, -0.0116357, 0.016412, 0.0107445, 0.0372254, 0.017948, 0.016412, 0.0107445, 0.0183432, -0.0109443, 0.0356163, -0.00180516, 0.0552616, -0.00606012, 0.0356163, -0.00180516, 0.011357, -0.0116357, 0.066573, 0.00689432, 0.147571, 0.04819, 0.0601151, -0.000580161, 0.066573, 0.00689432, 0.0374803, -0.0174173, 0.0132679, -0.0104323, 0.0372254, 0.017948, 0.0531566, 0.0136708, 0.0686688, -0.00553148, 0.0577541, -0.00874485, 0.127509, -0.0741861, 0.0460546, -0.0212376, 0.066573, 0.00689432, 0.115455, -0.0193012, 0.123969, 0.0273936, 0.0380859, -0.00891654, 0.0531566, 0.0136708, 0.0723038, -0.0107467, 0.0531566, 0.0136708, 0.0531566, 0.0136708, 0.0686688, -0.00553148, 0.0356163, -0.00180516, 0.147571, 0.04819, 0.123969, 0.0273936, 0.147571, 0.04819, 0.0601151, -0.000580161, 0.0356163, -0.00180516, 0.0686688, -0.00553148, 0.0531566, 0.0136708, 0.033892, 0.00401473, 0.0601151, -0.000580161, 0.0577541, -0.00874485, 0.0531566, 0.0136708, 0.033892, 0.00401473, 0.0372254, 0.017948, 0.016412, 0.0107445, 0.011357, -0.0116357, 0.066573, 0.00689432, 0.0380859, -0.00891654, 0.0601151, -0.000580161, 0.0183432, -0.0109443, 0.0552616, -0.00606012, 0.127509, -0.0741861, 0.0686688, -0.00553148, 0.016412, 0.0107445, 0.0374803, -0.0174173, 0.0356163, -0.00180516, 0.0460546, -0.0212376, 0.0356163, -0.00180516, 0.011357, -0.0116357, 0.0132679, -0.0104323, 0.011357, -0.0116357, ]
best_mc_result_fixed_tau =   [0.21923, 0.224793, ]
evolved_state_fixed_tau =   [[0.0132865, -0.00377779, 0.0166272, -0.00467861, 0.037944, -0.00907629, 0.0571689, 0.0163231, 0.0162035, -0.00187197, 0.0132865, -0.00377779, 0.0172273, 0.0106376, 0.0309487, 0.0133167, 0.0172273, 0.0106376, 0.0162035, -0.00187197, 0.0571689, 0.0163231, 0.037944, -0.00907629, 0.0383876, -0.00439722, 0.0868841, -0.0592584, 0.0383876, -0.00439722, 0.0311496, 0.0049077, 0.0700085, 0.0121113, 0.0512389, 0.0260167, 0.027148, 0.0236493, 0.0571689, 0.0163231, 0.144126, 0.101962, 0.06111, 0.0235504, 0.12059, 0.0593366, 0.114796, 0.00291062, 0.06111, 0.0235504, 0.0132865, -0.00377779, 0.0311496, 0.0049077, 0.0462871, 0.00560335, 0.0438101, -0.00888767, 0.135332, -0.0369529, 0.0493226, 0.00408685, 0.0166272, -0.00467861, 0.037944, -0.00907629, 0.06111, 0.0235504, 0.0383876, -0.00439722, 0.0438101, -0.00888767, 0.135332, -0.0369529, 0.0700085, 0.0121113, 0.0172273, 0.0106376, 0.0383876, -0.00439722, 0.12059, 0.0593366, 0.0383876, -0.00439722, 0.114796, 0.00291062, 0.0868841, -0.0592584, 0.037944, -0.00907629, 0.0172273, 0.0106376, 0.0700085, 0.0121113, 0.135332, -0.0369529, 0.135332, -0.0369529, 0.56323, -0.140678, 0.135332, -0.0369529, 0.037944, -0.00907629, 0.0868841, -0.0592584, 0.114796, 0.00291062, 0.0868841, -0.0592584, 0.0309487, 0.0133167, 0.0512389, 0.0260167, 0.0493226, 0.00408685, 0.0700085, 0.0121113, 0.135332, -0.0369529, 0.0462871, 0.00560335, 0.0571689, 0.0163231, 0.0383876, -0.00439722, 0.06111, 0.0235504, 0.037944, -0.00907629, 0.0132865, -0.00377779, 0.0172273, 0.0106376, 0.027148, 0.0236493, 0.0172273, 0.0106376, 0.0162035, -0.00187197, 0.0311496, 0.0049077, 0.0462871, 0.00560335, 0.0311496, 0.0049077, 0.0132865, -0.00377779, 0.06111, 0.0235504, 0.144126, 0.101962, 0.0571689, 0.0163231, 0.06111, 0.0235504, 0.037944, -0.00907629, 0.0166272, -0.00467861, 0.027148, 0.0236493, 0.0512389, 0.0260167, 0.0700085, 0.0121113, 0.0493226, 0.00408685, 0.135332, -0.0369529, 0.0438101, -0.00888767, 0.06111, 0.0235504, 0.114796, 0.00291062, 0.12059, 0.0593366, 0.0383876, -0.00439722, 0.0512389, 0.0260167, 0.078949, 0.0254922, 0.0512389, 0.0260167, 0.0512389, 0.0260167, 0.0700085, 0.0121113, 0.0311496, 0.0049077, 0.144126, 0.101962, 0.12059, 0.0593366, 0.144126, 0.101962, 0.0571689, 0.0163231, 0.0311496, 0.0049077, 0.0700085, 0.0121113, 0.0512389, 0.0260167, 0.0309487, 0.0133167, 0.0571689, 0.0163231, 0.0493226, 0.00408685, 0.0512389, 0.0260167, 0.0309487, 0.0133167, 0.027148, 0.0236493, 0.0172273, 0.0106376, 0.0132865, -0.00377779, 0.06111, 0.0235504, 0.0383876, -0.00439722, 0.0571689, 0.0163231, 0.0162035, -0.00187197, 0.0462871, 0.00560335, 0.135332, -0.0369529, 0.0700085, 0.0121113, 0.0172273, 0.0106376, 0.037944, -0.00907629, 0.0311496, 0.0049077, 0.0438101, -0.00888767, 0.0311496, 0.0049077, 0.0132865, -0.00377779, 0.0166272, -0.00467861, 0.0132865, -0.00377779, ],[0.0165627, -0.00808479, 0.0191615, -0.0119945, 0.0394474, -0.0204116, 0.0569318, 0.00792393, 0.0209833, -0.00307151, 0.0165627, -0.00808479, 0.0211058, 0.0124576, 0.0338564, 0.0121127, 0.0211058, 0.0124576, 0.0209833, -0.00307151, 0.0569318, 0.00792393, 0.0394474, -0.0204116, 0.0363238, -0.013165, 0.0784295, -0.083611, 0.0363238, -0.013165, 0.0279806, -0.0010416, 0.0727651, 0.0029216, 0.0440956, 0.0190736, 0.0355188, 0.0260649, 0.0569318, 0.00792393, 0.116718, 0.0777582, 0.0712054, 0.0131433, 0.119397, 0.052958, 0.128107, -0.0156024, 0.0712054, 0.0131433, 0.0165627, -0.00808479, 0.0279806, -0.0010416, 0.0542809, -0.00438568, 0.0454889, -0.0201925, 0.138794, -0.0633639, 0.0541314, -0.00495722, 0.0191615, -0.0119945, 0.0394474, -0.0204116, 0.0712054, 0.0131433, 0.0363238, -0.013165, 0.0454889, -0.0201925, 0.138794, -0.0633639, 0.0727651, 0.0029216, 0.0211058, 0.0124576, 0.0363238, -0.013165, 0.119397, 0.052958, 0.0363238, -0.013165, 0.128107, -0.0156024, 0.0784295, -0.083611, 0.0394474, -0.0204116, 0.0211058, 0.0124576, 0.0727651, 0.0029216, 0.138794, -0.0633639, 0.138794, -0.0633639, 0.523306, -0.218104, 0.138794, -0.0633639, 0.0394474, -0.0204116, 0.0784295, -0.083611, 0.128107, -0.0156024, 0.0784295, -0.083611, 0.0338564, 0.0121127, 0.0440956, 0.0190736, 0.0541314, -0.00495722, 0.0727651, 0.0029216, 0.138794, -0.0633639, 0.0542809, -0.00438568, 0.0569318, 0.00792393, 0.0363238, -0.013165, 0.0712054, 0.0131433, 0.0394474, -0.0204116, 0.0165627, -0.00808479, 0.0211058, 0.0124576, 0.0355188, 0.0260649, 0.0211058, 0.0124576, 0.0209833, -0.00307151, 0.0279806, -0.0010416, 0.0542809, -0.00438568, 0.0279806, -0.0010416, 0.0165627, -0.00808479, 0.0712054, 0.0131433, 0.116718, 0.0777582, 0.0569318, 0.00792393, 0.0712054, 0.0131433, 0.0394474, -0.0204116, 0.0191615, -0.0119945, 0.0355188, 0.0260649, 0.0440956, 0.0190736, 0.0727651, 0.0029216, 0.0541314, -0.00495722, 0.138794, -0.0633639, 0.0454889, -0.0201925, 0.0712054, 0.0131433, 0.128107, -0.0156024, 0.119397, 0.052958, 0.0363238, -0.013165, 0.0440956, 0.0190736, 0.0709028, 0.00797433, 0.0440956, 0.0190736, 0.0440956, 0.0190736, 0.0727651, 0.0029216, 0.0279806, -0.0010416, 0.116718, 0.0777582, 0.119397, 0.052958, 0.116718, 0.0777582, 0.0569318, 0.00792393, 0.0279806, -0.0010416, 0.0727651, 0.0029216, 0.0440956, 0.0190736, 0.0338564, 0.0121127, 0.0569318, 0.00792393, 0.0541314, -0.00495722, 0.0440956, 0.0190736, 0.0338564, 0.0121127, 0.0355188, 0.0260649, 0.0211058, 0.0124576, 0.0165627, -0.00808479, 0.0712054, 0.0131433, 0.0363238, -0.013165, 0.0569318, 0.00792393, 0.0209833, -0.00307151, 0.0542809, -0.00438568, 0.138794, -0.0633639, 0.0727651, 0.0029216, 0.0211058, 0.0124576, 0.0394474, -0.0204116, 0.0279806, -0.0010416, 0.0454889, -0.0201925, 0.0279806, -0.0010416, 0.0165627, -0.00808479, 0.0191615, -0.0119945, 0.0165627, -0.00808479, ],]
##############################################################################
clock_duration  =         5111.08
tau =                     1.3104
total_steps =             32
time_step =               0.04095
best_mc_result =          0.110677
best_mc_result_non_secondary =          0.118762
evolved_target_dot_squared =  0.889323
distance =          0.150599
j_protocol =  [[1, 1, 1, 1, 1, 1, 1, 1, 1, 1, 1, 1, 1, 1, 1, 1, 1, 1, 1, 1, 1, 1, 1, 1, 1, 1, 1, 1, 1, 1, 1, 0, ],[1, 1, 1, 1, 1, 1, 1, 1, 1, 1, 1, 1, 1, 1, 1, 1, 1, 1, 1, 1, 1, 1, 1, 1, 1, 1, 1, 1, 1, 1, 1, 1, ],]
k_protocol =  [[0, 1, 1, 1, 1, 1, 1, 0, 1, 1, 1, 1, 1, 1, 0, 0, 1, 1, 1, 1, 0, 1, 1, 0, 0, 1, 0, 1, 0, 1, 1, 1, ],[0, 0, 1, 1, 1, 1, 1, 1, 1, 1, 0, 0, 1, 1, 1, 1, 1, 1, 0, 0, 1, 1, 0, 0, 1, 1, 0, 0, 1, 1, 1, 1, ],]
j_protocol_secondary =  [0, 0.468677, 0.468677, 0.540238, 0.540238, 0.625576, 0.625576, 0.740984, 0.740984, 0.788693, 0.788693, 0.813943, 0.813943, 0.988155, 0.988155, 1.29396, ]
k_protocol_secondary =  [0.0586555, 0.308321, 0.343621, 0.523477, 0.534008, 0.578942, 0.654422, 0.803304, 0.854368, 0.974967, 1.03857, 1.0631, 1.12053, 1.1558, 1.17211, 1.3104, ]
best_evolved_state = [-0.00385224, 0.00255568, -0.000247932, 0.00269277, -0.00781617, 0.0410214, -0.00366578, 0.043461, 0.0015149, 0.00901401, -0.00385224, 0.00255568, -0.0338285, 0.0244863, -0.0138461, 0.0281987, -0.0338285, 0.0244863, 0.0015149, 0.00901401, -0.00366578, 0.043461, -0.00781617, 0.0410214, -0.033528, 0.0610595, 0.00556945, 0.0923537, -0.033528, 0.0610595, -0.00691848, 0.0435508, -0.0592547, 0.0628267, -0.039266, 0.064319, -0.0223685, 0.044309, -0.00366578, 0.043461, -0.0962719, 0.123643, -0.0300533, 0.0671312, -0.0956991, 0.108409, -0.0494878, 0.10573, -0.0300533, 0.0671312, -0.00385224, 0.00255568, -0.00691848, 0.0435508, -0.00856573, 0.0673726, -0.0170041, 0.0519747, -0.0446457, 0.136173, -0.0173214, 0.0677014, -0.000247932, 0.00269277, -0.00781617, 0.0410214, -0.0300533, 0.0671312, -0.033528, 0.0610595, -0.0170041, 0.0519747, -0.0446457, 0.136173, -0.0592547, 0.0628267, -0.0338285, 0.0244863, -0.033528, 0.0610595, -0.0956991, 0.108409, -0.033528, 0.0610595, -0.0494878, 0.10573, 0.00556945, 0.0923537, -0.00781617, 0.0410214, -0.0338285, 0.0244863, -0.0592547, 0.0628267, -0.0446457, 0.136173, -0.0446457, 0.136173, -0.0544599, 0.50127, -0.0446457, 0.136173, -0.00781617, 0.0410214, 0.00556945, 0.0923537, -0.0494878, 0.10573, 0.00556945, 0.0923537, -0.0138461, 0.0281987, -0.039266, 0.064319, -0.0173214, 0.0677014, -0.0592547, 0.0628267, -0.0446457, 0.136173, -0.00856573, 0.0673726, -0.00366578, 0.043461, -0.033528, 0.0610595, -0.0300533, 0.0671312, -0.00781617, 0.0410214, -0.00385224, 0.00255568, -0.0338285, 0.0244863, -0.0223685, 0.044309, -0.0338285, 0.0244863, 0.0015149, 0.00901401, -0.00691848, 0.0435508, -0.00856573, 0.0673726, -0.00691848, 0.0435508, -0.00385224, 0.00255568, -0.0300533, 0.0671312, -0.0962719, 0.123643, -0.00366578, 0.043461, -0.0300533, 0.0671312, -0.00781617, 0.0410214, -0.000247932, 0.00269277, -0.0223685, 0.044309, -0.039266, 0.064319, -0.0592547, 0.0628267, -0.0173214, 0.0677014, -0.0446457, 0.136173, -0.0170041, 0.0519747, -0.0300533, 0.0671312, -0.0494878, 0.10573, -0.0956991, 0.108409, -0.033528, 0.0610595, -0.039266, 0.064319, -0.0201454, 0.0171479, -0.039266, 0.064319, -0.039266, 0.064319, -0.0592547, 0.0628267, -0.00691848, 0.0435508, -0.0962719, 0.123643, -0.0956991, 0.108409, -0.0962719, 0.123643, -0.00366578, 0.043461, -0.00691848, 0.0435508, -0.0592547, 0.0628267, -0.039266, 0.064319, -0.0138461, 0.0281987, -0.00366578, 0.043461, -0.0173214, 0.0677014, -0.039266, 0.064319, -0.0138461, 0.0281987, -0.0223685, 0.044309, -0.0338285, 0.0244863, -0.00385224, 0.00255568, -0.0300533, 0.0671312, -0.033528, 0.0610595, -0.00366578, 0.043461, 0.0015149, 0.00901401, -0.00856573, 0.0673726, -0.0446457, 0.136173, -0.0592547, 0.0628267, -0.0338285, 0.0244863, -0.00781617, 0.0410214, -0.00691848, 0.0435508, -0.0170041, 0.0519747, -0.00691848, 0.0435508, -0.00385224, 0.00255568, -0.000247932, 0.00269277, -0.00385224, 0.00255568, ]
best_mc_result_fixed_tau =   [0.118762, 0.127829, ]
evolved_state_fixed_tau =   [[0.000217115, 0.00734787, 0.0016768, 0.0112627, -0.00200783, 0.0461669, -0.0057211, 0.0519493, 0.00197098, 0.0128533, 0.000217115, 0.00734787, -0.0338815, 0.0212137, -0.0139814, 0.0308947, -0.0338815, 0.0212137, 0.00197098, 0.0128533, -0.0057211, 0.0519493, -0.00200783, 0.0461669, -0.0222248, 0.059621, 0.032585, 0.097785, -0.0222248, 0.059621, -0.0026867, 0.0449856, -0.0493155, 0.0668733, -0.0350823, 0.0616281, -0.0272905, 0.0434477, -0.0057211, 0.0519493, -0.0866887, 0.117834, -0.0306348, 0.0725414, -0.0902876, 0.108136, -0.0433994, 0.116485, -0.0306348, 0.0725414, 0.000217115, 0.00734787, -0.0026867, 0.0449856, -0.00766914, 0.0721518, -0.00696372, 0.0568975, -0.0241412, 0.139905, -0.0126073, 0.0707953, 0.0016768, 0.0112627, -0.00200783, 0.0461669, -0.0306348, 0.0725414, -0.0222248, 0.059621, -0.00696372, 0.0568975, -0.0241412, 0.139905, -0.0493155, 0.0668733, -0.0338815, 0.0212137, -0.0222248, 0.059621, -0.0902876, 0.108136, -0.0222248, 0.059621, -0.0433994, 0.116485, 0.032585, 0.097785, -0.00200783, 0.0461669, -0.0338815, 0.0212137, -0.0493155, 0.0668733, -0.0241412, 0.139905, -0.0241412, 0.139905, -0.015297, 0.500751, -0.0241412, 0.139905, -0.00200783, 0.0461669, 0.032585, 0.097785, -0.0433994, 0.116485, 0.032585, 0.097785, -0.0139814, 0.0308947, -0.0350823, 0.0616281, -0.0126073, 0.0707953, -0.0493155, 0.0668733, -0.0241412, 0.139905, -0.00766914, 0.0721518, -0.0057211, 0.0519493, -0.0222248, 0.059621, -0.0306348, 0.0725414, -0.00200783, 0.0461669, 0.000217115, 0.00734787, -0.0338815, 0.0212137, -0.0272905, 0.0434477, -0.0338815, 0.0212137, 0.00197098, 0.0128533, -0.0026867, 0.0449856, -0.00766914, 0.0721518, -0.0026867, 0.0449856, 0.000217115, 0.00734787, -0.0306348, 0.0725414, -0.0866887, 0.117834, -0.0057211, 0.0519493, -0.0306348, 0.0725414, -0.00200783, 0.0461669, 0.0016768, 0.0112627, -0.0272905, 0.0434477, -0.0350823, 0.0616281, -0.0493155, 0.0668733, -0.0126073, 0.0707953, -0.0241412, 0.139905, -0.00696372, 0.0568975, -0.0306348, 0.0725414, -0.0433994, 0.116485, -0.0902876, 0.108136, -0.0222248, 0.059621, -0.0350823, 0.0616281, -0.0160555, 0.033989, -0.0350823, 0.0616281, -0.0350823, 0.0616281, -0.0493155, 0.0668733, -0.0026867, 0.0449856, -0.0866887, 0.117834, -0.0902876, 0.108136, -0.0866887, 0.117834, -0.0057211, 0.0519493, -0.0026867, 0.0449856, -0.0493155, 0.0668733, -0.0350823, 0.0616281, -0.0139814, 0.0308947, -0.0057211, 0.0519493, -0.0126073, 0.0707953, -0.0350823, 0.0616281, -0.0139814, 0.0308947, -0.0272905, 0.0434477, -0.0338815, 0.0212137, 0.000217115, 0.00734787, -0.0306348, 0.0725414, -0.0222248, 0.059621, -0.0057211, 0.0519493, 0.00197098, 0.0128533, -0.00766914, 0.0721518, -0.0241412, 0.139905, -0.0493155, 0.0668733, -0.0338815, 0.0212137, -0.00200783, 0.0461669, -0.0026867, 0.0449856, -0.00696372, 0.0568975, -0.0026867, 0.0449856, 0.000217115, 0.00734787, 0.0016768, 0.0112627, 0.000217115, 0.00734787, ],[0.000217115, 0.00734787, 0.0016768, 0.0112627, -0.00200783, 0.0461669, -0.0057211, 0.0519493, 0.00197098, 0.0128533, 0.000217115, 0.00734787, -0.0338815, 0.0212137, -0.0139814, 0.0308947, -0.0338815, 0.0212137, 0.00197098, 0.0128533, -0.0057211, 0.0519493, -0.00200783, 0.0461669, -0.0222248, 0.059621, 0.032585, 0.097785, -0.0222248, 0.059621, -0.0026867, 0.0449856, -0.0493155, 0.0668733, -0.0350823, 0.0616281, -0.0272905, 0.0434477, -0.0057211, 0.0519493, -0.0866887, 0.117834, -0.0306348, 0.0725414, -0.0902876, 0.108136, -0.0433994, 0.116485, -0.0306348, 0.0725414, 0.000217115, 0.00734787, -0.0026867, 0.0449856, -0.00766914, 0.0721518, -0.00696372, 0.0568975, -0.0241412, 0.139905, -0.0126073, 0.0707953, 0.0016768, 0.0112627, -0.00200783, 0.0461669, -0.0306348, 0.0725414, -0.0222248, 0.059621, -0.00696372, 0.0568975, -0.0241412, 0.139905, -0.0493155, 0.0668733, -0.0338815, 0.0212137, -0.0222248, 0.059621, -0.0902876, 0.108136, -0.0222248, 0.059621, -0.0433994, 0.116485, 0.032585, 0.097785, -0.00200783, 0.0461669, -0.0338815, 0.0212137, -0.0493155, 0.0668733, -0.0241412, 0.139905, -0.0241412, 0.139905, -0.015297, 0.500751, -0.0241412, 0.139905, -0.00200783, 0.0461669, 0.032585, 0.097785, -0.0433994, 0.116485, 0.032585, 0.097785, -0.0139814, 0.0308947, -0.0350823, 0.0616281, -0.0126073, 0.0707953, -0.0493155, 0.0668733, -0.0241412, 0.139905, -0.00766914, 0.0721518, -0.0057211, 0.0519493, -0.0222248, 0.059621, -0.0306348, 0.0725414, -0.00200783, 0.0461669, 0.000217115, 0.00734787, -0.0338815, 0.0212137, -0.0272905, 0.0434477, -0.0338815, 0.0212137, 0.00197098, 0.0128533, -0.0026867, 0.0449856, -0.00766914, 0.0721518, -0.0026867, 0.0449856, 0.000217115, 0.00734787, -0.0306348, 0.0725414, -0.0866887, 0.117834, -0.0057211, 0.0519493, -0.0306348, 0.0725414, -0.00200783, 0.0461669, 0.0016768, 0.0112627, -0.0272905, 0.0434477, -0.0350823, 0.0616281, -0.0493155, 0.0668733, -0.0126073, 0.0707953, -0.0241412, 0.139905, -0.00696372, 0.0568975, -0.0306348, 0.0725414, -0.0433994, 0.116485, -0.0902876, 0.108136, -0.0222248, 0.059621, -0.0350823, 0.0616281, -0.0160555, 0.033989, -0.0350823, 0.0616281, -0.0350823, 0.0616281, -0.0493155, 0.0668733, -0.0026867, 0.0449856, -0.0866887, 0.117834, -0.0902876, 0.108136, -0.0866887, 0.117834, -0.0057211, 0.0519493, -0.0026867, 0.0449856, -0.0493155, 0.0668733, -0.0350823, 0.0616281, -0.0139814, 0.0308947, -0.0057211, 0.0519493, -0.0126073, 0.0707953, -0.0350823, 0.0616281, -0.0139814, 0.0308947, -0.0272905, 0.0434477, -0.0338815, 0.0212137, 0.000217115, 0.00734787, -0.0306348, 0.0725414, -0.0222248, 0.059621, -0.0057211, 0.0519493, 0.00197098, 0.0128533, -0.00766914, 0.0721518, -0.0241412, 0.139905, -0.0493155, 0.0668733, -0.0338815, 0.0212137, -0.00200783, 0.0461669, -0.0026867, 0.0449856, -0.00696372, 0.0568975, -0.0026867, 0.0449856, 0.000217115, 0.00734787, 0.0016768, 0.0112627, 0.000217115, 0.00734787, ],]
##############################################################################
clock_duration  =         6318.15
tau =                     1.44144
total_steps =             32
time_step =               0.045045
best_mc_result =          0.0643148
best_mc_result_non_secondary =          0.0876433
evolved_target_dot_squared =  0.935685
distance =          0.0875137
j_protocol =  [[1, 1, 1, 1, 1, 1, 1, 1, 1, 1, 1, 1, 1, 1, 1, 1, 1, 1, 1, 1, 1, 1, 1, 1, 1, 1, 1, 1, 1, 1, 1, 1, ],[1, 1, 1, 1, 1, 1, 1, 1, 1, 1, 1, 1, 1, 1, 1, 1, 1, 1, 1, 1, 1, 1, 1, 1, 1, 1, 1, 1, 1, 1, 1, 1, ],]
k_protocol =  [[1, 0, 1, 1, 1, 1, 1, 1, 0, 0, 1, 1, 1, 1, 1, 1, 0, 0, 1, 1, 1, 1, 0, 0, 1, 1, 0, 0, 1, 1, 1, 1, ],[0, 0, 1, 1, 1, 1, 1, 1, 0, 0, 1, 1, 1, 1, 1, 1, 0, 0, 1, 1, 1, 1, 0, 0, 1, 1, 0, 0, 1, 1, 1, 1, ],]
j_protocol_secondary =  [0, 0.184885, 0.184885, 0.302895, 0.302895, 0.571413, 0.571413, 0.75003, 0.75003, 1.05264, 1.05264, 1.30117, 1.30117, 1.42492, 1.44144, 1.44144, ]
k_protocol_secondary =  [0.0556599, 0.09009, 0.09009, 0.370873, 0.447419, 0.535423, 0.535874, 0.719763, 0.838258, 1.0044, 1.04533, 1.15416, 1.22013, 1.22013, 1.27644, 1.44144, ]
best_evolved_state = [-0.0130737, 0.000900928, -0.00707171, -0.00636342, -0.0394159, -0.00412565, -0.032528, -0.00659773, -0.0185439, 0.00250638, -0.0130737, 0.000900928, -0.0390542, -0.0214738, -0.0318726, -0.00321027, -0.0390542, -0.0214738, -0.0185439, 0.00250638, -0.032528, -0.00659773, -0.0394159, -0.00412565, -0.0681637, -0.00837168, -0.102011, 0.0142905, -0.0681637, -0.00837168, -0.0371013, 0.00250093, -0.0954996, -0.0444817, -0.0672404, -0.0125278, -0.0507643, -0.00381678, -0.032528, -0.00659773, -0.153531, -0.0392084, -0.0725591, 0.00104909, -0.144862, -0.0639981, -0.111996, -0.0383744, -0.0725591, 0.00104909, -0.0130737, 0.000900928, -0.0371013, 0.00250093, -0.0581153, 0.00678549, -0.0590119, -0.00938573, -0.154018, -0.0199231, -0.0708559, -0.00356064, -0.00707171, -0.00636342, -0.0394159, -0.00412565, -0.0725591, 0.00104909, -0.0681637, -0.00837168, -0.0590119, -0.00938573, -0.154018, -0.0199231, -0.0954996, -0.0444817, -0.0390542, -0.0214738, -0.0681637, -0.00837168, -0.144862, -0.0639981, -0.0681637, -0.00837168, -0.111996, -0.0383744, -0.102011, 0.0142905, -0.0394159, -0.00412565, -0.0390542, -0.0214738, -0.0954996, -0.0444817, -0.154018, -0.0199231, -0.154018, -0.0199231, -0.426436, 0.0487635, -0.154018, -0.0199231, -0.0394159, -0.00412565, -0.102011, 0.0142905, -0.111996, -0.0383744, -0.102011, 0.0142905, -0.0318726, -0.00321027, -0.0672404, -0.0125278, -0.0708559, -0.00356064, -0.0954996, -0.0444817, -0.154018, -0.0199231, -0.0581153, 0.00678549, -0.032528, -0.00659773, -0.0681637, -0.00837168, -0.0725591, 0.00104909, -0.0394159, -0.00412565, -0.0130737, 0.000900928, -0.0390542, -0.0214738, -0.0507643, -0.00381678, -0.0390542, -0.0214738, -0.0185439, 0.00250638, -0.0371013, 0.00250093, -0.0581153, 0.00678549, -0.0371013, 0.00250093, -0.0130737, 0.000900928, -0.0725591, 0.00104909, -0.153531, -0.0392084, -0.032528, -0.00659773, -0.0725591, 0.00104909, -0.0394159, -0.00412565, -0.00707171, -0.00636342, -0.0507643, -0.00381678, -0.0672404, -0.0125278, -0.0954996, -0.0444817, -0.0708559, -0.00356064, -0.154018, -0.0199231, -0.0590119, -0.00938573, -0.0725591, 0.00104909, -0.111996, -0.0383744, -0.144862, -0.0639981, -0.0681637, -0.00837168, -0.0672404, -0.0125278, -0.0454714, -0.0370479, -0.0672404, -0.0125278, -0.0672404, -0.0125278, -0.0954996, -0.0444817, -0.0371013, 0.00250093, -0.153531, -0.0392084, -0.144862, -0.0639981, -0.153531, -0.0392084, -0.032528, -0.00659773, -0.0371013, 0.00250093, -0.0954996, -0.0444817, -0.0672404, -0.0125278, -0.0318726, -0.00321027, -0.032528, -0.00659773, -0.0708559, -0.00356064, -0.0672404, -0.0125278, -0.0318726, -0.00321027, -0.0507643, -0.00381678, -0.0390542, -0.0214738, -0.0130737, 0.000900928, -0.0725591, 0.00104909, -0.0681637, -0.00837168, -0.032528, -0.00659773, -0.0185439, 0.00250638, -0.0581153, 0.00678549, -0.154018, -0.0199231, -0.0954996, -0.0444817, -0.0390542, -0.0214738, -0.0394159, -0.00412565, -0.0371013, 0.00250093, -0.0590119, -0.00938573, -0.0371013, 0.00250093, -0.0130737, 0.000900928, -0.00707171, -0.00636342, -0.0130737, 0.000900928, ]
best_mc_result_fixed_tau =   [0.0876433, 0.0881283, ]
evolved_state_fixed_tau =   [[-0.0128764, -0.000110723, -0.0157224, -0.00323523, -0.039947, -0.00626826, -0.0384676, -0.00450194, -0.0146236, -0.0057328, -0.0128764, -0.000110723, -0.0363336, -0.0448921, -0.0329436, -0.0121612, -0.0363336, -0.0448921, -0.0146236, -0.0057328, -0.0384676, -0.00450194, -0.039947, -0.00626826, -0.0571579, -0.0157194, -0.0764001, 0.00319956, -0.0571579, -0.0157194, -0.0281564, 0.00497562, -0.0824443, -0.0651048, -0.058559, -0.0222474, -0.0515729, -0.0247338, -0.0384676, -0.00450194, -0.144293, -0.0582403, -0.0845335, -0.022692, -0.123989, -0.102099, -0.115488, -0.0627365, -0.0845335, -0.022692, -0.0128764, -0.000110723, -0.0281564, 0.00497562, -0.0670314, -0.00225268, -0.0514883, -0.00870278, -0.139032, -0.0601079, -0.0661005, -0.0154339, -0.0157224, -0.00323523, -0.039947, -0.00626826, -0.0845335, -0.022692, -0.0571579, -0.0157194, -0.0514883, -0.00870278, -0.139032, -0.0601079, -0.0824443, -0.0651048, -0.0363336, -0.0448921, -0.0571579, -0.0157194, -0.123989, -0.102099, -0.0571579, -0.0157194, -0.115488, -0.0627365, -0.0764001, 0.00319956, -0.039947, -0.00626826, -0.0363336, -0.0448921, -0.0824443, -0.0651048, -0.139032, -0.0601079, -0.139032, -0.0601079, -0.428902, -0.0163458, -0.139032, -0.0601079, -0.039947, -0.00626826, -0.0764001, 0.00319956, -0.115488, -0.0627365, -0.0764001, 0.00319956, -0.0329436, -0.0121612, -0.058559, -0.0222474, -0.0661005, -0.0154339, -0.0824443, -0.0651048, -0.139032, -0.0601079, -0.0670314, -0.00225268, -0.0384676, -0.00450194, -0.0571579, -0.0157194, -0.0845335, -0.022692, -0.039947, -0.00626826, -0.0128764, -0.000110723, -0.0363336, -0.0448921, -0.0515729, -0.0247338, -0.0363336, -0.0448921, -0.0146236, -0.0057328, -0.0281564, 0.00497562, -0.0670314, -0.00225268, -0.0281564, 0.00497562, -0.0128764, -0.000110723, -0.0845335, -0.022692, -0.144293, -0.0582403, -0.0384676, -0.00450194, -0.0845335, -0.022692, -0.039947, -0.00626826, -0.0157224, -0.00323523, -0.0515729, -0.0247338, -0.058559, -0.0222474, -0.0824443, -0.0651048, -0.0661005, -0.0154339, -0.139032, -0.0601079, -0.0514883, -0.00870278, -0.0845335, -0.022692, -0.115488, -0.0627365, -0.123989, -0.102099, -0.0571579, -0.0157194, -0.058559, -0.0222474, -0.0511053, -0.0319933, -0.058559, -0.0222474, -0.058559, -0.0222474, -0.0824443, -0.0651048, -0.0281564, 0.00497562, -0.144293, -0.0582403, -0.123989, -0.102099, -0.144293, -0.0582403, -0.0384676, -0.00450194, -0.0281564, 0.00497562, -0.0824443, -0.0651048, -0.058559, -0.0222474, -0.0329436, -0.0121612, -0.0384676, -0.00450194, -0.0661005, -0.0154339, -0.058559, -0.0222474, -0.0329436, -0.0121612, -0.0515729, -0.0247338, -0.0363336, -0.0448921, -0.0128764, -0.000110723, -0.0845335, -0.022692, -0.0571579, -0.0157194, -0.0384676, -0.00450194, -0.0146236, -0.0057328, -0.0670314, -0.00225268, -0.139032, -0.0601079, -0.0824443, -0.0651048, -0.0363336, -0.0448921, -0.039947, -0.00626826, -0.0281564, 0.00497562, -0.0514883, -0.00870278, -0.0281564, 0.00497562, -0.0128764, -0.000110723, -0.0157224, -0.00323523, -0.0128764, -0.000110723, ],[-0.0128764, -0.000110723, -0.0157224, -0.00323523, -0.039947, -0.00626826, -0.0384676, -0.00450194, -0.0146236, -0.0057328, -0.0128764, -0.000110723, -0.0363336, -0.0448921, -0.0329436, -0.0121612, -0.0363336, -0.0448921, -0.0146236, -0.0057328, -0.0384676, -0.00450194, -0.039947, -0.00626826, -0.0571579, -0.0157194, -0.0764001, 0.00319956, -0.0571579, -0.0157194, -0.0281564, 0.00497562, -0.0824443, -0.0651048, -0.058559, -0.0222474, -0.0515729, -0.0247338, -0.0384676, -0.00450194, -0.144293, -0.0582403, -0.0845335, -0.022692, -0.123989, -0.102099, -0.115488, -0.0627365, -0.0845335, -0.022692, -0.0128764, -0.000110723, -0.0281564, 0.00497562, -0.0670314, -0.00225268, -0.0514883, -0.00870278, -0.139032, -0.0601079, -0.0661005, -0.0154339, -0.0157224, -0.00323523, -0.039947, -0.00626826, -0.0845335, -0.022692, -0.0571579, -0.0157194, -0.0514883, -0.00870278, -0.139032, -0.0601079, -0.0824443, -0.0651048, -0.0363336, -0.0448921, -0.0571579, -0.0157194, -0.123989, -0.102099, -0.0571579, -0.0157194, -0.115488, -0.0627365, -0.0764001, 0.00319956, -0.039947, -0.00626826, -0.0363336, -0.0448921, -0.0824443, -0.0651048, -0.139032, -0.0601079, -0.139032, -0.0601079, -0.428902, -0.0163458, -0.139032, -0.0601079, -0.039947, -0.00626826, -0.0764001, 0.00319956, -0.115488, -0.0627365, -0.0764001, 0.00319956, -0.0329436, -0.0121612, -0.058559, -0.0222474, -0.0661005, -0.0154339, -0.0824443, -0.0651048, -0.139032, -0.0601079, -0.0670314, -0.00225268, -0.0384676, -0.00450194, -0.0571579, -0.0157194, -0.0845335, -0.022692, -0.039947, -0.00626826, -0.0128764, -0.000110723, -0.0363336, -0.0448921, -0.0515729, -0.0247338, -0.0363336, -0.0448921, -0.0146236, -0.0057328, -0.0281564, 0.00497562, -0.0670314, -0.00225268, -0.0281564, 0.00497562, -0.0128764, -0.000110723, -0.0845335, -0.022692, -0.144293, -0.0582403, -0.0384676, -0.00450194, -0.0845335, -0.022692, -0.039947, -0.00626826, -0.0157224, -0.00323523, -0.0515729, -0.0247338, -0.058559, -0.0222474, -0.0824443, -0.0651048, -0.0661005, -0.0154339, -0.139032, -0.0601079, -0.0514883, -0.00870278, -0.0845335, -0.022692, -0.115488, -0.0627365, -0.123989, -0.102099, -0.0571579, -0.0157194, -0.058559, -0.0222474, -0.0511053, -0.0319933, -0.058559, -0.0222474, -0.058559, -0.0222474, -0.0824443, -0.0651048, -0.0281564, 0.00497562, -0.144293, -0.0582403, -0.123989, -0.102099, -0.144293, -0.0582403, -0.0384676, -0.00450194, -0.0281564, 0.00497562, -0.0824443, -0.0651048, -0.058559, -0.0222474, -0.0329436, -0.0121612, -0.0384676, -0.00450194, -0.0661005, -0.0154339, -0.058559, -0.0222474, -0.0329436, -0.0121612, -0.0515729, -0.0247338, -0.0363336, -0.0448921, -0.0128764, -0.000110723, -0.0845335, -0.022692, -0.0571579, -0.0157194, -0.0384676, -0.00450194, -0.0146236, -0.0057328, -0.0670314, -0.00225268, -0.139032, -0.0601079, -0.0824443, -0.0651048, -0.0363336, -0.0448921, -0.039947, -0.00626826, -0.0281564, 0.00497562, -0.0514883, -0.00870278, -0.0281564, 0.00497562, -0.0128764, -0.000110723, -0.0157224, -0.00323523, -0.0128764, -0.000110723, ],]
##############################################################################
clock_duration  =         7632.04
tau =                     1.58558
total_steps =             32
time_step =               0.0495495
best_mc_result =          0.0313018
best_mc_result_non_secondary =          0.0572934
evolved_target_dot_squared =  0.968698
distance =          0.0425926
j_protocol =  [[1, 1, 1, 1, 1, 1, 1, 1, 1, 1, 1, 1, 1, 1, 1, 1, 1, 1, 1, 1, 1, 1, 1, 1, 1, 1, 1, 1, 1, 1, 1, 1, ],[1, 1, 1, 1, 1, 1, 1, 1, 1, 1, 1, 1, 1, 1, 1, 1, 1, 1, 1, 1, 1, 1, 1, 1, 1, 0, 1, 1, 1, 1, 1, 1, ],]
k_protocol =  [[0, 1, 1, 1, 1, 0, 1, 1, 1, 0, 1, 1, 1, 0, 1, 0, 1, 1, 1, 1, 1, 0, 0, 0, 1, 1, 1, 0, 1, 1, 0, 1, ],[0, 1, 1, 1, 1, 1, 1, 0, 1, 1, 1, 0, 1, 1, 1, 1, 0, 0, 1, 1, 1, 0, 1, 0, 0, 1, 0, 1, 1, 0, 1, 1, ],]
j_protocol_secondary =  [0, 0.416659, 0.416659, 0.899414, 0.899414, 1.01502, 1.01502, 1.10027, 1.10027, 1.10027, 1.10027, 1.2498, 1.2498, 1.56779, 1.56779, 1.57058, ]
k_protocol_secondary =  [0.040621, 0.354796, 0.415653, 0.543196, 0.59265, 0.800988, 0.914177, 1.06456, 1.0908, 1.15391, 1.20473, 1.29571, 1.35554, 1.40751, 1.46807, 1.58558, ]
best_evolved_state = [-0.00111119, -0.00858539, 0.00552406, -0.0144109, 0.0109257, -0.0475723, 0.0187818, -0.0462088, -0.00280408, -0.0169212, -0.00111119, -0.00858539, 0.0148097, -0.0440923, 0.00806756, -0.027527, 0.0148097, -0.0440923, -0.00280408, -0.0169212, 0.0187818, -0.0462088, 0.0109257, -0.0475723, 0.0101531, -0.0653808, -0.00737355, -0.0982115, 0.0101531, -0.0653808, 0.00216176, -0.0412303, 0.0357938, -0.107573, 0.0177504, -0.0680277, -0.00233895, -0.04475, 0.0187818, -0.0462088, 0.0160504, -0.14217, -0.00121311, -0.0612751, 0.0563049, -0.158492, 0.0514715, -0.134558, -0.00121311, -0.0612751, -0.00111119, -0.00858539, 0.00216176, -0.0412303, 0.00175077, -0.0571037, 0.0126131, -0.0663912, 0.0250309, -0.156675, 0.00218829, -0.072731, 0.00552406, -0.0144109, 0.0109257, -0.0475723, -0.00121311, -0.0612751, 0.0101531, -0.0653808, 0.0126131, -0.0663912, 0.0250309, -0.156675, 0.0357938, -0.107573, 0.0148097, -0.0440923, 0.0101531, -0.0653808, 0.0563049, -0.158492, 0.0101531, -0.0653808, 0.0514715, -0.134558, -0.00737355, -0.0982115, 0.0109257, -0.0475723, 0.0148097, -0.0440923, 0.0357938, -0.107573, 0.0250309, -0.156675, 0.0250309, -0.156675, 0.00481398, -0.363558, 0.0250309, -0.156675, 0.0109257, -0.0475723, -0.00737355, -0.0982115, 0.0514715, -0.134558, -0.00737355, -0.0982115, 0.00806756, -0.027527, 0.0177504, -0.0680277, 0.00218829, -0.072731, 0.0357938, -0.107573, 0.0250309, -0.156675, 0.00175077, -0.0571037, 0.0187818, -0.0462088, 0.0101531, -0.0653808, -0.00121311, -0.0612751, 0.0109257, -0.0475723, -0.00111119, -0.00858539, 0.0148097, -0.0440923, -0.00233895, -0.04475, 0.0148097, -0.0440923, -0.00280408, -0.0169212, 0.00216176, -0.0412303, 0.00175077, -0.0571037, 0.00216176, -0.0412303, -0.00111119, -0.00858539, -0.00121311, -0.0612751, 0.0160504, -0.14217, 0.0187818, -0.0462088, -0.00121311, -0.0612751, 0.0109257, -0.0475723, 0.00552406, -0.0144109, -0.00233895, -0.04475, 0.0177504, -0.0680277, 0.0357938, -0.107573, 0.00218829, -0.072731, 0.0250309, -0.156675, 0.0126131, -0.0663912, -0.00121311, -0.0612751, 0.0514715, -0.134558, 0.0563049, -0.158492, 0.0101531, -0.0653808, 0.0177504, -0.0680277, 0.0276163, -0.0699311, 0.0177504, -0.0680277, 0.0177504, -0.0680277, 0.0357938, -0.107573, 0.00216176, -0.0412303, 0.0160504, -0.14217, 0.0563049, -0.158492, 0.0160504, -0.14217, 0.0187818, -0.0462088, 0.00216176, -0.0412303, 0.0357938, -0.107573, 0.0177504, -0.0680277, 0.00806756, -0.027527, 0.0187818, -0.0462088, 0.00218829, -0.072731, 0.0177504, -0.0680277, 0.00806756, -0.027527, -0.00233895, -0.04475, 0.0148097, -0.0440923, -0.00111119, -0.00858539, -0.00121311, -0.0612751, 0.0101531, -0.0653808, 0.0187818, -0.0462088, -0.00280408, -0.0169212, 0.00175077, -0.0571037, 0.0250309, -0.156675, 0.0357938, -0.107573, 0.0148097, -0.0440923, 0.0109257, -0.0475723, 0.00216176, -0.0412303, 0.0126131, -0.0663912, 0.00216176, -0.0412303, -0.00111119, -0.00858539, 0.00552406, -0.0144109, -0.00111119, -0.00858539, ]
best_mc_result_fixed_tau =   [0.0677976, 0.0572934, ]
evolved_state_fixed_tau =   [[0.00074119, -0.0146867, 0.000163619, -0.0335921, 0.000609666, -0.0416461, 0.0101738, -0.0435599, 0.0140472, -0.014971, 0.00074119, -0.0146867, 0.00463507, -0.0637012, 0.00255776, -0.0308372, 0.00463507, -0.0637012, 0.0140472, -0.014971, 0.0101738, -0.0435599, 0.000609666, -0.0416461, -0.0178905, -0.0492446, -0.0165445, -0.0809129, -0.0178905, -0.0492446, -0.00582512, -0.0194147, 0.0113529, -0.122781, -0.00275615, -0.0557454, -0.00524324, -0.0401301, 0.0101738, -0.0435599, -0.0325733, -0.126887, -0.0180804, -0.0802285, 0.0310441, -0.176052, 0.0139649, -0.150865, -0.0180804, -0.0802285, 0.00074119, -0.0146867, -0.00582512, -0.0194147, -0.0179332, -0.0451171, -0.0100351, -0.0488328, -0.00156349, -0.169511, -0.0163901, -0.0541116, 0.000163619, -0.0335921, 0.000609666, -0.0416461, -0.0180804, -0.0802285, -0.0178905, -0.0492446, -0.0100351, -0.0488328, -0.00156349, -0.169511, 0.0113529, -0.122781, 0.00463507, -0.0637012, -0.0178905, -0.0492446, 0.0310441, -0.176052, -0.0178905, -0.0492446, 0.0139649, -0.150865, -0.0165445, -0.0809129, 0.000609666, -0.0416461, 0.00463507, -0.0637012, 0.0113529, -0.122781, -0.00156349, -0.169511, -0.00156349, -0.169511, -0.100701, -0.310689, -0.00156349, -0.169511, 0.000609666, -0.0416461, -0.0165445, -0.0809129, 0.0139649, -0.150865, -0.0165445, -0.0809129, 0.00255776, -0.0308372, -0.00275615, -0.0557454, -0.0163901, -0.0541116, 0.0113529, -0.122781, -0.00156349, -0.169511, -0.0179332, -0.0451171, 0.0101738, -0.0435599, -0.0178905, -0.0492446, -0.0180804, -0.0802285, 0.000609666, -0.0416461, 0.00074119, -0.0146867, 0.00463507, -0.0637012, -0.00524324, -0.0401301, 0.00463507, -0.0637012, 0.0140472, -0.014971, -0.00582512, -0.0194147, -0.0179332, -0.0451171, -0.00582512, -0.0194147, 0.00074119, -0.0146867, -0.0180804, -0.0802285, -0.0325733, -0.126887, 0.0101738, -0.0435599, -0.0180804, -0.0802285, 0.000609666, -0.0416461, 0.000163619, -0.0335921, -0.00524324, -0.0401301, -0.00275615, -0.0557454, 0.0113529, -0.122781, -0.0163901, -0.0541116, -0.00156349, -0.169511, -0.0100351, -0.0488328, -0.0180804, -0.0802285, 0.0139649, -0.150865, 0.0310441, -0.176052, -0.0178905, -0.0492446, -0.00275615, -0.0557454, 0.0191144, -0.0927162, -0.00275615, -0.0557454, -0.00275615, -0.0557454, 0.0113529, -0.122781, -0.00582512, -0.0194147, -0.0325733, -0.126887, 0.0310441, -0.176052, -0.0325733, -0.126887, 0.0101738, -0.0435599, -0.00582512, -0.0194147, 0.0113529, -0.122781, -0.00275615, -0.0557454, 0.00255776, -0.0308372, 0.0101738, -0.0435599, -0.0163901, -0.0541116, -0.00275615, -0.0557454, 0.00255776, -0.0308372, -0.00524324, -0.0401301, 0.00463507, -0.0637012, 0.00074119, -0.0146867, -0.0180804, -0.0802285, -0.0178905, -0.0492446, 0.0101738, -0.0435599, 0.0140472, -0.014971, -0.0179332, -0.0451171, -0.00156349, -0.169511, 0.0113529, -0.122781, 0.00463507, -0.0637012, 0.000609666, -0.0416461, -0.00582512, -0.0194147, -0.0100351, -0.0488328, -0.00582512, -0.0194147, 0.00074119, -0.0146867, 0.000163619, -0.0335921, 0.00074119, -0.0146867, ],[-0.00707158, -0.00967374, -0.00839756, -0.0192767, -0.0142692, -0.0388764, 0.000741325, -0.043482, -0.00368104, -0.0162612, -0.00707158, -0.00967374, -0.0112761, -0.056885, -0.00636901, -0.0295876, -0.0112761, -0.056885, -0.00368104, -0.0162612, 0.000741325, -0.043482, -0.0142692, -0.0388764, -0.0248271, -0.0494727, -0.0443967, -0.0718729, -0.0248271, -0.0494727, -0.00782234, -0.0240879, -0.0153378, -0.118008, -0.00701466, -0.061728, -0.019978, -0.0434455, 0.000741325, -0.043482, -0.0192252, -0.138774, -0.0378966, -0.0616714, -0.00489809, -0.177514, -0.0249848, -0.13824, -0.0378966, -0.0616714, -0.00707158, -0.00967374, -0.00782234, -0.0240879, -0.0295905, -0.0401539, -0.0183191, -0.0500172, -0.0501845, -0.156894, -0.0293857, -0.0549182, -0.00839756, -0.0192767, -0.0142692, -0.0388764, -0.0378966, -0.0616714, -0.0248271, -0.0494727, -0.0183191, -0.0500172, -0.0501845, -0.156894, -0.0153378, -0.118008, -0.0112761, -0.056885, -0.0248271, -0.0494727, -0.00489809, -0.177514, -0.0248271, -0.0494727, -0.0249848, -0.13824, -0.0443967, -0.0718729, -0.0142692, -0.0388764, -0.0112761, -0.056885, -0.0153378, -0.118008, -0.0501845, -0.156894, -0.0501845, -0.156894, -0.166929, -0.33131, -0.0501845, -0.156894, -0.0142692, -0.0388764, -0.0443967, -0.0718729, -0.0249848, -0.13824, -0.0443967, -0.0718729, -0.00636901, -0.0295876, -0.00701466, -0.061728, -0.0293857, -0.0549182, -0.0153378, -0.118008, -0.0501845, -0.156894, -0.0295905, -0.0401539, 0.000741325, -0.043482, -0.0248271, -0.0494727, -0.0378966, -0.0616714, -0.0142692, -0.0388764, -0.00707158, -0.00967374, -0.0112761, -0.056885, -0.019978, -0.0434455, -0.0112761, -0.056885, -0.00368104, -0.0162612, -0.00782234, -0.0240879, -0.0295905, -0.0401539, -0.00782234, -0.0240879, -0.00707158, -0.00967374, -0.0378966, -0.0616714, -0.0192252, -0.138774, 0.000741325, -0.043482, -0.0378966, -0.0616714, -0.0142692, -0.0388764, -0.00839756, -0.0192767, -0.019978, -0.0434455, -0.00701466, -0.061728, -0.0153378, -0.118008, -0.0293857, -0.0549182, -0.0501845, -0.156894, -0.0183191, -0.0500172, -0.0378966, -0.0616714, -0.0249848, -0.13824, -0.00489809, -0.177514, -0.0248271, -0.0494727, -0.00701466, -0.061728, 0.00940044, -0.0890631, -0.00701466, -0.061728, -0.00701466, -0.061728, -0.0153378, -0.118008, -0.00782234, -0.0240879, -0.0192252, -0.138774, -0.00489809, -0.177514, -0.0192252, -0.138774, 0.000741325, -0.043482, -0.00782234, -0.0240879, -0.0153378, -0.118008, -0.00701466, -0.061728, -0.00636901, -0.0295876, 0.000741325, -0.043482, -0.0293857, -0.0549182, -0.00701466, -0.061728, -0.00636901, -0.0295876, -0.019978, -0.0434455, -0.0112761, -0.056885, -0.00707158, -0.00967374, -0.0378966, -0.0616714, -0.0248271, -0.0494727, 0.000741325, -0.043482, -0.00368104, -0.0162612, -0.0295905, -0.0401539, -0.0501845, -0.156894, -0.0153378, -0.118008, -0.0112761, -0.056885, -0.0142692, -0.0388764, -0.00782234, -0.0240879, -0.0183191, -0.0500172, -0.00782234, -0.0240879, -0.00707158, -0.00967374, -0.00839756, -0.0192767, -0.00707158, -0.00967374, ],]
##############################################################################
clock_duration  =         10055.4
tau =                     1.66486
total_steps =             32
time_step =               0.0545045
best_mc_result =          0.0211211
best_mc_result_non_secondary =          0
evolved_target_dot_squared =  0.978879
distance =          0.0287397
j_protocol =  [[0, 0, 0, 0, 0, 0, 0, 0, 0, 0, 0, 0, 0, 0, 0, 0, 0, 0, 0, 0, 0, 0, 0, 0, 0, 0, 0, 0, 0, 0, 0, 0, ],[0, 0, 0, 0, 0, 0, 0, 0, 0, 0, 0, 0, 0, 0, 0, 0, 0, 0, 0, 0, 0, 0, 0, 0, 0, 0, 0, 0, 0, 0, 0, 0, ],]
k_protocol =  [[0, 0, 0, 0, 0, 0, 0, 0, 0, 0, 0, 0, 0, 0, 0, 0, 0, 0, 0, 0, 0, 0, 0, 0, 0, 0, 0, 0, 0, 0, 0, 0, ],[0, 0, 0, 0, 0, 0, 0, 0, 0, 0, 0, 0, 0, 0, 0, 0, 0, 0, 0, 0, 0, 0, 0, 0, 0, 0, 0, 0, 0, 0, 0, 0, ],]
j_protocol_secondary =  [0, 0.0434578, 0.0434578, 0.772106, 0.772106, 0.775173, 0.775173, 1.32006, 1.32006, 1.42787, 1.42787, 1.49401, 1.49401, 1.50875, 1.50875, 1.6527, ]
k_protocol_secondary =  [0.0252132, 0.33067, 0.376239, 0.543874, 0.613717, 0.695789, 0.721946, 0.887181, 0.98091, 1.09004, 1.1496, 1.34193, 1.47428, 1.55804, 1.58198, 1.66486, ]
best_evolved_state = [0.0092522, -0.00581866, 0.0139036, -0.00545074, 0.0487589, -0.0194071, 0.0542737, -0.0154547, 0.0163431, -0.0144459, 0.0092522, -0.00581866, 0.0395383, -0.0125422, 0.0326055, -0.00738403, 0.0395383, -0.0125422, 0.0163431, -0.0144459, 0.0542737, -0.0154547, 0.0487589, -0.0194071, 0.0609335, -0.0249475, 0.0810369, -0.055067, 0.0609335, -0.0249475, 0.0373738, -0.0236042, 0.108555, -0.0353805, 0.069726, -0.025454, 0.0341993, -0.0228268, 0.0542737, -0.0154547, 0.11889, -0.0614633, 0.0491418, -0.0304783, 0.163923, -0.0515059, 0.146388, -0.0384703, 0.0491418, -0.0304783, 0.0092522, -0.00581866, 0.0373738, -0.0236042, 0.0524079, -0.0266385, 0.065296, -0.0283526, 0.143671, -0.0661405, 0.0616378, -0.0363609, 0.0139036, -0.00545074, 0.0487589, -0.0194071, 0.0491418, -0.0304783, 0.0609335, -0.0249475, 0.065296, -0.0283526, 0.143671, -0.0661405, 0.108555, -0.0353805, 0.0395383, -0.0125422, 0.0609335, -0.0249475, 0.163923, -0.0515059, 0.0609335, -0.0249475, 0.146388, -0.0384703, 0.0810369, -0.055067, 0.0487589, -0.0194071, 0.0395383, -0.0125422, 0.108555, -0.0353805, 0.143671, -0.0661405, 0.143671, -0.0661405, 0.301487, -0.162929, 0.143671, -0.0661405, 0.0487589, -0.0194071, 0.0810369, -0.055067, 0.146388, -0.0384703, 0.0810369, -0.055067, 0.0326055, -0.00738403, 0.069726, -0.025454, 0.0616378, -0.0363609, 0.108555, -0.0353805, 0.143671, -0.0661405, 0.0524079, -0.0266385, 0.0542737, -0.0154547, 0.0609335, -0.0249475, 0.0491418, -0.0304783, 0.0487589, -0.0194071, 0.0092522, -0.00581866, 0.0395383, -0.0125422, 0.0341993, -0.0228268, 0.0395383, -0.0125422, 0.0163431, -0.0144459, 0.0373738, -0.0236042, 0.0524079, -0.0266385, 0.0373738, -0.0236042, 0.0092522, -0.00581866, 0.0491418, -0.0304783, 0.11889, -0.0614633, 0.0542737, -0.0154547, 0.0491418, -0.0304783, 0.0487589, -0.0194071, 0.0139036, -0.00545074, 0.0341993, -0.0228268, 0.069726, -0.025454, 0.108555, -0.0353805, 0.0616378, -0.0363609, 0.143671, -0.0661405, 0.065296, -0.0283526, 0.0491418, -0.0304783, 0.146388, -0.0384703, 0.163923, -0.0515059, 0.0609335, -0.0249475, 0.069726, -0.025454, 0.0758415, -0.0251353, 0.069726, -0.025454, 0.069726, -0.025454, 0.108555, -0.0353805, 0.0373738, -0.0236042, 0.11889, -0.0614633, 0.163923, -0.0515059, 0.11889, -0.0614633, 0.0542737, -0.0154547, 0.0373738, -0.0236042, 0.108555, -0.0353805, 0.069726, -0.025454, 0.0326055, -0.00738403, 0.0542737, -0.0154547, 0.0616378, -0.0363609, 0.069726, -0.025454, 0.0326055, -0.00738403, 0.0341993, -0.0228268, 0.0395383, -0.0125422, 0.0092522, -0.00581866, 0.0491418, -0.0304783, 0.0609335, -0.0249475, 0.0542737, -0.0154547, 0.0163431, -0.0144459, 0.0524079, -0.0266385, 0.143671, -0.0661405, 0.108555, -0.0353805, 0.0395383, -0.0125422, 0.0487589, -0.0194071, 0.0373738, -0.0236042, 0.065296, -0.0283526, 0.0373738, -0.0236042, 0.0092522, -0.00581866, 0.0139036, -0.00545074, 0.0092522, -0.00581866, ]
best_mc_result_fixed_tau =   [0.0479601, 0.039183, ]
evolved_state_fixed_tau =   [[-0.00466586, -0.0112454, 0.00117449, -0.0309506, 0.0195263, -0.0484615, 0.0238868, -0.0553572, 0.00588008, -0.0177872, -0.00466586, -0.0112454, 0.0270335, -0.03609, 0.00955021, -0.0252493, 0.0270335, -0.03609, 0.00588008, -0.0177872, 0.0238868, -0.0553572, 0.0195263, -0.0484615, 0.00807065, -0.0505475, -0.0073312, -0.0934011, 0.00807065, -0.0505475, -0.00144349, -0.035386, 0.0427987, -0.102781, 0.0157515, -0.0547354, 0.0106442, -0.0381251, 0.0238868, -0.0553572, 0.00425433, -0.146916, 0.00903845, -0.0697144, 0.0757941, -0.146714, 0.082247, -0.130881, 0.00903845, -0.0697144, -0.00466586, -0.0112454, -0.00144349, -0.035386, 0.0120425, -0.0605437, 0.00917758, -0.0636648, 0.0558891, -0.149274, 0.00996501, -0.0674448, 0.00117449, -0.0309506, 0.0195263, -0.0484615, 0.00903845, -0.0697144, 0.00807065, -0.0505475, 0.00917758, -0.0636648, 0.0558891, -0.149274, 0.0427987, -0.102781, 0.0270335, -0.03609, 0.00807065, -0.0505475, 0.0757941, -0.146714, 0.00807065, -0.0505475, 0.082247, -0.130881, -0.0073312, -0.0934011, 0.0195263, -0.0484615, 0.0270335, -0.03609, 0.0427987, -0.102781, 0.0558891, -0.149274, 0.0558891, -0.149274, 0.080157, -0.354604, 0.0558891, -0.149274, 0.0195263, -0.0484615, -0.0073312, -0.0934011, 0.082247, -0.130881, -0.0073312, -0.0934011, 0.00955021, -0.0252493, 0.0157515, -0.0547354, 0.00996501, -0.0674448, 0.0427987, -0.102781, 0.0558891, -0.149274, 0.0120425, -0.0605437, 0.0238868, -0.0553572, 0.00807065, -0.0505475, 0.00903845, -0.0697144, 0.0195263, -0.0484615, -0.00466586, -0.0112454, 0.0270335, -0.03609, 0.0106442, -0.0381251, 0.0270335, -0.03609, 0.00588008, -0.0177872, -0.00144349, -0.035386, 0.0120425, -0.0605437, -0.00144349, -0.035386, -0.00466586, -0.0112454, 0.00903845, -0.0697144, 0.00425433, -0.146916, 0.0238868, -0.0553572, 0.00903845, -0.0697144, 0.0195263, -0.0484615, 0.00117449, -0.0309506, 0.0106442, -0.0381251, 0.0157515, -0.0547354, 0.0427987, -0.102781, 0.00996501, -0.0674448, 0.0558891, -0.149274, 0.00917758, -0.0636648, 0.00903845, -0.0697144, 0.082247, -0.130881, 0.0757941, -0.146714, 0.00807065, -0.0505475, 0.0157515, -0.0547354, 0.0227914, -0.0951694, 0.0157515, -0.0547354, 0.0157515, -0.0547354, 0.0427987, -0.102781, -0.00144349, -0.035386, 0.00425433, -0.146916, 0.0757941, -0.146714, 0.00425433, -0.146916, 0.0238868, -0.0553572, -0.00144349, -0.035386, 0.0427987, -0.102781, 0.0157515, -0.0547354, 0.00955021, -0.0252493, 0.0238868, -0.0553572, 0.00996501, -0.0674448, 0.0157515, -0.0547354, 0.00955021, -0.0252493, 0.0106442, -0.0381251, 0.0270335, -0.03609, -0.00466586, -0.0112454, 0.00903845, -0.0697144, 0.00807065, -0.0505475, 0.0238868, -0.0553572, 0.00588008, -0.0177872, 0.0120425, -0.0605437, 0.0558891, -0.149274, 0.0427987, -0.102781, 0.0270335, -0.03609, 0.0195263, -0.0484615, -0.00144349, -0.035386, 0.00917758, -0.0636648, -0.00144349, -0.035386, -0.00466586, -0.0112454, 0.00117449, -0.0309506, -0.00466586, -0.0112454, ],[0.0136679, -0.00425138, 0.0215813, -0.0014141, 0.0479491, -0.0157467, 0.0474637, -0.00394019, 0.0183259, -0.00614336, 0.0136679, -0.00425138, 0.0519051, -0.00330747, 0.0353259, -0.00283727, 0.0519051, -0.00330747, 0.0183259, -0.00614336, 0.0474637, -0.00394019, 0.0479491, -0.0157467, 0.0628806, -0.0275276, 0.0818875, -0.0537716, 0.0628806, -0.0275276, 0.0313049, -0.0191989, 0.118251, -0.0157159, 0.0659446, -0.0152453, 0.0419248, -0.016044, 0.0474637, -0.00394019, 0.114044, -0.0374497, 0.0642193, -0.0277821, 0.16725, -0.0165187, 0.150238, -0.0244587, 0.0642193, -0.0277821, 0.0136679, -0.00425138, 0.0313049, -0.0191989, 0.0523117, -0.029399, 0.0632126, -0.0252691, 0.152586, -0.0545707, 0.0641953, -0.0330869, 0.0215813, -0.0014141, 0.0479491, -0.0157467, 0.0642193, -0.0277821, 0.0628806, -0.0275276, 0.0632126, -0.0252691, 0.152586, -0.0545707, 0.118251, -0.0157159, 0.0519051, -0.00330747, 0.0628806, -0.0275276, 0.16725, -0.0165187, 0.0628806, -0.0275276, 0.150238, -0.0244587, 0.0818875, -0.0537716, 0.0479491, -0.0157467, 0.0519051, -0.00330747, 0.118251, -0.0157159, 0.152586, -0.0545707, 0.152586, -0.0545707, 0.278482, -0.185043, 0.152586, -0.0545707, 0.0479491, -0.0157467, 0.0818875, -0.0537716, 0.150238, -0.0244587, 0.0818875, -0.0537716, 0.0353259, -0.00283727, 0.0659446, -0.0152453, 0.0641953, -0.0330869, 0.118251, -0.0157159, 0.152586, -0.0545707, 0.0523117, -0.029399, 0.0474637, -0.00394019, 0.0628806, -0.0275276, 0.0642193, -0.0277821, 0.0479491, -0.0157467, 0.0136679, -0.00425138, 0.0519051, -0.00330747, 0.0419248, -0.016044, 0.0519051, -0.00330747, 0.0183259, -0.00614336, 0.0313049, -0.0191989, 0.0523117, -0.029399, 0.0313049, -0.0191989, 0.0136679, -0.00425138, 0.0642193, -0.0277821, 0.114044, -0.0374497, 0.0474637, -0.00394019, 0.0642193, -0.0277821, 0.0479491, -0.0157467, 0.0215813, -0.0014141, 0.0419248, -0.016044, 0.0659446, -0.0152453, 0.118251, -0.0157159, 0.0641953, -0.0330869, 0.152586, -0.0545707, 0.0632126, -0.0252691, 0.0642193, -0.0277821, 0.150238, -0.0244587, 0.16725, -0.0165187, 0.0628806, -0.0275276, 0.0659446, -0.0152453, 0.0785955, 0.0080579, 0.0659446, -0.0152453, 0.0659446, -0.0152453, 0.118251, -0.0157159, 0.0313049, -0.0191989, 0.114044, -0.0374497, 0.16725, -0.0165187, 0.114044, -0.0374497, 0.0474637, -0.00394019, 0.0313049, -0.0191989, 0.118251, -0.0157159, 0.0659446, -0.0152453, 0.0353259, -0.00283727, 0.0474637, -0.00394019, 0.0641953, -0.0330869, 0.0659446, -0.0152453, 0.0353259, -0.00283727, 0.0419248, -0.016044, 0.0519051, -0.00330747, 0.0136679, -0.00425138, 0.0642193, -0.0277821, 0.0628806, -0.0275276, 0.0474637, -0.00394019, 0.0183259, -0.00614336, 0.0523117, -0.029399, 0.152586, -0.0545707, 0.118251, -0.0157159, 0.0519051, -0.00330747, 0.0479491, -0.0157467, 0.0313049, -0.0191989, 0.0632126, -0.0252691, 0.0313049, -0.0191989, 0.0136679, -0.00425138, 0.0215813, -0.0014141, 0.0136679, -0.00425138, ],]
##############################################################################
clock_duration  =         14078.1
tau =                     1.66982
total_steps =             32
time_step =               0.0545045
best_mc_result =          0.0198222
best_mc_result_non_secondary =          0
evolved_target_dot_squared =  0.980178
distance =          0.0269723
j_protocol =  [[0, 0, 0, 0, 0, 0, 0, 0, 0, 0, 0, 0, 0, 0, 0, 0, 0, 0, 0, 0, 0, 0, 0, 0, 0, 0, 0, 0, 0, 0, 0, 0, ],[0, 0, 0, 0, 0, 0, 0, 0, 0, 0, 0, 0, 0, 0, 0, 0, 0, 0, 0, 0, 0, 0, 0, 0, 0, 0, 0, 0, 0, 0, 0, 0, ],]
k_protocol =  [[0, 0, 0, 0, 0, 0, 0, 0, 0, 0, 0, 0, 0, 0, 0, 0, 0, 0, 0, 0, 0, 0, 0, 0, 0, 0, 0, 0, 0, 0, 0, 0, ],[0, 0, 0, 0, 0, 0, 0, 0, 0, 0, 0, 0, 0, 0, 0, 0, 0, 0, 0, 0, 0, 0, 0, 0, 0, 0, 0, 0, 0, 0, 0, 0, ],]
j_protocol_secondary =  [0, 0.0492275, 0.0492275, 0.774404, 0.774404, 0.77748, 0.77748, 1.32399, 1.32399, 1.43212, 1.43212, 1.49845, 1.49845, 1.51324, 1.51324, 1.65548, ]
k_protocol_secondary =  [0.0261939, 0.346498, 0.39861, 0.555896, 0.608685, 0.687761, 0.730507, 0.895438, 0.977773, 1.0899, 1.16117, 1.35793, 1.48418, 1.54898, 1.57574, 1.66982, ]
best_evolved_state = [0.0104273, -0.0051879, 0.0138669, -0.00582893, 0.0491232, -0.0182575, 0.054687, -0.0149461, 0.0184073, -0.0128977, 0.0104273, -0.0051879, 0.0390556, -0.0121585, 0.0336713, -0.00607418, 0.0390556, -0.0121585, 0.0184073, -0.0128977, 0.054687, -0.0149461, 0.0491232, -0.0182575, 0.0613482, -0.0230174, 0.0838857, -0.0514844, 0.0613482, -0.0230174, 0.0384303, -0.0225299, 0.108998, -0.0329817, 0.0707871, -0.0240093, 0.0345868, -0.0208796, 0.054687, -0.0149461, 0.119357, -0.0585945, 0.0506287, -0.0290195, 0.165355, -0.0479353, 0.146683, -0.0357548, 0.0506287, -0.0290195, 0.0104273, -0.0051879, 0.0384303, -0.0225299, 0.0528961, -0.0248876, 0.0659831, -0.0265943, 0.145847, -0.0624552, 0.0620915, -0.0338814, 0.0138669, -0.00582893, 0.0491232, -0.0182575, 0.0506287, -0.0290195, 0.0613482, -0.0230174, 0.0659831, -0.0265943, 0.145847, -0.0624552, 0.108998, -0.0329817, 0.0390556, -0.0121585, 0.0613482, -0.0230174, 0.165355, -0.0479353, 0.0613482, -0.0230174, 0.146683, -0.0357548, 0.0838857, -0.0514844, 0.0491232, -0.0182575, 0.0390556, -0.0121585, 0.108998, -0.0329817, 0.145847, -0.0624552, 0.145847, -0.0624552, 0.304591, -0.155107, 0.145847, -0.0624552, 0.0491232, -0.0182575, 0.0838857, -0.0514844, 0.146683, -0.0357548, 0.0838857, -0.0514844, 0.0336713, -0.00607418, 0.0707871, -0.0240093, 0.0620915, -0.0338814, 0.108998, -0.0329817, 0.145847, -0.0624552, 0.0528961, -0.0248876, 0.054687, -0.0149461, 0.0613482, -0.0230174, 0.0506287, -0.0290195, 0.0491232, -0.0182575, 0.0104273, -0.0051879, 0.0390556, -0.0121585, 0.0345868, -0.0208796, 0.0390556, -0.0121585, 0.0184073, -0.0128977, 0.0384303, -0.0225299, 0.0528961, -0.0248876, 0.0384303, -0.0225299, 0.0104273, -0.0051879, 0.0506287, -0.0290195, 0.119357, -0.0585945, 0.054687, -0.0149461, 0.0506287, -0.0290195, 0.0491232, -0.0182575, 0.0138669, -0.00582893, 0.0345868, -0.0208796, 0.0707871, -0.0240093, 0.108998, -0.0329817, 0.0620915, -0.0338814, 0.145847, -0.0624552, 0.0659831, -0.0265943, 0.0506287, -0.0290195, 0.146683, -0.0357548, 0.165355, -0.0479353, 0.0613482, -0.0230174, 0.0707871, -0.0240093, 0.0766019, -0.0242496, 0.0707871, -0.0240093, 0.0707871, -0.0240093, 0.108998, -0.0329817, 0.0384303, -0.0225299, 0.119357, -0.0585945, 0.165355, -0.0479353, 0.119357, -0.0585945, 0.054687, -0.0149461, 0.0384303, -0.0225299, 0.108998, -0.0329817, 0.0707871, -0.0240093, 0.0336713, -0.00607418, 0.054687, -0.0149461, 0.0620915, -0.0338814, 0.0707871, -0.0240093, 0.0336713, -0.00607418, 0.0345868, -0.0208796, 0.0390556, -0.0121585, 0.0104273, -0.0051879, 0.0506287, -0.0290195, 0.0613482, -0.0230174, 0.054687, -0.0149461, 0.0184073, -0.0128977, 0.0528961, -0.0248876, 0.145847, -0.0624552, 0.108998, -0.0329817, 0.0390556, -0.0121585, 0.0491232, -0.0182575, 0.0384303, -0.0225299, 0.0659831, -0.0265943, 0.0384303, -0.0225299, 0.0104273, -0.0051879, 0.0138669, -0.00582893, 0.0104273, -0.0051879, ]
best_mc_result_fixed_tau =   [0.0479601, 0.039183, ]
evolved_state_fixed_tau =   [[-0.00466586, -0.0112454, 0.00117449, -0.0309506, 0.0195263, -0.0484615, 0.0238868, -0.0553572, 0.00588008, -0.0177872, -0.00466586, -0.0112454, 0.0270335, -0.03609, 0.00955021, -0.0252493, 0.0270335, -0.03609, 0.00588008, -0.0177872, 0.0238868, -0.0553572, 0.0195263, -0.0484615, 0.00807065, -0.0505475, -0.0073312, -0.0934011, 0.00807065, -0.0505475, -0.00144349, -0.035386, 0.0427987, -0.102781, 0.0157515, -0.0547354, 0.0106442, -0.0381251, 0.0238868, -0.0553572, 0.00425433, -0.146916, 0.00903845, -0.0697144, 0.0757941, -0.146714, 0.082247, -0.130881, 0.00903845, -0.0697144, -0.00466586, -0.0112454, -0.00144349, -0.035386, 0.0120425, -0.0605437, 0.00917758, -0.0636648, 0.0558891, -0.149274, 0.00996501, -0.0674448, 0.00117449, -0.0309506, 0.0195263, -0.0484615, 0.00903845, -0.0697144, 0.00807065, -0.0505475, 0.00917758, -0.0636648, 0.0558891, -0.149274, 0.0427987, -0.102781, 0.0270335, -0.03609, 0.00807065, -0.0505475, 0.0757941, -0.146714, 0.00807065, -0.0505475, 0.082247, -0.130881, -0.0073312, -0.0934011, 0.0195263, -0.0484615, 0.0270335, -0.03609, 0.0427987, -0.102781, 0.0558891, -0.149274, 0.0558891, -0.149274, 0.080157, -0.354604, 0.0558891, -0.149274, 0.0195263, -0.0484615, -0.0073312, -0.0934011, 0.082247, -0.130881, -0.0073312, -0.0934011, 0.00955021, -0.0252493, 0.0157515, -0.0547354, 0.00996501, -0.0674448, 0.0427987, -0.102781, 0.0558891, -0.149274, 0.0120425, -0.0605437, 0.0238868, -0.0553572, 0.00807065, -0.0505475, 0.00903845, -0.0697144, 0.0195263, -0.0484615, -0.00466586, -0.0112454, 0.0270335, -0.03609, 0.0106442, -0.0381251, 0.0270335, -0.03609, 0.00588008, -0.0177872, -0.00144349, -0.035386, 0.0120425, -0.0605437, -0.00144349, -0.035386, -0.00466586, -0.0112454, 0.00903845, -0.0697144, 0.00425433, -0.146916, 0.0238868, -0.0553572, 0.00903845, -0.0697144, 0.0195263, -0.0484615, 0.00117449, -0.0309506, 0.0106442, -0.0381251, 0.0157515, -0.0547354, 0.0427987, -0.102781, 0.00996501, -0.0674448, 0.0558891, -0.149274, 0.00917758, -0.0636648, 0.00903845, -0.0697144, 0.082247, -0.130881, 0.0757941, -0.146714, 0.00807065, -0.0505475, 0.0157515, -0.0547354, 0.0227914, -0.0951694, 0.0157515, -0.0547354, 0.0157515, -0.0547354, 0.0427987, -0.102781, -0.00144349, -0.035386, 0.00425433, -0.146916, 0.0757941, -0.146714, 0.00425433, -0.146916, 0.0238868, -0.0553572, -0.00144349, -0.035386, 0.0427987, -0.102781, 0.0157515, -0.0547354, 0.00955021, -0.0252493, 0.0238868, -0.0553572, 0.00996501, -0.0674448, 0.0157515, -0.0547354, 0.00955021, -0.0252493, 0.0106442, -0.0381251, 0.0270335, -0.03609, -0.00466586, -0.0112454, 0.00903845, -0.0697144, 0.00807065, -0.0505475, 0.0238868, -0.0553572, 0.00588008, -0.0177872, 0.0120425, -0.0605437, 0.0558891, -0.149274, 0.0427987, -0.102781, 0.0270335, -0.03609, 0.0195263, -0.0484615, -0.00144349, -0.035386, 0.00917758, -0.0636648, -0.00144349, -0.035386, -0.00466586, -0.0112454, 0.00117449, -0.0309506, -0.00466586, -0.0112454, ],[0.0136679, -0.00425138, 0.0215813, -0.0014141, 0.0479491, -0.0157467, 0.0474637, -0.00394019, 0.0183259, -0.00614336, 0.0136679, -0.00425138, 0.0519051, -0.00330747, 0.0353259, -0.00283727, 0.0519051, -0.00330747, 0.0183259, -0.00614336, 0.0474637, -0.00394019, 0.0479491, -0.0157467, 0.0628806, -0.0275276, 0.0818875, -0.0537716, 0.0628806, -0.0275276, 0.0313049, -0.0191989, 0.118251, -0.0157159, 0.0659446, -0.0152453, 0.0419248, -0.016044, 0.0474637, -0.00394019, 0.114044, -0.0374497, 0.0642193, -0.0277821, 0.16725, -0.0165187, 0.150238, -0.0244587, 0.0642193, -0.0277821, 0.0136679, -0.00425138, 0.0313049, -0.0191989, 0.0523117, -0.029399, 0.0632126, -0.0252691, 0.152586, -0.0545707, 0.0641953, -0.0330869, 0.0215813, -0.0014141, 0.0479491, -0.0157467, 0.0642193, -0.0277821, 0.0628806, -0.0275276, 0.0632126, -0.0252691, 0.152586, -0.0545707, 0.118251, -0.0157159, 0.0519051, -0.00330747, 0.0628806, -0.0275276, 0.16725, -0.0165187, 0.0628806, -0.0275276, 0.150238, -0.0244587, 0.0818875, -0.0537716, 0.0479491, -0.0157467, 0.0519051, -0.00330747, 0.118251, -0.0157159, 0.152586, -0.0545707, 0.152586, -0.0545707, 0.278482, -0.185043, 0.152586, -0.0545707, 0.0479491, -0.0157467, 0.0818875, -0.0537716, 0.150238, -0.0244587, 0.0818875, -0.0537716, 0.0353259, -0.00283727, 0.0659446, -0.0152453, 0.0641953, -0.0330869, 0.118251, -0.0157159, 0.152586, -0.0545707, 0.0523117, -0.029399, 0.0474637, -0.00394019, 0.0628806, -0.0275276, 0.0642193, -0.0277821, 0.0479491, -0.0157467, 0.0136679, -0.00425138, 0.0519051, -0.00330747, 0.0419248, -0.016044, 0.0519051, -0.00330747, 0.0183259, -0.00614336, 0.0313049, -0.0191989, 0.0523117, -0.029399, 0.0313049, -0.0191989, 0.0136679, -0.00425138, 0.0642193, -0.0277821, 0.114044, -0.0374497, 0.0474637, -0.00394019, 0.0642193, -0.0277821, 0.0479491, -0.0157467, 0.0215813, -0.0014141, 0.0419248, -0.016044, 0.0659446, -0.0152453, 0.118251, -0.0157159, 0.0641953, -0.0330869, 0.152586, -0.0545707, 0.0632126, -0.0252691, 0.0642193, -0.0277821, 0.150238, -0.0244587, 0.16725, -0.0165187, 0.0628806, -0.0275276, 0.0659446, -0.0152453, 0.0785955, 0.0080579, 0.0659446, -0.0152453, 0.0659446, -0.0152453, 0.118251, -0.0157159, 0.0313049, -0.0191989, 0.114044, -0.0374497, 0.16725, -0.0165187, 0.114044, -0.0374497, 0.0474637, -0.00394019, 0.0313049, -0.0191989, 0.118251, -0.0157159, 0.0659446, -0.0152453, 0.0353259, -0.00283727, 0.0474637, -0.00394019, 0.0641953, -0.0330869, 0.0659446, -0.0152453, 0.0353259, -0.00283727, 0.0419248, -0.016044, 0.0519051, -0.00330747, 0.0136679, -0.00425138, 0.0642193, -0.0277821, 0.0628806, -0.0275276, 0.0474637, -0.00394019, 0.0183259, -0.00614336, 0.0523117, -0.029399, 0.152586, -0.0545707, 0.118251, -0.0157159, 0.0519051, -0.00330747, 0.0479491, -0.0157467, 0.0313049, -0.0191989, 0.0632126, -0.0252691, 0.0313049, -0.0191989, 0.0136679, -0.00425138, 0.0215813, -0.0014141, 0.0136679, -0.00425138, ],]
