START_PARAMETERS
MAX_STEPS_MCDB =               32
MIN_STEPS_MCDB =               4
STEPS_CRUNCH_MCDB =            1
SWEEPS_MCDB =                  100
TOTAL_STEP_CHANGES =                  6
MCBB_SECONDARY =                  1
SWEEPS_MCBB_SECONDARY =                  300
NUMBER_OF_BANGS =                  8
GROUND_E =                -4.87599
INITIAL_E =               -4.34721
j_initial =               0.5
k_initial =               0.5
b_initial =               0
j_target =                0.724
k_target =                0.125
b_target =                0
init_target_dot_squared = 0.855223
init_state = [-0.0134955, 0, -0.0596572, 0, -0.0233472, 0, -0.00794986, 0, -0.029, 0, -0.0854029, 0, -0.029, 0, -0.109009, 0, -0.101235, 0, -0.029, 0, -0.00794986, 0, -0.0233472, 0, -0.0596572, 0, -0.0696661, 0, -0.326121, 0, -0.0696661, 0, -0.029, 0, -0.101235, 0, -0.109009, 0, -0.118686, 0, -0.0233472, 0, -0.038097, 0, -0.0460451, 0, -0.10527, 0, -0.226893, 0, -0.0460451, 0, -0.0854029, 0, -0.109009, 0, -0.119979, 0, -0.109009, 0, -0.0134955, 0, -0.0596572, 0, -0.0460451, 0, -0.0696661, 0, -0.029, 0, -0.0696661, 0, -0.10527, 0, -0.0696661, 0, -0.226893, 0, -0.326121, 0, -0.0596572, 0, -0.109009, 0, -0.118686, 0, -0.109009, 0, -0.101235, 0, -0.0596572, 0, -0.326121, 0, -0.226893, 0, -0.326121, 0, -0.101235, 0, -0.0233472, 0, -0.0696661, 0, -0.0460451, 0, -0.0596572, 0, -0.029, 0, -0.00794986, 0, -0.0460451, 0, -0.038097, 0, -0.0233472, 0, -0.0460451, 0, -0.0596572, 0, -0.0134955, 0, -0.119979, 0, -0.109009, 0, -0.0854029, 0, -0.029, 0, -0.0460451, 0, -0.226893, 0, -0.10527, 0, -0.0696661, 0, -0.109009, 0, -0.038097, 0, -0.10527, 0, -0.038097, 0, -0.0233472, 0, -0.0854029, 0, -0.0233472, 0, -0.0460451, 0, -0.0696661, 0, -0.0233472, 0, -0.00794986, 0, -0.029, 0, -0.0596572, 0, -0.0134955, 0, ]
target_state = [-0.0369329, 0, -0.0861035, 0, -0.0587613, 0, -0.0330543, 0, -0.0639594, 0, -0.114788, 0, -0.0639594, 0, -0.139624, 0, -0.118647, 0, -0.0639594, 0, -0.0330543, 0, -0.0587613, 0, -0.0861035, 0, -0.100246, 0, -0.19595, 0, -0.100246, 0, -0.0639594, 0, -0.118647, 0, -0.139624, 0, -0.141117, 0, -0.0587613, 0, -0.0818441, 0, -0.0846621, 0, -0.132178, 0, -0.182792, 0, -0.0846621, 0, -0.114788, 0, -0.139624, 0, -0.148431, 0, -0.139624, 0, -0.0369329, 0, -0.0861035, 0, -0.0846621, 0, -0.100246, 0, -0.0639594, 0, -0.100246, 0, -0.132178, 0, -0.100246, 0, -0.182792, 0, -0.19595, 0, -0.0861035, 0, -0.139624, 0, -0.141117, 0, -0.139624, 0, -0.118647, 0, -0.0861035, 0, -0.19595, 0, -0.182792, 0, -0.19595, 0, -0.118647, 0, -0.0587613, 0, -0.100246, 0, -0.0846621, 0, -0.0861035, 0, -0.0639594, 0, -0.0330543, 0, -0.0846621, 0, -0.0818441, 0, -0.0587613, 0, -0.0846621, 0, -0.0861035, 0, -0.0369329, 0, -0.148431, 0, -0.139624, 0, -0.114788, 0, -0.0639594, 0, -0.0846621, 0, -0.182792, 0, -0.132178, 0, -0.100246, 0, -0.139624, 0, -0.0818441, 0, -0.132178, 0, -0.0818441, 0, -0.0587613, 0, -0.114788, 0, -0.0587613, 0, -0.0846621, 0, -0.100246, 0, -0.0587613, 0, -0.0330543, 0, -0.0639594, 0, -0.0861035, 0, -0.0369329, 0, ]
USE_ENERGY_DISTANCE =     false
PERIODIC =                false
UNIFORM_SITES =           true
DEVICE_DIMENSION =        2
MAX_PARAM =               1
MIN_PARAM =               0
MIN_PARAM =               0
DIAG =                    true
NUM_SEEDS =               2
NUMBER_OF_BANGS =               8
DISTANCE_LIMIT =          0.01
TAU_SCALAR =              1.3
TAU_SCALAR_TINY =         1.1
TAU_SCALAR_BIG =          1.5
ACCEPTANCE_PROB =         0.85
TEMP_EXP_DECAY =          0.8
MIN_TEMP_FRACTION =       0.01
TEMP_DECAY_ITERATIONS =   21
ZERO_TEMP_ITREATIONS =    25
RANDOM_STATES =           3
END_PARAMETERS
##############################################################################
clock_duration  =         1344.66
tau =                     1.4
total_steps =             32
time_step =               0.04375
best_mc_result =          0.00197641
best_mc_result_non_secondary =          0.00470264
evolved_target_dot_squared =  0.998024
distance =          1
j_protocol =  [[1, 1, 1, 1, 0, 1, 1, 1, 1, 1, 1, 1, 1, 0, 1, 1, 1, 0, 1, 1, 1, 1, 1, 1, 1, 1, 1, 1, 1, 1, 1, 1, ],[1, 1, 1, 1, 0, 1, 1, 1, 1, 1, 1, 1, 1, 1, 0, 1, 1, 1, 1, 1, 1, 0, 0, 1, 1, 1, 1, 1, 1, 1, 1, 1, ],]
k_protocol =  [[0, 1, 0, 1, 1, 1, 1, 1, 0, 0, 1, 0, 1, 1, 1, 0, 0, 1, 1, 0, 0, 0, 1, 1, 0, 1, 1, 0, 0, 0, 0, 1, ],[0, 1, 1, 1, 1, 0, 1, 0, 1, 1, 0, 0, 1, 1, 1, 1, 0, 0, 0, 0, 1, 1, 1, 0, 0, 0, 1, 0, 0, 0, 1, 1, ],]
j_protocol_secondary =  [0.0055428, 0.0803032, 0.0863859, 0.180629, 0.1939, 0.583747, 0.583747, 0.771325, 0.771325, 0.952617, 0.952617, 1.03981, 1.03981, 1.33955, 1.33955, 1.39074, ]
k_protocol_secondary =  [0.0417919, 0.100962, 0.126735, 0.346057, 0.432335, 0.494993, 0.510155, 0.663388, 0.742144, 0.837925, 0.947383, 1.05242, 1.10233, 1.15955, 1.34032, 1.4, ]
best_evolved_state = [0.00913798, 0.0307733, 0.0267967, 0.0781406, 0.0163665, 0.0539752, 0.00649304, 0.0266024, 0.0171548, 0.0571912, 0.0347551, 0.110904, 0.0171548, 0.0571912, 0.0525628, 0.134088, 0.0401359, 0.108792, 0.0171548, 0.0571912, 0.00649304, 0.0266024, 0.0163665, 0.0539752, 0.0267967, 0.0781406, 0.030733, 0.0933323, 0.0587221, 0.182608, 0.030733, 0.0933323, 0.0171548, 0.0571912, 0.0401359, 0.108792, 0.0525628, 0.134088, 0.0506834, 0.138824, 0.0163665, 0.0539752, 0.0213301, 0.077873, 0.0280492, 0.0810815, 0.0465235, 0.125977, 0.0657137, 0.17172, 0.0280492, 0.0810815, 0.0347551, 0.110904, 0.0525628, 0.134088, 0.0546963, 0.148573, 0.0525628, 0.134088, 0.00913798, 0.0307733, 0.0267967, 0.0781406, 0.0280492, 0.0810815, 0.030733, 0.0933323, 0.0171548, 0.0571912, 0.030733, 0.0933323, 0.0465235, 0.125977, 0.030733, 0.0933323, 0.0657137, 0.17172, 0.0587221, 0.182608, 0.0267967, 0.0781406, 0.0525628, 0.134088, 0.0506834, 0.138824, 0.0525628, 0.134088, 0.0401359, 0.108792, 0.0267967, 0.0781406, 0.0587221, 0.182608, 0.0657137, 0.17172, 0.0587221, 0.182608, 0.0401359, 0.108792, 0.0163665, 0.0539752, 0.030733, 0.0933323, 0.0280492, 0.0810815, 0.0267967, 0.0781406, 0.0171548, 0.0571912, 0.00649304, 0.0266024, 0.0280492, 0.0810815, 0.0213301, 0.077873, 0.0163665, 0.0539752, 0.0280492, 0.0810815, 0.0267967, 0.0781406, 0.00913798, 0.0307733, 0.0546963, 0.148573, 0.0525628, 0.134088, 0.0347551, 0.110904, 0.0171548, 0.0571912, 0.0280492, 0.0810815, 0.0657137, 0.17172, 0.0465235, 0.125977, 0.030733, 0.0933323, 0.0525628, 0.134088, 0.0213301, 0.077873, 0.0465235, 0.125977, 0.0213301, 0.077873, 0.0163665, 0.0539752, 0.0347551, 0.110904, 0.0163665, 0.0539752, 0.0280492, 0.0810815, 0.030733, 0.0933323, 0.0163665, 0.0539752, 0.00649304, 0.0266024, 0.0171548, 0.0571912, 0.0267967, 0.0781406, 0.00913798, 0.0307733, ]
best_mc_result_fixed_tau =   [0.00470264, 0.00633768, ]
evolved_state_fixed_tau =   [[0.0290296, 0.0145833, 0.0735507, 0.036863, 0.0501147, 0.0303544, 0.0232778, 0.0131459, 0.0484836, 0.0281718, 0.100303, 0.0548421, 0.0484836, 0.0281718, 0.132794, 0.0553148, 0.108347, 0.0488303, 0.0484836, 0.0281718, 0.0232778, 0.0131459, 0.0501147, 0.0303544, 0.0735507, 0.036863, 0.0866753, 0.0439997, 0.177657, 0.0772156, 0.0866753, 0.0439997, 0.0484836, 0.0281718, 0.108347, 0.0488303, 0.132794, 0.0553148, 0.132541, 0.0655152, 0.0501147, 0.0303544, 0.0650034, 0.0391692, 0.0726624, 0.0415843, 0.125223, 0.0554732, 0.173266, 0.0640817, 0.0726624, 0.0415843, 0.100303, 0.0548421, 0.132794, 0.0553148, 0.146981, 0.0654598, 0.132794, 0.0553148, 0.0290296, 0.0145833, 0.0735507, 0.036863, 0.0726624, 0.0415843, 0.0866753, 0.0439997, 0.0484836, 0.0281718, 0.0866753, 0.0439997, 0.125223, 0.0554732, 0.0866753, 0.0439997, 0.173266, 0.0640817, 0.177657, 0.0772156, 0.0735507, 0.036863, 0.132794, 0.0553148, 0.132541, 0.0655152, 0.132794, 0.0553148, 0.108347, 0.0488303, 0.0735507, 0.036863, 0.177657, 0.0772156, 0.173266, 0.0640817, 0.177657, 0.0772156, 0.108347, 0.0488303, 0.0501147, 0.0303544, 0.0866753, 0.0439997, 0.0726624, 0.0415843, 0.0735507, 0.036863, 0.0484836, 0.0281718, 0.0232778, 0.0131459, 0.0726624, 0.0415843, 0.0650034, 0.0391692, 0.0501147, 0.0303544, 0.0726624, 0.0415843, 0.0735507, 0.036863, 0.0290296, 0.0145833, 0.146981, 0.0654598, 0.132794, 0.0553148, 0.100303, 0.0548421, 0.0484836, 0.0281718, 0.0726624, 0.0415843, 0.173266, 0.0640817, 0.125223, 0.0554732, 0.0866753, 0.0439997, 0.132794, 0.0553148, 0.0650034, 0.0391692, 0.125223, 0.0554732, 0.0650034, 0.0391692, 0.0501147, 0.0303544, 0.100303, 0.0548421, 0.0501147, 0.0303544, 0.0726624, 0.0415843, 0.0866753, 0.0439997, 0.0501147, 0.0303544, 0.0232778, 0.0131459, 0.0484836, 0.0281718, 0.0735507, 0.036863, 0.0290296, 0.0145833, ],[0.0366118, -0.00495423, 0.0793294, 0.015755, 0.0534768, 0.0071431, 0.0243044, 0.00829033, 0.0580157, 0.0113026, 0.114283, 0.0184899, 0.0580157, 0.0113026, 0.146089, 0.0236938, 0.117308, 0.00788064, 0.0580157, 0.0113026, 0.0243044, 0.00829033, 0.0534768, 0.0071431, 0.0793294, 0.015755, 0.0951161, 0.0153677, 0.176128, 0.0355549, 0.0951161, 0.0153677, 0.0580157, 0.0113026, 0.117308, 0.00788064, 0.146089, 0.0236938, 0.146793, 0.010873, 0.0534768, 0.0071431, 0.0729242, 0.0228548, 0.0880256, 0.00622518, 0.136676, 0.0180472, 0.190635, 0.0216677, 0.0880256, 0.00622518, 0.114283, 0.0184899, 0.146089, 0.0236938, 0.15347, 0.0267741, 0.146089, 0.0236938, 0.0366118, -0.00495423, 0.0793294, 0.015755, 0.0880256, 0.00622518, 0.0951161, 0.0153677, 0.0580157, 0.0113026, 0.0951161, 0.0153677, 0.136676, 0.0180472, 0.0951161, 0.0153677, 0.190635, 0.0216677, 0.176128, 0.0355549, 0.0793294, 0.015755, 0.146089, 0.0236938, 0.146793, 0.010873, 0.146089, 0.0236938, 0.117308, 0.00788064, 0.0793294, 0.015755, 0.176128, 0.0355549, 0.190635, 0.0216677, 0.176128, 0.0355549, 0.117308, 0.00788064, 0.0534768, 0.0071431, 0.0951161, 0.0153677, 0.0880256, 0.00622518, 0.0793294, 0.015755, 0.0580157, 0.0113026, 0.0243044, 0.00829033, 0.0880256, 0.00622518, 0.0729242, 0.0228548, 0.0534768, 0.0071431, 0.0880256, 0.00622518, 0.0793294, 0.015755, 0.0366118, -0.00495423, 0.15347, 0.0267741, 0.146089, 0.0236938, 0.114283, 0.0184899, 0.0580157, 0.0113026, 0.0880256, 0.00622518, 0.190635, 0.0216677, 0.136676, 0.0180472, 0.0951161, 0.0153677, 0.146089, 0.0236938, 0.0729242, 0.0228548, 0.136676, 0.0180472, 0.0729242, 0.0228548, 0.0534768, 0.0071431, 0.114283, 0.0184899, 0.0534768, 0.0071431, 0.0880256, 0.00622518, 0.0951161, 0.0153677, 0.0534768, 0.0071431, 0.0243044, 0.00829033, 0.0580157, 0.0113026, 0.0793294, 0.015755, 0.0366118, -0.00495423, ],]
