START_PARAMETERS
MAX_STEPS_MCDB =               32
MIN_STEPS_MCDB =               4
STEPS_CRUNCH_MCDB =            1
SWEEPS_MCDB =                  100
TOTAL_STEP_CHANGES =                  6
MCBB_SECONDARY =                  1
SWEEPS_MCBB_SECONDARY =                  300
NUMBER_OF_BANGS =                  8
GROUND_E =                -4.16579
INITIAL_E =               -3.68932
j_initial =               0.358
k_initial =               0.5
b_initial =               0
j_target =                0.566
k_target =                0.25
b_target =                0
init_target_dot_squared = 0.819101
init_state = [-0.00838384, 0, -0.0496444, 0, -0.0143749, 0, -0.00408645, 0, -0.0191681, 0, -0.0617645, 0, -0.0191681, 0, -0.0829106, 0, -0.0891438, 0, -0.0191681, 0, -0.00408645, 0, -0.0143749, 0, -0.0496444, 0, -0.0564944, 0, -0.380638, 0, -0.0564944, 0, -0.0191681, 0, -0.0891438, 0, -0.0829106, 0, -0.100915, 0, -0.0143749, 0, -0.023845, 0, -0.0321767, 0, -0.0825701, 0, -0.220577, 0, -0.0321767, 0, -0.0617645, 0, -0.0829106, 0, -0.0877946, 0, -0.0829106, 0, -0.00838384, 0, -0.0496444, 0, -0.0321767, 0, -0.0564944, 0, -0.0191681, 0, -0.0564944, 0, -0.0825701, 0, -0.0564944, 0, -0.220577, 0, -0.380638, 0, -0.0496444, 0, -0.0829106, 0, -0.100915, 0, -0.0829106, 0, -0.0891438, 0, -0.0496444, 0, -0.380638, 0, -0.220577, 0, -0.380638, 0, -0.0891438, 0, -0.0143749, 0, -0.0564944, 0, -0.0321767, 0, -0.0496444, 0, -0.0191681, 0, -0.00408645, 0, -0.0321767, 0, -0.023845, 0, -0.0143749, 0, -0.0321767, 0, -0.0496444, 0, -0.00838384, 0, -0.0877946, 0, -0.0829106, 0, -0.0617645, 0, -0.0191681, 0, -0.0321767, 0, -0.220577, 0, -0.0825701, 0, -0.0564944, 0, -0.0829106, 0, -0.023845, 0, -0.0825701, 0, -0.023845, 0, -0.0143749, 0, -0.0617645, 0, -0.0143749, 0, -0.0321767, 0, -0.0564944, 0, -0.0143749, 0, -0.00408645, 0, -0.0191681, 0, -0.0496444, 0, -0.00838384, 0, ]
target_state = [0.0263267, 0, 0.0766629, 0, 0.0442061, 0, 0.0206637, 0, 0.0500912, 0, 0.11021, 0, 0.0500912, 0, 0.136433, 0, 0.114822, 0, 0.0500912, 0, 0.0206637, 0, 0.0442061, 0, 0.0766629, 0, 0.0905652, 0, 0.236023, 0, 0.0905652, 0, 0.0500912, 0, 0.114822, 0, 0.136433, 0, 0.138284, 0, 0.0442061, 0, 0.0663085, 0, 0.0711626, 0, 0.128648, 0, 0.204627, 0, 0.0711626, 0, 0.11021, 0, 0.136433, 0, 0.148461, 0, 0.136433, 0, 0.0263267, 0, 0.0766629, 0, 0.0711626, 0, 0.0905652, 0, 0.0500912, 0, 0.0905652, 0, 0.128648, 0, 0.0905652, 0, 0.204627, 0, 0.236023, 0, 0.0766629, 0, 0.136433, 0, 0.138284, 0, 0.136433, 0, 0.114822, 0, 0.0766629, 0, 0.236023, 0, 0.204627, 0, 0.236023, 0, 0.114822, 0, 0.0442061, 0, 0.0905652, 0, 0.0711626, 0, 0.0766629, 0, 0.0500912, 0, 0.0206637, 0, 0.0711626, 0, 0.0663085, 0, 0.0442061, 0, 0.0711626, 0, 0.0766629, 0, 0.0263267, 0, 0.148461, 0, 0.136433, 0, 0.11021, 0, 0.0500912, 0, 0.0711626, 0, 0.204627, 0, 0.128648, 0, 0.0905652, 0, 0.136433, 0, 0.0663085, 0, 0.128648, 0, 0.0663085, 0, 0.0442061, 0, 0.11021, 0, 0.0442061, 0, 0.0711626, 0, 0.0905652, 0, 0.0442061, 0, 0.0206637, 0, 0.0500912, 0, 0.0766629, 0, 0.0263267, 0, ]
USE_ENERGY_DISTANCE =     false
PERIODIC =                false
UNIFORM_SITES =           true
DEVICE_DIMENSION =        2
MAX_PARAM =               1
MIN_PARAM =               0
MIN_PARAM =               0
DIAG =                    true
NUM_SEEDS =               2
NUMBER_OF_BANGS =               8
DISTANCE_LIMIT =          0.01
TAU_SCALAR =              1.3
TAU_SCALAR_TINY =         1.1
TAU_SCALAR_BIG =          1.5
ACCEPTANCE_PROB =         0.85
TEMP_EXP_DECAY =          0.8
MIN_TEMP_FRACTION =       0.01
TEMP_DECAY_ITERATIONS =   21
ZERO_TEMP_ITREATIONS =    25
RANDOM_STATES =           3
END_PARAMETERS
##############################################################################
clock_duration  =         1044.86
tau =                     1.6
total_steps =             32
time_step =               0.05
best_mc_result =          0.00137663
best_mc_result_non_secondary =          0.00370938
evolved_target_dot_squared =  0.998623
distance =          1
j_protocol =  [[1, 1, 1, 1, 1, 1, 0, 0, 1, 1, 1, 1, 1, 0, 0, 1, 1, 1, 0, 1, 1, 1, 1, 1, 1, 1, 1, 0, 1, 1, 0, 1, ],[1, 1, 1, 1, 1, 1, 1, 1, 0, 0, 1, 1, 1, 0, 1, 1, 0, 0, 1, 1, 1, 1, 1, 1, 1, 1, 1, 1, 1, 1, 1, 1, ],]
k_protocol =  [[1, 1, 1, 1, 1, 0, 1, 1, 1, 1, 0, 0, 1, 1, 1, 1, 0, 1, 1, 0, 1, 1, 1, 1, 0, 1, 0, 1, 1, 0, 1, 0, ],[1, 1, 1, 1, 1, 1, 1, 1, 1, 1, 0, 0, 0, 1, 0, 1, 1, 1, 1, 0, 1, 0, 1, 1, 1, 1, 1, 1, 0, 0, 1, 1, ],]
j_protocol_secondary =  [0, 0.0472433, 0.059717, 0.112959, 0.132793, 0.404538, 0.503701, 0.651708, 0.703976, 0.809434, 0.886702, 0.966475, 0.966475, 1.3889, 1.3889, 1.57295, ]
k_protocol_secondary =  [0.00808737, 0.00808737, 0.0132592, 0.500165, 0.64598, 0.712604, 0.747141, 0.949654, 0.998329, 1.0554, 1.08903, 1.39352, 1.47992, 1.47992, 1.49679, 1.6, ]
best_evolved_state = [-0.0204235, 0.0178903, -0.0461171, 0.0578533, -0.0259497, 0.0315083, -0.0138741, 0.011867, -0.0302913, 0.0357457, -0.0707536, 0.0816955, -0.0302913, 0.0357457, -0.0908383, 0.108541, -0.0723655, 0.0886954, -0.0302913, 0.0357457, -0.0138741, 0.011867, -0.0259497, 0.0315083, -0.0461171, 0.0578533, -0.0571796, 0.0677638, -0.150268, 0.179221, -0.0571796, 0.0677638, -0.0302913, 0.0357457, -0.0723655, 0.0886954, -0.0908383, 0.108541, -0.0979995, 0.108317, -0.0259497, 0.0315083, -0.0419937, 0.0468323, -0.0428065, 0.0556495, -0.0790359, 0.0996914, -0.125651, 0.163346, -0.0428065, 0.0556495, -0.0707536, 0.0816955, -0.0908383, 0.108541, -0.100325, 0.116746, -0.0908383, 0.108541, -0.0204235, 0.0178903, -0.0461171, 0.0578533, -0.0428065, 0.0556495, -0.0571796, 0.0677638, -0.0302913, 0.0357457, -0.0571796, 0.0677638, -0.0790359, 0.0996914, -0.0571796, 0.0677638, -0.125651, 0.163346, -0.150268, 0.179221, -0.0461171, 0.0578533, -0.0908383, 0.108541, -0.0979995, 0.108317, -0.0908383, 0.108541, -0.0723655, 0.0886954, -0.0461171, 0.0578533, -0.150268, 0.179221, -0.125651, 0.163346, -0.150268, 0.179221, -0.0723655, 0.0886954, -0.0259497, 0.0315083, -0.0571796, 0.0677638, -0.0428065, 0.0556495, -0.0461171, 0.0578533, -0.0302913, 0.0357457, -0.0138741, 0.011867, -0.0428065, 0.0556495, -0.0419937, 0.0468323, -0.0259497, 0.0315083, -0.0428065, 0.0556495, -0.0461171, 0.0578533, -0.0204235, 0.0178903, -0.100325, 0.116746, -0.0908383, 0.108541, -0.0707536, 0.0816955, -0.0302913, 0.0357457, -0.0428065, 0.0556495, -0.125651, 0.163346, -0.0790359, 0.0996914, -0.0571796, 0.0677638, -0.0908383, 0.108541, -0.0419937, 0.0468323, -0.0790359, 0.0996914, -0.0419937, 0.0468323, -0.0259497, 0.0315083, -0.0707536, 0.0816955, -0.0259497, 0.0315083, -0.0428065, 0.0556495, -0.0571796, 0.0677638, -0.0259497, 0.0315083, -0.0138741, 0.011867, -0.0302913, 0.0357457, -0.0461171, 0.0578533, -0.0204235, 0.0178903, ]
best_mc_result_fixed_tau =   [0.00570563, 0.00370938, ]
evolved_state_fixed_tau =   [[0.000257621, 0.0134408, -0.00668936, 0.0780819, -0.00414628, 0.0418154, -0.00576603, 0.015493, -0.00664983, 0.0456515, -0.016136, 0.0986713, -0.00664983, 0.0456515, -0.0186958, 0.145508, -0.00247746, 0.112408, -0.00664983, 0.0456515, -0.00576603, 0.015493, -0.00414628, 0.0418154, -0.00668936, 0.0780819, -0.0100699, 0.0878996, -0.0235401, 0.240419, -0.0100699, 0.0878996, -0.00664983, 0.0456515, -0.00247746, 0.112408, -0.0186958, 0.145508, -0.0207714, 0.134782, -0.00414628, 0.0418154, -0.0176623, 0.0633911, -0.00214083, 0.0639711, -0.0117931, 0.125136, -0.00254614, 0.203661, -0.00214083, 0.0639711, -0.016136, 0.0986713, -0.0186958, 0.145508, -0.0212659, 0.144568, -0.0186958, 0.145508, 0.000257621, 0.0134408, -0.00668936, 0.0780819, -0.00214083, 0.0639711, -0.0100699, 0.0878996, -0.00664983, 0.0456515, -0.0100699, 0.0878996, -0.0117931, 0.125136, -0.0100699, 0.0878996, -0.00254614, 0.203661, -0.0235401, 0.240419, -0.00668936, 0.0780819, -0.0186958, 0.145508, -0.0207714, 0.134782, -0.0186958, 0.145508, -0.00247746, 0.112408, -0.00668936, 0.0780819, -0.0235401, 0.240419, -0.00254614, 0.203661, -0.0235401, 0.240419, -0.00247746, 0.112408, -0.00414628, 0.0418154, -0.0100699, 0.0878996, -0.00214083, 0.0639711, -0.00668936, 0.0780819, -0.00664983, 0.0456515, -0.00576603, 0.015493, -0.00214083, 0.0639711, -0.0176623, 0.0633911, -0.00414628, 0.0418154, -0.00214083, 0.0639711, -0.00668936, 0.0780819, 0.000257621, 0.0134408, -0.0212659, 0.144568, -0.0186958, 0.145508, -0.016136, 0.0986713, -0.00664983, 0.0456515, -0.00214083, 0.0639711, -0.00254614, 0.203661, -0.0117931, 0.125136, -0.0100699, 0.0878996, -0.0186958, 0.145508, -0.0176623, 0.0633911, -0.0117931, 0.125136, -0.0176623, 0.0633911, -0.00414628, 0.0418154, -0.016136, 0.0986713, -0.00414628, 0.0418154, -0.00214083, 0.0639711, -0.0100699, 0.0878996, -0.00414628, 0.0418154, -0.00576603, 0.015493, -0.00664983, 0.0456515, -0.00668936, 0.0780819, 0.000257621, 0.0134408, ],[-0.021436, 0.0127556, -0.0516406, 0.0521867, -0.0279816, 0.0330379, -0.0123696, 0.00597921, -0.0345852, 0.0265654, -0.0838078, 0.0735355, -0.0345852, 0.0265654, -0.096946, 0.098801, -0.0831071, 0.0792582, -0.0345852, 0.0265654, -0.0123696, 0.00597921, -0.0279816, 0.0330379, -0.0516406, 0.0521867, -0.0651979, 0.0598987, -0.179229, 0.154332, -0.0651979, 0.0598987, -0.0345852, 0.0265654, -0.0831071, 0.0792582, -0.096946, 0.098801, -0.122622, 0.0983205, -0.0279816, 0.0330379, -0.0472887, 0.0405392, -0.0546764, 0.0487259, -0.0902956, 0.0924234, -0.140931, 0.140603, -0.0546764, 0.0487259, -0.0838078, 0.0735355, -0.096946, 0.098801, -0.112162, 0.106977, -0.096946, 0.098801, -0.021436, 0.0127556, -0.0516406, 0.0521867, -0.0546764, 0.0487259, -0.0651979, 0.0598987, -0.0345852, 0.0265654, -0.0651979, 0.0598987, -0.0902956, 0.0924234, -0.0651979, 0.0598987, -0.140931, 0.140603, -0.179229, 0.154332, -0.0516406, 0.0521867, -0.096946, 0.098801, -0.122622, 0.0983205, -0.096946, 0.098801, -0.0831071, 0.0792582, -0.0516406, 0.0521867, -0.179229, 0.154332, -0.140931, 0.140603, -0.179229, 0.154332, -0.0831071, 0.0792582, -0.0279816, 0.0330379, -0.0651979, 0.0598987, -0.0546764, 0.0487259, -0.0516406, 0.0521867, -0.0345852, 0.0265654, -0.0123696, 0.00597921, -0.0546764, 0.0487259, -0.0472887, 0.0405392, -0.0279816, 0.0330379, -0.0546764, 0.0487259, -0.0516406, 0.0521867, -0.021436, 0.0127556, -0.112162, 0.106977, -0.096946, 0.098801, -0.0838078, 0.0735355, -0.0345852, 0.0265654, -0.0546764, 0.0487259, -0.140931, 0.140603, -0.0902956, 0.0924234, -0.0651979, 0.0598987, -0.096946, 0.098801, -0.0472887, 0.0405392, -0.0902956, 0.0924234, -0.0472887, 0.0405392, -0.0279816, 0.0330379, -0.0838078, 0.0735355, -0.0279816, 0.0330379, -0.0546764, 0.0487259, -0.0651979, 0.0598987, -0.0279816, 0.0330379, -0.0123696, 0.00597921, -0.0345852, 0.0265654, -0.0516406, 0.0521867, -0.021436, 0.0127556, ],]
