START_PARAMETERS
MAX_STEPS_MCDB =               32
MIN_STEPS_MCDB =               4
STEPS_CRUNCH_MCDB =            1
SWEEPS_MCDB =                  100
TOTAL_STEP_CHANGES =                  6
MCBB_SECONDARY =                  1
SWEEPS_MCBB_SECONDARY =                  250
NUMBER_OF_BANGS =                  7
GROUND_E =                -5.24376
INITIAL_E =               -4.86384
j_initial =               0.769
k_initial =               0.062
b_initial =               0
j_target =                0.619
k_target =                0.5
b_target =                0
init_target_dot_squared = 0.885303
init_state = [-0.0417738, 0, -0.0894738, 0, -0.0645793, 0, -0.0389215, 0, -0.0693626, 0, -0.115303, 0, -0.0693626, 0, -0.138806, 0, -0.119296, 0, -0.0693626, 0, -0.0389215, 0, -0.0645793, 0, -0.0894738, 0, -0.103221, 0, -0.183131, 0, -0.103221, 0, -0.0693626, 0, -0.119296, 0, -0.138806, 0, -0.140467, 0, -0.0645793, 0, -0.0871455, 0, -0.0893102, 0, -0.131955, 0, -0.174168, 0, -0.0893102, 0, -0.115303, 0, -0.138806, 0, -0.146283, 0, -0.138806, 0, -0.0417738, 0, -0.0894738, 0, -0.0893102, 0, -0.103221, 0, -0.0693626, 0, -0.103221, 0, -0.131955, 0, -0.103221, 0, -0.174168, 0, -0.183131, 0, -0.0894738, 0, -0.138806, 0, -0.140467, 0, -0.138806, 0, -0.119296, 0, -0.0894738, 0, -0.183131, 0, -0.174168, 0, -0.183131, 0, -0.119296, 0, -0.0645793, 0, -0.103221, 0, -0.0893102, 0, -0.0894738, 0, -0.0693626, 0, -0.0389215, 0, -0.0893102, 0, -0.0871455, 0, -0.0645793, 0, -0.0893102, 0, -0.0894738, 0, -0.0417738, 0, -0.146283, 0, -0.138806, 0, -0.115303, 0, -0.0693626, 0, -0.0893102, 0, -0.174168, 0, -0.131955, 0, -0.103221, 0, -0.138806, 0, -0.0871455, 0, -0.131955, 0, -0.0871455, 0, -0.0645793, 0, -0.115303, 0, -0.0645793, 0, -0.0893102, 0, -0.103221, 0, -0.0645793, 0, -0.0389215, 0, -0.0693626, 0, -0.0894738, 0, -0.0417738, 0, ]
target_state = [0.0169862, 0, 0.065127, 0, 0.0293205, 0, 0.0110327, 0, 0.035234, 0, 0.0959653, 0, 0.035234, 0, 0.120776, 0, 0.10655, 0, 0.035234, 0, 0.0110327, 0, 0.0293205, 0, 0.065127, 0, 0.0767255, 0, 0.295299, 0, 0.0767255, 0, 0.035234, 0, 0.10655, 0, 0.120776, 0, 0.126745, 0, 0.0293205, 0, 0.0469012, 0, 0.0540964, 0, 0.115241, 0, 0.223426, 0, 0.0540964, 0, 0.0959653, 0, 0.120776, 0, 0.133483, 0, 0.120776, 0, 0.0169862, 0, 0.065127, 0, 0.0540964, 0, 0.0767255, 0, 0.035234, 0, 0.0767255, 0, 0.115241, 0, 0.0767255, 0, 0.223426, 0, 0.295299, 0, 0.065127, 0, 0.120776, 0, 0.126745, 0, 0.120776, 0, 0.10655, 0, 0.065127, 0, 0.295299, 0, 0.223426, 0, 0.295299, 0, 0.10655, 0, 0.0293205, 0, 0.0767255, 0, 0.0540964, 0, 0.065127, 0, 0.035234, 0, 0.0110327, 0, 0.0540964, 0, 0.0469012, 0, 0.0293205, 0, 0.0540964, 0, 0.065127, 0, 0.0169862, 0, 0.133483, 0, 0.120776, 0, 0.0959653, 0, 0.035234, 0, 0.0540964, 0, 0.223426, 0, 0.115241, 0, 0.0767255, 0, 0.120776, 0, 0.0469012, 0, 0.115241, 0, 0.0469012, 0, 0.0293205, 0, 0.0959653, 0, 0.0293205, 0, 0.0540964, 0, 0.0767255, 0, 0.0293205, 0, 0.0110327, 0, 0.035234, 0, 0.065127, 0, 0.0169862, 0, ]
USE_ENERGY_DISTANCE =     false
PERIODIC =                false
UNIFORM_SITES =           true
DEVICE_DIMENSION =        2
MAX_PARAM =               1
MIN_PARAM =               0
MIN_PARAM =               0
DIAG =                    true
NUM_SEEDS =               2
NUMBER_OF_BANGS =               7
DISTANCE_LIMIT =          0.02
TAU_SCALAR =              1.2
TAU_SCALAR_TINY =         1.1
TAU_SCALAR_BIG =          1.4
ACCEPTANCE_PROB =         0.85
TEMP_EXP_DECAY =          0.8
MIN_TEMP_FRACTION =       0.01
TEMP_DECAY_ITERATIONS =   21
ZERO_TEMP_ITREATIONS =    15
RANDOM_STATES =           3
END_PARAMETERS
##############################################################################
clock_duration  =         514.725
tau =                     0.6
total_steps =             32
time_step =               0.01875
best_mc_result =          0.0227922
best_mc_result_non_secondary =          0.022992
evolved_target_dot_squared =  0.977208
distance =          1
j_protocol =  [[1, 1, 1, 1, 1, 1, 1, 1, 1, 1, 1, 1, 1, 1, 1, 1, 1, 1, 1, 1, 1, 1, 1, 1, 1, 1, 1, 1, 1, 1, 1, 1, ],[1, 1, 1, 1, 1, 1, 1, 1, 1, 1, 1, 1, 1, 1, 1, 1, 1, 1, 1, 1, 1, 1, 1, 1, 1, 1, 1, 1, 1, 1, 1, 1, ],]
k_protocol =  [[1, 1, 1, 1, 0, 0, 0, 0, 0, 0, 0, 0, 1, 1, 0, 0, 0, 0, 1, 1, 1, 1, 1, 1, 1, 1, 0, 0, 0, 0, 0, 0, ],[1, 1, 1, 1, 1, 0, 0, 0, 0, 0, 0, 0, 0, 0, 0, 0, 0, 1, 1, 1, 1, 1, 1, 1, 1, 1, 0, 0, 0, 0, 0, 0, ],]
j_protocol_secondary =  [0.00472864, 0.0533789, 0.0533789, 0.0877072, 0.0877072, 0.245747, 0.245747, 0.412442, 0.412442, 0.428862, 0.428862, 0.512918, 0.512918, 0.6, ]
k_protocol_secondary =  [0, 0.0744074, 0.0744074, 0.0897367, 0.123488, 0.123488, 0.156719, 0.156719, 0.312806, 0.466059, 0.466059, 0.467357, 0.467357, 0.483809, ]
best_evolved_state = [0.0100798, 0.0128225, 0.0194916, 0.0585469, 0.0174837, 0.0206155, 0.00564294, 0.0100103, 0.0144993, 0.0365162, 0.0761559, 0.0877175, 0.0144993, 0.0365162, 0.0518444, 0.130501, 0.0284354, 0.095629, 0.0144993, 0.0365162, 0.00564294, 0.0100103, 0.0174837, 0.0206155, 0.0194916, 0.0585469, 0.0271775, 0.0733699, 0.0737041, 0.245089, 0.0271775, 0.0733699, 0.0144993, 0.0365162, 0.0284354, 0.095629, 0.0518444, 0.130501, 0.0342506, 0.126979, 0.0174837, 0.0206155, 0.0259195, 0.0511108, 0.0200269, 0.0533467, 0.0540281, 0.11613, 0.0726139, 0.214663, 0.0200269, 0.0533467, 0.0761559, 0.0877175, 0.0518444, 0.130501, 0.0711023, 0.127253, 0.0518444, 0.130501, 0.0100798, 0.0128225, 0.0194916, 0.0585469, 0.0200269, 0.0533467, 0.0271775, 0.0733699, 0.0144993, 0.0365162, 0.0271775, 0.0733699, 0.0540281, 0.11613, 0.0271775, 0.0733699, 0.0726139, 0.214663, 0.0737041, 0.245089, 0.0194916, 0.0585469, 0.0518444, 0.130501, 0.0342506, 0.126979, 0.0518444, 0.130501, 0.0284354, 0.095629, 0.0194916, 0.0585469, 0.0737041, 0.245089, 0.0726139, 0.214663, 0.0737041, 0.245089, 0.0284354, 0.095629, 0.0174837, 0.0206155, 0.0271775, 0.0733699, 0.0200269, 0.0533467, 0.0194916, 0.0585469, 0.0144993, 0.0365162, 0.00564294, 0.0100103, 0.0200269, 0.0533467, 0.0259195, 0.0511108, 0.0174837, 0.0206155, 0.0200269, 0.0533467, 0.0194916, 0.0585469, 0.0100798, 0.0128225, 0.0711023, 0.127253, 0.0518444, 0.130501, 0.0761559, 0.0877175, 0.0144993, 0.0365162, 0.0200269, 0.0533467, 0.0726139, 0.214663, 0.0540281, 0.11613, 0.0271775, 0.0733699, 0.0518444, 0.130501, 0.0259195, 0.0511108, 0.0540281, 0.11613, 0.0259195, 0.0511108, 0.0174837, 0.0206155, 0.0761559, 0.0877175, 0.0174837, 0.0206155, 0.0200269, 0.0533467, 0.0271775, 0.0733699, 0.0174837, 0.0206155, 0.00564294, 0.0100103, 0.0144993, 0.0365162, 0.0194916, 0.0585469, 0.0100798, 0.0128225, ]
best_mc_result_fixed_tau =   [0.0242437, 0.022992, ]
evolved_state_fixed_tau =   [[0.00803653, 0.0159343, 0.0158163, 0.0575391, 0.0170473, 0.021981, 0.00509008, 0.00838095, 0.0121681, 0.0351067, 0.076683, 0.0924659, 0.0121681, 0.0351067, 0.04566, 0.130202, 0.0195025, 0.0988289, 0.0121681, 0.0351067, 0.00509008, 0.00838095, 0.0170473, 0.021981, 0.0158163, 0.0575391, 0.0220837, 0.0732192, 0.066738, 0.248992, 0.0220837, 0.0732192, 0.0121681, 0.0351067, 0.0195025, 0.0988289, 0.04566, 0.130202, 0.0222433, 0.130677, 0.0170473, 0.021981, 0.0246648, 0.0476094, 0.0151576, 0.0548623, 0.0490411, 0.118123, 0.060708, 0.219371, 0.0151576, 0.0548623, 0.076683, 0.0924659, 0.04566, 0.130202, 0.0716421, 0.130234, 0.04566, 0.130202, 0.00803653, 0.0159343, 0.0158163, 0.0575391, 0.0151576, 0.0548623, 0.0220837, 0.0732192, 0.0121681, 0.0351067, 0.0220837, 0.0732192, 0.0490411, 0.118123, 0.0220837, 0.0732192, 0.060708, 0.219371, 0.066738, 0.248992, 0.0158163, 0.0575391, 0.04566, 0.130202, 0.0222433, 0.130677, 0.04566, 0.130202, 0.0195025, 0.0988289, 0.0158163, 0.0575391, 0.066738, 0.248992, 0.060708, 0.219371, 0.066738, 0.248992, 0.0195025, 0.0988289, 0.0170473, 0.021981, 0.0220837, 0.0732192, 0.0151576, 0.0548623, 0.0158163, 0.0575391, 0.0121681, 0.0351067, 0.00509008, 0.00838095, 0.0151576, 0.0548623, 0.0246648, 0.0476094, 0.0170473, 0.021981, 0.0151576, 0.0548623, 0.0158163, 0.0575391, 0.00803653, 0.0159343, 0.0716421, 0.130234, 0.04566, 0.130202, 0.076683, 0.0924659, 0.0121681, 0.0351067, 0.0151576, 0.0548623, 0.060708, 0.219371, 0.0490411, 0.118123, 0.0220837, 0.0732192, 0.04566, 0.130202, 0.0246648, 0.0476094, 0.0490411, 0.118123, 0.0246648, 0.0476094, 0.0170473, 0.021981, 0.076683, 0.0924659, 0.0170473, 0.021981, 0.0151576, 0.0548623, 0.0220837, 0.0732192, 0.0170473, 0.021981, 0.00509008, 0.00838095, 0.0121681, 0.0351067, 0.0158163, 0.0575391, 0.00803653, 0.0159343, ],[0.011199, 0.0126644, 0.0176724, 0.060082, 0.0169516, 0.0208872, 0.00494427, 0.0106968, 0.0132613, 0.0376692, 0.0718927, 0.0890115, 0.0132613, 0.0376692, 0.0470452, 0.132718, 0.0276095, 0.0969732, 0.0132613, 0.0376692, 0.00494427, 0.0106968, 0.0169516, 0.0208872, 0.0176724, 0.060082, 0.0253561, 0.0749522, 0.0629076, 0.246596, 0.0253561, 0.0749522, 0.0132613, 0.0376692, 0.0276095, 0.0969732, 0.0470452, 0.132718, 0.0332348, 0.128663, 0.0169516, 0.0208872, 0.0231027, 0.0529311, 0.0197723, 0.0543677, 0.0502645, 0.117642, 0.0661042, 0.216708, 0.0197723, 0.0543677, 0.0718927, 0.0890115, 0.0470452, 0.132718, 0.0645971, 0.128453, 0.0470452, 0.132718, 0.011199, 0.0126644, 0.0176724, 0.060082, 0.0197723, 0.0543677, 0.0253561, 0.0749522, 0.0132613, 0.0376692, 0.0253561, 0.0749522, 0.0502645, 0.117642, 0.0253561, 0.0749522, 0.0661042, 0.216708, 0.0629076, 0.246596, 0.0176724, 0.060082, 0.0470452, 0.132718, 0.0332348, 0.128663, 0.0470452, 0.132718, 0.0276095, 0.0969732, 0.0176724, 0.060082, 0.0629076, 0.246596, 0.0661042, 0.216708, 0.0629076, 0.246596, 0.0276095, 0.0969732, 0.0169516, 0.0208872, 0.0253561, 0.0749522, 0.0197723, 0.0543677, 0.0176724, 0.060082, 0.0132613, 0.0376692, 0.00494427, 0.0106968, 0.0197723, 0.0543677, 0.0231027, 0.0529311, 0.0169516, 0.0208872, 0.0197723, 0.0543677, 0.0176724, 0.060082, 0.011199, 0.0126644, 0.0645971, 0.128453, 0.0470452, 0.132718, 0.0718927, 0.0890115, 0.0132613, 0.0376692, 0.0197723, 0.0543677, 0.0661042, 0.216708, 0.0502645, 0.117642, 0.0253561, 0.0749522, 0.0470452, 0.132718, 0.0231027, 0.0529311, 0.0502645, 0.117642, 0.0231027, 0.0529311, 0.0169516, 0.0208872, 0.0718927, 0.0890115, 0.0169516, 0.0208872, 0.0197723, 0.0543677, 0.0253561, 0.0749522, 0.0169516, 0.0208872, 0.00494427, 0.0106968, 0.0132613, 0.0376692, 0.0176724, 0.060082, 0.011199, 0.0126644, ],]
