START_PARAMETERS
MAX_STEPS_MCDB =               32
MIN_STEPS_MCDB =               4
STEPS_CRUNCH_MCDB =            1
SWEEPS_MCDB =                  100
TOTAL_STEP_CHANGES =                  6
MCBB_SECONDARY =                  1
SWEEPS_MCBB_SECONDARY =                  250
NUMBER_OF_BANGS =                  7
GROUND_E =                -4.30065
INITIAL_E =               -3.77102
j_initial =               0.52
k_initial =               0.5
b_initial =               0
j_target =                0.653
k_target =                0.062
b_target =                0
init_target_dot_squared = 0.841909
init_state = [-0.0141331, 0, -0.0607205, 0, -0.0244508, 0, -0.00848772, 0, -0.030167, 0, -0.0876291, 0, -0.030167, 0, -0.11148, 0, -0.10234, 0, -0.030167, 0, -0.00848772, 0, -0.0244508, 0, -0.0607205, 0, -0.0710533, 0, -0.320096, 0, -0.0710533, 0, -0.030167, 0, -0.10234, 0, -0.11148, 0, -0.120363, 0, -0.0244508, 0, -0.0397662, 0, -0.0475949, 0, -0.107373, 0, -0.226573, 0, -0.0475949, 0, -0.0876291, 0, -0.11148, 0, -0.122896, 0, -0.11148, 0, -0.0141331, 0, -0.0607205, 0, -0.0475949, 0, -0.0710533, 0, -0.030167, 0, -0.0710533, 0, -0.107373, 0, -0.0710533, 0, -0.226573, 0, -0.320096, 0, -0.0607205, 0, -0.11148, 0, -0.120363, 0, -0.11148, 0, -0.10234, 0, -0.0607205, 0, -0.320096, 0, -0.226573, 0, -0.320096, 0, -0.10234, 0, -0.0244508, 0, -0.0710533, 0, -0.0475949, 0, -0.0607205, 0, -0.030167, 0, -0.00848772, 0, -0.0475949, 0, -0.0397662, 0, -0.0244508, 0, -0.0475949, 0, -0.0607205, 0, -0.0141331, 0, -0.122896, 0, -0.11148, 0, -0.0876291, 0, -0.030167, 0, -0.0475949, 0, -0.226573, 0, -0.107373, 0, -0.0710533, 0, -0.11148, 0, -0.0397662, 0, -0.107373, 0, -0.0397662, 0, -0.0244508, 0, -0.0876291, 0, -0.0244508, 0, -0.0475949, 0, -0.0710533, 0, -0.0244508, 0, -0.00848772, 0, -0.030167, 0, -0.0607205, 0, -0.0141331, 0, ]
target_state = [-0.0409673, 0, -0.0889465, 0, -0.0636442, 0, -0.0379407, 0, -0.0684988, 0, -0.115255, 0, -0.0684988, 0, -0.139001, 0, -0.119222, 0, -0.0684988, 0, -0.0379407, 0, -0.0636442, 0, -0.0889465, 0, -0.102775, 0, -0.185098, 0, -0.102775, 0, -0.0684988, 0, -0.119222, 0, -0.139001, 0, -0.140632, 0, -0.0636442, 0, -0.0863277, 0, -0.0885908, 0, -0.132041, 0, -0.175544, 0, -0.0885908, 0, -0.115255, 0, -0.139001, 0, -0.146687, 0, -0.139001, 0, -0.0409673, 0, -0.0889465, 0, -0.0885908, 0, -0.102775, 0, -0.0684988, 0, -0.102775, 0, -0.132041, 0, -0.102775, 0, -0.175544, 0, -0.185098, 0, -0.0889465, 0, -0.139001, 0, -0.140632, 0, -0.139001, 0, -0.119222, 0, -0.0889465, 0, -0.185098, 0, -0.175544, 0, -0.185098, 0, -0.119222, 0, -0.0636442, 0, -0.102775, 0, -0.0885908, 0, -0.0889465, 0, -0.0684988, 0, -0.0379407, 0, -0.0885908, 0, -0.0863277, 0, -0.0636442, 0, -0.0885908, 0, -0.0889465, 0, -0.0409673, 0, -0.146687, 0, -0.139001, 0, -0.115255, 0, -0.0684988, 0, -0.0885908, 0, -0.175544, 0, -0.132041, 0, -0.102775, 0, -0.139001, 0, -0.0863277, 0, -0.132041, 0, -0.0863277, 0, -0.0636442, 0, -0.115255, 0, -0.0636442, 0, -0.0885908, 0, -0.102775, 0, -0.0636442, 0, -0.0379407, 0, -0.0684988, 0, -0.0889465, 0, -0.0409673, 0, ]
USE_ENERGY_DISTANCE =     false
PERIODIC =                false
UNIFORM_SITES =           true
DEVICE_DIMENSION =        2
MAX_PARAM =               1
MIN_PARAM =               0
MIN_PARAM =               0
DIAG =                    true
NUM_SEEDS =               2
NUMBER_OF_BANGS =               7
DISTANCE_LIMIT =          0.02
TAU_SCALAR =              1.2
TAU_SCALAR_TINY =         1.1
TAU_SCALAR_BIG =          1.4
ACCEPTANCE_PROB =         0.85
TEMP_EXP_DECAY =          0.8
MIN_TEMP_FRACTION =       0.01
TEMP_DECAY_ITERATIONS =   21
ZERO_TEMP_ITREATIONS =    15
RANDOM_STATES =           3
END_PARAMETERS
##############################################################################
clock_duration  =         515.5
tau =                     0.6
total_steps =             32
time_step =               0.01875
best_mc_result =          0.0371414
best_mc_result_non_secondary =          0.0402862
evolved_target_dot_squared =  0.962859
distance =          1
j_protocol =  [[1, 1, 1, 1, 1, 1, 1, 1, 1, 1, 1, 1, 1, 1, 1, 1, 1, 1, 1, 1, 1, 1, 1, 1, 1, 1, 1, 1, 1, 1, 1, 0, ],[1, 1, 1, 1, 1, 1, 1, 1, 1, 1, 1, 1, 1, 1, 1, 1, 1, 1, 1, 1, 1, 1, 1, 1, 1, 1, 1, 1, 1, 1, 1, 1, ],]
k_protocol =  [[0, 0, 0, 0, 1, 1, 1, 1, 1, 1, 1, 1, 0, 0, 0, 0, 1, 1, 1, 1, 0, 0, 0, 0, 0, 0, 0, 0, 1, 1, 1, 1, ],[0, 0, 0, 0, 1, 1, 1, 1, 1, 1, 1, 1, 0, 0, 0, 0, 1, 1, 1, 1, 0, 0, 0, 0, 0, 0, 0, 0, 1, 1, 1, 1, ],]
j_protocol_secondary =  [0, 0.0699397, 0.0699397, 0.113167, 0.113167, 0.309126, 0.309126, 0.394884, 0.394884, 0.471408, 0.471408, 0.501325, 0.501325, 0.593637, ]
k_protocol_secondary =  [0.0992146, 0.121526, 0.121526, 0.243497, 0.243497, 0.272897, 0.277189, 0.305693, 0.351319, 0.351319, 0.498667, 0.545641, 0.545641, 0.6, ]
best_evolved_state = [0.00345466, 0.0371391, 0.0275487, 0.0726342, 0.000569207, 0.0550738, 0.0042196, 0.0247299, 0.0124877, 0.0518943, -0.0225614, 0.115831, 0.0124877, 0.0518943, 0.0281269, 0.1348, 0.0524764, 0.113164, 0.0124877, 0.0518943, 0.0042196, 0.0247299, 0.000569207, 0.0550738, 0.0275487, 0.0726342, 0.0300049, 0.0914839, 0.0841429, 0.187399, 0.0300049, 0.0914839, 0.0124877, 0.0518943, 0.0524764, 0.113164, 0.0281269, 0.1348, 0.0554466, 0.14164, 0.000569207, 0.0550738, 0.00753339, 0.069804, 0.0121631, 0.0788348, 0.0227314, 0.131953, 0.0612287, 0.180256, 0.0121631, 0.0788348, -0.0225614, 0.115831, 0.0281269, 0.1348, -0.0128896, 0.158252, 0.0281269, 0.1348, 0.00345466, 0.0371391, 0.0275487, 0.0726342, 0.0121631, 0.0788348, 0.0300049, 0.0914839, 0.0124877, 0.0518943, 0.0300049, 0.0914839, 0.0227314, 0.131953, 0.0300049, 0.0914839, 0.0612287, 0.180256, 0.0841429, 0.187399, 0.0275487, 0.0726342, 0.0281269, 0.1348, 0.0554466, 0.14164, 0.0281269, 0.1348, 0.0524764, 0.113164, 0.0275487, 0.0726342, 0.0841429, 0.187399, 0.0612287, 0.180256, 0.0841429, 0.187399, 0.0524764, 0.113164, 0.000569207, 0.0550738, 0.0300049, 0.0914839, 0.0121631, 0.0788348, 0.0275487, 0.0726342, 0.0124877, 0.0518943, 0.0042196, 0.0247299, 0.0121631, 0.0788348, 0.00753339, 0.069804, 0.000569207, 0.0550738, 0.0121631, 0.0788348, 0.0275487, 0.0726342, 0.00345466, 0.0371391, -0.0128896, 0.158252, 0.0281269, 0.1348, -0.0225614, 0.115831, 0.0124877, 0.0518943, 0.0121631, 0.0788348, 0.0612287, 0.180256, 0.0227314, 0.131953, 0.0300049, 0.0914839, 0.0281269, 0.1348, 0.00753339, 0.069804, 0.0227314, 0.131953, 0.00753339, 0.069804, 0.000569207, 0.0550738, -0.0225614, 0.115831, 0.000569207, 0.0550738, 0.0121631, 0.0788348, 0.0300049, 0.0914839, 0.000569207, 0.0550738, 0.0042196, 0.0247299, 0.0124877, 0.0518943, 0.0275487, 0.0726342, 0.00345466, 0.0371391, ]
best_mc_result_fixed_tau =   [0.0402862, 0.040347, ]
evolved_state_fixed_tau =   [[0.00472605, 0.033488, 0.0316135, 0.0735362, 0.00164704, 0.0523977, 0.00322508, 0.0260235, 0.0151125, 0.0534279, -0.0162733, 0.110553, 0.0151125, 0.0534279, 0.0363181, 0.134945, 0.0600312, 0.109428, 0.0151125, 0.0534279, 0.00322508, 0.0260235, 0.00164704, 0.0523977, 0.0316135, 0.0735362, 0.03475, 0.0907037, 0.101379, 0.183288, 0.03475, 0.0907037, 0.0151125, 0.0534279, 0.0600312, 0.109428, 0.0363181, 0.134945, 0.0647996, 0.136164, 0.00164704, 0.0523977, 0.00946881, 0.0719792, 0.0175053, 0.0756532, 0.0307066, 0.127763, 0.0761923, 0.174181, 0.0175053, 0.0756532, -0.0162733, 0.110553, 0.0363181, 0.134945, -0.00621498, 0.152954, 0.0363181, 0.134945, 0.00472605, 0.033488, 0.0316135, 0.0735362, 0.0175053, 0.0756532, 0.03475, 0.0907037, 0.0151125, 0.0534279, 0.03475, 0.0907037, 0.0307066, 0.127763, 0.03475, 0.0907037, 0.0761923, 0.174181, 0.101379, 0.183288, 0.0316135, 0.0735362, 0.0363181, 0.134945, 0.0647996, 0.136164, 0.0363181, 0.134945, 0.0600312, 0.109428, 0.0316135, 0.0735362, 0.101379, 0.183288, 0.0761923, 0.174181, 0.101379, 0.183288, 0.0600312, 0.109428, 0.00164704, 0.0523977, 0.03475, 0.0907037, 0.0175053, 0.0756532, 0.0316135, 0.0735362, 0.0151125, 0.0534279, 0.00322508, 0.0260235, 0.0175053, 0.0756532, 0.00946881, 0.0719792, 0.00164704, 0.0523977, 0.0175053, 0.0756532, 0.0316135, 0.0735362, 0.00472605, 0.033488, -0.00621498, 0.152954, 0.0363181, 0.134945, -0.0162733, 0.110553, 0.0151125, 0.0534279, 0.0175053, 0.0756532, 0.0761923, 0.174181, 0.0307066, 0.127763, 0.03475, 0.0907037, 0.0363181, 0.134945, 0.00946881, 0.0719792, 0.0307066, 0.127763, 0.00946881, 0.0719792, 0.00164704, 0.0523977, -0.0162733, 0.110553, 0.00164704, 0.0523977, 0.0175053, 0.0756532, 0.03475, 0.0907037, 0.00164704, 0.0523977, 0.00322508, 0.0260235, 0.0151125, 0.0534279, 0.0316135, 0.0735362, 0.00472605, 0.033488, ],[0.00472605, 0.033488, 0.0316135, 0.0735362, 0.00164704, 0.0523977, 0.00322508, 0.0260235, 0.0151125, 0.0534279, -0.0162733, 0.110553, 0.0151125, 0.0534279, 0.0363181, 0.134945, 0.0600312, 0.109428, 0.0151125, 0.0534279, 0.00322508, 0.0260235, 0.00164704, 0.0523977, 0.0316135, 0.0735362, 0.03475, 0.0907037, 0.101379, 0.183288, 0.03475, 0.0907037, 0.0151125, 0.0534279, 0.0600312, 0.109428, 0.0363181, 0.134945, 0.0647996, 0.136164, 0.00164704, 0.0523977, 0.00946881, 0.0719792, 0.0175053, 0.0756532, 0.0307066, 0.127763, 0.0761923, 0.174181, 0.0175053, 0.0756532, -0.0162733, 0.110553, 0.0363181, 0.134945, -0.00621498, 0.152954, 0.0363181, 0.134945, 0.00472605, 0.033488, 0.0316135, 0.0735362, 0.0175053, 0.0756532, 0.03475, 0.0907037, 0.0151125, 0.0534279, 0.03475, 0.0907037, 0.0307066, 0.127763, 0.03475, 0.0907037, 0.0761923, 0.174181, 0.101379, 0.183288, 0.0316135, 0.0735362, 0.0363181, 0.134945, 0.0647996, 0.136164, 0.0363181, 0.134945, 0.0600312, 0.109428, 0.0316135, 0.0735362, 0.101379, 0.183288, 0.0761923, 0.174181, 0.101379, 0.183288, 0.0600312, 0.109428, 0.00164704, 0.0523977, 0.03475, 0.0907037, 0.0175053, 0.0756532, 0.0316135, 0.0735362, 0.0151125, 0.0534279, 0.00322508, 0.0260235, 0.0175053, 0.0756532, 0.00946881, 0.0719792, 0.00164704, 0.0523977, 0.0175053, 0.0756532, 0.0316135, 0.0735362, 0.00472605, 0.033488, -0.00621498, 0.152954, 0.0363181, 0.134945, -0.0162733, 0.110553, 0.0151125, 0.0534279, 0.0175053, 0.0756532, 0.0761923, 0.174181, 0.0307066, 0.127763, 0.03475, 0.0907037, 0.0363181, 0.134945, 0.00946881, 0.0719792, 0.0307066, 0.127763, 0.00946881, 0.0719792, 0.00164704, 0.0523977, -0.0162733, 0.110553, 0.00164704, 0.0523977, 0.0175053, 0.0756532, 0.03475, 0.0907037, 0.00164704, 0.0523977, 0.00322508, 0.0260235, 0.0151125, 0.0534279, 0.0316135, 0.0735362, 0.00472605, 0.033488, ],]
