START_PARAMETERS
MAX_STEPS_MCDB =               32
MIN_STEPS_MCDB =               4
STEPS_CRUNCH_MCDB =            1
SWEEPS_MCDB =                  100
TOTAL_STEP_CHANGES =                  6
MCBB_SECONDARY =                  1
SWEEPS_MCBB_SECONDARY =                  250
NUMBER_OF_BANGS =                  7
GROUND_E =                -3.02461
INITIAL_E =               -1.23639
j_initial =               0.533
k_initial =               0.031
b_initial =               0
j_target =                0.058
k_target =                0.5
b_target =                0
init_target_dot_squared = 0.188027
init_state = [0.0430821, 0, 0.0903022, 0, 0.0660682, 0, 0.0405138, 0, 0.0707342, 0, 0.115357, 0, 0.0707342, 0, 0.138451, 0, 0.119389, 0, 0.0707342, 0, 0.0405138, 0, 0.0660682, 0, 0.0903022, 0, 0.103905, 0, 0.180066, 0, 0.103905, 0, 0.0707342, 0, 0.119389, 0, 0.138451, 0, 0.140159, 0, 0.0660682, 0, 0.0884207, 0, 0.0904338, 0, 0.131781, 0, 0.171987, 0, 0.0904338, 0, 0.115357, 0, 0.138451, 0, 0.145599, 0, 0.138451, 0, 0.0430821, 0, 0.0903022, 0, 0.0904338, 0, 0.103905, 0, 0.0707342, 0, 0.103905, 0, 0.131781, 0, 0.103905, 0, 0.171987, 0, 0.180066, 0, 0.0903022, 0, 0.138451, 0, 0.140159, 0, 0.138451, 0, 0.119389, 0, 0.0903022, 0, 0.180066, 0, 0.171987, 0, 0.180066, 0, 0.119389, 0, 0.0660682, 0, 0.103905, 0, 0.0904338, 0, 0.0903022, 0, 0.0707342, 0, 0.0405138, 0, 0.0904338, 0, 0.0884207, 0, 0.0660682, 0, 0.0904338, 0, 0.0903022, 0, 0.0430821, 0, 0.145599, 0, 0.138451, 0, 0.115357, 0, 0.0707342, 0, 0.0904338, 0, 0.171987, 0, 0.131781, 0, 0.103905, 0, 0.138451, 0, 0.0884207, 0, 0.131781, 0, 0.0884207, 0, 0.0660682, 0, 0.115357, 0, 0.0660682, 0, 0.0904338, 0, 0.103905, 0, 0.0660682, 0, 0.0405138, 0, 0.0707342, 0, 0.0903022, 0, 0.0430821, 0, ]
target_state = [0.000191854, 0, 0.00961223, 0, 0.000291403, 0, 1.97633e-05, 0, 0.000564658, 0, 0.000703939, 0, 0.000564658, 0, 0.00333767, 0, 0.019163, 0, 0.000564658, 0, 1.97633e-05, 0, 0.000291403, 0, 0.00961223, 0, 0.0096825, 0, 0.495759, 0, 0.0096825, 0, 0.000564658, 0, 0.019163, 0, 0.00333767, 0, 0.0192694, 0, 0.000291403, 0, 0.000201945, 0, 0.00111794, 0, 0.00385621, 0, 0.057068, 0, 0.00111794, 0, 0.000703939, 0, 0.00333767, 0, 0.00100888, 0, 0.00333767, 0, 0.000191854, 0, 0.00961223, 0, 0.00111794, 0, 0.0096825, 0, 0.000564658, 0, 0.0096825, 0, 0.00385621, 0, 0.0096825, 0, 0.057068, 0, 0.495759, 0, 0.00961223, 0, 0.00333767, 0, 0.0192694, 0, 0.00333767, 0, 0.019163, 0, 0.00961223, 0, 0.495759, 0, 0.057068, 0, 0.495759, 0, 0.019163, 0, 0.000291403, 0, 0.0096825, 0, 0.00111794, 0, 0.00961223, 0, 0.000564658, 0, 1.97633e-05, 0, 0.00111794, 0, 0.000201945, 0, 0.000291403, 0, 0.00111794, 0, 0.00961223, 0, 0.000191854, 0, 0.00100888, 0, 0.00333767, 0, 0.000703939, 0, 0.000564658, 0, 0.00111794, 0, 0.057068, 0, 0.00385621, 0, 0.0096825, 0, 0.00333767, 0, 0.000201945, 0, 0.00385621, 0, 0.000201945, 0, 0.000291403, 0, 0.000703939, 0, 0.000291403, 0, 0.00111794, 0, 0.0096825, 0, 0.000291403, 0, 1.97633e-05, 0, 0.000564658, 0, 0.00961223, 0, 0.000191854, 0, ]
USE_ENERGY_DISTANCE =     false
PERIODIC =                false
UNIFORM_SITES =           true
DEVICE_DIMENSION =        2
MAX_PARAM =               1
MIN_PARAM =               0
MIN_PARAM =               0
DIAG =                    true
NUM_SEEDS =               2
NUMBER_OF_BANGS =               7
DISTANCE_LIMIT =          0.02
TAU_SCALAR =              1.2
TAU_SCALAR_TINY =         1.1
TAU_SCALAR_BIG =          1.4
ACCEPTANCE_PROB =         0.85
TEMP_EXP_DECAY =          0.8
MIN_TEMP_FRACTION =       0.01
TEMP_DECAY_ITERATIONS =   21
ZERO_TEMP_ITREATIONS =    15
RANDOM_STATES =           3
END_PARAMETERS
##############################################################################
clock_duration  =         382.938
tau =                     0.6
total_steps =             32
time_step =               0.01875
best_mc_result =          0.499586
best_mc_result_non_secondary =          0.500195
evolved_target_dot_squared =  0.500414
distance =          1
j_protocol =  [[1, 1, 1, 1, 1, 1, 1, 1, 1, 1, 1, 1, 1, 1, 1, 1, 1, 1, 1, 1, 0, 0, 0, 0, 0, 1, 1, 1, 1, 1, 1, 1, ],[1, 1, 1, 1, 1, 1, 1, 1, 1, 1, 1, 1, 1, 1, 1, 1, 1, 1, 1, 1, 0, 0, 0, 0, 0, 1, 1, 1, 1, 1, 1, 1, ],]
k_protocol =  [[1, 1, 1, 1, 1, 1, 1, 1, 0, 1, 1, 1, 1, 1, 1, 1, 1, 1, 1, 1, 1, 1, 1, 1, 1, 1, 1, 1, 1, 1, 1, 1, ],[1, 1, 1, 1, 1, 1, 1, 0, 1, 1, 1, 1, 1, 1, 1, 1, 1, 1, 1, 1, 1, 1, 1, 1, 1, 1, 1, 1, 1, 1, 1, 1, ],]
j_protocol_secondary =  [0.00438165, 0.048104, 0.048104, 0.0668199, 0.0668199, 0.333358, 0.333358, 0.371635, 0.424867, 0.42498, 0.429606, 0.429606, 0.476518, 0.6, ]
k_protocol_secondary =  [0, 0.135612, 0.150303, 0.178926, 0.178926, 0.326509, 0.326509, 0.350115, 0.350115, 0.431567, 0.431567, 0.567142, 0.567142, 0.592623, ]
best_evolved_state = [-0.00711262, 0.00582623, 0.0234957, -0.00127338, 0.00435072, 0.00334744, 0.0101181, -0.00418528, 0.0166443, -0.00800839, -0.108546, -0.137079, 0.0166443, -0.00800839, -0.0388784, -0.0790788, 0.0294732, -0.0458077, 0.0166443, -0.00800839, 0.0101181, -0.00418528, 0.00435072, 0.00334744, 0.0234957, -0.00127338, 0.0120119, -0.0131103, 0.133471, -0.294572, 0.0120119, -0.0131103, 0.0166443, -0.00800839, 0.0294732, -0.0458077, -0.0388784, -0.0790788, 0.0164151, -0.0859286, 0.00435072, 0.00334744, -0.00544943, 0.019587, 0.0048441, -0.0266495, -0.0555458, -0.069777, 0.0384728, -0.239768, 0.0048441, -0.0266495, -0.108546, -0.137079, -0.0388784, -0.0790788, -0.101804, -0.178011, -0.0388784, -0.0790788, -0.00711262, 0.00582623, 0.0234957, -0.00127338, 0.0048441, -0.0266495, 0.0120119, -0.0131103, 0.0166443, -0.00800839, 0.0120119, -0.0131103, -0.0555458, -0.069777, 0.0120119, -0.0131103, 0.0384728, -0.239768, 0.133471, -0.294572, 0.0234957, -0.00127338, -0.0388784, -0.0790788, 0.0164151, -0.0859286, -0.0388784, -0.0790788, 0.0294732, -0.0458077, 0.0234957, -0.00127338, 0.133471, -0.294572, 0.0384728, -0.239768, 0.133471, -0.294572, 0.0294732, -0.0458077, 0.00435072, 0.00334744, 0.0120119, -0.0131103, 0.0048441, -0.0266495, 0.0234957, -0.00127338, 0.0166443, -0.00800839, 0.0101181, -0.00418528, 0.0048441, -0.0266495, -0.00544943, 0.019587, 0.00435072, 0.00334744, 0.0048441, -0.0266495, 0.0234957, -0.00127338, -0.00711262, 0.00582623, -0.101804, -0.178011, -0.0388784, -0.0790788, -0.108546, -0.137079, 0.0166443, -0.00800839, 0.0048441, -0.0266495, 0.0384728, -0.239768, -0.0555458, -0.069777, 0.0120119, -0.0131103, -0.0388784, -0.0790788, -0.00544943, 0.019587, -0.0555458, -0.069777, -0.00544943, 0.019587, 0.00435072, 0.00334744, -0.108546, -0.137079, 0.00435072, 0.00334744, 0.0048441, -0.0266495, 0.0120119, -0.0131103, 0.00435072, 0.00334744, 0.0101181, -0.00418528, 0.0166443, -0.00800839, 0.0234957, -0.00127338, -0.00711262, 0.00582623, ]
best_mc_result_fixed_tau =   [0.500314, 0.500195, ]
evolved_state_fixed_tau =   [[-0.00709376, 0.0052465, 0.0258304, -0.00330007, 0.00424388, 0.00243444, 0.0101656, -0.003985, 0.0173959, -0.00909138, -0.0965359, -0.142716, 0.0173959, -0.00909138, -0.0279673, -0.0834897, 0.0347758, -0.0483391, 0.0173959, -0.00909138, 0.0101656, -0.003985, 0.00424388, 0.00243444, 0.0258304, -0.00330007, 0.0151358, -0.0158482, 0.160281, -0.279526, 0.0151358, -0.0158482, 0.0173959, -0.00909138, 0.0347758, -0.0483391, -0.0279673, -0.0834897, 0.0239381, -0.0896228, 0.00424388, 0.00243444, -0.00450423, 0.0166427, 0.00641963, -0.0285729, -0.0461683, -0.0744426, 0.0615838, -0.236887, 0.00641963, -0.0285729, -0.0965359, -0.142716, -0.0279673, -0.0834897, -0.0847602, -0.182296, -0.0279673, -0.0834897, -0.00709376, 0.0052465, 0.0258304, -0.00330007, 0.00641963, -0.0285729, 0.0151358, -0.0158482, 0.0173959, -0.00909138, 0.0151358, -0.0158482, -0.0461683, -0.0744426, 0.0151358, -0.0158482, 0.0615838, -0.236887, 0.160281, -0.279526, 0.0258304, -0.00330007, -0.0279673, -0.0834897, 0.0239381, -0.0896228, -0.0279673, -0.0834897, 0.0347758, -0.0483391, 0.0258304, -0.00330007, 0.160281, -0.279526, 0.0615838, -0.236887, 0.160281, -0.279526, 0.0347758, -0.0483391, 0.00424388, 0.00243444, 0.0151358, -0.0158482, 0.00641963, -0.0285729, 0.0258304, -0.00330007, 0.0173959, -0.00909138, 0.0101656, -0.003985, 0.00641963, -0.0285729, -0.00450423, 0.0166427, 0.00424388, 0.00243444, 0.00641963, -0.0285729, 0.0258304, -0.00330007, -0.00709376, 0.0052465, -0.0847602, -0.182296, -0.0279673, -0.0834897, -0.0965359, -0.142716, 0.0173959, -0.00909138, 0.00641963, -0.0285729, 0.0615838, -0.236887, -0.0461683, -0.0744426, 0.0151358, -0.0158482, -0.0279673, -0.0834897, -0.00450423, 0.0166427, -0.0461683, -0.0744426, -0.00450423, 0.0166427, 0.00424388, 0.00243444, -0.0965359, -0.142716, 0.00424388, 0.00243444, 0.00641963, -0.0285729, 0.0151358, -0.0158482, 0.00424388, 0.00243444, 0.0101656, -0.003985, 0.0173959, -0.00909138, 0.0258304, -0.00330007, -0.00709376, 0.0052465, ],[-0.00718541, 0.00462282, 0.0257388, -0.00247074, 0.00427541, 0.00249793, 0.0101781, -0.00378328, 0.0172991, -0.00864503, -0.0959793, -0.1435, 0.0172991, -0.00864503, -0.0284955, -0.0833772, 0.0353508, -0.0472739, 0.0172991, -0.00864503, 0.0101781, -0.00378328, 0.00427541, 0.00249793, 0.0257388, -0.00247074, 0.0151405, -0.0151075, 0.160971, -0.279335, 0.0151405, -0.0151075, 0.0172991, -0.00864503, 0.0353508, -0.0472739, -0.0284955, -0.0833772, 0.0249178, -0.0885398, 0.00427541, 0.00249793, -0.00506976, 0.0170588, 0.00698296, -0.0283106, -0.0463717, -0.0745539, 0.0620618, -0.236375, 0.00698296, -0.0283106, -0.0959793, -0.1435, -0.0284955, -0.0833772, -0.0843165, -0.183132, -0.0284955, -0.0833772, -0.00718541, 0.00462282, 0.0257388, -0.00247074, 0.00698296, -0.0283106, 0.0151405, -0.0151075, 0.0172991, -0.00864503, 0.0151405, -0.0151075, -0.0463717, -0.0745539, 0.0151405, -0.0151075, 0.0620618, -0.236375, 0.160971, -0.279335, 0.0257388, -0.00247074, -0.0284955, -0.0833772, 0.0249178, -0.0885398, -0.0284955, -0.0833772, 0.0353508, -0.0472739, 0.0257388, -0.00247074, 0.160971, -0.279335, 0.0620618, -0.236375, 0.160971, -0.279335, 0.0353508, -0.0472739, 0.00427541, 0.00249793, 0.0151405, -0.0151075, 0.00698296, -0.0283106, 0.0257388, -0.00247074, 0.0172991, -0.00864503, 0.0101781, -0.00378328, 0.00698296, -0.0283106, -0.00506976, 0.0170588, 0.00427541, 0.00249793, 0.00698296, -0.0283106, 0.0257388, -0.00247074, -0.00718541, 0.00462282, -0.0843165, -0.183132, -0.0284955, -0.0833772, -0.0959793, -0.1435, 0.0172991, -0.00864503, 0.00698296, -0.0283106, 0.0620618, -0.236375, -0.0463717, -0.0745539, 0.0151405, -0.0151075, -0.0284955, -0.0833772, -0.00506976, 0.0170588, -0.0463717, -0.0745539, -0.00506976, 0.0170588, 0.00427541, 0.00249793, -0.0959793, -0.1435, 0.00427541, 0.00249793, 0.00698296, -0.0283106, 0.0151405, -0.0151075, 0.00427541, 0.00249793, 0.0101781, -0.00378328, 0.0172991, -0.00864503, 0.0257388, -0.00247074, -0.00718541, 0.00462282, ],]
