START_PARAMETERS
MAX_STEPS_MCDB =               32
MIN_STEPS_MCDB =               4
STEPS_CRUNCH_MCDB =            1
SWEEPS_MCDB =                  100
TOTAL_STEP_CHANGES =                  6
MCBB_SECONDARY =                  1
SWEEPS_MCBB_SECONDARY =                  300
NUMBER_OF_BANGS =                  8
GROUND_E =                -5.82335
INITIAL_E =               -3.24864
j_initial =               0.024
k_initial =               0.5
b_initial =               0
j_target =                0.719
k_target =                0.5
b_target =                0
init_target_dot_squared = 0.34263
init_state = [3.21505e-05, 0, 0.00399605, 0, 4.83348e-05, 0, 1.38563e-06, 0, 9.61236e-05, 0, 5.11799e-05, 0, 9.61236e-05, 0, 0.000575236, 0, 0.00798775, 0, 9.61236e-05, 0, 1.38563e-06, 0, 4.83348e-05, 0, 0.00399605, 0, 0.00400115, 0, 0.499266, 0, 0.00400115, 0, 9.61236e-05, 0, 0.00798775, 0, 0.000575236, 0, 0.00799541, 0, 4.83348e-05, 0, 1.45427e-05, 0, 0.000191904, 0, 0.000669961, 0, 0.0239327, 0, 0.000191904, 0, 5.11799e-05, 0, 0.000575236, 0, 7.33359e-05, 0, 0.000575236, 0, 3.21505e-05, 0, 0.00399605, 0, 0.000191904, 0, 0.00400115, 0, 9.61236e-05, 0, 0.00400115, 0, 0.000669961, 0, 0.00400115, 0, 0.0239327, 0, 0.499266, 0, 0.00399605, 0, 0.000575236, 0, 0.00799541, 0, 0.000575236, 0, 0.00798775, 0, 0.00399605, 0, 0.499266, 0, 0.0239327, 0, 0.499266, 0, 0.00798775, 0, 4.83348e-05, 0, 0.00400115, 0, 0.000191904, 0, 0.00399605, 0, 9.61236e-05, 0, 1.38563e-06, 0, 0.000191904, 0, 1.45427e-05, 0, 4.83348e-05, 0, 0.000191904, 0, 0.00399605, 0, 3.21505e-05, 0, 7.33359e-05, 0, 0.000575236, 0, 5.11799e-05, 0, 9.61236e-05, 0, 0.000191904, 0, 0.0239327, 0, 0.000669961, 0, 0.00400115, 0, 0.000575236, 0, 1.45427e-05, 0, 0.000669961, 0, 1.45427e-05, 0, 4.83348e-05, 0, 5.11799e-05, 0, 4.83348e-05, 0, 0.000191904, 0, 0.00400115, 0, 4.83348e-05, 0, 1.38563e-06, 0, 9.61236e-05, 0, 0.00399605, 0, 3.21505e-05, 0, ]
target_state = [0.0194182, 0, 0.0685057, 0, 0.0333664, 0, 0.013367, 0, 0.039356, 0, 0.101283, 0, 0.039356, 0, 0.126726, 0, 0.109378, 0, 0.039356, 0, 0.013367, 0, 0.0333664, 0, 0.0685057, 0, 0.0809571, 0, 0.276857, 0, 0.0809571, 0, 0.039356, 0, 0.109378, 0, 0.126726, 0, 0.130953, 0, 0.0333664, 0, 0.0525363, 0, 0.0591205, 0, 0.120265, 0, 0.21926, 0, 0.0591205, 0, 0.101283, 0, 0.126726, 0, 0.139798, 0, 0.126726, 0, 0.0194182, 0, 0.0685057, 0, 0.0591205, 0, 0.0809571, 0, 0.039356, 0, 0.0809571, 0, 0.120265, 0, 0.0809571, 0, 0.21926, 0, 0.276857, 0, 0.0685057, 0, 0.126726, 0, 0.130953, 0, 0.126726, 0, 0.109378, 0, 0.0685057, 0, 0.276857, 0, 0.21926, 0, 0.276857, 0, 0.109378, 0, 0.0333664, 0, 0.0809571, 0, 0.0591205, 0, 0.0685057, 0, 0.039356, 0, 0.013367, 0, 0.0591205, 0, 0.0525363, 0, 0.0333664, 0, 0.0591205, 0, 0.0685057, 0, 0.0194182, 0, 0.139798, 0, 0.126726, 0, 0.101283, 0, 0.039356, 0, 0.0591205, 0, 0.21926, 0, 0.120265, 0, 0.0809571, 0, 0.126726, 0, 0.0525363, 0, 0.120265, 0, 0.0525363, 0, 0.0333664, 0, 0.101283, 0, 0.0333664, 0, 0.0591205, 0, 0.0809571, 0, 0.0333664, 0, 0.013367, 0, 0.039356, 0, 0.0685057, 0, 0.0194182, 0, ]
USE_ENERGY_DISTANCE =     false
PERIODIC =                false
UNIFORM_SITES =           true
DEVICE_DIMENSION =        2
MAX_PARAM =               1
MIN_PARAM =               0
MIN_PARAM =               0
DIAG =                    true
NUM_SEEDS =               2
NUMBER_OF_BANGS =               8
DISTANCE_LIMIT =          0.01
TAU_SCALAR =              1.3
TAU_SCALAR_TINY =         1.1
TAU_SCALAR_BIG =          1.5
ACCEPTANCE_PROB =         0.85
TEMP_EXP_DECAY =          0.8
MIN_TEMP_FRACTION =       0.01
TEMP_DECAY_ITERATIONS =   21
ZERO_TEMP_ITREATIONS =    25
RANDOM_STATES =           3
END_PARAMETERS
##############################################################################
clock_duration  =         1136.9
tau =                     1.5
total_steps =             32
time_step =               0.046875
best_mc_result =          0.0931022
best_mc_result_non_secondary =          0.100448
evolved_target_dot_squared =  0.906898
distance =          1
j_protocol =  [[1, 1, 0, 0, 0, 0, 1, 1, 0, 0, 1, 1, 0, 0, 1, 1, 1, 1, 0, 0, 1, 1, 0, 0, 1, 1, 1, 1, 1, 1, 0, 0, ],[1, 1, 0, 0, 0, 0, 1, 1, 0, 0, 1, 1, 0, 0, 1, 1, 1, 1, 0, 0, 1, 1, 0, 0, 1, 1, 1, 1, 1, 1, 0, 0, ],]
k_protocol =  [[1, 1, 1, 1, 1, 1, 1, 1, 1, 1, 1, 1, 1, 1, 1, 1, 1, 1, 1, 1, 1, 1, 1, 1, 1, 1, 1, 1, 1, 1, 1, 1, ],[1, 1, 1, 1, 1, 1, 1, 1, 1, 1, 1, 1, 1, 1, 1, 1, 1, 1, 1, 1, 1, 1, 1, 1, 1, 1, 1, 1, 1, 1, 1, 1, ],]
j_protocol_secondary =  [0, 0.10816, 0.164863, 0.175336, 0.306298, 0.357699, 0.393222, 0.412502, 0.455517, 0.568, 0.673094, 0.821435, 0.937161, 1.04532, 1.12883, 1.41461, ]
k_protocol_secondary =  [0.00282601, 0.341579, 0.341579, 0.348431, 0.348431, 0.441096, 0.441096, 0.512458, 0.512458, 0.735382, 0.735382, 1.25453, 1.25453, 1.27993, 1.27993, 1.5, ]
best_evolved_state = [-0.014918, -0.0199593, -0.0154162, -0.0605028, -0.00213827, -0.0352655, 0.00431775, 0.0126026, 0.00134096, -0.0217613, 0.0347927, -0.115993, 0.00134096, -0.0217613, 0.0154994, -0.115592, -0.0333034, -0.0916988, 0.00134096, -0.0217613, 0.00431775, 0.0126026, -0.00213827, -0.0352655, -0.0154162, -0.0605028, -0.0285979, -0.0727764, -0.0893123, -0.259228, -0.0285979, -0.0727764, 0.00134096, -0.0217613, -0.0333034, -0.0916988, 0.0154994, -0.115592, 0.00940915, -0.0854913, -0.00213827, -0.0352655, -0.0238924, -0.053854, -0.0266515, -0.0561016, -0.0664114, -0.119085, -0.138194, -0.186852, -0.0266515, -0.0561016, 0.0347927, -0.115993, 0.0154994, -0.115592, 0.025312, -0.150725, 0.0154994, -0.115592, -0.014918, -0.0199593, -0.0154162, -0.0605028, -0.0266515, -0.0561016, -0.0285979, -0.0727764, 0.00134096, -0.0217613, -0.0285979, -0.0727764, -0.0664114, -0.119085, -0.0285979, -0.0727764, -0.138194, -0.186852, -0.0893123, -0.259228, -0.0154162, -0.0605028, 0.0154994, -0.115592, 0.00940915, -0.0854913, 0.0154994, -0.115592, -0.0333034, -0.0916988, -0.0154162, -0.0605028, -0.0893123, -0.259228, -0.138194, -0.186852, -0.0893123, -0.259228, -0.0333034, -0.0916988, -0.00213827, -0.0352655, -0.0285979, -0.0727764, -0.0266515, -0.0561016, -0.0154162, -0.0605028, 0.00134096, -0.0217613, 0.00431775, 0.0126026, -0.0266515, -0.0561016, -0.0238924, -0.053854, -0.00213827, -0.0352655, -0.0266515, -0.0561016, -0.0154162, -0.0605028, -0.014918, -0.0199593, 0.025312, -0.150725, 0.0154994, -0.115592, 0.0347927, -0.115993, 0.00134096, -0.0217613, -0.0266515, -0.0561016, -0.138194, -0.186852, -0.0664114, -0.119085, -0.0285979, -0.0727764, 0.0154994, -0.115592, -0.0238924, -0.053854, -0.0664114, -0.119085, -0.0238924, -0.053854, -0.00213827, -0.0352655, 0.0347927, -0.115993, -0.00213827, -0.0352655, -0.0266515, -0.0561016, -0.0285979, -0.0727764, -0.00213827, -0.0352655, 0.00431775, 0.0126026, 0.00134096, -0.0217613, -0.0154162, -0.0605028, -0.014918, -0.0199593, ]
best_mc_result_fixed_tau =   [0.100448, 0.100448, ]
evolved_state_fixed_tau =   [[-0.015371, -0.0243741, -0.0104384, -0.0549282, -0.00108779, -0.0345937, 0.000767293, 0.0136832, 0.005306, -0.0201374, 0.0398479, -0.127695, 0.005306, -0.0201374, 0.0109337, -0.10308, -0.0227158, -0.0893147, 0.005306, -0.0201374, 0.000767293, 0.0136832, -0.00108779, -0.0345937, -0.0104384, -0.0549282, -0.0265113, -0.0691685, -0.0787474, -0.255494, -0.0265113, -0.0691685, 0.005306, -0.0201374, -0.0227158, -0.0893147, 0.0109337, -0.10308, 0.00505274, -0.0827206, -0.00108779, -0.0345937, -0.0303068, -0.0490223, -0.0196053, -0.0593288, -0.0703759, -0.124249, -0.135595, -0.201508, -0.0196053, -0.0593288, 0.0398479, -0.127695, 0.0109337, -0.10308, 0.0289868, -0.171877, 0.0109337, -0.10308, -0.015371, -0.0243741, -0.0104384, -0.0549282, -0.0196053, -0.0593288, -0.0265113, -0.0691685, 0.005306, -0.0201374, -0.0265113, -0.0691685, -0.0703759, -0.124249, -0.0265113, -0.0691685, -0.135595, -0.201508, -0.0787474, -0.255494, -0.0104384, -0.0549282, 0.0109337, -0.10308, 0.00505274, -0.0827206, 0.0109337, -0.10308, -0.0227158, -0.0893147, -0.0104384, -0.0549282, -0.0787474, -0.255494, -0.135595, -0.201508, -0.0787474, -0.255494, -0.0227158, -0.0893147, -0.00108779, -0.0345937, -0.0265113, -0.0691685, -0.0196053, -0.0593288, -0.0104384, -0.0549282, 0.005306, -0.0201374, 0.000767293, 0.0136832, -0.0196053, -0.0593288, -0.0303068, -0.0490223, -0.00108779, -0.0345937, -0.0196053, -0.0593288, -0.0104384, -0.0549282, -0.015371, -0.0243741, 0.0289868, -0.171877, 0.0109337, -0.10308, 0.0398479, -0.127695, 0.005306, -0.0201374, -0.0196053, -0.0593288, -0.135595, -0.201508, -0.0703759, -0.124249, -0.0265113, -0.0691685, 0.0109337, -0.10308, -0.0303068, -0.0490223, -0.0703759, -0.124249, -0.0303068, -0.0490223, -0.00108779, -0.0345937, 0.0398479, -0.127695, -0.00108779, -0.0345937, -0.0196053, -0.0593288, -0.0265113, -0.0691685, -0.00108779, -0.0345937, 0.000767293, 0.0136832, 0.005306, -0.0201374, -0.0104384, -0.0549282, -0.015371, -0.0243741, ],[-0.015371, -0.0243741, -0.0104384, -0.0549282, -0.00108779, -0.0345937, 0.000767293, 0.0136832, 0.005306, -0.0201374, 0.0398479, -0.127695, 0.005306, -0.0201374, 0.0109337, -0.10308, -0.0227158, -0.0893147, 0.005306, -0.0201374, 0.000767293, 0.0136832, -0.00108779, -0.0345937, -0.0104384, -0.0549282, -0.0265113, -0.0691685, -0.0787474, -0.255494, -0.0265113, -0.0691685, 0.005306, -0.0201374, -0.0227158, -0.0893147, 0.0109337, -0.10308, 0.00505274, -0.0827206, -0.00108779, -0.0345937, -0.0303068, -0.0490223, -0.0196053, -0.0593288, -0.0703759, -0.124249, -0.135595, -0.201508, -0.0196053, -0.0593288, 0.0398479, -0.127695, 0.0109337, -0.10308, 0.0289868, -0.171877, 0.0109337, -0.10308, -0.015371, -0.0243741, -0.0104384, -0.0549282, -0.0196053, -0.0593288, -0.0265113, -0.0691685, 0.005306, -0.0201374, -0.0265113, -0.0691685, -0.0703759, -0.124249, -0.0265113, -0.0691685, -0.135595, -0.201508, -0.0787474, -0.255494, -0.0104384, -0.0549282, 0.0109337, -0.10308, 0.00505274, -0.0827206, 0.0109337, -0.10308, -0.0227158, -0.0893147, -0.0104384, -0.0549282, -0.0787474, -0.255494, -0.135595, -0.201508, -0.0787474, -0.255494, -0.0227158, -0.0893147, -0.00108779, -0.0345937, -0.0265113, -0.0691685, -0.0196053, -0.0593288, -0.0104384, -0.0549282, 0.005306, -0.0201374, 0.000767293, 0.0136832, -0.0196053, -0.0593288, -0.0303068, -0.0490223, -0.00108779, -0.0345937, -0.0196053, -0.0593288, -0.0104384, -0.0549282, -0.015371, -0.0243741, 0.0289868, -0.171877, 0.0109337, -0.10308, 0.0398479, -0.127695, 0.005306, -0.0201374, -0.0196053, -0.0593288, -0.135595, -0.201508, -0.0703759, -0.124249, -0.0265113, -0.0691685, 0.0109337, -0.10308, -0.0303068, -0.0490223, -0.0703759, -0.124249, -0.0303068, -0.0490223, -0.00108779, -0.0345937, 0.0398479, -0.127695, -0.00108779, -0.0345937, -0.0196053, -0.0593288, -0.0265113, -0.0691685, -0.00108779, -0.0345937, 0.000767293, 0.0136832, 0.005306, -0.0201374, -0.0104384, -0.0549282, -0.015371, -0.0243741, ],]
