START_PARAMETERS
MAX_STEPS_MCDB =               32
MIN_STEPS_MCDB =               4
STEPS_CRUNCH_MCDB =            1
SWEEPS_MCDB =                  100
TOTAL_STEP_CHANGES =                  6
MCBB_SECONDARY =                  1
SWEEPS_MCBB_SECONDARY =                  300
NUMBER_OF_BANGS =                  8
GROUND_E =                -3.9571
INITIAL_E =               -0.488119
j_initial =               0.034
k_initial =               0.5
b_initial =               0
j_target =                0.608
k_target =                0.031
b_target =                0
init_target_dot_squared = 0.160208
init_state = [-6.48243e-05, 0, -0.0056555, 0, -9.76732e-05, 0, -3.94863e-06, 0, -0.000193159, 0, -0.00014473, 0, -0.000193159, 0, -0.00115292, 0, -0.0112986, 0, -0.000193159, 0, -3.94863e-06, 0, -9.76732e-05, 0, -0.0056555, 0, -0.00566992, 0, -0.49853, 0, -0.00566992, 0, -0.000193159, 0, -0.0112986, 0, -0.00115292, 0, -0.0113203, 0, -9.76732e-05, 0, -4.12072e-05, 0, -0.000384944, 0, -0.00134048, 0, -0.0338094, 0, -0.000384944, 0, -0.00014473, 0, -0.00115292, 0, -0.000207393, 0, -0.00115292, 0, -6.48243e-05, 0, -0.0056555, 0, -0.000384944, 0, -0.00566992, 0, -0.000193159, 0, -0.00566992, 0, -0.00134048, 0, -0.00566992, 0, -0.0338094, 0, -0.49853, 0, -0.0056555, 0, -0.00115292, 0, -0.0113203, 0, -0.00115292, 0, -0.0112986, 0, -0.0056555, 0, -0.49853, 0, -0.0338094, 0, -0.49853, 0, -0.0112986, 0, -9.76732e-05, 0, -0.00566992, 0, -0.000384944, 0, -0.0056555, 0, -0.000193159, 0, -3.94863e-06, 0, -0.000384944, 0, -4.12072e-05, 0, -9.76732e-05, 0, -0.000384944, 0, -0.0056555, 0, -6.48243e-05, 0, -0.000207393, 0, -0.00115292, 0, -0.00014473, 0, -0.000193159, 0, -0.000384944, 0, -0.0338094, 0, -0.00134048, 0, -0.00566992, 0, -0.00115292, 0, -4.12072e-05, 0, -0.00134048, 0, -4.12072e-05, 0, -9.76732e-05, 0, -0.00014473, 0, -9.76732e-05, 0, -0.000384944, 0, -0.00566992, 0, -9.76732e-05, 0, -3.94863e-06, 0, -0.000193159, 0, -0.0056555, 0, -6.48243e-05, 0, ]
target_state = [-0.0435116, 0, -0.0905671, 0, -0.0665495, 0, -0.0410367, 0, -0.0711767, 0, -0.115368, 0, -0.0711767, 0, -0.138325, 0, -0.119413, 0, -0.0711767, 0, -0.0410367, 0, -0.0665495, 0, -0.0905671, 0, -0.104119, 0, -0.179092, 0, -0.104119, 0, -0.0711767, 0, -0.119413, 0, -0.138325, 0, -0.140047, 0, -0.0665495, 0, -0.0888257, 0, -0.0907913, 0, -0.131716, 0, -0.171284, 0, -0.0907913, 0, -0.115368, 0, -0.138325, 0, -0.145368, 0, -0.138325, 0, -0.0435116, 0, -0.0905671, 0, -0.0907913, 0, -0.104119, 0, -0.0711767, 0, -0.104119, 0, -0.131716, 0, -0.104119, 0, -0.171284, 0, -0.179092, 0, -0.0905671, 0, -0.138325, 0, -0.140047, 0, -0.138325, 0, -0.119413, 0, -0.0905671, 0, -0.179092, 0, -0.171284, 0, -0.179092, 0, -0.119413, 0, -0.0665495, 0, -0.104119, 0, -0.0907913, 0, -0.0905671, 0, -0.0711767, 0, -0.0410367, 0, -0.0907913, 0, -0.0888257, 0, -0.0665495, 0, -0.0907913, 0, -0.0905671, 0, -0.0435116, 0, -0.145368, 0, -0.138325, 0, -0.115368, 0, -0.0711767, 0, -0.0907913, 0, -0.171284, 0, -0.131716, 0, -0.104119, 0, -0.138325, 0, -0.0888257, 0, -0.131716, 0, -0.0888257, 0, -0.0665495, 0, -0.115368, 0, -0.0665495, 0, -0.0907913, 0, -0.104119, 0, -0.0665495, 0, -0.0410367, 0, -0.0711767, 0, -0.0905671, 0, -0.0435116, 0, ]
USE_ENERGY_DISTANCE =     false
PERIODIC =                false
UNIFORM_SITES =           true
DEVICE_DIMENSION =        2
MAX_PARAM =               1
MIN_PARAM =               0
MIN_PARAM =               0
DIAG =                    true
NUM_SEEDS =               2
NUMBER_OF_BANGS =               8
DISTANCE_LIMIT =          0.01
TAU_SCALAR =              1.3
TAU_SCALAR_TINY =         1.1
TAU_SCALAR_BIG =          1.5
ACCEPTANCE_PROB =         0.85
TEMP_EXP_DECAY =          0.8
MIN_TEMP_FRACTION =       0.01
TEMP_DECAY_ITERATIONS =   21
ZERO_TEMP_ITREATIONS =    25
RANDOM_STATES =           3
END_PARAMETERS
##############################################################################
clock_duration  =         1177.41
tau =                     1.7
total_steps =             32
time_step =               0.053125
best_mc_result =          0.0653471
best_mc_result_non_secondary =          0.0799384
evolved_target_dot_squared =  0.934653
distance =          1
j_protocol =  [[1, 1, 0, 0, 0, 0, 0, 1, 1, 1, 1, 1, 0, 0, 1, 1, 0, 1, 1, 0, 1, 1, 1, 1, 0, 1, 1, 1, 1, 1, 1, 1, ],[1, 1, 0, 0, 0, 0, 1, 1, 1, 1, 0, 0, 1, 1, 1, 1, 0, 1, 0, 0, 1, 1, 1, 1, 1, 0, 1, 1, 1, 1, 1, 1, ],]
k_protocol =  [[1, 1, 1, 1, 1, 1, 1, 1, 1, 1, 1, 1, 1, 1, 1, 1, 1, 1, 1, 1, 1, 1, 1, 0, 1, 1, 1, 1, 0, 0, 1, 1, ],[1, 1, 1, 1, 1, 1, 1, 1, 1, 1, 1, 1, 1, 1, 1, 1, 1, 1, 1, 1, 0, 1, 1, 1, 1, 1, 1, 0, 1, 0, 1, 1, ],]
j_protocol_secondary =  [0, 0.107975, 0.335334, 0.373426, 0.393746, 0.536361, 0.564689, 0.595474, 0.682432, 0.842948, 0.910865, 0.984894, 1.02888, 1.30719, 1.32724, 1.69387, ]
k_protocol_secondary =  [0.00370504, 0.499909, 0.499909, 0.833433, 0.833433, 1.11562, 1.11562, 1.14916, 1.14916, 1.45459, 1.45459, 1.46479, 1.51098, 1.51098, 1.57285, 1.7, ]
best_evolved_state = [-0.0384126, -0.018523, -0.0754994, -0.03507, -0.0533139, -0.0275154, -0.0316487, -0.0252212, -0.0575194, -0.0378366, -0.130595, -0.0752194, -0.0575194, -0.0378366, -0.147995, -0.0879881, -0.105157, -0.0504538, -0.0575194, -0.0378366, -0.0316487, -0.0252212, -0.0533139, -0.0275154, -0.0754994, -0.03507, -0.0872588, -0.0257272, -0.154228, -0.0449842, -0.0872588, -0.0257272, -0.0575194, -0.0378366, -0.105157, -0.0504538, -0.147995, -0.0879881, -0.152499, -0.097571, -0.0533139, -0.0275154, -0.0693609, -0.00100069, -0.0686784, -0.0122995, -0.102994, -0.00219348, -0.13171, -0.0306701, -0.0686784, -0.0122995, -0.130595, -0.0752194, -0.147995, -0.0879881, -0.167229, -0.0918461, -0.147995, -0.0879881, -0.0384126, -0.018523, -0.0754994, -0.03507, -0.0686784, -0.0122995, -0.0872588, -0.0257272, -0.0575194, -0.0378366, -0.0872588, -0.0257272, -0.102994, -0.00219348, -0.0872588, -0.0257272, -0.13171, -0.0306701, -0.154228, -0.0449842, -0.0754994, -0.03507, -0.147995, -0.0879881, -0.152499, -0.097571, -0.147995, -0.0879881, -0.105157, -0.0504538, -0.0754994, -0.03507, -0.154228, -0.0449842, -0.13171, -0.0306701, -0.154228, -0.0449842, -0.105157, -0.0504538, -0.0533139, -0.0275154, -0.0872588, -0.0257272, -0.0686784, -0.0122995, -0.0754994, -0.03507, -0.0575194, -0.0378366, -0.0316487, -0.0252212, -0.0686784, -0.0122995, -0.0693609, -0.00100069, -0.0533139, -0.0275154, -0.0686784, -0.0122995, -0.0754994, -0.03507, -0.0384126, -0.018523, -0.167229, -0.0918461, -0.147995, -0.0879881, -0.130595, -0.0752194, -0.0575194, -0.0378366, -0.0686784, -0.0122995, -0.13171, -0.0306701, -0.102994, -0.00219348, -0.0872588, -0.0257272, -0.147995, -0.0879881, -0.0693609, -0.00100069, -0.102994, -0.00219348, -0.0693609, -0.00100069, -0.0533139, -0.0275154, -0.130595, -0.0752194, -0.0533139, -0.0275154, -0.0686784, -0.0122995, -0.0872588, -0.0257272, -0.0533139, -0.0275154, -0.0316487, -0.0252212, -0.0575194, -0.0378366, -0.0754994, -0.03507, -0.0384126, -0.018523, ]
best_mc_result_fixed_tau =   [0.0886185, 0.0799384, ]
evolved_state_fixed_tau =   [[-0.0399948, -0.0165429, -0.0915704, -0.0154729, -0.0587755, -0.0251059, -0.0484722, -0.00775903, -0.067885, -0.011274, -0.134116, -0.0327262, -0.067885, -0.011274, -0.174877, -0.0417239, -0.111277, -0.0217507, -0.067885, -0.011274, -0.0484722, -0.00775903, -0.0587755, -0.0251059, -0.0915704, -0.0154729, -0.099988, -0.00147603, -0.14993, 0.0213532, -0.099988, -0.00147603, -0.067885, -0.011274, -0.111277, -0.0217507, -0.174877, -0.0417239, -0.130675, -0.0645492, -0.0587755, -0.0251059, -0.0886988, 0.0187987, -0.0589822, 0.0143803, -0.0936434, 0.0310269, -0.127862, 0.0338529, -0.0589822, 0.0143803, -0.134116, -0.0327262, -0.174877, -0.0417239, -0.186371, -0.0324415, -0.174877, -0.0417239, -0.0399948, -0.0165429, -0.0915704, -0.0154729, -0.0589822, 0.0143803, -0.099988, -0.00147603, -0.067885, -0.011274, -0.099988, -0.00147603, -0.0936434, 0.0310269, -0.099988, -0.00147603, -0.127862, 0.0338529, -0.14993, 0.0213532, -0.0915704, -0.0154729, -0.174877, -0.0417239, -0.130675, -0.0645492, -0.174877, -0.0417239, -0.111277, -0.0217507, -0.0915704, -0.0154729, -0.14993, 0.0213532, -0.127862, 0.0338529, -0.14993, 0.0213532, -0.111277, -0.0217507, -0.0587755, -0.0251059, -0.099988, -0.00147603, -0.0589822, 0.0143803, -0.0915704, -0.0154729, -0.067885, -0.011274, -0.0484722, -0.00775903, -0.0589822, 0.0143803, -0.0886988, 0.0187987, -0.0587755, -0.0251059, -0.0589822, 0.0143803, -0.0915704, -0.0154729, -0.0399948, -0.0165429, -0.186371, -0.0324415, -0.174877, -0.0417239, -0.134116, -0.0327262, -0.067885, -0.011274, -0.0589822, 0.0143803, -0.127862, 0.0338529, -0.0936434, 0.0310269, -0.099988, -0.00147603, -0.174877, -0.0417239, -0.0886988, 0.0187987, -0.0936434, 0.0310269, -0.0886988, 0.0187987, -0.0587755, -0.0251059, -0.134116, -0.0327262, -0.0587755, -0.0251059, -0.0589822, 0.0143803, -0.099988, -0.00147603, -0.0587755, -0.0251059, -0.0484722, -0.00775903, -0.067885, -0.011274, -0.0915704, -0.0154729, -0.0399948, -0.0165429, ],[-0.0344744, -0.00385887, -0.0870369, -0.00552333, -0.0560035, -0.00339266, -0.0290367, -0.0178817, -0.0601557, -0.0139954, -0.147937, -0.00587862, -0.0601557, -0.0139954, -0.172167, -0.0256435, -0.116337, -0.00952284, -0.0601557, -0.0139954, -0.0290367, -0.0178817, -0.0560035, -0.00339266, -0.0870369, -0.00552333, -0.091709, 0.00771835, -0.169714, 0.0212028, -0.091709, 0.00771835, -0.0601557, -0.0139954, -0.116337, -0.00952284, -0.172167, -0.0256435, -0.165231, -0.0635306, -0.0560035, -0.00339266, -0.0670812, 0.0249595, -0.0672567, 0.0206604, -0.0941927, 0.0493041, -0.128176, 0.040589, -0.0672567, 0.0206604, -0.147937, -0.00587862, -0.172167, -0.0256435, -0.179382, -0.000875165, -0.172167, -0.0256435, -0.0344744, -0.00385887, -0.0870369, -0.00552333, -0.0672567, 0.0206604, -0.091709, 0.00771835, -0.0601557, -0.0139954, -0.091709, 0.00771835, -0.0941927, 0.0493041, -0.091709, 0.00771835, -0.128176, 0.040589, -0.169714, 0.0212028, -0.0870369, -0.00552333, -0.172167, -0.0256435, -0.165231, -0.0635306, -0.172167, -0.0256435, -0.116337, -0.00952284, -0.0870369, -0.00552333, -0.169714, 0.0212028, -0.128176, 0.040589, -0.169714, 0.0212028, -0.116337, -0.00952284, -0.0560035, -0.00339266, -0.091709, 0.00771835, -0.0672567, 0.0206604, -0.0870369, -0.00552333, -0.0601557, -0.0139954, -0.0290367, -0.0178817, -0.0672567, 0.0206604, -0.0670812, 0.0249595, -0.0560035, -0.00339266, -0.0672567, 0.0206604, -0.0870369, -0.00552333, -0.0344744, -0.00385887, -0.179382, -0.000875165, -0.172167, -0.0256435, -0.147937, -0.00587862, -0.0601557, -0.0139954, -0.0672567, 0.0206604, -0.128176, 0.040589, -0.0941927, 0.0493041, -0.091709, 0.00771835, -0.172167, -0.0256435, -0.0670812, 0.0249595, -0.0941927, 0.0493041, -0.0670812, 0.0249595, -0.0560035, -0.00339266, -0.147937, -0.00587862, -0.0560035, -0.00339266, -0.0672567, 0.0206604, -0.091709, 0.00771835, -0.0560035, -0.00339266, -0.0290367, -0.0178817, -0.0601557, -0.0139954, -0.0870369, -0.00552333, -0.0344744, -0.00385887, ],]
