START_PARAMETERS
MAX_STEPS_MCDB =               32
MIN_STEPS_MCDB =               4
STEPS_CRUNCH_MCDB =            1
SWEEPS_MCDB =                  100
TOTAL_STEP_CHANGES =                  6
MCBB_SECONDARY =                  1
SWEEPS_MCBB_SECONDARY =                  250
NUMBER_OF_BANGS =                  7
GROUND_E =                -5.57918
INITIAL_E =               -2.7032
j_initial =               0.169
k_initial =               0.5
b_initial =               0
j_target =                0.834
k_target =                0.125
b_target =                0
init_target_dot_squared = 0.382688
init_state = [-0.00184938, 0, -0.0269855, 0, -0.00298063, 0, -0.000512703, 0, -0.00491599, 0, -0.0139401, 0, -0.00491599, 0, -0.0264651, 0, -0.0524935, 0, -0.00491599, 0, -0.000512703, 0, -0.00298063, 0, -0.0269855, 0, -0.0284111, 0, -0.466508, 0, -0.0284111, 0, -0.00491599, 0, -0.0524935, 0, -0.0264651, 0, -0.0547654, 0, -0.00298063, 0, -0.00432882, 0, -0.00918413, 0, -0.0288931, 0, -0.148853, 0, -0.00918413, 0, -0.0139401, 0, -0.0264651, 0, -0.0199848, 0, -0.0264651, 0, -0.00184938, 0, -0.0269855, 0, -0.00918413, 0, -0.0284111, 0, -0.00491599, 0, -0.0284111, 0, -0.0288931, 0, -0.0284111, 0, -0.148853, 0, -0.466508, 0, -0.0269855, 0, -0.0264651, 0, -0.0547654, 0, -0.0264651, 0, -0.0524935, 0, -0.0269855, 0, -0.466508, 0, -0.148853, 0, -0.466508, 0, -0.0524935, 0, -0.00298063, 0, -0.0284111, 0, -0.00918413, 0, -0.0269855, 0, -0.00491599, 0, -0.000512703, 0, -0.00918413, 0, -0.00432882, 0, -0.00298063, 0, -0.00918413, 0, -0.0269855, 0, -0.00184938, 0, -0.0199848, 0, -0.0264651, 0, -0.0139401, 0, -0.00491599, 0, -0.00918413, 0, -0.148853, 0, -0.0288931, 0, -0.0284111, 0, -0.0264651, 0, -0.00432882, 0, -0.0288931, 0, -0.00432882, 0, -0.00298063, 0, -0.0139401, 0, -0.00298063, 0, -0.00918413, 0, -0.0284111, 0, -0.00298063, 0, -0.000512703, 0, -0.00491599, 0, -0.0269855, 0, -0.00184938, 0, ]
target_state = [-0.038059, 0, -0.0869329, 0, -0.060159, 0, -0.0344135, 0, -0.065264, 0, -0.114962, 0, -0.065264, 0, -0.139516, 0, -0.118845, 0, -0.065264, 0, -0.0344135, 0, -0.060159, 0, -0.0869329, 0, -0.101005, 0, -0.192738, 0, -0.101005, 0, -0.065264, 0, -0.118845, 0, -0.139516, 0, -0.141044, 0, -0.060159, 0, -0.0831642, 0, -0.0858163, 0, -0.132195, 0, -0.180707, 0, -0.0858163, 0, -0.114962, 0, -0.139516, 0, -0.147998, 0, -0.139516, 0, -0.038059, 0, -0.0869329, 0, -0.0858163, 0, -0.101005, 0, -0.065264, 0, -0.101005, 0, -0.132195, 0, -0.101005, 0, -0.180707, 0, -0.192738, 0, -0.0869329, 0, -0.139516, 0, -0.141044, 0, -0.139516, 0, -0.118845, 0, -0.0869329, 0, -0.192738, 0, -0.180707, 0, -0.192738, 0, -0.118845, 0, -0.060159, 0, -0.101005, 0, -0.0858163, 0, -0.0869329, 0, -0.065264, 0, -0.0344135, 0, -0.0858163, 0, -0.0831642, 0, -0.060159, 0, -0.0858163, 0, -0.0869329, 0, -0.038059, 0, -0.147998, 0, -0.139516, 0, -0.114962, 0, -0.065264, 0, -0.0858163, 0, -0.180707, 0, -0.132195, 0, -0.101005, 0, -0.139516, 0, -0.0831642, 0, -0.132195, 0, -0.0831642, 0, -0.060159, 0, -0.114962, 0, -0.060159, 0, -0.0858163, 0, -0.101005, 0, -0.060159, 0, -0.0344135, 0, -0.065264, 0, -0.0869329, 0, -0.038059, 0, ]
USE_ENERGY_DISTANCE =     false
PERIODIC =                false
UNIFORM_SITES =           true
DEVICE_DIMENSION =        2
MAX_PARAM =               1
MIN_PARAM =               0
MIN_PARAM =               0
DIAG =                    true
NUM_SEEDS =               2
NUMBER_OF_BANGS =               7
DISTANCE_LIMIT =          0.02
TAU_SCALAR =              1.2
TAU_SCALAR_TINY =         1.1
TAU_SCALAR_BIG =          1.4
ACCEPTANCE_PROB =         0.85
TEMP_EXP_DECAY =          0.8
MIN_TEMP_FRACTION =       0.01
TEMP_DECAY_ITERATIONS =   21
ZERO_TEMP_ITREATIONS =    15
RANDOM_STATES =           3
END_PARAMETERS
##############################################################################
clock_duration  =         519.45
tau =                     0.6
total_steps =             32
time_step =               0.01875
best_mc_result =          0.316161
best_mc_result_non_secondary =          0.316951
evolved_target_dot_squared =  0.683839
distance =          1
j_protocol =  [[1, 1, 1, 1, 1, 1, 1, 0, 1, 0, 0, 1, 1, 1, 1, 1, 1, 1, 1, 1, 1, 1, 1, 1, 1, 1, 1, 1, 1, 1, 1, 0, ],[1, 1, 1, 1, 1, 1, 1, 0, 1, 0, 0, 1, 1, 1, 1, 1, 1, 1, 1, 1, 1, 1, 1, 1, 1, 1, 1, 1, 1, 1, 1, 0, ],]
k_protocol =  [[0, 1, 1, 1, 1, 1, 1, 1, 1, 1, 1, 1, 1, 1, 1, 1, 1, 1, 1, 1, 1, 1, 0, 1, 0, 1, 1, 1, 1, 1, 1, 1, ],[0, 1, 1, 1, 1, 1, 1, 1, 1, 1, 1, 1, 1, 1, 1, 1, 1, 1, 1, 1, 1, 1, 0, 1, 1, 0, 1, 1, 1, 1, 1, 1, ],]
j_protocol_secondary =  [0, 0.140924, 0.154556, 0.161731, 0.197137, 0.237011, 0.237011, 0.331449, 0.331449, 0.393913, 0.393913, 0.417907, 0.417907, 0.588813, ]
k_protocol_secondary =  [0.0219933, 0.243802, 0.243802, 0.293685, 0.293685, 0.413424, 0.447944, 0.447944, 0.458255, 0.491198, 0.491198, 0.549663, 0.549663, 0.6, ]
best_evolved_state = [-0.012293, 0.00850421, 0.00636844, 0.0599297, -0.0230237, 0.012748, 0.00338634, 0.0163013, 0.00112635, 0.0254556, -0.132883, 0.0174898, 0.00112635, 0.0254556, -0.0624677, 0.110827, 0.0242565, 0.101651, 0.00112635, 0.0254556, 0.00338634, 0.0163013, -0.0230237, 0.012748, 0.00636844, 0.0599297, -0.0116065, 0.0682697, 0.0564758, 0.26117, -0.0116065, 0.0682697, 0.00112635, 0.0254556, 0.0242565, 0.101651, -0.0624677, 0.110827, -0.014252, 0.115174, -0.0230237, 0.012748, -0.0474694, 0.0348884, -0.033047, 0.0314623, -0.085578, 0.0927937, -0.0623534, 0.21537, -0.033047, 0.0314623, -0.132883, 0.0174898, -0.0624677, 0.110827, -0.181501, 0.0227962, -0.0624677, 0.110827, -0.012293, 0.00850421, 0.00636844, 0.0599297, -0.033047, 0.0314623, -0.0116065, 0.0682697, 0.00112635, 0.0254556, -0.0116065, 0.0682697, -0.085578, 0.0927937, -0.0116065, 0.0682697, -0.0623534, 0.21537, 0.0564758, 0.26117, 0.00636844, 0.0599297, -0.0624677, 0.110827, -0.014252, 0.115174, -0.0624677, 0.110827, 0.0242565, 0.101651, 0.00636844, 0.0599297, 0.0564758, 0.26117, -0.0623534, 0.21537, 0.0564758, 0.26117, 0.0242565, 0.101651, -0.0230237, 0.012748, -0.0116065, 0.0682697, -0.033047, 0.0314623, 0.00636844, 0.0599297, 0.00112635, 0.0254556, 0.00338634, 0.0163013, -0.033047, 0.0314623, -0.0474694, 0.0348884, -0.0230237, 0.012748, -0.033047, 0.0314623, 0.00636844, 0.0599297, -0.012293, 0.00850421, -0.181501, 0.0227962, -0.0624677, 0.110827, -0.132883, 0.0174898, 0.00112635, 0.0254556, -0.033047, 0.0314623, -0.0623534, 0.21537, -0.085578, 0.0927937, -0.0116065, 0.0682697, -0.0624677, 0.110827, -0.0474694, 0.0348884, -0.085578, 0.0927937, -0.0474694, 0.0348884, -0.0230237, 0.012748, -0.132883, 0.0174898, -0.0230237, 0.012748, -0.033047, 0.0314623, -0.0116065, 0.0682697, -0.0230237, 0.012748, 0.00338634, 0.0163013, 0.00112635, 0.0254556, 0.00636844, 0.0599297, -0.012293, 0.00850421, ]
best_mc_result_fixed_tau =   [0.316951, 0.317429, ]
evolved_state_fixed_tau =   [[-0.0105235, 0.00895819, 0.00802749, 0.0603427, -0.0200982, 0.013277, 0.00353536, 0.0154547, 0.00228906, 0.0254643, -0.124306, 0.0161632, 0.00228906, 0.0254643, -0.0593036, 0.110164, 0.0267024, 0.102569, 0.00228906, 0.0254643, 0.00353536, 0.0154547, -0.0200982, 0.013277, 0.00802749, 0.0603427, -0.00865709, 0.0684498, 0.0598156, 0.271983, -0.00865709, 0.0684498, 0.00228906, 0.0254643, 0.0267024, 0.102569, -0.0593036, 0.110164, -0.00922124, 0.115581, -0.0200982, 0.013277, -0.0440166, 0.0343309, -0.0293992, 0.0324352, -0.080674, 0.0924362, -0.0601067, 0.21765, -0.0293992, 0.0324352, -0.124306, 0.0161632, -0.0593036, 0.110164, -0.169864, 0.0208455, -0.0593036, 0.110164, -0.0105235, 0.00895819, 0.00802749, 0.0603427, -0.0293992, 0.0324352, -0.00865709, 0.0684498, 0.00228906, 0.0254643, -0.00865709, 0.0684498, -0.080674, 0.0924362, -0.00865709, 0.0684498, -0.0601067, 0.21765, 0.0598156, 0.271983, 0.00802749, 0.0603427, -0.0593036, 0.110164, -0.00922124, 0.115581, -0.0593036, 0.110164, 0.0267024, 0.102569, 0.00802749, 0.0603427, 0.0598156, 0.271983, -0.0601067, 0.21765, 0.0598156, 0.271983, 0.0267024, 0.102569, -0.0200982, 0.013277, -0.00865709, 0.0684498, -0.0293992, 0.0324352, 0.00802749, 0.0603427, 0.00228906, 0.0254643, 0.00353536, 0.0154547, -0.0293992, 0.0324352, -0.0440166, 0.0343309, -0.0200982, 0.013277, -0.0293992, 0.0324352, 0.00802749, 0.0603427, -0.0105235, 0.00895819, -0.169864, 0.0208455, -0.0593036, 0.110164, -0.124306, 0.0161632, 0.00228906, 0.0254643, -0.0293992, 0.0324352, -0.0601067, 0.21765, -0.080674, 0.0924362, -0.00865709, 0.0684498, -0.0593036, 0.110164, -0.0440166, 0.0343309, -0.080674, 0.0924362, -0.0440166, 0.0343309, -0.0200982, 0.013277, -0.124306, 0.0161632, -0.0200982, 0.013277, -0.0293992, 0.0324352, -0.00865709, 0.0684498, -0.0200982, 0.013277, 0.00353536, 0.0154547, 0.00228906, 0.0254643, 0.00802749, 0.0603427, -0.0105235, 0.00895819, ],[-0.010881, 0.00860337, 0.00749668, 0.0602315, -0.0201122, 0.0129527, 0.00361135, 0.0153811, 0.00220012, 0.0249827, -0.124068, 0.016714, 0.00220012, 0.0249827, -0.0590628, 0.109692, 0.0253119, 0.10235, 0.00220012, 0.0249827, 0.00361135, 0.0153811, -0.0201122, 0.0129527, 0.00749668, 0.0602315, -0.00922388, 0.0682602, 0.0605769, 0.272832, -0.00922388, 0.0682602, 0.00220012, 0.0249827, 0.0253119, 0.10235, -0.0590628, 0.109692, -0.0107219, 0.115226, -0.0201122, 0.0129527, -0.0437597, 0.0341701, -0.0298381, 0.0317621, -0.0807774, 0.092096, -0.0605078, 0.217976, -0.0298381, 0.0317621, -0.124068, 0.016714, -0.0590628, 0.109692, -0.169538, 0.0215349, -0.0590628, 0.109692, -0.010881, 0.00860337, 0.00749668, 0.0602315, -0.0298381, 0.0317621, -0.00922388, 0.0682602, 0.00220012, 0.0249827, -0.00922388, 0.0682602, -0.0807774, 0.092096, -0.00922388, 0.0682602, -0.0605078, 0.217976, 0.0605769, 0.272832, 0.00749668, 0.0602315, -0.0590628, 0.109692, -0.0107219, 0.115226, -0.0590628, 0.109692, 0.0253119, 0.10235, 0.00749668, 0.0602315, 0.0605769, 0.272832, -0.0605078, 0.217976, 0.0605769, 0.272832, 0.0253119, 0.10235, -0.0201122, 0.0129527, -0.00922388, 0.0682602, -0.0298381, 0.0317621, 0.00749668, 0.0602315, 0.00220012, 0.0249827, 0.00361135, 0.0153811, -0.0298381, 0.0317621, -0.0437597, 0.0341701, -0.0201122, 0.0129527, -0.0298381, 0.0317621, 0.00749668, 0.0602315, -0.010881, 0.00860337, -0.169538, 0.0215349, -0.0590628, 0.109692, -0.124068, 0.016714, 0.00220012, 0.0249827, -0.0298381, 0.0317621, -0.0605078, 0.217976, -0.0807774, 0.092096, -0.00922388, 0.0682602, -0.0590628, 0.109692, -0.0437597, 0.0341701, -0.0807774, 0.092096, -0.0437597, 0.0341701, -0.0201122, 0.0129527, -0.124068, 0.016714, -0.0201122, 0.0129527, -0.0298381, 0.0317621, -0.00922388, 0.0682602, -0.0201122, 0.0129527, 0.00361135, 0.0153811, 0.00220012, 0.0249827, 0.00749668, 0.0602315, -0.010881, 0.00860337, ],]
