START_PARAMETERS
MAX_STEPS_MCDB =               32
MIN_STEPS_MCDB =               4
STEPS_CRUNCH_MCDB =            1
SWEEPS_MCDB =                  100
TOTAL_STEP_CHANGES =                  6
MCBB_SECONDARY =                  1
SWEEPS_MCBB_SECONDARY =                  300
NUMBER_OF_BANGS =                  8
GROUND_E =                -6.08934
INITIAL_E =               -3.97699
j_initial =               0.094
k_initial =               0.5
b_initial =               0
j_target =                0.764
k_target =                0.5
b_target =                0
init_target_dot_squared = 0.443599
init_state = [0.000522965, 0, 0.0154439, 0, 0.000808166, 0, 8.55809e-05, 0, 0.00149723, 0, 0.00285109, 0, 0.00149723, 0, 0.0086502, 0, 0.030627, 0, 0.00149723, 0, 8.55809e-05, 0, 0.000808166, 0, 0.0154439, 0, 0.01573, 0, 0.489071, 0, 0.01573, 0, 0.00149723, 0, 0.030627, 0, 0.0086502, 0, 0.0310659, 0, 0.000808166, 0, 0.000832997, 0, 0.00292013, 0, 0.0098495, 0, 0.0901667, 0, 0.00292013, 0, 0.00285109, 0, 0.0086502, 0, 0.00408727, 0, 0.0086502, 0, 0.000522965, 0, 0.0154439, 0, 0.00292013, 0, 0.01573, 0, 0.00149723, 0, 0.01573, 0, 0.0098495, 0, 0.01573, 0, 0.0901667, 0, 0.489071, 0, 0.0154439, 0, 0.0086502, 0, 0.0310659, 0, 0.0086502, 0, 0.030627, 0, 0.0154439, 0, 0.489071, 0, 0.0901667, 0, 0.489071, 0, 0.030627, 0, 0.000808166, 0, 0.01573, 0, 0.00292013, 0, 0.0154439, 0, 0.00149723, 0, 8.55809e-05, 0, 0.00292013, 0, 0.000832997, 0, 0.000808166, 0, 0.00292013, 0, 0.0154439, 0, 0.000522965, 0, 0.00408727, 0, 0.0086502, 0, 0.00285109, 0, 0.00149723, 0, 0.00292013, 0, 0.0901667, 0, 0.0098495, 0, 0.01573, 0, 0.0086502, 0, 0.000832997, 0, 0.0098495, 0, 0.000832997, 0, 0.000808166, 0, 0.00285109, 0, 0.000808166, 0, 0.00292013, 0, 0.01573, 0, 0.000808166, 0, 8.55809e-05, 0, 0.00149723, 0, 0.0154439, 0, 0.000522965, 0, ]
target_state = [-0.0203891, 0, -0.0697722, 0, -0.0349505, 0, -0.0143371, 0, -0.0409512, 0, -0.103025, 0, -0.0409512, 0, -0.128671, 0, -0.110351, 0, -0.0409512, 0, -0.0143371, 0, -0.0349505, 0, -0.0697722, 0, -0.08251, 0, -0.270143, 0, -0.08251, 0, -0.0409512, 0, -0.110351, 0, -0.128671, 0, -0.132362, 0, -0.0349505, 0, -0.0546695, 0, -0.0610032, 0, -0.121913, 0, -0.217366, 0, -0.0610032, 0, -0.103025, 0, -0.128671, 0, -0.141745, 0, -0.128671, 0, -0.0203891, 0, -0.0697722, 0, -0.0610032, 0, -0.08251, 0, -0.0409512, 0, -0.08251, 0, -0.121913, 0, -0.08251, 0, -0.217366, 0, -0.270143, 0, -0.0697722, 0, -0.128671, 0, -0.132362, 0, -0.128671, 0, -0.110351, 0, -0.0697722, 0, -0.270143, 0, -0.217366, 0, -0.270143, 0, -0.110351, 0, -0.0349505, 0, -0.08251, 0, -0.0610032, 0, -0.0697722, 0, -0.0409512, 0, -0.0143371, 0, -0.0610032, 0, -0.0546695, 0, -0.0349505, 0, -0.0610032, 0, -0.0697722, 0, -0.0203891, 0, -0.141745, 0, -0.128671, 0, -0.103025, 0, -0.0409512, 0, -0.0610032, 0, -0.217366, 0, -0.121913, 0, -0.08251, 0, -0.128671, 0, -0.0546695, 0, -0.121913, 0, -0.0546695, 0, -0.0349505, 0, -0.103025, 0, -0.0349505, 0, -0.0610032, 0, -0.08251, 0, -0.0349505, 0, -0.0143371, 0, -0.0409512, 0, -0.0697722, 0, -0.0203891, 0, ]
USE_ENERGY_DISTANCE =     false
PERIODIC =                false
UNIFORM_SITES =           true
DEVICE_DIMENSION =        2
MAX_PARAM =               1
MIN_PARAM =               0
MIN_PARAM =               0
DIAG =                    true
NUM_SEEDS =               2
NUMBER_OF_BANGS =               8
DISTANCE_LIMIT =          0.01
TAU_SCALAR =              1.3
TAU_SCALAR_TINY =         1.1
TAU_SCALAR_BIG =          1.5
ACCEPTANCE_PROB =         0.85
TEMP_EXP_DECAY =          0.8
MIN_TEMP_FRACTION =       0.01
TEMP_DECAY_ITERATIONS =   21
ZERO_TEMP_ITREATIONS =    25
RANDOM_STATES =           3
END_PARAMETERS
##############################################################################
clock_duration  =         961.263
tau =                     0.5
total_steps =             32
time_step =               0.015625
best_mc_result =          0.340316
best_mc_result_non_secondary =          0.341425
evolved_target_dot_squared =  0.659684
distance =          1
j_protocol =  [[1, 1, 1, 1, 1, 0, 1, 1, 0, 0, 1, 1, 0, 0, 0, 0, 1, 1, 1, 1, 1, 1, 1, 1, 1, 1, 1, 0, 0, 0, 0, 0, ],[1, 1, 1, 1, 1, 0, 1, 1, 0, 0, 1, 1, 0, 0, 0, 0, 1, 1, 1, 1, 1, 1, 1, 1, 1, 1, 1, 1, 0, 0, 0, 0, ],]
k_protocol =  [[0, 1, 1, 1, 1, 1, 1, 1, 1, 1, 1, 1, 1, 1, 1, 1, 1, 1, 1, 1, 1, 1, 1, 1, 1, 1, 1, 1, 1, 1, 1, 1, ],[1, 1, 1, 1, 1, 1, 1, 1, 1, 1, 1, 1, 1, 1, 1, 1, 1, 1, 1, 1, 1, 1, 1, 1, 1, 1, 1, 1, 1, 1, 1, 1, ],]
j_protocol_secondary =  [0, 0.017193, 0.017193, 0.09375, 0.09375, 0.124534, 0.130152, 0.130963, 0.171263, 0.177964, 0.240191, 0.285643, 0.285643, 0.339867, 0.339867, 0.42701, ]
k_protocol_secondary =  [0.0108413, 0.015625, 0.015625, 0.0246004, 0.0246004, 0.0368644, 0.0368644, 0.0392165, 0.0392165, 0.250231, 0.250231, 0.278871, 0.278871, 0.31374, 0.31374, 0.5, ]
best_evolved_state = [-0.00631203, 0.00106349, -0.0597073, -0.00988735, -0.0103906, -0.00713264, -0.00780338, -0.00956441, -0.0321116, -0.00970782, 0.043773, -0.0286555, -0.0321116, -0.00970782, -0.0339494, -0.0914729, -0.117434, -0.00372747, -0.0321116, -0.00970782, -0.00780338, -0.00956441, -0.0103906, -0.00713264, -0.0597073, -0.00988735, -0.0550288, -0.0159628, -0.35873, -0.10431, -0.0550288, -0.0159628, -0.0321116, -0.00970782, -0.117434, -0.00372747, -0.0339494, -0.0914729, -0.106431, -0.0142113, -0.0103906, -0.00713264, 0.00737653, -0.0281981, -0.0219406, -0.0191593, -0.0134005, -0.077619, -0.128034, -0.157347, -0.0219406, -0.0191593, 0.043773, -0.0286555, -0.0339494, -0.0914729, 0.0604436, -0.0375337, -0.0339494, -0.0914729, -0.00631203, 0.00106349, -0.0597073, -0.00988735, -0.0219406, -0.0191593, -0.0550288, -0.0159628, -0.0321116, -0.00970782, -0.0550288, -0.0159628, -0.0134005, -0.077619, -0.0550288, -0.0159628, -0.128034, -0.157347, -0.35873, -0.10431, -0.0597073, -0.00988735, -0.0339494, -0.0914729, -0.106431, -0.0142113, -0.0339494, -0.0914729, -0.117434, -0.00372747, -0.0597073, -0.00988735, -0.35873, -0.10431, -0.128034, -0.157347, -0.35873, -0.10431, -0.117434, -0.00372747, -0.0103906, -0.00713264, -0.0550288, -0.0159628, -0.0219406, -0.0191593, -0.0597073, -0.00988735, -0.0321116, -0.00970782, -0.00780338, -0.00956441, -0.0219406, -0.0191593, 0.00737653, -0.0281981, -0.0103906, -0.00713264, -0.0219406, -0.0191593, -0.0597073, -0.00988735, -0.00631203, 0.00106349, 0.0604436, -0.0375337, -0.0339494, -0.0914729, 0.043773, -0.0286555, -0.0321116, -0.00970782, -0.0219406, -0.0191593, -0.128034, -0.157347, -0.0134005, -0.077619, -0.0550288, -0.0159628, -0.0339494, -0.0914729, 0.00737653, -0.0281981, -0.0134005, -0.077619, 0.00737653, -0.0281981, -0.0103906, -0.00713264, 0.043773, -0.0286555, -0.0103906, -0.00713264, -0.0219406, -0.0191593, -0.0550288, -0.0159628, -0.0103906, -0.00713264, -0.00780338, -0.00956441, -0.0321116, -0.00970782, -0.0597073, -0.00988735, -0.00631203, 0.00106349, ]
best_mc_result_fixed_tau =   [0.341425, 0.342633, ]
evolved_state_fixed_tau =   [[-0.006968, 0.00183617, -0.0612212, -0.00605338, -0.0111344, -0.00691333, -0.00769608, -0.00920636, -0.032814, -0.00914155, 0.0417535, -0.0283754, -0.032814, -0.00914155, -0.0365658, -0.0896119, -0.120336, 0.00375915, -0.032814, -0.00914155, -0.00769608, -0.00920636, -0.0111344, -0.00691333, -0.0612212, -0.00605338, -0.0570559, -0.0119925, -0.362743, -0.0906257, -0.0570559, -0.0119925, -0.032814, -0.00914155, -0.120336, 0.00375915, -0.0365658, -0.0896119, -0.1104, -0.00657429, -0.0111344, -0.00691333, 0.00622377, -0.0277441, -0.0238932, -0.01784, -0.0168926, -0.0755972, -0.133918, -0.149021, -0.0238932, -0.01784, 0.0417535, -0.0283754, -0.0365658, -0.0896119, 0.0575068, -0.0374354, -0.0365658, -0.0896119, -0.006968, 0.00183617, -0.0612212, -0.00605338, -0.0238932, -0.01784, -0.0570559, -0.0119925, -0.032814, -0.00914155, -0.0570559, -0.0119925, -0.0168926, -0.0755972, -0.0570559, -0.0119925, -0.133918, -0.149021, -0.362743, -0.0906257, -0.0612212, -0.00605338, -0.0365658, -0.0896119, -0.1104, -0.00657429, -0.0365658, -0.0896119, -0.120336, 0.00375915, -0.0612212, -0.00605338, -0.362743, -0.0906257, -0.133918, -0.149021, -0.362743, -0.0906257, -0.120336, 0.00375915, -0.0111344, -0.00691333, -0.0570559, -0.0119925, -0.0238932, -0.01784, -0.0612212, -0.00605338, -0.032814, -0.00914155, -0.00769608, -0.00920636, -0.0238932, -0.01784, 0.00622377, -0.0277441, -0.0111344, -0.00691333, -0.0238932, -0.01784, -0.0612212, -0.00605338, -0.006968, 0.00183617, 0.0575068, -0.0374354, -0.0365658, -0.0896119, 0.0417535, -0.0283754, -0.032814, -0.00914155, -0.0238932, -0.01784, -0.133918, -0.149021, -0.0168926, -0.0755972, -0.0570559, -0.0119925, -0.0365658, -0.0896119, 0.00622377, -0.0277441, -0.0168926, -0.0755972, 0.00622377, -0.0277441, -0.0111344, -0.00691333, 0.0417535, -0.0283754, -0.0111344, -0.00691333, -0.0238932, -0.01784, -0.0570559, -0.0119925, -0.0111344, -0.00691333, -0.00769608, -0.00920636, -0.032814, -0.00914155, -0.0612212, -0.00605338, -0.006968, 0.00183617, ],[-0.00688922, -0.000747202, -0.0586105, -0.019553, -0.00866637, -0.00941872, -0.00578871, -0.0110012, -0.0298369, -0.0160544, 0.0483606, -0.0246709, -0.0298369, -0.0160544, -0.0214386, -0.0970059, -0.11811, -0.0226534, -0.0298369, -0.0160544, -0.00578871, -0.0110012, -0.00866637, -0.00941872, -0.0586105, -0.019553, -0.0529124, -0.0250612, -0.343824, -0.132573, -0.0529124, -0.0250612, -0.0298369, -0.0160544, -0.11811, -0.0226534, -0.0214386, -0.0970059, -0.105409, -0.0319923, -0.00866637, -0.00941872, 0.0122856, -0.0274691, -0.0185715, -0.0240781, -0.00266888, -0.0805212, -0.110785, -0.171515, -0.0185715, -0.0240781, 0.0483606, -0.0246709, -0.0214386, -0.0970059, 0.0667124, -0.03205, -0.0214386, -0.0970059, -0.00688922, -0.000747202, -0.0586105, -0.019553, -0.0185715, -0.0240781, -0.0529124, -0.0250612, -0.0298369, -0.0160544, -0.0529124, -0.0250612, -0.00266888, -0.0805212, -0.0529124, -0.0250612, -0.110785, -0.171515, -0.343824, -0.132573, -0.0586105, -0.019553, -0.0214386, -0.0970059, -0.105409, -0.0319923, -0.0214386, -0.0970059, -0.11811, -0.0226534, -0.0586105, -0.019553, -0.343824, -0.132573, -0.110785, -0.171515, -0.343824, -0.132573, -0.11811, -0.0226534, -0.00866637, -0.00941872, -0.0529124, -0.0250612, -0.0185715, -0.0240781, -0.0586105, -0.019553, -0.0298369, -0.0160544, -0.00578871, -0.0110012, -0.0185715, -0.0240781, 0.0122856, -0.0274691, -0.00866637, -0.00941872, -0.0185715, -0.0240781, -0.0586105, -0.019553, -0.00688922, -0.000747202, 0.0667124, -0.03205, -0.0214386, -0.0970059, 0.0483606, -0.0246709, -0.0298369, -0.0160544, -0.0185715, -0.0240781, -0.110785, -0.171515, -0.00266888, -0.0805212, -0.0529124, -0.0250612, -0.0214386, -0.0970059, 0.0122856, -0.0274691, -0.00266888, -0.0805212, 0.0122856, -0.0274691, -0.00866637, -0.00941872, 0.0483606, -0.0246709, -0.00866637, -0.00941872, -0.0185715, -0.0240781, -0.0529124, -0.0250612, -0.00866637, -0.00941872, -0.00578871, -0.0110012, -0.0298369, -0.0160544, -0.0586105, -0.019553, -0.00688922, -0.000747202, ],]
