START_PARAMETERS
MAX_STEPS_MCDB =               32
MIN_STEPS_MCDB =               4
STEPS_CRUNCH_MCDB =            1
SWEEPS_MCDB =                  100
TOTAL_STEP_CHANGES =                  6
MCBB_SECONDARY =                  1
SWEEPS_MCBB_SECONDARY =                  300
NUMBER_OF_BANGS =                  8
GROUND_E =                -5.57195
INITIAL_E =               -5.52521
j_initial =               0.5
k_initial =               0.5
b_initial =               0
j_target =                0.676
k_target =                0.5
b_target =                0
init_target_dot_squared = 0.984353
init_state = [-0.0134955, 0, -0.0596572, 0, -0.0233472, 0, -0.00794986, 0, -0.029, 0, -0.0854029, 0, -0.029, 0, -0.109009, 0, -0.101235, 0, -0.029, 0, -0.00794986, 0, -0.0233472, 0, -0.0596572, 0, -0.0696661, 0, -0.326121, 0, -0.0696661, 0, -0.029, 0, -0.101235, 0, -0.109009, 0, -0.118686, 0, -0.0233472, 0, -0.038097, 0, -0.0460451, 0, -0.10527, 0, -0.226893, 0, -0.0460451, 0, -0.0854029, 0, -0.109009, 0, -0.119979, 0, -0.109009, 0, -0.0134955, 0, -0.0596572, 0, -0.0460451, 0, -0.0696661, 0, -0.029, 0, -0.0696661, 0, -0.10527, 0, -0.0696661, 0, -0.226893, 0, -0.326121, 0, -0.0596572, 0, -0.109009, 0, -0.118686, 0, -0.109009, 0, -0.101235, 0, -0.0596572, 0, -0.326121, 0, -0.226893, 0, -0.326121, 0, -0.101235, 0, -0.0233472, 0, -0.0696661, 0, -0.0460451, 0, -0.0596572, 0, -0.029, 0, -0.00794986, 0, -0.0460451, 0, -0.038097, 0, -0.0233472, 0, -0.0460451, 0, -0.0596572, 0, -0.0134955, 0, -0.119979, 0, -0.109009, 0, -0.0854029, 0, -0.029, 0, -0.0460451, 0, -0.226893, 0, -0.10527, 0, -0.0696661, 0, -0.109009, 0, -0.038097, 0, -0.10527, 0, -0.038097, 0, -0.0233472, 0, -0.0854029, 0, -0.0233472, 0, -0.0460451, 0, -0.0696661, 0, -0.0233472, 0, -0.00794986, 0, -0.029, 0, -0.0596572, 0, -0.0134955, 0, ]
target_state = [-0.0184219, 0, -0.0671589, 0, -0.031722, 0, -0.0123936, 0, -0.0376893, 0, -0.0992794, 0, -0.0376893, 0, -0.124486, 0, -0.108292, 0, -0.0376893, 0, -0.0123936, 0, -0.031722, 0, -0.0671589, 0, -0.0792849, 0, -0.284123, 0, -0.0792849, 0, -0.0376893, 0, -0.108292, 0, -0.124486, 0, -0.129352, 0, -0.031722, 0, -0.0502783, 0, -0.057117, 0, -0.118371, 0, -0.221084, 0, -0.057117, 0, -0.0992794, 0, -0.124486, 0, -0.137475, 0, -0.124486, 0, -0.0184219, 0, -0.0671589, 0, -0.057117, 0, -0.0792849, 0, -0.0376893, 0, -0.0792849, 0, -0.118371, 0, -0.0792849, 0, -0.221084, 0, -0.284123, 0, -0.0671589, 0, -0.124486, 0, -0.129352, 0, -0.124486, 0, -0.108292, 0, -0.0671589, 0, -0.284123, 0, -0.221084, 0, -0.284123, 0, -0.108292, 0, -0.031722, 0, -0.0792849, 0, -0.057117, 0, -0.0671589, 0, -0.0376893, 0, -0.0123936, 0, -0.057117, 0, -0.0502783, 0, -0.031722, 0, -0.057117, 0, -0.0671589, 0, -0.0184219, 0, -0.137475, 0, -0.124486, 0, -0.0992794, 0, -0.0376893, 0, -0.057117, 0, -0.221084, 0, -0.118371, 0, -0.0792849, 0, -0.124486, 0, -0.0502783, 0, -0.118371, 0, -0.0502783, 0, -0.031722, 0, -0.0992794, 0, -0.031722, 0, -0.057117, 0, -0.0792849, 0, -0.031722, 0, -0.0123936, 0, -0.0376893, 0, -0.0671589, 0, -0.0184219, 0, ]
USE_ENERGY_DISTANCE =     false
PERIODIC =                false
UNIFORM_SITES =           true
DEVICE_DIMENSION =        2
MAX_PARAM =               1
MIN_PARAM =               0
MIN_PARAM =               0
DIAG =                    true
NUM_SEEDS =               2
NUMBER_OF_BANGS =               8
DISTANCE_LIMIT =          0.01
TAU_SCALAR =              1.3
TAU_SCALAR_TINY =         1.1
TAU_SCALAR_BIG =          1.5
ACCEPTANCE_PROB =         0.85
TEMP_EXP_DECAY =          0.8
MIN_TEMP_FRACTION =       0.01
TEMP_DECAY_ITERATIONS =   21
ZERO_TEMP_ITREATIONS =    25
RANDOM_STATES =           3
END_PARAMETERS
##############################################################################
clock_duration  =         1365.04
tau =                     1.4
total_steps =             32
time_step =               0.04375
best_mc_result =          0.000276117
best_mc_result_non_secondary =          0.00218143
evolved_target_dot_squared =  0.999724
distance =          1
j_protocol =  [[1, 0, 1, 1, 1, 0, 1, 1, 1, 0, 1, 1, 0, 0, 1, 1, 1, 1, 1, 1, 1, 1, 1, 1, 1, 1, 0, 1, 1, 1, 0, 0, ],[1, 1, 1, 1, 0, 1, 1, 1, 1, 1, 1, 0, 0, 0, 1, 1, 0, 1, 1, 1, 1, 1, 1, 1, 1, 1, 0, 1, 1, 1, 1, 0, ],]
k_protocol =  [[1, 1, 0, 1, 0, 1, 1, 0, 1, 1, 0, 0, 1, 1, 1, 1, 0, 0, 1, 1, 1, 1, 1, 1, 1, 0, 1, 0, 0, 0, 1, 1, ],[1, 1, 0, 1, 1, 1, 1, 0, 1, 0, 0, 1, 1, 1, 1, 0, 1, 0, 0, 1, 1, 1, 1, 1, 1, 1, 1, 0, 0, 0, 1, 1, ],]
j_protocol_secondary =  [0, 0.0486063, 0.0859856, 0.216083, 0.263603, 0.400934, 0.431078, 0.528184, 0.569105, 0.574683, 0.615886, 1.13683, 1.19497, 1.30724, 1.3955, 1.4, ]
k_protocol_secondary =  [0.017449, 0.0864575, 0.124289, 0.186473, 0.209792, 0.304706, 0.352912, 0.435986, 0.523474, 0.706203, 0.772593, 1.09516, 1.13721, 1.17976, 1.31165, 1.39409, ]
best_evolved_state = [0.0218118, -0.00271915, 0.065339, -0.013308, 0.0308981, -0.00499859, 0.0123957, -0.00286494, 0.0358989, -0.00945165, 0.0967241, -0.0191499, 0.0358989, -0.00945165, 0.121397, -0.0229211, 0.107755, -0.0204443, 0.0358989, -0.00945165, 0.0123957, -0.00286494, 0.0308981, -0.00499859, 0.065339, -0.013308, 0.0771949, -0.0154379, 0.277787, -0.055754, 0.0771949, -0.0154379, 0.0358989, -0.00945165, 0.107755, -0.0204443, 0.121397, -0.0229211, 0.126233, -0.0239864, 0.0308981, -0.00499859, 0.0466353, -0.0104315, 0.056056, -0.0122864, 0.114825, -0.0227667, 0.220402, -0.0441207, 0.056056, -0.0122864, 0.0967241, -0.0191499, 0.121397, -0.0229211, 0.135311, -0.0242826, 0.121397, -0.0229211, 0.0218118, -0.00271915, 0.065339, -0.013308, 0.056056, -0.0122864, 0.0771949, -0.0154379, 0.0358989, -0.00945165, 0.0771949, -0.0154379, 0.114825, -0.0227667, 0.0771949, -0.0154379, 0.220402, -0.0441207, 0.277787, -0.055754, 0.065339, -0.013308, 0.121397, -0.0229211, 0.126233, -0.0239864, 0.121397, -0.0229211, 0.107755, -0.0204443, 0.065339, -0.013308, 0.277787, -0.055754, 0.220402, -0.0441207, 0.277787, -0.055754, 0.107755, -0.0204443, 0.0308981, -0.00499859, 0.0771949, -0.0154379, 0.056056, -0.0122864, 0.065339, -0.013308, 0.0358989, -0.00945165, 0.0123957, -0.00286494, 0.056056, -0.0122864, 0.0466353, -0.0104315, 0.0308981, -0.00499859, 0.056056, -0.0122864, 0.065339, -0.013308, 0.0218118, -0.00271915, 0.135311, -0.0242826, 0.121397, -0.0229211, 0.0967241, -0.0191499, 0.0358989, -0.00945165, 0.056056, -0.0122864, 0.220402, -0.0441207, 0.114825, -0.0227667, 0.0771949, -0.0154379, 0.121397, -0.0229211, 0.0466353, -0.0104315, 0.114825, -0.0227667, 0.0466353, -0.0104315, 0.0308981, -0.00499859, 0.0967241, -0.0191499, 0.0308981, -0.00499859, 0.056056, -0.0122864, 0.0771949, -0.0154379, 0.0308981, -0.00499859, 0.0123957, -0.00286494, 0.0358989, -0.00945165, 0.065339, -0.013308, 0.0218118, -0.00271915, ]
best_mc_result_fixed_tau =   [0.00218143, 0.002243, ]
evolved_state_fixed_tau =   [[0.0250572, -0.00201239, 0.0630826, -0.0219963, 0.0308701, -0.00687889, 0.0157255, -0.00435509, 0.0374138, -0.0163807, 0.100514, -0.0248413, 0.0374138, -0.0163807, 0.122355, -0.0361147, 0.101032, -0.0328335, 0.0374138, -0.0163807, 0.0157255, -0.00435509, 0.0308701, -0.00687889, 0.0630826, -0.0219963, 0.0758751, -0.025405, 0.259655, -0.09065, 0.0758751, -0.025405, 0.0374138, -0.0163807, 0.101032, -0.0328335, 0.122355, -0.0361147, 0.118278, -0.0412593, 0.0308701, -0.00687889, 0.0507185, -0.0179765, 0.0546143, -0.0199188, 0.114113, -0.0352088, 0.212772, -0.067079, 0.0546143, -0.0199188, 0.100514, -0.0248413, 0.122355, -0.0361147, 0.140012, -0.0317578, 0.122355, -0.0361147, 0.0250572, -0.00201239, 0.0630826, -0.0219963, 0.0546143, -0.0199188, 0.0758751, -0.025405, 0.0374138, -0.0163807, 0.0758751, -0.025405, 0.114113, -0.0352088, 0.0758751, -0.025405, 0.212772, -0.067079, 0.259655, -0.09065, 0.0630826, -0.0219963, 0.122355, -0.0361147, 0.118278, -0.0412593, 0.122355, -0.0361147, 0.101032, -0.0328335, 0.0630826, -0.0219963, 0.259655, -0.09065, 0.212772, -0.067079, 0.259655, -0.09065, 0.101032, -0.0328335, 0.0308701, -0.00687889, 0.0758751, -0.025405, 0.0546143, -0.0199188, 0.0630826, -0.0219963, 0.0374138, -0.0163807, 0.0157255, -0.00435509, 0.0546143, -0.0199188, 0.0507185, -0.0179765, 0.0308701, -0.00687889, 0.0546143, -0.0199188, 0.0630826, -0.0219963, 0.0250572, -0.00201239, 0.140012, -0.0317578, 0.122355, -0.0361147, 0.100514, -0.0248413, 0.0374138, -0.0163807, 0.0546143, -0.0199188, 0.212772, -0.067079, 0.114113, -0.0352088, 0.0758751, -0.025405, 0.122355, -0.0361147, 0.0507185, -0.0179765, 0.114113, -0.0352088, 0.0507185, -0.0179765, 0.0308701, -0.00687889, 0.100514, -0.0248413, 0.0308701, -0.00687889, 0.0546143, -0.0199188, 0.0758751, -0.025405, 0.0308701, -0.00687889, 0.0157255, -0.00435509, 0.0374138, -0.0163807, 0.0630826, -0.0219963, 0.0250572, -0.00201239, ],[0.0210557, 0.00836159, 0.068591, 0.00878843, 0.0311178, 0.00728245, 0.0154809, 0.00281637, 0.0401349, 0.00168358, 0.0926066, 0.00284256, 0.0401349, 0.00168358, 0.125938, 0.0137138, 0.109509, 0.0162993, 0.0401349, 0.00168358, 0.0154809, 0.00281637, 0.0311178, 0.00728245, 0.068591, 0.00878843, 0.0798863, 0.0109529, 0.280386, 0.0129776, 0.0798863, 0.0109529, 0.0401349, 0.00168358, 0.109509, 0.0162993, 0.125938, 0.0137138, 0.125234, 0.0175788, 0.0311178, 0.00728245, 0.0502634, 0.00560645, 0.0562811, 0.00541604, 0.115915, 0.0111284, 0.224047, 0.0129625, 0.0562811, 0.00541604, 0.0926066, 0.00284256, 0.125938, 0.0137138, 0.132391, 0.0090695, 0.125938, 0.0137138, 0.0210557, 0.00836159, 0.068591, 0.00878843, 0.0562811, 0.00541604, 0.0798863, 0.0109529, 0.0401349, 0.00168358, 0.0798863, 0.0109529, 0.115915, 0.0111284, 0.0798863, 0.0109529, 0.224047, 0.0129625, 0.280386, 0.0129776, 0.068591, 0.00878843, 0.125938, 0.0137138, 0.125234, 0.0175788, 0.125938, 0.0137138, 0.109509, 0.0162993, 0.068591, 0.00878843, 0.280386, 0.0129776, 0.224047, 0.0129625, 0.280386, 0.0129776, 0.109509, 0.0162993, 0.0311178, 0.00728245, 0.0798863, 0.0109529, 0.0562811, 0.00541604, 0.068591, 0.00878843, 0.0401349, 0.00168358, 0.0154809, 0.00281637, 0.0562811, 0.00541604, 0.0502634, 0.00560645, 0.0311178, 0.00728245, 0.0562811, 0.00541604, 0.068591, 0.00878843, 0.0210557, 0.00836159, 0.132391, 0.0090695, 0.125938, 0.0137138, 0.0926066, 0.00284256, 0.0401349, 0.00168358, 0.0562811, 0.00541604, 0.224047, 0.0129625, 0.115915, 0.0111284, 0.0798863, 0.0109529, 0.125938, 0.0137138, 0.0502634, 0.00560645, 0.115915, 0.0111284, 0.0502634, 0.00560645, 0.0311178, 0.00728245, 0.0926066, 0.00284256, 0.0311178, 0.00728245, 0.0562811, 0.00541604, 0.0798863, 0.0109529, 0.0311178, 0.00728245, 0.0154809, 0.00281637, 0.0401349, 0.00168358, 0.068591, 0.00878843, 0.0210557, 0.00836159, ],]
