START_PARAMETERS
DIAG =                         false
NUM_SEEDS =                    4
DISTANCE_LIMIT_MCBB =          0.02
TAU_INIT_MCBB =                0.01
MAX_TAU_MCBB =                 0.5
TAU_SCALAR_MCBB =              1.3
TAU_SCALAR_MCBB_TINY =         1.1
TAU_SCALAR_MCBB_BIG =          1.8
MAX_CHANGE_FRACTION_MCBB =     0.8
MIN_CHANGE_FRACTION_MCBB =     0.02
ACCEPTANCE_PROB_MCBB =         0.8
TEMP_EXP_DECAY_MCBB =          0.8
BINARY_SEARCH_TAU_LIMIT_MCBB = 0.0001
RANDOM_STATES_MCBB =           3
NUMBER_OF_BANGS =              3
SWEEPS_MCBB =                  70
TEMP_DECAY_ITERATIONS_MCBB =   20
TEMP_DECAY_LIMIT_MCBB =        7
MAX_TAU_STEPS_MCBB =           15
MAX_BS_STEPS_MCDB =            11
GROUND_E =                   -7.8192
INITIAL_E =                  -7.79615
j_initial =        0.05
k_initial =        0.05
b_initial =        0
j_target =         0.8
k_target =         0.65
b_target =         0
PERIODIC =         true
UNIFORM_SITES =    true
DEVICE_DIMENSION = 2
MAX_PARAM =        1
MIN_PARAM =        0
END_PARAMETERS
##############################################################################
tau =               0.01
best_E =          -7.79693
distance =          0.966097
j_protocol =  [[0, 0.00716795, 0.00716795, 0.00716795, 0.00716795, 0.00716795, ],[0, 0.00320536, 0.00320536, 0.00707203, 0.01, 0.01, ],[0, 0.00472315, 0.00472315, 0.00707203, 0.01, 0.01, ],[0, 0.00515041, 0.00515041, 0.00730181, 0.01, 0.01, ],]
k_protocol = [[0.00349268, 0.00736545, 0.00736545, 0.01, 0.01, 0.01, ],[0.00145382, 0.00145382, 0.00355082, 0.00552201, 0.00552201, 0.01, ],[0, 0, 0.00357637, 0.00611341, 0.00611341, 0.01, ],[0.00336787, 0.00509883, 0.00509883, 0.00904386, 0.00904386, 0.01, ],]
b_protocol = [[0, 0.00128124, 0.00146756, 0.00396581, 0.00720324, 0.01, ],[0, 0.000259262, 0.00154427, 0.00420368, 0.00947731, 0.01, ],[0, 0.00018748, 0.00121329, 0.00708148, 0.00892947, 0.01, ],[0, 0.00141464, 0.00547232, 0.00697729, 0.00855621, 0.01, ],]
j/k/b =   [1, 0, 1, 0, 1, 0, ]
best_E_fixed_tau =   [-7.79693, -7.79693, -7.79693, -7.79693, ]
##############################################################################
tau =               0.018
best_E =          -7.79863
distance =          0.892337
j_protocol =  [[0, 0.00217863, 0.00217863, 0.00217863, 0.00217863, 0.0128416, ],[0, 0.00320536, 0.00320536, 0.00931541, 0.00931541, 0.0128129, ],[0, 0.00550798, 0.00550798, 0.00550798, 0.00550798, 0.0129252, ],[0, 0.00122482, 0.00122482, 0.0088157, 0.0088157, 0.0126996, ],]
k_protocol = [[0.00637086, 0.00705206, 0.00705206, 0.00705206, 0.00705206, 0.018, ],[0, 0, 0.00484749, 0.00484749, 0.00638372, 0.018, ],[0, 0, 0.00569311, 0.00569311, 0.00620973, 0.018, ],[0, 0, 0.00652454, 0.00900621, 0.00900621, 0.018, ],]
b_protocol = [[0, 0.00128124, 0.00146756, 0.00396581, 0.00720324, 0.018, ],[0, 0.000259262, 0.00154427, 0.00420368, 0.00947731, 0.018, ],[0, 0.00018748, 0.00121329, 0.00708148, 0.00892947, 0.018, ],[0, 0.00141464, 0.00547232, 0.00697729, 0.00855621, 0.018, ],]
j/k/b =   [1, 0, 1, 0, 1, 0, ]
best_E_fixed_tau =   [-7.79863, -7.79863, -7.79863, -7.79863, ]
##############################################################################
tau =               0.0324
best_E =          -7.80366
distance =          0.674067
j_protocol =  [[0, 0, 0, 0.00759524, 0.00759524, 0.0230215, ],[0, 0.00320536, 0.00320536, 0.00931541, 0.00931541, 0.0229852, ],[0, 0.00437062, 0.00437062, 0.00839949, 0.00839949, 0.0231702, ],[0, 0.00597556, 0.00597556, 0.00597556, 0.00597556, 0.0235103, ],]
k_protocol = [[0, 0, 0, 0, 0.0116571, 0.0324, ],[0.00185082, 0.00185082, 0.00586803, 0.00586803, 0.0115676, 0.0324, ],[0, 0, 0.00569311, 0.00569311, 0.011346, 0.0324, ],[0, 0, 0.00900621, 0.00900621, 0.0111254, 0.0324, ],]
b_protocol = [[0, 0.00128124, 0.00146756, 0.00396581, 0.00720324, 0.0324, ],[0, 0.000259262, 0.00154427, 0.00420368, 0.00947731, 0.0324, ],[0, 0.00018748, 0.00121329, 0.00708148, 0.00892947, 0.0324, ],[0, 0.00141464, 0.00547232, 0.00697729, 0.00855621, 0.0324, ],]
j/k/b =   [1, 0, 1, 0, 1, 0, ]
best_E_fixed_tau =   [-7.80366, -7.80366, -7.80366, -7.80365, ]
##############################################################################
tau =               0.04212
best_E =          -7.80796
distance =          0.487551
j_protocol =  [[0, 0, 0, 0.0118347, 0.0118347, 0.030047, ],[0, 0.00320536, 0.00320536, 0.00931541, 0.00931541, 0.0301787, ],[0, 0.00437062, 0.00437062, 0.00839949, 0.00839949, 0.0301422, ],[0, 0.00597556, 0.00597556, 0.00863618, 0.00863618, 0.0307799, ],]
k_protocol = [[0, 0, 0, 0, 0.014732, 0.04212, ],[0.0012052, 0.0012052, 0.00484749, 0.00484749, 0.0149336, 0.04212, ],[0, 0, 0.00896293, 0.00896293, 0.0147722, 0.04212, ],[0, 0, 0.00900621, 0.00900621, 0.0141034, 0.04212, ],]
b_protocol = [[0, 0.00128124, 0.00146756, 0.00396581, 0.00720324, 0.04212, ],[0, 0.000259262, 0.00154427, 0.00420368, 0.00947731, 0.04212, ],[0, 0.00018748, 0.00121329, 0.00708148, 0.00892947, 0.04212, ],[0, 0.00141464, 0.00547232, 0.00697729, 0.00855621, 0.04212, ],]
j/k/b =   [1, 0, 1, 0, 1, 0, ]
best_E_fixed_tau =   [-7.80796, -7.80796, -7.80796, -7.80793, ]
##############################################################################
tau =               0.054756
best_E =          -7.81362
distance =          0.241873
j_protocol =  [[0, 0, 0, 0, 0, 0.038941, ],[0, 0.00320536, 0.00320536, 0.00931541, 0.00931541, 0.0385652, ],[0, 0.00667097, 0.00667097, 0.00839949, 0.00839949, 0.038845, ],[0, 0.00597556, 0.00597556, 0.00908258, 0.00908258, 0.0392469, ],]
k_protocol = [[0, 0, 0, 0, 0.0191526, 0.054756, ],[0.00413365, 0.00413365, 0.00413365, 0.00413365, 0.0197318, 0.054756, ],[0, 0, 0.00541068, 0.00541068, 0.0194299, 0.054756, ],[0, 0, 0.00900621, 0.00900621, 0.0191645, 0.054756, ],]
b_protocol = [[0, 0.00128124, 0.00146756, 0.00396581, 0.00720324, 0.054756, ],[0, 0.000259262, 0.00154427, 0.00420368, 0.00947731, 0.054756, ],[0, 0.00018748, 0.00121329, 0.00708148, 0.00892947, 0.054756, ],[0, 0.00141464, 0.00547232, 0.00697729, 0.00855621, 0.054756, ],]
j/k/b =   [1, 0, 1, 0, 1, 0, ]
best_E_fixed_tau =   [-7.81361, -7.81362, -7.81362, -7.81362, ]
##############################################################################
tau =               0.0711828
best_E =          -7.81869
distance =          0.021732
j_protocol =  [[0, 0.00252736, 0.00252736, 0.0171887, 0.0171887, 0.0494889, ],[0, 0.00320536, 0.00320536, 0.00931541, 0.00931541, 0.0544478, ],[0, 0.00437062, 0.00437062, 0.00839949, 0.00839949, 0.0531487, ],[0, 0.00597556, 0.00597556, 0.00966291, 0.00966291, 0.0559738, ],]
k_protocol = [[0.0199593, 0.0199593, 0.0202955, 0.0202955, 0.0261028, 0.0711828, ],[0.00185082, 0.00185082, 0.00484749, 0.00484749, 0.0222349, 0.0711828, ],[0, 0, 0.00569311, 0.00569311, 0.0228933, 0.0711828, ],[0, 0, 0.00900621, 0.00900621, 0.0201837, 0.0711828, ],]
b_protocol = [[0, 0.00128124, 0.00146756, 0.00396581, 0.00720324, 0.0711828, ],[0, 0.000259262, 0.00154427, 0.00420368, 0.00947731, 0.0711828, ],[0, 0.00018748, 0.00121329, 0.00708148, 0.00892947, 0.0711828, ],[0, 0.00141464, 0.00547232, 0.00697729, 0.00855621, 0.0711828, ],]
j/k/b =   [1, 0, 1, 0, 1, 0, ]
best_E_fixed_tau =   [-7.81869, -7.81854, -7.81863, -7.81838, ]
##############################################################################
tau =               0.0783011
best_E =          -7.81918
distance =          0.000757217
j_protocol =  [[0, 0, 0, 0.022958, 0.022958, 0.0535673, ],[0, 0.00320536, 0.00320536, 0.00931541, 0.00931541, 0.0620681, ],[0, 0.00437062, 0.00437062, 0.00839949, 0.00839949, 0.0631526, ],[0, 0.000148025, 0.000446305, 0.00961447, 0.00961447, 0.0616212, ],]
k_protocol = [[0, 0, 0, 0, 0.0273895, 0.0758813, ],[0.00193641, 0.00193641, 0.00574717, 0.00574717, 0.0219345, 0.0783011, ],[0, 0, 0.00569311, 0.00569311, 0.0209925, 0.0783011, ],[0.00220763, 0.00220763, 0.00898751, 0.00900621, 0.0228297, 0.0783011, ],]
b_protocol = [[0, 0.00128124, 0.00146756, 0.00396581, 0.00720324, 0.0783011, ],[0, 0.000259262, 0.00154427, 0.00420368, 0.00947731, 0.0783011, ],[0, 0.00018748, 0.00121329, 0.00708148, 0.00892947, 0.0783011, ],[0, 0.00141464, 0.00547232, 0.00697729, 0.00855621, 0.0783011, ],]
j/k/b =   [1, 0, 1, 0, 1, 0, ]
best_E_fixed_tau =   [-7.81916, -7.81918, -7.81914, -7.81918, ]
