START_PARAMETERS
MAX_STEPS_MCDB =               32
MIN_STEPS_MCDB =               4
STEPS_CRUNCH_MCDB =            1
SWEEPS_MCDB =                  80
TOTAL_STEP_CHANGES =                  6
MCBB_SECONDARY =                  1
SWEEPS_MCBB_SECONDARY =                  300
NUMBER_OF_BANGS =                  7
GROUND_E =                3.81451
INITIAL_E =               3.93889
j_initial =               0.028
k_initial =               0.5
b_initial =               0
j_target =                0.15
k_target =                0.5
b_target =                0
init_target_dot_squared = 0.894767
init_state = [-3.13911e-08, 0, -1.00843e-06, 0, -1.54729e-05, 0, -3.62363e-08, 0, -1.00843e-06, 0, -3.13911e-08, 0, -1.58394e-06, 0, -4.63661e-05, 0, -2.30208e-06, 0, -3.13911e-08, 0, -4.63661e-05, 0, -0.00110593, 0, -3.60778e-05, 0, -2.30208e-06, 0, -3.60778e-05, 0, -2.30208e-06, 0, -3.60778e-05, 0, -0.00110593, 0, -4.63661e-05, 0, -0.0016571, 0, -0.0197673, 0, -3.13911e-08, 0, -2.30208e-06, 0, -4.63661e-05, 0, -1.58394e-06, 0, -6.17827e-05, 0, -0.0016571, 0, -3.60778e-05, 0, -1.00843e-06, 0, -4.63661e-05, 0, -0.000554337, 0, -1.55118e-05, 0, -0.000554767, 0, -0.019798, 0, -0.00110593, 0, -1.54729e-05, 0, -4.63661e-05, 0, -0.0016571, 0, -0.019798, 0, -0.000554337, 0, -0.019798, 0, -0.705431, 0, -0.0197673, 0, -0.00110593, 0, -3.60778e-05, 0, -0.000554337, 0, -0.019798, 0, -0.0016571, 0, -4.63661e-05, 0, -0.00110593, 0, -0.0197673, 0, -0.705431, 0, -0.019798, 0, -0.0016571, 0, -0.0197673, 0, -1.55118e-05, 0, -0.000554337, 0, -4.63661e-05, 0, -1.00843e-06, 0, -1.54729e-05, 0, -0.00110593, 0, -0.019798, 0, -0.000554767, 0, -6.17827e-05, 0, -0.0016571, 0, -3.60778e-05, 0, -4.33649e-07, 0, -1.55118e-05, 0, -1.58394e-06, 0, -3.62363e-08, 0, -1.00843e-06, 0, -4.63661e-05, 0, -0.000554337, 0, -1.55118e-05, 0, -1.58394e-06, 0, -4.63661e-05, 0, -2.30208e-06, 0, -3.13911e-08, 0, -1.55118e-05, 0, -0.000554767, 0, -6.17827e-05, 0, -1.58394e-06, 0, -4.63661e-05, 0, -0.0016571, 0, -0.019798, 0, -0.000554337, 0, -4.63661e-05, 0, -0.00110593, 0, -3.60778e-05, 0, -2.30208e-06, 0, -3.13911e-08, 0, -1.58394e-06, 0, -6.17827e-05, 0, -0.000554767, 0, -1.55118e-05, 0, -0.000554337, 0, -0.019798, 0, -0.0016571, 0, -4.63661e-05, 0, -2.30208e-06, 0, -3.60778e-05, 0, -0.00110593, 0, -4.63661e-05, 0, -1.00843e-06, 0, -1.54729e-05, 0, -3.62363e-08, 0, -1.58394e-06, 0, -1.55118e-05, 0, -4.33649e-07, 0, -1.55118e-05, 0, -0.000554337, 0, -4.63661e-05, 0, -1.00843e-06, 0, -3.13911e-08, 0, -2.30208e-06, 0, -4.63661e-05, 0, -1.58394e-06, 0, -3.62363e-08, 0, -1.00843e-06, 0, -3.13911e-08, 0, ]
target_state = [-0.000107008, 0, -0.000682862, 0, -0.00209541, 0, -0.000124941, 0, -0.000682862, 0, -0.000107008, 0, -0.00106027, 0, -0.00608716, 0, -0.00150819, 0, -0.000107008, 0, -0.00608716, 0, -0.0285516, 0, -0.004793, 0, -0.00150819, 0, -0.004793, 0, -0.00150819, 0, -0.004793, 0, -0.0285516, 0, -0.00608716, 0, -0.0416675, 0, -0.0992387, 0, -0.000107008, 0, -0.00150819, 0, -0.00608716, 0, -0.00106027, 0, -0.00799017, 0, -0.0416675, 0, -0.004793, 0, -0.000682862, 0, -0.00608716, 0, -0.0152192, 0, -0.00222721, 0, -0.0154804, 0, -0.102557, 0, -0.0285516, 0, -0.00209541, 0, -0.00608716, 0, -0.0416675, 0, -0.102557, 0, -0.0152192, 0, -0.102557, 0, -0.652733, 0, -0.0992387, 0, -0.0285516, 0, -0.004793, 0, -0.0152192, 0, -0.102557, 0, -0.0416675, 0, -0.00608716, 0, -0.0285516, 0, -0.0992387, 0, -0.652733, 0, -0.102557, 0, -0.0416675, 0, -0.0992387, 0, -0.00222721, 0, -0.0152192, 0, -0.00608716, 0, -0.000682862, 0, -0.00209541, 0, -0.0285516, 0, -0.102557, 0, -0.0154804, 0, -0.00799017, 0, -0.0416675, 0, -0.004793, 0, -0.000319275, 0, -0.00222721, 0, -0.00106027, 0, -0.000124941, 0, -0.000682862, 0, -0.00608716, 0, -0.0152192, 0, -0.00222721, 0, -0.00106027, 0, -0.00608716, 0, -0.00150819, 0, -0.000107008, 0, -0.00222721, 0, -0.0154804, 0, -0.00799017, 0, -0.00106027, 0, -0.00608716, 0, -0.0416675, 0, -0.102557, 0, -0.0152192, 0, -0.00608716, 0, -0.0285516, 0, -0.004793, 0, -0.00150819, 0, -0.000107008, 0, -0.00106027, 0, -0.00799017, 0, -0.0154804, 0, -0.00222721, 0, -0.0152192, 0, -0.102557, 0, -0.0416675, 0, -0.00608716, 0, -0.00150819, 0, -0.004793, 0, -0.0285516, 0, -0.00608716, 0, -0.000682862, 0, -0.00209541, 0, -0.000124941, 0, -0.00106027, 0, -0.00222721, 0, -0.000319275, 0, -0.00222721, 0, -0.0152192, 0, -0.00608716, 0, -0.000682862, 0, -0.000107008, 0, -0.00150819, 0, -0.00608716, 0, -0.00106027, 0, -0.000124941, 0, -0.000682862, 0, -0.000107008, 0, ]
USE_ENERGY_DISTANCE =     false
PERIODIC =                false
UNIFORM_SITES =           true
DEVICE_DIMENSION =        2
MAX_PARAM =               1
MIN_PARAM =               0
MIN_PARAM =               0
DIAG =                    true
NUM_SEEDS =               2
NUMBER_OF_BANGS =               7
DISTANCE_LIMIT =          0.02
TAU_INIT =                0.7
MAX_TAU =                 5
TAU_SCALAR =              1.2
TAU_SCALAR_TINY =         1.1
TAU_SCALAR_BIG =          1.3
ACCEPTANCE_PROB =         0.85
TEMP_EXP_DECAY =          0.8
MIN_TEMP_FRACTION =       0.01
TEMP_DECAY_ITERATIONS =   21
ZERO_TEMP_ITREATIONS =    20
RANDOM_STATES =           3
END_PARAMETERS
##############################################################################
clock_duration  =         1048.06
tau =                     0.7
total_steps =             32
time_step =               0.021875
best_mc_result =          0.0465814
best_mc_result_non_secondary =          0.0476399
evolved_target_dot_squared =  0.953419
distance =          0.442649
j_protocol =  [[1, 1, 0, 0, 0, 0, 0, 0, 0, 0, 1, 0, 0, 0, 0, 0, 1, 0, 0, 0, 0, 1, 0, 0, 1, 0, 0, 0, 0, 0, 0, 0, ],[1, 1, 0, 0, 0, 0, 1, 0, 0, 0, 0, 0, 0, 0, 0, 0, 0, 0, 1, 1, 0, 0, 0, 0, 0, 0, 1, 0, 0, 0, 0, 0, ],]
k_protocol =  [[1, 1, 1, 1, 1, 1, 1, 1, 1, 1, 1, 1, 1, 1, 1, 1, 1, 1, 1, 1, 1, 1, 1, 1, 1, 1, 1, 1, 1, 1, 1, 1, ],[1, 1, 1, 1, 1, 1, 1, 1, 1, 1, 1, 1, 1, 1, 1, 1, 1, 1, 1, 1, 1, 1, 1, 1, 1, 1, 1, 1, 1, 1, 1, 1, ],]
j_protocol_secondary =  [0, 0.0129214, 0.0129214, 0.0537664, 0.146166, 0.146166, 0.386658, 0.458404, 0.573665, 0.573665, 0.695036, 0.695036, 0.7, 0.7, ]
k_protocol_secondary =  [0.00194598, 0.117707, 0.117707, 0.151704, 0.151704, 0.242703, 0.242703, 0.40691, 0.40691, 0.529655, 0.529655, 0.53181, 0.53181, 0.7, ]
best_evolved_state = [5.92851e-06, 4.44716e-06, 8.67108e-05, 4.29725e-05, 0.000280682, -0.000844119, 4.21569e-06, 8.19346e-06, 8.67108e-05, 4.29725e-05, 5.92851e-06, 4.44716e-06, 0.000142991, 4.23202e-05, 0.00134093, -0.000470173, 8.94383e-05, 0.000122564, 5.92851e-06, 4.44716e-06, 0.00134093, -0.000470173, 0.00602814, -0.00994635, 0.00107768, -0.00105566, 8.94383e-05, 0.000122564, 0.00107768, -0.00105566, 8.94383e-05, 0.000122564, 0.00107768, -0.00105566, 0.00602814, -0.00994635, 0.00134093, -0.000470173, 0.00876589, -0.0133805, -0.0927876, -0.0444856, 5.92851e-06, 4.44716e-06, 8.94383e-05, 0.000122564, 0.00134093, -0.000470173, 0.000142991, 4.23202e-05, 0.00175655, -0.000676681, 0.00876589, -0.0133805, 0.00107768, -0.00105566, 8.67108e-05, 4.29725e-05, 0.00134093, -0.000470173, 0.000350411, -0.00742931, 0.000362284, -0.000702754, 0.00037379, -0.00741289, -0.0259484, -0.0654926, 0.00602814, -0.00994635, 0.000280682, -0.000844119, 0.00134093, -0.000470173, 0.00876589, -0.0133805, -0.0259484, -0.0654926, 0.000350411, -0.00742931, -0.0259484, -0.0654926, -0.489682, -0.466102, -0.0927876, -0.0444856, 0.00602814, -0.00994635, 0.00107768, -0.00105566, 0.000350411, -0.00742931, -0.0259484, -0.0654926, 0.00876589, -0.0133805, 0.00134093, -0.000470173, 0.00602814, -0.00994635, -0.0927876, -0.0444856, -0.489682, -0.466102, -0.0259484, -0.0654926, 0.00876589, -0.0133805, -0.0927876, -0.0444856, 0.000362284, -0.000702754, 0.000350411, -0.00742931, 0.00134093, -0.000470173, 8.67108e-05, 4.29725e-05, 0.000280682, -0.000844119, 0.00602814, -0.00994635, -0.0259484, -0.0654926, 0.00037379, -0.00741289, 0.00175655, -0.000676681, 0.00876589, -0.0133805, 0.00107768, -0.00105566, 6.65489e-05, -5.17853e-05, 0.000362284, -0.000702754, 0.000142991, 4.23202e-05, 4.21569e-06, 8.19346e-06, 8.67108e-05, 4.29725e-05, 0.00134093, -0.000470173, 0.000350411, -0.00742931, 0.000362284, -0.000702754, 0.000142991, 4.23202e-05, 0.00134093, -0.000470173, 8.94383e-05, 0.000122564, 5.92851e-06, 4.44716e-06, 0.000362284, -0.000702754, 0.00037379, -0.00741289, 0.00175655, -0.000676681, 0.000142991, 4.23202e-05, 0.00134093, -0.000470173, 0.00876589, -0.0133805, -0.0259484, -0.0654926, 0.000350411, -0.00742931, 0.00134093, -0.000470173, 0.00602814, -0.00994635, 0.00107768, -0.00105566, 8.94383e-05, 0.000122564, 5.92851e-06, 4.44716e-06, 0.000142991, 4.23202e-05, 0.00175655, -0.000676681, 0.00037379, -0.00741289, 0.000362284, -0.000702754, 0.000350411, -0.00742931, -0.0259484, -0.0654926, 0.00876589, -0.0133805, 0.00134093, -0.000470173, 8.94383e-05, 0.000122564, 0.00107768, -0.00105566, 0.00602814, -0.00994635, 0.00134093, -0.000470173, 8.67108e-05, 4.29725e-05, 0.000280682, -0.000844119, 4.21569e-06, 8.19346e-06, 0.000142991, 4.23202e-05, 0.000362284, -0.000702754, 6.65489e-05, -5.17853e-05, 0.000362284, -0.000702754, 0.000350411, -0.00742931, 0.00134093, -0.000470173, 8.67108e-05, 4.29725e-05, 5.92851e-06, 4.44716e-06, 8.94383e-05, 0.000122564, 0.00134093, -0.000470173, 0.000142991, 4.23202e-05, 4.21569e-06, 8.19346e-06, 8.67108e-05, 4.29725e-05, 5.92851e-06, 4.44716e-06, ]
best_mc_result_fixed_tau =   [0.0476998, 0.0476399, ]
evolved_state_fixed_tau =   [[4.33025e-06, 8.2592e-06, 9.66388e-05, 6.02911e-05, 0.000503869, -0.000751968, 3.30786e-06, 1.1188e-05, 9.66388e-05, 6.02911e-05, 4.33025e-06, 8.2592e-06, 0.000156132, 7.60722e-05, 0.001578, -0.00035387, 0.000111519, 0.000152218, 4.33025e-06, 8.2592e-06, 0.001578, -0.00035387, 0.00697938, -0.0111176, 0.00138576, -0.000899477, 0.000111519, 0.000152218, 0.00138576, -0.000899477, 0.000111519, 0.000152218, 0.00138576, -0.000899477, 0.00697938, -0.0111176, 0.001578, -0.00035387, 0.010078, -0.0147523, -0.0916847, -0.0511341, 4.33025e-06, 8.2592e-06, 0.000111519, 0.000152218, 0.001578, -0.00035387, 0.000156132, 7.60722e-05, 0.00206539, -0.000546008, 0.010078, -0.0147523, 0.00138576, -0.000899477, 9.66388e-05, 6.02911e-05, 0.001578, -0.00035387, 0.00108957, -0.00782105, 0.000503544, -0.000708295, 0.0011158, -0.00779914, -0.0237337, -0.0682704, 0.00697938, -0.0111176, 0.000503869, -0.000751968, 0.001578, -0.00035387, 0.010078, -0.0147523, -0.0237337, -0.0682704, 0.00108957, -0.00782105, -0.0237337, -0.0682704, -0.490743, -0.462437, -0.0916847, -0.0511341, 0.00697938, -0.0111176, 0.00138576, -0.000899477, 0.00108957, -0.00782105, -0.0237337, -0.0682704, 0.010078, -0.0147523, 0.001578, -0.00035387, 0.00697938, -0.0111176, -0.0916847, -0.0511341, -0.490743, -0.462437, -0.0237337, -0.0682704, 0.010078, -0.0147523, -0.0916847, -0.0511341, 0.000503544, -0.000708295, 0.00108957, -0.00782105, 0.001578, -0.00035387, 9.66388e-05, 6.02911e-05, 0.000503869, -0.000751968, 0.00697938, -0.0111176, -0.0237337, -0.0682704, 0.0011158, -0.00779914, 0.00206539, -0.000546008, 0.010078, -0.0147523, 0.00138576, -0.000899477, 8.56175e-05, -4.32808e-05, 0.000503544, -0.000708295, 0.000156132, 7.60722e-05, 3.30786e-06, 1.1188e-05, 9.66388e-05, 6.02911e-05, 0.001578, -0.00035387, 0.00108957, -0.00782105, 0.000503544, -0.000708295, 0.000156132, 7.60722e-05, 0.001578, -0.00035387, 0.000111519, 0.000152218, 4.33025e-06, 8.2592e-06, 0.000503544, -0.000708295, 0.0011158, -0.00779914, 0.00206539, -0.000546008, 0.000156132, 7.60722e-05, 0.001578, -0.00035387, 0.010078, -0.0147523, -0.0237337, -0.0682704, 0.00108957, -0.00782105, 0.001578, -0.00035387, 0.00697938, -0.0111176, 0.00138576, -0.000899477, 0.000111519, 0.000152218, 4.33025e-06, 8.2592e-06, 0.000156132, 7.60722e-05, 0.00206539, -0.000546008, 0.0011158, -0.00779914, 0.000503544, -0.000708295, 0.00108957, -0.00782105, -0.0237337, -0.0682704, 0.010078, -0.0147523, 0.001578, -0.00035387, 0.000111519, 0.000152218, 0.00138576, -0.000899477, 0.00697938, -0.0111176, 0.001578, -0.00035387, 9.66388e-05, 6.02911e-05, 0.000503869, -0.000751968, 3.30786e-06, 1.1188e-05, 0.000156132, 7.60722e-05, 0.000503544, -0.000708295, 8.56175e-05, -4.32808e-05, 0.000503544, -0.000708295, 0.00108957, -0.00782105, 0.001578, -0.00035387, 9.66388e-05, 6.02911e-05, 4.33025e-06, 8.2592e-06, 0.000111519, 0.000152218, 0.001578, -0.00035387, 0.000156132, 7.60722e-05, 3.30786e-06, 1.1188e-05, 9.66388e-05, 6.02911e-05, 4.33025e-06, 8.2592e-06, ],[3.32954e-06, 7.53513e-06, 9.29267e-05, 5.72569e-05, 0.000517133, -0.000652938, 3.20378e-06, 1.03431e-05, 9.29267e-05, 5.72569e-05, 3.32954e-06, 7.53513e-06, 0.000154412, 7.05914e-05, 0.00157592, -0.000390258, 0.000118492, 0.000143521, 3.32954e-06, 7.53513e-06, 0.00157592, -0.000390258, 0.0064706, -0.0116132, 0.00135176, -0.000834111, 0.000118492, 0.000143521, 0.00135176, -0.000834111, 0.000118492, 0.000143521, 0.00135176, -0.000834111, 0.0064706, -0.0116132, 0.00157592, -0.000390258, 0.00949851, -0.0153902, -0.0893613, -0.0411868, 3.32954e-06, 7.53513e-06, 0.000118492, 0.000143521, 0.00157592, -0.000390258, 0.000154412, 7.05914e-05, 0.00205524, -0.000609104, 0.00949851, -0.0153902, 0.00135176, -0.000834111, 9.29267e-05, 5.72569e-05, 0.00157592, -0.000390258, 0.000719119, -0.00772134, 0.000442806, -0.00072211, 0.000747453, -0.00770045, -0.024984, -0.0671045, 0.0064706, -0.0116132, 0.000517133, -0.000652938, 0.00157592, -0.000390258, 0.00949851, -0.0153902, -0.024984, -0.0671045, 0.000719119, -0.00772134, -0.024984, -0.0671045, -0.492425, -0.463924, -0.0893613, -0.0411868, 0.0064706, -0.0116132, 0.00135176, -0.000834111, 0.000719119, -0.00772134, -0.024984, -0.0671045, 0.00949851, -0.0153902, 0.00157592, -0.000390258, 0.0064706, -0.0116132, -0.0893613, -0.0411868, -0.492425, -0.463924, -0.024984, -0.0671045, 0.00949851, -0.0153902, -0.0893613, -0.0411868, 0.000442806, -0.00072211, 0.000719119, -0.00772134, 0.00157592, -0.000390258, 9.29267e-05, 5.72569e-05, 0.000517133, -0.000652938, 0.0064706, -0.0116132, -0.024984, -0.0671045, 0.000747453, -0.00770045, 0.00205524, -0.000609104, 0.00949851, -0.0153902, 0.00135176, -0.000834111, 7.87409e-05, -4.90682e-05, 0.000442806, -0.00072211, 0.000154412, 7.05914e-05, 3.20378e-06, 1.03431e-05, 9.29267e-05, 5.72569e-05, 0.00157592, -0.000390258, 0.000719119, -0.00772134, 0.000442806, -0.00072211, 0.000154412, 7.05914e-05, 0.00157592, -0.000390258, 0.000118492, 0.000143521, 3.32954e-06, 7.53513e-06, 0.000442806, -0.00072211, 0.000747453, -0.00770045, 0.00205524, -0.000609104, 0.000154412, 7.05914e-05, 0.00157592, -0.000390258, 0.00949851, -0.0153902, -0.024984, -0.0671045, 0.000719119, -0.00772134, 0.00157592, -0.000390258, 0.0064706, -0.0116132, 0.00135176, -0.000834111, 0.000118492, 0.000143521, 3.32954e-06, 7.53513e-06, 0.000154412, 7.05914e-05, 0.00205524, -0.000609104, 0.000747453, -0.00770045, 0.000442806, -0.00072211, 0.000719119, -0.00772134, -0.024984, -0.0671045, 0.00949851, -0.0153902, 0.00157592, -0.000390258, 0.000118492, 0.000143521, 0.00135176, -0.000834111, 0.0064706, -0.0116132, 0.00157592, -0.000390258, 9.29267e-05, 5.72569e-05, 0.000517133, -0.000652938, 3.20378e-06, 1.03431e-05, 0.000154412, 7.05914e-05, 0.000442806, -0.00072211, 7.87409e-05, -4.90682e-05, 0.000442806, -0.00072211, 0.000719119, -0.00772134, 0.00157592, -0.000390258, 9.29267e-05, 5.72569e-05, 3.32954e-06, 7.53513e-06, 0.000118492, 0.000143521, 0.00157592, -0.000390258, 0.000154412, 7.05914e-05, 3.20378e-06, 1.03431e-05, 9.29267e-05, 5.72569e-05, 3.32954e-06, 7.53513e-06, ],]
##############################################################################
clock_duration  =         2048.52
tau =                     0.84
total_steps =             32
time_step =               0.02625
best_mc_result =          0.0407711
best_mc_result_non_secondary =          0.0417601
evolved_target_dot_squared =  0.959229
distance =          0.387436
j_protocol =  [[1, 1, 0, 0, 0, 0, 0, 0, 0, 0, 0, 0, 0, 0, 0, 0, 1, 1, 0, 0, 0, 0, 1, 1, 0, 0, 0, 0, 0, 0, 0, 0, ],[1, 1, 0, 0, 0, 0, 0, 0, 0, 0, 0, 0, 0, 0, 0, 0, 1, 1, 0, 0, 0, 0, 1, 1, 0, 0, 0, 0, 0, 0, 0, 0, ],]
k_protocol =  [[1, 1, 1, 1, 1, 1, 1, 1, 1, 1, 1, 1, 1, 1, 1, 1, 1, 1, 1, 1, 1, 1, 1, 1, 1, 1, 1, 1, 1, 1, 1, 1, ],[1, 1, 1, 1, 1, 1, 1, 1, 1, 1, 1, 1, 1, 1, 1, 1, 1, 1, 1, 1, 1, 1, 1, 1, 1, 1, 1, 1, 1, 1, 1, 1, ],]
j_protocol_secondary =  [0, 0.0615287, 0.0853406, 0.0853406, 0.27338, 0.27338, 0.316045, 0.316045, 0.331911, 0.331911, 0.440272, 0.47566, 0.56999, 0.632636, ]
k_protocol_secondary =  [0.0022874, 0.102004, 0.102004, 0.547817, 0.547817, 0.653378, 0.653378, 0.757489, 0.757489, 0.800568, 0.800568, 0.803286, 0.803286, 0.84, ]
best_evolved_state = [2.3118e-05, -1.13875e-05, 0.000166095, -0.000174623, -0.00125402, -0.000956572, 3.0543e-05, -3.43285e-06, 0.000166095, -0.000174623, 2.3118e-05, -1.13875e-05, 0.000206484, -0.000277693, -4.39758e-05, -0.00255215, 0.000361091, -0.000133707, 2.3118e-05, -1.13875e-05, -4.39758e-05, -0.00255215, -0.0103412, -0.0113889, -0.00116511, -0.00245371, 0.000361091, -0.000133707, -0.00116511, -0.00245371, 0.000361091, -0.000133707, -0.00116511, -0.00245371, -0.0103412, -0.0113889, -4.39758e-05, -0.00255215, -0.013407, -0.0170787, -0.0704605, 0.0539729, 2.3118e-05, -1.13875e-05, 0.000361091, -0.000133707, -4.39758e-05, -0.00255215, 0.000206484, -0.000277693, -0.000111039, -0.00334486, -0.013407, -0.0170787, -0.00116511, -0.00245371, 0.000166095, -0.000174623, -4.39758e-05, -0.00255215, -0.00864475, -0.00452785, -0.000772123, -0.000923068, -0.00859342, -0.00456487, -0.0801412, -0.00719308, -0.0103412, -0.0113889, -0.00125402, -0.000956572, -4.39758e-05, -0.00255215, -0.013407, -0.0170787, -0.0801412, -0.00719308, -0.00864475, -0.00452785, -0.0801412, -0.00719308, -0.637909, 0.218862, -0.0704605, 0.0539729, -0.0103412, -0.0113889, -0.00116511, -0.00245371, -0.00864475, -0.00452785, -0.0801412, -0.00719308, -0.013407, -0.0170787, -4.39758e-05, -0.00255215, -0.0103412, -0.0113889, -0.0704605, 0.0539729, -0.637909, 0.218862, -0.0801412, -0.00719308, -0.013407, -0.0170787, -0.0704605, 0.0539729, -0.000772123, -0.000923068, -0.00864475, -0.00452785, -4.39758e-05, -0.00255215, 0.000166095, -0.000174623, -0.00125402, -0.000956572, -0.0103412, -0.0113889, -0.0801412, -0.00719308, -0.00859342, -0.00456487, -0.000111039, -0.00334486, -0.013407, -0.0170787, -0.00116511, -0.00245371, -4.43282e-05, -0.000143676, -0.000772123, -0.000923068, 0.000206484, -0.000277693, 3.0543e-05, -3.43285e-06, 0.000166095, -0.000174623, -4.39758e-05, -0.00255215, -0.00864475, -0.00452785, -0.000772123, -0.000923068, 0.000206484, -0.000277693, -4.39758e-05, -0.00255215, 0.000361091, -0.000133707, 2.3118e-05, -1.13875e-05, -0.000772123, -0.000923068, -0.00859342, -0.00456487, -0.000111039, -0.00334486, 0.000206484, -0.000277693, -4.39758e-05, -0.00255215, -0.013407, -0.0170787, -0.0801412, -0.00719308, -0.00864475, -0.00452785, -4.39758e-05, -0.00255215, -0.0103412, -0.0113889, -0.00116511, -0.00245371, 0.000361091, -0.000133707, 2.3118e-05, -1.13875e-05, 0.000206484, -0.000277693, -0.000111039, -0.00334486, -0.00859342, -0.00456487, -0.000772123, -0.000923068, -0.00864475, -0.00452785, -0.0801412, -0.00719308, -0.013407, -0.0170787, -4.39758e-05, -0.00255215, 0.000361091, -0.000133707, -0.00116511, -0.00245371, -0.0103412, -0.0113889, -4.39758e-05, -0.00255215, 0.000166095, -0.000174623, -0.00125402, -0.000956572, 3.0543e-05, -3.43285e-06, 0.000206484, -0.000277693, -0.000772123, -0.000923068, -4.43282e-05, -0.000143676, -0.000772123, -0.000923068, -0.00864475, -0.00452785, -4.39758e-05, -0.00255215, 0.000166095, -0.000174623, 2.3118e-05, -1.13875e-05, 0.000361091, -0.000133707, -4.39758e-05, -0.00255215, 0.000206484, -0.000277693, 3.0543e-05, -3.43285e-06, 0.000166095, -0.000174623, 2.3118e-05, -1.13875e-05, ]
best_mc_result_fixed_tau =   [0.0417601, 0.0417601, ]
evolved_state_fixed_tau =   [[2.16849e-05, -1.12388e-05, 0.00014766, -0.000172005, -0.00119913, -0.000776886, 2.94066e-05, -4.61476e-06, 0.00014766, -0.000172005, 2.16849e-05, -1.12388e-05, 0.000193452, -0.000260684, 1.70301e-05, -0.00238265, 0.000341453, -0.000130376, 2.16849e-05, -1.12388e-05, 1.70301e-05, -0.00238265, -0.00934257, -0.0117408, -0.00113857, -0.0022552, 0.000341453, -0.000130376, -0.00113857, -0.0022552, 0.000341453, -0.000130376, -0.00113857, -0.0022552, -0.00934257, -0.0117408, 1.70301e-05, -0.00238265, -0.0121751, -0.0172646, -0.0815763, 0.0581062, 2.16849e-05, -1.12388e-05, 0.000341453, -0.000130376, 1.70301e-05, -0.00238265, 0.000193452, -0.000260684, -1.14867e-05, -0.00314634, -0.0121751, -0.0172646, -0.00113857, -0.0022552, 0.00014766, -0.000172005, 1.70301e-05, -0.00238265, -0.00854952, -0.00479702, -0.000719477, -0.000967935, -0.0085002, -0.00482796, -0.0802397, -0.00725278, -0.00934257, -0.0117408, -0.00119913, -0.000776886, 1.70301e-05, -0.00238265, -0.0121751, -0.0172646, -0.0802397, -0.00725278, -0.00854952, -0.00479702, -0.0802397, -0.00725278, -0.630599, 0.23012, -0.0815763, 0.0581062, -0.00934257, -0.0117408, -0.00113857, -0.0022552, -0.00854952, -0.00479702, -0.0802397, -0.00725278, -0.0121751, -0.0172646, 1.70301e-05, -0.00238265, -0.00934257, -0.0117408, -0.0815763, 0.0581062, -0.630599, 0.23012, -0.0802397, -0.00725278, -0.0121751, -0.0172646, -0.0815763, 0.0581062, -0.000719477, -0.000967935, -0.00854952, -0.00479702, 1.70301e-05, -0.00238265, 0.00014766, -0.000172005, -0.00119913, -0.000776886, -0.00934257, -0.0117408, -0.0802397, -0.00725278, -0.0085002, -0.00482796, -1.14867e-05, -0.00314634, -0.0121751, -0.0172646, -0.00113857, -0.0022552, -3.22295e-05, -0.000146443, -0.000719477, -0.000967935, 0.000193452, -0.000260684, 2.94066e-05, -4.61476e-06, 0.00014766, -0.000172005, 1.70301e-05, -0.00238265, -0.00854952, -0.00479702, -0.000719477, -0.000967935, 0.000193452, -0.000260684, 1.70301e-05, -0.00238265, 0.000341453, -0.000130376, 2.16849e-05, -1.12388e-05, -0.000719477, -0.000967935, -0.0085002, -0.00482796, -1.14867e-05, -0.00314634, 0.000193452, -0.000260684, 1.70301e-05, -0.00238265, -0.0121751, -0.0172646, -0.0802397, -0.00725278, -0.00854952, -0.00479702, 1.70301e-05, -0.00238265, -0.00934257, -0.0117408, -0.00113857, -0.0022552, 0.000341453, -0.000130376, 2.16849e-05, -1.12388e-05, 0.000193452, -0.000260684, -1.14867e-05, -0.00314634, -0.0085002, -0.00482796, -0.000719477, -0.000967935, -0.00854952, -0.00479702, -0.0802397, -0.00725278, -0.0121751, -0.0172646, 1.70301e-05, -0.00238265, 0.000341453, -0.000130376, -0.00113857, -0.0022552, -0.00934257, -0.0117408, 1.70301e-05, -0.00238265, 0.00014766, -0.000172005, -0.00119913, -0.000776886, 2.94066e-05, -4.61476e-06, 0.000193452, -0.000260684, -0.000719477, -0.000967935, -3.22295e-05, -0.000146443, -0.000719477, -0.000967935, -0.00854952, -0.00479702, 1.70301e-05, -0.00238265, 0.00014766, -0.000172005, 2.16849e-05, -1.12388e-05, 0.000341453, -0.000130376, 1.70301e-05, -0.00238265, 0.000193452, -0.000260684, 2.94066e-05, -4.61476e-06, 0.00014766, -0.000172005, 2.16849e-05, -1.12388e-05, ],[2.16849e-05, -1.12388e-05, 0.00014766, -0.000172005, -0.00119913, -0.000776886, 2.94066e-05, -4.61476e-06, 0.00014766, -0.000172005, 2.16849e-05, -1.12388e-05, 0.000193452, -0.000260684, 1.70301e-05, -0.00238265, 0.000341453, -0.000130376, 2.16849e-05, -1.12388e-05, 1.70301e-05, -0.00238265, -0.00934257, -0.0117408, -0.00113857, -0.0022552, 0.000341453, -0.000130376, -0.00113857, -0.0022552, 0.000341453, -0.000130376, -0.00113857, -0.0022552, -0.00934257, -0.0117408, 1.70301e-05, -0.00238265, -0.0121751, -0.0172646, -0.0815763, 0.0581062, 2.16849e-05, -1.12388e-05, 0.000341453, -0.000130376, 1.70301e-05, -0.00238265, 0.000193452, -0.000260684, -1.14867e-05, -0.00314634, -0.0121751, -0.0172646, -0.00113857, -0.0022552, 0.00014766, -0.000172005, 1.70301e-05, -0.00238265, -0.00854952, -0.00479702, -0.000719477, -0.000967935, -0.0085002, -0.00482796, -0.0802397, -0.00725278, -0.00934257, -0.0117408, -0.00119913, -0.000776886, 1.70301e-05, -0.00238265, -0.0121751, -0.0172646, -0.0802397, -0.00725278, -0.00854952, -0.00479702, -0.0802397, -0.00725278, -0.630599, 0.23012, -0.0815763, 0.0581062, -0.00934257, -0.0117408, -0.00113857, -0.0022552, -0.00854952, -0.00479702, -0.0802397, -0.00725278, -0.0121751, -0.0172646, 1.70301e-05, -0.00238265, -0.00934257, -0.0117408, -0.0815763, 0.0581062, -0.630599, 0.23012, -0.0802397, -0.00725278, -0.0121751, -0.0172646, -0.0815763, 0.0581062, -0.000719477, -0.000967935, -0.00854952, -0.00479702, 1.70301e-05, -0.00238265, 0.00014766, -0.000172005, -0.00119913, -0.000776886, -0.00934257, -0.0117408, -0.0802397, -0.00725278, -0.0085002, -0.00482796, -1.14867e-05, -0.00314634, -0.0121751, -0.0172646, -0.00113857, -0.0022552, -3.22295e-05, -0.000146443, -0.000719477, -0.000967935, 0.000193452, -0.000260684, 2.94066e-05, -4.61476e-06, 0.00014766, -0.000172005, 1.70301e-05, -0.00238265, -0.00854952, -0.00479702, -0.000719477, -0.000967935, 0.000193452, -0.000260684, 1.70301e-05, -0.00238265, 0.000341453, -0.000130376, 2.16849e-05, -1.12388e-05, -0.000719477, -0.000967935, -0.0085002, -0.00482796, -1.14867e-05, -0.00314634, 0.000193452, -0.000260684, 1.70301e-05, -0.00238265, -0.0121751, -0.0172646, -0.0802397, -0.00725278, -0.00854952, -0.00479702, 1.70301e-05, -0.00238265, -0.00934257, -0.0117408, -0.00113857, -0.0022552, 0.000341453, -0.000130376, 2.16849e-05, -1.12388e-05, 0.000193452, -0.000260684, -1.14867e-05, -0.00314634, -0.0085002, -0.00482796, -0.000719477, -0.000967935, -0.00854952, -0.00479702, -0.0802397, -0.00725278, -0.0121751, -0.0172646, 1.70301e-05, -0.00238265, 0.000341453, -0.000130376, -0.00113857, -0.0022552, -0.00934257, -0.0117408, 1.70301e-05, -0.00238265, 0.00014766, -0.000172005, -0.00119913, -0.000776886, 2.94066e-05, -4.61476e-06, 0.000193452, -0.000260684, -0.000719477, -0.000967935, -3.22295e-05, -0.000146443, -0.000719477, -0.000967935, -0.00854952, -0.00479702, 1.70301e-05, -0.00238265, 0.00014766, -0.000172005, 2.16849e-05, -1.12388e-05, 0.000341453, -0.000130376, 1.70301e-05, -0.00238265, 0.000193452, -0.000260684, 2.94066e-05, -4.61476e-06, 0.00014766, -0.000172005, 2.16849e-05, -1.12388e-05, ],]
##############################################################################
clock_duration  =         3070.96
tau =                     1.092
total_steps =             32
time_step =               0.034125
best_mc_result =          0.0235113
best_mc_result_non_secondary =          0.0255565
evolved_target_dot_squared =  0.976489
distance =          0.223421
j_protocol =  [[1, 1, 0, 0, 0, 0, 0, 0, 0, 0, 0, 0, 0, 0, 0, 0, 0, 0, 1, 1, 0, 0, 1, 1, 0, 0, 0, 0, 0, 0, 0, 0, ],[1, 1, 0, 0, 0, 0, 0, 0, 0, 0, 0, 0, 0, 0, 0, 1, 0, 0, 0, 0, 1, 1, 1, 0, 0, 0, 0, 0, 0, 0, 0, 0, ],]
k_protocol =  [[1, 1, 1, 1, 1, 1, 1, 1, 1, 1, 1, 1, 1, 1, 1, 1, 1, 1, 1, 1, 1, 1, 1, 1, 1, 1, 1, 1, 1, 1, 1, 1, ],[1, 1, 1, 1, 1, 1, 1, 1, 1, 1, 1, 1, 1, 1, 1, 1, 1, 1, 1, 1, 1, 1, 1, 1, 1, 1, 1, 1, 1, 1, 1, 1, ],]
j_protocol_secondary =  [0, 0.0827348, 0.251751, 0.251751, 0.533617, 0.533617, 0.631342, 0.653185, 0.675789, 0.788493, 1.04877, 1.04877, 1.092, 1.092, ]
k_protocol_secondary =  [0.00260029, 0.0455386, 0.0455386, 0.100919, 0.100919, 0.232424, 0.232424, 0.353923, 0.353923, 0.870811, 0.870811, 0.951601, 0.951601, 1.092, ]
best_evolved_state = [-9.50355e-05, 5.2293e-05, -0.00063646, 0.00031297, 0.00226542, 0.00219835, -0.00012705, -8.92532e-06, -0.00063646, 0.00031297, -9.50355e-05, 5.2293e-05, -0.000809004, 0.000522926, -0.00242132, 0.00419751, -0.00107937, -0.000220869, -9.50355e-05, 5.2293e-05, -0.00242132, 0.00419751, -0.00135165, 0.0175472, 0.000566413, 0.00515526, -0.00107937, -0.000220869, 0.000566413, 0.00515526, -0.00107937, -0.000220869, 0.000566413, 0.00515526, -0.00135165, 0.0175472, -0.00242132, 0.00419751, -0.00540187, 0.0271718, 0.0596879, 0.0434477, -9.50355e-05, 5.2293e-05, -0.00107937, -0.000220869, -0.00242132, 0.00419751, -0.000809004, 0.000522926, -0.00330365, 0.00547992, -0.00540187, 0.0271718, 0.000566413, 0.00515526, -0.00063646, 0.00031297, -0.00242132, 0.00419751, 0.00401779, 0.0134059, 0.000247361, 0.00203322, 0.00385006, 0.0134087, 0.046382, 0.0855792, -0.00135165, 0.0175472, 0.00226542, 0.00219835, -0.00242132, 0.00419751, -0.00540187, 0.0271718, 0.046382, 0.0855792, 0.00401779, 0.0134059, 0.046382, 0.0855792, 0.459498, 0.483894, 0.0596879, 0.0434477, -0.00135165, 0.0175472, 0.000566413, 0.00515526, 0.00401779, 0.0134059, 0.046382, 0.0855792, -0.00540187, 0.0271718, -0.00242132, 0.00419751, -0.00135165, 0.0175472, 0.0596879, 0.0434477, 0.459498, 0.483894, 0.046382, 0.0855792, -0.00540187, 0.0271718, 0.0596879, 0.0434477, 0.000247361, 0.00203322, 0.00401779, 0.0134059, -0.00242132, 0.00419751, -0.00063646, 0.00031297, 0.00226542, 0.00219835, -0.00135165, 0.0175472, 0.046382, 0.0855792, 0.00385006, 0.0134087, -0.00330365, 0.00547992, -0.00540187, 0.0271718, 0.000566413, 0.00515526, -1.0442e-05, 0.000312025, 0.000247361, 0.00203322, -0.000809004, 0.000522926, -0.00012705, -8.92532e-06, -0.00063646, 0.00031297, -0.00242132, 0.00419751, 0.00401779, 0.0134059, 0.000247361, 0.00203322, -0.000809004, 0.000522926, -0.00242132, 0.00419751, -0.00107937, -0.000220869, -9.50355e-05, 5.2293e-05, 0.000247361, 0.00203322, 0.00385006, 0.0134087, -0.00330365, 0.00547992, -0.000809004, 0.000522926, -0.00242132, 0.00419751, -0.00540187, 0.0271718, 0.046382, 0.0855792, 0.00401779, 0.0134059, -0.00242132, 0.00419751, -0.00135165, 0.0175472, 0.000566413, 0.00515526, -0.00107937, -0.000220869, -9.50355e-05, 5.2293e-05, -0.000809004, 0.000522926, -0.00330365, 0.00547992, 0.00385006, 0.0134087, 0.000247361, 0.00203322, 0.00401779, 0.0134059, 0.046382, 0.0855792, -0.00540187, 0.0271718, -0.00242132, 0.00419751, -0.00107937, -0.000220869, 0.000566413, 0.00515526, -0.00135165, 0.0175472, -0.00242132, 0.00419751, -0.00063646, 0.00031297, 0.00226542, 0.00219835, -0.00012705, -8.92532e-06, -0.000809004, 0.000522926, 0.000247361, 0.00203322, -1.0442e-05, 0.000312025, 0.000247361, 0.00203322, 0.00401779, 0.0134059, -0.00242132, 0.00419751, -0.00063646, 0.00031297, -9.50355e-05, 5.2293e-05, -0.00107937, -0.000220869, -0.00242132, 0.00419751, -0.000809004, 0.000522926, -0.00012705, -8.92532e-06, -0.00063646, 0.00031297, -9.50355e-05, 5.2293e-05, ]
best_mc_result_fixed_tau =   [0.0259628, 0.0255565, ]
evolved_state_fixed_tau =   [[-7.46461e-05, 2.55401e-05, -0.000472692, 0.000229151, 0.00155501, 0.00165638, -9.25833e-05, -1.33687e-05, -0.000472692, 0.000229151, -7.46461e-05, 2.55401e-05, -0.000623595, 0.000329101, -0.00210483, 0.00305413, -0.00081865, -0.000163476, -7.46461e-05, 2.55401e-05, -0.00210483, 0.00305413, -0.00305232, 0.0148284, 0.000143192, 0.00394978, -0.00081865, -0.000163476, 0.000143192, 0.00394978, -0.00081865, -0.000163476, 0.000143192, 0.00394978, -0.00305232, 0.0148284, -0.00210483, 0.00305413, -0.00674978, 0.0229244, 0.0664304, 0.0571254, -7.46461e-05, 2.55401e-05, -0.00081865, -0.000163476, -0.00210483, 0.00305413, -0.000623595, 0.000329101, -0.00291549, 0.00400071, -0.00674978, 0.0229244, 0.000143192, 0.00394978, -0.000472692, 0.000229151, -0.00210483, 0.00305413, 0.00230314, 0.0123456, -0.000125656, 0.0017139, 0.00218271, 0.0123354, 0.0415846, 0.0823069, -0.00305232, 0.0148284, 0.00155501, 0.00165638, -0.00210483, 0.00305413, -0.00674978, 0.0229244, 0.0415846, 0.0823069, 0.00230314, 0.0123456, 0.0415846, 0.0823069, 0.473553, 0.471153, 0.0664304, 0.0571254, -0.00305232, 0.0148284, 0.000143192, 0.00394978, 0.00230314, 0.0123456, 0.0415846, 0.0823069, -0.00674978, 0.0229244, -0.00210483, 0.00305413, -0.00305232, 0.0148284, 0.0664304, 0.0571254, 0.473553, 0.471153, 0.0415846, 0.0823069, -0.00674978, 0.0229244, 0.0664304, 0.0571254, -0.000125656, 0.0017139, 0.00230314, 0.0123456, -0.00210483, 0.00305413, -0.000472692, 0.000229151, 0.00155501, 0.00165638, -0.00305232, 0.0148284, 0.0415846, 0.0823069, 0.00218271, 0.0123354, -0.00291549, 0.00400071, -0.00674978, 0.0229244, 0.000143192, 0.00394978, -7.36085e-05, 0.000229714, -0.000125656, 0.0017139, -0.000623595, 0.000329101, -9.25833e-05, -1.33687e-05, -0.000472692, 0.000229151, -0.00210483, 0.00305413, 0.00230314, 0.0123456, -0.000125656, 0.0017139, -0.000623595, 0.000329101, -0.00210483, 0.00305413, -0.00081865, -0.000163476, -7.46461e-05, 2.55401e-05, -0.000125656, 0.0017139, 0.00218271, 0.0123354, -0.00291549, 0.00400071, -0.000623595, 0.000329101, -0.00210483, 0.00305413, -0.00674978, 0.0229244, 0.0415846, 0.0823069, 0.00230314, 0.0123456, -0.00210483, 0.00305413, -0.00305232, 0.0148284, 0.000143192, 0.00394978, -0.00081865, -0.000163476, -7.46461e-05, 2.55401e-05, -0.000623595, 0.000329101, -0.00291549, 0.00400071, 0.00218271, 0.0123354, -0.000125656, 0.0017139, 0.00230314, 0.0123456, 0.0415846, 0.0823069, -0.00674978, 0.0229244, -0.00210483, 0.00305413, -0.00081865, -0.000163476, 0.000143192, 0.00394978, -0.00305232, 0.0148284, -0.00210483, 0.00305413, -0.000472692, 0.000229151, 0.00155501, 0.00165638, -9.25833e-05, -1.33687e-05, -0.000623595, 0.000329101, -0.000125656, 0.0017139, -7.36085e-05, 0.000229714, -0.000125656, 0.0017139, 0.00230314, 0.0123456, -0.00210483, 0.00305413, -0.000472692, 0.000229151, -7.46461e-05, 2.55401e-05, -0.00081865, -0.000163476, -0.00210483, 0.00305413, -0.000623595, 0.000329101, -9.25833e-05, -1.33687e-05, -0.000472692, 0.000229151, -7.46461e-05, 2.55401e-05, ],[-7.18716e-05, 4.56767e-05, -0.000486587, 0.000282232, 0.00195749, 0.00164669, -9.85508e-05, 1.2401e-07, -0.000486587, 0.000282232, -7.18716e-05, 4.56767e-05, -0.000646009, 0.000422407, -0.00214945, 0.00354741, -0.000889464, -0.00014571, -7.18716e-05, 4.56767e-05, -0.00214945, 0.00354741, -0.00221723, 0.0170958, 0.000597026, 0.00441342, -0.000889464, -0.00014571, 0.000597026, 0.00441342, -0.000889464, -0.00014571, 0.000597026, 0.00441342, -0.00221723, 0.0170958, -0.00214945, 0.00354741, -0.00575975, 0.0256288, 0.076188, 0.0385161, -7.18716e-05, 4.56767e-05, -0.000889464, -0.00014571, -0.00214945, 0.00354741, -0.000646009, 0.000422407, -0.00290969, 0.00463754, -0.00575975, 0.0256288, 0.000597026, 0.00441342, -0.000486587, 0.000282232, -0.00214945, 0.00354741, 0.00389141, 0.0124454, 0.000208766, 0.00183141, 0.00375943, 0.0124445, 0.0462487, 0.0813365, -0.00221723, 0.0170958, 0.00195749, 0.00164669, -0.00214945, 0.00354741, -0.00575975, 0.0256288, 0.0462487, 0.0813365, 0.00389141, 0.0124454, 0.0462487, 0.0813365, 0.467095, 0.476393, 0.076188, 0.0385161, -0.00221723, 0.0170958, 0.000597026, 0.00441342, 0.00389141, 0.0124454, 0.0462487, 0.0813365, -0.00575975, 0.0256288, -0.00214945, 0.00354741, -0.00221723, 0.0170958, 0.076188, 0.0385161, 0.467095, 0.476393, 0.0462487, 0.0813365, -0.00575975, 0.0256288, 0.076188, 0.0385161, 0.000208766, 0.00183141, 0.00389141, 0.0124454, -0.00214945, 0.00354741, -0.000486587, 0.000282232, 0.00195749, 0.00164669, -0.00221723, 0.0170958, 0.0462487, 0.0813365, 0.00375943, 0.0124445, -0.00290969, 0.00463754, -0.00575975, 0.0256288, 0.000597026, 0.00441342, -1.70967e-05, 0.000267926, 0.000208766, 0.00183141, -0.000646009, 0.000422407, -9.85508e-05, 1.2401e-07, -0.000486587, 0.000282232, -0.00214945, 0.00354741, 0.00389141, 0.0124454, 0.000208766, 0.00183141, -0.000646009, 0.000422407, -0.00214945, 0.00354741, -0.000889464, -0.00014571, -7.18716e-05, 4.56767e-05, 0.000208766, 0.00183141, 0.00375943, 0.0124445, -0.00290969, 0.00463754, -0.000646009, 0.000422407, -0.00214945, 0.00354741, -0.00575975, 0.0256288, 0.0462487, 0.0813365, 0.00389141, 0.0124454, -0.00214945, 0.00354741, -0.00221723, 0.0170958, 0.000597026, 0.00441342, -0.000889464, -0.00014571, -7.18716e-05, 4.56767e-05, -0.000646009, 0.000422407, -0.00290969, 0.00463754, 0.00375943, 0.0124445, 0.000208766, 0.00183141, 0.00389141, 0.0124454, 0.0462487, 0.0813365, -0.00575975, 0.0256288, -0.00214945, 0.00354741, -0.000889464, -0.00014571, 0.000597026, 0.00441342, -0.00221723, 0.0170958, -0.00214945, 0.00354741, -0.000486587, 0.000282232, 0.00195749, 0.00164669, -9.85508e-05, 1.2401e-07, -0.000646009, 0.000422407, 0.000208766, 0.00183141, -1.70967e-05, 0.000267926, 0.000208766, 0.00183141, 0.00389141, 0.0124454, -0.00214945, 0.00354741, -0.000486587, 0.000282232, -7.18716e-05, 4.56767e-05, -0.000889464, -0.00014571, -0.00214945, 0.00354741, -0.000646009, 0.000422407, -9.85508e-05, 1.2401e-07, -0.000486587, 0.000282232, -7.18716e-05, 4.56767e-05, ],]
##############################################################################
clock_duration  =         6254.45
tau =                     1.1466
total_steps =             32
time_step =               0.04095
best_mc_result =          0.0202652
best_mc_result_non_secondary =          0
evolved_target_dot_squared =  0.979735
distance =          0.192574
j_protocol =  [[0, 0, 0, 0, 0, 0, 0, 0, 0, 0, 0, 0, 0, 0, 0, 0, 0, 0, 0, 0, 0, 0, 0, 0, 0, 0, 0, 0, 0, 0, 0, 0, ],[0, 0, 0, 0, 0, 0, 0, 0, 0, 0, 0, 0, 0, 0, 0, 0, 0, 0, 0, 0, 0, 0, 0, 0, 0, 0, 0, 0, 0, 0, 0, 0, ],]
k_protocol =  [[0, 0, 0, 0, 0, 0, 0, 0, 0, 0, 0, 0, 0, 0, 0, 0, 0, 0, 0, 0, 0, 0, 0, 0, 0, 0, 0, 0, 0, 0, 0, 0, ],[0, 0, 0, 0, 0, 0, 0, 0, 0, 0, 0, 0, 0, 0, 0, 0, 0, 0, 0, 0, 0, 0, 0, 0, 0, 0, 0, 0, 0, 0, 0, 0, ],]
j_protocol_secondary =  [0, 0.0834699, 0.202541, 0.202541, 0.206266, 0.206266, 0.332336, 0.332336, 0.615944, 0.685096, 0.78949, 0.865356, 0.976013, 0.976013, ]
k_protocol_secondary =  [0.00283543, 0.0898392, 0.0898392, 0.256082, 0.256082, 0.584245, 0.584245, 0.909942, 0.909942, 1.0211, 1.0211, 1.12524, 1.12524, 1.1466, ]
best_evolved_state = [-6.4675e-05, 0.000115225, -0.000383953, 0.0007217, 0.00311539, 0.000603017, -0.000131098, 8.42843e-05, -0.000383953, 0.0007217, -6.4675e-05, 0.000115225, -0.000455456, 0.00101323, 6.455e-06, 0.00541013, -0.00120021, 0.000545273, -6.4675e-05, 0.000115225, 6.455e-06, 0.00541013, 0.00762404, 0.0176207, 0.00336388, 0.00441372, -0.00120021, 0.000545273, 0.00336388, 0.00441372, -0.00120021, 0.000545273, 0.00336388, 0.00441372, 0.00762404, 0.0176207, 6.455e-06, 0.00541013, 0.00870798, 0.0288311, 0.069865, 0.0184597, -6.4675e-05, 0.000115225, -0.00120021, 0.000545273, 6.455e-06, 0.00541013, -0.000455456, 0.00101323, -9.72723e-05, 0.00713756, 0.00870798, 0.0288311, 0.00336388, 0.00441372, -0.000383953, 0.0007217, 6.455e-06, 0.00541013, 0.0103165, 0.0101709, 0.00134274, 0.00168711, 0.0101491, 0.010281, 0.0808291, 0.0573242, 0.00762404, 0.0176207, 0.00311539, 0.000603017, 6.455e-06, 0.00541013, 0.00870798, 0.0288311, 0.0808291, 0.0573242, 0.0103165, 0.0101709, 0.0808291, 0.0573242, 0.615445, 0.254231, 0.069865, 0.0184597, 0.00762404, 0.0176207, 0.00336388, 0.00441372, 0.0103165, 0.0101709, 0.0808291, 0.0573242, 0.00870798, 0.0288311, 6.455e-06, 0.00541013, 0.00762404, 0.0176207, 0.069865, 0.0184597, 0.615445, 0.254231, 0.0808291, 0.0573242, 0.00870798, 0.0288311, 0.069865, 0.0184597, 0.00134274, 0.00168711, 0.0103165, 0.0101709, 6.455e-06, 0.00541013, -0.000383953, 0.0007217, 0.00311539, 0.000603017, 0.00762404, 0.0176207, 0.0808291, 0.0573242, 0.0101491, 0.010281, -9.72723e-05, 0.00713756, 0.00870798, 0.0288311, 0.00336388, 0.00441372, 0.000182596, 0.000282388, 0.00134274, 0.00168711, -0.000455456, 0.00101323, -0.000131098, 8.42843e-05, -0.000383953, 0.0007217, 6.455e-06, 0.00541013, 0.0103165, 0.0101709, 0.00134274, 0.00168711, -0.000455456, 0.00101323, 6.455e-06, 0.00541013, -0.00120021, 0.000545273, -6.4675e-05, 0.000115225, 0.00134274, 0.00168711, 0.0101491, 0.010281, -9.72723e-05, 0.00713756, -0.000455456, 0.00101323, 6.455e-06, 0.00541013, 0.00870798, 0.0288311, 0.0808291, 0.0573242, 0.0103165, 0.0101709, 6.455e-06, 0.00541013, 0.00762404, 0.0176207, 0.00336388, 0.00441372, -0.00120021, 0.000545273, -6.4675e-05, 0.000115225, -0.000455456, 0.00101323, -9.72723e-05, 0.00713756, 0.0101491, 0.010281, 0.00134274, 0.00168711, 0.0103165, 0.0101709, 0.0808291, 0.0573242, 0.00870798, 0.0288311, 6.455e-06, 0.00541013, -0.00120021, 0.000545273, 0.00336388, 0.00441372, 0.00762404, 0.0176207, 6.455e-06, 0.00541013, -0.000383953, 0.0007217, 0.00311539, 0.000603017, -0.000131098, 8.42843e-05, -0.000455456, 0.00101323, 0.00134274, 0.00168711, 0.000182596, 0.000282388, 0.00134274, 0.00168711, 0.0103165, 0.0101709, 6.455e-06, 0.00541013, -0.000383953, 0.0007217, -6.4675e-05, 0.000115225, -0.00120021, 0.000545273, 6.455e-06, 0.00541013, -0.000455456, 0.00101323, -0.000131098, 8.42843e-05, -0.000383953, 0.0007217, -6.4675e-05, 0.000115225, ]
best_mc_result_fixed_tau =   [0.0119318, 0.0154023, ]
evolved_state_fixed_tau =   [[0.000139517, 8.39823e-05, 0.000781948, 0.000439124, 0.00053505, -0.00241808, 0.000111262, 0.000156359, 0.000781948, 0.000439124, 0.000139517, 8.39823e-05, 0.0010545, 0.000608066, 0.00537126, 0.00127771, 0.000487909, 0.00144409, 0.000139517, 8.39823e-05, 0.00537126, 0.00127771, 0.0176531, 0.000487926, 0.00454801, -0.00243423, 0.000487909, 0.00144409, 0.00454801, -0.00243423, 0.000487909, 0.00144409, 0.00454801, -0.00243423, 0.0176531, 0.000487926, 0.00537126, 0.00127771, 0.0291416, 0.00389718, 0.0724615, -0.0427735, 0.000139517, 8.39823e-05, 0.000487909, 0.00144409, 0.00537126, 0.00127771, 0.0010545, 0.000608066, 0.00709214, 0.00184705, 0.0291416, 0.00389718, 0.00454801, -0.00243423, 0.000781948, 0.000439124, 0.00537126, 0.00127771, 0.0128332, -0.00571962, 0.00182583, -0.000792872, 0.0129244, -0.00550763, 0.0872499, -0.0461823, 0.0176531, 0.000487926, 0.00053505, -0.00241808, 0.00537126, 0.00127771, 0.0291416, 0.00389718, 0.0872499, -0.0461823, 0.0128332, -0.00571962, 0.0872499, -0.0461823, 0.542492, -0.382317, 0.0724615, -0.0427735, 0.0176531, 0.000487926, 0.00454801, -0.00243423, 0.0128332, -0.00571962, 0.0872499, -0.0461823, 0.0291416, 0.00389718, 0.00537126, 0.00127771, 0.0176531, 0.000487926, 0.0724615, -0.0427735, 0.542492, -0.382317, 0.0872499, -0.0461823, 0.0291416, 0.00389718, 0.0724615, -0.0427735, 0.00182583, -0.000792872, 0.0128332, -0.00571962, 0.00537126, 0.00127771, 0.000781948, 0.000439124, 0.00053505, -0.00241808, 0.0176531, 0.000487926, 0.0872499, -0.0461823, 0.0129244, -0.00550763, 0.00709214, 0.00184705, 0.0291416, 0.00389718, 0.00454801, -0.00243423, 0.000265564, -0.000131755, 0.00182583, -0.000792872, 0.0010545, 0.000608066, 0.000111262, 0.000156359, 0.000781948, 0.000439124, 0.00537126, 0.00127771, 0.0128332, -0.00571962, 0.00182583, -0.000792872, 0.0010545, 0.000608066, 0.00537126, 0.00127771, 0.000487909, 0.00144409, 0.000139517, 8.39823e-05, 0.00182583, -0.000792872, 0.0129244, -0.00550763, 0.00709214, 0.00184705, 0.0010545, 0.000608066, 0.00537126, 0.00127771, 0.0291416, 0.00389718, 0.0872499, -0.0461823, 0.0128332, -0.00571962, 0.00537126, 0.00127771, 0.0176531, 0.000487926, 0.00454801, -0.00243423, 0.000487909, 0.00144409, 0.000139517, 8.39823e-05, 0.0010545, 0.000608066, 0.00709214, 0.00184705, 0.0129244, -0.00550763, 0.00182583, -0.000792872, 0.0128332, -0.00571962, 0.0872499, -0.0461823, 0.0291416, 0.00389718, 0.00537126, 0.00127771, 0.000487909, 0.00144409, 0.00454801, -0.00243423, 0.0176531, 0.000487926, 0.00537126, 0.00127771, 0.000781948, 0.000439124, 0.00053505, -0.00241808, 0.000111262, 0.000156359, 0.0010545, 0.000608066, 0.00182583, -0.000792872, 0.000265564, -0.000131755, 0.00182583, -0.000792872, 0.0128332, -0.00571962, 0.00537126, 0.00127771, 0.000781948, 0.000439124, 0.000139517, 8.39823e-05, 0.000487909, 0.00144409, 0.00537126, 0.00127771, 0.0010545, 0.000608066, 0.000111262, 0.000156359, 0.000781948, 0.000439124, 0.000139517, 8.39823e-05, ],[0.000139517, 8.39823e-05, 0.000781948, 0.000439124, 0.00053505, -0.00241808, 0.000111262, 0.000156359, 0.000781948, 0.000439124, 0.000139517, 8.39823e-05, 0.0010545, 0.000608066, 0.00537126, 0.00127771, 0.000487909, 0.00144409, 0.000139517, 8.39823e-05, 0.00537126, 0.00127771, 0.0176531, 0.000487926, 0.00454801, -0.00243423, 0.000487909, 0.00144409, 0.00454801, -0.00243423, 0.000487909, 0.00144409, 0.00454801, -0.00243423, 0.0176531, 0.000487926, 0.00537126, 0.00127771, 0.0291416, 0.00389718, 0.0724615, -0.0427735, 0.000139517, 8.39823e-05, 0.000487909, 0.00144409, 0.00537126, 0.00127771, 0.0010545, 0.000608066, 0.00709214, 0.00184705, 0.0291416, 0.00389718, 0.00454801, -0.00243423, 0.000781948, 0.000439124, 0.00537126, 0.00127771, 0.0128332, -0.00571962, 0.00182583, -0.000792872, 0.0129244, -0.00550763, 0.0872499, -0.0461823, 0.0176531, 0.000487926, 0.00053505, -0.00241808, 0.00537126, 0.00127771, 0.0291416, 0.00389718, 0.0872499, -0.0461823, 0.0128332, -0.00571962, 0.0872499, -0.0461823, 0.542492, -0.382317, 0.0724615, -0.0427735, 0.0176531, 0.000487926, 0.00454801, -0.00243423, 0.0128332, -0.00571962, 0.0872499, -0.0461823, 0.0291416, 0.00389718, 0.00537126, 0.00127771, 0.0176531, 0.000487926, 0.0724615, -0.0427735, 0.542492, -0.382317, 0.0872499, -0.0461823, 0.0291416, 0.00389718, 0.0724615, -0.0427735, 0.00182583, -0.000792872, 0.0128332, -0.00571962, 0.00537126, 0.00127771, 0.000781948, 0.000439124, 0.00053505, -0.00241808, 0.0176531, 0.000487926, 0.0872499, -0.0461823, 0.0129244, -0.00550763, 0.00709214, 0.00184705, 0.0291416, 0.00389718, 0.00454801, -0.00243423, 0.000265564, -0.000131755, 0.00182583, -0.000792872, 0.0010545, 0.000608066, 0.000111262, 0.000156359, 0.000781948, 0.000439124, 0.00537126, 0.00127771, 0.0128332, -0.00571962, 0.00182583, -0.000792872, 0.0010545, 0.000608066, 0.00537126, 0.00127771, 0.000487909, 0.00144409, 0.000139517, 8.39823e-05, 0.00182583, -0.000792872, 0.0129244, -0.00550763, 0.00709214, 0.00184705, 0.0010545, 0.000608066, 0.00537126, 0.00127771, 0.0291416, 0.00389718, 0.0872499, -0.0461823, 0.0128332, -0.00571962, 0.00537126, 0.00127771, 0.0176531, 0.000487926, 0.00454801, -0.00243423, 0.000487909, 0.00144409, 0.000139517, 8.39823e-05, 0.0010545, 0.000608066, 0.00709214, 0.00184705, 0.0129244, -0.00550763, 0.00182583, -0.000792872, 0.0128332, -0.00571962, 0.0872499, -0.0461823, 0.0291416, 0.00389718, 0.00537126, 0.00127771, 0.000487909, 0.00144409, 0.00454801, -0.00243423, 0.0176531, 0.000487926, 0.00537126, 0.00127771, 0.000781948, 0.000439124, 0.00053505, -0.00241808, 0.000111262, 0.000156359, 0.0010545, 0.000608066, 0.00182583, -0.000792872, 0.000265564, -0.000131755, 0.00182583, -0.000792872, 0.0128332, -0.00571962, 0.00537126, 0.00127771, 0.000781948, 0.000439124, 0.000139517, 8.39823e-05, 0.000487909, 0.00144409, 0.00537126, 0.00127771, 0.0010545, 0.000608066, 0.000111262, 0.000156359, 0.000781948, 0.000439124, 0.000139517, 8.39823e-05, ],]
##############################################################################
clock_duration  =         16387.8
tau =                     1.14663
total_steps =             32
time_step =               0.04095
best_mc_result =          0.019363
best_mc_result_non_secondary =          0
evolved_target_dot_squared =  0.980637
distance =          0.184001
j_protocol =  [[0, 0, 0, 0, 0, 0, 0, 0, 0, 0, 0, 0, 0, 0, 0, 0, 0, 0, 0, 0, 0, 0, 0, 0, 0, 0, 0, 0, 0, 0, 0, 0, ],[0, 0, 0, 0, 0, 0, 0, 0, 0, 0, 0, 0, 0, 0, 0, 0, 0, 0, 0, 0, 0, 0, 0, 0, 0, 0, 0, 0, 0, 0, 0, 0, ],]
k_protocol =  [[0, 0, 0, 0, 0, 0, 0, 0, 0, 0, 0, 0, 0, 0, 0, 0, 0, 0, 0, 0, 0, 0, 0, 0, 0, 0, 0, 0, 0, 0, 0, 0, ],[0, 0, 0, 0, 0, 0, 0, 0, 0, 0, 0, 0, 0, 0, 0, 0, 0, 0, 0, 0, 0, 0, 0, 0, 0, 0, 0, 0, 0, 0, 0, 0, ],]
j_protocol_secondary =  [0, 0.0871751, 0.202546, 0.202546, 0.206271, 0.206271, 0.332343, 0.332343, 0.659007, 0.716869, 0.74425, 0.828303, 0.976035, 0.976035, ]
k_protocol_secondary =  [0.00311004, 0.0898412, 0.0898412, 0.256088, 0.256088, 0.584259, 0.584259, 0.909963, 0.909963, 1.02113, 1.02113, 1.12526, 1.12526, 1.14663, ]
best_evolved_state = [-4.74241e-05, 0.000127489, -0.000386943, 0.000750591, 0.00347309, 0.000348426, -0.000130401, 9.20897e-05, -0.000386943, 0.000750591, -4.74241e-05, 0.000127489, -0.000406382, 0.00106236, 0.000286141, 0.00540006, -0.001211, 0.000508276, -4.74241e-05, 0.000127489, 0.000286141, 0.00540006, 0.00757303, 0.0163825, 0.00380655, 0.00428115, -0.001211, 0.000508276, 0.00380655, 0.00428115, -0.001211, 0.000508276, 0.00380655, 0.00428115, 0.00757303, 0.0163825, 0.000286141, 0.00540006, 0.00877117, 0.0276779, 0.0713243, 0.0181245, -4.74241e-05, 0.000127489, -0.001211, 0.000508276, 0.000286141, 0.00540006, -0.000406382, 0.00106236, 0.000220281, 0.00714379, 0.00877117, 0.0276779, 0.00380655, 0.00428115, -0.000386943, 0.000750591, 0.000286141, 0.00540006, 0.0108285, 0.0100065, 0.00145222, 0.00165941, 0.0106637, 0.0101199, 0.0829216, 0.0562099, 0.00757303, 0.0163825, 0.00347309, 0.000348426, 0.000286141, 0.00540006, 0.00877117, 0.0276779, 0.0829216, 0.0562099, 0.0108285, 0.0100065, 0.0829216, 0.0562099, 0.617294, 0.247934, 0.0713243, 0.0181245, 0.00757303, 0.0163825, 0.00380655, 0.00428115, 0.0108285, 0.0100065, 0.0829216, 0.0562099, 0.00877117, 0.0276779, 0.000286141, 0.00540006, 0.00757303, 0.0163825, 0.0713243, 0.0181245, 0.617294, 0.247934, 0.0829216, 0.0562099, 0.00877117, 0.0276779, 0.0713243, 0.0181245, 0.00145222, 0.00165941, 0.0108285, 0.0100065, 0.000286141, 0.00540006, -0.000386943, 0.000750591, 0.00347309, 0.000348426, 0.00757303, 0.0163825, 0.0829216, 0.0562099, 0.0106637, 0.0101199, 0.000220281, 0.00714379, 0.00877117, 0.0276779, 0.00380655, 0.00428115, 0.000205642, 0.000278195, 0.00145222, 0.00165941, -0.000406382, 0.00106236, -0.000130401, 9.20897e-05, -0.000386943, 0.000750591, 0.000286141, 0.00540006, 0.0108285, 0.0100065, 0.00145222, 0.00165941, -0.000406382, 0.00106236, 0.000286141, 0.00540006, -0.001211, 0.000508276, -4.74241e-05, 0.000127489, 0.00145222, 0.00165941, 0.0106637, 0.0101199, 0.000220281, 0.00714379, -0.000406382, 0.00106236, 0.000286141, 0.00540006, 0.00877117, 0.0276779, 0.0829216, 0.0562099, 0.0108285, 0.0100065, 0.000286141, 0.00540006, 0.00757303, 0.0163825, 0.00380655, 0.00428115, -0.001211, 0.000508276, -4.74241e-05, 0.000127489, -0.000406382, 0.00106236, 0.000220281, 0.00714379, 0.0106637, 0.0101199, 0.00145222, 0.00165941, 0.0108285, 0.0100065, 0.0829216, 0.0562099, 0.00877117, 0.0276779, 0.000286141, 0.00540006, -0.001211, 0.000508276, 0.00380655, 0.00428115, 0.00757303, 0.0163825, 0.000286141, 0.00540006, -0.000386943, 0.000750591, 0.00347309, 0.000348426, -0.000130401, 9.20897e-05, -0.000406382, 0.00106236, 0.00145222, 0.00165941, 0.000205642, 0.000278195, 0.00145222, 0.00165941, 0.0108285, 0.0100065, 0.000286141, 0.00540006, -0.000386943, 0.000750591, -4.74241e-05, 0.000127489, -0.001211, 0.000508276, 0.000286141, 0.00540006, -0.000406382, 0.00106236, -0.000130401, 9.20897e-05, -0.000386943, 0.000750591, -4.74241e-05, 0.000127489, ]
best_mc_result_fixed_tau =   [0.0119318, 0.0154023, ]
evolved_state_fixed_tau =   [[0.000139517, 8.39823e-05, 0.000781948, 0.000439124, 0.00053505, -0.00241808, 0.000111262, 0.000156359, 0.000781948, 0.000439124, 0.000139517, 8.39823e-05, 0.0010545, 0.000608066, 0.00537126, 0.00127771, 0.000487909, 0.00144409, 0.000139517, 8.39823e-05, 0.00537126, 0.00127771, 0.0176531, 0.000487926, 0.00454801, -0.00243423, 0.000487909, 0.00144409, 0.00454801, -0.00243423, 0.000487909, 0.00144409, 0.00454801, -0.00243423, 0.0176531, 0.000487926, 0.00537126, 0.00127771, 0.0291416, 0.00389718, 0.0724615, -0.0427735, 0.000139517, 8.39823e-05, 0.000487909, 0.00144409, 0.00537126, 0.00127771, 0.0010545, 0.000608066, 0.00709214, 0.00184705, 0.0291416, 0.00389718, 0.00454801, -0.00243423, 0.000781948, 0.000439124, 0.00537126, 0.00127771, 0.0128332, -0.00571962, 0.00182583, -0.000792872, 0.0129244, -0.00550763, 0.0872499, -0.0461823, 0.0176531, 0.000487926, 0.00053505, -0.00241808, 0.00537126, 0.00127771, 0.0291416, 0.00389718, 0.0872499, -0.0461823, 0.0128332, -0.00571962, 0.0872499, -0.0461823, 0.542492, -0.382317, 0.0724615, -0.0427735, 0.0176531, 0.000487926, 0.00454801, -0.00243423, 0.0128332, -0.00571962, 0.0872499, -0.0461823, 0.0291416, 0.00389718, 0.00537126, 0.00127771, 0.0176531, 0.000487926, 0.0724615, -0.0427735, 0.542492, -0.382317, 0.0872499, -0.0461823, 0.0291416, 0.00389718, 0.0724615, -0.0427735, 0.00182583, -0.000792872, 0.0128332, -0.00571962, 0.00537126, 0.00127771, 0.000781948, 0.000439124, 0.00053505, -0.00241808, 0.0176531, 0.000487926, 0.0872499, -0.0461823, 0.0129244, -0.00550763, 0.00709214, 0.00184705, 0.0291416, 0.00389718, 0.00454801, -0.00243423, 0.000265564, -0.000131755, 0.00182583, -0.000792872, 0.0010545, 0.000608066, 0.000111262, 0.000156359, 0.000781948, 0.000439124, 0.00537126, 0.00127771, 0.0128332, -0.00571962, 0.00182583, -0.000792872, 0.0010545, 0.000608066, 0.00537126, 0.00127771, 0.000487909, 0.00144409, 0.000139517, 8.39823e-05, 0.00182583, -0.000792872, 0.0129244, -0.00550763, 0.00709214, 0.00184705, 0.0010545, 0.000608066, 0.00537126, 0.00127771, 0.0291416, 0.00389718, 0.0872499, -0.0461823, 0.0128332, -0.00571962, 0.00537126, 0.00127771, 0.0176531, 0.000487926, 0.00454801, -0.00243423, 0.000487909, 0.00144409, 0.000139517, 8.39823e-05, 0.0010545, 0.000608066, 0.00709214, 0.00184705, 0.0129244, -0.00550763, 0.00182583, -0.000792872, 0.0128332, -0.00571962, 0.0872499, -0.0461823, 0.0291416, 0.00389718, 0.00537126, 0.00127771, 0.000487909, 0.00144409, 0.00454801, -0.00243423, 0.0176531, 0.000487926, 0.00537126, 0.00127771, 0.000781948, 0.000439124, 0.00053505, -0.00241808, 0.000111262, 0.000156359, 0.0010545, 0.000608066, 0.00182583, -0.000792872, 0.000265564, -0.000131755, 0.00182583, -0.000792872, 0.0128332, -0.00571962, 0.00537126, 0.00127771, 0.000781948, 0.000439124, 0.000139517, 8.39823e-05, 0.000487909, 0.00144409, 0.00537126, 0.00127771, 0.0010545, 0.000608066, 0.000111262, 0.000156359, 0.000781948, 0.000439124, 0.000139517, 8.39823e-05, ],[0.000139517, 8.39823e-05, 0.000781948, 0.000439124, 0.00053505, -0.00241808, 0.000111262, 0.000156359, 0.000781948, 0.000439124, 0.000139517, 8.39823e-05, 0.0010545, 0.000608066, 0.00537126, 0.00127771, 0.000487909, 0.00144409, 0.000139517, 8.39823e-05, 0.00537126, 0.00127771, 0.0176531, 0.000487926, 0.00454801, -0.00243423, 0.000487909, 0.00144409, 0.00454801, -0.00243423, 0.000487909, 0.00144409, 0.00454801, -0.00243423, 0.0176531, 0.000487926, 0.00537126, 0.00127771, 0.0291416, 0.00389718, 0.0724615, -0.0427735, 0.000139517, 8.39823e-05, 0.000487909, 0.00144409, 0.00537126, 0.00127771, 0.0010545, 0.000608066, 0.00709214, 0.00184705, 0.0291416, 0.00389718, 0.00454801, -0.00243423, 0.000781948, 0.000439124, 0.00537126, 0.00127771, 0.0128332, -0.00571962, 0.00182583, -0.000792872, 0.0129244, -0.00550763, 0.0872499, -0.0461823, 0.0176531, 0.000487926, 0.00053505, -0.00241808, 0.00537126, 0.00127771, 0.0291416, 0.00389718, 0.0872499, -0.0461823, 0.0128332, -0.00571962, 0.0872499, -0.0461823, 0.542492, -0.382317, 0.0724615, -0.0427735, 0.0176531, 0.000487926, 0.00454801, -0.00243423, 0.0128332, -0.00571962, 0.0872499, -0.0461823, 0.0291416, 0.00389718, 0.00537126, 0.00127771, 0.0176531, 0.000487926, 0.0724615, -0.0427735, 0.542492, -0.382317, 0.0872499, -0.0461823, 0.0291416, 0.00389718, 0.0724615, -0.0427735, 0.00182583, -0.000792872, 0.0128332, -0.00571962, 0.00537126, 0.00127771, 0.000781948, 0.000439124, 0.00053505, -0.00241808, 0.0176531, 0.000487926, 0.0872499, -0.0461823, 0.0129244, -0.00550763, 0.00709214, 0.00184705, 0.0291416, 0.00389718, 0.00454801, -0.00243423, 0.000265564, -0.000131755, 0.00182583, -0.000792872, 0.0010545, 0.000608066, 0.000111262, 0.000156359, 0.000781948, 0.000439124, 0.00537126, 0.00127771, 0.0128332, -0.00571962, 0.00182583, -0.000792872, 0.0010545, 0.000608066, 0.00537126, 0.00127771, 0.000487909, 0.00144409, 0.000139517, 8.39823e-05, 0.00182583, -0.000792872, 0.0129244, -0.00550763, 0.00709214, 0.00184705, 0.0010545, 0.000608066, 0.00537126, 0.00127771, 0.0291416, 0.00389718, 0.0872499, -0.0461823, 0.0128332, -0.00571962, 0.00537126, 0.00127771, 0.0176531, 0.000487926, 0.00454801, -0.00243423, 0.000487909, 0.00144409, 0.000139517, 8.39823e-05, 0.0010545, 0.000608066, 0.00709214, 0.00184705, 0.0129244, -0.00550763, 0.00182583, -0.000792872, 0.0128332, -0.00571962, 0.0872499, -0.0461823, 0.0291416, 0.00389718, 0.00537126, 0.00127771, 0.000487909, 0.00144409, 0.00454801, -0.00243423, 0.0176531, 0.000487926, 0.00537126, 0.00127771, 0.000781948, 0.000439124, 0.00053505, -0.00241808, 0.000111262, 0.000156359, 0.0010545, 0.000608066, 0.00182583, -0.000792872, 0.000265564, -0.000131755, 0.00182583, -0.000792872, 0.0128332, -0.00571962, 0.00537126, 0.00127771, 0.000781948, 0.000439124, 0.000139517, 8.39823e-05, 0.000487909, 0.00144409, 0.00537126, 0.00127771, 0.0010545, 0.000608066, 0.000111262, 0.000156359, 0.000781948, 0.000439124, 0.000139517, 8.39823e-05, ],]
