START_PARAMETERS
MAX_STEPS_MCDB =               32
MIN_STEPS_MCDB =               4
STEPS_CRUNCH_MCDB =            1
SWEEPS_MCDB =                  80
TOTAL_STEP_CHANGES =                  6
MCBB_SECONDARY =                  1
SWEEPS_MCBB_SECONDARY =                  300
NUMBER_OF_BANGS =                  7
GROUND_E =                -5.23858
INITIAL_E =               -1.67787
j_initial =               0.133
k_initial =               0.5
b_initial =               0
j_target =                0.987
k_target =                0.062
b_target =                0
init_target_dot_squared = 0.258521
init_state = [-6.24005e-05, 0, -0.000443095, 0, -0.00151013, 0, -7.26841e-05, 0, -0.000443095, 0, -6.24005e-05, 0, -0.000689588, 0, -0.00441664, 0, -0.000985466, 0, -6.24005e-05, 0, -0.00441664, 0, -0.0230902, 0, -0.00346857, 0, -0.000985466, 0, -0.00346857, 0, -0.000985466, 0, -0.00346857, 0, -0.0230902, 0, -0.00441664, 0, -0.0338749, 0, -0.0895165, 0, -6.24005e-05, 0, -0.000985466, 0, -0.00441664, 0, -0.000689588, 0, -0.00581456, 0, -0.0338749, 0, -0.00346857, 0, -0.000443095, 0, -0.00441664, 0, -0.0121556, 0, -0.00158715, 0, -0.012329, 0, -0.0920293, 0, -0.0230902, 0, -0.00151013, 0, -0.00441664, 0, -0.0338749, 0, -0.0920293, 0, -0.0121556, 0, -0.0920293, 0, -0.66497, 0, -0.0895165, 0, -0.0230902, 0, -0.00346857, 0, -0.0121556, 0, -0.0920293, 0, -0.0338749, 0, -0.00441664, 0, -0.0230902, 0, -0.0895165, 0, -0.66497, 0, -0.0920293, 0, -0.0338749, 0, -0.0895165, 0, -0.00158715, 0, -0.0121556, 0, -0.00441664, 0, -0.000443095, 0, -0.00151013, 0, -0.0230902, 0, -0.0920293, 0, -0.012329, 0, -0.00581456, 0, -0.0338749, 0, -0.00346857, 0, -0.000203694, 0, -0.00158715, 0, -0.000689588, 0, -7.26841e-05, 0, -0.000443095, 0, -0.00441664, 0, -0.0121556, 0, -0.00158715, 0, -0.000689588, 0, -0.00441664, 0, -0.000985466, 0, -6.24005e-05, 0, -0.00158715, 0, -0.012329, 0, -0.00581456, 0, -0.000689588, 0, -0.00441664, 0, -0.0338749, 0, -0.0920293, 0, -0.0121556, 0, -0.00441664, 0, -0.0230902, 0, -0.00346857, 0, -0.000985466, 0, -6.24005e-05, 0, -0.000689588, 0, -0.00581456, 0, -0.012329, 0, -0.00158715, 0, -0.0121556, 0, -0.0920293, 0, -0.0338749, 0, -0.00441664, 0, -0.000985466, 0, -0.00346857, 0, -0.0230902, 0, -0.00441664, 0, -0.000443095, 0, -0.00151013, 0, -7.26841e-05, 0, -0.000689588, 0, -0.00158715, 0, -0.000203694, 0, -0.00158715, 0, -0.0121556, 0, -0.00441664, 0, -0.000443095, 0, -6.24005e-05, 0, -0.000985466, 0, -0.00441664, 0, -0.000689588, 0, -7.26841e-05, 0, -0.000443095, 0, -6.24005e-05, 0, ]
target_state = [0.0257585, 0, 0.0439091, 0, 0.0490555, 0, 0.0320755, 0, 0.0439091, 0, 0.0257585, 0, 0.0573315, 0, 0.0823884, 0, 0.0609657, 0, 0.0257585, 0, 0.0823884, 0, 0.110926, 0, 0.0766213, 0, 0.0609657, 0, 0.0766213, 0, 0.0609657, 0, 0.0766213, 0, 0.110926, 0, 0.0823884, 0, 0.130274, 0, 0.14577, 0, 0.0257585, 0, 0.0609657, 0, 0.0823884, 0, 0.0573315, 0, 0.0949381, 0, 0.130274, 0, 0.0766213, 0, 0.0439091, 0, 0.0823884, 0, 0.0959819, 0, 0.06292, 0, 0.100123, 0, 0.145583, 0, 0.110926, 0, 0.0490555, 0, 0.0823884, 0, 0.130274, 0, 0.145583, 0, 0.0959819, 0, 0.145583, 0, 0.200583, 0, 0.14577, 0, 0.110926, 0, 0.0766213, 0, 0.0959819, 0, 0.145583, 0, 0.130274, 0, 0.0823884, 0, 0.110926, 0, 0.14577, 0, 0.200583, 0, 0.145583, 0, 0.130274, 0, 0.14577, 0, 0.06292, 0, 0.0959819, 0, 0.0823884, 0, 0.0439091, 0, 0.0490555, 0, 0.110926, 0, 0.145583, 0, 0.100123, 0, 0.0949381, 0, 0.130274, 0, 0.0766213, 0, 0.0398692, 0, 0.06292, 0, 0.0573315, 0, 0.0320755, 0, 0.0439091, 0, 0.0823884, 0, 0.0959819, 0, 0.06292, 0, 0.0573315, 0, 0.0823884, 0, 0.0609657, 0, 0.0257585, 0, 0.06292, 0, 0.100123, 0, 0.0949381, 0, 0.0573315, 0, 0.0823884, 0, 0.130274, 0, 0.145583, 0, 0.0959819, 0, 0.0823884, 0, 0.110926, 0, 0.0766213, 0, 0.0609657, 0, 0.0257585, 0, 0.0573315, 0, 0.0949381, 0, 0.100123, 0, 0.06292, 0, 0.0959819, 0, 0.145583, 0, 0.130274, 0, 0.0823884, 0, 0.0609657, 0, 0.0766213, 0, 0.110926, 0, 0.0823884, 0, 0.0439091, 0, 0.0490555, 0, 0.0320755, 0, 0.0573315, 0, 0.06292, 0, 0.0398692, 0, 0.06292, 0, 0.0959819, 0, 0.0823884, 0, 0.0439091, 0, 0.0257585, 0, 0.0609657, 0, 0.0823884, 0, 0.0573315, 0, 0.0320755, 0, 0.0439091, 0, 0.0257585, 0, ]
USE_ENERGY_DISTANCE =     false
PERIODIC =                false
UNIFORM_SITES =           true
DEVICE_DIMENSION =        2
MAX_PARAM =               1
MIN_PARAM =               0
MIN_PARAM =               0
DIAG =                    true
NUM_SEEDS =               2
NUMBER_OF_BANGS =               7
DISTANCE_LIMIT =          0.02
TAU_INIT =                0.7
MAX_TAU =                 5
TAU_SCALAR =              1.2
TAU_SCALAR_TINY =         1.1
TAU_SCALAR_BIG =          1.3
ACCEPTANCE_PROB =         0.85
TEMP_EXP_DECAY =          0.8
MIN_TEMP_FRACTION =       0.01
TEMP_DECAY_ITERATIONS =   21
ZERO_TEMP_ITREATIONS =    20
RANDOM_STATES =           3
END_PARAMETERS
##############################################################################
clock_duration  =         1242.03
tau =                     0.7
total_steps =             32
time_step =               0.021875
best_mc_result =          0.380709
best_mc_result_non_secondary =          0.380721
evolved_target_dot_squared =  0.619291
distance =          0.513445
j_protocol =  [[1, 1, 1, 1, 1, 1, 1, 1, 1, 1, 1, 1, 1, 1, 1, 1, 1, 1, 1, 1, 1, 1, 1, 1, 1, 1, 1, 1, 1, 1, 1, 0, ],[1, 1, 1, 1, 1, 1, 1, 1, 1, 1, 1, 1, 1, 1, 1, 1, 1, 1, 1, 1, 1, 1, 1, 1, 1, 1, 1, 1, 1, 1, 1, 0, ],]
k_protocol =  [[0, 0, 1, 1, 1, 1, 1, 1, 1, 1, 1, 1, 1, 1, 1, 1, 1, 1, 1, 1, 1, 1, 1, 1, 1, 1, 1, 1, 1, 1, 1, 1, ],[0, 0, 1, 1, 1, 1, 1, 1, 1, 1, 1, 1, 1, 1, 1, 1, 1, 1, 1, 1, 1, 1, 1, 1, 1, 1, 1, 1, 1, 1, 1, 1, ],]
j_protocol_secondary =  [0, 0.00556353, 0.00556353, 0.229292, 0.229292, 0.254914, 0.254914, 0.359865, 0.359865, 0.374964, 0.374964, 0.679525, 0.7, 0.7, ]
k_protocol_secondary =  [0.0268369, 0.0268369, 0.0452845, 0.0848232, 0.0848232, 0.13537, 0.13537, 0.147138, 0.147138, 0.404173, 0.404173, 0.404873, 0.404873, 0.7, ]
best_evolved_state = [-0.013405, 0.0135488, -0.00347899, 0.0358354, 0.0299598, 0.012604, -0.0166869, 0.0181328, -0.00347899, 0.0358354, -0.013405, 0.0135488, 0.00201718, 0.0553849, 0.0389507, 0.0700455, -0.0209617, 0.0641405, -0.013405, 0.0135488, 0.0389507, 0.0700455, 0.092957, 0.0513448, 0.05727, 0.0454736, -0.0209617, 0.0641405, 0.05727, 0.0454736, -0.0209617, 0.0641405, 0.05727, 0.0454736, 0.092957, 0.0513448, 0.0389507, 0.0700455, 0.128321, 0.0594265, 0.0448383, -0.0321067, -0.013405, 0.0135488, -0.0209617, 0.0641405, 0.0389507, 0.0700455, 0.00201718, 0.0553849, 0.0637392, 0.0871594, 0.128321, 0.0594265, 0.05727, 0.0454736, -0.00347899, 0.0358354, 0.0389507, 0.0700455, 0.0381151, 0.036998, 0.022011, 0.0130853, 0.038502, 0.0501182, 0.139092, 0.0637218, 0.092957, 0.0513448, 0.0299598, 0.012604, 0.0389507, 0.0700455, 0.128321, 0.0594265, 0.139092, 0.0637218, 0.0381151, 0.036998, 0.139092, 0.0637218, 0.304033, -0.153848, 0.0448383, -0.0321067, 0.092957, 0.0513448, 0.05727, 0.0454736, 0.0381151, 0.036998, 0.139092, 0.0637218, 0.128321, 0.0594265, 0.0389507, 0.0700455, 0.092957, 0.0513448, 0.0448383, -0.0321067, 0.304033, -0.153848, 0.139092, 0.0637218, 0.128321, 0.0594265, 0.0448383, -0.0321067, 0.022011, 0.0130853, 0.0381151, 0.036998, 0.0389507, 0.0700455, -0.00347899, 0.0358354, 0.0299598, 0.012604, 0.092957, 0.0513448, 0.139092, 0.0637218, 0.038502, 0.0501182, 0.0637392, 0.0871594, 0.128321, 0.0594265, 0.05727, 0.0454736, 0.0220895, 0.0115719, 0.022011, 0.0130853, 0.00201718, 0.0553849, -0.0166869, 0.0181328, -0.00347899, 0.0358354, 0.0389507, 0.0700455, 0.0381151, 0.036998, 0.022011, 0.0130853, 0.00201718, 0.0553849, 0.0389507, 0.0700455, -0.0209617, 0.0641405, -0.013405, 0.0135488, 0.022011, 0.0130853, 0.038502, 0.0501182, 0.0637392, 0.0871594, 0.00201718, 0.0553849, 0.0389507, 0.0700455, 0.128321, 0.0594265, 0.139092, 0.0637218, 0.0381151, 0.036998, 0.0389507, 0.0700455, 0.092957, 0.0513448, 0.05727, 0.0454736, -0.0209617, 0.0641405, -0.013405, 0.0135488, 0.00201718, 0.0553849, 0.0637392, 0.0871594, 0.038502, 0.0501182, 0.022011, 0.0130853, 0.0381151, 0.036998, 0.139092, 0.0637218, 0.128321, 0.0594265, 0.0389507, 0.0700455, -0.0209617, 0.0641405, 0.05727, 0.0454736, 0.092957, 0.0513448, 0.0389507, 0.0700455, -0.00347899, 0.0358354, 0.0299598, 0.012604, -0.0166869, 0.0181328, 0.00201718, 0.0553849, 0.022011, 0.0130853, 0.0220895, 0.0115719, 0.022011, 0.0130853, 0.0381151, 0.036998, 0.0389507, 0.0700455, -0.00347899, 0.0358354, -0.013405, 0.0135488, -0.0209617, 0.0641405, 0.0389507, 0.0700455, 0.00201718, 0.0553849, -0.0166869, 0.0181328, -0.00347899, 0.0358354, -0.013405, 0.0135488, ]
best_mc_result_fixed_tau =   [0.380721, 0.380721, ]
evolved_state_fixed_tau =   [[-0.0129569, 0.0137142, -0.00277346, 0.0356781, 0.0302775, 0.011976, -0.016153, 0.0182777, -0.00277346, 0.0356781, -0.0129569, 0.0137142, 0.00302766, 0.0550073, 0.0401693, 0.0691525, -0.0197457, 0.0640271, -0.0129569, 0.0137142, 0.0401693, 0.0691525, 0.0940356, 0.0496293, 0.0581011, 0.0443334, -0.0197457, 0.0640271, 0.0581011, 0.0443334, -0.0197457, 0.0640271, 0.0581011, 0.0443334, 0.0940356, 0.0496293, 0.0401693, 0.0691525, 0.129643, 0.0571367, 0.0445271, -0.0344685, -0.0129569, 0.0137142, -0.0197457, 0.0640271, 0.0401693, 0.0691525, 0.00302766, 0.0550073, 0.0651523, 0.0858172, 0.129643, 0.0571367, 0.0581011, 0.0443334, -0.00277346, 0.0356781, 0.0401693, 0.0691525, 0.0390783, 0.0359149, 0.0224258, 0.0126694, 0.0396664, 0.0489241, 0.140127, 0.0606905, 0.0940356, 0.0496293, 0.0302775, 0.011976, 0.0401693, 0.0691525, 0.129643, 0.0571367, 0.140127, 0.0606905, 0.0390783, 0.0359149, 0.140127, 0.0606905, 0.302432, -0.158841, 0.0445271, -0.0344685, 0.0940356, 0.0496293, 0.0581011, 0.0443334, 0.0390783, 0.0359149, 0.140127, 0.0606905, 0.129643, 0.0571367, 0.0401693, 0.0691525, 0.0940356, 0.0496293, 0.0445271, -0.0344685, 0.302432, -0.158841, 0.140127, 0.0606905, 0.129643, 0.0571367, 0.0445271, -0.0344685, 0.0224258, 0.0126694, 0.0390783, 0.0359149, 0.0401693, 0.0691525, -0.00277346, 0.0356781, 0.0302775, 0.011976, 0.0940356, 0.0496293, 0.140127, 0.0606905, 0.0396664, 0.0489241, 0.0651523, 0.0858172, 0.129643, 0.0571367, 0.0581011, 0.0443334, 0.0221956, 0.0111903, 0.0224258, 0.0126694, 0.00302766, 0.0550073, -0.016153, 0.0182777, -0.00277346, 0.0356781, 0.0401693, 0.0691525, 0.0390783, 0.0359149, 0.0224258, 0.0126694, 0.00302766, 0.0550073, 0.0401693, 0.0691525, -0.0197457, 0.0640271, -0.0129569, 0.0137142, 0.0224258, 0.0126694, 0.0396664, 0.0489241, 0.0651523, 0.0858172, 0.00302766, 0.0550073, 0.0401693, 0.0691525, 0.129643, 0.0571367, 0.140127, 0.0606905, 0.0390783, 0.0359149, 0.0401693, 0.0691525, 0.0940356, 0.0496293, 0.0581011, 0.0443334, -0.0197457, 0.0640271, -0.0129569, 0.0137142, 0.00302766, 0.0550073, 0.0651523, 0.0858172, 0.0396664, 0.0489241, 0.0224258, 0.0126694, 0.0390783, 0.0359149, 0.140127, 0.0606905, 0.129643, 0.0571367, 0.0401693, 0.0691525, -0.0197457, 0.0640271, 0.0581011, 0.0443334, 0.0940356, 0.0496293, 0.0401693, 0.0691525, -0.00277346, 0.0356781, 0.0302775, 0.011976, -0.016153, 0.0182777, 0.00302766, 0.0550073, 0.0224258, 0.0126694, 0.0221956, 0.0111903, 0.0224258, 0.0126694, 0.0390783, 0.0359149, 0.0401693, 0.0691525, -0.00277346, 0.0356781, -0.0129569, 0.0137142, -0.0197457, 0.0640271, 0.0401693, 0.0691525, 0.00302766, 0.0550073, -0.016153, 0.0182777, -0.00277346, 0.0356781, -0.0129569, 0.0137142, ],[-0.0129569, 0.0137142, -0.00277346, 0.0356781, 0.0302775, 0.011976, -0.016153, 0.0182777, -0.00277346, 0.0356781, -0.0129569, 0.0137142, 0.00302766, 0.0550073, 0.0401693, 0.0691525, -0.0197457, 0.0640271, -0.0129569, 0.0137142, 0.0401693, 0.0691525, 0.0940356, 0.0496293, 0.0581011, 0.0443334, -0.0197457, 0.0640271, 0.0581011, 0.0443334, -0.0197457, 0.0640271, 0.0581011, 0.0443334, 0.0940356, 0.0496293, 0.0401693, 0.0691525, 0.129643, 0.0571367, 0.0445271, -0.0344685, -0.0129569, 0.0137142, -0.0197457, 0.0640271, 0.0401693, 0.0691525, 0.00302766, 0.0550073, 0.0651523, 0.0858172, 0.129643, 0.0571367, 0.0581011, 0.0443334, -0.00277346, 0.0356781, 0.0401693, 0.0691525, 0.0390783, 0.0359149, 0.0224258, 0.0126694, 0.0396664, 0.0489241, 0.140127, 0.0606905, 0.0940356, 0.0496293, 0.0302775, 0.011976, 0.0401693, 0.0691525, 0.129643, 0.0571367, 0.140127, 0.0606905, 0.0390783, 0.0359149, 0.140127, 0.0606905, 0.302432, -0.158841, 0.0445271, -0.0344685, 0.0940356, 0.0496293, 0.0581011, 0.0443334, 0.0390783, 0.0359149, 0.140127, 0.0606905, 0.129643, 0.0571367, 0.0401693, 0.0691525, 0.0940356, 0.0496293, 0.0445271, -0.0344685, 0.302432, -0.158841, 0.140127, 0.0606905, 0.129643, 0.0571367, 0.0445271, -0.0344685, 0.0224258, 0.0126694, 0.0390783, 0.0359149, 0.0401693, 0.0691525, -0.00277346, 0.0356781, 0.0302775, 0.011976, 0.0940356, 0.0496293, 0.140127, 0.0606905, 0.0396664, 0.0489241, 0.0651523, 0.0858172, 0.129643, 0.0571367, 0.0581011, 0.0443334, 0.0221956, 0.0111903, 0.0224258, 0.0126694, 0.00302766, 0.0550073, -0.016153, 0.0182777, -0.00277346, 0.0356781, 0.0401693, 0.0691525, 0.0390783, 0.0359149, 0.0224258, 0.0126694, 0.00302766, 0.0550073, 0.0401693, 0.0691525, -0.0197457, 0.0640271, -0.0129569, 0.0137142, 0.0224258, 0.0126694, 0.0396664, 0.0489241, 0.0651523, 0.0858172, 0.00302766, 0.0550073, 0.0401693, 0.0691525, 0.129643, 0.0571367, 0.140127, 0.0606905, 0.0390783, 0.0359149, 0.0401693, 0.0691525, 0.0940356, 0.0496293, 0.0581011, 0.0443334, -0.0197457, 0.0640271, -0.0129569, 0.0137142, 0.00302766, 0.0550073, 0.0651523, 0.0858172, 0.0396664, 0.0489241, 0.0224258, 0.0126694, 0.0390783, 0.0359149, 0.140127, 0.0606905, 0.129643, 0.0571367, 0.0401693, 0.0691525, -0.0197457, 0.0640271, 0.0581011, 0.0443334, 0.0940356, 0.0496293, 0.0401693, 0.0691525, -0.00277346, 0.0356781, 0.0302775, 0.011976, -0.016153, 0.0182777, 0.00302766, 0.0550073, 0.0224258, 0.0126694, 0.0221956, 0.0111903, 0.0224258, 0.0126694, 0.0390783, 0.0359149, 0.0401693, 0.0691525, -0.00277346, 0.0356781, -0.0129569, 0.0137142, -0.0197457, 0.0640271, 0.0401693, 0.0691525, 0.00302766, 0.0550073, -0.016153, 0.0182777, -0.00277346, 0.0356781, -0.0129569, 0.0137142, ],]
##############################################################################
clock_duration  =         2422.64
tau =                     0.863212
total_steps =             32
time_step =               0.0269754
best_mc_result =          0.227283
best_mc_result_non_secondary =          0.227986
evolved_target_dot_squared =  0.772717
distance =          0.306526
j_protocol =  [[1, 1, 1, 1, 1, 1, 1, 1, 1, 1, 1, 1, 1, 1, 1, 1, 1, 1, 1, 1, 1, 1, 1, 1, 1, 1, 1, 1, 1, 1, 0, 0, ],[1, 1, 1, 1, 1, 1, 1, 1, 1, 1, 1, 1, 1, 1, 1, 1, 1, 1, 1, 1, 1, 1, 1, 1, 1, 1, 1, 1, 1, 1, 0, 0, ],]
k_protocol =  [[0, 1, 1, 1, 1, 1, 1, 1, 1, 1, 1, 1, 1, 1, 1, 1, 1, 1, 1, 1, 1, 1, 1, 1, 1, 1, 1, 1, 1, 1, 1, 1, ],[0, 1, 1, 1, 1, 1, 1, 1, 1, 1, 1, 1, 1, 1, 1, 1, 1, 1, 1, 1, 1, 1, 1, 1, 1, 1, 1, 1, 1, 1, 1, 1, ],]
j_protocol_secondary =  [0, 0.118303, 0.118303, 0.217241, 0.217241, 0.223225, 0.223225, 0.510527, 0.510527, 0.592358, 0.592358, 0.672357, 0.672357, 0.819458, ]
k_protocol_secondary =  [0.0388098, 0.169498, 0.169498, 0.410756, 0.410756, 0.418172, 0.418172, 0.477771, 0.477771, 0.596241, 0.596241, 0.656766, 0.656766, 0.863212, ]
best_evolved_state = [0.0303652, 0.0107207, 0.0453014, 0.00105787, 0.0109848, -0.0142885, 0.0393219, 0.0143515, 0.0453014, 0.00105787, 0.0303652, 0.0107207, 0.0677809, -0.0103627, 0.0815635, -0.0184556, 0.0910388, 0.0258066, 0.0303652, 0.0107207, 0.0815635, -0.0184556, 0.0896646, -0.0458039, 0.0391344, -0.0396034, 0.0910388, 0.0258066, 0.0391344, -0.0396034, 0.0910388, 0.0258066, 0.0391344, -0.0396034, 0.0896646, -0.0458039, 0.0815635, -0.0184556, 0.110046, -0.0638688, 0.072773, -0.0461461, 0.0303652, 0.0107207, 0.0910388, 0.0258066, 0.0815635, -0.0184556, 0.0677809, -0.0103627, 0.0995157, -0.0445845, 0.110046, -0.0638688, 0.0391344, -0.0396034, 0.0453014, 0.00105787, 0.0815635, -0.0184556, 0.0740726, -0.010872, 0.0206326, 0.000203179, 0.0937275, -0.0134008, 0.134499, -0.103467, 0.0896646, -0.0458039, 0.0109848, -0.0142885, 0.0815635, -0.0184556, 0.110046, -0.0638688, 0.134499, -0.103467, 0.0740726, -0.010872, 0.134499, -0.103467, -0.00358058, -0.242901, 0.072773, -0.0461461, 0.0896646, -0.0458039, 0.0391344, -0.0396034, 0.0740726, -0.010872, 0.134499, -0.103467, 0.110046, -0.0638688, 0.0815635, -0.0184556, 0.0896646, -0.0458039, 0.072773, -0.0461461, -0.00358058, -0.242901, 0.134499, -0.103467, 0.110046, -0.0638688, 0.072773, -0.0461461, 0.0206326, 0.000203179, 0.0740726, -0.010872, 0.0815635, -0.0184556, 0.0453014, 0.00105787, 0.0109848, -0.0142885, 0.0896646, -0.0458039, 0.134499, -0.103467, 0.0937275, -0.0134008, 0.0995157, -0.0445845, 0.110046, -0.0638688, 0.0391344, -0.0396034, -0.00461233, -0.017516, 0.0206326, 0.000203179, 0.0677809, -0.0103627, 0.0393219, 0.0143515, 0.0453014, 0.00105787, 0.0815635, -0.0184556, 0.0740726, -0.010872, 0.0206326, 0.000203179, 0.0677809, -0.0103627, 0.0815635, -0.0184556, 0.0910388, 0.0258066, 0.0303652, 0.0107207, 0.0206326, 0.000203179, 0.0937275, -0.0134008, 0.0995157, -0.0445845, 0.0677809, -0.0103627, 0.0815635, -0.0184556, 0.110046, -0.0638688, 0.134499, -0.103467, 0.0740726, -0.010872, 0.0815635, -0.0184556, 0.0896646, -0.0458039, 0.0391344, -0.0396034, 0.0910388, 0.0258066, 0.0303652, 0.0107207, 0.0677809, -0.0103627, 0.0995157, -0.0445845, 0.0937275, -0.0134008, 0.0206326, 0.000203179, 0.0740726, -0.010872, 0.134499, -0.103467, 0.110046, -0.0638688, 0.0815635, -0.0184556, 0.0910388, 0.0258066, 0.0391344, -0.0396034, 0.0896646, -0.0458039, 0.0815635, -0.0184556, 0.0453014, 0.00105787, 0.0109848, -0.0142885, 0.0393219, 0.0143515, 0.0677809, -0.0103627, 0.0206326, 0.000203179, -0.00461233, -0.017516, 0.0206326, 0.000203179, 0.0740726, -0.010872, 0.0815635, -0.0184556, 0.0453014, 0.00105787, 0.0303652, 0.0107207, 0.0910388, 0.0258066, 0.0815635, -0.0184556, 0.0677809, -0.0103627, 0.0393219, 0.0143515, 0.0453014, 0.00105787, 0.0303652, 0.0107207, ]
best_mc_result_fixed_tau =   [0.227986, 0.227986, ]
evolved_state_fixed_tau =   [[0.0302419, 0.00552664, 0.0441204, -0.00527599, 0.00807393, -0.0178036, 0.0389667, 0.00848207, 0.0441204, -0.00527599, 0.0302419, 0.00552664, 0.0647314, -0.018985, 0.0776959, -0.0306409, 0.0907409, 0.0143312, 0.0302419, 0.00552664, 0.0776959, -0.0306409, 0.0817204, -0.0596098, 0.0335058, -0.0474468, 0.0907409, 0.0143312, 0.0335058, -0.0474468, 0.0907409, 0.0143312, 0.0335058, -0.0474468, 0.0817204, -0.0596098, 0.0776959, -0.0306409, 0.0992624, -0.0817378, 0.0574075, -0.0555143, 0.0302419, 0.00552664, 0.0907409, 0.0143312, 0.0776959, -0.0306409, 0.0647314, -0.018985, 0.0925361, -0.0586408, 0.0992624, -0.0817378, 0.0335058, -0.0474468, 0.0441204, -0.00527599, 0.0776959, -0.0306409, 0.0687001, -0.0229219, 0.019506, -0.00537507, 0.0872015, -0.0273588, 0.118128, -0.12112, 0.0817204, -0.0596098, 0.00807393, -0.0178036, 0.0776959, -0.0306409, 0.0992624, -0.0817378, 0.118128, -0.12112, 0.0687001, -0.0229219, 0.118128, -0.12112, -0.0327215, -0.253104, 0.0574075, -0.0555143, 0.0817204, -0.0596098, 0.0335058, -0.0474468, 0.0687001, -0.0229219, 0.118128, -0.12112, 0.0992624, -0.0817378, 0.0776959, -0.0306409, 0.0817204, -0.0596098, 0.0574075, -0.0555143, -0.0327215, -0.253104, 0.118128, -0.12112, 0.0992624, -0.0817378, 0.0574075, -0.0555143, 0.019506, -0.00537507, 0.0687001, -0.0229219, 0.0776959, -0.0306409, 0.0441204, -0.00527599, 0.00807393, -0.0178036, 0.0817204, -0.0596098, 0.118128, -0.12112, 0.0872015, -0.0273588, 0.0925361, -0.0586408, 0.0992624, -0.0817378, 0.0335058, -0.0474468, -0.00546829, -0.0177368, 0.019506, -0.00537507, 0.0647314, -0.018985, 0.0389667, 0.00848207, 0.0441204, -0.00527599, 0.0776959, -0.0306409, 0.0687001, -0.0229219, 0.019506, -0.00537507, 0.0647314, -0.018985, 0.0776959, -0.0306409, 0.0907409, 0.0143312, 0.0302419, 0.00552664, 0.019506, -0.00537507, 0.0872015, -0.0273588, 0.0925361, -0.0586408, 0.0647314, -0.018985, 0.0776959, -0.0306409, 0.0992624, -0.0817378, 0.118128, -0.12112, 0.0687001, -0.0229219, 0.0776959, -0.0306409, 0.0817204, -0.0596098, 0.0335058, -0.0474468, 0.0907409, 0.0143312, 0.0302419, 0.00552664, 0.0647314, -0.018985, 0.0925361, -0.0586408, 0.0872015, -0.0273588, 0.019506, -0.00537507, 0.0687001, -0.0229219, 0.118128, -0.12112, 0.0992624, -0.0817378, 0.0776959, -0.0306409, 0.0907409, 0.0143312, 0.0335058, -0.0474468, 0.0817204, -0.0596098, 0.0776959, -0.0306409, 0.0441204, -0.00527599, 0.00807393, -0.0178036, 0.0389667, 0.00848207, 0.0647314, -0.018985, 0.019506, -0.00537507, -0.00546829, -0.0177368, 0.019506, -0.00537507, 0.0687001, -0.0229219, 0.0776959, -0.0306409, 0.0441204, -0.00527599, 0.0302419, 0.00552664, 0.0907409, 0.0143312, 0.0776959, -0.0306409, 0.0647314, -0.018985, 0.0389667, 0.00848207, 0.0441204, -0.00527599, 0.0302419, 0.00552664, ],[0.0302419, 0.00552664, 0.0441204, -0.00527599, 0.00807393, -0.0178036, 0.0389667, 0.00848207, 0.0441204, -0.00527599, 0.0302419, 0.00552664, 0.0647314, -0.018985, 0.0776959, -0.0306409, 0.0907409, 0.0143312, 0.0302419, 0.00552664, 0.0776959, -0.0306409, 0.0817204, -0.0596098, 0.0335058, -0.0474468, 0.0907409, 0.0143312, 0.0335058, -0.0474468, 0.0907409, 0.0143312, 0.0335058, -0.0474468, 0.0817204, -0.0596098, 0.0776959, -0.0306409, 0.0992624, -0.0817378, 0.0574075, -0.0555143, 0.0302419, 0.00552664, 0.0907409, 0.0143312, 0.0776959, -0.0306409, 0.0647314, -0.018985, 0.0925361, -0.0586408, 0.0992624, -0.0817378, 0.0335058, -0.0474468, 0.0441204, -0.00527599, 0.0776959, -0.0306409, 0.0687001, -0.0229219, 0.019506, -0.00537507, 0.0872015, -0.0273588, 0.118128, -0.12112, 0.0817204, -0.0596098, 0.00807393, -0.0178036, 0.0776959, -0.0306409, 0.0992624, -0.0817378, 0.118128, -0.12112, 0.0687001, -0.0229219, 0.118128, -0.12112, -0.0327215, -0.253104, 0.0574075, -0.0555143, 0.0817204, -0.0596098, 0.0335058, -0.0474468, 0.0687001, -0.0229219, 0.118128, -0.12112, 0.0992624, -0.0817378, 0.0776959, -0.0306409, 0.0817204, -0.0596098, 0.0574075, -0.0555143, -0.0327215, -0.253104, 0.118128, -0.12112, 0.0992624, -0.0817378, 0.0574075, -0.0555143, 0.019506, -0.00537507, 0.0687001, -0.0229219, 0.0776959, -0.0306409, 0.0441204, -0.00527599, 0.00807393, -0.0178036, 0.0817204, -0.0596098, 0.118128, -0.12112, 0.0872015, -0.0273588, 0.0925361, -0.0586408, 0.0992624, -0.0817378, 0.0335058, -0.0474468, -0.00546829, -0.0177368, 0.019506, -0.00537507, 0.0647314, -0.018985, 0.0389667, 0.00848207, 0.0441204, -0.00527599, 0.0776959, -0.0306409, 0.0687001, -0.0229219, 0.019506, -0.00537507, 0.0647314, -0.018985, 0.0776959, -0.0306409, 0.0907409, 0.0143312, 0.0302419, 0.00552664, 0.019506, -0.00537507, 0.0872015, -0.0273588, 0.0925361, -0.0586408, 0.0647314, -0.018985, 0.0776959, -0.0306409, 0.0992624, -0.0817378, 0.118128, -0.12112, 0.0687001, -0.0229219, 0.0776959, -0.0306409, 0.0817204, -0.0596098, 0.0335058, -0.0474468, 0.0907409, 0.0143312, 0.0302419, 0.00552664, 0.0647314, -0.018985, 0.0925361, -0.0586408, 0.0872015, -0.0273588, 0.019506, -0.00537507, 0.0687001, -0.0229219, 0.118128, -0.12112, 0.0992624, -0.0817378, 0.0776959, -0.0306409, 0.0907409, 0.0143312, 0.0335058, -0.0474468, 0.0817204, -0.0596098, 0.0776959, -0.0306409, 0.0441204, -0.00527599, 0.00807393, -0.0178036, 0.0389667, 0.00848207, 0.0647314, -0.018985, 0.019506, -0.00537507, -0.00546829, -0.0177368, 0.019506, -0.00537507, 0.0687001, -0.0229219, 0.0776959, -0.0306409, 0.0441204, -0.00527599, 0.0302419, 0.00552664, 0.0907409, 0.0143312, 0.0776959, -0.0306409, 0.0647314, -0.018985, 0.0389667, 0.00848207, 0.0441204, -0.00527599, 0.0302419, 0.00552664, ],]
##############################################################################
clock_duration  =         3749.4
tau =                     1.03585
total_steps =             32
time_step =               0.0323705
best_mc_result =          0.122142
best_mc_result_non_secondary =          0.123728
evolved_target_dot_squared =  0.877858
distance =          0.164727
j_protocol =  [[1, 1, 1, 1, 1, 1, 0, 1, 1, 1, 1, 1, 1, 1, 1, 1, 1, 1, 1, 1, 1, 0, 1, 1, 1, 1, 1, 1, 1, 1, 1, 0, ],[1, 1, 1, 1, 1, 1, 1, 1, 1, 1, 1, 1, 1, 1, 1, 1, 1, 1, 1, 1, 0, 1, 1, 1, 1, 1, 1, 1, 1, 0, 1, 0, ],]
k_protocol =  [[0, 1, 1, 1, 1, 1, 1, 1, 1, 1, 1, 1, 1, 1, 1, 1, 1, 1, 1, 1, 1, 1, 1, 1, 1, 1, 1, 1, 1, 1, 1, 1, ],[0, 1, 1, 1, 1, 1, 1, 1, 1, 1, 1, 1, 1, 1, 1, 1, 1, 1, 1, 1, 1, 1, 1, 1, 1, 1, 1, 1, 1, 1, 1, 1, ],]
j_protocol_secondary =  [0, 0.0142159, 0.0142159, 0.179363, 0.179363, 0.180531, 0.190095, 0.211489, 0.221347, 0.706045, 0.731156, 0.988674, 1.03585, 1.03585, ]
k_protocol_secondary =  [0.0236789, 0.503651, 0.503651, 0.521345, 0.521345, 0.549371, 0.549371, 0.775477, 0.775477, 0.792315, 0.792315, 0.869543, 0.869543, 1.03585, ]
best_evolved_state = [-0.00541946, -0.0335702, -0.00444281, -0.0425098, 0.00512553, -0.0232482, -0.010454, -0.0449808, -0.00444281, -0.0425098, -0.00541946, -0.0335702, -0.0199247, -0.0570329, -0.00015589, -0.0863553, 0.00702047, -0.0998597, -0.00541946, -0.0335702, -0.00015589, -0.0863553, -0.0116643, -0.103431, -0.00203729, -0.0377409, 0.00702047, -0.0998597, -0.00203729, -0.0377409, 0.00702047, -0.0998597, -0.00203729, -0.0377409, -0.0116643, -0.103431, -0.00015589, -0.0863553, -0.0129932, -0.135837, -0.0443379, -0.116749, -0.00541946, -0.0335702, 0.00702047, -0.0998597, -0.00015589, -0.0863553, -0.0199247, -0.0570329, -0.0237573, -0.0974065, -0.0129932, -0.135837, -0.00203729, -0.0377409, -0.00444281, -0.0425098, -0.00015589, -0.0863553, 0.00229959, -0.0933029, 0.0163517, -0.0364939, -0.00767621, -0.114675, -0.0616958, -0.150432, -0.0116643, -0.103431, 0.00512553, -0.0232482, -0.00015589, -0.0863553, -0.0129932, -0.135837, -0.0616958, -0.150432, 0.00229959, -0.0933029, -0.0616958, -0.150432, -0.125001, -0.0651587, -0.0443379, -0.116749, -0.0116643, -0.103431, -0.00203729, -0.0377409, 0.00229959, -0.0933029, -0.0616958, -0.150432, -0.0129932, -0.135837, -0.00015589, -0.0863553, -0.0116643, -0.103431, -0.0443379, -0.116749, -0.125001, -0.0651587, -0.0616958, -0.150432, -0.0129932, -0.135837, -0.0443379, -0.116749, 0.0163517, -0.0364939, 0.00229959, -0.0933029, -0.00015589, -0.0863553, -0.00444281, -0.0425098, 0.00512553, -0.0232482, -0.0116643, -0.103431, -0.0616958, -0.150432, -0.00767621, -0.114675, -0.0237573, -0.0974065, -0.0129932, -0.135837, -0.00203729, -0.0377409, 0.0104604, 0.0107207, 0.0163517, -0.0364939, -0.0199247, -0.0570329, -0.010454, -0.0449808, -0.00444281, -0.0425098, -0.00015589, -0.0863553, 0.00229959, -0.0933029, 0.0163517, -0.0364939, -0.0199247, -0.0570329, -0.00015589, -0.0863553, 0.00702047, -0.0998597, -0.00541946, -0.0335702, 0.0163517, -0.0364939, -0.00767621, -0.114675, -0.0237573, -0.0974065, -0.0199247, -0.0570329, -0.00015589, -0.0863553, -0.0129932, -0.135837, -0.0616958, -0.150432, 0.00229959, -0.0933029, -0.00015589, -0.0863553, -0.0116643, -0.103431, -0.00203729, -0.0377409, 0.00702047, -0.0998597, -0.00541946, -0.0335702, -0.0199247, -0.0570329, -0.0237573, -0.0974065, -0.00767621, -0.114675, 0.0163517, -0.0364939, 0.00229959, -0.0933029, -0.0616958, -0.150432, -0.0129932, -0.135837, -0.00015589, -0.0863553, 0.00702047, -0.0998597, -0.00203729, -0.0377409, -0.0116643, -0.103431, -0.00015589, -0.0863553, -0.00444281, -0.0425098, 0.00512553, -0.0232482, -0.010454, -0.0449808, -0.0199247, -0.0570329, 0.0163517, -0.0364939, 0.0104604, 0.0107207, 0.0163517, -0.0364939, 0.00229959, -0.0933029, -0.00015589, -0.0863553, -0.00444281, -0.0425098, -0.00541946, -0.0335702, 0.00702047, -0.0998597, -0.00015589, -0.0863553, -0.0199247, -0.0570329, -0.010454, -0.0449808, -0.00444281, -0.0425098, -0.00541946, -0.0335702, ]
best_mc_result_fixed_tau =   [0.123728, 0.125211, ]
evolved_state_fixed_tau =   [[0.000533791, -0.0331719, 0.000861951, -0.040938, 0.00888306, -0.0240154, -0.0042017, -0.0439121, 0.000861951, -0.040938, 0.000533791, -0.0331719, -0.0119014, -0.0569174, 0.00756803, -0.0855973, 0.0149367, -0.095611, 0.000533791, -0.0331719, 0.00756803, -0.0855973, -0.00553425, -0.103666, 0.00413674, -0.039107, 0.0149367, -0.095611, 0.00413674, -0.039107, 0.0149367, -0.095611, 0.00413674, -0.039107, -0.00553425, -0.103666, 0.00756803, -0.0855973, -0.00507127, -0.137748, -0.0349833, -0.123719, 0.000533791, -0.0331719, 0.0149367, -0.095611, 0.00756803, -0.0855973, -0.0119014, -0.0569174, -0.0139842, -0.0985118, -0.00507127, -0.137748, 0.00413674, -0.039107, 0.000861951, -0.040938, 0.00756803, -0.0855973, 0.010172, -0.0921047, 0.0203716, -0.0341663, 0.00234678, -0.11354, -0.0529143, -0.155174, -0.00553425, -0.103666, 0.00888306, -0.0240154, 0.00756803, -0.0855973, -0.00507127, -0.137748, -0.0529143, -0.155174, 0.010172, -0.0921047, -0.0529143, -0.155174, -0.125317, -0.0745867, -0.0349833, -0.123719, -0.00553425, -0.103666, 0.00413674, -0.039107, 0.010172, -0.0921047, -0.0529143, -0.155174, -0.00507127, -0.137748, 0.00756803, -0.0855973, -0.00553425, -0.103666, -0.0349833, -0.123719, -0.125317, -0.0745867, -0.0529143, -0.155174, -0.00507127, -0.137748, -0.0349833, -0.123719, 0.0203716, -0.0341663, 0.010172, -0.0921047, 0.00756803, -0.0855973, 0.000861951, -0.040938, 0.00888306, -0.0240154, -0.00553425, -0.103666, -0.0529143, -0.155174, 0.00234678, -0.11354, -0.0139842, -0.0985118, -0.00507127, -0.137748, 0.00413674, -0.039107, 0.00993787, 0.0110867, 0.0203716, -0.0341663, -0.0119014, -0.0569174, -0.0042017, -0.0439121, 0.000861951, -0.040938, 0.00756803, -0.0855973, 0.010172, -0.0921047, 0.0203716, -0.0341663, -0.0119014, -0.0569174, 0.00756803, -0.0855973, 0.0149367, -0.095611, 0.000533791, -0.0331719, 0.0203716, -0.0341663, 0.00234678, -0.11354, -0.0139842, -0.0985118, -0.0119014, -0.0569174, 0.00756803, -0.0855973, -0.00507127, -0.137748, -0.0529143, -0.155174, 0.010172, -0.0921047, 0.00756803, -0.0855973, -0.00553425, -0.103666, 0.00413674, -0.039107, 0.0149367, -0.095611, 0.000533791, -0.0331719, -0.0119014, -0.0569174, -0.0139842, -0.0985118, 0.00234678, -0.11354, 0.0203716, -0.0341663, 0.010172, -0.0921047, -0.0529143, -0.155174, -0.00507127, -0.137748, 0.00756803, -0.0855973, 0.0149367, -0.095611, 0.00413674, -0.039107, -0.00553425, -0.103666, 0.00756803, -0.0855973, 0.000861951, -0.040938, 0.00888306, -0.0240154, -0.0042017, -0.0439121, -0.0119014, -0.0569174, 0.0203716, -0.0341663, 0.00993787, 0.0110867, 0.0203716, -0.0341663, 0.010172, -0.0921047, 0.00756803, -0.0855973, 0.000861951, -0.040938, 0.000533791, -0.0331719, 0.0149367, -0.095611, 0.00756803, -0.0855973, -0.0119014, -0.0569174, -0.0042017, -0.0439121, 0.000861951, -0.040938, 0.000533791, -0.0331719, ],[-0.00787538, -0.033265, -0.00673194, -0.0432189, 0.00390428, -0.0219292, -0.0134796, -0.0453419, -0.00673194, -0.0432189, -0.00787538, -0.033265, -0.0246641, -0.0569203, -0.00280846, -0.0855783, 0.00594418, -0.103157, -0.00787538, -0.033265, -0.00280846, -0.0855783, -0.00851459, -0.101277, -0.0041368, -0.0341975, 0.00594418, -0.103157, -0.0041368, -0.0341975, 0.00594418, -0.103157, -0.0041368, -0.0341975, -0.00851459, -0.101277, -0.00280846, -0.0855783, -0.00696036, -0.132444, -0.0368347, -0.125702, -0.00787538, -0.033265, 0.00594418, -0.103157, -0.00280846, -0.0855783, -0.0246641, -0.0569203, -0.0275526, -0.0949502, -0.00696036, -0.132444, -0.0041368, -0.0341975, -0.00673194, -0.0432189, -0.00280846, -0.0855783, 0.00609666, -0.0928707, 0.0169921, -0.0327192, -0.00480609, -0.114979, -0.0570056, -0.155301, -0.00851459, -0.101277, 0.00390428, -0.0219292, -0.00280846, -0.0855783, -0.00696036, -0.132444, -0.0570056, -0.155301, 0.00609666, -0.0928707, -0.0570056, -0.155301, -0.119624, -0.0669673, -0.0368347, -0.125702, -0.00851459, -0.101277, -0.0041368, -0.0341975, 0.00609666, -0.0928707, -0.0570056, -0.155301, -0.00696036, -0.132444, -0.00280846, -0.0855783, -0.00851459, -0.101277, -0.0368347, -0.125702, -0.119624, -0.0669673, -0.0570056, -0.155301, -0.00696036, -0.132444, -0.0368347, -0.125702, 0.0169921, -0.0327192, 0.00609666, -0.0928707, -0.00280846, -0.0855783, -0.00673194, -0.0432189, 0.00390428, -0.0219292, -0.00851459, -0.101277, -0.0570056, -0.155301, -0.00480609, -0.114979, -0.0275526, -0.0949502, -0.00696036, -0.132444, -0.0041368, -0.0341975, 0.0100506, 0.0150027, 0.0169921, -0.0327192, -0.0246641, -0.0569203, -0.0134796, -0.0453419, -0.00673194, -0.0432189, -0.00280846, -0.0855783, 0.00609666, -0.0928707, 0.0169921, -0.0327192, -0.0246641, -0.0569203, -0.00280846, -0.0855783, 0.00594418, -0.103157, -0.00787538, -0.033265, 0.0169921, -0.0327192, -0.00480609, -0.114979, -0.0275526, -0.0949502, -0.0246641, -0.0569203, -0.00280846, -0.0855783, -0.00696036, -0.132444, -0.0570056, -0.155301, 0.00609666, -0.0928707, -0.00280846, -0.0855783, -0.00851459, -0.101277, -0.0041368, -0.0341975, 0.00594418, -0.103157, -0.00787538, -0.033265, -0.0246641, -0.0569203, -0.0275526, -0.0949502, -0.00480609, -0.114979, 0.0169921, -0.0327192, 0.00609666, -0.0928707, -0.0570056, -0.155301, -0.00696036, -0.132444, -0.00280846, -0.0855783, 0.00594418, -0.103157, -0.0041368, -0.0341975, -0.00851459, -0.101277, -0.00280846, -0.0855783, -0.00673194, -0.0432189, 0.00390428, -0.0219292, -0.0134796, -0.0453419, -0.0246641, -0.0569203, 0.0169921, -0.0327192, 0.0100506, 0.0150027, 0.0169921, -0.0327192, 0.00609666, -0.0928707, -0.00280846, -0.0855783, -0.00673194, -0.0432189, -0.00787538, -0.033265, 0.00594418, -0.103157, -0.00280846, -0.0855783, -0.0246641, -0.0569203, -0.0134796, -0.0453419, -0.00673194, -0.0432189, -0.00787538, -0.033265, ],]
##############################################################################
clock_duration  =         5002.06
tau =                     1.13944
total_steps =             32
time_step =               0.0356075
best_mc_result =          0.0816169
best_mc_result_non_secondary =          0.0833434
evolved_target_dot_squared =  0.918383
distance =          0.110073
j_protocol =  [[1, 1, 1, 1, 1, 1, 0, 1, 0, 1, 1, 1, 1, 1, 1, 1, 1, 1, 1, 1, 1, 1, 1, 0, 1, 1, 1, 1, 1, 1, 1, 0, ],[1, 1, 1, 1, 1, 0, 1, 0, 1, 1, 1, 1, 1, 1, 1, 1, 1, 1, 1, 1, 1, 1, 0, 1, 1, 1, 1, 1, 1, 1, 1, 0, ],]
k_protocol =  [[1, 1, 1, 1, 1, 1, 1, 1, 1, 1, 1, 1, 1, 1, 1, 1, 1, 1, 1, 1, 1, 1, 1, 1, 1, 1, 1, 1, 1, 1, 1, 1, ],[0, 1, 1, 1, 1, 1, 1, 1, 1, 1, 1, 1, 1, 1, 1, 1, 1, 1, 1, 1, 1, 1, 1, 1, 1, 1, 1, 1, 1, 1, 1, 1, ],]
j_protocol_secondary =  [0, 0.179993, 0.227321, 0.242776, 0.255393, 0.408797, 0.408797, 0.487047, 0.487047, 0.753551, 0.798637, 0.846165, 0.846165, 1.10637, ]
k_protocol_secondary =  [0.0229045, 0.0356075, 0.0356075, 0.313539, 0.313539, 0.550248, 0.550248, 0.585157, 0.585157, 0.708176, 0.708176, 0.760342, 0.760342, 1.13944, ]
best_evolved_state = [-0.0257295, -0.0117916, -0.0286721, -0.0233578, -0.0203779, -0.029855, -0.037304, -0.00807388, -0.0286721, -0.0233578, -0.0257295, -0.0117916, -0.044341, -0.0217873, -0.0622052, -0.0659242, -0.067618, -0.0585962, -0.0257295, -0.0117916, -0.0622052, -0.0659242, -0.07825, -0.0705407, -0.0257143, -0.0470399, -0.067618, -0.0585962, -0.0257143, -0.0470399, -0.067618, -0.0585962, -0.0257143, -0.0470399, -0.07825, -0.0705407, -0.0622052, -0.0659242, -0.108508, -0.0985527, -0.113476, -0.0514476, -0.0257295, -0.0117916, -0.067618, -0.0585962, -0.0622052, -0.0659242, -0.044341, -0.0217873, -0.080971, -0.057485, -0.108508, -0.0985527, -0.0257143, -0.0470399, -0.0286721, -0.0233578, -0.0622052, -0.0659242, -0.0668907, -0.0676503, -0.0222751, -0.0427, -0.0896032, -0.0705996, -0.139363, -0.0712757, -0.07825, -0.0705407, -0.0203779, -0.029855, -0.0622052, -0.0659242, -0.108508, -0.0985527, -0.139363, -0.0712757, -0.0668907, -0.0676503, -0.139363, -0.0712757, -0.124893, -0.0068964, -0.113476, -0.0514476, -0.07825, -0.0705407, -0.0257143, -0.0470399, -0.0668907, -0.0676503, -0.139363, -0.0712757, -0.108508, -0.0985527, -0.0622052, -0.0659242, -0.07825, -0.0705407, -0.113476, -0.0514476, -0.124893, -0.0068964, -0.139363, -0.0712757, -0.108508, -0.0985527, -0.113476, -0.0514476, -0.0222751, -0.0427, -0.0668907, -0.0676503, -0.0622052, -0.0659242, -0.0286721, -0.0233578, -0.0203779, -0.029855, -0.07825, -0.0705407, -0.139363, -0.0712757, -0.0896032, -0.0705996, -0.080971, -0.057485, -0.108508, -0.0985527, -0.0257143, -0.0470399, 0.0136956, -0.0181872, -0.0222751, -0.0427, -0.044341, -0.0217873, -0.037304, -0.00807388, -0.0286721, -0.0233578, -0.0622052, -0.0659242, -0.0668907, -0.0676503, -0.0222751, -0.0427, -0.044341, -0.0217873, -0.0622052, -0.0659242, -0.067618, -0.0585962, -0.0257295, -0.0117916, -0.0222751, -0.0427, -0.0896032, -0.0705996, -0.080971, -0.057485, -0.044341, -0.0217873, -0.0622052, -0.0659242, -0.108508, -0.0985527, -0.139363, -0.0712757, -0.0668907, -0.0676503, -0.0622052, -0.0659242, -0.07825, -0.0705407, -0.0257143, -0.0470399, -0.067618, -0.0585962, -0.0257295, -0.0117916, -0.044341, -0.0217873, -0.080971, -0.057485, -0.0896032, -0.0705996, -0.0222751, -0.0427, -0.0668907, -0.0676503, -0.139363, -0.0712757, -0.108508, -0.0985527, -0.0622052, -0.0659242, -0.067618, -0.0585962, -0.0257143, -0.0470399, -0.07825, -0.0705407, -0.0622052, -0.0659242, -0.0286721, -0.0233578, -0.0203779, -0.029855, -0.037304, -0.00807388, -0.044341, -0.0217873, -0.0222751, -0.0427, 0.0136956, -0.0181872, -0.0222751, -0.0427, -0.0668907, -0.0676503, -0.0622052, -0.0659242, -0.0286721, -0.0233578, -0.0257295, -0.0117916, -0.067618, -0.0585962, -0.0622052, -0.0659242, -0.044341, -0.0217873, -0.037304, -0.00807388, -0.0286721, -0.0233578, -0.0257295, -0.0117916, ]
best_mc_result_fixed_tau =   [0.0871361, 0.0833434, ]
evolved_state_fixed_tau =   [[-0.0272715, -0.00560228, -0.0328335, -0.0157988, -0.0223806, -0.0252952, -0.0391867, -0.00177635, -0.0328335, -0.0157988, -0.0272715, -0.00560228, -0.0467391, -0.0125321, -0.071798, -0.0533012, -0.076942, -0.0447173, -0.0272715, -0.00560228, -0.071798, -0.0533012, -0.0962736, -0.0539034, -0.0322141, -0.0384489, -0.076942, -0.0447173, -0.0322141, -0.0384489, -0.076942, -0.0447173, -0.0322141, -0.0384489, -0.0962736, -0.0539034, -0.071798, -0.0533012, -0.131898, -0.073055, -0.115879, -0.01241, -0.0272715, -0.00560228, -0.076942, -0.0447173, -0.071798, -0.0533012, -0.0467391, -0.0125321, -0.0903645, -0.0424865, -0.131898, -0.073055, -0.0322141, -0.0384489, -0.0328335, -0.0157988, -0.071798, -0.0533012, -0.0812865, -0.0478728, -0.0333905, -0.0377022, -0.102837, -0.0473559, -0.148466, -0.0375027, -0.0962736, -0.0539034, -0.0223806, -0.0252952, -0.071798, -0.0533012, -0.131898, -0.073055, -0.148466, -0.0375027, -0.0812865, -0.0478728, -0.148466, -0.0375027, -0.134855, 0.022342, -0.115879, -0.01241, -0.0962736, -0.0539034, -0.0322141, -0.0384489, -0.0812865, -0.0478728, -0.148466, -0.0375027, -0.131898, -0.073055, -0.071798, -0.0533012, -0.0962736, -0.0539034, -0.115879, -0.01241, -0.134855, 0.022342, -0.148466, -0.0375027, -0.131898, -0.073055, -0.115879, -0.01241, -0.0333905, -0.0377022, -0.0812865, -0.0478728, -0.071798, -0.0533012, -0.0328335, -0.0157988, -0.0223806, -0.0252952, -0.0962736, -0.0539034, -0.148466, -0.0375027, -0.102837, -0.0473559, -0.0903645, -0.0424865, -0.131898, -0.073055, -0.0322141, -0.0384489, 0.00890132, -0.0218242, -0.0333905, -0.0377022, -0.0467391, -0.0125321, -0.0391867, -0.00177635, -0.0328335, -0.0157988, -0.071798, -0.0533012, -0.0812865, -0.0478728, -0.0333905, -0.0377022, -0.0467391, -0.0125321, -0.071798, -0.0533012, -0.076942, -0.0447173, -0.0272715, -0.00560228, -0.0333905, -0.0377022, -0.102837, -0.0473559, -0.0903645, -0.0424865, -0.0467391, -0.0125321, -0.071798, -0.0533012, -0.131898, -0.073055, -0.148466, -0.0375027, -0.0812865, -0.0478728, -0.071798, -0.0533012, -0.0962736, -0.0539034, -0.0322141, -0.0384489, -0.076942, -0.0447173, -0.0272715, -0.00560228, -0.0467391, -0.0125321, -0.0903645, -0.0424865, -0.102837, -0.0473559, -0.0333905, -0.0377022, -0.0812865, -0.0478728, -0.148466, -0.0375027, -0.131898, -0.073055, -0.071798, -0.0533012, -0.076942, -0.0447173, -0.0322141, -0.0384489, -0.0962736, -0.0539034, -0.071798, -0.0533012, -0.0328335, -0.0157988, -0.0223806, -0.0252952, -0.0391867, -0.00177635, -0.0467391, -0.0125321, -0.0333905, -0.0377022, 0.00890132, -0.0218242, -0.0333905, -0.0377022, -0.0812865, -0.0478728, -0.071798, -0.0533012, -0.0328335, -0.0157988, -0.0272715, -0.00560228, -0.076942, -0.0447173, -0.071798, -0.0533012, -0.0467391, -0.0125321, -0.0391867, -0.00177635, -0.0328335, -0.0157988, -0.0272715, -0.00560228, ],[-0.0250809, -0.0130993, -0.0262977, -0.0257494, -0.0164259, -0.0317821, -0.0371895, -0.0117497, -0.0262977, -0.0257494, -0.0250809, -0.0130993, -0.0410658, -0.02617, -0.0540206, -0.0729774, -0.06087, -0.0651463, -0.0250809, -0.0130993, -0.0540206, -0.0729774, -0.0731411, -0.079607, -0.0205325, -0.0491784, -0.06087, -0.0651463, -0.0205325, -0.0491784, -0.06087, -0.0651463, -0.0205325, -0.0491784, -0.0731411, -0.079607, -0.0540206, -0.0729774, -0.101265, -0.109426, -0.106795, -0.0519433, -0.0250809, -0.0130993, -0.06087, -0.0651463, -0.0540206, -0.0729774, -0.0410658, -0.02617, -0.0742396, -0.067355, -0.101265, -0.109426, -0.0205325, -0.0491784, -0.0262977, -0.0257494, -0.0540206, -0.0729774, -0.0621414, -0.0717688, -0.0204998, -0.0462094, -0.0838331, -0.0771267, -0.129428, -0.0820544, -0.0731411, -0.079607, -0.0164259, -0.0317821, -0.0540206, -0.0729774, -0.101265, -0.109426, -0.129428, -0.0820544, -0.0621414, -0.0717688, -0.129428, -0.0820544, -0.126504, -0.0212483, -0.106795, -0.0519433, -0.0731411, -0.079607, -0.0205325, -0.0491784, -0.0621414, -0.0717688, -0.129428, -0.0820544, -0.101265, -0.109426, -0.0540206, -0.0729774, -0.0731411, -0.079607, -0.106795, -0.0519433, -0.126504, -0.0212483, -0.129428, -0.0820544, -0.101265, -0.109426, -0.106795, -0.0519433, -0.0204998, -0.0462094, -0.0621414, -0.0717688, -0.0540206, -0.0729774, -0.0262977, -0.0257494, -0.0164259, -0.0317821, -0.0731411, -0.079607, -0.129428, -0.0820544, -0.0838331, -0.0771267, -0.0742396, -0.067355, -0.101265, -0.109426, -0.0205325, -0.0491784, 0.0151637, -0.0192485, -0.0204998, -0.0462094, -0.0410658, -0.02617, -0.0371895, -0.0117497, -0.0262977, -0.0257494, -0.0540206, -0.0729774, -0.0621414, -0.0717688, -0.0204998, -0.0462094, -0.0410658, -0.02617, -0.0540206, -0.0729774, -0.06087, -0.0651463, -0.0250809, -0.0130993, -0.0204998, -0.0462094, -0.0838331, -0.0771267, -0.0742396, -0.067355, -0.0410658, -0.02617, -0.0540206, -0.0729774, -0.101265, -0.109426, -0.129428, -0.0820544, -0.0621414, -0.0717688, -0.0540206, -0.0729774, -0.0731411, -0.079607, -0.0205325, -0.0491784, -0.06087, -0.0651463, -0.0250809, -0.0130993, -0.0410658, -0.02617, -0.0742396, -0.067355, -0.0838331, -0.0771267, -0.0204998, -0.0462094, -0.0621414, -0.0717688, -0.129428, -0.0820544, -0.101265, -0.109426, -0.0540206, -0.0729774, -0.06087, -0.0651463, -0.0205325, -0.0491784, -0.0731411, -0.079607, -0.0540206, -0.0729774, -0.0262977, -0.0257494, -0.0164259, -0.0317821, -0.0371895, -0.0117497, -0.0410658, -0.02617, -0.0204998, -0.0462094, 0.0151637, -0.0192485, -0.0204998, -0.0462094, -0.0621414, -0.0717688, -0.0540206, -0.0729774, -0.0262977, -0.0257494, -0.0250809, -0.0130993, -0.06087, -0.0651463, -0.0540206, -0.0729774, -0.0410658, -0.02617, -0.0371895, -0.0117497, -0.0262977, -0.0257494, -0.0250809, -0.0130993, ],]
##############################################################################
clock_duration  =         6366.07
tau =                     1.25338
total_steps =             32
time_step =               0.0391683
best_mc_result =          0.0519198
best_mc_result_non_secondary =          0.0550278
evolved_target_dot_squared =  0.94808
distance =          0.070022
j_protocol =  [[1, 1, 1, 1, 0, 0, 1, 1, 0, 1, 1, 1, 1, 1, 1, 1, 1, 1, 1, 1, 1, 0, 1, 1, 1, 1, 1, 1, 1, 1, 1, 1, ],[1, 1, 1, 0, 1, 0, 1, 1, 0, 1, 1, 1, 1, 1, 1, 1, 1, 1, 1, 0, 1, 1, 0, 1, 1, 1, 1, 1, 1, 1, 1, 0, ],]
k_protocol =  [[1, 1, 1, 1, 1, 1, 1, 1, 1, 1, 1, 1, 1, 1, 1, 1, 1, 1, 1, 1, 1, 1, 1, 1, 1, 1, 1, 1, 1, 1, 1, 1, ],[0, 1, 1, 1, 1, 1, 1, 1, 1, 1, 1, 1, 1, 1, 1, 1, 1, 1, 1, 1, 1, 1, 1, 1, 1, 1, 1, 1, 1, 1, 1, 1, ],]
j_protocol_secondary =  [0, 0.175162, 0.212275, 0.212275, 0.277152, 0.325507, 0.32984, 0.80028, 0.815719, 0.815727, 0.848607, 0.849577, 0.86509, 1.22907, ]
k_protocol_secondary =  [0.0216569, 0.127743, 0.127743, 0.510003, 0.510003, 0.79147, 0.79147, 0.893564, 0.893564, 1.03065, 1.03065, 1.16517, 1.16517, 1.25338, ]
best_evolved_state = [-0.0171475, 0.011164, -0.03383, 0.00291055, -0.0420125, 0.0058353, -0.0127367, 0.0207558, -0.03383, 0.00291055, -0.0171475, 0.011164, -0.0415068, 0.0120969, -0.0935825, 0.00819836, -0.0731386, 0.0165041, -0.0171475, 0.011164, -0.0935825, 0.00819836, -0.105159, 0.00588943, -0.0715979, -0.0112755, -0.0731386, 0.0165041, -0.0715979, -0.0112755, -0.0731386, 0.0165041, -0.0715979, -0.0112755, -0.105159, 0.00588943, -0.0935825, 0.00819836, -0.151059, 0.0170956, -0.110999, 0.0433351, -0.0171475, 0.011164, -0.0731386, 0.0165041, -0.0935825, 0.00819836, -0.0415068, 0.0120969, -0.0981781, 0.0225006, -0.151059, 0.0170956, -0.0715979, -0.0112755, -0.03383, 0.00291055, -0.0935825, 0.00819836, -0.0934597, 0.00706052, -0.0497307, -0.00299489, -0.105568, 0.0244934, -0.147137, 0.0465842, -0.105159, 0.00588943, -0.0420125, 0.0058353, -0.0935825, 0.00819836, -0.151059, 0.0170956, -0.147137, 0.0465842, -0.0934597, 0.00706052, -0.147137, 0.0465842, -0.114268, 0.0642827, -0.110999, 0.0433351, -0.105159, 0.00588943, -0.0715979, -0.0112755, -0.0934597, 0.00706052, -0.147137, 0.0465842, -0.151059, 0.0170956, -0.0935825, 0.00819836, -0.105159, 0.00588943, -0.110999, 0.0433351, -0.114268, 0.0642827, -0.147137, 0.0465842, -0.151059, 0.0170956, -0.110999, 0.0433351, -0.0497307, -0.00299489, -0.0934597, 0.00706052, -0.0935825, 0.00819836, -0.03383, 0.00291055, -0.0420125, 0.0058353, -0.105159, 0.00588943, -0.147137, 0.0465842, -0.105568, 0.0244934, -0.0981781, 0.0225006, -0.151059, 0.0170956, -0.0715979, -0.0112755, -0.0222059, -0.0182548, -0.0497307, -0.00299489, -0.0415068, 0.0120969, -0.0127367, 0.0207558, -0.03383, 0.00291055, -0.0935825, 0.00819836, -0.0934597, 0.00706052, -0.0497307, -0.00299489, -0.0415068, 0.0120969, -0.0935825, 0.00819836, -0.0731386, 0.0165041, -0.0171475, 0.011164, -0.0497307, -0.00299489, -0.105568, 0.0244934, -0.0981781, 0.0225006, -0.0415068, 0.0120969, -0.0935825, 0.00819836, -0.151059, 0.0170956, -0.147137, 0.0465842, -0.0934597, 0.00706052, -0.0935825, 0.00819836, -0.105159, 0.00588943, -0.0715979, -0.0112755, -0.0731386, 0.0165041, -0.0171475, 0.011164, -0.0415068, 0.0120969, -0.0981781, 0.0225006, -0.105568, 0.0244934, -0.0497307, -0.00299489, -0.0934597, 0.00706052, -0.147137, 0.0465842, -0.151059, 0.0170956, -0.0935825, 0.00819836, -0.0731386, 0.0165041, -0.0715979, -0.0112755, -0.105159, 0.00588943, -0.0935825, 0.00819836, -0.03383, 0.00291055, -0.0420125, 0.0058353, -0.0127367, 0.0207558, -0.0415068, 0.0120969, -0.0497307, -0.00299489, -0.0222059, -0.0182548, -0.0497307, -0.00299489, -0.0934597, 0.00706052, -0.0935825, 0.00819836, -0.03383, 0.00291055, -0.0171475, 0.011164, -0.0731386, 0.0165041, -0.0935825, 0.00819836, -0.0415068, 0.0120969, -0.0127367, 0.0207558, -0.03383, 0.00291055, -0.0171475, 0.011164, ]
best_mc_result_fixed_tau =   [0.0550278, 0.0552977, ]
evolved_state_fixed_tau =   [[-0.0170388, 0.00794933, -0.0372067, -0.00037356, -0.0404202, 0.00182198, -0.0146094, 0.0169152, -0.0372067, -0.00037356, -0.0170388, 0.00794933, -0.0452322, 0.00636584, -0.0963721, 0.00264015, -0.0749876, 0.011225, -0.0170388, 0.00794933, -0.0963721, 0.00264015, -0.108886, 0.00285129, -0.0736151, -0.0146123, -0.0749876, 0.011225, -0.0736151, -0.0146123, -0.0749876, 0.011225, -0.0736151, -0.0146123, -0.108886, 0.00285129, -0.0963721, 0.00264015, -0.152801, 0.0164073, -0.0990977, 0.0380448, -0.0170388, 0.00794933, -0.0749876, 0.011225, -0.0963721, 0.00264015, -0.0452322, 0.00636584, -0.102971, 0.0163244, -0.152801, 0.0164073, -0.0736151, -0.0146123, -0.0372067, -0.00037356, -0.0963721, 0.00264015, -0.0947959, 0.00418436, -0.0536277, -0.00500048, -0.106501, 0.0214273, -0.141665, 0.0393856, -0.108886, 0.00285129, -0.0404202, 0.00182198, -0.0963721, 0.00264015, -0.152801, 0.0164073, -0.141665, 0.0393856, -0.0947959, 0.00418436, -0.141665, 0.0393856, -0.112805, 0.0533417, -0.0990977, 0.0380448, -0.108886, 0.00285129, -0.0736151, -0.0146123, -0.0947959, 0.00418436, -0.141665, 0.0393856, -0.152801, 0.0164073, -0.0963721, 0.00264015, -0.108886, 0.00285129, -0.0990977, 0.0380448, -0.112805, 0.0533417, -0.141665, 0.0393856, -0.152801, 0.0164073, -0.0990977, 0.0380448, -0.0536277, -0.00500048, -0.0947959, 0.00418436, -0.0963721, 0.00264015, -0.0372067, -0.00037356, -0.0404202, 0.00182198, -0.108886, 0.00285129, -0.141665, 0.0393856, -0.106501, 0.0214273, -0.102971, 0.0163244, -0.152801, 0.0164073, -0.0736151, -0.0146123, -0.0259283, -0.019984, -0.0536277, -0.00500048, -0.0452322, 0.00636584, -0.0146094, 0.0169152, -0.0372067, -0.00037356, -0.0963721, 0.00264015, -0.0947959, 0.00418436, -0.0536277, -0.00500048, -0.0452322, 0.00636584, -0.0963721, 0.00264015, -0.0749876, 0.011225, -0.0170388, 0.00794933, -0.0536277, -0.00500048, -0.106501, 0.0214273, -0.102971, 0.0163244, -0.0452322, 0.00636584, -0.0963721, 0.00264015, -0.152801, 0.0164073, -0.141665, 0.0393856, -0.0947959, 0.00418436, -0.0963721, 0.00264015, -0.108886, 0.00285129, -0.0736151, -0.0146123, -0.0749876, 0.011225, -0.0170388, 0.00794933, -0.0452322, 0.00636584, -0.102971, 0.0163244, -0.106501, 0.0214273, -0.0536277, -0.00500048, -0.0947959, 0.00418436, -0.141665, 0.0393856, -0.152801, 0.0164073, -0.0963721, 0.00264015, -0.0749876, 0.011225, -0.0736151, -0.0146123, -0.108886, 0.00285129, -0.0963721, 0.00264015, -0.0372067, -0.00037356, -0.0404202, 0.00182198, -0.0146094, 0.0169152, -0.0452322, 0.00636584, -0.0536277, -0.00500048, -0.0259283, -0.019984, -0.0536277, -0.00500048, -0.0947959, 0.00418436, -0.0963721, 0.00264015, -0.0372067, -0.00037356, -0.0170388, 0.00794933, -0.0749876, 0.011225, -0.0963721, 0.00264015, -0.0452322, 0.00636584, -0.0146094, 0.0169152, -0.0372067, -0.00037356, -0.0170388, 0.00794933, ],[-0.0181902, 0.0124055, -0.0316656, 0.0050525, -0.0402683, 0.00569509, -0.0154871, 0.021588, -0.0316656, 0.0050525, -0.0181902, 0.0124055, -0.0393525, 0.0154711, -0.0893382, 0.00980483, -0.0734554, 0.0170579, -0.0181902, 0.0124055, -0.0893382, 0.00980483, -0.103922, 0.0106467, -0.0647593, -0.0087979, -0.0734554, 0.0170579, -0.0647593, -0.0087979, -0.0734554, 0.0170579, -0.0647593, -0.0087979, -0.103922, 0.0106467, -0.0893382, 0.00980483, -0.149835, 0.0201206, -0.118171, 0.053374, -0.0181902, 0.0124055, -0.0734554, 0.0170579, -0.0893382, 0.00980483, -0.0393525, 0.0154711, -0.0941715, 0.0248411, -0.149835, 0.0201206, -0.0647593, -0.0087979, -0.0316656, 0.0050525, -0.0893382, 0.00980483, -0.0920281, 0.0096918, -0.0465869, -0.00409775, -0.104803, 0.0253938, -0.149778, 0.0557375, -0.103922, 0.0106467, -0.0402683, 0.00569509, -0.0893382, 0.00980483, -0.149835, 0.0201206, -0.149778, 0.0557375, -0.0920281, 0.0096918, -0.149778, 0.0557375, -0.11669, 0.0855378, -0.118171, 0.053374, -0.103922, 0.0106467, -0.0647593, -0.0087979, -0.0920281, 0.0096918, -0.149778, 0.0557375, -0.149835, 0.0201206, -0.0893382, 0.00980483, -0.103922, 0.0106467, -0.118171, 0.053374, -0.11669, 0.0855378, -0.149778, 0.0557375, -0.149835, 0.0201206, -0.118171, 0.053374, -0.0465869, -0.00409775, -0.0920281, 0.0096918, -0.0893382, 0.00980483, -0.0316656, 0.0050525, -0.0402683, 0.00569509, -0.103922, 0.0106467, -0.149778, 0.0557375, -0.104803, 0.0253938, -0.0941715, 0.0248411, -0.149835, 0.0201206, -0.0647593, -0.0087979, -0.0162701, -0.0183703, -0.0465869, -0.00409775, -0.0393525, 0.0154711, -0.0154871, 0.021588, -0.0316656, 0.0050525, -0.0893382, 0.00980483, -0.0920281, 0.0096918, -0.0465869, -0.00409775, -0.0393525, 0.0154711, -0.0893382, 0.00980483, -0.0734554, 0.0170579, -0.0181902, 0.0124055, -0.0465869, -0.00409775, -0.104803, 0.0253938, -0.0941715, 0.0248411, -0.0393525, 0.0154711, -0.0893382, 0.00980483, -0.149835, 0.0201206, -0.149778, 0.0557375, -0.0920281, 0.0096918, -0.0893382, 0.00980483, -0.103922, 0.0106467, -0.0647593, -0.0087979, -0.0734554, 0.0170579, -0.0181902, 0.0124055, -0.0393525, 0.0154711, -0.0941715, 0.0248411, -0.104803, 0.0253938, -0.0465869, -0.00409775, -0.0920281, 0.0096918, -0.149778, 0.0557375, -0.149835, 0.0201206, -0.0893382, 0.00980483, -0.0734554, 0.0170579, -0.0647593, -0.0087979, -0.103922, 0.0106467, -0.0893382, 0.00980483, -0.0316656, 0.0050525, -0.0402683, 0.00569509, -0.0154871, 0.021588, -0.0393525, 0.0154711, -0.0465869, -0.00409775, -0.0162701, -0.0183703, -0.0465869, -0.00409775, -0.0920281, 0.0096918, -0.0893382, 0.00980483, -0.0316656, 0.0050525, -0.0181902, 0.0124055, -0.0734554, 0.0170579, -0.0893382, 0.00980483, -0.0393525, 0.0154711, -0.0154871, 0.021588, -0.0316656, 0.0050525, -0.0181902, 0.0124055, ],]
##############################################################################
clock_duration  =         7803
tau =                     1.37872
total_steps =             32
time_step =               0.0430851
best_mc_result =          0.0361046
best_mc_result_non_secondary =          0.0416721
evolved_target_dot_squared =  0.963895
distance =          0.0486926
j_protocol =  [[1, 1, 1, 1, 1, 0, 0, 0, 1, 1, 1, 1, 1, 1, 1, 1, 0, 1, 1, 1, 1, 1, 0, 0, 1, 1, 1, 1, 1, 1, 1, 1, ],[1, 1, 1, 1, 0, 0, 0, 1, 1, 1, 1, 1, 1, 1, 1, 1, 1, 1, 1, 1, 0, 0, 1, 1, 1, 1, 1, 1, 1, 1, 0, 0, ],]
k_protocol =  [[1, 1, 1, 1, 1, 1, 1, 1, 1, 1, 1, 1, 1, 1, 1, 1, 1, 1, 1, 1, 1, 1, 1, 1, 1, 1, 1, 1, 1, 1, 1, 1, ],[1, 1, 1, 1, 1, 1, 1, 1, 1, 1, 1, 1, 1, 1, 1, 1, 1, 1, 1, 1, 1, 1, 1, 1, 1, 1, 1, 1, 1, 0, 1, 1, ],]
j_protocol_secondary =  [0, 0.165646, 0.315739, 0.411316, 0.412868, 0.444701, 0.444701, 0.639014, 0.664858, 0.764582, 0.764582, 0.902323, 0.971433, 1.37363, ]
k_protocol_secondary =  [0.0177321, 0.059647, 0.059647, 0.560996, 0.560996, 0.615637, 0.615637, 0.91781, 0.91781, 1.19222, 1.19222, 1.26493, 1.26493, 1.37872, ]
best_evolved_state = [-0.00487108, 0.0129279, -0.0197597, 0.0285247, -0.0122318, 0.0336683, 0.00160568, 0.00721395, -0.0197597, 0.0285247, -0.00487108, 0.0129279, -0.0201268, 0.0374753, -0.0450042, 0.0792151, -0.0280355, 0.0565109, -0.00487108, 0.0129279, -0.0450042, 0.0792151, -0.0698094, 0.0880891, -0.0496791, 0.0629234, -0.0280355, 0.0565109, -0.0496791, 0.0629234, -0.0280355, 0.0565109, -0.0496791, 0.0629234, -0.0698094, 0.0880891, -0.0450042, 0.0792151, -0.0809263, 0.134462, -0.04393, 0.106305, -0.00487108, 0.0129279, -0.0280355, 0.0565109, -0.0450042, 0.0792151, -0.0201268, 0.0374753, -0.041688, 0.0897884, -0.0809263, 0.134462, -0.0496791, 0.0629234, -0.0197597, 0.0285247, -0.0450042, 0.0792151, -0.0523268, 0.0775962, -0.0279195, 0.0379456, -0.0423416, 0.0925832, -0.0630465, 0.140212, -0.0698094, 0.0880891, -0.0122318, 0.0336683, -0.0450042, 0.0792151, -0.0809263, 0.134462, -0.0630465, 0.140212, -0.0523268, 0.0775962, -0.0630465, 0.140212, -0.0516417, 0.136729, -0.04393, 0.106305, -0.0698094, 0.0880891, -0.0496791, 0.0629234, -0.0523268, 0.0775962, -0.0630465, 0.140212, -0.0809263, 0.134462, -0.0450042, 0.0792151, -0.0698094, 0.0880891, -0.04393, 0.106305, -0.0516417, 0.136729, -0.0630465, 0.140212, -0.0809263, 0.134462, -0.04393, 0.106305, -0.0279195, 0.0379456, -0.0523268, 0.0775962, -0.0450042, 0.0792151, -0.0197597, 0.0285247, -0.0122318, 0.0336683, -0.0698094, 0.0880891, -0.0630465, 0.140212, -0.0423416, 0.0925832, -0.041688, 0.0897884, -0.0809263, 0.134462, -0.0496791, 0.0629234, -0.021386, 0.0191612, -0.0279195, 0.0379456, -0.0201268, 0.0374753, 0.00160568, 0.00721395, -0.0197597, 0.0285247, -0.0450042, 0.0792151, -0.0523268, 0.0775962, -0.0279195, 0.0379456, -0.0201268, 0.0374753, -0.0450042, 0.0792151, -0.0280355, 0.0565109, -0.00487108, 0.0129279, -0.0279195, 0.0379456, -0.0423416, 0.0925832, -0.041688, 0.0897884, -0.0201268, 0.0374753, -0.0450042, 0.0792151, -0.0809263, 0.134462, -0.0630465, 0.140212, -0.0523268, 0.0775962, -0.0450042, 0.0792151, -0.0698094, 0.0880891, -0.0496791, 0.0629234, -0.0280355, 0.0565109, -0.00487108, 0.0129279, -0.0201268, 0.0374753, -0.041688, 0.0897884, -0.0423416, 0.0925832, -0.0279195, 0.0379456, -0.0523268, 0.0775962, -0.0630465, 0.140212, -0.0809263, 0.134462, -0.0450042, 0.0792151, -0.0280355, 0.0565109, -0.0496791, 0.0629234, -0.0698094, 0.0880891, -0.0450042, 0.0792151, -0.0197597, 0.0285247, -0.0122318, 0.0336683, 0.00160568, 0.00721395, -0.0201268, 0.0374753, -0.0279195, 0.0379456, -0.021386, 0.0191612, -0.0279195, 0.0379456, -0.0523268, 0.0775962, -0.0450042, 0.0792151, -0.0197597, 0.0285247, -0.00487108, 0.0129279, -0.0280355, 0.0565109, -0.0450042, 0.0792151, -0.0201268, 0.0374753, 0.00160568, 0.00721395, -0.0197597, 0.0285247, -0.00487108, 0.0129279, ]
best_mc_result_fixed_tau =   [0.0429546, 0.0416721, ]
evolved_state_fixed_tau =   [[0.00154707, 0.0121076, -0.00898426, 0.0256093, -0.00668677, 0.0391135, 0.0110827, 0.000289277, -0.00898426, 0.0256093, 0.00154707, 0.0121076, -0.0096095, 0.03128, -0.0236886, 0.0858308, -0.00189768, 0.0546878, 0.00154707, 0.0121076, -0.0236886, 0.0858308, -0.0442542, 0.102454, -0.043065, 0.0738194, -0.00189768, 0.0546878, -0.043065, 0.0738194, -0.00189768, 0.0546878, -0.043065, 0.0738194, -0.0442542, 0.102454, -0.0236886, 0.0858308, -0.0454778, 0.154458, -0.0210931, 0.110139, 0.00154707, 0.0121076, -0.00189768, 0.0546878, -0.0236886, 0.0858308, -0.0096095, 0.03128, -0.0201217, 0.091488, -0.0454778, 0.154458, -0.043065, 0.0738194, -0.00898426, 0.0256093, -0.0236886, 0.0858308, -0.0292971, 0.0862759, -0.017554, 0.0461579, -0.0144034, 0.0960464, -0.0322789, 0.152022, -0.0442542, 0.102454, -0.00668677, 0.0391135, -0.0236886, 0.0858308, -0.0454778, 0.154458, -0.0322789, 0.152022, -0.0292971, 0.0862759, -0.0322789, 0.152022, -0.0276475, 0.165621, -0.0210931, 0.110139, -0.0442542, 0.102454, -0.043065, 0.0738194, -0.0292971, 0.0862759, -0.0322789, 0.152022, -0.0454778, 0.154458, -0.0236886, 0.0858308, -0.0442542, 0.102454, -0.0210931, 0.110139, -0.0276475, 0.165621, -0.0322789, 0.152022, -0.0454778, 0.154458, -0.0210931, 0.110139, -0.017554, 0.0461579, -0.0292971, 0.0862759, -0.0236886, 0.0858308, -0.00898426, 0.0256093, -0.00668677, 0.0391135, -0.0442542, 0.102454, -0.0322789, 0.152022, -0.0144034, 0.0960464, -0.0201217, 0.091488, -0.0454778, 0.154458, -0.043065, 0.0738194, -0.0231584, 0.0277352, -0.017554, 0.0461579, -0.0096095, 0.03128, 0.0110827, 0.000289277, -0.00898426, 0.0256093, -0.0236886, 0.0858308, -0.0292971, 0.0862759, -0.017554, 0.0461579, -0.0096095, 0.03128, -0.0236886, 0.0858308, -0.00189768, 0.0546878, 0.00154707, 0.0121076, -0.017554, 0.0461579, -0.0144034, 0.0960464, -0.0201217, 0.091488, -0.0096095, 0.03128, -0.0236886, 0.0858308, -0.0454778, 0.154458, -0.0322789, 0.152022, -0.0292971, 0.0862759, -0.0236886, 0.0858308, -0.0442542, 0.102454, -0.043065, 0.0738194, -0.00189768, 0.0546878, 0.00154707, 0.0121076, -0.0096095, 0.03128, -0.0201217, 0.091488, -0.0144034, 0.0960464, -0.017554, 0.0461579, -0.0292971, 0.0862759, -0.0322789, 0.152022, -0.0454778, 0.154458, -0.0236886, 0.0858308, -0.00189768, 0.0546878, -0.043065, 0.0738194, -0.0442542, 0.102454, -0.0236886, 0.0858308, -0.00898426, 0.0256093, -0.00668677, 0.0391135, 0.0110827, 0.000289277, -0.0096095, 0.03128, -0.017554, 0.0461579, -0.0231584, 0.0277352, -0.017554, 0.0461579, -0.0292971, 0.0862759, -0.0236886, 0.0858308, -0.00898426, 0.0256093, 0.00154707, 0.0121076, -0.00189768, 0.0546878, -0.0236886, 0.0858308, -0.0096095, 0.03128, 0.0110827, 0.000289277, -0.00898426, 0.0256093, 0.00154707, 0.0121076, ],[-0.00151917, 0.0180901, -0.0157646, 0.0278762, -0.014566, 0.0412412, 0.00955936, 0.0149842, -0.0157646, 0.0278762, -0.00151917, 0.0180901, -0.0135283, 0.0410591, -0.0447416, 0.0834149, -0.0260537, 0.0640249, -0.00151917, 0.0180901, -0.0447416, 0.0834149, -0.0582153, 0.0851193, -0.049002, 0.0596036, -0.0260537, 0.0640249, -0.049002, 0.0596036, -0.0260537, 0.0640249, -0.049002, 0.0596036, -0.0582153, 0.0851193, -0.0447416, 0.0834149, -0.0768251, 0.128829, -0.0465631, 0.112402, -0.00151917, 0.0180901, -0.0260537, 0.0640249, -0.0447416, 0.0834149, -0.0135283, 0.0410591, -0.0360011, 0.0949853, -0.0768251, 0.128829, -0.049002, 0.0596036, -0.0157646, 0.0278762, -0.0447416, 0.0834149, -0.0481276, 0.0764686, -0.0232209, 0.0379755, -0.0407396, 0.0957184, -0.0611359, 0.148233, -0.0582153, 0.0851193, -0.014566, 0.0412412, -0.0447416, 0.0834149, -0.0768251, 0.128829, -0.0611359, 0.148233, -0.0481276, 0.0764686, -0.0611359, 0.148233, -0.024171, 0.137835, -0.0465631, 0.112402, -0.0582153, 0.0851193, -0.049002, 0.0596036, -0.0481276, 0.0764686, -0.0611359, 0.148233, -0.0768251, 0.128829, -0.0447416, 0.0834149, -0.0582153, 0.0851193, -0.0465631, 0.112402, -0.024171, 0.137835, -0.0611359, 0.148233, -0.0768251, 0.128829, -0.0465631, 0.112402, -0.0232209, 0.0379755, -0.0481276, 0.0764686, -0.0447416, 0.0834149, -0.0157646, 0.0278762, -0.014566, 0.0412412, -0.0582153, 0.0851193, -0.0611359, 0.148233, -0.0407396, 0.0957184, -0.0360011, 0.0949853, -0.0768251, 0.128829, -0.049002, 0.0596036, -0.0199086, 0.014868, -0.0232209, 0.0379755, -0.0135283, 0.0410591, 0.00955936, 0.0149842, -0.0157646, 0.0278762, -0.0447416, 0.0834149, -0.0481276, 0.0764686, -0.0232209, 0.0379755, -0.0135283, 0.0410591, -0.0447416, 0.0834149, -0.0260537, 0.0640249, -0.00151917, 0.0180901, -0.0232209, 0.0379755, -0.0407396, 0.0957184, -0.0360011, 0.0949853, -0.0135283, 0.0410591, -0.0447416, 0.0834149, -0.0768251, 0.128829, -0.0611359, 0.148233, -0.0481276, 0.0764686, -0.0447416, 0.0834149, -0.0582153, 0.0851193, -0.049002, 0.0596036, -0.0260537, 0.0640249, -0.00151917, 0.0180901, -0.0135283, 0.0410591, -0.0360011, 0.0949853, -0.0407396, 0.0957184, -0.0232209, 0.0379755, -0.0481276, 0.0764686, -0.0611359, 0.148233, -0.0768251, 0.128829, -0.0447416, 0.0834149, -0.0260537, 0.0640249, -0.049002, 0.0596036, -0.0582153, 0.0851193, -0.0447416, 0.0834149, -0.0157646, 0.0278762, -0.014566, 0.0412412, 0.00955936, 0.0149842, -0.0135283, 0.0410591, -0.0232209, 0.0379755, -0.0199086, 0.014868, -0.0232209, 0.0379755, -0.0481276, 0.0764686, -0.0447416, 0.0834149, -0.0157646, 0.0278762, -0.00151917, 0.0180901, -0.0260537, 0.0640249, -0.0447416, 0.0834149, -0.0135283, 0.0410591, 0.00955936, 0.0149842, -0.0157646, 0.0278762, -0.00151917, 0.0180901, ],]
##############################################################################
clock_duration  =         9148.52
tau =                     1.5166
total_steps =             32
time_step =               0.0473936
best_mc_result =          0.0295192
best_mc_result_non_secondary =          0.0361715
evolved_target_dot_squared =  0.970481
distance =          0.0398113
j_protocol =  [[1, 1, 1, 1, 0, 0, 0, 0, 1, 1, 1, 1, 1, 1, 0, 0, 1, 1, 1, 1, 1, 1, 0, 0, 1, 1, 1, 1, 1, 1, 1, 1, ],[1, 1, 1, 0, 0, 0, 0, 1, 1, 1, 1, 1, 1, 1, 1, 1, 0, 1, 1, 1, 0, 0, 0, 1, 1, 1, 1, 1, 1, 1, 1, 1, ],]
k_protocol =  [[1, 1, 1, 1, 1, 1, 1, 1, 1, 1, 0, 1, 1, 1, 1, 1, 1, 1, 1, 1, 1, 1, 1, 1, 1, 1, 1, 1, 1, 1, 1, 1, ],[0, 1, 1, 1, 1, 1, 1, 1, 1, 1, 1, 1, 1, 1, 1, 1, 1, 1, 0, 0, 1, 1, 1, 1, 1, 1, 1, 1, 1, 1, 1, 1, ],]
j_protocol_secondary =  [0, 0.114324, 0.144886, 0.185619, 0.356558, 0.663862, 0.727571, 0.857358, 0.857358, 1.03182, 1.09957, 1.20358, 1.20358, 1.51537, ]
k_protocol_secondary =  [0.0108843, 0.171472, 0.171472, 0.360987, 0.360987, 0.360987, 0.360987, 0.509952, 0.509952, 1.13266, 1.13266, 1.50897, 1.50897, 1.5166, ]
best_evolved_state = [0.00858914, 0.0149417, 0.0172807, 0.0274023, 0.0146672, 0.0241562, 0.00414267, 0.0126047, 0.0172807, 0.0274023, 0.00858914, 0.0149417, 0.024036, 0.0346623, 0.0476382, 0.0721506, 0.0320125, 0.0504436, 0.00858914, 0.0149417, 0.0476382, 0.0721506, 0.0507766, 0.108622, 0.0367172, 0.0641097, 0.0320125, 0.0504436, 0.0367172, 0.0641097, 0.0320125, 0.0504436, 0.0367172, 0.0641097, 0.0507766, 0.108622, 0.0476382, 0.0721506, 0.085643, 0.133953, 0.0657216, 0.0943405, 0.00858914, 0.0149417, 0.0320125, 0.0504436, 0.0476382, 0.0721506, 0.024036, 0.0346623, 0.0595861, 0.0767943, 0.085643, 0.133953, 0.0367172, 0.0641097, 0.0172807, 0.0274023, 0.0476382, 0.0721506, 0.0451412, 0.0801251, 0.0206494, 0.0384258, 0.0587125, 0.0772079, 0.0904567, 0.12824, 0.0507766, 0.108622, 0.0146672, 0.0241562, 0.0476382, 0.0721506, 0.085643, 0.133953, 0.0904567, 0.12824, 0.0451412, 0.0801251, 0.0904567, 0.12824, 0.0985167, 0.12956, 0.0657216, 0.0943405, 0.0507766, 0.108622, 0.0367172, 0.0641097, 0.0451412, 0.0801251, 0.0904567, 0.12824, 0.085643, 0.133953, 0.0476382, 0.0721506, 0.0507766, 0.108622, 0.0657216, 0.0943405, 0.0985167, 0.12956, 0.0904567, 0.12824, 0.085643, 0.133953, 0.0657216, 0.0943405, 0.0206494, 0.0384258, 0.0451412, 0.0801251, 0.0476382, 0.0721506, 0.0172807, 0.0274023, 0.0146672, 0.0241562, 0.0507766, 0.108622, 0.0904567, 0.12824, 0.0587125, 0.0772079, 0.0595861, 0.0767943, 0.085643, 0.133953, 0.0367172, 0.0641097, 0.0105694, 0.0175429, 0.0206494, 0.0384258, 0.024036, 0.0346623, 0.00414267, 0.0126047, 0.0172807, 0.0274023, 0.0476382, 0.0721506, 0.0451412, 0.0801251, 0.0206494, 0.0384258, 0.024036, 0.0346623, 0.0476382, 0.0721506, 0.0320125, 0.0504436, 0.00858914, 0.0149417, 0.0206494, 0.0384258, 0.0587125, 0.0772079, 0.0595861, 0.0767943, 0.024036, 0.0346623, 0.0476382, 0.0721506, 0.085643, 0.133953, 0.0904567, 0.12824, 0.0451412, 0.0801251, 0.0476382, 0.0721506, 0.0507766, 0.108622, 0.0367172, 0.0641097, 0.0320125, 0.0504436, 0.00858914, 0.0149417, 0.024036, 0.0346623, 0.0595861, 0.0767943, 0.0587125, 0.0772079, 0.0206494, 0.0384258, 0.0451412, 0.0801251, 0.0904567, 0.12824, 0.085643, 0.133953, 0.0476382, 0.0721506, 0.0320125, 0.0504436, 0.0367172, 0.0641097, 0.0507766, 0.108622, 0.0476382, 0.0721506, 0.0172807, 0.0274023, 0.0146672, 0.0241562, 0.00414267, 0.0126047, 0.024036, 0.0346623, 0.0206494, 0.0384258, 0.0105694, 0.0175429, 0.0206494, 0.0384258, 0.0451412, 0.0801251, 0.0476382, 0.0721506, 0.0172807, 0.0274023, 0.00858914, 0.0149417, 0.0320125, 0.0504436, 0.0476382, 0.0721506, 0.024036, 0.0346623, 0.00414267, 0.0126047, 0.0172807, 0.0274023, 0.00858914, 0.0149417, ]
best_mc_result_fixed_tau =   [0.0361715, 0.0367262, ]
evolved_state_fixed_tau =   [[0.00622416, 0.011614, 0.0119083, 0.0247595, 0.0150236, 0.0251929, 0.000592405, 0.00307112, 0.0119083, 0.0247595, 0.00622416, 0.011614, 0.0147936, 0.0306956, 0.0386218, 0.0724759, 0.0275815, 0.0414465, 0.00622416, 0.011614, 0.0386218, 0.0724759, 0.0385825, 0.110294, 0.0264369, 0.0738167, 0.0275815, 0.0414465, 0.0264369, 0.0738167, 0.0275815, 0.0414465, 0.0264369, 0.0738167, 0.0385825, 0.110294, 0.0386218, 0.0724759, 0.0753518, 0.14431, 0.0670475, 0.102261, 0.00622416, 0.011614, 0.0275815, 0.0414465, 0.0386218, 0.0724759, 0.0147936, 0.0306956, 0.0457231, 0.0785605, 0.0753518, 0.14431, 0.0264369, 0.0738167, 0.0119083, 0.0247595, 0.0386218, 0.0724759, 0.0382186, 0.0822069, 0.0161922, 0.0419213, 0.0519335, 0.0790162, 0.0825983, 0.13511, 0.0385825, 0.110294, 0.0150236, 0.0251929, 0.0386218, 0.0724759, 0.0753518, 0.14431, 0.0825983, 0.13511, 0.0382186, 0.0822069, 0.0825983, 0.13511, 0.10297, 0.154764, 0.0670475, 0.102261, 0.0385825, 0.110294, 0.0264369, 0.0738167, 0.0382186, 0.0822069, 0.0825983, 0.13511, 0.0753518, 0.14431, 0.0386218, 0.0724759, 0.0385825, 0.110294, 0.0670475, 0.102261, 0.10297, 0.154764, 0.0825983, 0.13511, 0.0753518, 0.14431, 0.0670475, 0.102261, 0.0161922, 0.0419213, 0.0382186, 0.0822069, 0.0386218, 0.0724759, 0.0119083, 0.0247595, 0.0150236, 0.0251929, 0.0385825, 0.110294, 0.0825983, 0.13511, 0.0519335, 0.0790162, 0.0457231, 0.0785605, 0.0753518, 0.14431, 0.0264369, 0.0738167, 0.00617411, 0.0254831, 0.0161922, 0.0419213, 0.0147936, 0.0306956, 0.000592405, 0.00307112, 0.0119083, 0.0247595, 0.0386218, 0.0724759, 0.0382186, 0.0822069, 0.0161922, 0.0419213, 0.0147936, 0.0306956, 0.0386218, 0.0724759, 0.0275815, 0.0414465, 0.00622416, 0.011614, 0.0161922, 0.0419213, 0.0519335, 0.0790162, 0.0457231, 0.0785605, 0.0147936, 0.0306956, 0.0386218, 0.0724759, 0.0753518, 0.14431, 0.0825983, 0.13511, 0.0382186, 0.0822069, 0.0386218, 0.0724759, 0.0385825, 0.110294, 0.0264369, 0.0738167, 0.0275815, 0.0414465, 0.00622416, 0.011614, 0.0147936, 0.0306956, 0.0457231, 0.0785605, 0.0519335, 0.0790162, 0.0161922, 0.0419213, 0.0382186, 0.0822069, 0.0825983, 0.13511, 0.0753518, 0.14431, 0.0386218, 0.0724759, 0.0275815, 0.0414465, 0.0264369, 0.0738167, 0.0385825, 0.110294, 0.0386218, 0.0724759, 0.0119083, 0.0247595, 0.0150236, 0.0251929, 0.000592405, 0.00307112, 0.0147936, 0.0306956, 0.0161922, 0.0419213, 0.00617411, 0.0254831, 0.0161922, 0.0419213, 0.0382186, 0.0822069, 0.0386218, 0.0724759, 0.0119083, 0.0247595, 0.00622416, 0.011614, 0.0275815, 0.0414465, 0.0386218, 0.0724759, 0.0147936, 0.0306956, 0.000592405, 0.00307112, 0.0119083, 0.0247595, 0.00622416, 0.011614, ],[-0.00814999, 0.0141053, -0.0188297, 0.0318896, -0.00743265, 0.0315799, -0.00440357, 0.00730672, -0.0188297, 0.0318896, -0.00814999, 0.0141053, -0.0163565, 0.0432554, -0.0347676, 0.0830219, -0.027304, 0.0594154, -0.00814999, 0.0141053, -0.0347676, 0.0830219, -0.0630691, 0.0927513, -0.0388083, 0.0670906, -0.027304, 0.0594154, -0.0388083, 0.0670906, -0.027304, 0.0594154, -0.0388083, 0.0670906, -0.0630691, 0.0927513, -0.0347676, 0.0830219, -0.0693389, 0.137643, -0.0470574, 0.114702, -0.00814999, 0.0141053, -0.027304, 0.0594154, -0.0347676, 0.0830219, -0.0163565, 0.0432554, -0.0296325, 0.0937894, -0.0693389, 0.137643, -0.0388083, 0.0670906, -0.0188297, 0.0318896, -0.0347676, 0.0830219, -0.0490717, 0.0804173, -0.0230047, 0.0339488, -0.0376736, 0.0952054, -0.0506565, 0.149097, -0.0630691, 0.0927513, -0.00743265, 0.0315799, -0.0347676, 0.0830219, -0.0693389, 0.137643, -0.0506565, 0.149097, -0.0490717, 0.0804173, -0.0506565, 0.149097, -0.0352089, 0.131371, -0.0470574, 0.114702, -0.0630691, 0.0927513, -0.0388083, 0.0670906, -0.0490717, 0.0804173, -0.0506565, 0.149097, -0.0693389, 0.137643, -0.0347676, 0.0830219, -0.0630691, 0.0927513, -0.0470574, 0.114702, -0.0352089, 0.131371, -0.0506565, 0.149097, -0.0693389, 0.137643, -0.0470574, 0.114702, -0.0230047, 0.0339488, -0.0490717, 0.0804173, -0.0347676, 0.0830219, -0.0188297, 0.0318896, -0.00743265, 0.0315799, -0.0630691, 0.0927513, -0.0506565, 0.149097, -0.0376736, 0.0952054, -0.0296325, 0.0937894, -0.0693389, 0.137643, -0.0388083, 0.0670906, -0.0104581, 0.0171332, -0.0230047, 0.0339488, -0.0163565, 0.0432554, -0.00440357, 0.00730672, -0.0188297, 0.0318896, -0.0347676, 0.0830219, -0.0490717, 0.0804173, -0.0230047, 0.0339488, -0.0163565, 0.0432554, -0.0347676, 0.0830219, -0.027304, 0.0594154, -0.00814999, 0.0141053, -0.0230047, 0.0339488, -0.0376736, 0.0952054, -0.0296325, 0.0937894, -0.0163565, 0.0432554, -0.0347676, 0.0830219, -0.0693389, 0.137643, -0.0506565, 0.149097, -0.0490717, 0.0804173, -0.0347676, 0.0830219, -0.0630691, 0.0927513, -0.0388083, 0.0670906, -0.027304, 0.0594154, -0.00814999, 0.0141053, -0.0163565, 0.0432554, -0.0296325, 0.0937894, -0.0376736, 0.0952054, -0.0230047, 0.0339488, -0.0490717, 0.0804173, -0.0506565, 0.149097, -0.0693389, 0.137643, -0.0347676, 0.0830219, -0.027304, 0.0594154, -0.0388083, 0.0670906, -0.0630691, 0.0927513, -0.0347676, 0.0830219, -0.0188297, 0.0318896, -0.00743265, 0.0315799, -0.00440357, 0.00730672, -0.0163565, 0.0432554, -0.0230047, 0.0339488, -0.0104581, 0.0171332, -0.0230047, 0.0339488, -0.0490717, 0.0804173, -0.0347676, 0.0830219, -0.0188297, 0.0318896, -0.00814999, 0.0141053, -0.027304, 0.0594154, -0.0347676, 0.0830219, -0.0163565, 0.0432554, -0.00440357, 0.00730672, -0.0188297, 0.0318896, -0.00814999, 0.0141053, ],]
##############################################################################
clock_duration  =         10712.5
tau =                     1.66825
total_steps =             32
time_step =               0.052133
best_mc_result =          0.020041
best_mc_result_non_secondary =          0.0334583
evolved_target_dot_squared =  0.979959
distance =          0.0270284
j_protocol =  [[1, 1, 0, 0, 1, 0, 0, 1, 1, 1, 1, 0, 0, 1, 1, 0, 1, 0, 1, 1, 1, 1, 1, 0, 1, 1, 1, 1, 1, 1, 0, 0, ],[1, 0, 1, 0, 1, 1, 0, 0, 1, 1, 0, 0, 1, 1, 1, 1, 1, 0, 1, 0, 1, 1, 1, 1, 1, 1, 1, 1, 1, 1, 1, 1, ],]
k_protocol =  [[0, 1, 1, 1, 1, 1, 1, 1, 1, 1, 0, 1, 1, 1, 0, 1, 1, 1, 1, 1, 1, 1, 1, 1, 1, 1, 1, 1, 0, 0, 1, 1, ],[1, 1, 1, 1, 1, 1, 1, 1, 1, 1, 1, 1, 1, 0, 1, 1, 1, 1, 1, 1, 1, 1, 1, 1, 1, 1, 1, 1, 0, 1, 1, 1, ],]
j_protocol_secondary =  [0, 0.085889, 0.0877601, 0.138394, 0.258031, 0.303104, 0.379792, 0.583821, 0.646818, 0.881796, 0.93819, 1.00395, 1.02523, 1.66321, ]
k_protocol_secondary =  [0, 0, 0.0150029, 0.61019, 0.61019, 0.677729, 0.677729, 0.726398, 0.726398, 0.960251, 0.960251, 1.45784, 1.57294, 1.66825, ]
best_evolved_state = [-0.00342926, 0.020855, 0.000145739, 0.0339668, -0.00655372, 0.0381586, -0.0122229, 0.0243672, 0.000145739, 0.0339668, -0.00342926, 0.020855, -0.00351805, 0.0508449, 0.00480391, 0.0860109, -0.00411671, 0.0590136, -0.00342926, 0.020855, 0.00480391, 0.0860109, -0.00120628, 0.124118, 0.0103016, 0.0820368, -0.00411671, 0.0590136, 0.0103016, 0.0820368, -0.00411671, 0.0590136, 0.0103016, 0.0820368, -0.00120628, 0.124118, 0.00480391, 0.0860109, 0.0259324, 0.144874, 0.00532113, 0.119154, -0.00342926, 0.020855, -0.00411671, 0.0590136, 0.00480391, 0.0860109, -0.00351805, 0.0508449, 0.0134647, 0.100757, 0.0259324, 0.144874, 0.0103016, 0.0820368, 0.000145739, 0.0339668, 0.00480391, 0.0860109, 0.00596786, 0.0962149, -0.00112071, 0.0562031, 0.0115, 0.0940201, 0.0112856, 0.14749, -0.00120628, 0.124118, -0.00655372, 0.0381586, 0.00480391, 0.0860109, 0.0259324, 0.144874, 0.0112856, 0.14749, 0.00596786, 0.0962149, 0.0112856, 0.14749, -0.00553461, 0.156375, 0.00532113, 0.119154, -0.00120628, 0.124118, 0.0103016, 0.0820368, 0.00596786, 0.0962149, 0.0112856, 0.14749, 0.0259324, 0.144874, 0.00480391, 0.0860109, -0.00120628, 0.124118, 0.00532113, 0.119154, -0.00553461, 0.156375, 0.0112856, 0.14749, 0.0259324, 0.144874, 0.00532113, 0.119154, -0.00112071, 0.0562031, 0.00596786, 0.0962149, 0.00480391, 0.0860109, 0.000145739, 0.0339668, -0.00655372, 0.0381586, -0.00120628, 0.124118, 0.0112856, 0.14749, 0.0115, 0.0940201, 0.0134647, 0.100757, 0.0259324, 0.144874, 0.0103016, 0.0820368, 0.000571082, 0.0293302, -0.00112071, 0.0562031, -0.00351805, 0.0508449, -0.0122229, 0.0243672, 0.000145739, 0.0339668, 0.00480391, 0.0860109, 0.00596786, 0.0962149, -0.00112071, 0.0562031, -0.00351805, 0.0508449, 0.00480391, 0.0860109, -0.00411671, 0.0590136, -0.00342926, 0.020855, -0.00112071, 0.0562031, 0.0115, 0.0940201, 0.0134647, 0.100757, -0.00351805, 0.0508449, 0.00480391, 0.0860109, 0.0259324, 0.144874, 0.0112856, 0.14749, 0.00596786, 0.0962149, 0.00480391, 0.0860109, -0.00120628, 0.124118, 0.0103016, 0.0820368, -0.00411671, 0.0590136, -0.00342926, 0.020855, -0.00351805, 0.0508449, 0.0134647, 0.100757, 0.0115, 0.0940201, -0.00112071, 0.0562031, 0.00596786, 0.0962149, 0.0112856, 0.14749, 0.0259324, 0.144874, 0.00480391, 0.0860109, -0.00411671, 0.0590136, 0.0103016, 0.0820368, -0.00120628, 0.124118, 0.00480391, 0.0860109, 0.000145739, 0.0339668, -0.00655372, 0.0381586, -0.0122229, 0.0243672, -0.00351805, 0.0508449, -0.00112071, 0.0562031, 0.000571082, 0.0293302, -0.00112071, 0.0562031, 0.00596786, 0.0962149, 0.00480391, 0.0860109, 0.000145739, 0.0339668, -0.00342926, 0.020855, -0.00411671, 0.0590136, 0.00480391, 0.0860109, -0.00351805, 0.0508449, -0.0122229, 0.0243672, 0.000145739, 0.0339668, -0.00342926, 0.020855, ]
best_mc_result_fixed_tau =   [0.0368569, 0.0334583, ]
evolved_state_fixed_tau =   [[8.10293e-05, 0.0171687, -0.00106529, 0.0318469, 0.00115014, 0.0334591, 0.000758656, 0.0126063, -0.00106529, 0.0318469, 8.10293e-05, 0.0171687, -0.000213127, 0.0405507, -0.00472416, 0.0850125, -0.000535838, 0.0566725, 8.10293e-05, 0.0171687, -0.00472416, 0.0850125, -0.0106868, 0.112149, -0.0087667, 0.0759371, -0.000535838, 0.0566725, -0.0087667, 0.0759371, -0.000535838, 0.0566725, -0.0087667, 0.0759371, -0.0106868, 0.112149, -0.00472416, 0.0850125, 0.00412243, 0.157862, 0.0404922, 0.122635, 8.10293e-05, 0.0171687, -0.000535838, 0.0566725, -0.00472416, 0.0850125, -0.000213127, 0.0405507, 0.00249368, 0.0974625, 0.00412243, 0.157862, -0.0087667, 0.0759371, -0.00106529, 0.0318469, -0.00472416, 0.0850125, -0.000283455, 0.0925587, -0.00702397, 0.0484688, 0.0103254, 0.100075, 0.0234543, 0.152356, -0.0106868, 0.112149, 0.00115014, 0.0334591, -0.00472416, 0.0850125, 0.00412243, 0.157862, 0.0234543, 0.152356, -0.000283455, 0.0925587, 0.0234543, 0.152356, 0.0521755, 0.161263, 0.0404922, 0.122635, -0.0106868, 0.112149, -0.0087667, 0.0759371, -0.000283455, 0.0925587, 0.0234543, 0.152356, 0.00412243, 0.157862, -0.00472416, 0.0850125, -0.0106868, 0.112149, 0.0404922, 0.122635, 0.0521755, 0.161263, 0.0234543, 0.152356, 0.00412243, 0.157862, 0.0404922, 0.122635, -0.00702397, 0.0484688, -0.000283455, 0.0925587, -0.00472416, 0.0850125, -0.00106529, 0.0318469, 0.00115014, 0.0334591, -0.0106868, 0.112149, 0.0234543, 0.152356, 0.0103254, 0.100075, 0.00249368, 0.0974625, 0.00412243, 0.157862, -0.0087667, 0.0759371, -0.0101422, 0.0230771, -0.00702397, 0.0484688, -0.000213127, 0.0405507, 0.000758656, 0.0126063, -0.00106529, 0.0318469, -0.00472416, 0.0850125, -0.000283455, 0.0925587, -0.00702397, 0.0484688, -0.000213127, 0.0405507, -0.00472416, 0.0850125, -0.000535838, 0.0566725, 8.10293e-05, 0.0171687, -0.00702397, 0.0484688, 0.0103254, 0.100075, 0.00249368, 0.0974625, -0.000213127, 0.0405507, -0.00472416, 0.0850125, 0.00412243, 0.157862, 0.0234543, 0.152356, -0.000283455, 0.0925587, -0.00472416, 0.0850125, -0.0106868, 0.112149, -0.0087667, 0.0759371, -0.000535838, 0.0566725, 8.10293e-05, 0.0171687, -0.000213127, 0.0405507, 0.00249368, 0.0974625, 0.0103254, 0.100075, -0.00702397, 0.0484688, -0.000283455, 0.0925587, 0.0234543, 0.152356, 0.00412243, 0.157862, -0.00472416, 0.0850125, -0.000535838, 0.0566725, -0.0087667, 0.0759371, -0.0106868, 0.112149, -0.00472416, 0.0850125, -0.00106529, 0.0318469, 0.00115014, 0.0334591, 0.000758656, 0.0126063, -0.000213127, 0.0405507, -0.00702397, 0.0484688, -0.0101422, 0.0230771, -0.00702397, 0.0484688, -0.000283455, 0.0925587, -0.00472416, 0.0850125, -0.00106529, 0.0318469, 8.10293e-05, 0.0171687, -0.000535838, 0.0566725, -0.00472416, 0.0850125, -0.000213127, 0.0405507, 0.000758656, 0.0126063, -0.00106529, 0.0318469, 8.10293e-05, 0.0171687, ],[0.00320349, 0.0140428, 0.023915, 0.0311208, 0.0168033, 0.0181969, -0.00177031, 0.021489, 0.023915, 0.0311208, 0.00320349, 0.0140428, 0.0282419, 0.0412571, 0.0497738, 0.0673834, 0.0310009, 0.0546274, 0.00320349, 0.0140428, 0.0497738, 0.0673834, 0.0627394, 0.110998, 0.0526728, 0.0556266, 0.0310009, 0.0546274, 0.0526728, 0.0556266, 0.0310009, 0.0546274, 0.0526728, 0.0556266, 0.0627394, 0.110998, 0.0497738, 0.0673834, 0.103886, 0.118516, 0.0829696, 0.068011, 0.00320349, 0.0140428, 0.0310009, 0.0546274, 0.0497738, 0.0673834, 0.0282419, 0.0412571, 0.066324, 0.0768966, 0.103886, 0.118516, 0.0526728, 0.0556266, 0.023915, 0.0311208, 0.0497738, 0.0673834, 0.0607423, 0.0755047, 0.02905, 0.0445528, 0.0686492, 0.072103, 0.0959588, 0.106652, 0.0627394, 0.110998, 0.0168033, 0.0181969, 0.0497738, 0.0673834, 0.103886, 0.118516, 0.0959588, 0.106652, 0.0607423, 0.0755047, 0.0959588, 0.106652, 0.101615, 0.123186, 0.0829696, 0.068011, 0.0627394, 0.110998, 0.0526728, 0.0556266, 0.0607423, 0.0755047, 0.0959588, 0.106652, 0.103886, 0.118516, 0.0497738, 0.0673834, 0.0627394, 0.110998, 0.0829696, 0.068011, 0.101615, 0.123186, 0.0959588, 0.106652, 0.103886, 0.118516, 0.0829696, 0.068011, 0.02905, 0.0445528, 0.0607423, 0.0755047, 0.0497738, 0.0673834, 0.023915, 0.0311208, 0.0168033, 0.0181969, 0.0627394, 0.110998, 0.0959588, 0.106652, 0.0686492, 0.072103, 0.066324, 0.0768966, 0.103886, 0.118516, 0.0526728, 0.0556266, 0.0195598, 0.0226822, 0.02905, 0.0445528, 0.0282419, 0.0412571, -0.00177031, 0.021489, 0.023915, 0.0311208, 0.0497738, 0.0673834, 0.0607423, 0.0755047, 0.02905, 0.0445528, 0.0282419, 0.0412571, 0.0497738, 0.0673834, 0.0310009, 0.0546274, 0.00320349, 0.0140428, 0.02905, 0.0445528, 0.0686492, 0.072103, 0.066324, 0.0768966, 0.0282419, 0.0412571, 0.0497738, 0.0673834, 0.103886, 0.118516, 0.0959588, 0.106652, 0.0607423, 0.0755047, 0.0497738, 0.0673834, 0.0627394, 0.110998, 0.0526728, 0.0556266, 0.0310009, 0.0546274, 0.00320349, 0.0140428, 0.0282419, 0.0412571, 0.066324, 0.0768966, 0.0686492, 0.072103, 0.02905, 0.0445528, 0.0607423, 0.0755047, 0.0959588, 0.106652, 0.103886, 0.118516, 0.0497738, 0.0673834, 0.0310009, 0.0546274, 0.0526728, 0.0556266, 0.0627394, 0.110998, 0.0497738, 0.0673834, 0.023915, 0.0311208, 0.0168033, 0.0181969, -0.00177031, 0.021489, 0.0282419, 0.0412571, 0.02905, 0.0445528, 0.0195598, 0.0226822, 0.02905, 0.0445528, 0.0607423, 0.0755047, 0.0497738, 0.0673834, 0.023915, 0.0311208, 0.00320349, 0.0140428, 0.0310009, 0.0546274, 0.0497738, 0.0673834, 0.0282419, 0.0412571, -0.00177031, 0.021489, 0.023915, 0.0311208, 0.00320349, 0.0140428, ],]
##############################################################################
clock_duration  =         32995.2
tau =                     1.6683
total_steps =             32
time_step =               0.0573463
best_mc_result =          0.0192544
best_mc_result_non_secondary =          0
evolved_target_dot_squared =  0.980746
distance =          0.0259676
j_protocol =  [[0, 0, 0, 0, 0, 0, 0, 0, 0, 0, 0, 0, 0, 0, 0, 0, 0, 0, 0, 0, 0, 0, 0, 0, 0, 0, 0, 0, 0, 0, 0, 0, ],[0, 0, 0, 0, 0, 0, 0, 0, 0, 0, 0, 0, 0, 0, 0, 0, 0, 0, 0, 0, 0, 0, 0, 0, 0, 0, 0, 0, 0, 0, 0, 0, ],]
k_protocol =  [[0, 0, 0, 0, 0, 0, 0, 0, 0, 0, 0, 0, 0, 0, 0, 0, 0, 0, 0, 0, 0, 0, 0, 0, 0, 0, 0, 0, 0, 0, 0, 0, ],[0, 0, 0, 0, 0, 0, 0, 0, 0, 0, 0, 0, 0, 0, 0, 0, 0, 0, 0, 0, 0, 0, 0, 0, 0, 0, 0, 0, 0, 0, 0, 0, ],]
j_protocol_secondary =  [0, 0.141845, 0.276299, 0.310042, 0.382682, 0.469154, 0.469154, 0.514936, 0.532886, 0.726028, 0.811294, 1.06624, 1.10974, 1.66366, ]
k_protocol_secondary =  [0.0179426, 0.529256, 0.529256, 0.997985, 0.997985, 1.06185, 1.06185, 1.35995, 1.35995, 1.4626, 1.55201, 1.55201, 1.56464, 1.6683, ]
best_evolved_state = [0.0045359, 0.0217092, 0.00473592, 0.0316604, 0.0011888, 0.040536, -0.00335121, 0.0249824, 0.00473592, 0.0316604, 0.0045359, 0.0217092, 0.00585377, 0.0484974, 0.0219968, 0.0833731, 0.00645761, 0.0570404, 0.0045359, 0.0217092, 0.0219968, 0.0833731, 0.0212115, 0.120444, 0.0245103, 0.0785974, 0.00645761, 0.0570404, 0.0245103, 0.0785974, 0.00645761, 0.0570404, 0.0245103, 0.0785974, 0.0212115, 0.120444, 0.0219968, 0.0833731, 0.05136, 0.139137, 0.0305267, 0.11853, 0.0045359, 0.0217092, 0.00645761, 0.0570404, 0.0219968, 0.0833731, 0.00585377, 0.0484974, 0.0325346, 0.0953177, 0.05136, 0.139137, 0.0245103, 0.0785974, 0.00473592, 0.0316604, 0.0219968, 0.0833731, 0.0228652, 0.0928334, 0.00940265, 0.0532854, 0.029112, 0.0899648, 0.0411201, 0.144606, 0.0212115, 0.120444, 0.0011888, 0.040536, 0.0219968, 0.0833731, 0.05136, 0.139137, 0.0411201, 0.144606, 0.0228652, 0.0928334, 0.0411201, 0.144606, 0.025688, 0.155099, 0.0305267, 0.11853, 0.0212115, 0.120444, 0.0245103, 0.0785974, 0.0228652, 0.0928334, 0.0411201, 0.144606, 0.05136, 0.139137, 0.0219968, 0.0833731, 0.0212115, 0.120444, 0.0305267, 0.11853, 0.025688, 0.155099, 0.0411201, 0.144606, 0.05136, 0.139137, 0.0305267, 0.11853, 0.00940265, 0.0532854, 0.0228652, 0.0928334, 0.0219968, 0.0833731, 0.00473592, 0.0316604, 0.0011888, 0.040536, 0.0212115, 0.120444, 0.0411201, 0.144606, 0.029112, 0.0899648, 0.0325346, 0.0953177, 0.05136, 0.139137, 0.0245103, 0.0785974, 0.00389151, 0.0263741, 0.00940265, 0.0532854, 0.00585377, 0.0484974, -0.00335121, 0.0249824, 0.00473592, 0.0316604, 0.0219968, 0.0833731, 0.0228652, 0.0928334, 0.00940265, 0.0532854, 0.00585377, 0.0484974, 0.0219968, 0.0833731, 0.00645761, 0.0570404, 0.0045359, 0.0217092, 0.00940265, 0.0532854, 0.029112, 0.0899648, 0.0325346, 0.0953177, 0.00585377, 0.0484974, 0.0219968, 0.0833731, 0.05136, 0.139137, 0.0411201, 0.144606, 0.0228652, 0.0928334, 0.0219968, 0.0833731, 0.0212115, 0.120444, 0.0245103, 0.0785974, 0.00645761, 0.0570404, 0.0045359, 0.0217092, 0.00585377, 0.0484974, 0.0325346, 0.0953177, 0.029112, 0.0899648, 0.00940265, 0.0532854, 0.0228652, 0.0928334, 0.0411201, 0.144606, 0.05136, 0.139137, 0.0219968, 0.0833731, 0.00645761, 0.0570404, 0.0245103, 0.0785974, 0.0212115, 0.120444, 0.0219968, 0.0833731, 0.00473592, 0.0316604, 0.0011888, 0.040536, -0.00335121, 0.0249824, 0.00585377, 0.0484974, 0.00940265, 0.0532854, 0.00389151, 0.0263741, 0.00940265, 0.0532854, 0.0228652, 0.0928334, 0.0219968, 0.0833731, 0.00473592, 0.0316604, 0.0045359, 0.0217092, 0.00645761, 0.0570404, 0.0219968, 0.0833731, 0.00585377, 0.0484974, -0.00335121, 0.0249824, 0.00473592, 0.0316604, 0.0045359, 0.0217092, ]
best_mc_result_fixed_tau =   [0.0265114, 0.0240479, ]
evolved_state_fixed_tau =   [[0.0237543, 0.0113901, 0.0298295, 0.00578207, 0.0366165, 0.0162387, 0.028146, 0.0208018, 0.0298295, 0.00578207, 0.0237543, 0.0113901, 0.0531798, 0.0157428, 0.0890457, 0.0114117, 0.0573063, 0.0207731, 0.0237543, 0.0113901, 0.0890457, 0.0114117, 0.123885, 0.0191415, 0.0822584, -0.00133444, 0.0573063, 0.0207731, 0.0822584, -0.00133444, 0.0573063, 0.0207731, 0.0822584, -0.00133444, 0.123885, 0.0191415, 0.0890457, 0.0114117, 0.140165, -0.00491292, 0.11143, 0.0193068, 0.0237543, 0.0113901, 0.0573063, 0.0207731, 0.0890457, 0.0114117, 0.0531798, 0.0157428, 0.106711, 0.000832338, 0.140165, -0.00491292, 0.0822584, -0.00133444, 0.0298295, 0.00578207, 0.0890457, 0.0114117, 0.0906379, 0.0117525, 0.0556404, 0.00411758, 0.0918769, 0.00889305, 0.15093, 0.0186895, 0.123885, 0.0191415, 0.0366165, 0.0162387, 0.0890457, 0.0114117, 0.140165, -0.00491292, 0.15093, 0.0186895, 0.0906379, 0.0117525, 0.15093, 0.0186895, 0.150123, 0.012756, 0.11143, 0.0193068, 0.123885, 0.0191415, 0.0822584, -0.00133444, 0.0906379, 0.0117525, 0.15093, 0.0186895, 0.140165, -0.00491292, 0.0890457, 0.0114117, 0.123885, 0.0191415, 0.11143, 0.0193068, 0.150123, 0.012756, 0.15093, 0.0186895, 0.140165, -0.00491292, 0.11143, 0.0193068, 0.0556404, 0.00411758, 0.0906379, 0.0117525, 0.0890457, 0.0114117, 0.0298295, 0.00578207, 0.0366165, 0.0162387, 0.123885, 0.0191415, 0.15093, 0.0186895, 0.0918769, 0.00889305, 0.106711, 0.000832338, 0.140165, -0.00491292, 0.0822584, -0.00133444, 0.0334816, -0.00488279, 0.0556404, 0.00411758, 0.0531798, 0.0157428, 0.028146, 0.0208018, 0.0298295, 0.00578207, 0.0890457, 0.0114117, 0.0906379, 0.0117525, 0.0556404, 0.00411758, 0.0531798, 0.0157428, 0.0890457, 0.0114117, 0.0573063, 0.0207731, 0.0237543, 0.0113901, 0.0556404, 0.00411758, 0.0918769, 0.00889305, 0.106711, 0.000832338, 0.0531798, 0.0157428, 0.0890457, 0.0114117, 0.140165, -0.00491292, 0.15093, 0.0186895, 0.0906379, 0.0117525, 0.0890457, 0.0114117, 0.123885, 0.0191415, 0.0822584, -0.00133444, 0.0573063, 0.0207731, 0.0237543, 0.0113901, 0.0531798, 0.0157428, 0.106711, 0.000832338, 0.0918769, 0.00889305, 0.0556404, 0.00411758, 0.0906379, 0.0117525, 0.15093, 0.0186895, 0.140165, -0.00491292, 0.0890457, 0.0114117, 0.0573063, 0.0207731, 0.0822584, -0.00133444, 0.123885, 0.0191415, 0.0890457, 0.0114117, 0.0298295, 0.00578207, 0.0366165, 0.0162387, 0.028146, 0.0208018, 0.0531798, 0.0157428, 0.0556404, 0.00411758, 0.0334816, -0.00488279, 0.0556404, 0.00411758, 0.0906379, 0.0117525, 0.0890457, 0.0114117, 0.0298295, 0.00578207, 0.0237543, 0.0113901, 0.0573063, 0.0207731, 0.0890457, 0.0114117, 0.0531798, 0.0157428, 0.028146, 0.0208018, 0.0298295, 0.00578207, 0.0237543, 0.0113901, ],[-0.00129165, 0.0240138, 0.00765579, 0.0300514, 0.00255177, 0.0383875, -0.00364321, 0.0396172, 0.00765579, 0.0300514, -0.00129165, 0.0240138, 0.0144688, 0.052853, 0.026966, 0.0760358, 0.0110418, 0.0650563, -0.00129165, 0.0240138, 0.026966, 0.0760358, 0.0502034, 0.123107, 0.0375007, 0.0580084, 0.0110418, 0.0650563, 0.0375007, 0.0580084, 0.0110418, 0.0650563, 0.0375007, 0.0580084, 0.0502034, 0.123107, 0.026966, 0.0760358, 0.0738544, 0.120666, 0.0537227, 0.111329, -0.00129165, 0.0240138, 0.0110418, 0.0650563, 0.026966, 0.0760358, 0.0144688, 0.052853, 0.0457056, 0.088244, 0.0738544, 0.120666, 0.0375007, 0.0580084, 0.00765579, 0.0300514, 0.026966, 0.0760358, 0.0393641, 0.0856383, 0.0180505, 0.051233, 0.0385654, 0.0882712, 0.0639602, 0.135789, 0.0502034, 0.123107, 0.00255177, 0.0383875, 0.026966, 0.0760358, 0.0738544, 0.120666, 0.0639602, 0.135789, 0.0393641, 0.0856383, 0.0639602, 0.135789, 0.0585378, 0.161535, 0.0537227, 0.111329, 0.0502034, 0.123107, 0.0375007, 0.0580084, 0.0393641, 0.0856383, 0.0639602, 0.135789, 0.0738544, 0.120666, 0.026966, 0.0760358, 0.0502034, 0.123107, 0.0537227, 0.111329, 0.0585378, 0.161535, 0.0639602, 0.135789, 0.0738544, 0.120666, 0.0537227, 0.111329, 0.0180505, 0.051233, 0.0393641, 0.0856383, 0.026966, 0.0760358, 0.00765579, 0.0300514, 0.00255177, 0.0383875, 0.0502034, 0.123107, 0.0639602, 0.135789, 0.0385654, 0.0882712, 0.0457056, 0.088244, 0.0738544, 0.120666, 0.0375007, 0.0580084, 0.0142334, 0.0179619, 0.0180505, 0.051233, 0.0144688, 0.052853, -0.00364321, 0.0396172, 0.00765579, 0.0300514, 0.026966, 0.0760358, 0.0393641, 0.0856383, 0.0180505, 0.051233, 0.0144688, 0.052853, 0.026966, 0.0760358, 0.0110418, 0.0650563, -0.00129165, 0.0240138, 0.0180505, 0.051233, 0.0385654, 0.0882712, 0.0457056, 0.088244, 0.0144688, 0.052853, 0.026966, 0.0760358, 0.0738544, 0.120666, 0.0639602, 0.135789, 0.0393641, 0.0856383, 0.026966, 0.0760358, 0.0502034, 0.123107, 0.0375007, 0.0580084, 0.0110418, 0.0650563, -0.00129165, 0.0240138, 0.0144688, 0.052853, 0.0457056, 0.088244, 0.0385654, 0.0882712, 0.0180505, 0.051233, 0.0393641, 0.0856383, 0.0639602, 0.135789, 0.0738544, 0.120666, 0.026966, 0.0760358, 0.0110418, 0.0650563, 0.0375007, 0.0580084, 0.0502034, 0.123107, 0.026966, 0.0760358, 0.00765579, 0.0300514, 0.00255177, 0.0383875, -0.00364321, 0.0396172, 0.0144688, 0.052853, 0.0180505, 0.051233, 0.0142334, 0.0179619, 0.0180505, 0.051233, 0.0393641, 0.0856383, 0.026966, 0.0760358, 0.00765579, 0.0300514, -0.00129165, 0.0240138, 0.0110418, 0.0650563, 0.026966, 0.0760358, 0.0144688, 0.052853, -0.00364321, 0.0396172, 0.00765579, 0.0300514, -0.00129165, 0.0240138, ],]
