START_PARAMETERS
MAX_STEPS_MCDB =               32
MIN_STEPS_MCDB =               4
STEPS_CRUNCH_MCDB =            1
SWEEPS_MCDB =                  100
TOTAL_STEP_CHANGES =                  6
MCBB_SECONDARY =                  1
SWEEPS_MCBB_SECONDARY =                  250
NUMBER_OF_BANGS =                  7
GROUND_E =                -5.53655
INITIAL_E =               -2.96567
j_initial =               0.136
k_initial =               0.5
b_initial =               0
j_target =                0.785
k_target =                0.25
b_target =                0
init_target_dot_squared = 0.385271
init_state = [0.00115247, 0, 0.0220271, 0, 0.00182369, 0, 0.000264496, 0, 0.00316868, 0, 0.00792561, 0, 0.00316868, 0, 0.0176492, 0, 0.0432717, 0, 0.00316868, 0, 0.000264496, 0, 0.00182369, 0, 0.0220271, 0, 0.0228298, 0, 0.477763, 0, 0.0228298, 0, 0.00316868, 0, 0.0432717, 0, 0.0176492, 0, 0.0445285, 0, 0.00182369, 0, 0.00238796, 0, 0.00604002, 0, 0.0196506, 0, 0.12499, 0, 0.00604002, 0, 0.00792561, 0, 0.0176492, 0, 0.011364, 0, 0.0176492, 0, 0.00115247, 0, 0.0220271, 0, 0.00604002, 0, 0.0228298, 0, 0.00316868, 0, 0.0228298, 0, 0.0196506, 0, 0.0228298, 0, 0.12499, 0, 0.477763, 0, 0.0220271, 0, 0.0176492, 0, 0.0445285, 0, 0.0176492, 0, 0.0432717, 0, 0.0220271, 0, 0.477763, 0, 0.12499, 0, 0.477763, 0, 0.0432717, 0, 0.00182369, 0, 0.0228298, 0, 0.00604002, 0, 0.0220271, 0, 0.00316868, 0, 0.000264496, 0, 0.00604002, 0, 0.00238796, 0, 0.00182369, 0, 0.00604002, 0, 0.0220271, 0, 0.00115247, 0, 0.011364, 0, 0.0176492, 0, 0.00792561, 0, 0.00316868, 0, 0.00604002, 0, 0.12499, 0, 0.0196506, 0, 0.0228298, 0, 0.0176492, 0, 0.00238796, 0, 0.0196506, 0, 0.00238796, 0, 0.00182369, 0, 0.00792561, 0, 0.00182369, 0, 0.00604002, 0, 0.0228298, 0, 0.00182369, 0, 0.000264496, 0, 0.00316868, 0, 0.0220271, 0, 0.00115247, 0, ]
target_state = [0.0306453, 0, 0.0808943, 0, 0.050441, 0, 0.0255896, 0, 0.0560991, 0, 0.112909, 0, 0.0560991, 0, 0.138887, 0, 0.116879, 0, 0.0560991, 0, 0.0255896, 0, 0.050441, 0, 0.0808943, 0, 0.0951236, 0, 0.217182, 0, 0.0951236, 0, 0.0560991, 0, 0.116879, 0, 0.138887, 0, 0.140355, 0, 0.050441, 0, 0.0733685, 0, 0.0772867, 0, 0.131004, 0, 0.195313, 0, 0.0772867, 0, 0.112909, 0, 0.138887, 0, 0.149626, 0, 0.138887, 0, 0.0306453, 0, 0.0808943, 0, 0.0772867, 0, 0.0951236, 0, 0.0560991, 0, 0.0951236, 0, 0.131004, 0, 0.0951236, 0, 0.195313, 0, 0.217182, 0, 0.0808943, 0, 0.138887, 0, 0.140355, 0, 0.138887, 0, 0.116879, 0, 0.0808943, 0, 0.217182, 0, 0.195313, 0, 0.217182, 0, 0.116879, 0, 0.050441, 0, 0.0951236, 0, 0.0772867, 0, 0.0808943, 0, 0.0560991, 0, 0.0255896, 0, 0.0772867, 0, 0.0733685, 0, 0.050441, 0, 0.0772867, 0, 0.0808943, 0, 0.0306453, 0, 0.149626, 0, 0.138887, 0, 0.112909, 0, 0.0560991, 0, 0.0772867, 0, 0.195313, 0, 0.131004, 0, 0.0951236, 0, 0.138887, 0, 0.0733685, 0, 0.131004, 0, 0.0733685, 0, 0.050441, 0, 0.112909, 0, 0.050441, 0, 0.0772867, 0, 0.0951236, 0, 0.050441, 0, 0.0255896, 0, 0.0560991, 0, 0.0808943, 0, 0.0306453, 0, ]
USE_ENERGY_DISTANCE =     false
PERIODIC =                false
UNIFORM_SITES =           true
DEVICE_DIMENSION =        2
MAX_PARAM =               1
MIN_PARAM =               0
MIN_PARAM =               0
DIAG =                    true
NUM_SEEDS =               2
NUMBER_OF_BANGS =               7
DISTANCE_LIMIT =          0.02
TAU_SCALAR =              1.2
TAU_SCALAR_TINY =         1.1
TAU_SCALAR_BIG =          1.3
ACCEPTANCE_PROB =         0.85
TEMP_EXP_DECAY =          0.8
MIN_TEMP_FRACTION =       0.01
TEMP_DECAY_ITERATIONS =   21
ZERO_TEMP_ITREATIONS =    25
RANDOM_STATES =           3
END_PARAMETERS
##############################################################################
clock_duration  =         502.009
tau =                     0.9
total_steps =             32
time_step =               0.028125
best_mc_result =          0.196559
best_mc_result_non_secondary =          0.197513
evolved_target_dot_squared =  0.803441
distance =          1
j_protocol =  [[1, 1, 1, 1, 1, 0, 1, 1, 0, 0, 0, 1, 1, 1, 1, 1, 1, 1, 1, 1, 1, 1, 1, 1, 1, 1, 1, 1, 1, 1, 1, 0, ],[1, 1, 1, 1, 1, 1, 1, 0, 0, 0, 0, 1, 1, 1, 1, 1, 1, 1, 1, 1, 1, 1, 1, 1, 1, 1, 1, 1, 1, 1, 1, 0, ],]
k_protocol =  [[0, 1, 1, 1, 1, 1, 1, 1, 1, 1, 1, 1, 1, 1, 1, 1, 1, 1, 1, 1, 1, 1, 1, 1, 1, 1, 1, 1, 1, 1, 1, 1, ],[0, 1, 1, 1, 1, 1, 1, 1, 1, 1, 1, 1, 1, 1, 1, 1, 1, 1, 1, 1, 1, 1, 1, 1, 1, 1, 1, 1, 1, 1, 1, 1, ],]
j_protocol_secondary =  [0, 0.0141113, 0.0141113, 0.16313, 0.180982, 0.216862, 0.300002, 0.518354, 0.518354, 0.672261, 0.672261, 0.874908, 0.9, 0.9, ]
k_protocol_secondary =  [0.0199223, 0.0831161, 0.0831161, 0.239424, 0.239424, 0.33632, 0.33632, 0.567878, 0.567878, 0.615598, 0.615598, 0.840942, 0.840942, 0.9, ]
best_evolved_state = [0.00514283, 0.00615747, 0.00370807, 0.0343478, -0.00151128, 0.0295552, -0.028812, 0.0221952, -0.00840835, 0.0434896, -0.0388194, 0.153578, -0.00840835, 0.0434896, -0.00475224, 0.111655, 0.0390883, 0.0428731, -0.00840835, 0.0434896, -0.028812, 0.0221952, -0.00151128, 0.0295552, 0.00370807, 0.0343478, 0.0109156, 0.0537896, 0.134268, 0.183781, 0.0109156, 0.0537896, -0.00840835, 0.0434896, 0.0390883, 0.0428731, -0.00475224, 0.111655, 0.082093, 0.0693853, -0.00151128, 0.0295552, -0.0172571, 0.0647062, 0.0226074, 0.0715749, 0.0330787, 0.151863, 0.10259, 0.212682, 0.0226074, 0.0715749, -0.0388194, 0.153578, -0.00475224, 0.111655, -0.0633146, 0.227311, -0.00475224, 0.111655, 0.00514283, 0.00615747, 0.00370807, 0.0343478, 0.0226074, 0.0715749, 0.0109156, 0.0537896, -0.00840835, 0.0434896, 0.0109156, 0.0537896, 0.0330787, 0.151863, 0.0109156, 0.0537896, 0.10259, 0.212682, 0.134268, 0.183781, 0.00370807, 0.0343478, -0.00475224, 0.111655, 0.082093, 0.0693853, -0.00475224, 0.111655, 0.0390883, 0.0428731, 0.00370807, 0.0343478, 0.134268, 0.183781, 0.10259, 0.212682, 0.134268, 0.183781, 0.0390883, 0.0428731, -0.00151128, 0.0295552, 0.0109156, 0.0537896, 0.0226074, 0.0715749, 0.00370807, 0.0343478, -0.00840835, 0.0434896, -0.028812, 0.0221952, 0.0226074, 0.0715749, -0.0172571, 0.0647062, -0.00151128, 0.0295552, 0.0226074, 0.0715749, 0.00370807, 0.0343478, 0.00514283, 0.00615747, -0.0633146, 0.227311, -0.00475224, 0.111655, -0.0388194, 0.153578, -0.00840835, 0.0434896, 0.0226074, 0.0715749, 0.10259, 0.212682, 0.0330787, 0.151863, 0.0109156, 0.0537896, -0.00475224, 0.111655, -0.0172571, 0.0647062, 0.0330787, 0.151863, -0.0172571, 0.0647062, -0.00151128, 0.0295552, -0.0388194, 0.153578, -0.00151128, 0.0295552, 0.0226074, 0.0715749, 0.0109156, 0.0537896, -0.00151128, 0.0295552, -0.028812, 0.0221952, -0.00840835, 0.0434896, 0.00370807, 0.0343478, 0.00514283, 0.00615747, ]
best_mc_result_fixed_tau =   [0.197513, 0.197702, ]
evolved_state_fixed_tau =   [[0.00644221, 0.00567598, 0.00990955, 0.0330014, 0.00154433, 0.0295133, -0.0256826, 0.023307, -0.00270542, 0.0430394, -0.027927, 0.151684, -0.00270542, 0.0430394, 0.00829841, 0.111538, 0.0477976, 0.0383623, -0.00270542, 0.0430394, -0.0256826, 0.023307, 0.00154433, 0.0295133, 0.00990955, 0.0330014, 0.0183022, 0.0517981, 0.155609, 0.171773, 0.0183022, 0.0517981, -0.00270542, 0.0430394, 0.0477976, 0.0383623, 0.00829841, 0.111538, 0.090974, 0.0623802, 0.00154433, 0.0295133, -0.0111931, 0.0652339, 0.0294798, 0.0680013, 0.0461056, 0.147647, 0.124338, 0.20302, 0.0294798, 0.0680013, -0.027927, 0.151684, 0.00829841, 0.111538, -0.0470313, 0.225406, 0.00829841, 0.111538, 0.00644221, 0.00567598, 0.00990955, 0.0330014, 0.0294798, 0.0680013, 0.0183022, 0.0517981, -0.00270542, 0.0430394, 0.0183022, 0.0517981, 0.0461056, 0.147647, 0.0183022, 0.0517981, 0.124338, 0.20302, 0.155609, 0.171773, 0.00990955, 0.0330014, 0.00829841, 0.111538, 0.090974, 0.0623802, 0.00829841, 0.111538, 0.0477976, 0.0383623, 0.00990955, 0.0330014, 0.155609, 0.171773, 0.124338, 0.20302, 0.155609, 0.171773, 0.0477976, 0.0383623, 0.00154433, 0.0295133, 0.0183022, 0.0517981, 0.0294798, 0.0680013, 0.00990955, 0.0330014, -0.00270542, 0.0430394, -0.0256826, 0.023307, 0.0294798, 0.0680013, -0.0111931, 0.0652339, 0.00154433, 0.0295133, 0.0294798, 0.0680013, 0.00990955, 0.0330014, 0.00644221, 0.00567598, -0.0470313, 0.225406, 0.00829841, 0.111538, -0.027927, 0.151684, -0.00270542, 0.0430394, 0.0294798, 0.0680013, 0.124338, 0.20302, 0.0461056, 0.147647, 0.0183022, 0.0517981, 0.00829841, 0.111538, -0.0111931, 0.0652339, 0.0461056, 0.147647, -0.0111931, 0.0652339, 0.00154433, 0.0295133, -0.027927, 0.151684, 0.00154433, 0.0295133, 0.0294798, 0.0680013, 0.0183022, 0.0517981, 0.00154433, 0.0295133, -0.0256826, 0.023307, -0.00270542, 0.0430394, 0.00990955, 0.0330014, 0.00644221, 0.00567598, ],[0.00739023, 0.00397586, 0.00910175, 0.0337237, 0.00221376, 0.0291122, -0.0286503, 0.0262043, -0.00235273, 0.0469576, -0.0236662, 0.148373, -0.00235273, 0.0469576, 0.00629967, 0.111869, 0.0496905, 0.0385922, -0.00235273, 0.0469576, -0.0286503, 0.0262043, 0.00221376, 0.0291122, 0.00910175, 0.0337237, 0.0180294, 0.0515928, 0.157262, 0.169958, 0.0180294, 0.0515928, -0.00235273, 0.0469576, 0.0496905, 0.0385922, 0.00629967, 0.111869, 0.0959246, 0.0601628, 0.00221376, 0.0291122, -0.0136317, 0.0645935, 0.0334542, 0.0690724, 0.0495973, 0.146288, 0.128917, 0.200325, 0.0334542, 0.0690724, -0.0236662, 0.148373, 0.00629967, 0.111869, -0.0417955, 0.221771, 0.00629967, 0.111869, 0.00739023, 0.00397586, 0.00910175, 0.0337237, 0.0334542, 0.0690724, 0.0180294, 0.0515928, -0.00235273, 0.0469576, 0.0180294, 0.0515928, 0.0495973, 0.146288, 0.0180294, 0.0515928, 0.128917, 0.200325, 0.157262, 0.169958, 0.00910175, 0.0337237, 0.00629967, 0.111869, 0.0959246, 0.0601628, 0.00629967, 0.111869, 0.0496905, 0.0385922, 0.00910175, 0.0337237, 0.157262, 0.169958, 0.128917, 0.200325, 0.157262, 0.169958, 0.0496905, 0.0385922, 0.00221376, 0.0291122, 0.0180294, 0.0515928, 0.0334542, 0.0690724, 0.00910175, 0.0337237, -0.00235273, 0.0469576, -0.0286503, 0.0262043, 0.0334542, 0.0690724, -0.0136317, 0.0645935, 0.00221376, 0.0291122, 0.0334542, 0.0690724, 0.00910175, 0.0337237, 0.00739023, 0.00397586, -0.0417955, 0.221771, 0.00629967, 0.111869, -0.0236662, 0.148373, -0.00235273, 0.0469576, 0.0334542, 0.0690724, 0.128917, 0.200325, 0.0495973, 0.146288, 0.0180294, 0.0515928, 0.00629967, 0.111869, -0.0136317, 0.0645935, 0.0495973, 0.146288, -0.0136317, 0.0645935, 0.00221376, 0.0291122, -0.0236662, 0.148373, 0.00221376, 0.0291122, 0.0334542, 0.0690724, 0.0180294, 0.0515928, 0.00221376, 0.0291122, -0.0286503, 0.0262043, -0.00235273, 0.0469576, 0.00910175, 0.0337237, 0.00739023, 0.00397586, ],]
