START_PARAMETERS
MAX_STEPS_MCDB =               32
MIN_STEPS_MCDB =               4
STEPS_CRUNCH_MCDB =            1
SWEEPS_MCDB =                  100
TOTAL_STEP_CHANGES =                  6
MCBB_SECONDARY =                  1
SWEEPS_MCBB_SECONDARY =                  250
NUMBER_OF_BANGS =                  7
GROUND_E =                -4.35256
INITIAL_E =               -1.85944
j_initial =               0.123
k_initial =               0.5
b_initial =               0
j_target =                0.642
k_target =                0.125
b_target =                0
init_target_dot_squared = 0.318999
init_state = [-0.000927606, 0, -0.020019, 0, -0.00145697, 0, -0.000194541, 0, -0.00258396, 0, -0.00603925, 0, -0.00258396, 0, -0.01457, 0, -0.0394569, 0, -0.00258396, 0, -0.000194541, 0, -0.00145697, 0, -0.020019, 0, -0.0206287, 0, -0.481642, 0, -0.0206287, 0, -0.00258396, 0, -0.0394569, 0, -0.01457, 0, -0.040405, 0, -0.00145697, 0, -0.00180057, 0, -0.00496268, 0, -0.0163424, 0, -0.114711, 0, -0.00496268, 0, -0.00603925, 0, -0.01457, 0, -0.00865912, 0, -0.01457, 0, -0.000927606, 0, -0.020019, 0, -0.00496268, 0, -0.0206287, 0, -0.00258396, 0, -0.0206287, 0, -0.0163424, 0, -0.0206287, 0, -0.114711, 0, -0.481642, 0, -0.020019, 0, -0.01457, 0, -0.040405, 0, -0.01457, 0, -0.0394569, 0, -0.020019, 0, -0.481642, 0, -0.114711, 0, -0.481642, 0, -0.0394569, 0, -0.00145697, 0, -0.0206287, 0, -0.00496268, 0, -0.020019, 0, -0.00258396, 0, -0.000194541, 0, -0.00496268, 0, -0.00180057, 0, -0.00145697, 0, -0.00496268, 0, -0.020019, 0, -0.000927606, 0, -0.00865912, 0, -0.01457, 0, -0.00603925, 0, -0.00258396, 0, -0.00496268, 0, -0.114711, 0, -0.0163424, 0, -0.0206287, 0, -0.01457, 0, -0.00180057, 0, -0.0163424, 0, -0.00180057, 0, -0.00145697, 0, -0.00603925, 0, -0.00145697, 0, -0.00496268, 0, -0.0206287, 0, -0.00145697, 0, -0.000194541, 0, -0.00258396, 0, -0.020019, 0, -0.000927606, 0, ]
target_state = [0.0358834, 0, 0.0853038, 0, 0.0574336, 0, 0.031792, 0, 0.0627162, 0, 0.11459, 0, 0.0627162, 0, 0.13967, 0, 0.118434, 0, 0.0627162, 0, 0.031792, 0, 0.0574336, 0, 0.0853038, 0, 0.0994984, 0, 0.199086, 0, 0.0994984, 0, 0.0627162, 0, 0.118434, 0, 0.13967, 0, 0.141135, 0, 0.0574336, 0, 0.0805628, 0, 0.0835435, 0, 0.132118, 0, 0.184779, 0, 0.0835435, 0, 0.11459, 0, 0.13967, 0, 0.148787, 0, 0.13967, 0, 0.0358834, 0, 0.0853038, 0, 0.0835435, 0, 0.0994984, 0, 0.0627162, 0, 0.0994984, 0, 0.132118, 0, 0.0994984, 0, 0.184779, 0, 0.199086, 0, 0.0853038, 0, 0.13967, 0, 0.141135, 0, 0.13967, 0, 0.118434, 0, 0.0853038, 0, 0.199086, 0, 0.184779, 0, 0.199086, 0, 0.118434, 0, 0.0574336, 0, 0.0994984, 0, 0.0835435, 0, 0.0853038, 0, 0.0627162, 0, 0.031792, 0, 0.0835435, 0, 0.0805628, 0, 0.0574336, 0, 0.0835435, 0, 0.0853038, 0, 0.0358834, 0, 0.148787, 0, 0.13967, 0, 0.11459, 0, 0.0627162, 0, 0.0835435, 0, 0.184779, 0, 0.132118, 0, 0.0994984, 0, 0.13967, 0, 0.0805628, 0, 0.132118, 0, 0.0805628, 0, 0.0574336, 0, 0.11459, 0, 0.0574336, 0, 0.0835435, 0, 0.0994984, 0, 0.0574336, 0, 0.031792, 0, 0.0627162, 0, 0.0853038, 0, 0.0358834, 0, ]
USE_ENERGY_DISTANCE =     false
PERIODIC =                false
UNIFORM_SITES =           true
DEVICE_DIMENSION =        2
MAX_PARAM =               1
MIN_PARAM =               0
MIN_PARAM =               0
DIAG =                    true
NUM_SEEDS =               2
NUMBER_OF_BANGS =               7
DISTANCE_LIMIT =          0.02
TAU_SCALAR =              1.2
TAU_SCALAR_TINY =         1.1
TAU_SCALAR_BIG =          1.3
ACCEPTANCE_PROB =         0.85
TEMP_EXP_DECAY =          0.8
MIN_TEMP_FRACTION =       0.01
TEMP_DECAY_ITERATIONS =   21
ZERO_TEMP_ITREATIONS =    25
RANDOM_STATES =           3
END_PARAMETERS
##############################################################################
clock_duration  =         686.696
tau =                     0.671429
total_steps =             32
time_step =               0.0209821
best_mc_result =          0.345558
best_mc_result_non_secondary =          0.346476
evolved_target_dot_squared =  0.654442
distance =          1
j_protocol =  [[1, 1, 1, 1, 1, 1, 1, 0, 0, 1, 0, 0, 1, 1, 1, 1, 1, 1, 1, 1, 1, 1, 1, 1, 1, 1, 1, 1, 1, 1, 1, 0, ],[1, 1, 1, 1, 1, 1, 0, 1, 0, 0, 0, 1, 1, 1, 1, 1, 1, 1, 1, 1, 1, 1, 1, 1, 1, 1, 1, 1, 1, 1, 1, 0, ],]
k_protocol =  [[0, 1, 1, 1, 1, 1, 1, 1, 1, 1, 1, 1, 1, 1, 1, 1, 1, 1, 1, 1, 1, 1, 1, 1, 0, 1, 1, 1, 1, 1, 1, 1, ],[0, 1, 1, 1, 1, 1, 1, 1, 1, 1, 1, 1, 1, 1, 1, 1, 1, 1, 1, 1, 1, 1, 1, 0, 1, 1, 1, 1, 1, 1, 1, 1, ],]
j_protocol_secondary =  [0, 0.143384, 0.151032, 0.158071, 0.240363, 0.291515, 0.291515, 0.298496, 0.298496, 0.370247, 0.370247, 0.654696, 0.664114, 0.664114, ]
k_protocol_secondary =  [0.000962628, 0.000962628, 0.0174734, 0.288296, 0.288296, 0.38891, 0.38891, 0.439577, 0.439577, 0.482236, 0.50389, 0.599519, 0.599519, 0.671429, ]
best_evolved_state = [-0.0168484, 0.00223817, -0.0171433, 0.0487084, -0.0244992, -0.00358199, 0.00805024, 0.0096063, -0.00619319, 0.00884775, -0.12667, -0.0497511, -0.00619319, 0.00884775, -0.098961, 0.0579626, -0.0245343, 0.0915953, -0.00619319, 0.00884775, 0.00805024, 0.0096063, -0.0244992, -0.00358199, -0.0171433, 0.0487084, -0.0393516, 0.0471799, -0.0814813, 0.25343, -0.0393516, 0.0471799, -0.00619319, 0.00884775, -0.0245343, 0.0915953, -0.098961, 0.0579626, -0.0729413, 0.0901274, -0.0244992, -0.00358199, -0.054169, 0.00276458, -0.0494254, 0.00596919, -0.131602, 0.0321906, -0.180065, 0.162983, -0.0494254, 0.00596919, -0.12667, -0.0497511, -0.098961, 0.0579626, -0.176684, -0.0769037, -0.098961, 0.0579626, -0.0168484, 0.00223817, -0.0171433, 0.0487084, -0.0494254, 0.00596919, -0.0393516, 0.0471799, -0.00619319, 0.00884775, -0.0393516, 0.0471799, -0.131602, 0.0321906, -0.0393516, 0.0471799, -0.180065, 0.162983, -0.0814813, 0.25343, -0.0171433, 0.0487084, -0.098961, 0.0579626, -0.0729413, 0.0901274, -0.098961, 0.0579626, -0.0245343, 0.0915953, -0.0171433, 0.0487084, -0.0814813, 0.25343, -0.180065, 0.162983, -0.0814813, 0.25343, -0.0245343, 0.0915953, -0.0244992, -0.00358199, -0.0393516, 0.0471799, -0.0494254, 0.00596919, -0.0171433, 0.0487084, -0.00619319, 0.00884775, 0.00805024, 0.0096063, -0.0494254, 0.00596919, -0.054169, 0.00276458, -0.0244992, -0.00358199, -0.0494254, 0.00596919, -0.0171433, 0.0487084, -0.0168484, 0.00223817, -0.176684, -0.0769037, -0.098961, 0.0579626, -0.12667, -0.0497511, -0.00619319, 0.00884775, -0.0494254, 0.00596919, -0.180065, 0.162983, -0.131602, 0.0321906, -0.0393516, 0.0471799, -0.098961, 0.0579626, -0.054169, 0.00276458, -0.131602, 0.0321906, -0.054169, 0.00276458, -0.0244992, -0.00358199, -0.12667, -0.0497511, -0.0244992, -0.00358199, -0.0494254, 0.00596919, -0.0393516, 0.0471799, -0.0244992, -0.00358199, 0.00805024, 0.0096063, -0.00619319, 0.00884775, -0.0171433, 0.0487084, -0.0168484, 0.00223817, ]
best_mc_result_fixed_tau =   [0.34658, 0.346476, ]
evolved_state_fixed_tau =   [[-0.0180624, 0.00159067, -0.0153307, 0.0482624, -0.0246567, -0.00338769, 0.0103683, 0.0103626, -0.00325458, 0.00710854, -0.131611, -0.0459258, -0.00325458, 0.00710854, -0.0943458, 0.0615177, -0.0230986, 0.0883708, -0.00325458, 0.00710854, 0.0103683, 0.0103626, -0.0246567, -0.00338769, -0.0153307, 0.0482624, -0.0381979, 0.0476837, -0.079719, 0.25405, -0.0381979, 0.0476837, -0.00325458, 0.00710854, -0.0230986, 0.0883708, -0.0943458, 0.0615177, -0.0732132, 0.0885654, -0.0246567, -0.00338769, -0.0532972, 0.0069965, -0.0491259, 0.00484051, -0.130727, 0.0353061, -0.178898, 0.165498, -0.0491259, 0.00484051, -0.131611, -0.0459258, -0.0943458, 0.0615177, -0.183334, -0.0715322, -0.0943458, 0.0615177, -0.0180624, 0.00159067, -0.0153307, 0.0482624, -0.0491259, 0.00484051, -0.0381979, 0.0476837, -0.00325458, 0.00710854, -0.0381979, 0.0476837, -0.130727, 0.0353061, -0.0381979, 0.0476837, -0.178898, 0.165498, -0.079719, 0.25405, -0.0153307, 0.0482624, -0.0943458, 0.0615177, -0.0732132, 0.0885654, -0.0943458, 0.0615177, -0.0230986, 0.0883708, -0.0153307, 0.0482624, -0.079719, 0.25405, -0.178898, 0.165498, -0.079719, 0.25405, -0.0230986, 0.0883708, -0.0246567, -0.00338769, -0.0381979, 0.0476837, -0.0491259, 0.00484051, -0.0153307, 0.0482624, -0.00325458, 0.00710854, 0.0103683, 0.0103626, -0.0491259, 0.00484051, -0.0532972, 0.0069965, -0.0246567, -0.00338769, -0.0491259, 0.00484051, -0.0153307, 0.0482624, -0.0180624, 0.00159067, -0.183334, -0.0715322, -0.0943458, 0.0615177, -0.131611, -0.0459258, -0.00325458, 0.00710854, -0.0491259, 0.00484051, -0.178898, 0.165498, -0.130727, 0.0353061, -0.0381979, 0.0476837, -0.0943458, 0.0615177, -0.0532972, 0.0069965, -0.130727, 0.0353061, -0.0532972, 0.0069965, -0.0246567, -0.00338769, -0.131611, -0.0459258, -0.0246567, -0.00338769, -0.0491259, 0.00484051, -0.0381979, 0.0476837, -0.0246567, -0.00338769, 0.0103683, 0.0103626, -0.00325458, 0.00710854, -0.0153307, 0.0482624, -0.0180624, 0.00159067, ],[-0.0161223, 0.0022029, -0.0151624, 0.0491623, -0.024749, -0.0026337, 0.00774101, 0.0107094, -0.00456215, 0.0108416, -0.130594, -0.0510114, -0.00456215, 0.0108416, -0.0988157, 0.0621056, -0.0193334, 0.0907689, -0.00456215, 0.0108416, 0.00774101, 0.0107094, -0.024749, -0.0026337, -0.0151624, 0.0491623, -0.0377671, 0.0479759, -0.0819636, 0.250499, -0.0377671, 0.0479759, -0.00456215, 0.0108416, -0.0193334, 0.0907689, -0.0988157, 0.0621056, -0.0682264, 0.089909, -0.024749, -0.0026337, -0.0562008, 0.00518302, -0.0477546, 0.00765339, -0.131281, 0.0347001, -0.17791, 0.162407, -0.0477546, 0.00765339, -0.130594, -0.0510114, -0.0988157, 0.0621056, -0.182009, -0.078112, -0.0988157, 0.0621056, -0.0161223, 0.0022029, -0.0151624, 0.0491623, -0.0477546, 0.00765339, -0.0377671, 0.0479759, -0.00456215, 0.0108416, -0.0377671, 0.0479759, -0.131281, 0.0347001, -0.0377671, 0.0479759, -0.17791, 0.162407, -0.0819636, 0.250499, -0.0151624, 0.0491623, -0.0988157, 0.0621056, -0.0682264, 0.089909, -0.0988157, 0.0621056, -0.0193334, 0.0907689, -0.0151624, 0.0491623, -0.0819636, 0.250499, -0.17791, 0.162407, -0.0819636, 0.250499, -0.0193334, 0.0907689, -0.024749, -0.0026337, -0.0377671, 0.0479759, -0.0477546, 0.00765339, -0.0151624, 0.0491623, -0.00456215, 0.0108416, 0.00774101, 0.0107094, -0.0477546, 0.00765339, -0.0562008, 0.00518302, -0.024749, -0.0026337, -0.0477546, 0.00765339, -0.0151624, 0.0491623, -0.0161223, 0.0022029, -0.182009, -0.078112, -0.0988157, 0.0621056, -0.130594, -0.0510114, -0.00456215, 0.0108416, -0.0477546, 0.00765339, -0.17791, 0.162407, -0.131281, 0.0347001, -0.0377671, 0.0479759, -0.0988157, 0.0621056, -0.0562008, 0.00518302, -0.131281, 0.0347001, -0.0562008, 0.00518302, -0.024749, -0.0026337, -0.130594, -0.0510114, -0.024749, -0.0026337, -0.0477546, 0.00765339, -0.0377671, 0.0479759, -0.024749, -0.0026337, 0.00774101, 0.0107094, -0.00456215, 0.0108416, -0.0151624, 0.0491623, -0.0161223, 0.0022029, ],]
