START_PARAMETERS
MAX_STEPS_MCDB =               32
MIN_STEPS_MCDB =               4
STEPS_CRUNCH_MCDB =            1
SWEEPS_MCDB =                  100
TOTAL_STEP_CHANGES =                  6
MCBB_SECONDARY =                  1
SWEEPS_MCBB_SECONDARY =                  250
NUMBER_OF_BANGS =                  7
GROUND_E =                -5.27861
INITIAL_E =               -2.25239
j_initial =               0.136
k_initial =               0.5
b_initial =               0
j_target =                0.787
k_target =                0.125
b_target =                0
init_target_dot_squared = 0.328345
init_state = [0.00115247, 0, 0.0220271, 0, 0.00182369, 0, 0.000264496, 0, 0.00316868, 0, 0.00792561, 0, 0.00316868, 0, 0.0176492, 0, 0.0432717, 0, 0.00316868, 0, 0.000264496, 0, 0.00182369, 0, 0.0220271, 0, 0.0228298, 0, 0.477763, 0, 0.0228298, 0, 0.00316868, 0, 0.0432717, 0, 0.0176492, 0, 0.0445285, 0, 0.00182369, 0, 0.00238796, 0, 0.00604002, 0, 0.0196506, 0, 0.12499, 0, 0.00604002, 0, 0.00792561, 0, 0.0176492, 0, 0.011364, 0, 0.0176492, 0, 0.00115247, 0, 0.0220271, 0, 0.00604002, 0, 0.0228298, 0, 0.00316868, 0, 0.0228298, 0, 0.0196506, 0, 0.0228298, 0, 0.12499, 0, 0.477763, 0, 0.0220271, 0, 0.0176492, 0, 0.0445285, 0, 0.0176492, 0, 0.0432717, 0, 0.0220271, 0, 0.477763, 0, 0.12499, 0, 0.477763, 0, 0.0432717, 0, 0.00182369, 0, 0.0228298, 0, 0.00604002, 0, 0.0220271, 0, 0.00316868, 0, 0.000264496, 0, 0.00604002, 0, 0.00238796, 0, 0.00182369, 0, 0.00604002, 0, 0.0220271, 0, 0.00115247, 0, 0.011364, 0, 0.0176492, 0, 0.00792561, 0, 0.00316868, 0, 0.00604002, 0, 0.12499, 0, 0.0196506, 0, 0.0228298, 0, 0.0176492, 0, 0.00238796, 0, 0.0196506, 0, 0.00238796, 0, 0.00182369, 0, 0.00792561, 0, 0.00182369, 0, 0.00604002, 0, 0.0228298, 0, 0.00182369, 0, 0.000264496, 0, 0.00316868, 0, 0.0220271, 0, 0.00115247, 0, ]
target_state = [0.0376111, 0, 0.0866065, 0, 0.0596064, 0, 0.0338723, 0, 0.0647487, 0, 0.114897, 0, 0.0647487, 0, 0.139566, 0, 0.11877, 0, 0.0647487, 0, 0.0338723, 0, 0.0596064, 0, 0.0866065, 0, 0.100708, 0, 0.193997, 0, 0.100708, 0, 0.0647487, 0, 0.11877, 0, 0.139566, 0, 0.14108, 0, 0.0596064, 0, 0.0826458, 0, 0.0853628, 0, 0.132194, 0, 0.18153, 0, 0.0853628, 0, 0.114897, 0, 0.139566, 0, 0.148176, 0, 0.139566, 0, 0.0376111, 0, 0.0866065, 0, 0.0853628, 0, 0.100708, 0, 0.0647487, 0, 0.100708, 0, 0.132194, 0, 0.100708, 0, 0.18153, 0, 0.193997, 0, 0.0866065, 0, 0.139566, 0, 0.14108, 0, 0.139566, 0, 0.11877, 0, 0.0866065, 0, 0.193997, 0, 0.18153, 0, 0.193997, 0, 0.11877, 0, 0.0596064, 0, 0.100708, 0, 0.0853628, 0, 0.0866065, 0, 0.0647487, 0, 0.0338723, 0, 0.0853628, 0, 0.0826458, 0, 0.0596064, 0, 0.0853628, 0, 0.0866065, 0, 0.0376111, 0, 0.148176, 0, 0.139566, 0, 0.114897, 0, 0.0647487, 0, 0.0853628, 0, 0.18153, 0, 0.132194, 0, 0.100708, 0, 0.139566, 0, 0.0826458, 0, 0.132194, 0, 0.0826458, 0, 0.0596064, 0, 0.114897, 0, 0.0596064, 0, 0.0853628, 0, 0.100708, 0, 0.0596064, 0, 0.0338723, 0, 0.0647487, 0, 0.0866065, 0, 0.0376111, 0, ]
USE_ENERGY_DISTANCE =     false
PERIODIC =                false
UNIFORM_SITES =           true
DEVICE_DIMENSION =        2
MAX_PARAM =               1
MIN_PARAM =               0
MIN_PARAM =               0
DIAG =                    true
NUM_SEEDS =               2
NUMBER_OF_BANGS =               7
DISTANCE_LIMIT =          0.02
TAU_SCALAR =              1.2
TAU_SCALAR_TINY =         1.1
TAU_SCALAR_BIG =          1.3
ACCEPTANCE_PROB =         0.85
TEMP_EXP_DECAY =          0.8
MIN_TEMP_FRACTION =       0.01
TEMP_DECAY_ITERATIONS =   21
ZERO_TEMP_ITREATIONS =    25
RANDOM_STATES =           3
END_PARAMETERS
##############################################################################
clock_duration  =         512.459
tau =                     0.614286
total_steps =             32
time_step =               0.0191964
best_mc_result =          0.358019
best_mc_result_non_secondary =          0.358774
evolved_target_dot_squared =  0.641981
distance =          1
j_protocol =  [[1, 1, 1, 1, 1, 1, 1, 0, 0, 0, 0, 1, 1, 1, 1, 1, 1, 1, 1, 1, 1, 1, 1, 1, 1, 1, 1, 1, 1, 1, 1, 0, ],[1, 1, 1, 1, 1, 0, 1, 1, 0, 0, 0, 1, 1, 1, 1, 1, 1, 1, 1, 1, 1, 1, 1, 1, 1, 1, 1, 1, 1, 1, 1, 0, ],]
k_protocol =  [[0, 1, 1, 1, 1, 1, 1, 1, 1, 1, 1, 1, 1, 1, 1, 1, 1, 1, 1, 1, 1, 1, 0, 1, 1, 1, 1, 1, 1, 1, 1, 1, ],[0, 1, 1, 1, 1, 1, 1, 1, 1, 1, 1, 1, 1, 1, 1, 1, 1, 1, 1, 1, 1, 1, 1, 0, 1, 1, 1, 1, 1, 1, 1, 1, ],]
j_protocol_secondary =  [0, 0.0999535, 0.0999535, 0.143337, 0.213096, 0.311778, 0.311778, 0.455314, 0.455314, 0.506397, 0.506397, 0.545122, 0.545122, 0.602042, ]
k_protocol_secondary =  [0.0177621, 0.102666, 0.102666, 0.117055, 0.117055, 0.183855, 0.183855, 0.403136, 0.403136, 0.434566, 0.464786, 0.522761, 0.522761, 0.614286, ]
best_evolved_state = [0.012343, -0.00520276, -0.00239664, -0.0575372, 0.0215478, -0.0065428, -0.00484554, -0.0152428, -0.00157835, -0.0212027, 0.131862, 0.00572463, -0.00157835, -0.0212027, 0.0734077, -0.0993897, -0.0166243, -0.0997745, -0.00157835, -0.0212027, -0.00484554, -0.0152428, 0.0215478, -0.0065428, -0.00239664, -0.0575372, 0.0176253, -0.0619823, -0.0360675, -0.27022, 0.0176253, -0.0619823, -0.00157835, -0.0212027, -0.0166243, -0.0997745, 0.0734077, -0.0993897, 0.0258243, -0.107477, 0.0215478, -0.0065428, 0.0518748, -0.0241901, 0.0358472, -0.0240068, 0.101722, -0.0767728, 0.0950858, -0.212223, 0.0358472, -0.0240068, 0.131862, 0.00572463, 0.0734077, -0.0993897, 0.182743, 0.012408, 0.0734077, -0.0993897, 0.012343, -0.00520276, -0.00239664, -0.0575372, 0.0358472, -0.0240068, 0.0176253, -0.0619823, -0.00157835, -0.0212027, 0.0176253, -0.0619823, 0.101722, -0.0767728, 0.0176253, -0.0619823, 0.0950858, -0.212223, -0.0360675, -0.27022, -0.00239664, -0.0575372, 0.0734077, -0.0993897, 0.0258243, -0.107477, 0.0734077, -0.0993897, -0.0166243, -0.0997745, -0.00239664, -0.0575372, -0.0360675, -0.27022, 0.0950858, -0.212223, -0.0360675, -0.27022, -0.0166243, -0.0997745, 0.0215478, -0.0065428, 0.0176253, -0.0619823, 0.0358472, -0.0240068, -0.00239664, -0.0575372, -0.00157835, -0.0212027, -0.00484554, -0.0152428, 0.0358472, -0.0240068, 0.0518748, -0.0241901, 0.0215478, -0.0065428, 0.0358472, -0.0240068, -0.00239664, -0.0575372, 0.012343, -0.00520276, 0.182743, 0.012408, 0.0734077, -0.0993897, 0.131862, 0.00572463, -0.00157835, -0.0212027, 0.0358472, -0.0240068, 0.0950858, -0.212223, 0.101722, -0.0767728, 0.0176253, -0.0619823, 0.0734077, -0.0993897, 0.0518748, -0.0241901, 0.101722, -0.0767728, 0.0518748, -0.0241901, 0.0215478, -0.0065428, 0.131862, 0.00572463, 0.0215478, -0.0065428, 0.0358472, -0.0240068, 0.0176253, -0.0619823, 0.0215478, -0.0065428, -0.00484554, -0.0152428, -0.00157835, -0.0212027, -0.00239664, -0.0575372, 0.012343, -0.00520276, ]
best_mc_result_fixed_tau =   [0.358774, 0.359606, ]
evolved_state_fixed_tau =   [[0.0097509, -0.00600535, -0.00509305, -0.0575066, 0.0187072, -0.00813168, -0.00488791, -0.0144551, -0.00330069, -0.0221015, 0.124954, 0.00611319, -0.00330069, -0.0221015, 0.0699788, -0.100794, -0.0219789, -0.0991816, -0.00330069, -0.0221015, -0.00488791, -0.0144551, 0.0187072, -0.00813168, -0.00509305, -0.0575066, 0.0134967, -0.062214, -0.0358352, -0.28057, 0.0134967, -0.062214, -0.00330069, -0.0221015, -0.0219789, -0.0991816, 0.0699788, -0.100794, 0.0175941, -0.107287, 0.0187072, -0.00813168, 0.0489723, -0.0252463, 0.0310669, -0.0263667, 0.0962082, -0.0782404, 0.0926839, -0.213605, 0.0310669, -0.0263667, 0.124954, 0.00611319, 0.0699788, -0.100794, 0.173228, 0.0127323, 0.0699788, -0.100794, 0.0097509, -0.00600535, -0.00509305, -0.0575066, 0.0310669, -0.0263667, 0.0134967, -0.062214, -0.00330069, -0.0221015, 0.0134967, -0.062214, 0.0962082, -0.0782404, 0.0134967, -0.062214, 0.0926839, -0.213605, -0.0358352, -0.28057, -0.00509305, -0.0575066, 0.0699788, -0.100794, 0.0175941, -0.107287, 0.0699788, -0.100794, -0.0219789, -0.0991816, -0.00509305, -0.0575066, -0.0358352, -0.28057, 0.0926839, -0.213605, -0.0358352, -0.28057, -0.0219789, -0.0991816, 0.0187072, -0.00813168, 0.0134967, -0.062214, 0.0310669, -0.0263667, -0.00509305, -0.0575066, -0.00330069, -0.0221015, -0.00488791, -0.0144551, 0.0310669, -0.0263667, 0.0489723, -0.0252463, 0.0187072, -0.00813168, 0.0310669, -0.0263667, -0.00509305, -0.0575066, 0.0097509, -0.00600535, 0.173228, 0.0127323, 0.0699788, -0.100794, 0.124954, 0.00611319, -0.00330069, -0.0221015, 0.0310669, -0.0263667, 0.0926839, -0.213605, 0.0962082, -0.0782404, 0.0134967, -0.062214, 0.0699788, -0.100794, 0.0489723, -0.0252463, 0.0962082, -0.0782404, 0.0489723, -0.0252463, 0.0187072, -0.00813168, 0.124954, 0.00611319, 0.0187072, -0.00813168, 0.0310669, -0.0263667, 0.0134967, -0.062214, 0.0187072, -0.00813168, -0.00488791, -0.0144551, -0.00330069, -0.0221015, -0.00509305, -0.0575066, 0.0097509, -0.00600535, ],[0.00940623, -0.00563201, -0.004533, -0.0579106, 0.0187503, -0.00807273, -0.00372843, -0.0149562, -0.00299073, -0.023446, 0.124982, 0.00815761, -0.00299073, -0.023446, 0.0718828, -0.100827, -0.0219537, -0.0997877, -0.00299073, -0.023446, -0.00372843, -0.0149562, 0.0187503, -0.00807273, -0.004533, -0.0579106, 0.0140696, -0.0621539, -0.0347636, -0.279955, 0.0140696, -0.0621539, -0.00299073, -0.023446, -0.0219537, -0.0997877, 0.0718828, -0.100827, 0.0173891, -0.106992, 0.0187503, -0.00807273, 0.0500929, -0.0245202, 0.030843, -0.0264115, 0.0968289, -0.077196, 0.0936886, -0.211986, 0.030843, -0.0264115, 0.124982, 0.00815761, 0.0718828, -0.100827, 0.173174, 0.0152663, 0.0718828, -0.100827, 0.00940623, -0.00563201, -0.004533, -0.0579106, 0.030843, -0.0264115, 0.0140696, -0.0621539, -0.00299073, -0.023446, 0.0140696, -0.0621539, 0.0968289, -0.077196, 0.0140696, -0.0621539, 0.0936886, -0.211986, -0.0347636, -0.279955, -0.004533, -0.0579106, 0.0718828, -0.100827, 0.0173891, -0.106992, 0.0718828, -0.100827, -0.0219537, -0.0997877, -0.004533, -0.0579106, -0.0347636, -0.279955, 0.0936886, -0.211986, -0.0347636, -0.279955, -0.0219537, -0.0997877, 0.0187503, -0.00807273, 0.0140696, -0.0621539, 0.030843, -0.0264115, -0.004533, -0.0579106, -0.00299073, -0.023446, -0.00372843, -0.0149562, 0.030843, -0.0264115, 0.0500929, -0.0245202, 0.0187503, -0.00807273, 0.030843, -0.0264115, -0.004533, -0.0579106, 0.00940623, -0.00563201, 0.173174, 0.0152663, 0.0718828, -0.100827, 0.124982, 0.00815761, -0.00299073, -0.023446, 0.030843, -0.0264115, 0.0936886, -0.211986, 0.0968289, -0.077196, 0.0140696, -0.0621539, 0.0718828, -0.100827, 0.0500929, -0.0245202, 0.0968289, -0.077196, 0.0500929, -0.0245202, 0.0187503, -0.00807273, 0.124982, 0.00815761, 0.0187503, -0.00807273, 0.030843, -0.0264115, 0.0140696, -0.0621539, 0.0187503, -0.00807273, -0.00372843, -0.0149562, -0.00299073, -0.023446, -0.004533, -0.0579106, 0.00940623, -0.00563201, ],]
