START_PARAMETERS
MAX_STEPS_MCDB =               32
MIN_STEPS_MCDB =               4
STEPS_CRUNCH_MCDB =            1
SWEEPS_MCDB =                  110
TOTAL_STEP_CHANGES =                  6
MCBB_SECONDARY =                  1
SWEEPS_MCBB_SECONDARY =                  300
NUMBER_OF_BANGS =                  8
GROUND_E =                -6.44392
INITIAL_E =               -6.14109
j_initial =               0.858
k_initial =               0.5
b_initial =               0
j_target =                0.987
k_target =                0.062
b_target =                0
init_target_dot_squared = 0.938676
init_state = [0.022211, 0, 0.0720354, 0, 0.0378716, 0, 0.0162108, 0, 0.0438674, 0, 0.105803, 0, 0.0438674, 0, 0.131745, 0, 0.111971, 0, 0.0438674, 0, 0.0162108, 0, 0.0378716, 0, 0.0720354, 0, 0.0852328, 0, 0.258472, 0, 0.0852328, 0, 0.0438674, 0, 0.111971, 0, 0.131745, 0, 0.134639, 0, 0.0378716, 0, 0.0584944, 0, 0.0643592, 0, 0.124537, 0, 0.213597, 0, 0.0643592, 0, 0.105803, 0, 0.131745, 0, 0.14466, 0, 0.131745, 0, 0.022211, 0, 0.0720354, 0, 0.0643592, 0, 0.0852328, 0, 0.0438674, 0, 0.0852328, 0, 0.124537, 0, 0.0852328, 0, 0.213597, 0, 0.258472, 0, 0.0720354, 0, 0.131745, 0, 0.134639, 0, 0.131745, 0, 0.111971, 0, 0.0720354, 0, 0.258472, 0, 0.213597, 0, 0.258472, 0, 0.111971, 0, 0.0378716, 0, 0.0852328, 0, 0.0643592, 0, 0.0720354, 0, 0.0438674, 0, 0.0162108, 0, 0.0643592, 0, 0.0584944, 0, 0.0378716, 0, 0.0643592, 0, 0.0720354, 0, 0.022211, 0, 0.14466, 0, 0.131745, 0, 0.105803, 0, 0.0438674, 0, 0.0643592, 0, 0.213597, 0, 0.124537, 0, 0.0852328, 0, 0.131745, 0, 0.0584944, 0, 0.124537, 0, 0.0584944, 0, 0.0378716, 0, 0.105803, 0, 0.0378716, 0, 0.0643592, 0, 0.0852328, 0, 0.0378716, 0, 0.0162108, 0, 0.0438674, 0, 0.0720354, 0, 0.022211, 0, ]
target_state = [0.0428065, 0, 0.0901304, 0, 0.0657575, 0, 0.0401783, 0, 0.0704483, 0, 0.115348, 0, 0.0704483, 0, 0.13853, 0, 0.119372, 0, 0.0704483, 0, 0.0401783, 0, 0.0657575, 0, 0.0901304, 0, 0.103765, 0, 0.180699, 0, 0.103765, 0, 0.0704483, 0, 0.119372, 0, 0.13853, 0, 0.140228, 0, 0.0657575, 0, 0.0881572, 0, 0.0902015, 0, 0.131821, 0, 0.172441, 0, 0.0902015, 0, 0.115348, 0, 0.13853, 0, 0.145746, 0, 0.13853, 0, 0.0428065, 0, 0.0901304, 0, 0.0902015, 0, 0.103765, 0, 0.0704483, 0, 0.103765, 0, 0.131821, 0, 0.103765, 0, 0.172441, 0, 0.180699, 0, 0.0901304, 0, 0.13853, 0, 0.140228, 0, 0.13853, 0, 0.119372, 0, 0.0901304, 0, 0.180699, 0, 0.172441, 0, 0.180699, 0, 0.119372, 0, 0.0657575, 0, 0.103765, 0, 0.0902015, 0, 0.0901304, 0, 0.0704483, 0, 0.0401783, 0, 0.0902015, 0, 0.0881572, 0, 0.0657575, 0, 0.0902015, 0, 0.0901304, 0, 0.0428065, 0, 0.145746, 0, 0.13853, 0, 0.115348, 0, 0.0704483, 0, 0.0902015, 0, 0.172441, 0, 0.131821, 0, 0.103765, 0, 0.13853, 0, 0.0881572, 0, 0.131821, 0, 0.0881572, 0, 0.0657575, 0, 0.115348, 0, 0.0657575, 0, 0.0902015, 0, 0.103765, 0, 0.0657575, 0, 0.0401783, 0, 0.0704483, 0, 0.0901304, 0, 0.0428065, 0, ]
USE_ENERGY_DISTANCE =     false
PERIODIC =                false
UNIFORM_SITES =           true
DEVICE_DIMENSION =        2
MAX_PARAM =               1
MIN_PARAM =               0
MIN_PARAM =               0
DIAG =                    true
NUM_SEEDS =               2
NUMBER_OF_BANGS =               8
DISTANCE_LIMIT =          0.01
TAU_INIT =                0.4
MAX_TAU =                 5
TAU_SCALAR =              1.2
TAU_SCALAR_TINY =         1.1
TAU_SCALAR_BIG =          1.4
ACCEPTANCE_PROB =         0.85
TEMP_EXP_DECAY =          0.8
MIN_TEMP_FRACTION =       0.01
TEMP_DECAY_ITERATIONS =   21
ZERO_TEMP_ITREATIONS =    30
RANDOM_STATES =           3
END_PARAMETERS
##############################################################################
clock_duration  =         908.06
tau =                     0.4
total_steps =             32
time_step =               0.0125
best_mc_result =          0.0199632
best_mc_result_non_secondary =          0.0203637
evolved_target_dot_squared =  0.980037
distance =          0.325534
j_protocol =  [[1, 1, 1, 1, 1, 1, 1, 1, 1, 1, 1, 1, 1, 1, 1, 1, 1, 1, 1, 1, 1, 1, 1, 1, 1, 1, 1, 1, 1, 1, 1, 1, ],[1, 1, 1, 1, 1, 1, 1, 1, 1, 1, 1, 1, 1, 1, 1, 1, 1, 1, 1, 1, 1, 1, 1, 1, 1, 1, 1, 1, 1, 1, 1, 1, ],]
k_protocol =  [[0, 0, 0, 0, 0, 0, 0, 0, 0, 0, 1, 1, 1, 1, 1, 1, 0, 0, 0, 0, 0, 0, 0, 0, 0, 0, 0, 0, 1, 1, 1, 1, ],[0, 0, 0, 0, 0, 0, 0, 0, 0, 0, 1, 1, 1, 1, 1, 1, 0, 0, 0, 0, 0, 0, 0, 0, 0, 0, 0, 0, 1, 1, 1, 1, ],]
j_protocol_secondary =  [0, 0.0489755, 0.0489755, 0.0515704, 0.0515704, 0.0759573, 0.0759573, 0.117935, 0.117935, 0.18992, 0.18992, 0.232252, 0.232252, 0.28386, 0.28386, 0.397656, ]
k_protocol_secondary =  [0.0076087, 0.0076087, 0.095486, 0.0993261, 0.109063, 0.182112, 0.221907, 0.221907, 0.236761, 0.236761, 0.264507, 0.264507, 0.344428, 0.349247, 0.349247, 0.4, ]
best_evolved_state = [-0.029717, 0.0124683, -0.0818408, 0.0274775, -0.0494041, 0.00797652, -0.0290677, 0.000629384, -0.0604293, 0.0155811, -0.0945279, 0.00855967, -0.0604293, 0.0155811, -0.135998, 0.0418976, -0.113507, 0.0560652, -0.0604293, 0.0155811, -0.0290677, 0.000629384, -0.0494041, 0.00797652, -0.0818408, 0.0274775, -0.0953539, 0.0334995, -0.189318, 0.0759616, -0.0953539, 0.0334995, -0.0604293, 0.0155811, -0.113507, 0.0560652, -0.135998, 0.0418976, -0.136927, 0.0682367, -0.0494041, 0.00797652, -0.0772008, 0.0109338, -0.0773892, 0.0294944, -0.122573, 0.0394462, -0.172766, 0.0759105, -0.0773892, 0.0294944, -0.0945279, 0.00855967, -0.135998, 0.0418976, -0.134089, 0.0174956, -0.135998, 0.0418976, -0.029717, 0.0124683, -0.0818408, 0.0274775, -0.0773892, 0.0294944, -0.0953539, 0.0334995, -0.0604293, 0.0155811, -0.0953539, 0.0334995, -0.122573, 0.0394462, -0.0953539, 0.0334995, -0.172766, 0.0759105, -0.189318, 0.0759616, -0.0818408, 0.0274775, -0.135998, 0.0418976, -0.136927, 0.0682367, -0.135998, 0.0418976, -0.113507, 0.0560652, -0.0818408, 0.0274775, -0.189318, 0.0759616, -0.172766, 0.0759105, -0.189318, 0.0759616, -0.113507, 0.0560652, -0.0494041, 0.00797652, -0.0953539, 0.0334995, -0.0773892, 0.0294944, -0.0818408, 0.0274775, -0.0604293, 0.0155811, -0.0290677, 0.000629384, -0.0773892, 0.0294944, -0.0772008, 0.0109338, -0.0494041, 0.00797652, -0.0773892, 0.0294944, -0.0818408, 0.0274775, -0.029717, 0.0124683, -0.134089, 0.0174956, -0.135998, 0.0418976, -0.0945279, 0.00855967, -0.0604293, 0.0155811, -0.0773892, 0.0294944, -0.172766, 0.0759105, -0.122573, 0.0394462, -0.0953539, 0.0334995, -0.135998, 0.0418976, -0.0772008, 0.0109338, -0.122573, 0.0394462, -0.0772008, 0.0109338, -0.0494041, 0.00797652, -0.0945279, 0.00855967, -0.0494041, 0.00797652, -0.0773892, 0.0294944, -0.0953539, 0.0334995, -0.0494041, 0.00797652, -0.0290677, 0.000629384, -0.0604293, 0.0155811, -0.0818408, 0.0274775, -0.029717, 0.0124683, ]
best_mc_result_fixed_tau =   [0.0203637, 0.0203637, ]
evolved_state_fixed_tau =   [[-0.0287329, 0.0128586, -0.0821658, 0.0282945, -0.0498429, 0.00767426, -0.0306194, 0.000600433, -0.0614412, 0.0165721, -0.0965694, 0.00605468, -0.0614412, 0.0165721, -0.136736, 0.0434212, -0.110375, 0.0576955, -0.0614412, 0.0165721, -0.0306194, 0.000600433, -0.0498429, 0.00767426, -0.0821658, 0.0282945, -0.0952219, 0.0346025, -0.188573, 0.0748763, -0.0952219, 0.0346025, -0.0614412, 0.0165721, -0.110375, 0.0576955, -0.136736, 0.0434212, -0.133105, 0.0705584, -0.0498429, 0.00767426, -0.0800687, 0.0115094, -0.0764345, 0.0306786, -0.122022, 0.0400918, -0.169468, 0.0762958, -0.0764345, 0.0306786, -0.0965694, 0.00605468, -0.136736, 0.0434212, -0.137396, 0.0151434, -0.136736, 0.0434212, -0.0287329, 0.0128586, -0.0821658, 0.0282945, -0.0764345, 0.0306786, -0.0952219, 0.0346025, -0.0614412, 0.0165721, -0.0952219, 0.0346025, -0.122022, 0.0400918, -0.0952219, 0.0346025, -0.169468, 0.0762958, -0.188573, 0.0748763, -0.0821658, 0.0282945, -0.136736, 0.0434212, -0.133105, 0.0705584, -0.136736, 0.0434212, -0.110375, 0.0576955, -0.0821658, 0.0282945, -0.188573, 0.0748763, -0.169468, 0.0762958, -0.188573, 0.0748763, -0.110375, 0.0576955, -0.0498429, 0.00767426, -0.0952219, 0.0346025, -0.0764345, 0.0306786, -0.0821658, 0.0282945, -0.0614412, 0.0165721, -0.0306194, 0.000600433, -0.0764345, 0.0306786, -0.0800687, 0.0115094, -0.0498429, 0.00767426, -0.0764345, 0.0306786, -0.0821658, 0.0282945, -0.0287329, 0.0128586, -0.137396, 0.0151434, -0.136736, 0.0434212, -0.0965694, 0.00605468, -0.0614412, 0.0165721, -0.0764345, 0.0306786, -0.169468, 0.0762958, -0.122022, 0.0400918, -0.0952219, 0.0346025, -0.136736, 0.0434212, -0.0800687, 0.0115094, -0.122022, 0.0400918, -0.0800687, 0.0115094, -0.0498429, 0.00767426, -0.0965694, 0.00605468, -0.0498429, 0.00767426, -0.0764345, 0.0306786, -0.0952219, 0.0346025, -0.0498429, 0.00767426, -0.0306194, 0.000600433, -0.0614412, 0.0165721, -0.0821658, 0.0282945, -0.0287329, 0.0128586, ],[-0.0287329, 0.0128586, -0.0821658, 0.0282945, -0.0498429, 0.00767426, -0.0306194, 0.000600433, -0.0614412, 0.0165721, -0.0965694, 0.00605468, -0.0614412, 0.0165721, -0.136736, 0.0434212, -0.110375, 0.0576955, -0.0614412, 0.0165721, -0.0306194, 0.000600433, -0.0498429, 0.00767426, -0.0821658, 0.0282945, -0.0952219, 0.0346025, -0.188573, 0.0748763, -0.0952219, 0.0346025, -0.0614412, 0.0165721, -0.110375, 0.0576955, -0.136736, 0.0434212, -0.133105, 0.0705584, -0.0498429, 0.00767426, -0.0800687, 0.0115094, -0.0764345, 0.0306786, -0.122022, 0.0400918, -0.169468, 0.0762958, -0.0764345, 0.0306786, -0.0965694, 0.00605468, -0.136736, 0.0434212, -0.137396, 0.0151434, -0.136736, 0.0434212, -0.0287329, 0.0128586, -0.0821658, 0.0282945, -0.0764345, 0.0306786, -0.0952219, 0.0346025, -0.0614412, 0.0165721, -0.0952219, 0.0346025, -0.122022, 0.0400918, -0.0952219, 0.0346025, -0.169468, 0.0762958, -0.188573, 0.0748763, -0.0821658, 0.0282945, -0.136736, 0.0434212, -0.133105, 0.0705584, -0.136736, 0.0434212, -0.110375, 0.0576955, -0.0821658, 0.0282945, -0.188573, 0.0748763, -0.169468, 0.0762958, -0.188573, 0.0748763, -0.110375, 0.0576955, -0.0498429, 0.00767426, -0.0952219, 0.0346025, -0.0764345, 0.0306786, -0.0821658, 0.0282945, -0.0614412, 0.0165721, -0.0306194, 0.000600433, -0.0764345, 0.0306786, -0.0800687, 0.0115094, -0.0498429, 0.00767426, -0.0764345, 0.0306786, -0.0821658, 0.0282945, -0.0287329, 0.0128586, -0.137396, 0.0151434, -0.136736, 0.0434212, -0.0965694, 0.00605468, -0.0614412, 0.0165721, -0.0764345, 0.0306786, -0.169468, 0.0762958, -0.122022, 0.0400918, -0.0952219, 0.0346025, -0.136736, 0.0434212, -0.0800687, 0.0115094, -0.122022, 0.0400918, -0.0800687, 0.0115094, -0.0498429, 0.00767426, -0.0965694, 0.00605468, -0.0498429, 0.00767426, -0.0764345, 0.0306786, -0.0952219, 0.0346025, -0.0498429, 0.00767426, -0.0306194, 0.000600433, -0.0614412, 0.0165721, -0.0821658, 0.0282945, -0.0287329, 0.0128586, ],]
##############################################################################
clock_duration  =         1864.05
tau =                     0.48
total_steps =             32
time_step =               0.015
best_mc_result =          0.0157016
best_mc_result_non_secondary =          0.0173531
evolved_target_dot_squared =  0.984298
distance =          0.256042
j_protocol =  [[1, 1, 1, 1, 1, 1, 1, 1, 1, 1, 1, 1, 1, 1, 1, 1, 1, 1, 1, 1, 1, 1, 1, 1, 1, 1, 1, 1, 1, 1, 0, 0, ],[1, 1, 1, 1, 1, 1, 1, 1, 0, 0, 1, 1, 1, 1, 1, 1, 1, 1, 1, 1, 1, 1, 1, 1, 1, 1, 1, 1, 1, 1, 0, 0, ],]
k_protocol =  [[0, 0, 0, 0, 0, 1, 1, 1, 0, 1, 0, 1, 1, 0, 0, 0, 0, 0, 1, 0, 0, 0, 0, 0, 0, 0, 0, 0, 1, 1, 1, 1, ],[0, 0, 0, 0, 0, 0, 0, 0, 1, 1, 1, 1, 0, 0, 1, 1, 0, 0, 0, 0, 0, 0, 0, 0, 0, 0, 0, 0, 1, 1, 1, 1, ],]
j_protocol_secondary =  [0, 0.0118274, 0.0118274, 0.0227683, 0.0227683, 0.123775, 0.123775, 0.25006, 0.25006, 0.320274, 0.320274, 0.453652, 0.453652, 0.477303, 0.478884, 0.478884, ]
k_protocol_secondary =  [0.11054, 0.122347, 0.124889, 0.1469, 0.1469, 0.15, 0.15, 0.15575, 0.15575, 0.21336, 0.23988, 0.23988, 0.278122, 0.278122, 0.420606, 0.48, ]
best_evolved_state = [-0.0316096, -0.00862987, -0.0842862, -0.0187889, -0.0488469, -0.0221502, -0.027457, -0.0141331, -0.0605736, -0.0175164, -0.0896204, -0.0479243, -0.0605736, -0.0175164, -0.137921, -0.034625, -0.123166, -0.0149507, -0.0605736, -0.0175164, -0.027457, -0.0141331, -0.0488469, -0.0221502, -0.0842862, -0.0187889, -0.0988537, -0.0218471, -0.19762, -0.0341984, -0.0988537, -0.0218471, -0.0605736, -0.0175164, -0.123166, -0.0149507, -0.137921, -0.034625, -0.148729, -0.0175167, -0.0488469, -0.0221502, -0.0745414, -0.0287434, -0.0806556, -0.018408, -0.12535, -0.0334222, -0.182136, -0.0296224, -0.0806556, -0.018408, -0.0896204, -0.0479243, -0.137921, -0.034625, -0.130754, -0.0592202, -0.137921, -0.034625, -0.0316096, -0.00862987, -0.0842862, -0.0187889, -0.0806556, -0.018408, -0.0988537, -0.0218471, -0.0605736, -0.0175164, -0.0988537, -0.0218471, -0.12535, -0.0334222, -0.0988537, -0.0218471, -0.182136, -0.0296224, -0.19762, -0.0341984, -0.0842862, -0.0187889, -0.137921, -0.034625, -0.148729, -0.0175167, -0.137921, -0.034625, -0.123166, -0.0149507, -0.0842862, -0.0187889, -0.19762, -0.0341984, -0.182136, -0.0296224, -0.19762, -0.0341984, -0.123166, -0.0149507, -0.0488469, -0.0221502, -0.0988537, -0.0218471, -0.0806556, -0.018408, -0.0842862, -0.0187889, -0.0605736, -0.0175164, -0.027457, -0.0141331, -0.0806556, -0.018408, -0.0745414, -0.0287434, -0.0488469, -0.0221502, -0.0806556, -0.018408, -0.0842862, -0.0187889, -0.0316096, -0.00862987, -0.130754, -0.0592202, -0.137921, -0.034625, -0.0896204, -0.0479243, -0.0605736, -0.0175164, -0.0806556, -0.018408, -0.182136, -0.0296224, -0.12535, -0.0334222, -0.0988537, -0.0218471, -0.137921, -0.034625, -0.0745414, -0.0287434, -0.12535, -0.0334222, -0.0745414, -0.0287434, -0.0488469, -0.0221502, -0.0896204, -0.0479243, -0.0488469, -0.0221502, -0.0806556, -0.018408, -0.0988537, -0.0218471, -0.0488469, -0.0221502, -0.027457, -0.0141331, -0.0605736, -0.0175164, -0.0842862, -0.0187889, -0.0316096, -0.00862987, ]
best_mc_result_fixed_tau =   [0.0173531, 0.0179951, ]
evolved_state_fixed_tau =   [[-0.0347488, -0.000586841, -0.0864016, -0.00593409, -0.0506159, -0.0117699, -0.0274202, -0.00951204, -0.062173, -0.0082957, -0.089726, -0.0292853, -0.062173, -0.0082957, -0.140535, -0.0149858, -0.129193, 0.00587055, -0.062173, -0.0082957, -0.0274202, -0.00951204, -0.0506159, -0.0117699, -0.0864016, -0.00593409, -0.101827, -0.00616557, -0.198989, -0.0065386, -0.101827, -0.00616557, -0.062173, -0.0082957, -0.129193, 0.00587055, -0.140535, -0.0149858, -0.156144, 0.00731166, -0.0506159, -0.0117699, -0.0744608, -0.0182017, -0.0850949, -0.00351384, -0.128842, -0.0128022, -0.187878, -0.0013731, -0.0850949, -0.00351384, -0.089726, -0.0292853, -0.140535, -0.0149858, -0.129123, -0.0358659, -0.140535, -0.0149858, -0.0347488, -0.000586841, -0.0864016, -0.00593409, -0.0850949, -0.00351384, -0.101827, -0.00616557, -0.062173, -0.0082957, -0.101827, -0.00616557, -0.128842, -0.0128022, -0.101827, -0.00616557, -0.187878, -0.0013731, -0.198989, -0.0065386, -0.0864016, -0.00593409, -0.140535, -0.0149858, -0.156144, 0.00731166, -0.140535, -0.0149858, -0.129193, 0.00587055, -0.0864016, -0.00593409, -0.198989, -0.0065386, -0.187878, -0.0013731, -0.198989, -0.0065386, -0.129193, 0.00587055, -0.0506159, -0.0117699, -0.101827, -0.00616557, -0.0850949, -0.00351384, -0.0864016, -0.00593409, -0.062173, -0.0082957, -0.0274202, -0.00951204, -0.0850949, -0.00351384, -0.0744608, -0.0182017, -0.0506159, -0.0117699, -0.0850949, -0.00351384, -0.0864016, -0.00593409, -0.0347488, -0.000586841, -0.129123, -0.0358659, -0.140535, -0.0149858, -0.089726, -0.0292853, -0.062173, -0.0082957, -0.0850949, -0.00351384, -0.187878, -0.0013731, -0.128842, -0.0128022, -0.101827, -0.00616557, -0.140535, -0.0149858, -0.0744608, -0.0182017, -0.128842, -0.0128022, -0.0744608, -0.0182017, -0.0506159, -0.0117699, -0.089726, -0.0292853, -0.0506159, -0.0117699, -0.0850949, -0.00351384, -0.101827, -0.00616557, -0.0506159, -0.0117699, -0.0274202, -0.00951204, -0.062173, -0.0082957, -0.0864016, -0.00593409, -0.0347488, -0.000586841, ],[-0.0322982, 0.00749703, -0.0853997, 0.0139837, -0.0511522, 3.63357e-05, -0.0290906, -0.00280548, -0.0622632, 0.00653321, -0.0946499, -0.00902129, -0.0622632, 0.00653321, -0.140862, 0.0174991, -0.12253, 0.0350888, -0.0622632, 0.00653321, -0.0290906, -0.00280548, -0.0511522, 3.63357e-05, -0.0853997, 0.0139837, -0.100076, 0.0172583, -0.198201, 0.0373111, -0.100076, 0.0172583, -0.0622632, 0.00653321, -0.12253, 0.0350888, -0.140862, 0.0174991, -0.147975, 0.0427212, -0.0511522, 3.63357e-05, -0.0776208, -0.000572198, -0.0820898, 0.0163409, -0.128101, 0.0165611, -0.183646, 0.0406579, -0.0820898, 0.0163409, -0.0946499, -0.00902129, -0.140862, 0.0174991, -0.135124, -0.00698197, -0.140862, 0.0174991, -0.0322982, 0.00749703, -0.0853997, 0.0139837, -0.0820898, 0.0163409, -0.100076, 0.0172583, -0.0622632, 0.00653321, -0.100076, 0.0172583, -0.128101, 0.0165611, -0.100076, 0.0172583, -0.183646, 0.0406579, -0.198201, 0.0373111, -0.0853997, 0.0139837, -0.140862, 0.0174991, -0.147975, 0.0427212, -0.140862, 0.0174991, -0.12253, 0.0350888, -0.0853997, 0.0139837, -0.198201, 0.0373111, -0.183646, 0.0406579, -0.198201, 0.0373111, -0.12253, 0.0350888, -0.0511522, 3.63357e-05, -0.100076, 0.0172583, -0.0820898, 0.0163409, -0.0853997, 0.0139837, -0.0622632, 0.00653321, -0.0290906, -0.00280548, -0.0820898, 0.0163409, -0.0776208, -0.000572198, -0.0511522, 3.63357e-05, -0.0820898, 0.0163409, -0.0853997, 0.0139837, -0.0322982, 0.00749703, -0.135124, -0.00698197, -0.140862, 0.0174991, -0.0946499, -0.00902129, -0.0622632, 0.00653321, -0.0820898, 0.0163409, -0.183646, 0.0406579, -0.128101, 0.0165611, -0.100076, 0.0172583, -0.140862, 0.0174991, -0.0776208, -0.000572198, -0.128101, 0.0165611, -0.0776208, -0.000572198, -0.0511522, 3.63357e-05, -0.0946499, -0.00902129, -0.0511522, 3.63357e-05, -0.0820898, 0.0163409, -0.100076, 0.0172583, -0.0511522, 3.63357e-05, -0.0290906, -0.00280548, -0.0622632, 0.00653321, -0.0853997, 0.0139837, -0.0322982, 0.00749703, ],]
##############################################################################
clock_duration  =         3619.03
tau =                     0.576
total_steps =             32
time_step =               0.021
best_mc_result =          0.0103866
best_mc_result_non_secondary =          0
evolved_target_dot_squared =  0.989613
distance =          0.16937
j_protocol =  [[0, 0, 0, 0, 0, 0, 0, 0, 0, 0, 0, 0, 0, 0, 0, 0, 0, 0, 0, 0, 0, 0, 0, 0, 0, 0, 0, 0, 0, 0, 0, 0, ],[0, 0, 0, 0, 0, 0, 0, 0, 0, 0, 0, 0, 0, 0, 0, 0, 0, 0, 0, 0, 0, 0, 0, 0, 0, 0, 0, 0, 0, 0, 0, 0, ],]
k_protocol =  [[0, 0, 0, 0, 0, 0, 0, 0, 0, 0, 0, 0, 0, 0, 0, 0, 0, 0, 0, 0, 0, 0, 0, 0, 0, 0, 0, 0, 0, 0, 0, 0, ],[0, 0, 0, 0, 0, 0, 0, 0, 0, 0, 0, 0, 0, 0, 0, 0, 0, 0, 0, 0, 0, 0, 0, 0, 0, 0, 0, 0, 0, 0, 0, 0, ],]
j_protocol_secondary =  [0, 0.0789722, 0.0789722, 0.113281, 0.113281, 0.132395, 0.132395, 0.160066, 0.160066, 0.334755, 0.334755, 0.362807, 0.362807, 0.52289, 0.52289, 0.572503, ]
k_protocol_secondary =  [0.032726, 0.032726, 0.0327769, 0.0327769, 0.13413, 0.176805, 0.176941, 0.194258, 0.196027, 0.258399, 0.317298, 0.317298, 0.37005, 0.37005, 0.509648, 0.576, ]
best_evolved_state = [-0.0197785, -0.031957, -0.0559453, -0.0637743, -0.0293053, -0.0527785, -0.0166318, -0.0273372, -0.0387523, -0.0493128, -0.0466849, -0.101345, -0.0387523, -0.0493128, -0.0877652, -0.108574, -0.0858835, -0.089289, -0.0387523, -0.0493128, -0.0166318, -0.0273372, -0.0293053, -0.0527785, -0.0559453, -0.0637743, -0.0655901, -0.0767524, -0.130823, -0.141467, -0.0655901, -0.0767524, -0.0387523, -0.0493128, -0.0858835, -0.089289, -0.0877652, -0.108574, -0.103661, -0.107299, -0.0293053, -0.0527785, -0.0452968, -0.0642158, -0.0521051, -0.0679551, -0.0791847, -0.105905, -0.119041, -0.135572, -0.0521051, -0.0679551, -0.0466849, -0.101345, -0.0877652, -0.108574, -0.0776131, -0.131911, -0.0877652, -0.108574, -0.0197785, -0.031957, -0.0559453, -0.0637743, -0.0521051, -0.0679551, -0.0655901, -0.0767524, -0.0387523, -0.0493128, -0.0655901, -0.0767524, -0.0791847, -0.105905, -0.0655901, -0.0767524, -0.119041, -0.135572, -0.130823, -0.141467, -0.0559453, -0.0637743, -0.0877652, -0.108574, -0.103661, -0.107299, -0.0877652, -0.108574, -0.0858835, -0.089289, -0.0559453, -0.0637743, -0.130823, -0.141467, -0.119041, -0.135572, -0.130823, -0.141467, -0.0858835, -0.089289, -0.0293053, -0.0527785, -0.0655901, -0.0767524, -0.0521051, -0.0679551, -0.0559453, -0.0637743, -0.0387523, -0.0493128, -0.0166318, -0.0273372, -0.0521051, -0.0679551, -0.0452968, -0.0642158, -0.0293053, -0.0527785, -0.0521051, -0.0679551, -0.0559453, -0.0637743, -0.0197785, -0.031957, -0.0776131, -0.131911, -0.0877652, -0.108574, -0.0466849, -0.101345, -0.0387523, -0.0493128, -0.0521051, -0.0679551, -0.119041, -0.135572, -0.0791847, -0.105905, -0.0655901, -0.0767524, -0.0877652, -0.108574, -0.0452968, -0.0642158, -0.0791847, -0.105905, -0.0452968, -0.0642158, -0.0293053, -0.0527785, -0.0466849, -0.101345, -0.0293053, -0.0527785, -0.0521051, -0.0679551, -0.0655901, -0.0767524, -0.0293053, -0.0527785, -0.0166318, -0.0273372, -0.0387523, -0.0493128, -0.0559453, -0.0637743, -0.0197785, -0.031957, ]
best_mc_result_fixed_tau =   [0.00906247, 0.00864665, ]
evolved_state_fixed_tau =   [[-0.00160415, -0.0403195, -0.0117955, -0.0812388, -0.000767703, -0.0627376, -0.0028727, -0.030381, -0.00704611, -0.0596987, 0.0155084, -0.119842, -0.00704611, -0.0596987, -0.0106077, -0.136495, -0.0204868, -0.120383, -0.00704611, -0.0596987, -0.0028727, -0.030381, -0.000767703, -0.0627376, -0.0117955, -0.0812388, -0.0129858, -0.0976941, -0.0208972, -0.193476, -0.0129858, -0.0976941, -0.00704611, -0.0596987, -0.0204868, -0.120383, -0.0106077, -0.136495, -0.0243901, -0.144114, -0.000767703, -0.0627376, -0.00548473, -0.0750052, -0.00736594, -0.0858892, -0.00651925, -0.132938, -0.013547, -0.180896, -0.00736594, -0.0858892, 0.0155084, -0.119842, -0.0106077, -0.136495, 0.00283967, -0.159626, -0.0106077, -0.136495, -0.00160415, -0.0403195, -0.0117955, -0.0812388, -0.00736594, -0.0858892, -0.0129858, -0.0976941, -0.00704611, -0.0596987, -0.0129858, -0.0976941, -0.00651925, -0.132938, -0.0129858, -0.0976941, -0.013547, -0.180896, -0.0208972, -0.193476, -0.0117955, -0.0812388, -0.0106077, -0.136495, -0.0243901, -0.144114, -0.0106077, -0.136495, -0.0204868, -0.120383, -0.0117955, -0.0812388, -0.0208972, -0.193476, -0.013547, -0.180896, -0.0208972, -0.193476, -0.0204868, -0.120383, -0.000767703, -0.0627376, -0.0129858, -0.0976941, -0.00736594, -0.0858892, -0.0117955, -0.0812388, -0.00704611, -0.0596987, -0.0028727, -0.030381, -0.00736594, -0.0858892, -0.00548473, -0.0750052, -0.000767703, -0.0627376, -0.00736594, -0.0858892, -0.0117955, -0.0812388, -0.00160415, -0.0403195, 0.00283967, -0.159626, -0.0106077, -0.136495, 0.0155084, -0.119842, -0.00704611, -0.0596987, -0.00736594, -0.0858892, -0.013547, -0.180896, -0.00651925, -0.132938, -0.0129858, -0.0976941, -0.0106077, -0.136495, -0.00548473, -0.0750052, -0.00651925, -0.132938, -0.00548473, -0.0750052, -0.000767703, -0.0627376, 0.0155084, -0.119842, -0.000767703, -0.0627376, -0.00736594, -0.0858892, -0.0129858, -0.0976941, -0.000767703, -0.0627376, -0.0028727, -0.030381, -0.00704611, -0.0596987, -0.0117955, -0.0812388, -0.00160415, -0.0403195, ],[0.00433021, -0.0405621, 0.000359126, -0.0815949, 0.00774457, -0.0627593, 0.00228605, -0.0304399, 0.00242968, -0.0600089, 0.0300474, -0.11917, 0.00242968, -0.0600089, 0.00844862, -0.13662, -0.00414687, -0.12149, 0.00242968, -0.0600089, 0.00228605, -0.0304399, 0.00774457, -0.0627593, 0.000359126, -0.0815949, 0.00111306, -0.0981452, 0.00246348, -0.193725, 0.00111306, -0.0981452, 0.00242968, -0.0600089, -0.00414687, -0.12149, 0.00844862, -0.13662, -0.00483445, -0.145342, 0.00774457, -0.0627593, 0.00637299, -0.0748006, 0.00511272, -0.0864731, 0.0108801, -0.132835, 0.00953678, -0.180989, 0.00511272, -0.0864731, 0.0300474, -0.11917, 0.00844862, -0.13662, 0.0215888, -0.159114, 0.00844862, -0.13662, 0.00433021, -0.0405621, 0.000359126, -0.0815949, 0.00511272, -0.0864731, 0.00111306, -0.0981452, 0.00242968, -0.0600089, 0.00111306, -0.0981452, 0.0108801, -0.132835, 0.00111306, -0.0981452, 0.00953678, -0.180989, 0.00246348, -0.193725, 0.000359126, -0.0815949, 0.00844862, -0.13662, -0.00483445, -0.145342, 0.00844862, -0.13662, -0.00414687, -0.12149, 0.000359126, -0.0815949, 0.00246348, -0.193725, 0.00953678, -0.180989, 0.00246348, -0.193725, -0.00414687, -0.12149, 0.00774457, -0.0627593, 0.00111306, -0.0981452, 0.00511272, -0.0864731, 0.000359126, -0.0815949, 0.00242968, -0.0600089, 0.00228605, -0.0304399, 0.00511272, -0.0864731, 0.00637299, -0.0748006, 0.00774457, -0.0627593, 0.00511272, -0.0864731, 0.000359126, -0.0815949, 0.00433021, -0.0405621, 0.0215888, -0.159114, 0.00844862, -0.13662, 0.0300474, -0.11917, 0.00242968, -0.0600089, 0.00511272, -0.0864731, 0.00953678, -0.180989, 0.0108801, -0.132835, 0.00111306, -0.0981452, 0.00844862, -0.13662, 0.00637299, -0.0748006, 0.0108801, -0.132835, 0.00637299, -0.0748006, 0.00774457, -0.0627593, 0.0300474, -0.11917, 0.00774457, -0.0627593, 0.00511272, -0.0864731, 0.00111306, -0.0981452, 0.00774457, -0.0627593, 0.00228605, -0.0304399, 0.00242968, -0.0600089, 0.000359126, -0.0815949, 0.00433021, -0.0405621, ],]
##############################################################################
clock_duration  =         6440.67
tau =                     0.582
total_steps =             32
time_step =               0.021
best_mc_result =          0.0100946
best_mc_result_non_secondary =          0
evolved_target_dot_squared =  0.989905
distance =          0.164609
j_protocol =  [[0, 0, 0, 0, 0, 0, 0, 0, 0, 0, 0, 0, 0, 0, 0, 0, 0, 0, 0, 0, 0, 0, 0, 0, 0, 0, 0, 0, 0, 0, 0, 0, ],[0, 0, 0, 0, 0, 0, 0, 0, 0, 0, 0, 0, 0, 0, 0, 0, 0, 0, 0, 0, 0, 0, 0, 0, 0, 0, 0, 0, 0, 0, 0, 0, ],]
k_protocol =  [[0, 0, 0, 0, 0, 0, 0, 0, 0, 0, 0, 0, 0, 0, 0, 0, 0, 0, 0, 0, 0, 0, 0, 0, 0, 0, 0, 0, 0, 0, 0, 0, ],[0, 0, 0, 0, 0, 0, 0, 0, 0, 0, 0, 0, 0, 0, 0, 0, 0, 0, 0, 0, 0, 0, 0, 0, 0, 0, 0, 0, 0, 0, 0, 0, ],]
j_protocol_secondary =  [0, 0.0797948, 0.0797948, 0.114461, 0.114461, 0.133774, 0.133774, 0.161733, 0.161733, 0.338242, 0.338242, 0.366586, 0.366586, 0.528337, 0.528337, 0.578843, ]
k_protocol_secondary =  [0.0330669, 0.0330669, 0.0331183, 0.0331183, 0.13691, 0.178864, 0.178864, 0.196699, 0.196699, 0.259861, 0.320604, 0.320604, 0.373905, 0.373905, 0.514969, 0.582, ]
best_evolved_state = [-0.0186231, -0.0332128, -0.0532576, -0.0658605, -0.0275224, -0.0543866, -0.0157189, -0.0280012, -0.0367824, -0.0508378, -0.0427418, -0.103859, -0.0367824, -0.0508378, -0.0830552, -0.111961, -0.0820995, -0.092886, -0.0367824, -0.0508378, -0.0157189, -0.0280012, -0.0275224, -0.0543866, -0.0532576, -0.0658605, -0.0624102, -0.0793487, -0.124109, -0.146214, -0.0624102, -0.0793487, -0.0367824, -0.0508378, -0.0820995, -0.092886, -0.0830552, -0.111961, -0.0991046, -0.111628, -0.0275224, -0.0543866, -0.0427209, -0.0658113, -0.0493784, -0.0704321, -0.0747718, -0.109326, -0.112694, -0.140402, -0.0493784, -0.0704321, -0.0427418, -0.103859, -0.0830552, -0.111961, -0.0727321, -0.135329, -0.0830552, -0.111961, -0.0186231, -0.0332128, -0.0532576, -0.0658605, -0.0493784, -0.0704321, -0.0624102, -0.0793487, -0.0367824, -0.0508378, -0.0624102, -0.0793487, -0.0747718, -0.109326, -0.0624102, -0.0793487, -0.112694, -0.140402, -0.124109, -0.146214, -0.0532576, -0.0658605, -0.0830552, -0.111961, -0.0991046, -0.111628, -0.0830552, -0.111961, -0.0820995, -0.092886, -0.0532576, -0.0658605, -0.124109, -0.146214, -0.112694, -0.140402, -0.124109, -0.146214, -0.0820995, -0.092886, -0.0275224, -0.0543866, -0.0624102, -0.0793487, -0.0493784, -0.0704321, -0.0532576, -0.0658605, -0.0367824, -0.0508378, -0.0157189, -0.0280012, -0.0493784, -0.0704321, -0.0427209, -0.0658113, -0.0275224, -0.0543866, -0.0493784, -0.0704321, -0.0532576, -0.0658605, -0.0186231, -0.0332128, -0.0727321, -0.135329, -0.0830552, -0.111961, -0.0427418, -0.103859, -0.0367824, -0.0508378, -0.0493784, -0.0704321, -0.112694, -0.140402, -0.0747718, -0.109326, -0.0624102, -0.0793487, -0.0830552, -0.111961, -0.0427209, -0.0658113, -0.0747718, -0.109326, -0.0427209, -0.0658113, -0.0275224, -0.0543866, -0.0427418, -0.103859, -0.0275224, -0.0543866, -0.0493784, -0.0704321, -0.0624102, -0.0793487, -0.0275224, -0.0543866, -0.0157189, -0.0280012, -0.0367824, -0.0508378, -0.0532576, -0.0658605, -0.0186231, -0.0332128, ]
best_mc_result_fixed_tau =   [0.00906247, 0.00864665, ]
evolved_state_fixed_tau =   [[-0.00160415, -0.0403195, -0.0117955, -0.0812388, -0.000767703, -0.0627376, -0.0028727, -0.030381, -0.00704611, -0.0596987, 0.0155084, -0.119842, -0.00704611, -0.0596987, -0.0106077, -0.136495, -0.0204868, -0.120383, -0.00704611, -0.0596987, -0.0028727, -0.030381, -0.000767703, -0.0627376, -0.0117955, -0.0812388, -0.0129858, -0.0976941, -0.0208972, -0.193476, -0.0129858, -0.0976941, -0.00704611, -0.0596987, -0.0204868, -0.120383, -0.0106077, -0.136495, -0.0243901, -0.144114, -0.000767703, -0.0627376, -0.00548473, -0.0750052, -0.00736594, -0.0858892, -0.00651925, -0.132938, -0.013547, -0.180896, -0.00736594, -0.0858892, 0.0155084, -0.119842, -0.0106077, -0.136495, 0.00283967, -0.159626, -0.0106077, -0.136495, -0.00160415, -0.0403195, -0.0117955, -0.0812388, -0.00736594, -0.0858892, -0.0129858, -0.0976941, -0.00704611, -0.0596987, -0.0129858, -0.0976941, -0.00651925, -0.132938, -0.0129858, -0.0976941, -0.013547, -0.180896, -0.0208972, -0.193476, -0.0117955, -0.0812388, -0.0106077, -0.136495, -0.0243901, -0.144114, -0.0106077, -0.136495, -0.0204868, -0.120383, -0.0117955, -0.0812388, -0.0208972, -0.193476, -0.013547, -0.180896, -0.0208972, -0.193476, -0.0204868, -0.120383, -0.000767703, -0.0627376, -0.0129858, -0.0976941, -0.00736594, -0.0858892, -0.0117955, -0.0812388, -0.00704611, -0.0596987, -0.0028727, -0.030381, -0.00736594, -0.0858892, -0.00548473, -0.0750052, -0.000767703, -0.0627376, -0.00736594, -0.0858892, -0.0117955, -0.0812388, -0.00160415, -0.0403195, 0.00283967, -0.159626, -0.0106077, -0.136495, 0.0155084, -0.119842, -0.00704611, -0.0596987, -0.00736594, -0.0858892, -0.013547, -0.180896, -0.00651925, -0.132938, -0.0129858, -0.0976941, -0.0106077, -0.136495, -0.00548473, -0.0750052, -0.00651925, -0.132938, -0.00548473, -0.0750052, -0.000767703, -0.0627376, 0.0155084, -0.119842, -0.000767703, -0.0627376, -0.00736594, -0.0858892, -0.0129858, -0.0976941, -0.000767703, -0.0627376, -0.0028727, -0.030381, -0.00704611, -0.0596987, -0.0117955, -0.0812388, -0.00160415, -0.0403195, ],[0.00433021, -0.0405621, 0.000359126, -0.0815949, 0.00774457, -0.0627593, 0.00228605, -0.0304399, 0.00242968, -0.0600089, 0.0300474, -0.11917, 0.00242968, -0.0600089, 0.00844862, -0.13662, -0.00414687, -0.12149, 0.00242968, -0.0600089, 0.00228605, -0.0304399, 0.00774457, -0.0627593, 0.000359126, -0.0815949, 0.00111306, -0.0981452, 0.00246348, -0.193725, 0.00111306, -0.0981452, 0.00242968, -0.0600089, -0.00414687, -0.12149, 0.00844862, -0.13662, -0.00483445, -0.145342, 0.00774457, -0.0627593, 0.00637299, -0.0748006, 0.00511272, -0.0864731, 0.0108801, -0.132835, 0.00953678, -0.180989, 0.00511272, -0.0864731, 0.0300474, -0.11917, 0.00844862, -0.13662, 0.0215888, -0.159114, 0.00844862, -0.13662, 0.00433021, -0.0405621, 0.000359126, -0.0815949, 0.00511272, -0.0864731, 0.00111306, -0.0981452, 0.00242968, -0.0600089, 0.00111306, -0.0981452, 0.0108801, -0.132835, 0.00111306, -0.0981452, 0.00953678, -0.180989, 0.00246348, -0.193725, 0.000359126, -0.0815949, 0.00844862, -0.13662, -0.00483445, -0.145342, 0.00844862, -0.13662, -0.00414687, -0.12149, 0.000359126, -0.0815949, 0.00246348, -0.193725, 0.00953678, -0.180989, 0.00246348, -0.193725, -0.00414687, -0.12149, 0.00774457, -0.0627593, 0.00111306, -0.0981452, 0.00511272, -0.0864731, 0.000359126, -0.0815949, 0.00242968, -0.0600089, 0.00228605, -0.0304399, 0.00511272, -0.0864731, 0.00637299, -0.0748006, 0.00774457, -0.0627593, 0.00511272, -0.0864731, 0.000359126, -0.0815949, 0.00433021, -0.0405621, 0.0215888, -0.159114, 0.00844862, -0.13662, 0.0300474, -0.11917, 0.00242968, -0.0600089, 0.00511272, -0.0864731, 0.00953678, -0.180989, 0.0108801, -0.132835, 0.00111306, -0.0981452, 0.00844862, -0.13662, 0.00637299, -0.0748006, 0.0108801, -0.132835, 0.00637299, -0.0748006, 0.00774457, -0.0627593, 0.0300474, -0.11917, 0.00774457, -0.0627593, 0.00511272, -0.0864731, 0.00111306, -0.0981452, 0.00774457, -0.0627593, 0.00228605, -0.0304399, 0.00242968, -0.0600089, 0.000359126, -0.0815949, 0.00433021, -0.0405621, ],]
