START_PARAMETERS
MAX_STEPS_MCDB =               32
MIN_STEPS_MCDB =               4
STEPS_CRUNCH_MCDB =            1
SWEEPS_MCDB =                  110
TOTAL_STEP_CHANGES =                  6
MCBB_SECONDARY =                  1
SWEEPS_MCBB_SECONDARY =                  300
NUMBER_OF_BANGS =                  8
GROUND_E =                -6.97361
INITIAL_E =               -4.88685
j_initial =               0.159
k_initial =               0.5
b_initial =               0
j_target =                0.911
k_target =                0.5
b_target =                0
init_target_dot_squared = 0.521203
init_state = [0.00161898, 0, 0.0255056, 0, 0.00259522, 0, 0.000426023, 0, 0.00434777, 0, 0.0119406, 0, 0.00434777, 0, 0.0236577, 0, 0.0497735, 0, 0.00434777, 0, 0.000426023, 0, 0.00259522, 0, 0.0255056, 0, 0.0267229, 0, 0.470123, 0, 0.0267229, 0, 0.00434777, 0, 0.0497735, 0, 0.0236577, 0, 0.051703, 0, 0.00259522, 0, 0.00367237, 0, 0.00817304, 0, 0.0259844, 0, 0.141972, 0, 0.00817304, 0, 0.0119406, 0, 0.0236577, 0, 0.0171197, 0, 0.0236577, 0, 0.00161898, 0, 0.0255056, 0, 0.00817304, 0, 0.0267229, 0, 0.00434777, 0, 0.0267229, 0, 0.0259844, 0, 0.0267229, 0, 0.141972, 0, 0.470123, 0, 0.0255056, 0, 0.0236577, 0, 0.051703, 0, 0.0236577, 0, 0.0497735, 0, 0.0255056, 0, 0.470123, 0, 0.141972, 0, 0.470123, 0, 0.0497735, 0, 0.00259522, 0, 0.0267229, 0, 0.00817304, 0, 0.0255056, 0, 0.00434777, 0, 0.000426023, 0, 0.00817304, 0, 0.00367237, 0, 0.00259522, 0, 0.00817304, 0, 0.0255056, 0, 0.00161898, 0, 0.0171197, 0, 0.0236577, 0, 0.0119406, 0, 0.00434777, 0, 0.00817304, 0, 0.141972, 0, 0.0259844, 0, 0.0267229, 0, 0.0236577, 0, 0.00367237, 0, 0.0259844, 0, 0.00367237, 0, 0.00259522, 0, 0.0119406, 0, 0.00259522, 0, 0.00817304, 0, 0.0267229, 0, 0.00259522, 0, 0.000426023, 0, 0.00434777, 0, 0.0255056, 0, 0.00161898, 0, ]
target_state = [-0.0231316, 0, -0.0731263, 0, -0.0393209, 0, -0.017182, 0, -0.045303, 0, -0.106992, 0, -0.045303, 0, -0.133044, 0, -0.112699, 0, -0.045303, 0, -0.017182, 0, -0.0393209, 0, -0.0731263, 0, -0.0865196, 0, -0.253004, 0, -0.0865196, 0, -0.045303, 0, -0.112699, 0, -0.133044, 0, -0.135623, 0, -0.0393209, 0, -0.0603401, 0, -0.0659712, 0, -0.125656, 0, -0.211622, 0, -0.0659712, 0, -0.106992, 0, -0.133044, 0, -0.145811, 0, -0.133044, 0, -0.0231316, 0, -0.0731263, 0, -0.0659712, 0, -0.0865196, 0, -0.045303, 0, -0.0865196, 0, -0.125656, 0, -0.0865196, 0, -0.211622, 0, -0.253004, 0, -0.0731263, 0, -0.133044, 0, -0.135623, 0, -0.133044, 0, -0.112699, 0, -0.0731263, 0, -0.253004, 0, -0.211622, 0, -0.253004, 0, -0.112699, 0, -0.0393209, 0, -0.0865196, 0, -0.0659712, 0, -0.0731263, 0, -0.045303, 0, -0.017182, 0, -0.0659712, 0, -0.0603401, 0, -0.0393209, 0, -0.0659712, 0, -0.0731263, 0, -0.0231316, 0, -0.145811, 0, -0.133044, 0, -0.106992, 0, -0.045303, 0, -0.0659712, 0, -0.211622, 0, -0.125656, 0, -0.0865196, 0, -0.133044, 0, -0.0603401, 0, -0.125656, 0, -0.0603401, 0, -0.0393209, 0, -0.106992, 0, -0.0393209, 0, -0.0659712, 0, -0.0865196, 0, -0.0393209, 0, -0.017182, 0, -0.045303, 0, -0.0731263, 0, -0.0231316, 0, ]
USE_ENERGY_DISTANCE =     false
PERIODIC =                false
UNIFORM_SITES =           true
DEVICE_DIMENSION =        2
MAX_PARAM =               1
MIN_PARAM =               0
MIN_PARAM =               0
DIAG =                    true
NUM_SEEDS =               2
NUMBER_OF_BANGS =               8
DISTANCE_LIMIT =          0.01
TAU_INIT =                0.4
MAX_TAU =                 5
TAU_SCALAR =              1.2
TAU_SCALAR_TINY =         1.1
TAU_SCALAR_BIG =          1.4
ACCEPTANCE_PROB =         0.85
TEMP_EXP_DECAY =          0.8
MIN_TEMP_FRACTION =       0.01
TEMP_DECAY_ITERATIONS =   21
ZERO_TEMP_ITREATIONS =    30
RANDOM_STATES =           3
END_PARAMETERS
##############################################################################
clock_duration  =         1066.73
tau =                     0.4
total_steps =             32
time_step =               0.0125
best_mc_result =          0.298328
best_mc_result_non_secondary =          0.298811
evolved_target_dot_squared =  0.701672
distance =          0.623077
j_protocol =  [[1, 1, 1, 1, 1, 1, 1, 1, 0, 1, 1, 1, 1, 1, 0, 0, 1, 1, 1, 1, 1, 1, 1, 1, 1, 1, 0, 0, 0, 0, 0, 0, ],[1, 1, 1, 1, 1, 1, 1, 1, 1, 1, 1, 0, 1, 0, 1, 1, 1, 0, 1, 1, 1, 1, 1, 1, 1, 1, 0, 1, 0, 0, 0, 0, ],]
k_protocol =  [[0, 1, 1, 1, 1, 1, 1, 1, 1, 1, 1, 1, 1, 1, 1, 1, 1, 1, 1, 1, 1, 1, 1, 1, 1, 1, 1, 1, 1, 1, 1, 1, ],[0, 1, 1, 1, 1, 1, 1, 1, 1, 1, 1, 1, 1, 1, 1, 1, 1, 1, 1, 1, 1, 1, 1, 1, 1, 1, 1, 1, 1, 1, 1, 1, ],]
j_protocol_secondary =  [0, 0.103141, 0.103141, 0.106333, 0.106333, 0.137221, 0.153797, 0.157575, 0.180548, 0.216802, 0.216802, 0.216802, 0.216802, 0.331864, 0.336798, 0.336798, ]
k_protocol_secondary =  [0.0176132, 0.0234326, 0.0234326, 0.0692074, 0.0692074, 0.102797, 0.102797, 0.102914, 0.102914, 0.280818, 0.280818, 0.374683, 0.374683, 0.397959, 0.397959, 0.4, ]
best_evolved_state = [-0.00932508, 0.00625543, -0.0637222, 0.0248116, -0.0170032, -0.00369719, -0.00902983, -0.00701945, -0.0378865, 0.000350184, 0.0109741, -0.0396274, -0.0378865, 0.000350184, -0.0799727, -0.0546955, -0.117367, 0.0644173, -0.0378865, 0.000350184, -0.00902983, -0.00701945, -0.0170032, -0.00369719, -0.0637222, 0.0248116, -0.0658469, 0.0196313, -0.345229, 0.10738, -0.0658469, 0.0196313, -0.0378865, 0.000350184, -0.117367, 0.0644173, -0.0799727, -0.0546955, -0.118139, 0.0554722, -0.0170032, -0.00369719, -0.0143271, -0.0251546, -0.0365998, 0.00118829, -0.0662276, -0.0419682, -0.195644, -0.0180777, -0.0365998, 0.00118829, 0.0109741, -0.0396274, -0.0799727, -0.0546955, 0.0119888, -0.0549412, -0.0799727, -0.0546955, -0.00932508, 0.00625543, -0.0637222, 0.0248116, -0.0365998, 0.00118829, -0.0658469, 0.0196313, -0.0378865, 0.000350184, -0.0658469, 0.0196313, -0.0662276, -0.0419682, -0.0658469, 0.0196313, -0.195644, -0.0180777, -0.345229, 0.10738, -0.0637222, 0.0248116, -0.0799727, -0.0546955, -0.118139, 0.0554722, -0.0799727, -0.0546955, -0.117367, 0.0644173, -0.0637222, 0.0248116, -0.345229, 0.10738, -0.195644, -0.0180777, -0.345229, 0.10738, -0.117367, 0.0644173, -0.0170032, -0.00369719, -0.0658469, 0.0196313, -0.0365998, 0.00118829, -0.0637222, 0.0248116, -0.0378865, 0.000350184, -0.00902983, -0.00701945, -0.0365998, 0.00118829, -0.0143271, -0.0251546, -0.0170032, -0.00369719, -0.0365998, 0.00118829, -0.0637222, 0.0248116, -0.00932508, 0.00625543, 0.0119888, -0.0549412, -0.0799727, -0.0546955, 0.0109741, -0.0396274, -0.0378865, 0.000350184, -0.0365998, 0.00118829, -0.195644, -0.0180777, -0.0662276, -0.0419682, -0.0658469, 0.0196313, -0.0799727, -0.0546955, -0.0143271, -0.0251546, -0.0662276, -0.0419682, -0.0143271, -0.0251546, -0.0170032, -0.00369719, 0.0109741, -0.0396274, -0.0170032, -0.00369719, -0.0365998, 0.00118829, -0.0658469, 0.0196313, -0.0170032, -0.00369719, -0.00902983, -0.00701945, -0.0378865, 0.000350184, -0.0637222, 0.0248116, -0.00932508, 0.00625543, ]
best_mc_result_fixed_tau =   [0.298849, 0.298811, ]
evolved_state_fixed_tau =   [[-0.00942219, 0.00684136, -0.0638008, 0.02587, -0.0170472, -0.00344037, -0.00864, -0.0067045, -0.0374958, 0.000252719, 0.0110732, -0.0369955, -0.0374958, 0.000252719, -0.0776576, -0.0541875, -0.118152, 0.0662235, -0.0374958, 0.000252719, -0.00864, -0.0067045, -0.0170472, -0.00344037, -0.0638008, 0.02587, -0.0659956, 0.0210439, -0.348143, 0.102521, -0.0659956, 0.0210439, -0.0374958, 0.000252719, -0.118152, 0.0662235, -0.0776576, -0.0541875, -0.119197, 0.0579405, -0.0170472, -0.00344037, -0.0138388, -0.0241358, -0.0367593, 0.00210152, -0.0651142, -0.0408217, -0.194593, -0.0179727, -0.0367593, 0.00210152, 0.0110732, -0.0369955, -0.0776576, -0.0541875, 0.0121596, -0.0515646, -0.0776576, -0.0541875, -0.00942219, 0.00684136, -0.0638008, 0.02587, -0.0367593, 0.00210152, -0.0659956, 0.0210439, -0.0374958, 0.000252719, -0.0659956, 0.0210439, -0.0651142, -0.0408217, -0.0659956, 0.0210439, -0.194593, -0.0179727, -0.348143, 0.102521, -0.0638008, 0.02587, -0.0776576, -0.0541875, -0.119197, 0.0579405, -0.0776576, -0.0541875, -0.118152, 0.0662235, -0.0638008, 0.02587, -0.348143, 0.102521, -0.194593, -0.0179727, -0.348143, 0.102521, -0.118152, 0.0662235, -0.0170472, -0.00344037, -0.0659956, 0.0210439, -0.0367593, 0.00210152, -0.0638008, 0.02587, -0.0374958, 0.000252719, -0.00864, -0.0067045, -0.0367593, 0.00210152, -0.0138388, -0.0241358, -0.0170472, -0.00344037, -0.0367593, 0.00210152, -0.0638008, 0.02587, -0.00942219, 0.00684136, 0.0121596, -0.0515646, -0.0776576, -0.0541875, 0.0110732, -0.0369955, -0.0374958, 0.000252719, -0.0367593, 0.00210152, -0.194593, -0.0179727, -0.0651142, -0.0408217, -0.0659956, 0.0210439, -0.0776576, -0.0541875, -0.0138388, -0.0241358, -0.0651142, -0.0408217, -0.0138388, -0.0241358, -0.0170472, -0.00344037, 0.0110732, -0.0369955, -0.0170472, -0.00344037, -0.0367593, 0.00210152, -0.0659956, 0.0210439, -0.0170472, -0.00344037, -0.00864, -0.0067045, -0.0374958, 0.000252719, -0.0638008, 0.02587, -0.00942219, 0.00684136, ],[-0.00959868, 0.00586332, -0.064984, 0.0209512, -0.0170258, -0.00487791, -0.00898328, -0.00799893, -0.0389195, -0.00182317, 0.0139991, -0.0414786, -0.0389195, -0.00182317, -0.0791384, -0.060846, -0.120209, 0.058105, -0.0389195, -0.00182317, -0.00898328, -0.00799893, -0.0170258, -0.00487791, -0.064984, 0.0209512, -0.0667157, 0.0153955, -0.347516, 0.0884303, -0.0667157, 0.0153955, -0.0389195, -0.00182317, -0.120209, 0.058105, -0.0791384, -0.060846, -0.120155, 0.0486559, -0.0170258, -0.00487791, -0.0132221, -0.027314, -0.03692, -0.00107428, -0.0648775, -0.047171, -0.194784, -0.0298092, -0.03692, -0.00107428, 0.0139991, -0.0414786, -0.0791384, -0.060846, 0.0160894, -0.0576223, -0.0791384, -0.060846, -0.00959868, 0.00586332, -0.064984, 0.0209512, -0.03692, -0.00107428, -0.0667157, 0.0153955, -0.0389195, -0.00182317, -0.0667157, 0.0153955, -0.0648775, -0.047171, -0.0667157, 0.0153955, -0.194784, -0.0298092, -0.347516, 0.0884303, -0.064984, 0.0209512, -0.0791384, -0.060846, -0.120155, 0.0486559, -0.0791384, -0.060846, -0.120209, 0.058105, -0.064984, 0.0209512, -0.347516, 0.0884303, -0.194784, -0.0298092, -0.347516, 0.0884303, -0.120209, 0.058105, -0.0170258, -0.00487791, -0.0667157, 0.0153955, -0.03692, -0.00107428, -0.064984, 0.0209512, -0.0389195, -0.00182317, -0.00898328, -0.00799893, -0.03692, -0.00107428, -0.0132221, -0.027314, -0.0170258, -0.00487791, -0.03692, -0.00107428, -0.064984, 0.0209512, -0.00959868, 0.00586332, 0.0160894, -0.0576223, -0.0791384, -0.060846, 0.0139991, -0.0414786, -0.0389195, -0.00182317, -0.03692, -0.00107428, -0.194784, -0.0298092, -0.0648775, -0.047171, -0.0667157, 0.0153955, -0.0791384, -0.060846, -0.0132221, -0.027314, -0.0648775, -0.047171, -0.0132221, -0.027314, -0.0170258, -0.00487791, 0.0139991, -0.0414786, -0.0170258, -0.00487791, -0.03692, -0.00107428, -0.0667157, 0.0153955, -0.0170258, -0.00487791, -0.00898328, -0.00799893, -0.0389195, -0.00182317, -0.064984, 0.0209512, -0.00959868, 0.00586332, ],]
##############################################################################
clock_duration  =         2201.59
tau =                     0.636735
total_steps =             32
time_step =               0.019898
best_mc_result =          0.231472
best_mc_result_non_secondary =          0.233447
evolved_target_dot_squared =  0.768528
distance =          0.483444
j_protocol =  [[1, 1, 1, 1, 1, 1, 0, 0, 1, 0, 0, 1, 0, 1, 1, 1, 1, 1, 1, 1, 1, 1, 1, 1, 1, 1, 1, 1, 1, 1, 0, 0, ],[1, 1, 1, 1, 1, 1, 0, 0, 0, 0, 1, 1, 0, 0, 1, 1, 1, 1, 1, 1, 1, 1, 1, 1, 1, 1, 1, 1, 1, 1, 0, 0, ],]
k_protocol =  [[0, 1, 1, 1, 1, 1, 1, 1, 1, 1, 1, 1, 1, 1, 1, 1, 1, 1, 1, 1, 1, 1, 1, 1, 1, 1, 1, 1, 1, 1, 1, 1, ],[0, 0, 1, 1, 1, 1, 1, 1, 1, 1, 1, 1, 1, 1, 1, 1, 1, 1, 1, 1, 1, 1, 1, 1, 1, 1, 1, 1, 1, 1, 1, 1, ],]
j_protocol_secondary =  [0, 0.0782127, 0.0782127, 0.134747, 0.134747, 0.147143, 0.169161, 0.171491, 0.2356, 0.236348, 0.253464, 0.469922, 0.469922, 0.58754, 0.636735, 0.636735, ]
k_protocol_secondary =  [0.0212286, 0.0530849, 0.0530849, 0.221839, 0.221839, 0.288589, 0.288589, 0.328616, 0.328616, 0.402881, 0.402881, 0.450611, 0.450611, 0.551207, 0.551207, 0.636735, ]
best_evolved_state = [0.00781661, -0.00964698, -0.00489799, -0.0562955, 0.0129146, -0.0101791, -0.00804745, -0.00812335, -0.00292286, -0.0147174, 0.0991099, -0.00407307, -0.00292286, -0.0147174, 0.0546557, -0.0915968, -0.0137908, -0.0996678, -0.00292286, -0.0147174, -0.00804745, -0.00812335, 0.0129146, -0.0101791, -0.00489799, -0.0562955, 0.00870876, -0.063288, -0.00469064, -0.321564, 0.00870876, -0.063288, -0.00292286, -0.0147174, -0.0137908, -0.0996678, 0.0546557, -0.0915968, 0.017142, -0.111525, 0.0129146, -0.0101791, 0.0312083, -0.0269083, 0.0256011, -0.0279594, 0.0773919, -0.0785328, 0.0952302, -0.215761, 0.0256011, -0.0279594, 0.0991099, -0.00407307, 0.0546557, -0.0915968, 0.136484, -0.00165441, 0.0546557, -0.0915968, 0.00781661, -0.00964698, -0.00489799, -0.0562955, 0.0256011, -0.0279594, 0.00870876, -0.063288, -0.00292286, -0.0147174, 0.00870876, -0.063288, 0.0773919, -0.0785328, 0.00870876, -0.063288, 0.0952302, -0.215761, -0.00469064, -0.321564, -0.00489799, -0.0562955, 0.0546557, -0.0915968, 0.017142, -0.111525, 0.0546557, -0.0915968, -0.0137908, -0.0996678, -0.00489799, -0.0562955, -0.00469064, -0.321564, 0.0952302, -0.215761, -0.00469064, -0.321564, -0.0137908, -0.0996678, 0.0129146, -0.0101791, 0.00870876, -0.063288, 0.0256011, -0.0279594, -0.00489799, -0.0562955, -0.00292286, -0.0147174, -0.00804745, -0.00812335, 0.0256011, -0.0279594, 0.0312083, -0.0269083, 0.0129146, -0.0101791, 0.0256011, -0.0279594, -0.00489799, -0.0562955, 0.00781661, -0.00964698, 0.136484, -0.00165441, 0.0546557, -0.0915968, 0.0991099, -0.00407307, -0.00292286, -0.0147174, 0.0256011, -0.0279594, 0.0952302, -0.215761, 0.0773919, -0.0785328, 0.00870876, -0.063288, 0.0546557, -0.0915968, 0.0312083, -0.0269083, 0.0773919, -0.0785328, 0.0312083, -0.0269083, 0.0129146, -0.0101791, 0.0991099, -0.00407307, 0.0129146, -0.0101791, 0.0256011, -0.0279594, 0.00870876, -0.063288, 0.0129146, -0.0101791, -0.00804745, -0.00812335, -0.00292286, -0.0147174, -0.00489799, -0.0562955, 0.00781661, -0.00964698, ]
best_mc_result_fixed_tau =   [0.233447, 0.234459, ]
evolved_state_fixed_tau =   [[0.00807235, -0.00876191, 0.000102088, -0.0572535, 0.0153138, -0.00977574, -0.00529465, -0.00900499, 0.000439538, -0.0179666, 0.10337, 0.00502715, 0.000439538, -0.0179666, 0.0670282, -0.0883403, -0.00779888, -0.102248, 0.000439538, -0.0179666, -0.00529465, -0.00900499, 0.0153138, -0.00977574, 0.000102088, -0.0572535, 0.0146914, -0.0628056, 0.0146754, -0.312733, 0.0146914, -0.0628056, 0.000439538, -0.0179666, -0.00779888, -0.102248, 0.0670282, -0.0883403, 0.0244502, -0.111558, 0.0153138, -0.00977574, 0.0371817, -0.0233632, 0.0288435, -0.0273467, 0.0869198, -0.0729632, 0.109812, -0.207268, 0.0288435, -0.0273467, 0.10337, 0.00502715, 0.0670282, -0.0883403, 0.142602, 0.0104498, 0.0670282, -0.0883403, 0.00807235, -0.00876191, 0.000102088, -0.0572535, 0.0288435, -0.0273467, 0.0146914, -0.0628056, 0.000439538, -0.0179666, 0.0146914, -0.0628056, 0.0869198, -0.0729632, 0.0146914, -0.0628056, 0.109812, -0.207268, 0.0146754, -0.312733, 0.000102088, -0.0572535, 0.0670282, -0.0883403, 0.0244502, -0.111558, 0.0670282, -0.0883403, -0.00779888, -0.102248, 0.000102088, -0.0572535, 0.0146754, -0.312733, 0.109812, -0.207268, 0.0146754, -0.312733, -0.00779888, -0.102248, 0.0153138, -0.00977574, 0.0146914, -0.0628056, 0.0288435, -0.0273467, 0.000102088, -0.0572535, 0.000439538, -0.0179666, -0.00529465, -0.00900499, 0.0288435, -0.0273467, 0.0371817, -0.0233632, 0.0153138, -0.00977574, 0.0288435, -0.0273467, 0.000102088, -0.0572535, 0.00807235, -0.00876191, 0.142602, 0.0104498, 0.0670282, -0.0883403, 0.10337, 0.00502715, 0.000439538, -0.0179666, 0.0288435, -0.0273467, 0.109812, -0.207268, 0.0869198, -0.0729632, 0.0146914, -0.0628056, 0.0670282, -0.0883403, 0.0371817, -0.0233632, 0.0869198, -0.0729632, 0.0371817, -0.0233632, 0.0153138, -0.00977574, 0.10337, 0.00502715, 0.0153138, -0.00977574, 0.0288435, -0.0273467, 0.0146914, -0.0628056, 0.0153138, -0.00977574, -0.00529465, -0.00900499, 0.000439538, -0.0179666, 0.000102088, -0.0572535, 0.00807235, -0.00876191, ],[0.00807235, -0.00876191, 0.000102088, -0.0572535, 0.0153138, -0.00977574, -0.00529465, -0.00900499, 0.000439538, -0.0179666, 0.10337, 0.00502715, 0.000439538, -0.0179666, 0.0670282, -0.0883403, -0.00779888, -0.102248, 0.000439538, -0.0179666, -0.00529465, -0.00900499, 0.0153138, -0.00977574, 0.000102088, -0.0572535, 0.0146914, -0.0628056, 0.0146754, -0.312733, 0.0146914, -0.0628056, 0.000439538, -0.0179666, -0.00779888, -0.102248, 0.0670282, -0.0883403, 0.0244502, -0.111558, 0.0153138, -0.00977574, 0.0371817, -0.0233632, 0.0288435, -0.0273467, 0.0869198, -0.0729632, 0.109812, -0.207268, 0.0288435, -0.0273467, 0.10337, 0.00502715, 0.0670282, -0.0883403, 0.142602, 0.0104498, 0.0670282, -0.0883403, 0.00807235, -0.00876191, 0.000102088, -0.0572535, 0.0288435, -0.0273467, 0.0146914, -0.0628056, 0.000439538, -0.0179666, 0.0146914, -0.0628056, 0.0869198, -0.0729632, 0.0146914, -0.0628056, 0.109812, -0.207268, 0.0146754, -0.312733, 0.000102088, -0.0572535, 0.0670282, -0.0883403, 0.0244502, -0.111558, 0.0670282, -0.0883403, -0.00779888, -0.102248, 0.000102088, -0.0572535, 0.0146754, -0.312733, 0.109812, -0.207268, 0.0146754, -0.312733, -0.00779888, -0.102248, 0.0153138, -0.00977574, 0.0146914, -0.0628056, 0.0288435, -0.0273467, 0.000102088, -0.0572535, 0.000439538, -0.0179666, -0.00529465, -0.00900499, 0.0288435, -0.0273467, 0.0371817, -0.0233632, 0.0153138, -0.00977574, 0.0288435, -0.0273467, 0.000102088, -0.0572535, 0.00807235, -0.00876191, 0.142602, 0.0104498, 0.0670282, -0.0883403, 0.10337, 0.00502715, 0.000439538, -0.0179666, 0.0288435, -0.0273467, 0.109812, -0.207268, 0.0869198, -0.0729632, 0.0146914, -0.0628056, 0.0670282, -0.0883403, 0.0371817, -0.0233632, 0.0869198, -0.0729632, 0.0371817, -0.0233632, 0.0153138, -0.00977574, 0.10337, 0.00502715, 0.0153138, -0.00977574, 0.0288435, -0.0273467, 0.0146914, -0.0628056, 0.0153138, -0.00977574, -0.00529465, -0.00900499, 0.000439538, -0.0179666, 0.000102088, -0.0572535, 0.00807235, -0.00876191, ],]
##############################################################################
clock_duration  =         3216.51
tau =                     0.764082
total_steps =             32
time_step =               0.0238776
best_mc_result =          0.188172
best_mc_result_non_secondary =          0.188934
evolved_target_dot_squared =  0.811828
distance =          0.393009
j_protocol =  [[1, 1, 1, 1, 1, 1, 1, 0, 0, 0, 0, 0, 1, 1, 1, 1, 1, 1, 1, 1, 1, 1, 1, 1, 1, 1, 1, 1, 1, 1, 0, 0, ],[1, 1, 1, 1, 1, 1, 0, 0, 0, 1, 1, 0, 0, 0, 1, 1, 1, 1, 1, 1, 1, 1, 1, 1, 1, 1, 1, 1, 1, 0, 0, 0, ],]
k_protocol =  [[0, 1, 1, 1, 1, 1, 1, 1, 1, 1, 1, 1, 1, 1, 1, 1, 1, 1, 1, 1, 1, 1, 1, 1, 1, 1, 1, 1, 1, 1, 1, 1, ],[0, 1, 1, 1, 1, 1, 1, 1, 1, 1, 1, 1, 1, 1, 1, 1, 1, 1, 1, 1, 1, 1, 1, 1, 1, 1, 1, 1, 1, 1, 1, 1, ],]
j_protocol_secondary =  [0, 0.176898, 0.296148, 0.441824, 0.441824, 0.472727, 0.472727, 0.662556, 0.662556, 0.681058, 0.681058, 0.705143, 0.761552, 0.761552, 0.764082, 0.764082, ]
k_protocol_secondary =  [0.00834361, 0.00834361, 0.0217725, 0.0324938, 0.0324938, 0.0556772, 0.0556772, 0.367726, 0.367726, 0.502089, 0.502089, 0.6194, 0.6194, 0.673369, 0.673369, 0.764082, ]
best_evolved_state = [0.0179219, -0.00768375, 0.0366103, -0.0299427, 0.0241741, 0.00657283, -0.0120136, 0.00463466, 0.0162087, 0.0105564, 0.0923935, 0.0723893, 0.0162087, 0.0105564, 0.0953695, -0.00368485, 0.0736983, -0.0651763, 0.0162087, 0.0105564, -0.0120136, 0.00463466, 0.0241741, 0.00657283, 0.0366103, -0.0299427, 0.0548327, -0.0284905, 0.24663, -0.150831, 0.0548327, -0.0284905, 0.0162087, 0.0105564, 0.0736983, -0.0651763, 0.0953695, -0.00368485, 0.118387, -0.0644857, 0.0241741, 0.00657283, 0.0359672, 0.00819532, 0.0593236, 0.00507348, 0.12776, 0.0110969, 0.242761, -0.0575324, 0.0593236, 0.00507348, 0.0923935, 0.0723893, 0.0953695, -0.00368485, 0.125675, 0.109234, 0.0953695, -0.00368485, 0.0179219, -0.00768375, 0.0366103, -0.0299427, 0.0593236, 0.00507348, 0.0548327, -0.0284905, 0.0162087, 0.0105564, 0.0548327, -0.0284905, 0.12776, 0.0110969, 0.0548327, -0.0284905, 0.242761, -0.0575324, 0.24663, -0.150831, 0.0366103, -0.0299427, 0.0953695, -0.00368485, 0.118387, -0.0644857, 0.0953695, -0.00368485, 0.0736983, -0.0651763, 0.0366103, -0.0299427, 0.24663, -0.150831, 0.242761, -0.0575324, 0.24663, -0.150831, 0.0736983, -0.0651763, 0.0241741, 0.00657283, 0.0548327, -0.0284905, 0.0593236, 0.00507348, 0.0366103, -0.0299427, 0.0162087, 0.0105564, -0.0120136, 0.00463466, 0.0593236, 0.00507348, 0.0359672, 0.00819532, 0.0241741, 0.00657283, 0.0593236, 0.00507348, 0.0366103, -0.0299427, 0.0179219, -0.00768375, 0.125675, 0.109234, 0.0953695, -0.00368485, 0.0923935, 0.0723893, 0.0162087, 0.0105564, 0.0593236, 0.00507348, 0.242761, -0.0575324, 0.12776, 0.0110969, 0.0548327, -0.0284905, 0.0953695, -0.00368485, 0.0359672, 0.00819532, 0.12776, 0.0110969, 0.0359672, 0.00819532, 0.0241741, 0.00657283, 0.0923935, 0.0723893, 0.0241741, 0.00657283, 0.0593236, 0.00507348, 0.0548327, -0.0284905, 0.0241741, 0.00657283, -0.0120136, 0.00463466, 0.0162087, 0.0105564, 0.0366103, -0.0299427, 0.0179219, -0.00768375, ]
best_mc_result_fixed_tau =   [0.188934, 0.190515, ]
evolved_state_fixed_tau =   [[0.0174859, -0.00594736, 0.0388049, -0.0265273, 0.0245879, 0.00842869, -0.0104792, 0.00565298, 0.0187353, 0.0109475, 0.0898888, 0.0784361, 0.0187353, 0.0109475, 0.0992073, 0.00498618, 0.0763156, -0.0613853, 0.0187353, 0.0109475, -0.0104792, 0.00565298, 0.0245879, 0.00842869, 0.0388049, -0.0265273, 0.0567982, -0.0235753, 0.247047, -0.140032, 0.0567982, -0.0235753, 0.0187353, 0.0109475, 0.0763156, -0.0613853, 0.0992073, 0.00498618, 0.120436, -0.0587603, 0.0245879, 0.00842869, 0.0372808, 0.0142347, 0.0600192, 0.00825639, 0.129511, 0.019067, 0.243427, -0.0473929, 0.0600192, 0.00825639, 0.0898888, 0.0784361, 0.0992073, 0.00498618, 0.122824, 0.117874, 0.0992073, 0.00498618, 0.0174859, -0.00594736, 0.0388049, -0.0265273, 0.0600192, 0.00825639, 0.0567982, -0.0235753, 0.0187353, 0.0109475, 0.0567982, -0.0235753, 0.129511, 0.019067, 0.0567982, -0.0235753, 0.243427, -0.0473929, 0.247047, -0.140032, 0.0388049, -0.0265273, 0.0992073, 0.00498618, 0.120436, -0.0587603, 0.0992073, 0.00498618, 0.0763156, -0.0613853, 0.0388049, -0.0265273, 0.247047, -0.140032, 0.243427, -0.0473929, 0.247047, -0.140032, 0.0763156, -0.0613853, 0.0245879, 0.00842869, 0.0567982, -0.0235753, 0.0600192, 0.00825639, 0.0388049, -0.0265273, 0.0187353, 0.0109475, -0.0104792, 0.00565298, 0.0600192, 0.00825639, 0.0372808, 0.0142347, 0.0245879, 0.00842869, 0.0600192, 0.00825639, 0.0388049, -0.0265273, 0.0174859, -0.00594736, 0.122824, 0.117874, 0.0992073, 0.00498618, 0.0898888, 0.0784361, 0.0187353, 0.0109475, 0.0600192, 0.00825639, 0.243427, -0.0473929, 0.129511, 0.019067, 0.0567982, -0.0235753, 0.0992073, 0.00498618, 0.0372808, 0.0142347, 0.129511, 0.019067, 0.0372808, 0.0142347, 0.0245879, 0.00842869, 0.0898888, 0.0784361, 0.0245879, 0.00842869, 0.0600192, 0.00825639, 0.0567982, -0.0235753, 0.0245879, 0.00842869, -0.0104792, 0.00565298, 0.0187353, 0.0109475, 0.0388049, -0.0265273, 0.0174859, -0.00594736, ],[0.0152561, -0.0102045, 0.0335646, -0.0385466, 0.0217633, 0.00235777, -0.00978767, 0.00356596, 0.0159389, 0.0055322, 0.0868269, 0.0532484, 0.0159389, 0.0055322, 0.0899234, -0.0187932, 0.0667765, -0.0799797, 0.0159389, 0.0055322, -0.00978767, 0.00356596, 0.0217633, 0.00235777, 0.0335646, -0.0385466, 0.0498772, -0.0392212, 0.233922, -0.198221, 0.0498772, -0.0392212, 0.0159389, 0.0055322, 0.0667765, -0.0799797, 0.0899234, -0.0187932, 0.106256, -0.0830652, 0.0217633, 0.00235777, 0.0329779, 0.00153733, 0.0542811, -0.00573814, 0.118689, -0.00753253, 0.231224, -0.0919225, 0.0542811, -0.00573814, 0.0868269, 0.0532484, 0.0899234, -0.0187932, 0.118698, 0.0822616, 0.0899234, -0.0187932, 0.0152561, -0.0102045, 0.0335646, -0.0385466, 0.0542811, -0.00573814, 0.0498772, -0.0392212, 0.0159389, 0.0055322, 0.0498772, -0.0392212, 0.118689, -0.00753253, 0.0498772, -0.0392212, 0.231224, -0.0919225, 0.233922, -0.198221, 0.0335646, -0.0385466, 0.0899234, -0.0187932, 0.106256, -0.0830652, 0.0899234, -0.0187932, 0.0667765, -0.0799797, 0.0335646, -0.0385466, 0.233922, -0.198221, 0.231224, -0.0919225, 0.233922, -0.198221, 0.0667765, -0.0799797, 0.0217633, 0.00235777, 0.0498772, -0.0392212, 0.0542811, -0.00573814, 0.0335646, -0.0385466, 0.0159389, 0.0055322, -0.00978767, 0.00356596, 0.0542811, -0.00573814, 0.0329779, 0.00153733, 0.0217633, 0.00235777, 0.0542811, -0.00573814, 0.0335646, -0.0385466, 0.0152561, -0.0102045, 0.118698, 0.0822616, 0.0899234, -0.0187932, 0.0868269, 0.0532484, 0.0159389, 0.0055322, 0.0542811, -0.00573814, 0.231224, -0.0919225, 0.118689, -0.00753253, 0.0498772, -0.0392212, 0.0899234, -0.0187932, 0.0329779, 0.00153733, 0.118689, -0.00753253, 0.0329779, 0.00153733, 0.0217633, 0.00235777, 0.0868269, 0.0532484, 0.0217633, 0.00235777, 0.0542811, -0.00573814, 0.0498772, -0.0392212, 0.0217633, 0.00235777, -0.00978767, 0.00356596, 0.0159389, 0.0055322, 0.0335646, -0.0385466, 0.0152561, -0.0102045, ],]
##############################################################################
clock_duration  =         4423.37
tau =                     1.06971
total_steps =             32
time_step =               0.0334286
best_mc_result =          0.0892209
best_mc_result_non_secondary =          0.0960475
evolved_target_dot_squared =  0.910779
distance =          0.186344
j_protocol =  [[1, 1, 1, 1, 0, 0, 1, 1, 0, 0, 1, 1, 1, 1, 1, 1, 1, 1, 0, 0, 1, 1, 1, 1, 1, 1, 1, 1, 1, 1, 0, 0, ],[1, 1, 1, 0, 1, 0, 1, 1, 1, 0, 0, 1, 1, 1, 1, 1, 1, 1, 1, 0, 1, 1, 1, 1, 1, 1, 1, 1, 1, 1, 1, 0, ],]
k_protocol =  [[1, 1, 1, 1, 1, 1, 1, 1, 1, 1, 1, 1, 1, 1, 1, 1, 1, 1, 1, 1, 1, 1, 1, 1, 1, 1, 1, 1, 1, 1, 1, 1, ],[0, 1, 1, 1, 1, 1, 1, 1, 1, 1, 1, 1, 1, 1, 1, 1, 1, 1, 1, 1, 1, 1, 1, 1, 1, 1, 1, 1, 1, 1, 1, 1, ],]
j_protocol_secondary =  [0, 0.130013, 0.130013, 0.165242, 0.225552, 0.235437, 0.27083, 0.282426, 0.296209, 0.322349, 0.328936, 0.583412, 0.64262, 1.01881, 1.06971, 1.06971, ]
k_protocol_secondary =  [0.0218519, 0.0358339, 0.0358339, 0.162173, 0.162173, 0.215251, 0.215251, 0.272535, 0.272535, 0.343127, 0.343127, 0.506988, 0.506988, 0.718168, 0.718168, 1.06971, ]
best_evolved_state = [-0.0150706, 0.0137507, -0.0413285, 0.0322298, -0.0292075, 0.0142226, -0.0204363, 0.0208404, -0.0321032, 0.0307357, -0.124802, 0.0651447, -0.0321032, 0.0307357, -0.105054, 0.0594892, -0.0448754, 0.059587, -0.0321032, 0.0307357, -0.0204363, 0.0208404, -0.0292075, 0.0142226, -0.0413285, 0.0322298, -0.0489874, 0.0470022, -0.124366, 0.212265, -0.0489874, 0.0470022, -0.0321032, 0.0307357, -0.0448754, 0.059587, -0.105054, 0.0594892, -0.022501, 0.074431, -0.0292075, 0.0142226, -0.0530995, 0.0344175, -0.0330302, 0.0535389, -0.0881607, 0.106342, -0.126496, 0.20106, -0.0330302, 0.0535389, -0.124802, 0.0651447, -0.105054, 0.0594892, -0.186576, 0.100462, -0.105054, 0.0594892, -0.0150706, 0.0137507, -0.0413285, 0.0322298, -0.0330302, 0.0535389, -0.0489874, 0.0470022, -0.0321032, 0.0307357, -0.0489874, 0.0470022, -0.0881607, 0.106342, -0.0489874, 0.0470022, -0.126496, 0.20106, -0.124366, 0.212265, -0.0413285, 0.0322298, -0.105054, 0.0594892, -0.022501, 0.074431, -0.105054, 0.0594892, -0.0448754, 0.059587, -0.0413285, 0.0322298, -0.124366, 0.212265, -0.126496, 0.20106, -0.124366, 0.212265, -0.0448754, 0.059587, -0.0292075, 0.0142226, -0.0489874, 0.0470022, -0.0330302, 0.0535389, -0.0413285, 0.0322298, -0.0321032, 0.0307357, -0.0204363, 0.0208404, -0.0330302, 0.0535389, -0.0530995, 0.0344175, -0.0292075, 0.0142226, -0.0330302, 0.0535389, -0.0413285, 0.0322298, -0.0150706, 0.0137507, -0.186576, 0.100462, -0.105054, 0.0594892, -0.124802, 0.0651447, -0.0321032, 0.0307357, -0.0330302, 0.0535389, -0.126496, 0.20106, -0.0881607, 0.106342, -0.0489874, 0.0470022, -0.105054, 0.0594892, -0.0530995, 0.0344175, -0.0881607, 0.106342, -0.0530995, 0.0344175, -0.0292075, 0.0142226, -0.124802, 0.0651447, -0.0292075, 0.0142226, -0.0330302, 0.0535389, -0.0489874, 0.0470022, -0.0292075, 0.0142226, -0.0204363, 0.0208404, -0.0321032, 0.0307357, -0.0413285, 0.0322298, -0.0150706, 0.0137507, ]
best_mc_result_fixed_tau =   [0.0962013, 0.0960475, ]
evolved_state_fixed_tau =   [[-0.011949, 0.0148737, -0.0297707, 0.0352303, -0.0238107, 0.0159341, -0.0169083, 0.0146294, -0.0267541, 0.0264565, -0.122714, 0.0596423, -0.0267541, 0.0264565, -0.0871404, 0.0643846, -0.0319638, 0.0671943, -0.0267541, 0.0264565, -0.0169083, 0.0146294, -0.0238107, 0.0159341, -0.0297707, 0.0352303, -0.0376317, 0.0502394, -0.119163, 0.236664, -0.0376317, 0.0502394, -0.0267541, 0.0264565, -0.0319638, 0.0671943, -0.0871404, 0.0643846, -0.0174967, 0.0898684, -0.0238107, 0.0159341, -0.0432995, 0.0332846, -0.0308846, 0.0528126, -0.0841531, 0.107947, -0.123375, 0.213283, -0.0308846, 0.0528126, -0.122714, 0.0596423, -0.0871404, 0.0643846, -0.181946, 0.0897797, -0.0871404, 0.0643846, -0.011949, 0.0148737, -0.0297707, 0.0352303, -0.0308846, 0.0528126, -0.0376317, 0.0502394, -0.0267541, 0.0264565, -0.0376317, 0.0502394, -0.0841531, 0.107947, -0.0376317, 0.0502394, -0.123375, 0.213283, -0.119163, 0.236664, -0.0297707, 0.0352303, -0.0871404, 0.0643846, -0.0174967, 0.0898684, -0.0871404, 0.0643846, -0.0319638, 0.0671943, -0.0297707, 0.0352303, -0.119163, 0.236664, -0.123375, 0.213283, -0.119163, 0.236664, -0.0319638, 0.0671943, -0.0238107, 0.0159341, -0.0376317, 0.0502394, -0.0308846, 0.0528126, -0.0297707, 0.0352303, -0.0267541, 0.0264565, -0.0169083, 0.0146294, -0.0308846, 0.0528126, -0.0432995, 0.0332846, -0.0238107, 0.0159341, -0.0308846, 0.0528126, -0.0297707, 0.0352303, -0.011949, 0.0148737, -0.181946, 0.0897797, -0.0871404, 0.0643846, -0.122714, 0.0596423, -0.0267541, 0.0264565, -0.0308846, 0.0528126, -0.123375, 0.213283, -0.0841531, 0.107947, -0.0376317, 0.0502394, -0.0871404, 0.0643846, -0.0432995, 0.0332846, -0.0841531, 0.107947, -0.0432995, 0.0332846, -0.0238107, 0.0159341, -0.122714, 0.0596423, -0.0238107, 0.0159341, -0.0308846, 0.0528126, -0.0376317, 0.0502394, -0.0238107, 0.0159341, -0.0169083, 0.0146294, -0.0267541, 0.0264565, -0.0297707, 0.0352303, -0.011949, 0.0148737, ],[-0.0180032, 0.00643403, -0.0468866, 0.0281236, -0.0323271, 0.0101873, -0.0242198, 0.0214197, -0.0340217, 0.0288483, -0.134786, 0.0573294, -0.0340217, 0.0288483, -0.116488, 0.0556271, -0.0502559, 0.0480283, -0.0340217, 0.0288483, -0.0242198, 0.0214197, -0.0323271, 0.0101873, -0.0468866, 0.0281236, -0.056604, 0.0416097, -0.132114, 0.193744, -0.056604, 0.0416097, -0.0340217, 0.0288483, -0.0502559, 0.0480283, -0.116488, 0.0556271, -0.0294837, 0.0608254, -0.0323271, 0.0101873, -0.062952, 0.035191, -0.0363206, 0.0469474, -0.0989846, 0.0987205, -0.139333, 0.184011, -0.0363206, 0.0469474, -0.134786, 0.0573294, -0.116488, 0.0556271, -0.202028, 0.0905568, -0.116488, 0.0556271, -0.0180032, 0.00643403, -0.0468866, 0.0281236, -0.0363206, 0.0469474, -0.056604, 0.0416097, -0.0340217, 0.0288483, -0.056604, 0.0416097, -0.0989846, 0.0987205, -0.056604, 0.0416097, -0.139333, 0.184011, -0.132114, 0.193744, -0.0468866, 0.0281236, -0.116488, 0.0556271, -0.0294837, 0.0608254, -0.116488, 0.0556271, -0.0502559, 0.0480283, -0.0468866, 0.0281236, -0.132114, 0.193744, -0.139333, 0.184011, -0.132114, 0.193744, -0.0502559, 0.0480283, -0.0323271, 0.0101873, -0.056604, 0.0416097, -0.0363206, 0.0469474, -0.0468866, 0.0281236, -0.0340217, 0.0288483, -0.0242198, 0.0214197, -0.0363206, 0.0469474, -0.062952, 0.035191, -0.0323271, 0.0101873, -0.0363206, 0.0469474, -0.0468866, 0.0281236, -0.0180032, 0.00643403, -0.202028, 0.0905568, -0.116488, 0.0556271, -0.134786, 0.0573294, -0.0340217, 0.0288483, -0.0363206, 0.0469474, -0.139333, 0.184011, -0.0989846, 0.0987205, -0.056604, 0.0416097, -0.116488, 0.0556271, -0.062952, 0.035191, -0.0989846, 0.0987205, -0.062952, 0.035191, -0.0323271, 0.0101873, -0.134786, 0.0573294, -0.0323271, 0.0101873, -0.0363206, 0.0469474, -0.056604, 0.0416097, -0.0323271, 0.0101873, -0.0242198, 0.0214197, -0.0340217, 0.0288483, -0.0468866, 0.0281236, -0.0180032, 0.00643403, ],]
##############################################################################
clock_duration  =         5636.66
tau =                     1.17669
total_steps =             32
time_step =               0.0367714
best_mc_result =          0.0563853
best_mc_result_non_secondary =          0.0675372
evolved_target_dot_squared =  0.943615
distance =          0.117764
j_protocol =  [[1, 1, 0, 1, 1, 0, 1, 0, 1, 1, 0, 1, 1, 1, 0, 1, 1, 1, 1, 1, 1, 0, 1, 1, 1, 1, 1, 1, 1, 1, 1, 0, ],[1, 1, 1, 0, 1, 0, 1, 1, 1, 1, 0, 0, 1, 1, 1, 1, 1, 1, 1, 0, 1, 0, 1, 1, 1, 1, 1, 1, 1, 1, 1, 0, ],]
k_protocol =  [[0, 1, 1, 1, 1, 1, 1, 1, 1, 1, 1, 1, 1, 1, 1, 1, 1, 1, 1, 1, 1, 1, 1, 1, 1, 1, 1, 1, 1, 1, 1, 1, ],[1, 1, 1, 1, 1, 1, 1, 1, 1, 1, 1, 1, 1, 1, 1, 1, 1, 1, 1, 1, 1, 1, 1, 1, 1, 1, 1, 1, 1, 1, 1, 1, ],]
j_protocol_secondary =  [0, 0.136966, 0.136966, 0.175046, 0.291954, 0.37684, 0.390285, 0.637624, 0.718259, 0.794564, 0.794564, 0.818296, 0.818296, 0.971467, 0.971467, 1.11948, ]
k_protocol_secondary =  [0.0218855, 0.155651, 0.155651, 0.487464, 0.487464, 0.491578, 0.491578, 0.573181, 0.573181, 0.90927, 0.90927, 1.06275, 1.06275, 1.12298, 1.12298, 1.17669, ]
best_evolved_state = [-0.0263489, 0.010393, -0.063229, -0.00229594, -0.0405045, -0.00721915, -0.0129054, 0.0161212, -0.0395823, 0.00709984, -0.13254, -0.0228072, -0.0395823, 0.00709984, -0.128753, -0.02549, -0.0916981, 0.0089085, -0.0395823, 0.00709984, -0.0129054, 0.0161212, -0.0405045, -0.00721915, -0.063229, -0.00229594, -0.0770346, 0.00524919, -0.233696, 0.0539916, -0.0770346, 0.00524919, -0.0395823, 0.00709984, -0.0916981, 0.0089085, -0.128753, -0.02549, -0.0713255, 0.00749497, -0.0405045, -0.00721915, -0.0623711, 0.00158989, -0.05947, 0.015369, -0.130618, 0.0248974, -0.218147, 0.0666107, -0.05947, 0.015369, -0.13254, -0.0228072, -0.128753, -0.02549, -0.198488, -0.0223035, -0.128753, -0.02549, -0.0263489, 0.010393, -0.063229, -0.00229594, -0.05947, 0.015369, -0.0770346, 0.00524919, -0.0395823, 0.00709984, -0.0770346, 0.00524919, -0.130618, 0.0248974, -0.0770346, 0.00524919, -0.218147, 0.0666107, -0.233696, 0.0539916, -0.063229, -0.00229594, -0.128753, -0.02549, -0.0713255, 0.00749497, -0.128753, -0.02549, -0.0916981, 0.0089085, -0.063229, -0.00229594, -0.233696, 0.0539916, -0.218147, 0.0666107, -0.233696, 0.0539916, -0.0916981, 0.0089085, -0.0405045, -0.00721915, -0.0770346, 0.00524919, -0.05947, 0.015369, -0.063229, -0.00229594, -0.0395823, 0.00709984, -0.0129054, 0.0161212, -0.05947, 0.015369, -0.0623711, 0.00158989, -0.0405045, -0.00721915, -0.05947, 0.015369, -0.063229, -0.00229594, -0.0263489, 0.010393, -0.198488, -0.0223035, -0.128753, -0.02549, -0.13254, -0.0228072, -0.0395823, 0.00709984, -0.05947, 0.015369, -0.218147, 0.0666107, -0.130618, 0.0248974, -0.0770346, 0.00524919, -0.128753, -0.02549, -0.0623711, 0.00158989, -0.130618, 0.0248974, -0.0623711, 0.00158989, -0.0405045, -0.00721915, -0.13254, -0.0228072, -0.0405045, -0.00721915, -0.05947, 0.015369, -0.0770346, 0.00524919, -0.0405045, -0.00721915, -0.0129054, 0.0161212, -0.0395823, 0.00709984, -0.063229, -0.00229594, -0.0263489, 0.010393, ]
best_mc_result_fixed_tau =   [0.0685142, 0.0675372, ]
evolved_state_fixed_tau =   [[-0.0243726, -0.00445215, -0.0634839, -0.00358975, -0.0380944, -0.0117005, -0.0219933, 0.0181679, -0.0385274, 0.0105507, -0.132995, -0.0337222, -0.0385274, 0.0105507, -0.136714, -0.0254371, -0.0817733, 0.000999454, -0.0385274, 0.0105507, -0.0219933, 0.0181679, -0.0380944, -0.0117005, -0.0634839, -0.00358975, -0.0779525, 0.000516669, -0.230939, 0.0537573, -0.0779525, 0.000516669, -0.0385274, 0.0105507, -0.0817733, 0.000999454, -0.136714, -0.0254371, -0.0601489, -0.00202178, -0.0380944, -0.0117005, -0.0741316, 3.38838e-05, -0.0500886, 0.0102492, -0.132121, 0.0168896, -0.216116, 0.0570218, -0.0500886, 0.0102492, -0.132995, -0.0337222, -0.136714, -0.0254371, -0.20316, -0.0369855, -0.136714, -0.0254371, -0.0243726, -0.00445215, -0.0634839, -0.00358975, -0.0500886, 0.0102492, -0.0779525, 0.000516669, -0.0385274, 0.0105507, -0.0779525, 0.000516669, -0.132121, 0.0168896, -0.0779525, 0.000516669, -0.216116, 0.0570218, -0.230939, 0.0537573, -0.0634839, -0.00358975, -0.136714, -0.0254371, -0.0601489, -0.00202178, -0.136714, -0.0254371, -0.0817733, 0.000999454, -0.0634839, -0.00358975, -0.230939, 0.0537573, -0.216116, 0.0570218, -0.230939, 0.0537573, -0.0817733, 0.000999454, -0.0380944, -0.0117005, -0.0779525, 0.000516669, -0.0500886, 0.0102492, -0.0634839, -0.00358975, -0.0385274, 0.0105507, -0.0219933, 0.0181679, -0.0500886, 0.0102492, -0.0741316, 3.38838e-05, -0.0380944, -0.0117005, -0.0500886, 0.0102492, -0.0634839, -0.00358975, -0.0243726, -0.00445215, -0.20316, -0.0369855, -0.136714, -0.0254371, -0.132995, -0.0337222, -0.0385274, 0.0105507, -0.0500886, 0.0102492, -0.216116, 0.0570218, -0.132121, 0.0168896, -0.0779525, 0.000516669, -0.136714, -0.0254371, -0.0741316, 3.38838e-05, -0.132121, 0.0168896, -0.0741316, 3.38838e-05, -0.0380944, -0.0117005, -0.132995, -0.0337222, -0.0380944, -0.0117005, -0.0500886, 0.0102492, -0.0779525, 0.000516669, -0.0380944, -0.0117005, -0.0219933, 0.0181679, -0.0385274, 0.0105507, -0.0634839, -0.00358975, -0.0243726, -0.00445215, ],[-0.0263252, -0.00678252, -0.0586774, -0.0202297, -0.0328693, -0.018126, -0.0228394, 0.00737896, -0.0422853, -0.00388188, -0.12985, -0.0411882, -0.0422853, -0.00388188, -0.118214, -0.0546535, -0.0857936, -0.0186851, -0.0422853, -0.00388188, -0.0228394, 0.00737896, -0.0328693, -0.018126, -0.0586774, -0.0202297, -0.0728285, -0.0173733, -0.243925, 0.0178775, -0.0728285, -0.0173733, -0.0422853, -0.00388188, -0.0857936, -0.0186851, -0.118214, -0.0546535, -0.0641321, -0.00961862, -0.0328693, -0.018126, -0.0598634, -0.0160615, -0.0580797, -0.000622085, -0.130751, -0.00286998, -0.228679, 0.0240359, -0.0580797, -0.000622085, -0.12985, -0.0411882, -0.118214, -0.0546535, -0.196438, -0.052409, -0.118214, -0.0546535, -0.0263252, -0.00678252, -0.0586774, -0.0202297, -0.0580797, -0.000622085, -0.0728285, -0.0173733, -0.0422853, -0.00388188, -0.0728285, -0.0173733, -0.130751, -0.00286998, -0.0728285, -0.0173733, -0.228679, 0.0240359, -0.243925, 0.0178775, -0.0586774, -0.0202297, -0.118214, -0.0546535, -0.0641321, -0.00961862, -0.118214, -0.0546535, -0.0857936, -0.0186851, -0.0586774, -0.0202297, -0.243925, 0.0178775, -0.228679, 0.0240359, -0.243925, 0.0178775, -0.0857936, -0.0186851, -0.0328693, -0.018126, -0.0728285, -0.0173733, -0.0580797, -0.000622085, -0.0586774, -0.0202297, -0.0422853, -0.00388188, -0.0228394, 0.00737896, -0.0580797, -0.000622085, -0.0598634, -0.0160615, -0.0328693, -0.018126, -0.0580797, -0.000622085, -0.0586774, -0.0202297, -0.0263252, -0.00678252, -0.196438, -0.052409, -0.118214, -0.0546535, -0.12985, -0.0411882, -0.0422853, -0.00388188, -0.0580797, -0.000622085, -0.228679, 0.0240359, -0.130751, -0.00286998, -0.0728285, -0.0173733, -0.118214, -0.0546535, -0.0598634, -0.0160615, -0.130751, -0.00286998, -0.0598634, -0.0160615, -0.0328693, -0.018126, -0.12985, -0.0411882, -0.0328693, -0.018126, -0.0580797, -0.000622085, -0.0728285, -0.0173733, -0.0328693, -0.018126, -0.0228394, 0.00737896, -0.0422853, -0.00388188, -0.0586774, -0.0202297, -0.0263252, -0.00678252, ],]
##############################################################################
clock_duration  =         6846.61
tau =                     1.29435
total_steps =             32
time_step =               0.0404486
best_mc_result =          0.0350194
best_mc_result_non_secondary =          0.0392542
evolved_target_dot_squared =  0.964981
distance =          0.0731404
j_protocol =  [[1, 1, 1, 0, 0, 1, 1, 0, 1, 1, 1, 0, 1, 1, 1, 1, 0, 1, 1, 1, 0, 0, 1, 1, 1, 1, 1, 1, 1, 0, 1, 0, ],[1, 1, 1, 1, 0, 0, 0, 0, 1, 1, 1, 1, 1, 1, 1, 0, 1, 0, 1, 1, 1, 1, 0, 1, 1, 1, 1, 1, 1, 1, 1, 0, ],]
k_protocol =  [[0, 1, 1, 1, 1, 1, 1, 1, 1, 1, 1, 1, 1, 1, 1, 1, 1, 1, 1, 1, 1, 1, 1, 1, 1, 1, 0, 1, 1, 1, 1, 1, ],[0, 1, 1, 1, 1, 1, 1, 1, 1, 1, 1, 1, 1, 1, 1, 1, 1, 1, 1, 1, 1, 1, 1, 1, 1, 1, 1, 1, 1, 1, 1, 1, ],]
j_protocol_secondary =  [0, 0.178476, 0.319423, 0.606957, 0.643208, 0.660609, 0.714488, 0.84846, 0.861992, 0.906694, 0.931543, 1.15764, 1.15764, 1.24091, 1.29435, 1.29435, ]
k_protocol_secondary =  [0.0171013, 0.157864, 0.157864, 0.316455, 0.316455, 0.794214, 0.794214, 1.05553, 1.05553, 1.12484, 1.12484, 1.16901, 1.16901, 1.29205, 1.29205, 1.29435, ]
best_evolved_state = [-0.0225421, -0.00325108, -0.051441, -0.0487784, -0.0327601, -0.030559, 0.000519957, 0.00541013, -0.0265373, -0.0221761, -0.0755335, -0.102114, -0.0265373, -0.0221761, -0.0788021, -0.114785, -0.0831654, -0.0673119, -0.0265373, -0.0221761, 0.000519957, 0.00541013, -0.0327601, -0.030559, -0.051441, -0.0487784, -0.0632597, -0.0518632, -0.191451, -0.150991, -0.0632597, -0.0518632, -0.0265373, -0.0221761, -0.0831654, -0.0673119, -0.0788021, -0.114785, -0.0538563, -0.0854728, -0.0327601, -0.030559, -0.0433541, -0.0364144, -0.0546406, -0.0358839, -0.104716, -0.0723432, -0.184546, -0.104783, -0.0546406, -0.0358839, -0.0755335, -0.102114, -0.0788021, -0.114785, -0.116989, -0.133232, -0.0788021, -0.114785, -0.0225421, -0.00325108, -0.051441, -0.0487784, -0.0546406, -0.0358839, -0.0632597, -0.0518632, -0.0265373, -0.0221761, -0.0632597, -0.0518632, -0.104716, -0.0723432, -0.0632597, -0.0518632, -0.184546, -0.104783, -0.191451, -0.150991, -0.051441, -0.0487784, -0.0788021, -0.114785, -0.0538563, -0.0854728, -0.0788021, -0.114785, -0.0831654, -0.0673119, -0.051441, -0.0487784, -0.191451, -0.150991, -0.184546, -0.104783, -0.191451, -0.150991, -0.0831654, -0.0673119, -0.0327601, -0.030559, -0.0632597, -0.0518632, -0.0546406, -0.0358839, -0.051441, -0.0487784, -0.0265373, -0.0221761, 0.000519957, 0.00541013, -0.0546406, -0.0358839, -0.0433541, -0.0364144, -0.0327601, -0.030559, -0.0546406, -0.0358839, -0.051441, -0.0487784, -0.0225421, -0.00325108, -0.116989, -0.133232, -0.0788021, -0.114785, -0.0755335, -0.102114, -0.0265373, -0.0221761, -0.0546406, -0.0358839, -0.184546, -0.104783, -0.104716, -0.0723432, -0.0632597, -0.0518632, -0.0788021, -0.114785, -0.0433541, -0.0364144, -0.104716, -0.0723432, -0.0433541, -0.0364144, -0.0327601, -0.030559, -0.0755335, -0.102114, -0.0327601, -0.030559, -0.0546406, -0.0358839, -0.0632597, -0.0518632, -0.0327601, -0.030559, 0.000519957, 0.00541013, -0.0265373, -0.0221761, -0.051441, -0.0487784, -0.0225421, -0.00325108, ]
best_mc_result_fixed_tau =   [0.0444718, 0.0392542, ]
evolved_state_fixed_tau =   [[-0.0321669, 0.00454447, -0.0623867, -0.0264442, -0.0378211, -0.018227, -0.00840039, 0.00845514, -0.0385271, -0.00827988, -0.116982, -0.0486097, -0.0385271, -0.00827988, -0.110254, -0.0717536, -0.102076, -0.0293701, -0.0385271, -0.00827988, -0.00840039, 0.00845514, -0.0378211, -0.018227, -0.0623867, -0.0264442, -0.0759295, -0.0237913, -0.242287, -0.0360733, -0.0759295, -0.0237913, -0.0385271, -0.00827988, -0.102076, -0.0293701, -0.110254, -0.0717536, -0.076858, -0.0359622, -0.0378211, -0.018227, -0.0497828, -0.0182124, -0.0657932, -0.00747939, -0.125129, -0.0177325, -0.224339, -0.00831727, -0.0657932, -0.00747939, -0.116982, -0.0486097, -0.110254, -0.0717536, -0.173638, -0.0593132, -0.110254, -0.0717536, -0.0321669, 0.00454447, -0.0623867, -0.0264442, -0.0657932, -0.00747939, -0.0759295, -0.0237913, -0.0385271, -0.00827988, -0.0759295, -0.0237913, -0.125129, -0.0177325, -0.0759295, -0.0237913, -0.224339, -0.00831727, -0.242287, -0.0360733, -0.0623867, -0.0264442, -0.110254, -0.0717536, -0.076858, -0.0359622, -0.110254, -0.0717536, -0.102076, -0.0293701, -0.0623867, -0.0264442, -0.242287, -0.0360733, -0.224339, -0.00831727, -0.242287, -0.0360733, -0.102076, -0.0293701, -0.0378211, -0.018227, -0.0759295, -0.0237913, -0.0657932, -0.00747939, -0.0623867, -0.0264442, -0.0385271, -0.00827988, -0.00840039, 0.00845514, -0.0657932, -0.00747939, -0.0497828, -0.0182124, -0.0378211, -0.018227, -0.0657932, -0.00747939, -0.0623867, -0.0264442, -0.0321669, 0.00454447, -0.173638, -0.0593132, -0.110254, -0.0717536, -0.116982, -0.0486097, -0.0385271, -0.00827988, -0.0657932, -0.00747939, -0.224339, -0.00831727, -0.125129, -0.0177325, -0.0759295, -0.0237913, -0.110254, -0.0717536, -0.0497828, -0.0182124, -0.125129, -0.0177325, -0.0497828, -0.0182124, -0.0378211, -0.018227, -0.116982, -0.0486097, -0.0378211, -0.018227, -0.0657932, -0.00747939, -0.0759295, -0.0237913, -0.0378211, -0.018227, -0.00840039, 0.00845514, -0.0385271, -0.00827988, -0.0623867, -0.0264442, -0.0321669, 0.00454447, ],[-0.02327, -0.00428781, -0.0526883, -0.0410757, -0.0354656, -0.0275477, 0.00756567, 0.00684811, -0.0207147, -0.0220659, -0.0885143, -0.102104, -0.0207147, -0.0220659, -0.0888629, -0.0999966, -0.085866, -0.0612733, -0.0207147, -0.0220659, 0.00756567, 0.00684811, -0.0354656, -0.0275477, -0.0526883, -0.0410757, -0.065955, -0.0437698, -0.211085, -0.123992, -0.065955, -0.0437698, -0.0207147, -0.0220659, -0.085866, -0.0612733, -0.0888629, -0.0999966, -0.065019, -0.0889487, -0.0354656, -0.0275477, -0.046044, -0.0262663, -0.054818, -0.0395476, -0.113074, -0.0641926, -0.193199, -0.0866051, -0.054818, -0.0395476, -0.0885143, -0.102104, -0.0888629, -0.0999966, -0.132476, -0.129434, -0.0888629, -0.0999966, -0.02327, -0.00428781, -0.0526883, -0.0410757, -0.054818, -0.0395476, -0.065955, -0.0437698, -0.0207147, -0.0220659, -0.065955, -0.0437698, -0.113074, -0.0641926, -0.065955, -0.0437698, -0.193199, -0.0866051, -0.211085, -0.123992, -0.0526883, -0.0410757, -0.0888629, -0.0999966, -0.065019, -0.0889487, -0.0888629, -0.0999966, -0.085866, -0.0612733, -0.0526883, -0.0410757, -0.211085, -0.123992, -0.193199, -0.0866051, -0.211085, -0.123992, -0.085866, -0.0612733, -0.0354656, -0.0275477, -0.065955, -0.0437698, -0.054818, -0.0395476, -0.0526883, -0.0410757, -0.0207147, -0.0220659, 0.00756567, 0.00684811, -0.054818, -0.0395476, -0.046044, -0.0262663, -0.0354656, -0.0275477, -0.054818, -0.0395476, -0.0526883, -0.0410757, -0.02327, -0.00428781, -0.132476, -0.129434, -0.0888629, -0.0999966, -0.0885143, -0.102104, -0.0207147, -0.0220659, -0.054818, -0.0395476, -0.193199, -0.0866051, -0.113074, -0.0641926, -0.065955, -0.0437698, -0.0888629, -0.0999966, -0.046044, -0.0262663, -0.113074, -0.0641926, -0.046044, -0.0262663, -0.0354656, -0.0275477, -0.0885143, -0.102104, -0.0354656, -0.0275477, -0.054818, -0.0395476, -0.065955, -0.0437698, -0.0354656, -0.0275477, 0.00756567, 0.00684811, -0.0207147, -0.0220659, -0.0526883, -0.0410757, -0.02327, -0.00428781, ],]
##############################################################################
clock_duration  =         8093.37
tau =                     1.42379
total_steps =             32
time_step =               0.0444934
best_mc_result =          0.0222389
best_mc_result_non_secondary =          0.0364408
evolved_target_dot_squared =  0.977761
distance =          0.0464475
j_protocol =  [[1, 1, 0, 0, 1, 1, 0, 0, 1, 1, 1, 1, 1, 1, 0, 0, 1, 1, 1, 1, 1, 1, 0, 0, 1, 1, 1, 1, 1, 1, 0, 0, ],[1, 1, 0, 0, 1, 1, 0, 0, 1, 1, 1, 1, 1, 1, 0, 0, 1, 1, 1, 1, 1, 1, 0, 0, 1, 1, 1, 1, 1, 1, 0, 0, ],]
k_protocol =  [[0, 0, 1, 1, 1, 1, 1, 1, 1, 1, 1, 1, 1, 1, 1, 1, 1, 1, 1, 1, 1, 1, 1, 1, 1, 1, 0, 0, 1, 1, 1, 1, ],[0, 0, 1, 1, 1, 1, 1, 1, 1, 1, 1, 1, 1, 1, 1, 1, 1, 1, 1, 1, 1, 1, 1, 1, 1, 1, 0, 0, 1, 1, 1, 1, ],]
j_protocol_secondary =  [0, 0.0381184, 0.0381184, 0.111691, 0.185403, 0.272858, 0.366195, 0.623807, 0.730404, 0.969528, 0.98188, 0.985033, 1.03892, 1.38789, 1.42379, 1.42379, ]
k_protocol_secondary =  [0.0178516, 0.188492, 0.188492, 0.57432, 0.57432, 0.652649, 0.652649, 0.67642, 0.67642, 0.724048, 0.724048, 0.935271, 0.935271, 1.21197, 1.21197, 1.42379, ]
best_evolved_state = [-0.00047325, -0.0206967, 0.00615967, -0.0700393, 0.000279185, -0.0381913, 0.0112401, -0.00515202, 0.00776295, -0.0344689, 0.030627, -0.119113, 0.00776295, -0.0344689, 0.0398238, -0.139182, 0.00763609, -0.107358, 0.00776295, -0.0344689, 0.0112401, -0.00515202, 0.000279185, -0.0381913, 0.00615967, -0.0700393, 0.00508554, -0.0813641, 0.0221364, -0.252192, 0.00508554, -0.0813641, 0.00776295, -0.0344689, 0.00763609, -0.107358, 0.0398238, -0.139182, 0.0528056, -0.12376, 0.000279185, -0.0381913, 0.002535, -0.0553703, -0.00410268, -0.0630064, -0.00437563, -0.121828, -0.0108916, -0.198677, -0.00410268, -0.0630064, 0.030627, -0.119113, 0.0398238, -0.139182, 0.0335001, -0.161231, 0.0398238, -0.139182, -0.00047325, -0.0206967, 0.00615967, -0.0700393, -0.00410268, -0.0630064, 0.00508554, -0.0813641, 0.00776295, -0.0344689, 0.00508554, -0.0813641, -0.00437563, -0.121828, 0.00508554, -0.0813641, -0.0108916, -0.198677, 0.0221364, -0.252192, 0.00615967, -0.0700393, 0.0398238, -0.139182, 0.0528056, -0.12376, 0.0398238, -0.139182, 0.00763609, -0.107358, 0.00615967, -0.0700393, 0.0221364, -0.252192, -0.0108916, -0.198677, 0.0221364, -0.252192, 0.00763609, -0.107358, 0.000279185, -0.0381913, 0.00508554, -0.0813641, -0.00410268, -0.0630064, 0.00615967, -0.0700393, 0.00776295, -0.0344689, 0.0112401, -0.00515202, -0.00410268, -0.0630064, 0.002535, -0.0553703, 0.000279185, -0.0381913, -0.00410268, -0.0630064, 0.00615967, -0.0700393, -0.00047325, -0.0206967, 0.0335001, -0.161231, 0.0398238, -0.139182, 0.030627, -0.119113, 0.00776295, -0.0344689, -0.00410268, -0.0630064, -0.0108916, -0.198677, -0.00437563, -0.121828, 0.00508554, -0.0813641, 0.0398238, -0.139182, 0.002535, -0.0553703, -0.00437563, -0.121828, 0.002535, -0.0553703, 0.000279185, -0.0381913, 0.030627, -0.119113, 0.000279185, -0.0381913, -0.00410268, -0.0630064, 0.00508554, -0.0813641, 0.000279185, -0.0381913, 0.0112401, -0.00515202, 0.00776295, -0.0344689, 0.00615967, -0.0700393, -0.00047325, -0.0206967, ]
best_mc_result_fixed_tau =   [0.0364408, 0.0364408, ]
evolved_state_fixed_tau =   [[-0.0305791, -0.0104066, -0.0582333, -0.0460097, -0.0369072, -0.0300475, -0.00684754, 0.00284264, -0.0359956, -0.0197703, -0.089884, -0.0807108, -0.0359956, -0.0197703, -0.0940232, -0.109317, -0.0947364, -0.0656069, -0.0359956, -0.0197703, -0.00684754, 0.00284264, -0.0369072, -0.0300475, -0.0582333, -0.0460097, -0.0712495, -0.0498003, -0.197858, -0.109164, -0.0712495, -0.0498003, -0.0359956, -0.0197703, -0.0947364, -0.0656069, -0.0940232, -0.109317, -0.0649014, -0.0832818, -0.0369072, -0.0300475, -0.0477626, -0.0339937, -0.063921, -0.0301445, -0.113424, -0.0591987, -0.195009, -0.0787925, -0.063921, -0.0301445, -0.089884, -0.0807108, -0.0940232, -0.109317, -0.136443, -0.104272, -0.0940232, -0.109317, -0.0305791, -0.0104066, -0.0582333, -0.0460097, -0.063921, -0.0301445, -0.0712495, -0.0498003, -0.0359956, -0.0197703, -0.0712495, -0.0498003, -0.113424, -0.0591987, -0.0712495, -0.0498003, -0.195009, -0.0787925, -0.197858, -0.109164, -0.0582333, -0.0460097, -0.0940232, -0.109317, -0.0649014, -0.0832818, -0.0940232, -0.109317, -0.0947364, -0.0656069, -0.0582333, -0.0460097, -0.197858, -0.109164, -0.195009, -0.0787925, -0.197858, -0.109164, -0.0947364, -0.0656069, -0.0369072, -0.0300475, -0.0712495, -0.0498003, -0.063921, -0.0301445, -0.0582333, -0.0460097, -0.0359956, -0.0197703, -0.00684754, 0.00284264, -0.063921, -0.0301445, -0.0477626, -0.0339937, -0.0369072, -0.0300475, -0.063921, -0.0301445, -0.0582333, -0.0460097, -0.0305791, -0.0104066, -0.136443, -0.104272, -0.0940232, -0.109317, -0.089884, -0.0807108, -0.0359956, -0.0197703, -0.063921, -0.0301445, -0.195009, -0.0787925, -0.113424, -0.0591987, -0.0712495, -0.0498003, -0.0940232, -0.109317, -0.0477626, -0.0339937, -0.113424, -0.0591987, -0.0477626, -0.0339937, -0.0369072, -0.0300475, -0.089884, -0.0807108, -0.0369072, -0.0300475, -0.063921, -0.0301445, -0.0712495, -0.0498003, -0.0369072, -0.0300475, -0.00684754, 0.00284264, -0.0359956, -0.0197703, -0.0582333, -0.0460097, -0.0305791, -0.0104066, ],[-0.0305791, -0.0104066, -0.0582333, -0.0460097, -0.0369072, -0.0300475, -0.00684754, 0.00284264, -0.0359956, -0.0197703, -0.089884, -0.0807108, -0.0359956, -0.0197703, -0.0940232, -0.109317, -0.0947364, -0.0656069, -0.0359956, -0.0197703, -0.00684754, 0.00284264, -0.0369072, -0.0300475, -0.0582333, -0.0460097, -0.0712495, -0.0498003, -0.197858, -0.109164, -0.0712495, -0.0498003, -0.0359956, -0.0197703, -0.0947364, -0.0656069, -0.0940232, -0.109317, -0.0649014, -0.0832818, -0.0369072, -0.0300475, -0.0477626, -0.0339937, -0.063921, -0.0301445, -0.113424, -0.0591987, -0.195009, -0.0787925, -0.063921, -0.0301445, -0.089884, -0.0807108, -0.0940232, -0.109317, -0.136443, -0.104272, -0.0940232, -0.109317, -0.0305791, -0.0104066, -0.0582333, -0.0460097, -0.063921, -0.0301445, -0.0712495, -0.0498003, -0.0359956, -0.0197703, -0.0712495, -0.0498003, -0.113424, -0.0591987, -0.0712495, -0.0498003, -0.195009, -0.0787925, -0.197858, -0.109164, -0.0582333, -0.0460097, -0.0940232, -0.109317, -0.0649014, -0.0832818, -0.0940232, -0.109317, -0.0947364, -0.0656069, -0.0582333, -0.0460097, -0.197858, -0.109164, -0.195009, -0.0787925, -0.197858, -0.109164, -0.0947364, -0.0656069, -0.0369072, -0.0300475, -0.0712495, -0.0498003, -0.063921, -0.0301445, -0.0582333, -0.0460097, -0.0359956, -0.0197703, -0.00684754, 0.00284264, -0.063921, -0.0301445, -0.0477626, -0.0339937, -0.0369072, -0.0300475, -0.063921, -0.0301445, -0.0582333, -0.0460097, -0.0305791, -0.0104066, -0.136443, -0.104272, -0.0940232, -0.109317, -0.089884, -0.0807108, -0.0359956, -0.0197703, -0.063921, -0.0301445, -0.195009, -0.0787925, -0.113424, -0.0591987, -0.0712495, -0.0498003, -0.0940232, -0.109317, -0.0477626, -0.0339937, -0.113424, -0.0591987, -0.0477626, -0.0339937, -0.0369072, -0.0300475, -0.089884, -0.0807108, -0.0369072, -0.0300475, -0.063921, -0.0301445, -0.0712495, -0.0498003, -0.0369072, -0.0300475, -0.00684754, 0.00284264, -0.0359956, -0.0197703, -0.0582333, -0.0460097, -0.0305791, -0.0104066, ],]
##############################################################################
clock_duration  =         9483.17
tau =                     1.56617
total_steps =             32
time_step =               0.0489428
best_mc_result =          0.0152435
best_mc_result_non_secondary =          0.0224203
evolved_target_dot_squared =  0.984757
distance =          0.031837
j_protocol =  [[1, 1, 0, 0, 1, 1, 0, 1, 1, 0, 1, 1, 1, 0, 0, 1, 1, 1, 1, 0, 0, 1, 1, 1, 1, 0, 1, 1, 1, 1, 1, 0, ],[1, 1, 1, 1, 0, 0, 0, 1, 1, 1, 1, 1, 0, 1, 0, 0, 1, 1, 1, 0, 1, 1, 1, 1, 0, 1, 1, 1, 1, 1, 0, 1, ],]
k_protocol =  [[1, 1, 1, 1, 1, 1, 1, 1, 1, 1, 1, 1, 1, 1, 1, 1, 1, 1, 0, 1, 1, 1, 1, 1, 1, 1, 1, 0, 1, 1, 1, 1, ],[1, 1, 1, 1, 1, 1, 1, 1, 1, 1, 1, 1, 1, 1, 1, 1, 0, 1, 1, 1, 1, 1, 1, 1, 1, 1, 1, 1, 1, 0, 1, 1, ],]
j_protocol_secondary =  [0, 0.0164885, 0.0164885, 0.0974384, 0.209593, 0.286787, 0.3358, 0.443702, 0.49375, 0.647542, 0.740142, 0.954889, 1.02796, 1.20864, 1.24763, 1.54727, ]
k_protocol_secondary =  [0.0174541, 0.397828, 0.397828, 0.538166, 0.538166, 0.553024, 0.553024, 0.792413, 0.792413, 0.89066, 0.89066, 0.98185, 0.98185, 1.32703, 1.34126, 1.56617, ]
best_evolved_state = [0.0167549, -0.0136573, 0.0619725, -0.0308549, 0.0308359, -0.0155809, 0.0170112, -0.00170767, 0.0392521, -0.0119514, 0.112694, -0.0422461, 0.0392521, -0.0119514, 0.137895, -0.0481201, 0.0974563, -0.0494769, 0.0392521, -0.0119514, 0.0170112, -0.00170767, 0.0308359, -0.0155809, 0.0619725, -0.0308549, 0.0711845, -0.0385683, 0.229055, -0.117507, 0.0711845, -0.0385683, 0.0392521, -0.0119514, 0.0974563, -0.0494769, 0.137895, -0.0481201, 0.147815, -0.0443039, 0.0308359, -0.0155809, 0.0449128, -0.0276597, 0.0478417, -0.0344063, 0.0947425, -0.0648754, 0.164571, -0.102559, 0.0478417, -0.0344063, 0.112694, -0.0422461, 0.137895, -0.0481201, 0.150173, -0.0588083, 0.137895, -0.0481201, 0.0167549, -0.0136573, 0.0619725, -0.0308549, 0.0478417, -0.0344063, 0.0711845, -0.0385683, 0.0392521, -0.0119514, 0.0711845, -0.0385683, 0.0947425, -0.0648754, 0.0711845, -0.0385683, 0.164571, -0.102559, 0.229055, -0.117507, 0.0619725, -0.0308549, 0.137895, -0.0481201, 0.147815, -0.0443039, 0.137895, -0.0481201, 0.0974563, -0.0494769, 0.0619725, -0.0308549, 0.229055, -0.117507, 0.164571, -0.102559, 0.229055, -0.117507, 0.0974563, -0.0494769, 0.0308359, -0.0155809, 0.0711845, -0.0385683, 0.0478417, -0.0344063, 0.0619725, -0.0308549, 0.0392521, -0.0119514, 0.0170112, -0.00170767, 0.0478417, -0.0344063, 0.0449128, -0.0276597, 0.0308359, -0.0155809, 0.0478417, -0.0344063, 0.0619725, -0.0308549, 0.0167549, -0.0136573, 0.150173, -0.0588083, 0.137895, -0.0481201, 0.112694, -0.0422461, 0.0392521, -0.0119514, 0.0478417, -0.0344063, 0.164571, -0.102559, 0.0947425, -0.0648754, 0.0711845, -0.0385683, 0.137895, -0.0481201, 0.0449128, -0.0276597, 0.0947425, -0.0648754, 0.0449128, -0.0276597, 0.0308359, -0.0155809, 0.112694, -0.0422461, 0.0308359, -0.0155809, 0.0478417, -0.0344063, 0.0711845, -0.0385683, 0.0308359, -0.0155809, 0.0170112, -0.00170767, 0.0392521, -0.0119514, 0.0619725, -0.0308549, 0.0167549, -0.0136573, ]
best_mc_result_fixed_tau =   [0.0224203, 0.0279694, ]
evolved_state_fixed_tau =   [[0.00831961, -0.0254555, 0.0338787, -0.0652927, 0.0206255, -0.0360631, 0.00415624, -0.00710272, 0.0167515, -0.029932, 0.0854133, -0.0820912, 0.0167515, -0.029932, 0.0951495, -0.11581, 0.0520983, -0.0981958, 0.0167515, -0.029932, 0.00415624, -0.00710272, 0.0206255, -0.0360631, 0.0338787, -0.0652927, 0.0390032, -0.0774884, 0.123262, -0.209763, 0.0390032, -0.0774884, 0.0167515, -0.029932, 0.0520983, -0.0981958, 0.0951495, -0.11581, 0.10266, -0.0942835, 0.0206255, -0.0360631, 0.025908, -0.056781, 0.0236348, -0.0550087, 0.0543049, -0.110742, 0.0793435, -0.17875, 0.0236348, -0.0550087, 0.0854133, -0.0820912, 0.0951495, -0.11581, 0.107143, -0.118683, 0.0951495, -0.11581, 0.00831961, -0.0254555, 0.0338787, -0.0652927, 0.0236348, -0.0550087, 0.0390032, -0.0774884, 0.0167515, -0.029932, 0.0390032, -0.0774884, 0.0543049, -0.110742, 0.0390032, -0.0774884, 0.0793435, -0.17875, 0.123262, -0.209763, 0.0338787, -0.0652927, 0.0951495, -0.11581, 0.10266, -0.0942835, 0.0951495, -0.11581, 0.0520983, -0.0981958, 0.0338787, -0.0652927, 0.123262, -0.209763, 0.0793435, -0.17875, 0.123262, -0.209763, 0.0520983, -0.0981958, 0.0206255, -0.0360631, 0.0390032, -0.0774884, 0.0236348, -0.0550087, 0.0338787, -0.0652927, 0.0167515, -0.029932, 0.00415624, -0.00710272, 0.0236348, -0.0550087, 0.025908, -0.056781, 0.0206255, -0.0360631, 0.0236348, -0.0550087, 0.0338787, -0.0652927, 0.00831961, -0.0254555, 0.107143, -0.118683, 0.0951495, -0.11581, 0.0854133, -0.0820912, 0.0167515, -0.029932, 0.0236348, -0.0550087, 0.0793435, -0.17875, 0.0543049, -0.110742, 0.0390032, -0.0774884, 0.0951495, -0.11581, 0.025908, -0.056781, 0.0543049, -0.110742, 0.025908, -0.056781, 0.0206255, -0.0360631, 0.0854133, -0.0820912, 0.0206255, -0.0360631, 0.0236348, -0.0550087, 0.0390032, -0.0774884, 0.0206255, -0.0360631, 0.00415624, -0.00710272, 0.0167515, -0.029932, 0.0338787, -0.0652927, 0.00831961, -0.0254555, ],[0.0169982, -0.0134702, 0.0398858, -0.0522561, 0.0159493, -0.0302426, 0.0198123, 0.0073954, 0.0310221, -0.0131398, 0.0937318, -0.0868237, 0.0310221, -0.0131398, 0.10462, -0.102618, 0.0724723, -0.0774644, 0.0310221, -0.0131398, 0.0198123, 0.0073954, 0.0159493, -0.0302426, 0.0398858, -0.0522561, 0.0484206, -0.0609401, 0.173342, -0.191047, 0.0484206, -0.0609401, 0.0310221, -0.0131398, 0.0724723, -0.0774644, 0.10462, -0.102618, 0.154028, -0.0885956, 0.0159493, -0.0302426, 0.0243689, -0.0444157, 0.0385708, -0.0480209, 0.0650203, -0.0984108, 0.112523, -0.144762, 0.0385708, -0.0480209, 0.0937318, -0.0868237, 0.10462, -0.102618, 0.11803, -0.111386, 0.10462, -0.102618, 0.0169982, -0.0134702, 0.0398858, -0.0522561, 0.0385708, -0.0480209, 0.0484206, -0.0609401, 0.0310221, -0.0131398, 0.0484206, -0.0609401, 0.0650203, -0.0984108, 0.0484206, -0.0609401, 0.112523, -0.144762, 0.173342, -0.191047, 0.0398858, -0.0522561, 0.10462, -0.102618, 0.154028, -0.0885956, 0.10462, -0.102618, 0.0724723, -0.0774644, 0.0398858, -0.0522561, 0.173342, -0.191047, 0.112523, -0.144762, 0.173342, -0.191047, 0.0724723, -0.0774644, 0.0159493, -0.0302426, 0.0484206, -0.0609401, 0.0385708, -0.0480209, 0.0398858, -0.0522561, 0.0310221, -0.0131398, 0.0198123, 0.0073954, 0.0385708, -0.0480209, 0.0243689, -0.0444157, 0.0159493, -0.0302426, 0.0385708, -0.0480209, 0.0398858, -0.0522561, 0.0169982, -0.0134702, 0.11803, -0.111386, 0.10462, -0.102618, 0.0937318, -0.0868237, 0.0310221, -0.0131398, 0.0385708, -0.0480209, 0.112523, -0.144762, 0.0650203, -0.0984108, 0.0484206, -0.0609401, 0.10462, -0.102618, 0.0243689, -0.0444157, 0.0650203, -0.0984108, 0.0243689, -0.0444157, 0.0159493, -0.0302426, 0.0937318, -0.0868237, 0.0159493, -0.0302426, 0.0385708, -0.0480209, 0.0484206, -0.0609401, 0.0159493, -0.0302426, 0.0198123, 0.0073954, 0.0310221, -0.0131398, 0.0398858, -0.0522561, 0.0169982, -0.0134702, ],]
##############################################################################
clock_duration  =         10785.2
tau =                     1.72279
total_steps =             32
time_step =               0.053837
best_mc_result =          0.0109691
best_mc_result_non_secondary =          0.0199908
evolved_target_dot_squared =  0.989031
distance =          0.0229097
j_protocol =  [[1, 1, 0, 0, 1, 1, 0, 0, 1, 1, 1, 0, 0, 0, 1, 1, 1, 1, 1, 0, 0, 1, 1, 1, 1, 1, 0, 1, 1, 1, 1, 0, ],[1, 1, 0, 0, 0, 0, 1, 1, 1, 1, 0, 0, 1, 1, 1, 1, 0, 0, 1, 1, 0, 0, 1, 1, 1, 1, 1, 1, 1, 1, 1, 1, ],]
k_protocol =  [[1, 1, 1, 1, 1, 1, 1, 1, 0, 0, 1, 1, 1, 1, 1, 1, 1, 1, 1, 1, 1, 1, 1, 1, 1, 1, 1, 1, 1, 0, 1, 1, ],[0, 0, 1, 1, 1, 1, 1, 1, 1, 1, 1, 1, 1, 1, 1, 1, 1, 1, 0, 0, 1, 1, 1, 1, 1, 1, 1, 1, 1, 1, 1, 1, ],]
j_protocol_secondary =  [0, 0.100589, 0.21308, 0.213822, 0.235062, 0.330461, 0.411531, 0.632993, 0.760827, 1.03045, 1.12356, 1.40666, 1.44143, 1.69017, 1.72279, 1.72279, ]
k_protocol_secondary =  [0.0118033, 0.070029, 0.070029, 0.511064, 0.511064, 0.861718, 0.861718, 0.884805, 0.884805, 0.940933, 0.940933, 1.54877, 1.54877, 1.55891, 1.61041, 1.72279, ]
best_evolved_state = [0.0188812, 0.00622072, 0.0608446, 0.0368921, 0.0316724, 0.0216067, 0.0143589, 0.00466389, 0.0387392, 0.0254298, 0.0981251, 0.065993, 0.0387392, 0.0254298, 0.120095, 0.0831165, 0.0995338, 0.0593434, 0.0387392, 0.0254298, 0.0143589, 0.00466389, 0.0316724, 0.0216067, 0.0608446, 0.0368921, 0.0720154, 0.0385543, 0.223193, 0.123105, 0.0720154, 0.0385543, 0.0387392, 0.0254298, 0.0995338, 0.0593434, 0.120095, 0.0831165, 0.135725, 0.0820272, 0.0316724, 0.0216067, 0.0444969, 0.0177652, 0.0518265, 0.0245873, 0.0991804, 0.0422302, 0.172937, 0.0880915, 0.0518265, 0.0245873, 0.0981251, 0.065993, 0.120095, 0.0831165, 0.133674, 0.0889132, 0.120095, 0.0831165, 0.0188812, 0.00622072, 0.0608446, 0.0368921, 0.0518265, 0.0245873, 0.0720154, 0.0385543, 0.0387392, 0.0254298, 0.0720154, 0.0385543, 0.0991804, 0.0422302, 0.0720154, 0.0385543, 0.172937, 0.0880915, 0.223193, 0.123105, 0.0608446, 0.0368921, 0.120095, 0.0831165, 0.135725, 0.0820272, 0.120095, 0.0831165, 0.0995338, 0.0593434, 0.0608446, 0.0368921, 0.223193, 0.123105, 0.172937, 0.0880915, 0.223193, 0.123105, 0.0995338, 0.0593434, 0.0316724, 0.0216067, 0.0720154, 0.0385543, 0.0518265, 0.0245873, 0.0608446, 0.0368921, 0.0387392, 0.0254298, 0.0143589, 0.00466389, 0.0518265, 0.0245873, 0.0444969, 0.0177652, 0.0316724, 0.0216067, 0.0518265, 0.0245873, 0.0608446, 0.0368921, 0.0188812, 0.00622072, 0.133674, 0.0889132, 0.120095, 0.0831165, 0.0981251, 0.065993, 0.0387392, 0.0254298, 0.0518265, 0.0245873, 0.172937, 0.0880915, 0.0991804, 0.0422302, 0.0720154, 0.0385543, 0.120095, 0.0831165, 0.0444969, 0.0177652, 0.0991804, 0.0422302, 0.0444969, 0.0177652, 0.0316724, 0.0216067, 0.0981251, 0.065993, 0.0316724, 0.0216067, 0.0518265, 0.0245873, 0.0720154, 0.0385543, 0.0316724, 0.0216067, 0.0143589, 0.00466389, 0.0387392, 0.0254298, 0.0608446, 0.0368921, 0.0188812, 0.00622072, ]
best_mc_result_fixed_tau =   [0.0199908, 0.0236654, ]
evolved_state_fixed_tau =   [[0.0143639, -0.0136757, 0.0660222, -0.0315049, 0.0333083, -0.0174721, 0.00703005, -0.00044881, 0.0328454, -0.00858751, 0.108432, -0.0365771, 0.0328454, -0.00858751, 0.140804, -0.0451985, 0.106793, -0.0440298, 0.0328454, -0.00858751, 0.00703005, -0.00044881, 0.0333083, -0.0174721, 0.0660222, -0.0315049, 0.0745442, -0.0373778, 0.241743, -0.100278, 0.0745442, -0.0373778, 0.0328454, -0.00858751, 0.106793, -0.0440298, 0.140804, -0.0451985, 0.16321, -0.0190291, 0.0333083, -0.0174721, 0.0422957, -0.0307258, 0.0504118, -0.0282687, 0.0956735, -0.0582419, 0.162262, -0.0914004, 0.0504118, -0.0282687, 0.108432, -0.0365771, 0.140804, -0.0451985, 0.13915, -0.0513174, 0.140804, -0.0451985, 0.0143639, -0.0136757, 0.0660222, -0.0315049, 0.0504118, -0.0282687, 0.0745442, -0.0373778, 0.0328454, -0.00858751, 0.0745442, -0.0373778, 0.0956735, -0.0582419, 0.0745442, -0.0373778, 0.162262, -0.0914004, 0.241743, -0.100278, 0.0660222, -0.0315049, 0.140804, -0.0451985, 0.16321, -0.0190291, 0.140804, -0.0451985, 0.106793, -0.0440298, 0.0660222, -0.0315049, 0.241743, -0.100278, 0.162262, -0.0914004, 0.241743, -0.100278, 0.106793, -0.0440298, 0.0333083, -0.0174721, 0.0745442, -0.0373778, 0.0504118, -0.0282687, 0.0660222, -0.0315049, 0.0328454, -0.00858751, 0.00703005, -0.00044881, 0.0504118, -0.0282687, 0.0422957, -0.0307258, 0.0333083, -0.0174721, 0.0504118, -0.0282687, 0.0660222, -0.0315049, 0.0143639, -0.0136757, 0.13915, -0.0513174, 0.140804, -0.0451985, 0.108432, -0.0365771, 0.0328454, -0.00858751, 0.0504118, -0.0282687, 0.162262, -0.0914004, 0.0956735, -0.0582419, 0.0745442, -0.0373778, 0.140804, -0.0451985, 0.0422957, -0.0307258, 0.0956735, -0.0582419, 0.0422957, -0.0307258, 0.0333083, -0.0174721, 0.108432, -0.0365771, 0.0333083, -0.0174721, 0.0504118, -0.0282687, 0.0745442, -0.0373778, 0.0333083, -0.0174721, 0.00703005, -0.00044881, 0.0328454, -0.00858751, 0.0660222, -0.0315049, 0.0143639, -0.0136757, ],[0.0143639, -0.0136757, 0.0660222, -0.0315049, 0.0333083, -0.0174721, 0.00703005, -0.00044881, 0.0328454, -0.00858751, 0.108432, -0.0365771, 0.0328454, -0.00858751, 0.140804, -0.0451985, 0.106793, -0.0440298, 0.0328454, -0.00858751, 0.00703005, -0.00044881, 0.0333083, -0.0174721, 0.0660222, -0.0315049, 0.0745442, -0.0373778, 0.241743, -0.100278, 0.0745442, -0.0373778, 0.0328454, -0.00858751, 0.106793, -0.0440298, 0.140804, -0.0451985, 0.16321, -0.0190291, 0.0333083, -0.0174721, 0.0422957, -0.0307258, 0.0504118, -0.0282687, 0.0956735, -0.0582419, 0.162262, -0.0914004, 0.0504118, -0.0282687, 0.108432, -0.0365771, 0.140804, -0.0451985, 0.13915, -0.0513174, 0.140804, -0.0451985, 0.0143639, -0.0136757, 0.0660222, -0.0315049, 0.0504118, -0.0282687, 0.0745442, -0.0373778, 0.0328454, -0.00858751, 0.0745442, -0.0373778, 0.0956735, -0.0582419, 0.0745442, -0.0373778, 0.162262, -0.0914004, 0.241743, -0.100278, 0.0660222, -0.0315049, 0.140804, -0.0451985, 0.16321, -0.0190291, 0.140804, -0.0451985, 0.106793, -0.0440298, 0.0660222, -0.0315049, 0.241743, -0.100278, 0.162262, -0.0914004, 0.241743, -0.100278, 0.106793, -0.0440298, 0.0333083, -0.0174721, 0.0745442, -0.0373778, 0.0504118, -0.0282687, 0.0660222, -0.0315049, 0.0328454, -0.00858751, 0.00703005, -0.00044881, 0.0504118, -0.0282687, 0.0422957, -0.0307258, 0.0333083, -0.0174721, 0.0504118, -0.0282687, 0.0660222, -0.0315049, 0.0143639, -0.0136757, 0.13915, -0.0513174, 0.140804, -0.0451985, 0.108432, -0.0365771, 0.0328454, -0.00858751, 0.0504118, -0.0282687, 0.162262, -0.0914004, 0.0956735, -0.0582419, 0.0745442, -0.0373778, 0.140804, -0.0451985, 0.0422957, -0.0307258, 0.0956735, -0.0582419, 0.0422957, -0.0307258, 0.0333083, -0.0174721, 0.108432, -0.0365771, 0.0333083, -0.0174721, 0.0504118, -0.0282687, 0.0745442, -0.0373778, 0.0333083, -0.0174721, 0.00703005, -0.00044881, 0.0328454, -0.00858751, 0.0660222, -0.0315049, 0.0143639, -0.0136757, ],]
##############################################################################
clock_duration  =         13450.4
tau =                     1.80892
total_steps =             32
time_step =               0.0592208
best_mc_result =          0.00997072
best_mc_result_non_secondary =          0
evolved_target_dot_squared =  0.990029
distance =          0.0208245
j_protocol =  [[0, 0, 0, 0, 0, 0, 0, 0, 0, 0, 0, 0, 0, 0, 0, 0, 0, 0, 0, 0, 0, 0, 0, 0, 0, 0, 0, 0, 0, 0, 0, 0, ],[0, 0, 0, 0, 0, 0, 0, 0, 0, 0, 0, 0, 0, 0, 0, 0, 0, 0, 0, 0, 0, 0, 0, 0, 0, 0, 0, 0, 0, 0, 0, 0, ],]
k_protocol =  [[0, 0, 0, 0, 0, 0, 0, 0, 0, 0, 0, 0, 0, 0, 0, 0, 0, 0, 0, 0, 0, 0, 0, 0, 0, 0, 0, 0, 0, 0, 0, 0, ],[0, 0, 0, 0, 0, 0, 0, 0, 0, 0, 0, 0, 0, 0, 0, 0, 0, 0, 0, 0, 0, 0, 0, 0, 0, 0, 0, 0, 0, 0, 0, 0, ],]
j_protocol_secondary =  [0, 0.0841391, 0.17335, 0.216209, 0.320828, 0.470031, 0.506422, 0.58159, 0.672082, 0.882257, 0.98542, 1.25511, 1.34968, 1.3583, 1.38474, 1.80772, ]
k_protocol_secondary =  [0.0104666, 0.419119, 0.419119, 0.755883, 0.755883, 0.849979, 0.849979, 1.06984, 1.06984, 1.16207, 1.17501, 1.28108, 1.28108, 1.43539, 1.48627, 1.80892, ]
best_evolved_state = [0.0172168, 0.013856, 0.0308689, 0.0644058, 0.0170371, 0.0344512, 0.00665391, 0.00811654, 0.0191487, 0.0384601, 0.0493844, 0.106827, 0.0191487, 0.0384601, 0.059519, 0.133614, 0.0564645, 0.102104, 0.0191487, 0.0384601, 0.00665391, 0.00811654, 0.0170371, 0.0344512, 0.0308689, 0.0644058, 0.040054, 0.0704187, 0.124216, 0.227028, 0.040054, 0.0704187, 0.0191487, 0.0384601, 0.0564645, 0.102104, 0.059519, 0.133614, 0.0724351, 0.1315, 0.0170371, 0.0344512, 0.0236436, 0.0387335, 0.0293376, 0.0482015, 0.05801, 0.0882324, 0.101279, 0.168887, 0.0293376, 0.0482015, 0.0493844, 0.106827, 0.059519, 0.133614, 0.0675016, 0.1435, 0.059519, 0.133614, 0.0172168, 0.013856, 0.0308689, 0.0644058, 0.0293376, 0.0482015, 0.040054, 0.0704187, 0.0191487, 0.0384601, 0.040054, 0.0704187, 0.05801, 0.0882324, 0.040054, 0.0704187, 0.101279, 0.168887, 0.124216, 0.227028, 0.0308689, 0.0644058, 0.059519, 0.133614, 0.0724351, 0.1315, 0.059519, 0.133614, 0.0564645, 0.102104, 0.0308689, 0.0644058, 0.124216, 0.227028, 0.101279, 0.168887, 0.124216, 0.227028, 0.0564645, 0.102104, 0.0170371, 0.0344512, 0.040054, 0.0704187, 0.0293376, 0.0482015, 0.0308689, 0.0644058, 0.0191487, 0.0384601, 0.00665391, 0.00811654, 0.0293376, 0.0482015, 0.0236436, 0.0387335, 0.0170371, 0.0344512, 0.0293376, 0.0482015, 0.0308689, 0.0644058, 0.0172168, 0.013856, 0.0675016, 0.1435, 0.059519, 0.133614, 0.0493844, 0.106827, 0.0191487, 0.0384601, 0.0293376, 0.0482015, 0.101279, 0.168887, 0.05801, 0.0882324, 0.040054, 0.0704187, 0.059519, 0.133614, 0.0236436, 0.0387335, 0.05801, 0.0882324, 0.0236436, 0.0387335, 0.0170371, 0.0344512, 0.0493844, 0.106827, 0.0170371, 0.0344512, 0.0293376, 0.0482015, 0.040054, 0.0704187, 0.0170371, 0.0344512, 0.00665391, 0.00811654, 0.0191487, 0.0384601, 0.0308689, 0.0644058, 0.0172168, 0.013856, ]
best_mc_result_fixed_tau =   [0.0214097, 0.021292, ]
evolved_state_fixed_tau =   [[0.00739141, 0.0254772, 0.0374907, 0.0605781, 0.0108287, 0.0339922, 0.0246319, 0.0285138, 0.0385125, 0.0475539, 0.0636837, 0.0916134, 0.0385125, 0.0475539, 0.0859064, 0.131333, 0.0567286, 0.0910976, 0.0385125, 0.0475539, 0.0246319, 0.0285138, 0.0108287, 0.0339922, 0.0374907, 0.0605781, 0.0476086, 0.0684253, 0.145335, 0.195835, 0.0476086, 0.0684253, 0.0385125, 0.0475539, 0.0567286, 0.0910976, 0.0859064, 0.131333, 0.106951, 0.10889, 0.0108287, 0.0339922, 0.0384886, 0.045753, 0.0342467, 0.0334155, 0.0658004, 0.0761483, 0.115394, 0.15554, 0.0342467, 0.0334155, 0.0636837, 0.0916134, 0.0859064, 0.131333, 0.0887581, 0.13944, 0.0859064, 0.131333, 0.00739141, 0.0254772, 0.0374907, 0.0605781, 0.0342467, 0.0334155, 0.0476086, 0.0684253, 0.0385125, 0.0475539, 0.0476086, 0.0684253, 0.0658004, 0.0761483, 0.0476086, 0.0684253, 0.115394, 0.15554, 0.145335, 0.195835, 0.0374907, 0.0605781, 0.0859064, 0.131333, 0.106951, 0.10889, 0.0859064, 0.131333, 0.0567286, 0.0910976, 0.0374907, 0.0605781, 0.145335, 0.195835, 0.115394, 0.15554, 0.145335, 0.195835, 0.0567286, 0.0910976, 0.0108287, 0.0339922, 0.0476086, 0.0684253, 0.0342467, 0.0334155, 0.0374907, 0.0605781, 0.0385125, 0.0475539, 0.0246319, 0.0285138, 0.0342467, 0.0334155, 0.0384886, 0.045753, 0.0108287, 0.0339922, 0.0342467, 0.0334155, 0.0374907, 0.0605781, 0.00739141, 0.0254772, 0.0887581, 0.13944, 0.0859064, 0.131333, 0.0636837, 0.0916134, 0.0385125, 0.0475539, 0.0342467, 0.0334155, 0.115394, 0.15554, 0.0658004, 0.0761483, 0.0476086, 0.0684253, 0.0859064, 0.131333, 0.0384886, 0.045753, 0.0658004, 0.0761483, 0.0384886, 0.045753, 0.0108287, 0.0339922, 0.0636837, 0.0916134, 0.0108287, 0.0339922, 0.0342467, 0.0334155, 0.0476086, 0.0684253, 0.0108287, 0.0339922, 0.0246319, 0.0285138, 0.0385125, 0.0475539, 0.0374907, 0.0605781, 0.00739141, 0.0254772, ],[0.0256336, -0.000930311, 0.0687301, 0.00806344, 0.0282444, 0.00560242, 0.0325513, 0.00784867, 0.0520793, 0.00973572, 0.108944, 0.000422034, 0.0520793, 0.00973572, 0.144083, 0.0215488, 0.109087, 0.00637378, 0.0520793, 0.00973572, 0.0325513, 0.00784867, 0.0282444, 0.00560242, 0.0687301, 0.00806344, 0.0811535, 0.00390506, 0.265999, -8.04659e-08, 0.0811535, 0.00390506, 0.0520793, 0.00973572, 0.109087, 0.00637378, 0.144083, 0.0215488, 0.162501, 0.00940016, 0.0282444, 0.00560242, 0.0532205, 0.00143635, 0.0528182, -0.0147122, 0.102202, -0.0181115, 0.190651, -0.0153336, 0.0528182, -0.0147122, 0.108944, 0.000422034, 0.144083, 0.0215488, 0.15271, 0.00937065, 0.144083, 0.0215488, 0.0256336, -0.000930311, 0.0687301, 0.00806344, 0.0528182, -0.0147122, 0.0811535, 0.00390506, 0.0520793, 0.00973572, 0.0811535, 0.00390506, 0.102202, -0.0181115, 0.0811535, 0.00390506, 0.190651, -0.0153336, 0.265999, -8.04659e-08, 0.0687301, 0.00806344, 0.144083, 0.0215488, 0.162501, 0.00940016, 0.144083, 0.0215488, 0.109087, 0.00637378, 0.0687301, 0.00806344, 0.265999, -8.04659e-08, 0.190651, -0.0153336, 0.265999, -8.04659e-08, 0.109087, 0.00637378, 0.0282444, 0.00560242, 0.0811535, 0.00390506, 0.0528182, -0.0147122, 0.0687301, 0.00806344, 0.0520793, 0.00973572, 0.0325513, 0.00784867, 0.0528182, -0.0147122, 0.0532205, 0.00143635, 0.0282444, 0.00560242, 0.0528182, -0.0147122, 0.0687301, 0.00806344, 0.0256336, -0.000930311, 0.15271, 0.00937065, 0.144083, 0.0215488, 0.108944, 0.000422034, 0.0520793, 0.00973572, 0.0528182, -0.0147122, 0.190651, -0.0153336, 0.102202, -0.0181115, 0.0811535, 0.00390506, 0.144083, 0.0215488, 0.0532205, 0.00143635, 0.102202, -0.0181115, 0.0532205, 0.00143635, 0.0282444, 0.00560242, 0.108944, 0.000422034, 0.0282444, 0.00560242, 0.0528182, -0.0147122, 0.0811535, 0.00390506, 0.0282444, 0.00560242, 0.0325513, 0.00784867, 0.0520793, 0.00973572, 0.0687301, 0.00806344, 0.0256336, -0.000930311, ],]
