START_PARAMETERS
MAX_STEPS_MCDB =               32
MIN_STEPS_MCDB =               4
STEPS_CRUNCH_MCDB =            1
SWEEPS_MCDB =                  110
TOTAL_STEP_CHANGES =                  6
MCBB_SECONDARY =                  1
SWEEPS_MCBB_SECONDARY =                  300
NUMBER_OF_BANGS =                  8
GROUND_E =                -3.41776
INITIAL_E =               -2.91883
j_initial =               0.5
k_initial =               0.5
b_initial =               0
j_target =                0.524
k_target =                0.031
b_target =                0
init_target_dot_squared = 0.816369
init_state = [-0.0134955, 0, -0.0596572, 0, -0.0233472, 0, -0.00794986, 0, -0.029, 0, -0.0854029, 0, -0.029, 0, -0.109009, 0, -0.101235, 0, -0.029, 0, -0.00794986, 0, -0.0233472, 0, -0.0596572, 0, -0.0696661, 0, -0.326121, 0, -0.0696661, 0, -0.029, 0, -0.101235, 0, -0.109009, 0, -0.118686, 0, -0.0233472, 0, -0.038097, 0, -0.0460451, 0, -0.10527, 0, -0.226893, 0, -0.0460451, 0, -0.0854029, 0, -0.109009, 0, -0.119979, 0, -0.109009, 0, -0.0134955, 0, -0.0596572, 0, -0.0460451, 0, -0.0696661, 0, -0.029, 0, -0.0696661, 0, -0.10527, 0, -0.0696661, 0, -0.226893, 0, -0.326121, 0, -0.0596572, 0, -0.109009, 0, -0.118686, 0, -0.109009, 0, -0.101235, 0, -0.0596572, 0, -0.326121, 0, -0.226893, 0, -0.326121, 0, -0.101235, 0, -0.0233472, 0, -0.0696661, 0, -0.0460451, 0, -0.0596572, 0, -0.029, 0, -0.00794986, 0, -0.0460451, 0, -0.038097, 0, -0.0233472, 0, -0.0460451, 0, -0.0596572, 0, -0.0134955, 0, -0.119979, 0, -0.109009, 0, -0.0854029, 0, -0.029, 0, -0.0460451, 0, -0.226893, 0, -0.10527, 0, -0.0696661, 0, -0.109009, 0, -0.038097, 0, -0.10527, 0, -0.038097, 0, -0.0233472, 0, -0.0854029, 0, -0.0233472, 0, -0.0460451, 0, -0.0696661, 0, -0.0233472, 0, -0.00794986, 0, -0.029, 0, -0.0596572, 0, -0.0134955, 0, ]
target_state = [-0.0430228, 0, -0.0902653, 0, -0.0660015, 0, -0.0404416, 0, -0.0706728, 0, -0.115355, 0, -0.0706728, 0, -0.138468, 0, -0.119385, 0, -0.0706728, 0, -0.0404416, 0, -0.0660015, 0, -0.0902653, 0, -0.103875, 0, -0.180202, 0, -0.103875, 0, -0.0706728, 0, -0.119385, 0, -0.138468, 0, -0.140174, 0, -0.0660015, 0, -0.0883642, 0, -0.090384, 0, -0.13179, 0, -0.172084, 0, -0.090384, 0, -0.115355, 0, -0.138468, 0, -0.145631, 0, -0.138468, 0, -0.0430228, 0, -0.0902653, 0, -0.090384, 0, -0.103875, 0, -0.0706728, 0, -0.103875, 0, -0.13179, 0, -0.103875, 0, -0.172084, 0, -0.180202, 0, -0.0902653, 0, -0.138468, 0, -0.140174, 0, -0.138468, 0, -0.119385, 0, -0.0902653, 0, -0.180202, 0, -0.172084, 0, -0.180202, 0, -0.119385, 0, -0.0660015, 0, -0.103875, 0, -0.090384, 0, -0.0902653, 0, -0.0706728, 0, -0.0404416, 0, -0.090384, 0, -0.0883642, 0, -0.0660015, 0, -0.090384, 0, -0.0902653, 0, -0.0430228, 0, -0.145631, 0, -0.138468, 0, -0.115355, 0, -0.0706728, 0, -0.090384, 0, -0.172084, 0, -0.13179, 0, -0.103875, 0, -0.138468, 0, -0.0883642, 0, -0.13179, 0, -0.0883642, 0, -0.0660015, 0, -0.115355, 0, -0.0660015, 0, -0.090384, 0, -0.103875, 0, -0.0660015, 0, -0.0404416, 0, -0.0706728, 0, -0.0902653, 0, -0.0430228, 0, ]
USE_ENERGY_DISTANCE =     false
PERIODIC =                false
UNIFORM_SITES =           true
DEVICE_DIMENSION =        2
MAX_PARAM =               1
MIN_PARAM =               0
MIN_PARAM =               0
DIAG =                    true
NUM_SEEDS =               2
NUMBER_OF_BANGS =               8
DISTANCE_LIMIT =          0.01
TAU_INIT =                0.4
MAX_TAU =                 5
TAU_SCALAR =              1.2
TAU_SCALAR_TINY =         1.1
TAU_SCALAR_BIG =          1.4
ACCEPTANCE_PROB =         0.85
TEMP_EXP_DECAY =          0.8
MIN_TEMP_FRACTION =       0.01
TEMP_DECAY_ITERATIONS =   21
ZERO_TEMP_ITREATIONS =    30
RANDOM_STATES =           3
END_PARAMETERS
##############################################################################
clock_duration  =         1161.16
tau =                     0.4
total_steps =             32
time_step =               0.0125
best_mc_result =          0.0734803
best_mc_result_non_secondary =          0.074972
evolved_target_dot_squared =  0.92652
distance =          0.400151
j_protocol =  [[1, 1, 1, 1, 1, 1, 1, 1, 1, 1, 1, 1, 1, 1, 1, 1, 1, 1, 1, 1, 1, 1, 1, 1, 1, 1, 1, 1, 1, 1, 1, 1, ],[1, 1, 1, 1, 1, 1, 1, 1, 1, 1, 1, 1, 1, 1, 1, 1, 1, 1, 1, 1, 1, 1, 1, 1, 1, 1, 1, 1, 1, 1, 1, 1, ],]
k_protocol =  [[0, 0, 0, 0, 1, 1, 0, 0, 1, 0, 1, 0, 1, 1, 1, 1, 0, 0, 1, 1, 0, 0, 0, 0, 1, 0, 0, 1, 1, 1, 1, 1, ],[0, 0, 0, 0, 1, 1, 0, 1, 0, 1, 1, 1, 0, 1, 1, 0, 1, 0, 0, 0, 0, 0, 0, 1, 1, 1, 1, 0, 1, 1, 1, 1, ],]
j_protocol_secondary =  [0, 0.116033, 0.116033, 0.120186, 0.120186, 0.120723, 0.120723, 0.162965, 0.162965, 0.232462, 0.232462, 0.232643, 0.232643, 0.380956, 0.380956, 0.397066, ]
k_protocol_secondary =  [0.0404262, 0.0404262, 0.0715606, 0.0715606, 0.0850378, 0.122154, 0.122154, 0.142158, 0.142158, 0.200131, 0.236859, 0.236859, 0.312507, 0.316561, 0.316561, 0.4, ]
best_evolved_state = [0.0231472, -0.00600511, 0.0818934, -0.0168347, 0.0406447, 0.00602516, 0.0239818, 0.00795675, 0.0583337, -0.00317771, 0.0743566, 0.0331881, 0.0583337, -0.00317771, 0.141442, -0.00327131, 0.120571, -0.0499736, 0.0583337, -0.00317771, 0.0239818, 0.00795675, 0.0406447, 0.00602516, 0.0818934, -0.0168347, 0.0951467, -0.0174032, 0.218878, -0.0706929, 0.0951467, -0.0174032, 0.0583337, -0.00317771, 0.120571, -0.0499736, 0.141442, -0.00327131, 0.142669, -0.0527261, 0.0406447, 0.00602516, 0.0697223, 0.0151672, 0.0706655, -0.0141042, 0.124213, -0.00719223, 0.191548, -0.05362, 0.0706655, -0.0141042, 0.0743566, 0.0331881, 0.141442, -0.00327131, 0.112961, 0.040561, 0.141442, -0.00327131, 0.0231472, -0.00600511, 0.0818934, -0.0168347, 0.0706655, -0.0141042, 0.0951467, -0.0174032, 0.0583337, -0.00317771, 0.0951467, -0.0174032, 0.124213, -0.00719223, 0.0951467, -0.0174032, 0.191548, -0.05362, 0.218878, -0.0706929, 0.0818934, -0.0168347, 0.141442, -0.00327131, 0.142669, -0.0527261, 0.141442, -0.00327131, 0.120571, -0.0499736, 0.0818934, -0.0168347, 0.218878, -0.0706929, 0.191548, -0.05362, 0.218878, -0.0706929, 0.120571, -0.0499736, 0.0406447, 0.00602516, 0.0951467, -0.0174032, 0.0706655, -0.0141042, 0.0818934, -0.0168347, 0.0583337, -0.00317771, 0.0239818, 0.00795675, 0.0706655, -0.0141042, 0.0697223, 0.0151672, 0.0406447, 0.00602516, 0.0706655, -0.0141042, 0.0818934, -0.0168347, 0.0231472, -0.00600511, 0.112961, 0.040561, 0.141442, -0.00327131, 0.0743566, 0.0331881, 0.0583337, -0.00317771, 0.0706655, -0.0141042, 0.191548, -0.05362, 0.124213, -0.00719223, 0.0951467, -0.0174032, 0.141442, -0.00327131, 0.0697223, 0.0151672, 0.124213, -0.00719223, 0.0697223, 0.0151672, 0.0406447, 0.00602516, 0.0743566, 0.0331881, 0.0406447, 0.00602516, 0.0706655, -0.0141042, 0.0951467, -0.0174032, 0.0406447, 0.00602516, 0.0239818, 0.00795675, 0.0583337, -0.00317771, 0.0818934, -0.0168347, 0.0231472, -0.00600511, ]
best_mc_result_fixed_tau =   [0.074972, 0.0750115, ]
evolved_state_fixed_tau =   [[0.023031, -0.00557563, 0.0824517, -0.0147353, 0.0403118, 0.00734728, 0.0238442, 0.00937414, 0.0589631, -0.00116841, 0.0738919, 0.034798, 0.0589631, -0.00116841, 0.142048, -0.00058802, 0.120981, -0.0480504, 0.0589631, -0.00116841, 0.0238442, 0.00937414, 0.0403118, 0.00734728, 0.0824517, -0.0147353, 0.0954861, -0.0152081, 0.219034, -0.0693742, 0.0954861, -0.0152081, 0.0589631, -0.00116841, 0.120981, -0.0480504, 0.142048, -0.00058802, 0.142897, -0.0505887, 0.0403118, 0.00734728, 0.0699914, 0.0176342, 0.0709696, -0.0125485, 0.124108, -0.00532935, 0.19095, -0.0522435, 0.0709696, -0.0125485, 0.0738919, 0.034798, 0.142048, -0.00058802, 0.112656, 0.0429553, 0.142048, -0.00058802, 0.023031, -0.00557563, 0.0824517, -0.0147353, 0.0709696, -0.0125485, 0.0954861, -0.0152081, 0.0589631, -0.00116841, 0.0954861, -0.0152081, 0.124108, -0.00532935, 0.0954861, -0.0152081, 0.19095, -0.0522435, 0.219034, -0.0693742, 0.0824517, -0.0147353, 0.142048, -0.00058802, 0.142897, -0.0505887, 0.142048, -0.00058802, 0.120981, -0.0480504, 0.0824517, -0.0147353, 0.219034, -0.0693742, 0.19095, -0.0522435, 0.219034, -0.0693742, 0.120981, -0.0480504, 0.0403118, 0.00734728, 0.0954861, -0.0152081, 0.0709696, -0.0125485, 0.0824517, -0.0147353, 0.0589631, -0.00116841, 0.0238442, 0.00937414, 0.0709696, -0.0125485, 0.0699914, 0.0176342, 0.0403118, 0.00734728, 0.0709696, -0.0125485, 0.0824517, -0.0147353, 0.023031, -0.00557563, 0.112656, 0.0429553, 0.142048, -0.00058802, 0.0738919, 0.034798, 0.0589631, -0.00116841, 0.0709696, -0.0125485, 0.19095, -0.0522435, 0.124108, -0.00532935, 0.0954861, -0.0152081, 0.142048, -0.00058802, 0.0699914, 0.0176342, 0.124108, -0.00532935, 0.0699914, 0.0176342, 0.0403118, 0.00734728, 0.0738919, 0.034798, 0.0403118, 0.00734728, 0.0709696, -0.0125485, 0.0954861, -0.0152081, 0.0403118, 0.00734728, 0.0238442, 0.00937414, 0.0589631, -0.00116841, 0.0824517, -0.0147353, 0.023031, -0.00557563, ],[0.022935, -0.00600653, 0.0822273, -0.0126657, 0.0397582, 0.00722698, 0.0229558, 0.00898876, 0.0578761, -0.000236572, 0.07216, 0.0358211, 0.0578761, -0.000236572, 0.140735, 0.00444504, 0.122624, -0.0444896, 0.0578761, -0.000236572, 0.0229558, 0.00898876, 0.0397582, 0.00722698, 0.0822273, -0.0126657, 0.0952419, -0.0128758, 0.225716, -0.0576493, 0.0952419, -0.0128758, 0.0578761, -0.000236572, 0.122624, -0.0444896, 0.140735, 0.00444504, 0.144515, -0.0465226, 0.0397582, 0.00722698, 0.0678592, 0.018738, 0.0707132, -0.0115533, 0.123881, -0.00113677, 0.195146, -0.0433544, 0.0707132, -0.0115533, 0.07216, 0.0358211, 0.140735, 0.00444504, 0.109906, 0.0451924, 0.140735, 0.00444504, 0.022935, -0.00600653, 0.0822273, -0.0126657, 0.0707132, -0.0115533, 0.0952419, -0.0128758, 0.0578761, -0.000236572, 0.0952419, -0.0128758, 0.123881, -0.00113677, 0.0952419, -0.0128758, 0.195146, -0.0433544, 0.225716, -0.0576493, 0.0822273, -0.0126657, 0.140735, 0.00444504, 0.144515, -0.0465226, 0.140735, 0.00444504, 0.122624, -0.0444896, 0.0822273, -0.0126657, 0.225716, -0.0576493, 0.195146, -0.0433544, 0.225716, -0.0576493, 0.122624, -0.0444896, 0.0397582, 0.00722698, 0.0952419, -0.0128758, 0.0707132, -0.0115533, 0.0822273, -0.0126657, 0.0578761, -0.000236572, 0.0229558, 0.00898876, 0.0707132, -0.0115533, 0.0678592, 0.018738, 0.0397582, 0.00722698, 0.0707132, -0.0115533, 0.0822273, -0.0126657, 0.022935, -0.00600653, 0.109906, 0.0451924, 0.140735, 0.00444504, 0.07216, 0.0358211, 0.0578761, -0.000236572, 0.0707132, -0.0115533, 0.195146, -0.0433544, 0.123881, -0.00113677, 0.0952419, -0.0128758, 0.140735, 0.00444504, 0.0678592, 0.018738, 0.123881, -0.00113677, 0.0678592, 0.018738, 0.0397582, 0.00722698, 0.07216, 0.0358211, 0.0397582, 0.00722698, 0.0707132, -0.0115533, 0.0952419, -0.0128758, 0.0397582, 0.00722698, 0.0229558, 0.00898876, 0.0578761, -0.000236572, 0.0822273, -0.0126657, 0.022935, -0.00600653, ],]
##############################################################################
clock_duration  =         2345.08
tau =                     0.48
total_steps =             32
time_step =               0.015
best_mc_result =          0.062758
best_mc_result_non_secondary =          0.0638511
evolved_target_dot_squared =  0.937242
distance =          0.341761
j_protocol =  [[1, 1, 1, 1, 1, 1, 1, 1, 1, 1, 1, 1, 1, 1, 1, 1, 1, 1, 1, 1, 1, 1, 1, 1, 1, 1, 1, 1, 1, 1, 1, 1, ],[1, 1, 1, 1, 1, 1, 1, 1, 1, 1, 1, 1, 1, 1, 1, 1, 1, 1, 1, 1, 1, 1, 1, 1, 1, 1, 1, 1, 1, 1, 1, 1, ],]
k_protocol =  [[0, 0, 0, 0, 1, 0, 1, 1, 1, 1, 1, 1, 1, 1, 0, 0, 1, 1, 0, 0, 0, 0, 0, 0, 0, 1, 0, 1, 1, 1, 1, 1, ],[0, 0, 0, 0, 1, 1, 1, 1, 1, 1, 1, 0, 1, 1, 0, 0, 0, 0, 1, 1, 0, 0, 0, 1, 0, 0, 0, 1, 1, 1, 1, 1, ],]
j_protocol_secondary =  [0, 0.115742, 0.115742, 0.154994, 0.154994, 0.221267, 0.221267, 0.257735, 0.257735, 0.391813, 0.391813, 0.402313, 0.402313, 0.460797, 0.460797, 0.476673, ]
k_protocol_secondary =  [0.0676023, 0.0676023, 0.0714739, 0.0714739, 0.0844015, 0.213787, 0.213787, 0.235491, 0.238771, 0.243507, 0.285197, 0.285197, 0.385434, 0.385434, 0.391546, 0.48, ]
best_evolved_state = [0.0217341, 0.0138936, 0.0769112, 0.0302457, 0.032225, 0.0322144, 0.0190188, 0.019339, 0.050627, 0.0275525, 0.0500535, 0.0826541, 0.050627, 0.0275525, 0.122651, 0.0732033, 0.122289, 0.0286023, 0.050627, 0.0275525, 0.0190188, 0.019339, 0.032225, 0.0322144, 0.0769112, 0.0302457, 0.0888694, 0.0391391, 0.213869, 0.0590722, 0.0888694, 0.0391391, 0.050627, 0.0275525, 0.122289, 0.0286023, 0.122651, 0.0732033, 0.142042, 0.0415, 0.032225, 0.0322144, 0.0554504, 0.0496758, 0.0636058, 0.0326622, 0.108726, 0.0664604, 0.182983, 0.0645668, 0.0636058, 0.0326622, 0.0500535, 0.0826541, 0.122651, 0.0732033, 0.082879, 0.110439, 0.122651, 0.0732033, 0.0217341, 0.0138936, 0.0769112, 0.0302457, 0.0636058, 0.0326622, 0.0888694, 0.0391391, 0.050627, 0.0275525, 0.0888694, 0.0391391, 0.108726, 0.0664604, 0.0888694, 0.0391391, 0.182983, 0.0645668, 0.213869, 0.0590722, 0.0769112, 0.0302457, 0.122651, 0.0732033, 0.142042, 0.0415, 0.122651, 0.0732033, 0.122289, 0.0286023, 0.0769112, 0.0302457, 0.213869, 0.0590722, 0.182983, 0.0645668, 0.213869, 0.0590722, 0.122289, 0.0286023, 0.032225, 0.0322144, 0.0888694, 0.0391391, 0.0636058, 0.0326622, 0.0769112, 0.0302457, 0.050627, 0.0275525, 0.0190188, 0.019339, 0.0636058, 0.0326622, 0.0554504, 0.0496758, 0.032225, 0.0322144, 0.0636058, 0.0326622, 0.0769112, 0.0302457, 0.0217341, 0.0138936, 0.082879, 0.110439, 0.122651, 0.0732033, 0.0500535, 0.0826541, 0.050627, 0.0275525, 0.0636058, 0.0326622, 0.182983, 0.0645668, 0.108726, 0.0664604, 0.0888694, 0.0391391, 0.122651, 0.0732033, 0.0554504, 0.0496758, 0.108726, 0.0664604, 0.0554504, 0.0496758, 0.032225, 0.0322144, 0.0500535, 0.0826541, 0.032225, 0.0322144, 0.0636058, 0.0326622, 0.0888694, 0.0391391, 0.032225, 0.0322144, 0.0190188, 0.019339, 0.050627, 0.0275525, 0.0769112, 0.0302457, 0.0217341, 0.0138936, ]
best_mc_result_fixed_tau =   [0.0638511, 0.0650911, ]
evolved_state_fixed_tau =   [[0.0207056, 0.0145015, 0.0743436, 0.0347132, 0.0300016, 0.0329245, 0.0172036, 0.0196549, 0.0478914, 0.0300751, 0.0463584, 0.0837408, 0.0478914, 0.0300751, 0.117276, 0.0798715, 0.119871, 0.0361704, 0.0478914, 0.0300751, 0.0172036, 0.0196549, 0.0300016, 0.0329245, 0.0743436, 0.0347132, 0.0856392, 0.0439864, 0.214149, 0.0734952, 0.0856392, 0.0439864, 0.0478914, 0.0300751, 0.119871, 0.0361704, 0.117276, 0.0798715, 0.138573, 0.0499253, 0.0300016, 0.0329245, 0.051407, 0.0518025, 0.0609232, 0.0357206, 0.104393, 0.0721015, 0.180408, 0.07618, 0.0609232, 0.0357206, 0.0463584, 0.0837408, 0.117276, 0.0798715, 0.0772426, 0.112844, 0.117276, 0.0798715, 0.0207056, 0.0145015, 0.0743436, 0.0347132, 0.0609232, 0.0357206, 0.0856392, 0.0439864, 0.0478914, 0.0300751, 0.0856392, 0.0439864, 0.104393, 0.0721015, 0.0856392, 0.0439864, 0.180408, 0.07618, 0.214149, 0.0734952, 0.0743436, 0.0347132, 0.117276, 0.0798715, 0.138573, 0.0499253, 0.117276, 0.0798715, 0.119871, 0.0361704, 0.0743436, 0.0347132, 0.214149, 0.0734952, 0.180408, 0.07618, 0.214149, 0.0734952, 0.119871, 0.0361704, 0.0300016, 0.0329245, 0.0856392, 0.0439864, 0.0609232, 0.0357206, 0.0743436, 0.0347132, 0.0478914, 0.0300751, 0.0172036, 0.0196549, 0.0609232, 0.0357206, 0.051407, 0.0518025, 0.0300016, 0.0329245, 0.0609232, 0.0357206, 0.0743436, 0.0347132, 0.0207056, 0.0145015, 0.0772426, 0.112844, 0.117276, 0.0798715, 0.0463584, 0.0837408, 0.0478914, 0.0300751, 0.0609232, 0.0357206, 0.180408, 0.07618, 0.104393, 0.0721015, 0.0856392, 0.0439864, 0.117276, 0.0798715, 0.051407, 0.0518025, 0.104393, 0.0721015, 0.051407, 0.0518025, 0.0300016, 0.0329245, 0.0463584, 0.0837408, 0.0300016, 0.0329245, 0.0609232, 0.0357206, 0.0856392, 0.0439864, 0.0300016, 0.0329245, 0.0172036, 0.0196549, 0.0478914, 0.0300751, 0.0743436, 0.0347132, 0.0207056, 0.0145015, ],[0.0219978, 0.0134658, 0.0746695, 0.0357409, 0.0298411, 0.0329317, 0.0163446, 0.0207887, 0.0483416, 0.0318977, 0.0433843, 0.0824163, 0.0483416, 0.0318977, 0.116502, 0.0819915, 0.122343, 0.0352432, 0.0483416, 0.0318977, 0.0163446, 0.0207887, 0.0298411, 0.0329317, 0.0746695, 0.0357409, 0.0861053, 0.0446015, 0.211105, 0.0738629, 0.0861053, 0.0446015, 0.0483416, 0.0318977, 0.122343, 0.0352432, 0.116502, 0.0819915, 0.141534, 0.048547, 0.0298411, 0.0329317, 0.0498675, 0.0539598, 0.0627747, 0.0355708, 0.10406, 0.0721343, 0.179934, 0.0748893, 0.0627747, 0.0355708, 0.0433843, 0.0824163, 0.116502, 0.0819915, 0.0729983, 0.11209, 0.116502, 0.0819915, 0.0219978, 0.0134658, 0.0746695, 0.0357409, 0.0627747, 0.0355708, 0.0861053, 0.0446015, 0.0483416, 0.0318977, 0.0861053, 0.0446015, 0.10406, 0.0721343, 0.0861053, 0.0446015, 0.179934, 0.0748893, 0.211105, 0.0738629, 0.0746695, 0.0357409, 0.116502, 0.0819915, 0.141534, 0.048547, 0.116502, 0.0819915, 0.122343, 0.0352432, 0.0746695, 0.0357409, 0.211105, 0.0738629, 0.179934, 0.0748893, 0.211105, 0.0738629, 0.122343, 0.0352432, 0.0298411, 0.0329317, 0.0861053, 0.0446015, 0.0627747, 0.0355708, 0.0746695, 0.0357409, 0.0483416, 0.0318977, 0.0163446, 0.0207887, 0.0627747, 0.0355708, 0.0498675, 0.0539598, 0.0298411, 0.0329317, 0.0627747, 0.0355708, 0.0746695, 0.0357409, 0.0219978, 0.0134658, 0.0729983, 0.11209, 0.116502, 0.0819915, 0.0433843, 0.0824163, 0.0483416, 0.0318977, 0.0627747, 0.0355708, 0.179934, 0.0748893, 0.10406, 0.0721343, 0.0861053, 0.0446015, 0.116502, 0.0819915, 0.0498675, 0.0539598, 0.10406, 0.0721343, 0.0498675, 0.0539598, 0.0298411, 0.0329317, 0.0433843, 0.0824163, 0.0298411, 0.0329317, 0.0627747, 0.0355708, 0.0861053, 0.0446015, 0.0298411, 0.0329317, 0.0163446, 0.0207887, 0.0483416, 0.0318977, 0.0746695, 0.0357409, 0.0219978, 0.0134658, ],]
##############################################################################
clock_duration  =         3555.07
tau =                     0.672
total_steps =             32
time_step =               0.021
best_mc_result =          0.0375067
best_mc_result_non_secondary =          0.0390091
evolved_target_dot_squared =  0.962493
distance =          0.20425
j_protocol =  [[1, 1, 1, 1, 1, 1, 1, 1, 1, 1, 1, 1, 1, 1, 1, 1, 1, 1, 1, 1, 1, 1, 1, 1, 1, 1, 1, 1, 1, 1, 1, 1, ],[1, 1, 1, 1, 1, 1, 1, 1, 1, 1, 1, 1, 1, 1, 1, 1, 1, 1, 1, 1, 1, 1, 1, 1, 1, 1, 1, 1, 1, 1, 1, 1, ],]
k_protocol =  [[0, 0, 0, 0, 1, 1, 1, 1, 1, 1, 1, 1, 0, 0, 0, 0, 1, 1, 1, 1, 0, 0, 0, 0, 0, 0, 0, 0, 1, 1, 1, 1, ],[0, 0, 0, 0, 1, 1, 1, 1, 1, 1, 1, 1, 0, 0, 0, 0, 1, 1, 1, 1, 0, 0, 0, 0, 0, 0, 0, 0, 1, 1, 1, 1, ],]
j_protocol_secondary =  [0, 0.0157471, 0.0157471, 0.0681964, 0.0681964, 0.496371, 0.496371, 0.53858, 0.53858, 0.577876, 0.577876, 0.61863, 0.61863, 0.638878, 0.638878, 0.668522, ]
k_protocol_secondary =  [0.0666333, 0.0666333, 0.10479, 0.286488, 0.326242, 0.345885, 0.346997, 0.365494, 0.379752, 0.382049, 0.401007, 0.411075, 0.418406, 0.418406, 0.568662, 0.672, ]
best_evolved_state = [-0.0150332, 0.0420072, -0.0138152, 0.0720163, -0.0274201, 0.0548417, -0.00795968, 0.0216368, -0.0185308, 0.0502091, -0.0825013, 0.102308, -0.0185308, 0.0502091, -0.0477289, 0.127741, -0.00959681, 0.123759, -0.0185308, 0.0502091, -0.00795968, 0.0216368, -0.0274201, 0.0548417, -0.0138152, 0.0720163, -0.0200288, 0.0922849, -0.0222306, 0.188288, -0.0200288, 0.0922849, -0.0185308, 0.0502091, -0.00959681, 0.123759, -0.0477289, 0.127741, -0.021943, 0.153792, -0.0274201, 0.0548417, -0.0304608, 0.0608104, -0.0336061, 0.0820433, -0.0482206, 0.128942, -0.0410539, 0.179999, -0.0336061, 0.0820433, -0.0825013, 0.102308, -0.0477289, 0.127741, -0.0914642, 0.142739, -0.0477289, 0.127741, -0.0150332, 0.0420072, -0.0138152, 0.0720163, -0.0336061, 0.0820433, -0.0200288, 0.0922849, -0.0185308, 0.0502091, -0.0200288, 0.0922849, -0.0482206, 0.128942, -0.0200288, 0.0922849, -0.0410539, 0.179999, -0.0222306, 0.188288, -0.0138152, 0.0720163, -0.0477289, 0.127741, -0.021943, 0.153792, -0.0477289, 0.127741, -0.00959681, 0.123759, -0.0138152, 0.0720163, -0.0222306, 0.188288, -0.0410539, 0.179999, -0.0222306, 0.188288, -0.00959681, 0.123759, -0.0274201, 0.0548417, -0.0200288, 0.0922849, -0.0336061, 0.0820433, -0.0138152, 0.0720163, -0.0185308, 0.0502091, -0.00795968, 0.0216368, -0.0336061, 0.0820433, -0.0304608, 0.0608104, -0.0274201, 0.0548417, -0.0336061, 0.0820433, -0.0138152, 0.0720163, -0.0150332, 0.0420072, -0.0914642, 0.142739, -0.0477289, 0.127741, -0.0825013, 0.102308, -0.0185308, 0.0502091, -0.0336061, 0.0820433, -0.0410539, 0.179999, -0.0482206, 0.128942, -0.0200288, 0.0922849, -0.0477289, 0.127741, -0.0304608, 0.0608104, -0.0482206, 0.128942, -0.0304608, 0.0608104, -0.0274201, 0.0548417, -0.0825013, 0.102308, -0.0274201, 0.0548417, -0.0336061, 0.0820433, -0.0200288, 0.0922849, -0.0274201, 0.0548417, -0.00795968, 0.0216368, -0.0185308, 0.0502091, -0.0138152, 0.0720163, -0.0150332, 0.0420072, ]
best_mc_result_fixed_tau =   [0.0390091, 0.0390091, ]
evolved_state_fixed_tau =   [[-0.0176745, 0.036461, -0.0188144, 0.0728881, -0.0316863, 0.0499915, -0.0118579, 0.0219071, -0.0222411, 0.0505028, -0.0865378, 0.0963527, -0.0222411, 0.0505028, -0.05375, 0.127994, -0.0152433, 0.120919, -0.0222411, 0.0505028, -0.0118579, 0.0219071, -0.0316863, 0.0499915, -0.0188144, 0.0728881, -0.0258225, 0.0913397, -0.0256722, 0.191541, -0.0258225, 0.0913397, -0.0222411, 0.0505028, -0.0152433, 0.120919, -0.05375, 0.127994, -0.0284464, 0.149073, -0.0316863, 0.0499915, -0.0364016, 0.0617608, -0.0370277, 0.0770483, -0.0532207, 0.124788, -0.0449883, 0.178253, -0.0370277, 0.0770483, -0.0865378, 0.0963527, -0.05375, 0.127994, -0.0992829, 0.136895, -0.05375, 0.127994, -0.0176745, 0.036461, -0.0188144, 0.0728881, -0.0370277, 0.0770483, -0.0258225, 0.0913397, -0.0222411, 0.0505028, -0.0258225, 0.0913397, -0.0532207, 0.124788, -0.0258225, 0.0913397, -0.0449883, 0.178253, -0.0256722, 0.191541, -0.0188144, 0.0728881, -0.05375, 0.127994, -0.0284464, 0.149073, -0.05375, 0.127994, -0.0152433, 0.120919, -0.0188144, 0.0728881, -0.0256722, 0.191541, -0.0449883, 0.178253, -0.0256722, 0.191541, -0.0152433, 0.120919, -0.0316863, 0.0499915, -0.0258225, 0.0913397, -0.0370277, 0.0770483, -0.0188144, 0.0728881, -0.0222411, 0.0505028, -0.0118579, 0.0219071, -0.0370277, 0.0770483, -0.0364016, 0.0617608, -0.0316863, 0.0499915, -0.0370277, 0.0770483, -0.0188144, 0.0728881, -0.0176745, 0.036461, -0.0992829, 0.136895, -0.05375, 0.127994, -0.0865378, 0.0963527, -0.0222411, 0.0505028, -0.0370277, 0.0770483, -0.0449883, 0.178253, -0.0532207, 0.124788, -0.0258225, 0.0913397, -0.05375, 0.127994, -0.0364016, 0.0617608, -0.0532207, 0.124788, -0.0364016, 0.0617608, -0.0316863, 0.0499915, -0.0865378, 0.0963527, -0.0316863, 0.0499915, -0.0370277, 0.0770483, -0.0258225, 0.0913397, -0.0316863, 0.0499915, -0.0118579, 0.0219071, -0.0222411, 0.0505028, -0.0188144, 0.0728881, -0.0176745, 0.036461, ],[-0.0176745, 0.036461, -0.0188144, 0.0728881, -0.0316863, 0.0499915, -0.0118579, 0.0219071, -0.0222411, 0.0505028, -0.0865378, 0.0963527, -0.0222411, 0.0505028, -0.05375, 0.127994, -0.0152433, 0.120919, -0.0222411, 0.0505028, -0.0118579, 0.0219071, -0.0316863, 0.0499915, -0.0188144, 0.0728881, -0.0258225, 0.0913397, -0.0256722, 0.191541, -0.0258225, 0.0913397, -0.0222411, 0.0505028, -0.0152433, 0.120919, -0.05375, 0.127994, -0.0284464, 0.149073, -0.0316863, 0.0499915, -0.0364016, 0.0617608, -0.0370277, 0.0770483, -0.0532207, 0.124788, -0.0449883, 0.178253, -0.0370277, 0.0770483, -0.0865378, 0.0963527, -0.05375, 0.127994, -0.0992829, 0.136895, -0.05375, 0.127994, -0.0176745, 0.036461, -0.0188144, 0.0728881, -0.0370277, 0.0770483, -0.0258225, 0.0913397, -0.0222411, 0.0505028, -0.0258225, 0.0913397, -0.0532207, 0.124788, -0.0258225, 0.0913397, -0.0449883, 0.178253, -0.0256722, 0.191541, -0.0188144, 0.0728881, -0.05375, 0.127994, -0.0284464, 0.149073, -0.05375, 0.127994, -0.0152433, 0.120919, -0.0188144, 0.0728881, -0.0256722, 0.191541, -0.0449883, 0.178253, -0.0256722, 0.191541, -0.0152433, 0.120919, -0.0316863, 0.0499915, -0.0258225, 0.0913397, -0.0370277, 0.0770483, -0.0188144, 0.0728881, -0.0222411, 0.0505028, -0.0118579, 0.0219071, -0.0370277, 0.0770483, -0.0364016, 0.0617608, -0.0316863, 0.0499915, -0.0370277, 0.0770483, -0.0188144, 0.0728881, -0.0176745, 0.036461, -0.0992829, 0.136895, -0.05375, 0.127994, -0.0865378, 0.0963527, -0.0222411, 0.0505028, -0.0370277, 0.0770483, -0.0449883, 0.178253, -0.0532207, 0.124788, -0.0258225, 0.0913397, -0.05375, 0.127994, -0.0364016, 0.0617608, -0.0532207, 0.124788, -0.0364016, 0.0617608, -0.0316863, 0.0499915, -0.0865378, 0.0963527, -0.0316863, 0.0499915, -0.0370277, 0.0770483, -0.0258225, 0.0913397, -0.0316863, 0.0499915, -0.0118579, 0.0219071, -0.0222411, 0.0505028, -0.0188144, 0.0728881, -0.0176745, 0.036461, ],]
##############################################################################
clock_duration  =         4807.75
tau =                     0.8064
total_steps =             32
time_step =               0.0252
best_mc_result =          0.0273548
best_mc_result_non_secondary =          0.0299237
evolved_target_dot_squared =  0.972645
distance =          0.148966
j_protocol =  [[1, 1, 1, 1, 1, 1, 1, 1, 1, 1, 1, 1, 1, 1, 1, 1, 1, 1, 1, 1, 1, 1, 1, 1, 1, 1, 1, 1, 1, 1, 1, 1, ],[1, 1, 1, 1, 1, 1, 1, 1, 1, 1, 1, 1, 1, 1, 1, 1, 1, 1, 1, 1, 1, 1, 1, 1, 1, 1, 1, 1, 1, 1, 1, 1, ],]
k_protocol =  [[0, 0, 0, 0, 1, 1, 1, 1, 1, 1, 1, 1, 0, 0, 0, 0, 1, 1, 1, 1, 0, 0, 0, 0, 0, 0, 0, 0, 1, 1, 1, 1, ],[0, 0, 1, 1, 0, 1, 1, 1, 0, 0, 0, 1, 1, 1, 1, 1, 0, 0, 1, 1, 0, 0, 0, 0, 0, 1, 0, 0, 0, 1, 1, 1, ],]
j_protocol_secondary =  [0, 0.291001, 0.291001, 0.299144, 0.299144, 0.308239, 0.308239, 0.347125, 0.347125, 0.400646, 0.400646, 0.616254, 0.616254, 0.732581, 0.732581, 0.803481, ]
k_protocol_secondary =  [0.0769538, 0.116077, 0.116077, 0.194557, 0.194557, 0.235883, 0.306297, 0.379329, 0.44492, 0.528476, 0.577166, 0.584007, 0.643949, 0.643949, 0.718703, 0.8064, ]
best_evolved_state = [-0.0408938, 0.0138455, -0.0709018, 0.0167256, -0.0601175, 0.00978287, -0.0231111, -0.000563733, -0.0577097, 0.00671905, -0.139497, -0.00091058, -0.0577097, 0.00671905, -0.140316, 0.0194723, -0.104239, 0.049193, -0.0577097, 0.00671905, -0.0231111, -0.000563733, -0.0601175, 0.00978287, -0.0709018, 0.0167256, -0.0887641, 0.0242265, -0.166855, 0.0663197, -0.0887641, 0.0242265, -0.0577097, 0.00671905, -0.104239, 0.049193, -0.140316, 0.0194723, -0.136073, 0.0582465, -0.0601175, 0.00978287, -0.0732893, -0.000740018, -0.09159, 0.018965, -0.134394, 0.0263157, -0.175663, 0.0479908, -0.09159, 0.018965, -0.139497, -0.00091058, -0.140316, 0.0194723, -0.173093, 0.00964914, -0.140316, 0.0194723, -0.0408938, 0.0138455, -0.0709018, 0.0167256, -0.09159, 0.018965, -0.0887641, 0.0242265, -0.0577097, 0.00671905, -0.0887641, 0.0242265, -0.134394, 0.0263157, -0.0887641, 0.0242265, -0.175663, 0.0479908, -0.166855, 0.0663197, -0.0709018, 0.0167256, -0.140316, 0.0194723, -0.136073, 0.0582465, -0.140316, 0.0194723, -0.104239, 0.049193, -0.0709018, 0.0167256, -0.166855, 0.0663197, -0.175663, 0.0479908, -0.166855, 0.0663197, -0.104239, 0.049193, -0.0601175, 0.00978287, -0.0887641, 0.0242265, -0.09159, 0.018965, -0.0709018, 0.0167256, -0.0577097, 0.00671905, -0.0231111, -0.000563733, -0.09159, 0.018965, -0.0732893, -0.000740018, -0.0601175, 0.00978287, -0.09159, 0.018965, -0.0709018, 0.0167256, -0.0408938, 0.0138455, -0.173093, 0.00964914, -0.140316, 0.0194723, -0.139497, -0.00091058, -0.0577097, 0.00671905, -0.09159, 0.018965, -0.175663, 0.0479908, -0.134394, 0.0263157, -0.0887641, 0.0242265, -0.140316, 0.0194723, -0.0732893, -0.000740018, -0.134394, 0.0263157, -0.0732893, -0.000740018, -0.0601175, 0.00978287, -0.139497, -0.00091058, -0.0601175, 0.00978287, -0.09159, 0.018965, -0.0887641, 0.0242265, -0.0601175, 0.00978287, -0.0231111, -0.000563733, -0.0577097, 0.00671905, -0.0709018, 0.0167256, -0.0408938, 0.0138455, ]
best_mc_result_fixed_tau =   [0.0307661, 0.0299237, ]
evolved_state_fixed_tau =   [[-0.042104, 0.0237456, -0.0711465, 0.014985, -0.0591919, 0.0155709, -0.0224795, -0.00387265, -0.0610241, 0.00623851, -0.134258, 0.00461386, -0.0610241, 0.00623851, -0.142265, 0.0183935, -0.104142, 0.0583788, -0.0610241, 0.00623851, -0.0224795, -0.00387265, -0.0591919, 0.0155709, -0.0711465, 0.014985, -0.0891288, 0.0256889, -0.156612, 0.0606628, -0.0891288, 0.0256889, -0.0610241, 0.00623851, -0.104142, 0.0583788, -0.142265, 0.0183935, -0.137498, 0.0710407, -0.0591919, 0.0155709, -0.0741156, -0.00700096, -0.0963372, 0.0286263, -0.13411, 0.0327225, -0.172866, 0.0521235, -0.0963372, 0.0286263, -0.134258, 0.00461386, -0.142265, 0.0183935, -0.162681, 0.0121953, -0.142265, 0.0183935, -0.042104, 0.0237456, -0.0711465, 0.014985, -0.0963372, 0.0286263, -0.0891288, 0.0256889, -0.0610241, 0.00623851, -0.0891288, 0.0256889, -0.13411, 0.0327225, -0.0891288, 0.0256889, -0.172866, 0.0521235, -0.156612, 0.0606628, -0.0711465, 0.014985, -0.142265, 0.0183935, -0.137498, 0.0710407, -0.142265, 0.0183935, -0.104142, 0.0583788, -0.0711465, 0.014985, -0.156612, 0.0606628, -0.172866, 0.0521235, -0.156612, 0.0606628, -0.104142, 0.0583788, -0.0591919, 0.0155709, -0.0891288, 0.0256889, -0.0963372, 0.0286263, -0.0711465, 0.014985, -0.0610241, 0.00623851, -0.0224795, -0.00387265, -0.0963372, 0.0286263, -0.0741156, -0.00700096, -0.0591919, 0.0155709, -0.0963372, 0.0286263, -0.0711465, 0.014985, -0.042104, 0.0237456, -0.162681, 0.0121953, -0.142265, 0.0183935, -0.134258, 0.00461386, -0.0610241, 0.00623851, -0.0963372, 0.0286263, -0.172866, 0.0521235, -0.13411, 0.0327225, -0.0891288, 0.0256889, -0.142265, 0.0183935, -0.0741156, -0.00700096, -0.13411, 0.0327225, -0.0741156, -0.00700096, -0.0591919, 0.0155709, -0.134258, 0.00461386, -0.0591919, 0.0155709, -0.0963372, 0.0286263, -0.0891288, 0.0256889, -0.0591919, 0.0155709, -0.0224795, -0.00387265, -0.0610241, 0.00623851, -0.0711465, 0.014985, -0.042104, 0.0237456, ],[-0.0465909, 0.0115138, -0.0686382, 0.0162179, -0.0633841, 0.0100112, -0.0214505, 0.000700541, -0.0559447, 0.00498735, -0.14267, 0.00159339, -0.0559447, 0.00498735, -0.137397, 0.0189299, -0.107671, 0.0475344, -0.0559447, 0.00498735, -0.0214505, 0.000700541, -0.0633841, 0.0100112, -0.0686382, 0.0162179, -0.0882543, 0.0235786, -0.162045, 0.06964, -0.0882543, 0.0235786, -0.0559447, 0.00498735, -0.107671, 0.0475344, -0.137397, 0.0189299, -0.140677, 0.0552692, -0.0633841, 0.0100112, -0.0688374, -0.000377202, -0.0950568, 0.0148392, -0.136238, 0.0260953, -0.175072, 0.0482031, -0.0950568, 0.0148392, -0.14267, 0.00159339, -0.137397, 0.0189299, -0.174599, 0.0162142, -0.137397, 0.0189299, -0.0465909, 0.0115138, -0.0686382, 0.0162179, -0.0950568, 0.0148392, -0.0882543, 0.0235786, -0.0559447, 0.00498735, -0.0882543, 0.0235786, -0.136238, 0.0260953, -0.0882543, 0.0235786, -0.175072, 0.0482031, -0.162045, 0.06964, -0.0686382, 0.0162179, -0.137397, 0.0189299, -0.140677, 0.0552692, -0.137397, 0.0189299, -0.107671, 0.0475344, -0.0686382, 0.0162179, -0.162045, 0.06964, -0.175072, 0.0482031, -0.162045, 0.06964, -0.107671, 0.0475344, -0.0633841, 0.0100112, -0.0882543, 0.0235786, -0.0950568, 0.0148392, -0.0686382, 0.0162179, -0.0559447, 0.00498735, -0.0214505, 0.000700541, -0.0950568, 0.0148392, -0.0688374, -0.000377202, -0.0633841, 0.0100112, -0.0950568, 0.0148392, -0.0686382, 0.0162179, -0.0465909, 0.0115138, -0.174599, 0.0162142, -0.137397, 0.0189299, -0.14267, 0.00159339, -0.0559447, 0.00498735, -0.0950568, 0.0148392, -0.175072, 0.0482031, -0.136238, 0.0260953, -0.0882543, 0.0235786, -0.137397, 0.0189299, -0.0688374, -0.000377202, -0.136238, 0.0260953, -0.0688374, -0.000377202, -0.0633841, 0.0100112, -0.14267, 0.00159339, -0.0633841, 0.0100112, -0.0950568, 0.0148392, -0.0882543, 0.0235786, -0.0633841, 0.0100112, -0.0214505, 0.000700541, -0.0559447, 0.00498735, -0.0686382, 0.0162179, -0.0465909, 0.0115138, ],]
##############################################################################
clock_duration  =         6046.77
tau =                     0.88704
total_steps =             32
time_step =               0.02772
best_mc_result =          0.0203587
best_mc_result_non_secondary =          0.0244302
evolved_target_dot_squared =  0.979641
distance =          0.110867
j_protocol =  [[1, 1, 1, 1, 1, 1, 1, 1, 1, 1, 1, 1, 1, 1, 1, 1, 1, 1, 1, 1, 1, 1, 1, 1, 1, 1, 1, 1, 1, 1, 1, 1, ],[1, 1, 1, 1, 1, 1, 1, 1, 1, 1, 1, 1, 1, 1, 1, 1, 1, 1, 1, 1, 1, 1, 1, 1, 1, 1, 1, 1, 1, 1, 1, 1, ],]
k_protocol =  [[0, 1, 0, 0, 1, 1, 1, 1, 1, 1, 1, 1, 0, 0, 0, 0, 1, 1, 1, 0, 1, 1, 1, 0, 0, 0, 0, 0, 0, 1, 1, 1, ],[0, 0, 1, 1, 1, 1, 0, 0, 1, 1, 1, 1, 1, 1, 0, 0, 0, 0, 0, 0, 1, 1, 1, 1, 0, 0, 0, 0, 0, 0, 1, 1, ],]
j_protocol_secondary =  [0, 0.061595, 0.061595, 0.423744, 0.423744, 0.478334, 0.478334, 0.515131, 0.515131, 0.527987, 0.527987, 0.70814, 0.70814, 0.883659, 0.886919, 0.886919, ]
k_protocol_secondary =  [0.0469553, 0.0469553, 0.0533027, 0.0533027, 0.0770459, 0.119697, 0.119697, 0.288011, 0.356, 0.363482, 0.438597, 0.540053, 0.540053, 0.592393, 0.798972, 0.88704, ]
best_evolved_state = [-0.0366584, -0.011343, -0.0688999, -0.0317904, -0.0514784, -0.0253087, -0.0194097, -0.0171978, -0.0539733, -0.0289851, -0.117968, -0.0702959, -0.0539733, -0.0289851, -0.130866, -0.0671569, -0.106356, -0.02489, -0.0539733, -0.0289851, -0.0194097, -0.0171978, -0.0514784, -0.0253087, -0.0688999, -0.0317904, -0.0858209, -0.0352565, -0.168589, -0.0455043, -0.0858209, -0.0352565, -0.0539733, -0.0289851, -0.106356, -0.02489, -0.130866, -0.0671569, -0.137079, -0.0332824, -0.0514784, -0.0253087, -0.0652857, -0.0456231, -0.0855735, -0.0340433, -0.123919, -0.0560451, -0.172188, -0.0658331, -0.0855735, -0.0340433, -0.117968, -0.0702959, -0.130866, -0.0671569, -0.148631, -0.0860257, -0.130866, -0.0671569, -0.0366584, -0.011343, -0.0688999, -0.0317904, -0.0855735, -0.0340433, -0.0858209, -0.0352565, -0.0539733, -0.0289851, -0.0858209, -0.0352565, -0.123919, -0.0560451, -0.0858209, -0.0352565, -0.172188, -0.0658331, -0.168589, -0.0455043, -0.0688999, -0.0317904, -0.130866, -0.0671569, -0.137079, -0.0332824, -0.130866, -0.0671569, -0.106356, -0.02489, -0.0688999, -0.0317904, -0.168589, -0.0455043, -0.172188, -0.0658331, -0.168589, -0.0455043, -0.106356, -0.02489, -0.0514784, -0.0253087, -0.0858209, -0.0352565, -0.0855735, -0.0340433, -0.0688999, -0.0317904, -0.0539733, -0.0289851, -0.0194097, -0.0171978, -0.0855735, -0.0340433, -0.0652857, -0.0456231, -0.0514784, -0.0253087, -0.0855735, -0.0340433, -0.0688999, -0.0317904, -0.0366584, -0.011343, -0.148631, -0.0860257, -0.130866, -0.0671569, -0.117968, -0.0702959, -0.0539733, -0.0289851, -0.0855735, -0.0340433, -0.172188, -0.0658331, -0.123919, -0.0560451, -0.0858209, -0.0352565, -0.130866, -0.0671569, -0.0652857, -0.0456231, -0.123919, -0.0560451, -0.0652857, -0.0456231, -0.0514784, -0.0253087, -0.117968, -0.0702959, -0.0514784, -0.0253087, -0.0855735, -0.0340433, -0.0858209, -0.0352565, -0.0514784, -0.0253087, -0.0194097, -0.0171978, -0.0539733, -0.0289851, -0.0688999, -0.0317904, -0.0366584, -0.011343, ]
best_mc_result_fixed_tau =   [0.0244302, 0.0252864, ]
evolved_state_fixed_tau =   [[-0.0317081, -0.0125388, -0.0625388, -0.0431568, -0.0417089, -0.028147, -0.0120301, -0.0205036, -0.0464804, -0.0384256, -0.104276, -0.0770571, -0.0464804, -0.0384256, -0.117568, -0.0878358, -0.102996, -0.0411682, -0.0464804, -0.0384256, -0.0120301, -0.0205036, -0.0417089, -0.028147, -0.0625388, -0.0431568, -0.0778282, -0.048169, -0.173335, -0.0717178, -0.0778282, -0.048169, -0.0464804, -0.0384256, -0.102996, -0.0411682, -0.117568, -0.0878358, -0.132184, -0.0530436, -0.0417089, -0.028147, -0.0526602, -0.0551697, -0.0781174, -0.0434998, -0.113735, -0.0707156, -0.170126, -0.0905885, -0.0781174, -0.0434998, -0.104276, -0.0770571, -0.117568, -0.0878358, -0.128802, -0.099249, -0.117568, -0.0878358, -0.0317081, -0.0125388, -0.0625388, -0.0431568, -0.0781174, -0.0434998, -0.0778282, -0.048169, -0.0464804, -0.0384256, -0.0778282, -0.048169, -0.113735, -0.0707156, -0.0778282, -0.048169, -0.170126, -0.0905885, -0.173335, -0.0717178, -0.0625388, -0.0431568, -0.117568, -0.0878358, -0.132184, -0.0530436, -0.117568, -0.0878358, -0.102996, -0.0411682, -0.0625388, -0.0431568, -0.173335, -0.0717178, -0.170126, -0.0905885, -0.173335, -0.0717178, -0.102996, -0.0411682, -0.0417089, -0.028147, -0.0778282, -0.048169, -0.0781174, -0.0434998, -0.0625388, -0.0431568, -0.0464804, -0.0384256, -0.0120301, -0.0205036, -0.0781174, -0.0434998, -0.0526602, -0.0551697, -0.0417089, -0.028147, -0.0781174, -0.0434998, -0.0625388, -0.0431568, -0.0317081, -0.0125388, -0.128802, -0.099249, -0.117568, -0.0878358, -0.104276, -0.0770571, -0.0464804, -0.0384256, -0.0781174, -0.0434998, -0.170126, -0.0905885, -0.113735, -0.0707156, -0.0778282, -0.048169, -0.117568, -0.0878358, -0.0526602, -0.0551697, -0.113735, -0.0707156, -0.0526602, -0.0551697, -0.0417089, -0.028147, -0.104276, -0.0770571, -0.0417089, -0.028147, -0.0781174, -0.0434998, -0.0778282, -0.048169, -0.0417089, -0.028147, -0.0120301, -0.0205036, -0.0464804, -0.0384256, -0.0625388, -0.0431568, -0.0317081, -0.0125388, ],[-0.0317081, -0.0125388, -0.0625388, -0.0431568, -0.0417089, -0.028147, -0.0120301, -0.0205036, -0.0464804, -0.0384256, -0.104276, -0.0770571, -0.0464804, -0.0384256, -0.117568, -0.0878358, -0.102996, -0.0411682, -0.0464804, -0.0384256, -0.0120301, -0.0205036, -0.0417089, -0.028147, -0.0625388, -0.0431568, -0.0778282, -0.048169, -0.173335, -0.0717178, -0.0778282, -0.048169, -0.0464804, -0.0384256, -0.102996, -0.0411682, -0.117568, -0.0878358, -0.132184, -0.0530436, -0.0417089, -0.028147, -0.0526602, -0.0551697, -0.0781174, -0.0434998, -0.113735, -0.0707156, -0.170126, -0.0905885, -0.0781174, -0.0434998, -0.104276, -0.0770571, -0.117568, -0.0878358, -0.128802, -0.099249, -0.117568, -0.0878358, -0.0317081, -0.0125388, -0.0625388, -0.0431568, -0.0781174, -0.0434998, -0.0778282, -0.048169, -0.0464804, -0.0384256, -0.0778282, -0.048169, -0.113735, -0.0707156, -0.0778282, -0.048169, -0.170126, -0.0905885, -0.173335, -0.0717178, -0.0625388, -0.0431568, -0.117568, -0.0878358, -0.132184, -0.0530436, -0.117568, -0.0878358, -0.102996, -0.0411682, -0.0625388, -0.0431568, -0.173335, -0.0717178, -0.170126, -0.0905885, -0.173335, -0.0717178, -0.102996, -0.0411682, -0.0417089, -0.028147, -0.0778282, -0.048169, -0.0781174, -0.0434998, -0.0625388, -0.0431568, -0.0464804, -0.0384256, -0.0120301, -0.0205036, -0.0781174, -0.0434998, -0.0526602, -0.0551697, -0.0417089, -0.028147, -0.0781174, -0.0434998, -0.0625388, -0.0431568, -0.0317081, -0.0125388, -0.128802, -0.099249, -0.117568, -0.0878358, -0.104276, -0.0770571, -0.0464804, -0.0384256, -0.0781174, -0.0434998, -0.170126, -0.0905885, -0.113735, -0.0707156, -0.0778282, -0.048169, -0.117568, -0.0878358, -0.0526602, -0.0551697, -0.113735, -0.0707156, -0.0526602, -0.0551697, -0.0417089, -0.028147, -0.104276, -0.0770571, -0.0417089, -0.028147, -0.0781174, -0.0434998, -0.0778282, -0.048169, -0.0417089, -0.028147, -0.0120301, -0.0205036, -0.0464804, -0.0384256, -0.0625388, -0.0431568, -0.0317081, -0.0125388, ],]
##############################################################################
clock_duration  =         7360.49
tau =                     0.975744
total_steps =             32
time_step =               0.030492
best_mc_result =          0.0129406
best_mc_result_non_secondary =          0.0181125
evolved_target_dot_squared =  0.987059
distance =          0.0704708
j_protocol =  [[1, 1, 1, 1, 1, 1, 1, 1, 1, 1, 1, 1, 1, 1, 1, 1, 1, 1, 1, 1, 1, 1, 1, 1, 1, 1, 1, 1, 1, 1, 1, 1, ],[1, 1, 1, 1, 1, 1, 1, 1, 1, 1, 1, 1, 1, 1, 1, 1, 1, 1, 1, 1, 1, 1, 1, 1, 1, 1, 1, 1, 1, 1, 1, 1, ],]
k_protocol =  [[0, 0, 1, 1, 1, 1, 1, 1, 1, 1, 0, 0, 0, 0, 1, 1, 0, 0, 1, 1, 0, 0, 1, 1, 0, 0, 0, 0, 0, 0, 1, 1, ],[0, 0, 1, 1, 1, 1, 1, 0, 0, 1, 1, 1, 0, 0, 0, 1, 1, 1, 1, 0, 1, 0, 0, 0, 0, 0, 1, 0, 1, 0, 1, 1, ],]
j_protocol_secondary =  [0, 0.278651, 0.278651, 0.293104, 0.293104, 0.473942, 0.473942, 0.569411, 0.569411, 0.596404, 0.596404, 0.639782, 0.639782, 0.686826, 0.686826, 0.972343, ]
k_protocol_secondary =  [0.0753447, 0.211491, 0.211491, 0.248427, 0.248427, 0.316437, 0.468644, 0.596211, 0.60424, 0.661793, 0.804098, 0.804098, 0.870599, 0.875292, 0.885278, 0.975744, ]
best_evolved_state = [-0.0174679, -0.033239, -0.033544, -0.0719289, -0.0206233, -0.0523888, -0.00550133, -0.0290626, -0.0263857, -0.0573601, -0.0510077, -0.119148, -0.0263857, -0.0573601, -0.0621597, -0.137501, -0.0574796, -0.0923226, -0.0263857, -0.0573601, -0.00550133, -0.0290626, -0.0206233, -0.0523888, -0.033544, -0.0719289, -0.0423624, -0.0851608, -0.0890855, -0.142781, -0.0423624, -0.0851608, -0.0263857, -0.0573601, -0.0574796, -0.0923226, -0.0621597, -0.137501, -0.0750409, -0.115723, -0.0206233, -0.0523888, -0.0272453, -0.077999, -0.0440783, -0.0781106, -0.0573773, -0.123764, -0.0889187, -0.164458, -0.0440783, -0.0781106, -0.0510077, -0.119148, -0.0621597, -0.137501, -0.0618023, -0.156992, -0.0621597, -0.137501, -0.0174679, -0.033239, -0.033544, -0.0719289, -0.0440783, -0.0781106, -0.0423624, -0.0851608, -0.0263857, -0.0573601, -0.0423624, -0.0851608, -0.0573773, -0.123764, -0.0423624, -0.0851608, -0.0889187, -0.164458, -0.0890855, -0.142781, -0.033544, -0.0719289, -0.0621597, -0.137501, -0.0750409, -0.115723, -0.0621597, -0.137501, -0.0574796, -0.0923226, -0.033544, -0.0719289, -0.0890855, -0.142781, -0.0889187, -0.164458, -0.0890855, -0.142781, -0.0574796, -0.0923226, -0.0206233, -0.0523888, -0.0423624, -0.0851608, -0.0440783, -0.0781106, -0.033544, -0.0719289, -0.0263857, -0.0573601, -0.00550133, -0.0290626, -0.0440783, -0.0781106, -0.0272453, -0.077999, -0.0206233, -0.0523888, -0.0440783, -0.0781106, -0.033544, -0.0719289, -0.0174679, -0.033239, -0.0618023, -0.156992, -0.0621597, -0.137501, -0.0510077, -0.119148, -0.0263857, -0.0573601, -0.0440783, -0.0781106, -0.0889187, -0.164458, -0.0573773, -0.123764, -0.0423624, -0.0851608, -0.0621597, -0.137501, -0.0272453, -0.077999, -0.0573773, -0.123764, -0.0272453, -0.077999, -0.0206233, -0.0523888, -0.0510077, -0.119148, -0.0206233, -0.0523888, -0.0440783, -0.0781106, -0.0423624, -0.0851608, -0.0206233, -0.0523888, -0.00550133, -0.0290626, -0.0263857, -0.0573601, -0.033544, -0.0719289, -0.0174679, -0.033239, ]
best_mc_result_fixed_tau =   [0.0206967, 0.0181125, ]
evolved_state_fixed_tau =   [[-0.0107445, -0.0315021, -0.0391763, -0.0721125, -0.0168979, -0.0600997, -0.00985903, -0.0353761, -0.0304748, -0.0572602, -0.0467084, -0.133071, -0.0304748, -0.0572602, -0.0722931, -0.131969, -0.0557571, -0.0818056, -0.0304748, -0.0572602, -0.00985903, -0.0353761, -0.0168979, -0.0600997, -0.0391763, -0.0721125, -0.0469351, -0.08342, -0.0986693, -0.13659, -0.0469351, -0.08342, -0.0304748, -0.0572602, -0.0557571, -0.0818056, -0.0722931, -0.131969, -0.0731522, -0.102314, -0.0168979, -0.0600997, -0.0381131, -0.0850344, -0.0390512, -0.0746458, -0.05732, -0.11962, -0.0893085, -0.148132, -0.0390512, -0.0746458, -0.0467084, -0.133071, -0.0722931, -0.131969, -0.0678998, -0.176446, -0.0722931, -0.131969, -0.0107445, -0.0315021, -0.0391763, -0.0721125, -0.0390512, -0.0746458, -0.0469351, -0.08342, -0.0304748, -0.0572602, -0.0469351, -0.08342, -0.05732, -0.11962, -0.0469351, -0.08342, -0.0893085, -0.148132, -0.0986693, -0.13659, -0.0391763, -0.0721125, -0.0722931, -0.131969, -0.0731522, -0.102314, -0.0722931, -0.131969, -0.0557571, -0.0818056, -0.0391763, -0.0721125, -0.0986693, -0.13659, -0.0893085, -0.148132, -0.0986693, -0.13659, -0.0557571, -0.0818056, -0.0168979, -0.0600997, -0.0469351, -0.08342, -0.0390512, -0.0746458, -0.0391763, -0.0721125, -0.0304748, -0.0572602, -0.00985903, -0.0353761, -0.0390512, -0.0746458, -0.0381131, -0.0850344, -0.0168979, -0.0600997, -0.0390512, -0.0746458, -0.0391763, -0.0721125, -0.0107445, -0.0315021, -0.0678998, -0.176446, -0.0722931, -0.131969, -0.0467084, -0.133071, -0.0304748, -0.0572602, -0.0390512, -0.0746458, -0.0893085, -0.148132, -0.05732, -0.11962, -0.0469351, -0.08342, -0.0722931, -0.131969, -0.0381131, -0.0850344, -0.05732, -0.11962, -0.0381131, -0.0850344, -0.0168979, -0.0600997, -0.0467084, -0.133071, -0.0168979, -0.0600997, -0.0390512, -0.0746458, -0.0469351, -0.08342, -0.0168979, -0.0600997, -0.00985903, -0.0353761, -0.0304748, -0.0572602, -0.0391763, -0.0721125, -0.0107445, -0.0315021, ],[-0.026457, -0.0294331, -0.0294088, -0.0722427, -0.0260793, -0.0491544, -0.00370562, -0.0281146, -0.0243982, -0.0582257, -0.0495292, -0.126141, -0.0243982, -0.0582257, -0.0550558, -0.140461, -0.0615868, -0.0879443, -0.0243982, -0.0582257, -0.00370562, -0.0281146, -0.0260793, -0.0491544, -0.0294088, -0.0722427, -0.040458, -0.0841361, -0.076179, -0.148464, -0.040458, -0.0841361, -0.0243982, -0.0582257, -0.0615868, -0.0879443, -0.0550558, -0.140461, -0.080298, -0.111702, -0.0260793, -0.0491544, -0.0193293, -0.0803279, -0.0494549, -0.0778389, -0.0563156, -0.123401, -0.0802544, -0.168038, -0.0494549, -0.0778389, -0.0495292, -0.126141, -0.0550558, -0.140461, -0.057934, -0.158468, -0.0550558, -0.140461, -0.026457, -0.0294331, -0.0294088, -0.0722427, -0.0494549, -0.0778389, -0.040458, -0.0841361, -0.0243982, -0.0582257, -0.040458, -0.0841361, -0.0563156, -0.123401, -0.040458, -0.0841361, -0.0802544, -0.168038, -0.076179, -0.148464, -0.0294088, -0.0722427, -0.0550558, -0.140461, -0.080298, -0.111702, -0.0550558, -0.140461, -0.0615868, -0.0879443, -0.0294088, -0.0722427, -0.076179, -0.148464, -0.0802544, -0.168038, -0.076179, -0.148464, -0.0615868, -0.0879443, -0.0260793, -0.0491544, -0.040458, -0.0841361, -0.0494549, -0.0778389, -0.0294088, -0.0722427, -0.0243982, -0.0582257, -0.00370562, -0.0281146, -0.0494549, -0.0778389, -0.0193293, -0.0803279, -0.0260793, -0.0491544, -0.0494549, -0.0778389, -0.0294088, -0.0722427, -0.026457, -0.0294331, -0.057934, -0.158468, -0.0550558, -0.140461, -0.0495292, -0.126141, -0.0243982, -0.0582257, -0.0494549, -0.0778389, -0.0802544, -0.168038, -0.0563156, -0.123401, -0.040458, -0.0841361, -0.0550558, -0.140461, -0.0193293, -0.0803279, -0.0563156, -0.123401, -0.0193293, -0.0803279, -0.0260793, -0.0491544, -0.0495292, -0.126141, -0.0260793, -0.0491544, -0.0494549, -0.0778389, -0.040458, -0.0841361, -0.0260793, -0.0491544, -0.00370562, -0.0281146, -0.0243982, -0.0582257, -0.0294088, -0.0722427, -0.026457, -0.0294331, ],]
##############################################################################
clock_duration  =         10656.1
tau =                     1.00014
total_steps =             32
time_step =               0.0335412
best_mc_result =          0.0112632
best_mc_result_non_secondary =          0
evolved_target_dot_squared =  0.988737
distance =          0.0613362
j_protocol =  [[0, 0, 0, 0, 0, 0, 0, 0, 0, 0, 0, 0, 0, 0, 0, 0, 0, 0, 0, 0, 0, 0, 0, 0, 0, 0, 0, 0, 0, 0, 0, 0, ],[0, 0, 0, 0, 0, 0, 0, 0, 0, 0, 0, 0, 0, 0, 0, 0, 0, 0, 0, 0, 0, 0, 0, 0, 0, 0, 0, 0, 0, 0, 0, 0, ],]
k_protocol =  [[0, 0, 0, 0, 0, 0, 0, 0, 0, 0, 0, 0, 0, 0, 0, 0, 0, 0, 0, 0, 0, 0, 0, 0, 0, 0, 0, 0, 0, 0, 0, 0, ],[0, 0, 0, 0, 0, 0, 0, 0, 0, 0, 0, 0, 0, 0, 0, 0, 0, 0, 0, 0, 0, 0, 0, 0, 0, 0, 0, 0, 0, 0, 0, 0, ],]
j_protocol_secondary =  [0, 0.11435, 0.11435, 0.122622, 0.122622, 0.158338, 0.158338, 0.236993, 0.236993, 0.625086, 0.625086, 0.801051, 0.801051, 0.853, 0.853, 0.996569, ]
k_protocol_secondary =  [0.0652209, 0.0652209, 0.0745612, 0.29735, 0.312245, 0.338299, 0.399192, 0.399192, 0.4685, 0.539489, 0.560471, 0.682213, 0.893941, 0.893941, 0.903932, 1.00014, ]
best_evolved_state = [-0.0101309, -0.0367938, -0.0197479, -0.077729, -0.00964985, -0.0559906, -0.000716601, -0.0305653, -0.0160092, -0.0612836, -0.028176, -0.123757, -0.0160092, -0.0612836, -0.0360218, -0.147129, -0.0367148, -0.10351, -0.0160092, -0.0612836, -0.000716601, -0.0305653, -0.00964985, -0.0559906, -0.0197479, -0.077729, -0.0251781, -0.092439, -0.0567241, -0.156718, -0.0251781, -0.092439, -0.0160092, -0.0612836, -0.0367148, -0.10351, -0.0360218, -0.147129, -0.0488912, -0.129102, -0.00964985, -0.0559906, -0.0136414, -0.0813678, -0.0280693, -0.0844712, -0.0318356, -0.133006, -0.0551954, -0.179041, -0.0280693, -0.0844712, -0.028176, -0.123757, -0.0360218, -0.147129, -0.0315212, -0.164821, -0.0360218, -0.147129, -0.0101309, -0.0367938, -0.0197479, -0.077729, -0.0280693, -0.0844712, -0.0251781, -0.092439, -0.0160092, -0.0612836, -0.0251781, -0.092439, -0.0318356, -0.133006, -0.0251781, -0.092439, -0.0551954, -0.179041, -0.0567241, -0.156718, -0.0197479, -0.077729, -0.0360218, -0.147129, -0.0488912, -0.129102, -0.0360218, -0.147129, -0.0367148, -0.10351, -0.0197479, -0.077729, -0.0567241, -0.156718, -0.0551954, -0.179041, -0.0567241, -0.156718, -0.0367148, -0.10351, -0.00964985, -0.0559906, -0.0251781, -0.092439, -0.0280693, -0.0844712, -0.0197479, -0.077729, -0.0160092, -0.0612836, -0.000716601, -0.0305653, -0.0280693, -0.0844712, -0.0136414, -0.0813678, -0.00964985, -0.0559906, -0.0280693, -0.0844712, -0.0197479, -0.077729, -0.0101309, -0.0367938, -0.0315212, -0.164821, -0.0360218, -0.147129, -0.028176, -0.123757, -0.0160092, -0.0612836, -0.0280693, -0.0844712, -0.0551954, -0.179041, -0.0318356, -0.133006, -0.0251781, -0.092439, -0.0360218, -0.147129, -0.0136414, -0.0813678, -0.0318356, -0.133006, -0.0136414, -0.0813678, -0.00964985, -0.0559906, -0.028176, -0.123757, -0.00964985, -0.0559906, -0.0280693, -0.0844712, -0.0251781, -0.092439, -0.00964985, -0.0559906, -0.000716601, -0.0305653, -0.0160092, -0.0612836, -0.0197479, -0.077729, -0.0101309, -0.0367938, ]
best_mc_result_fixed_tau =   [0.0111585, 0.0118881, ]
evolved_state_fixed_tau =   [[0.01012, -0.0395365, 0.0164477, -0.0787499, 0.0186014, -0.052172, 0.0123332, -0.0275521, 0.0121731, -0.0600604, 0.0249108, -0.10934, 0.0121731, -0.0600604, 0.0310927, -0.147512, 0.0174208, -0.117723, 0.0121731, -0.0600604, 0.0123332, -0.0275521, 0.0186014, -0.052172, 0.0164477, -0.0787499, 0.0198784, -0.0954362, 0.0173288, -0.170335, 0.0198784, -0.0954362, 0.0121731, -0.0600604, 0.0174208, -0.117723, 0.0310927, -0.147512, 0.0199849, -0.144312, 0.0186014, -0.052172, 0.022336, -0.0731492, 0.0145377, -0.0856889, 0.0307787, -0.134109, 0.0246825, -0.192153, 0.0145377, -0.0856889, 0.0249108, -0.10934, 0.0310927, -0.147512, 0.041142, -0.15126, 0.0310927, -0.147512, 0.01012, -0.0395365, 0.0164477, -0.0787499, 0.0145377, -0.0856889, 0.0198784, -0.0954362, 0.0121731, -0.0600604, 0.0198784, -0.0954362, 0.0307787, -0.134109, 0.0198784, -0.0954362, 0.0246825, -0.192153, 0.0173288, -0.170335, 0.0164477, -0.0787499, 0.0310927, -0.147512, 0.0199849, -0.144312, 0.0310927, -0.147512, 0.0174208, -0.117723, 0.0164477, -0.0787499, 0.0173288, -0.170335, 0.0246825, -0.192153, 0.0173288, -0.170335, 0.0174208, -0.117723, 0.0186014, -0.052172, 0.0198784, -0.0954362, 0.0145377, -0.0856889, 0.0164477, -0.0787499, 0.0121731, -0.0600604, 0.0123332, -0.0275521, 0.0145377, -0.0856889, 0.022336, -0.0731492, 0.0186014, -0.052172, 0.0145377, -0.0856889, 0.0164477, -0.0787499, 0.01012, -0.0395365, 0.041142, -0.15126, 0.0310927, -0.147512, 0.0249108, -0.10934, 0.0121731, -0.0600604, 0.0145377, -0.0856889, 0.0246825, -0.192153, 0.0307787, -0.134109, 0.0198784, -0.0954362, 0.0310927, -0.147512, 0.022336, -0.0731492, 0.0307787, -0.134109, 0.022336, -0.0731492, 0.0186014, -0.052172, 0.0249108, -0.10934, 0.0186014, -0.052172, 0.0145377, -0.0856889, 0.0198784, -0.0954362, 0.0186014, -0.052172, 0.0123332, -0.0275521, 0.0121731, -0.0600604, 0.0164477, -0.0787499, 0.01012, -0.0395365, ],[0.01012, -0.0395365, 0.0164477, -0.0787499, 0.0186014, -0.052172, 0.0123332, -0.0275521, 0.0121731, -0.0600604, 0.0249108, -0.10934, 0.0121731, -0.0600604, 0.0310927, -0.147512, 0.0174208, -0.117723, 0.0121731, -0.0600604, 0.0123332, -0.0275521, 0.0186014, -0.052172, 0.0164477, -0.0787499, 0.0198784, -0.0954362, 0.0173288, -0.170335, 0.0198784, -0.0954362, 0.0121731, -0.0600604, 0.0174208, -0.117723, 0.0310927, -0.147512, 0.0199849, -0.144312, 0.0186014, -0.052172, 0.022336, -0.0731492, 0.0145377, -0.0856889, 0.0307787, -0.134109, 0.0246825, -0.192153, 0.0145377, -0.0856889, 0.0249108, -0.10934, 0.0310927, -0.147512, 0.041142, -0.15126, 0.0310927, -0.147512, 0.01012, -0.0395365, 0.0164477, -0.0787499, 0.0145377, -0.0856889, 0.0198784, -0.0954362, 0.0121731, -0.0600604, 0.0198784, -0.0954362, 0.0307787, -0.134109, 0.0198784, -0.0954362, 0.0246825, -0.192153, 0.0173288, -0.170335, 0.0164477, -0.0787499, 0.0310927, -0.147512, 0.0199849, -0.144312, 0.0310927, -0.147512, 0.0174208, -0.117723, 0.0164477, -0.0787499, 0.0173288, -0.170335, 0.0246825, -0.192153, 0.0173288, -0.170335, 0.0174208, -0.117723, 0.0186014, -0.052172, 0.0198784, -0.0954362, 0.0145377, -0.0856889, 0.0164477, -0.0787499, 0.0121731, -0.0600604, 0.0123332, -0.0275521, 0.0145377, -0.0856889, 0.022336, -0.0731492, 0.0186014, -0.052172, 0.0145377, -0.0856889, 0.0164477, -0.0787499, 0.01012, -0.0395365, 0.041142, -0.15126, 0.0310927, -0.147512, 0.0249108, -0.10934, 0.0121731, -0.0600604, 0.0145377, -0.0856889, 0.0246825, -0.192153, 0.0307787, -0.134109, 0.0198784, -0.0954362, 0.0310927, -0.147512, 0.022336, -0.0731492, 0.0307787, -0.134109, 0.022336, -0.0731492, 0.0186014, -0.052172, 0.0249108, -0.10934, 0.0186014, -0.052172, 0.0145377, -0.0856889, 0.0198784, -0.0954362, 0.0186014, -0.052172, 0.0123332, -0.0275521, 0.0121731, -0.0600604, 0.0164477, -0.0787499, 0.01012, -0.0395365, ],]
##############################################################################
clock_duration  =         11618.5
tau =                     1.01233
total_steps =             32
time_step =               0.0335412
best_mc_result =          0.0104813
best_mc_result_non_secondary =          0
evolved_target_dot_squared =  0.989519
distance =          0.0570778
j_protocol =  [[0, 0, 0, 0, 0, 0, 0, 0, 0, 0, 0, 0, 0, 0, 0, 0, 0, 0, 0, 0, 0, 0, 0, 0, 0, 0, 0, 0, 0, 0, 0, 0, ],[0, 0, 0, 0, 0, 0, 0, 0, 0, 0, 0, 0, 0, 0, 0, 0, 0, 0, 0, 0, 0, 0, 0, 0, 0, 0, 0, 0, 0, 0, 0, 0, ],]
k_protocol =  [[0, 0, 0, 0, 0, 0, 0, 0, 0, 0, 0, 0, 0, 0, 0, 0, 0, 0, 0, 0, 0, 0, 0, 0, 0, 0, 0, 0, 0, 0, 0, 0, ],[0, 0, 0, 0, 0, 0, 0, 0, 0, 0, 0, 0, 0, 0, 0, 0, 0, 0, 0, 0, 0, 0, 0, 0, 0, 0, 0, 0, 0, 0, 0, 0, ],]
j_protocol_secondary =  [0, 0.115745, 0.115745, 0.124118, 0.124118, 0.160269, 0.160269, 0.239883, 0.239883, 0.632709, 0.632709, 0.81082, 0.81082, 0.863403, 0.863403, 1.00879, ]
k_protocol_secondary =  [0.0660163, 0.0660163, 0.0752988, 0.304039, 0.316333, 0.340445, 0.404061, 0.404061, 0.47582, 0.546823, 0.565744, 0.690315, 0.904843, 0.904843, 0.914719, 1.01233, ]
best_evolved_state = [-0.00614305, -0.0382023, -0.012693, -0.0795254, -0.00392006, -0.0570823, 0.00161111, -0.0309719, -0.01085, -0.0623918, -0.0168237, -0.124191, -0.01085, -0.0623918, -0.0229938, -0.149898, -0.0256456, -0.107526, -0.01085, -0.0623918, 0.00161111, -0.0309719, -0.00392006, -0.0570823, -0.012693, -0.0795254, -0.0163961, -0.0948054, -0.0397718, -0.160913, -0.0163961, -0.0948054, -0.01085, -0.0623918, -0.0256456, -0.107526, -0.0229938, -0.149898, -0.0351089, -0.133794, -0.00392006, -0.0570823, -0.00714661, -0.0820847, -0.019824, -0.0864446, -0.0189506, -0.135865, -0.0380095, -0.183651, -0.019824, -0.0864446, -0.0168237, -0.124191, -0.0229938, -0.149898, -0.0162396, -0.166618, -0.0229938, -0.149898, -0.00614305, -0.0382023, -0.012693, -0.0795254, -0.019824, -0.0864446, -0.0163961, -0.0948054, -0.01085, -0.0623918, -0.0163961, -0.0948054, -0.0189506, -0.135865, -0.0163961, -0.0948054, -0.0380095, -0.183651, -0.0397718, -0.160913, -0.012693, -0.0795254, -0.0229938, -0.149898, -0.0351089, -0.133794, -0.0229938, -0.149898, -0.0256456, -0.107526, -0.012693, -0.0795254, -0.0397718, -0.160913, -0.0380095, -0.183651, -0.0397718, -0.160913, -0.0256456, -0.107526, -0.00392006, -0.0570823, -0.0163961, -0.0948054, -0.019824, -0.0864446, -0.012693, -0.0795254, -0.01085, -0.0623918, 0.00161111, -0.0309719, -0.019824, -0.0864446, -0.00714661, -0.0820847, -0.00392006, -0.0570823, -0.019824, -0.0864446, -0.012693, -0.0795254, -0.00614305, -0.0382023, -0.0162396, -0.166618, -0.0229938, -0.149898, -0.0168237, -0.124191, -0.01085, -0.0623918, -0.019824, -0.0864446, -0.0380095, -0.183651, -0.0189506, -0.135865, -0.0163961, -0.0948054, -0.0229938, -0.149898, -0.00714661, -0.0820847, -0.0189506, -0.135865, -0.00714661, -0.0820847, -0.00392006, -0.0570823, -0.0168237, -0.124191, -0.00392006, -0.0570823, -0.019824, -0.0864446, -0.0163961, -0.0948054, -0.00392006, -0.0570823, 0.00161111, -0.0309719, -0.01085, -0.0623918, -0.012693, -0.0795254, -0.00614305, -0.0382023, ]
best_mc_result_fixed_tau =   [0.0111585, 0.0118881, ]
evolved_state_fixed_tau =   [[0.01012, -0.0395365, 0.0164477, -0.0787499, 0.0186014, -0.052172, 0.0123332, -0.0275521, 0.0121731, -0.0600604, 0.0249108, -0.10934, 0.0121731, -0.0600604, 0.0310927, -0.147512, 0.0174208, -0.117723, 0.0121731, -0.0600604, 0.0123332, -0.0275521, 0.0186014, -0.052172, 0.0164477, -0.0787499, 0.0198784, -0.0954362, 0.0173288, -0.170335, 0.0198784, -0.0954362, 0.0121731, -0.0600604, 0.0174208, -0.117723, 0.0310927, -0.147512, 0.0199849, -0.144312, 0.0186014, -0.052172, 0.022336, -0.0731492, 0.0145377, -0.0856889, 0.0307787, -0.134109, 0.0246825, -0.192153, 0.0145377, -0.0856889, 0.0249108, -0.10934, 0.0310927, -0.147512, 0.041142, -0.15126, 0.0310927, -0.147512, 0.01012, -0.0395365, 0.0164477, -0.0787499, 0.0145377, -0.0856889, 0.0198784, -0.0954362, 0.0121731, -0.0600604, 0.0198784, -0.0954362, 0.0307787, -0.134109, 0.0198784, -0.0954362, 0.0246825, -0.192153, 0.0173288, -0.170335, 0.0164477, -0.0787499, 0.0310927, -0.147512, 0.0199849, -0.144312, 0.0310927, -0.147512, 0.0174208, -0.117723, 0.0164477, -0.0787499, 0.0173288, -0.170335, 0.0246825, -0.192153, 0.0173288, -0.170335, 0.0174208, -0.117723, 0.0186014, -0.052172, 0.0198784, -0.0954362, 0.0145377, -0.0856889, 0.0164477, -0.0787499, 0.0121731, -0.0600604, 0.0123332, -0.0275521, 0.0145377, -0.0856889, 0.022336, -0.0731492, 0.0186014, -0.052172, 0.0145377, -0.0856889, 0.0164477, -0.0787499, 0.01012, -0.0395365, 0.041142, -0.15126, 0.0310927, -0.147512, 0.0249108, -0.10934, 0.0121731, -0.0600604, 0.0145377, -0.0856889, 0.0246825, -0.192153, 0.0307787, -0.134109, 0.0198784, -0.0954362, 0.0310927, -0.147512, 0.022336, -0.0731492, 0.0307787, -0.134109, 0.022336, -0.0731492, 0.0186014, -0.052172, 0.0249108, -0.10934, 0.0186014, -0.052172, 0.0145377, -0.0856889, 0.0198784, -0.0954362, 0.0186014, -0.052172, 0.0123332, -0.0275521, 0.0121731, -0.0600604, 0.0164477, -0.0787499, 0.01012, -0.0395365, ],[0.01012, -0.0395365, 0.0164477, -0.0787499, 0.0186014, -0.052172, 0.0123332, -0.0275521, 0.0121731, -0.0600604, 0.0249108, -0.10934, 0.0121731, -0.0600604, 0.0310927, -0.147512, 0.0174208, -0.117723, 0.0121731, -0.0600604, 0.0123332, -0.0275521, 0.0186014, -0.052172, 0.0164477, -0.0787499, 0.0198784, -0.0954362, 0.0173288, -0.170335, 0.0198784, -0.0954362, 0.0121731, -0.0600604, 0.0174208, -0.117723, 0.0310927, -0.147512, 0.0199849, -0.144312, 0.0186014, -0.052172, 0.022336, -0.0731492, 0.0145377, -0.0856889, 0.0307787, -0.134109, 0.0246825, -0.192153, 0.0145377, -0.0856889, 0.0249108, -0.10934, 0.0310927, -0.147512, 0.041142, -0.15126, 0.0310927, -0.147512, 0.01012, -0.0395365, 0.0164477, -0.0787499, 0.0145377, -0.0856889, 0.0198784, -0.0954362, 0.0121731, -0.0600604, 0.0198784, -0.0954362, 0.0307787, -0.134109, 0.0198784, -0.0954362, 0.0246825, -0.192153, 0.0173288, -0.170335, 0.0164477, -0.0787499, 0.0310927, -0.147512, 0.0199849, -0.144312, 0.0310927, -0.147512, 0.0174208, -0.117723, 0.0164477, -0.0787499, 0.0173288, -0.170335, 0.0246825, -0.192153, 0.0173288, -0.170335, 0.0174208, -0.117723, 0.0186014, -0.052172, 0.0198784, -0.0954362, 0.0145377, -0.0856889, 0.0164477, -0.0787499, 0.0121731, -0.0600604, 0.0123332, -0.0275521, 0.0145377, -0.0856889, 0.022336, -0.0731492, 0.0186014, -0.052172, 0.0145377, -0.0856889, 0.0164477, -0.0787499, 0.01012, -0.0395365, 0.041142, -0.15126, 0.0310927, -0.147512, 0.0249108, -0.10934, 0.0121731, -0.0600604, 0.0145377, -0.0856889, 0.0246825, -0.192153, 0.0307787, -0.134109, 0.0198784, -0.0954362, 0.0310927, -0.147512, 0.022336, -0.0731492, 0.0307787, -0.134109, 0.022336, -0.0731492, 0.0186014, -0.052172, 0.0249108, -0.10934, 0.0186014, -0.052172, 0.0145377, -0.0856889, 0.0198784, -0.0954362, 0.0186014, -0.052172, 0.0123332, -0.0275521, 0.0121731, -0.0600604, 0.0164477, -0.0787499, 0.01012, -0.0395365, ],]
##############################################################################
clock_duration  =         12584.4
tau =                     1.01843
total_steps =             32
time_step =               0.0335412
best_mc_result =          0.0101215
best_mc_result_non_secondary =          0
evolved_target_dot_squared =  0.989878
distance =          0.0551187
j_protocol =  [[0, 0, 0, 0, 0, 0, 0, 0, 0, 0, 0, 0, 0, 0, 0, 0, 0, 0, 0, 0, 0, 0, 0, 0, 0, 0, 0, 0, 0, 0, 0, 0, ],[0, 0, 0, 0, 0, 0, 0, 0, 0, 0, 0, 0, 0, 0, 0, 0, 0, 0, 0, 0, 0, 0, 0, 0, 0, 0, 0, 0, 0, 0, 0, 0, ],]
k_protocol =  [[0, 0, 0, 0, 0, 0, 0, 0, 0, 0, 0, 0, 0, 0, 0, 0, 0, 0, 0, 0, 0, 0, 0, 0, 0, 0, 0, 0, 0, 0, 0, 0, ],[0, 0, 0, 0, 0, 0, 0, 0, 0, 0, 0, 0, 0, 0, 0, 0, 0, 0, 0, 0, 0, 0, 0, 0, 0, 0, 0, 0, 0, 0, 0, 0, ],]
j_protocol_secondary =  [0, 0.116442, 0.116442, 0.124865, 0.124865, 0.161235, 0.161235, 0.241328, 0.241328, 0.636521, 0.636521, 0.815704, 0.815704, 0.868604, 0.868604, 1.01479, ]
k_protocol_secondary =  [0.066414, 0.066414, 0.0758358, 0.307311, 0.317756, 0.340302, 0.406942, 0.406942, 0.478676, 0.550311, 0.568663, 0.693954, 0.910294, 0.910294, 0.920275, 1.01843, ]
best_evolved_state = [-0.00437988, -0.0388615, -0.0093477, -0.0801634, -0.00131683, -0.0575232, 0.0027302, -0.0311239, -0.00842773, -0.0628327, -0.0117187, -0.124002, -0.00842773, -0.0628327, -0.0169186, -0.150787, -0.020455, -0.109076, -0.00842773, -0.0628327, 0.0027302, -0.0311239, -0.00131683, -0.0575232, -0.0093477, -0.0801634, -0.0122671, -0.0956629, -0.0316697, -0.16183, -0.0122671, -0.0956629, -0.00842773, -0.0628327, -0.020455, -0.109076, -0.0169186, -0.150787, -0.0286808, -0.135616, -0.00131683, -0.0575232, -0.00407928, -0.0822495, -0.0160453, -0.0872781, -0.0129632, -0.136821, -0.0299187, -0.185068, -0.0160453, -0.0872781, -0.0117187, -0.124002, -0.0169186, -0.150787, -0.00928628, -0.166863, -0.0169186, -0.150787, -0.00437988, -0.0388615, -0.0093477, -0.0801634, -0.0160453, -0.0872781, -0.0122671, -0.0956629, -0.00842773, -0.0628327, -0.0122671, -0.0956629, -0.0129632, -0.136821, -0.0122671, -0.0956629, -0.0299187, -0.185068, -0.0316697, -0.16183, -0.0093477, -0.0801634, -0.0169186, -0.150787, -0.0286808, -0.135616, -0.0169186, -0.150787, -0.020455, -0.109076, -0.0093477, -0.0801634, -0.0316697, -0.16183, -0.0299187, -0.185068, -0.0316697, -0.16183, -0.020455, -0.109076, -0.00131683, -0.0575232, -0.0122671, -0.0956629, -0.0160453, -0.0872781, -0.0093477, -0.0801634, -0.00842773, -0.0628327, 0.0027302, -0.0311239, -0.0160453, -0.0872781, -0.00407928, -0.0822495, -0.00131683, -0.0575232, -0.0160453, -0.0872781, -0.0093477, -0.0801634, -0.00437988, -0.0388615, -0.00928628, -0.166863, -0.0169186, -0.150787, -0.0117187, -0.124002, -0.00842773, -0.0628327, -0.0160453, -0.0872781, -0.0299187, -0.185068, -0.0129632, -0.136821, -0.0122671, -0.0956629, -0.0169186, -0.150787, -0.00407928, -0.0822495, -0.0129632, -0.136821, -0.00407928, -0.0822495, -0.00131683, -0.0575232, -0.0117187, -0.124002, -0.00131683, -0.0575232, -0.0160453, -0.0872781, -0.0122671, -0.0956629, -0.00131683, -0.0575232, 0.0027302, -0.0311239, -0.00842773, -0.0628327, -0.0093477, -0.0801634, -0.00437988, -0.0388615, ]
best_mc_result_fixed_tau =   [0.0111585, 0.0118881, ]
evolved_state_fixed_tau =   [[0.01012, -0.0395365, 0.0164477, -0.0787499, 0.0186014, -0.052172, 0.0123332, -0.0275521, 0.0121731, -0.0600604, 0.0249108, -0.10934, 0.0121731, -0.0600604, 0.0310927, -0.147512, 0.0174208, -0.117723, 0.0121731, -0.0600604, 0.0123332, -0.0275521, 0.0186014, -0.052172, 0.0164477, -0.0787499, 0.0198784, -0.0954362, 0.0173288, -0.170335, 0.0198784, -0.0954362, 0.0121731, -0.0600604, 0.0174208, -0.117723, 0.0310927, -0.147512, 0.0199849, -0.144312, 0.0186014, -0.052172, 0.022336, -0.0731492, 0.0145377, -0.0856889, 0.0307787, -0.134109, 0.0246825, -0.192153, 0.0145377, -0.0856889, 0.0249108, -0.10934, 0.0310927, -0.147512, 0.041142, -0.15126, 0.0310927, -0.147512, 0.01012, -0.0395365, 0.0164477, -0.0787499, 0.0145377, -0.0856889, 0.0198784, -0.0954362, 0.0121731, -0.0600604, 0.0198784, -0.0954362, 0.0307787, -0.134109, 0.0198784, -0.0954362, 0.0246825, -0.192153, 0.0173288, -0.170335, 0.0164477, -0.0787499, 0.0310927, -0.147512, 0.0199849, -0.144312, 0.0310927, -0.147512, 0.0174208, -0.117723, 0.0164477, -0.0787499, 0.0173288, -0.170335, 0.0246825, -0.192153, 0.0173288, -0.170335, 0.0174208, -0.117723, 0.0186014, -0.052172, 0.0198784, -0.0954362, 0.0145377, -0.0856889, 0.0164477, -0.0787499, 0.0121731, -0.0600604, 0.0123332, -0.0275521, 0.0145377, -0.0856889, 0.022336, -0.0731492, 0.0186014, -0.052172, 0.0145377, -0.0856889, 0.0164477, -0.0787499, 0.01012, -0.0395365, 0.041142, -0.15126, 0.0310927, -0.147512, 0.0249108, -0.10934, 0.0121731, -0.0600604, 0.0145377, -0.0856889, 0.0246825, -0.192153, 0.0307787, -0.134109, 0.0198784, -0.0954362, 0.0310927, -0.147512, 0.022336, -0.0731492, 0.0307787, -0.134109, 0.022336, -0.0731492, 0.0186014, -0.052172, 0.0249108, -0.10934, 0.0186014, -0.052172, 0.0145377, -0.0856889, 0.0198784, -0.0954362, 0.0186014, -0.052172, 0.0123332, -0.0275521, 0.0121731, -0.0600604, 0.0164477, -0.0787499, 0.01012, -0.0395365, ],[0.01012, -0.0395365, 0.0164477, -0.0787499, 0.0186014, -0.052172, 0.0123332, -0.0275521, 0.0121731, -0.0600604, 0.0249108, -0.10934, 0.0121731, -0.0600604, 0.0310927, -0.147512, 0.0174208, -0.117723, 0.0121731, -0.0600604, 0.0123332, -0.0275521, 0.0186014, -0.052172, 0.0164477, -0.0787499, 0.0198784, -0.0954362, 0.0173288, -0.170335, 0.0198784, -0.0954362, 0.0121731, -0.0600604, 0.0174208, -0.117723, 0.0310927, -0.147512, 0.0199849, -0.144312, 0.0186014, -0.052172, 0.022336, -0.0731492, 0.0145377, -0.0856889, 0.0307787, -0.134109, 0.0246825, -0.192153, 0.0145377, -0.0856889, 0.0249108, -0.10934, 0.0310927, -0.147512, 0.041142, -0.15126, 0.0310927, -0.147512, 0.01012, -0.0395365, 0.0164477, -0.0787499, 0.0145377, -0.0856889, 0.0198784, -0.0954362, 0.0121731, -0.0600604, 0.0198784, -0.0954362, 0.0307787, -0.134109, 0.0198784, -0.0954362, 0.0246825, -0.192153, 0.0173288, -0.170335, 0.0164477, -0.0787499, 0.0310927, -0.147512, 0.0199849, -0.144312, 0.0310927, -0.147512, 0.0174208, -0.117723, 0.0164477, -0.0787499, 0.0173288, -0.170335, 0.0246825, -0.192153, 0.0173288, -0.170335, 0.0174208, -0.117723, 0.0186014, -0.052172, 0.0198784, -0.0954362, 0.0145377, -0.0856889, 0.0164477, -0.0787499, 0.0121731, -0.0600604, 0.0123332, -0.0275521, 0.0145377, -0.0856889, 0.022336, -0.0731492, 0.0186014, -0.052172, 0.0145377, -0.0856889, 0.0164477, -0.0787499, 0.01012, -0.0395365, 0.041142, -0.15126, 0.0310927, -0.147512, 0.0249108, -0.10934, 0.0121731, -0.0600604, 0.0145377, -0.0856889, 0.0246825, -0.192153, 0.0307787, -0.134109, 0.0198784, -0.0954362, 0.0310927, -0.147512, 0.022336, -0.0731492, 0.0307787, -0.134109, 0.022336, -0.0731492, 0.0186014, -0.052172, 0.0249108, -0.10934, 0.0186014, -0.052172, 0.0145377, -0.0856889, 0.0198784, -0.0954362, 0.0186014, -0.052172, 0.0123332, -0.0275521, 0.0121731, -0.0600604, 0.0164477, -0.0787499, 0.01012, -0.0395365, ],]
##############################################################################
clock_duration  =         13539.7
tau =                     1.02148
total_steps =             32
time_step =               0.0335412
best_mc_result =          0.00995073
best_mc_result_non_secondary =          0
evolved_target_dot_squared =  0.990049
distance =          0.0541886
j_protocol =  [[0, 0, 0, 0, 0, 0, 0, 0, 0, 0, 0, 0, 0, 0, 0, 0, 0, 0, 0, 0, 0, 0, 0, 0, 0, 0, 0, 0, 0, 0, 0, 0, ],[0, 0, 0, 0, 0, 0, 0, 0, 0, 0, 0, 0, 0, 0, 0, 0, 0, 0, 0, 0, 0, 0, 0, 0, 0, 0, 0, 0, 0, 0, 0, 0, ],]
k_protocol =  [[0, 0, 0, 0, 0, 0, 0, 0, 0, 0, 0, 0, 0, 0, 0, 0, 0, 0, 0, 0, 0, 0, 0, 0, 0, 0, 0, 0, 0, 0, 0, 0, ],[0, 0, 0, 0, 0, 0, 0, 0, 0, 0, 0, 0, 0, 0, 0, 0, 0, 0, 0, 0, 0, 0, 0, 0, 0, 0, 0, 0, 0, 0, 0, 0, ],]
j_protocol_secondary =  [0, 0.116791, 0.116791, 0.125239, 0.125239, 0.161718, 0.161718, 0.242051, 0.242051, 0.638426, 0.638426, 0.818146, 0.818146, 0.871204, 0.871204, 1.01786, ]
k_protocol_secondary =  [0.0666128, 0.0666128, 0.0760629, 0.309498, 0.318784, 0.340233, 0.40816, 0.40816, 0.480113, 0.551996, 0.570279, 0.696217, 0.913019, 0.913019, 0.92303, 1.02148, ]
best_evolved_state = [-0.00332183, -0.0391208, -0.00754445, -0.0804267, 0.000158915, -0.0576659, 0.00331338, -0.0311674, -0.00711454, -0.0629682, -0.00890015, -0.123832, -0.00711454, -0.0629682, -0.013616, -0.151137, -0.0175488, -0.10979, -0.00711454, -0.0629682, 0.00331338, -0.0311674, 0.000158915, -0.0576659, -0.00754445, -0.0804267, -0.01001, -0.0960207, -0.0273627, -0.162429, -0.01001, -0.0960207, -0.00711454, -0.0629682, -0.0175488, -0.10979, -0.013616, -0.151137, -0.0250705, -0.136419, 0.000158915, -0.0576659, -0.00247119, -0.0822518, -0.013908, -0.0875512, -0.00966951, -0.137209, -0.0255211, -0.185766, -0.013908, -0.0875512, -0.00890015, -0.123832, -0.013616, -0.151137, -0.00546844, -0.16696, -0.013616, -0.151137, -0.00332183, -0.0391208, -0.00754445, -0.0804267, -0.013908, -0.0875512, -0.01001, -0.0960207, -0.00711454, -0.0629682, -0.01001, -0.0960207, -0.00966951, -0.137209, -0.01001, -0.0960207, -0.0255211, -0.185766, -0.0273627, -0.162429, -0.00754445, -0.0804267, -0.013616, -0.151137, -0.0250705, -0.136419, -0.013616, -0.151137, -0.0175488, -0.10979, -0.00754445, -0.0804267, -0.0273627, -0.162429, -0.0255211, -0.185766, -0.0273627, -0.162429, -0.0175488, -0.10979, 0.000158915, -0.0576659, -0.01001, -0.0960207, -0.013908, -0.0875512, -0.00754445, -0.0804267, -0.00711454, -0.0629682, 0.00331338, -0.0311674, -0.013908, -0.0875512, -0.00247119, -0.0822518, 0.000158915, -0.0576659, -0.013908, -0.0875512, -0.00754445, -0.0804267, -0.00332183, -0.0391208, -0.00546844, -0.16696, -0.013616, -0.151137, -0.00890015, -0.123832, -0.00711454, -0.0629682, -0.013908, -0.0875512, -0.0255211, -0.185766, -0.00966951, -0.137209, -0.01001, -0.0960207, -0.013616, -0.151137, -0.00247119, -0.0822518, -0.00966951, -0.137209, -0.00247119, -0.0822518, 0.000158915, -0.0576659, -0.00890015, -0.123832, 0.000158915, -0.0576659, -0.013908, -0.0875512, -0.01001, -0.0960207, 0.000158915, -0.0576659, 0.00331338, -0.0311674, -0.00711454, -0.0629682, -0.00754445, -0.0804267, -0.00332183, -0.0391208, ]
best_mc_result_fixed_tau =   [0.0111585, 0.0118881, ]
evolved_state_fixed_tau =   [[0.01012, -0.0395365, 0.0164477, -0.0787499, 0.0186014, -0.052172, 0.0123332, -0.0275521, 0.0121731, -0.0600604, 0.0249108, -0.10934, 0.0121731, -0.0600604, 0.0310927, -0.147512, 0.0174208, -0.117723, 0.0121731, -0.0600604, 0.0123332, -0.0275521, 0.0186014, -0.052172, 0.0164477, -0.0787499, 0.0198784, -0.0954362, 0.0173288, -0.170335, 0.0198784, -0.0954362, 0.0121731, -0.0600604, 0.0174208, -0.117723, 0.0310927, -0.147512, 0.0199849, -0.144312, 0.0186014, -0.052172, 0.022336, -0.0731492, 0.0145377, -0.0856889, 0.0307787, -0.134109, 0.0246825, -0.192153, 0.0145377, -0.0856889, 0.0249108, -0.10934, 0.0310927, -0.147512, 0.041142, -0.15126, 0.0310927, -0.147512, 0.01012, -0.0395365, 0.0164477, -0.0787499, 0.0145377, -0.0856889, 0.0198784, -0.0954362, 0.0121731, -0.0600604, 0.0198784, -0.0954362, 0.0307787, -0.134109, 0.0198784, -0.0954362, 0.0246825, -0.192153, 0.0173288, -0.170335, 0.0164477, -0.0787499, 0.0310927, -0.147512, 0.0199849, -0.144312, 0.0310927, -0.147512, 0.0174208, -0.117723, 0.0164477, -0.0787499, 0.0173288, -0.170335, 0.0246825, -0.192153, 0.0173288, -0.170335, 0.0174208, -0.117723, 0.0186014, -0.052172, 0.0198784, -0.0954362, 0.0145377, -0.0856889, 0.0164477, -0.0787499, 0.0121731, -0.0600604, 0.0123332, -0.0275521, 0.0145377, -0.0856889, 0.022336, -0.0731492, 0.0186014, -0.052172, 0.0145377, -0.0856889, 0.0164477, -0.0787499, 0.01012, -0.0395365, 0.041142, -0.15126, 0.0310927, -0.147512, 0.0249108, -0.10934, 0.0121731, -0.0600604, 0.0145377, -0.0856889, 0.0246825, -0.192153, 0.0307787, -0.134109, 0.0198784, -0.0954362, 0.0310927, -0.147512, 0.022336, -0.0731492, 0.0307787, -0.134109, 0.022336, -0.0731492, 0.0186014, -0.052172, 0.0249108, -0.10934, 0.0186014, -0.052172, 0.0145377, -0.0856889, 0.0198784, -0.0954362, 0.0186014, -0.052172, 0.0123332, -0.0275521, 0.0121731, -0.0600604, 0.0164477, -0.0787499, 0.01012, -0.0395365, ],[0.01012, -0.0395365, 0.0164477, -0.0787499, 0.0186014, -0.052172, 0.0123332, -0.0275521, 0.0121731, -0.0600604, 0.0249108, -0.10934, 0.0121731, -0.0600604, 0.0310927, -0.147512, 0.0174208, -0.117723, 0.0121731, -0.0600604, 0.0123332, -0.0275521, 0.0186014, -0.052172, 0.0164477, -0.0787499, 0.0198784, -0.0954362, 0.0173288, -0.170335, 0.0198784, -0.0954362, 0.0121731, -0.0600604, 0.0174208, -0.117723, 0.0310927, -0.147512, 0.0199849, -0.144312, 0.0186014, -0.052172, 0.022336, -0.0731492, 0.0145377, -0.0856889, 0.0307787, -0.134109, 0.0246825, -0.192153, 0.0145377, -0.0856889, 0.0249108, -0.10934, 0.0310927, -0.147512, 0.041142, -0.15126, 0.0310927, -0.147512, 0.01012, -0.0395365, 0.0164477, -0.0787499, 0.0145377, -0.0856889, 0.0198784, -0.0954362, 0.0121731, -0.0600604, 0.0198784, -0.0954362, 0.0307787, -0.134109, 0.0198784, -0.0954362, 0.0246825, -0.192153, 0.0173288, -0.170335, 0.0164477, -0.0787499, 0.0310927, -0.147512, 0.0199849, -0.144312, 0.0310927, -0.147512, 0.0174208, -0.117723, 0.0164477, -0.0787499, 0.0173288, -0.170335, 0.0246825, -0.192153, 0.0173288, -0.170335, 0.0174208, -0.117723, 0.0186014, -0.052172, 0.0198784, -0.0954362, 0.0145377, -0.0856889, 0.0164477, -0.0787499, 0.0121731, -0.0600604, 0.0123332, -0.0275521, 0.0145377, -0.0856889, 0.022336, -0.0731492, 0.0186014, -0.052172, 0.0145377, -0.0856889, 0.0164477, -0.0787499, 0.01012, -0.0395365, 0.041142, -0.15126, 0.0310927, -0.147512, 0.0249108, -0.10934, 0.0121731, -0.0600604, 0.0145377, -0.0856889, 0.0246825, -0.192153, 0.0307787, -0.134109, 0.0198784, -0.0954362, 0.0310927, -0.147512, 0.022336, -0.0731492, 0.0307787, -0.134109, 0.022336, -0.0731492, 0.0186014, -0.052172, 0.0249108, -0.10934, 0.0186014, -0.052172, 0.0145377, -0.0856889, 0.0198784, -0.0954362, 0.0186014, -0.052172, 0.0123332, -0.0275521, 0.0121731, -0.0600604, 0.0164477, -0.0787499, 0.01012, -0.0395365, ],]
