START_PARAMETERS
MAX_STEPS_MCDB =               32
MIN_STEPS_MCDB =               4
STEPS_CRUNCH_MCDB =            1
SWEEPS_MCDB =                  110
TOTAL_STEP_CHANGES =                  6
MCBB_SECONDARY =                  1
SWEEPS_MCBB_SECONDARY =                  300
NUMBER_OF_BANGS =                  8
GROUND_E =                -3.06303
INITIAL_E =               -2.98142
j_initial =               0.203
k_initial =               0.5
b_initial =               0
j_target =                0.093
k_target =                0.5
b_target =                0
init_target_dot_squared = 0.944354
init_state = [-0.0027541, 0, -0.0318486, 0, -0.00451482, 0, -0.000888809, 0, -0.00707744, 0, -0.0217102, 0, -0.00707744, 0, -0.0366756, 0, -0.0612067, 0, -0.00707744, 0, -0.000888809, 0, -0.00451482, 0, -0.0318486, 0, -0.0340958, 0, -0.453022, 0, -0.0340958, 0, -0.00707744, 0, -0.0612067, 0, -0.0366756, 0, -0.0648535, 0, -0.00451482, 0, -0.00698482, 0, -0.0129445, 0, -0.0392319, 0, -0.169854, 0, -0.0129445, 0, -0.0217102, 0, -0.0366756, 0, -0.0311074, 0, -0.0366756, 0, -0.0027541, 0, -0.0318486, 0, -0.0129445, 0, -0.0340958, 0, -0.00707744, 0, -0.0340958, 0, -0.0392319, 0, -0.0340958, 0, -0.169854, 0, -0.453022, 0, -0.0318486, 0, -0.0366756, 0, -0.0648535, 0, -0.0366756, 0, -0.0612067, 0, -0.0318486, 0, -0.453022, 0, -0.169854, 0, -0.453022, 0, -0.0612067, 0, -0.00451482, 0, -0.0340958, 0, -0.0129445, 0, -0.0318486, 0, -0.00707744, 0, -0.000888809, 0, -0.0129445, 0, -0.00698482, 0, -0.00451482, 0, -0.0129445, 0, -0.0318486, 0, -0.0027541, 0, -0.0311074, 0, -0.0366756, 0, -0.0217102, 0, -0.00707744, 0, -0.0129445, 0, -0.169854, 0, -0.0392319, 0, -0.0340958, 0, -0.0366756, 0, -0.00698482, 0, -0.0392319, 0, -0.00698482, 0, -0.00451482, 0, -0.0217102, 0, -0.00451482, 0, -0.0129445, 0, -0.0340958, 0, -0.00451482, 0, -0.000888809, 0, -0.00707744, 0, -0.0318486, 0, -0.0027541, 0, ]
target_state = [-0.000511302, 0, -0.015284, 0, -0.000789718, 0, -8.28362e-05, 0, -0.00146513, 0, -0.00276572, 0, -0.00146513, 0, -0.00847111, 0, -0.0303154, 0, -0.00146513, 0, -8.28362e-05, 0, -0.000789718, 0, -0.015284, 0, -0.0155615, 0, -0.489296, 0, -0.0155615, 0, -0.00146513, 0, -0.0303154, 0, -0.00847111, 0, -0.0307409, 0, -0.000789718, 0, -0.000807557, 0, -0.00285891, 0, -0.00965016, 0, -0.0892836, 0, -0.00285891, 0, -0.00276572, 0, -0.00847111, 0, -0.00396485, 0, -0.00847111, 0, -0.000511302, 0, -0.015284, 0, -0.00285891, 0, -0.0155615, 0, -0.00146513, 0, -0.0155615, 0, -0.00965016, 0, -0.0155615, 0, -0.0892836, 0, -0.489296, 0, -0.015284, 0, -0.00847111, 0, -0.0307409, 0, -0.00847111, 0, -0.0303154, 0, -0.015284, 0, -0.489296, 0, -0.0892836, 0, -0.489296, 0, -0.0303154, 0, -0.000789718, 0, -0.0155615, 0, -0.00285891, 0, -0.015284, 0, -0.00146513, 0, -8.28362e-05, 0, -0.00285891, 0, -0.000807557, 0, -0.000789718, 0, -0.00285891, 0, -0.015284, 0, -0.000511302, 0, -0.00396485, 0, -0.00847111, 0, -0.00276572, 0, -0.00146513, 0, -0.00285891, 0, -0.0892836, 0, -0.00965016, 0, -0.0155615, 0, -0.00847111, 0, -0.000807557, 0, -0.00965016, 0, -0.000807557, 0, -0.000789718, 0, -0.00276572, 0, -0.000789718, 0, -0.00285891, 0, -0.0155615, 0, -0.000789718, 0, -8.28362e-05, 0, -0.00146513, 0, -0.015284, 0, -0.000511302, 0, ]
USE_ENERGY_DISTANCE =     false
PERIODIC =                false
UNIFORM_SITES =           true
DEVICE_DIMENSION =        2
MAX_PARAM =               1
MIN_PARAM =               0
MIN_PARAM =               0
DIAG =                    true
NUM_SEEDS =               2
NUMBER_OF_BANGS =               8
DISTANCE_LIMIT =          0.01
TAU_INIT =                0.4
MAX_TAU =                 5
TAU_SCALAR =              1.2
TAU_SCALAR_TINY =         1.1
TAU_SCALAR_BIG =          1.4
ACCEPTANCE_PROB =         0.85
TEMP_EXP_DECAY =          0.8
MIN_TEMP_FRACTION =       0.01
TEMP_DECAY_ITERATIONS =   21
ZERO_TEMP_ITREATIONS =    30
RANDOM_STATES =           3
END_PARAMETERS
##############################################################################
clock_duration  =         913.126
tau =                     0.4
total_steps =             32
time_step =               0.0125
best_mc_result =          0.0313035
best_mc_result_non_secondary =          0.0316455
evolved_target_dot_squared =  0.968696
distance =          0.562549
j_protocol =  [[0, 0, 0, 0, 0, 0, 0, 0, 1, 1, 1, 1, 0, 0, 0, 0, 1, 1, 0, 0, 0, 0, 0, 0, 0, 0, 0, 0, 1, 1, 1, 1, ],[0, 0, 0, 0, 0, 0, 0, 0, 1, 1, 1, 1, 0, 0, 0, 0, 1, 1, 0, 0, 0, 0, 0, 0, 0, 0, 0, 0, 1, 1, 1, 1, ],]
k_protocol =  [[1, 1, 1, 1, 1, 1, 1, 1, 1, 1, 1, 1, 1, 1, 1, 1, 1, 1, 1, 1, 1, 1, 1, 1, 1, 1, 1, 1, 1, 1, 1, 1, ],[1, 1, 1, 1, 1, 1, 1, 1, 1, 1, 1, 1, 1, 1, 1, 1, 1, 1, 1, 1, 1, 1, 1, 1, 1, 1, 1, 1, 1, 1, 1, 1, ],]
j_protocol_secondary =  [0.0533558, 0.0533558, 0.100335, 0.100335, 0.102216, 0.152477, 0.204436, 0.223071, 0.238107, 0.238107, 0.349212, 0.370172, 0.370172, 0.383342, 0.383342, 0.4, ]
k_protocol_secondary =  [0, 0.0654481, 0.0654481, 0.0900971, 0.0900971, 0.121981, 0.121981, 0.240897, 0.240897, 0.342817, 0.342817, 0.352656, 0.352656, 0.387277, 0.387277, 0.394635, ]
best_evolved_state = [0.00127794, -0.000184455, 0.0136723, -0.00419717, 0.000338724, -0.00113846, -0.000305177, -0.000400166, -0.000287379, -0.00131073, 0.0144072, -0.0205846, -0.000287379, -0.00131073, 0.0108341, -0.0273164, 0.028308, -0.00668144, -0.000287379, -0.00131073, -0.000305177, -0.000400166, 0.000338724, -0.00113846, 0.0136723, -0.00419717, 0.0145604, -0.00571467, 0.375931, -0.27999, 0.0145604, -0.00571467, -0.000287379, -0.00131073, 0.028308, -0.00668144, 0.0108341, -0.0273164, 0.0302926, -0.00920139, 0.000338724, -0.00113846, 0.00081288, -0.00474791, 0.00552848, -0.00192632, 0.0160871, -0.0266051, 0.109262, -0.109731, 0.00552848, -0.00192632, 0.0144072, -0.0205846, 0.0108341, -0.0273164, 0.0201463, -0.029282, 0.0108341, -0.0273164, 0.00127794, -0.000184455, 0.0136723, -0.00419717, 0.00552848, -0.00192632, 0.0145604, -0.00571467, -0.000287379, -0.00131073, 0.0145604, -0.00571467, 0.0160871, -0.0266051, 0.0145604, -0.00571467, 0.109262, -0.109731, 0.375931, -0.27999, 0.0136723, -0.00419717, 0.0108341, -0.0273164, 0.0302926, -0.00920139, 0.0108341, -0.0273164, 0.028308, -0.00668144, 0.0136723, -0.00419717, 0.375931, -0.27999, 0.109262, -0.109731, 0.375931, -0.27999, 0.028308, -0.00668144, 0.000338724, -0.00113846, 0.0145604, -0.00571467, 0.00552848, -0.00192632, 0.0136723, -0.00419717, -0.000287379, -0.00131073, -0.000305177, -0.000400166, 0.00552848, -0.00192632, 0.00081288, -0.00474791, 0.000338724, -0.00113846, 0.00552848, -0.00192632, 0.0136723, -0.00419717, 0.00127794, -0.000184455, 0.0201463, -0.029282, 0.0108341, -0.0273164, 0.0144072, -0.0205846, -0.000287379, -0.00131073, 0.00552848, -0.00192632, 0.109262, -0.109731, 0.0160871, -0.0266051, 0.0145604, -0.00571467, 0.0108341, -0.0273164, 0.00081288, -0.00474791, 0.0160871, -0.0266051, 0.00081288, -0.00474791, 0.000338724, -0.00113846, 0.0144072, -0.0205846, 0.000338724, -0.00113846, 0.00552848, -0.00192632, 0.0145604, -0.00571467, 0.000338724, -0.00113846, -0.000305177, -0.000400166, -0.000287379, -0.00131073, 0.0136723, -0.00419717, 0.00127794, -0.000184455, ]
best_mc_result_fixed_tau =   [0.0316455, 0.0316455, ]
evolved_state_fixed_tau =   [[0.00138324, -0.000308488, 0.0159917, -0.00498828, 0.000718392, -0.00111572, -0.000262575, -0.000386196, 0.000366267, -0.00119476, 0.0153765, -0.0195515, 0.000366267, -0.00119476, 0.01315, -0.0258986, 0.0326933, -0.00836938, 0.000366267, -0.00119476, -0.000262575, -0.000386196, 0.000718392, -0.00111572, 0.0159917, -0.00498828, 0.0170102, -0.00648138, 0.386429, -0.263185, 0.0170102, -0.00648138, 0.000366267, -0.00119476, 0.0326933, -0.00836938, 0.01315, -0.0258986, 0.0348723, -0.0108822, 0.000718392, -0.00111572, 0.00132706, -0.00459339, 0.00636596, -0.0023443, 0.0183704, -0.0254397, 0.116265, -0.104046, 0.00636596, -0.0023443, 0.0153765, -0.0195515, 0.01315, -0.0258986, 0.0215763, -0.027776, 0.01315, -0.0258986, 0.00138324, -0.000308488, 0.0159917, -0.00498828, 0.00636596, -0.0023443, 0.0170102, -0.00648138, 0.000366267, -0.00119476, 0.0170102, -0.00648138, 0.0183704, -0.0254397, 0.0170102, -0.00648138, 0.116265, -0.104046, 0.386429, -0.263185, 0.0159917, -0.00498828, 0.01315, -0.0258986, 0.0348723, -0.0108822, 0.01315, -0.0258986, 0.0326933, -0.00836938, 0.0159917, -0.00498828, 0.386429, -0.263185, 0.116265, -0.104046, 0.386429, -0.263185, 0.0326933, -0.00836938, 0.000718392, -0.00111572, 0.0170102, -0.00648138, 0.00636596, -0.0023443, 0.0159917, -0.00498828, 0.000366267, -0.00119476, -0.000262575, -0.000386196, 0.00636596, -0.0023443, 0.00132706, -0.00459339, 0.000718392, -0.00111572, 0.00636596, -0.0023443, 0.0159917, -0.00498828, 0.00138324, -0.000308488, 0.0215763, -0.027776, 0.01315, -0.0258986, 0.0153765, -0.0195515, 0.000366267, -0.00119476, 0.00636596, -0.0023443, 0.116265, -0.104046, 0.0183704, -0.0254397, 0.0170102, -0.00648138, 0.01315, -0.0258986, 0.00132706, -0.00459339, 0.0183704, -0.0254397, 0.00132706, -0.00459339, 0.000718392, -0.00111572, 0.0153765, -0.0195515, 0.000718392, -0.00111572, 0.00636596, -0.0023443, 0.0170102, -0.00648138, 0.000718392, -0.00111572, -0.000262575, -0.000386196, 0.000366267, -0.00119476, 0.0159917, -0.00498828, 0.00138324, -0.000308488, ],[0.00138324, -0.000308488, 0.0159917, -0.00498828, 0.000718392, -0.00111572, -0.000262575, -0.000386196, 0.000366267, -0.00119476, 0.0153765, -0.0195515, 0.000366267, -0.00119476, 0.01315, -0.0258986, 0.0326933, -0.00836938, 0.000366267, -0.00119476, -0.000262575, -0.000386196, 0.000718392, -0.00111572, 0.0159917, -0.00498828, 0.0170102, -0.00648138, 0.386429, -0.263185, 0.0170102, -0.00648138, 0.000366267, -0.00119476, 0.0326933, -0.00836938, 0.01315, -0.0258986, 0.0348723, -0.0108822, 0.000718392, -0.00111572, 0.00132706, -0.00459339, 0.00636596, -0.0023443, 0.0183704, -0.0254397, 0.116265, -0.104046, 0.00636596, -0.0023443, 0.0153765, -0.0195515, 0.01315, -0.0258986, 0.0215763, -0.027776, 0.01315, -0.0258986, 0.00138324, -0.000308488, 0.0159917, -0.00498828, 0.00636596, -0.0023443, 0.0170102, -0.00648138, 0.000366267, -0.00119476, 0.0170102, -0.00648138, 0.0183704, -0.0254397, 0.0170102, -0.00648138, 0.116265, -0.104046, 0.386429, -0.263185, 0.0159917, -0.00498828, 0.01315, -0.0258986, 0.0348723, -0.0108822, 0.01315, -0.0258986, 0.0326933, -0.00836938, 0.0159917, -0.00498828, 0.386429, -0.263185, 0.116265, -0.104046, 0.386429, -0.263185, 0.0326933, -0.00836938, 0.000718392, -0.00111572, 0.0170102, -0.00648138, 0.00636596, -0.0023443, 0.0159917, -0.00498828, 0.000366267, -0.00119476, -0.000262575, -0.000386196, 0.00636596, -0.0023443, 0.00132706, -0.00459339, 0.000718392, -0.00111572, 0.00636596, -0.0023443, 0.0159917, -0.00498828, 0.00138324, -0.000308488, 0.0215763, -0.027776, 0.01315, -0.0258986, 0.0153765, -0.0195515, 0.000366267, -0.00119476, 0.00636596, -0.0023443, 0.116265, -0.104046, 0.0183704, -0.0254397, 0.0170102, -0.00648138, 0.01315, -0.0258986, 0.00132706, -0.00459339, 0.0183704, -0.0254397, 0.00132706, -0.00459339, 0.000718392, -0.00111572, 0.0153765, -0.0195515, 0.000718392, -0.00111572, 0.00636596, -0.0023443, 0.0170102, -0.00648138, 0.000718392, -0.00111572, -0.000262575, -0.000386196, 0.000366267, -0.00119476, 0.0159917, -0.00498828, 0.00138324, -0.000308488, ],]
##############################################################################
clock_duration  =         1842.75
tau =                     0.548632
total_steps =             32
time_step =               0.0171448
best_mc_result =          0.026169
best_mc_result_non_secondary =          0.0274869
evolved_target_dot_squared =  0.973831
distance =          0.470278
j_protocol =  [[0, 0, 0, 0, 0, 0, 0, 1, 1, 0, 0, 0, 0, 1, 1, 1, 1, 0, 0, 0, 0, 0, 0, 0, 0, 0, 0, 0, 0, 1, 1, 1, ],[0, 0, 0, 0, 0, 0, 0, 0, 1, 1, 1, 1, 0, 0, 1, 1, 0, 0, 0, 0, 0, 0, 0, 0, 0, 0, 0, 0, 1, 1, 1, 1, ],]
k_protocol =  [[1, 1, 1, 1, 1, 1, 1, 0, 1, 1, 1, 1, 1, 1, 1, 1, 1, 1, 1, 1, 1, 1, 1, 1, 1, 1, 1, 1, 1, 1, 1, 1, ],[1, 1, 1, 1, 1, 1, 1, 1, 1, 1, 1, 1, 1, 1, 1, 1, 1, 1, 1, 1, 1, 1, 1, 1, 1, 1, 1, 1, 1, 1, 1, 1, ],]
j_protocol_secondary =  [0.122289, 0.158911, 0.159151, 0.177225, 0.215921, 0.222477, 0.222477, 0.26719, 0.406633, 0.406633, 0.445545, 0.445545, 0.48254, 0.48364, 0.490664, 0.548632, ]
k_protocol_secondary =  [0, 0.0079207, 0.0079207, 0.137158, 0.137158, 0.293717, 0.293717, 0.427809, 0.427809, 0.452937, 0.452937, 0.486276, 0.486276, 0.51218, 0.51218, 0.541759, ]
best_evolved_state = [3.97654e-05, 0.000559735, 0.0133751, 0.00999368, 0.00109248, 0.00103333, -0.000513152, 5.73586e-05, 0.00100329, 0.00255182, 0.0246649, -0.00554148, 0.00100329, 0.00255182, 0.0205157, -0.00787157, 0.0272359, 0.0206333, 0.00100329, 0.00255182, -0.000513152, 5.73586e-05, 0.00109248, 0.00103333, 0.0133751, 0.00999368, 0.0148492, 0.00941643, 0.451448, 0.134413, 0.0148492, 0.00941643, 0.00100329, 0.00255182, 0.0272359, 0.0206333, 0.0205157, -0.00787157, 0.0306043, 0.0193367, 0.00109248, 0.00103333, 0.00246262, -0.00180041, 0.00611147, 0.00278318, 0.0261457, -0.0045868, 0.147791, 0.014599, 0.00611147, 0.00278318, 0.0246649, -0.00554148, 0.0205157, -0.00787157, 0.0350481, -0.0077912, 0.0205157, -0.00787157, 3.97654e-05, 0.000559735, 0.0133751, 0.00999368, 0.00611147, 0.00278318, 0.0148492, 0.00941643, 0.00100329, 0.00255182, 0.0148492, 0.00941643, 0.0261457, -0.0045868, 0.0148492, 0.00941643, 0.147791, 0.014599, 0.451448, 0.134413, 0.0133751, 0.00999368, 0.0205157, -0.00787157, 0.0306043, 0.0193367, 0.0205157, -0.00787157, 0.0272359, 0.0206333, 0.0133751, 0.00999368, 0.451448, 0.134413, 0.147791, 0.014599, 0.451448, 0.134413, 0.0272359, 0.0206333, 0.00109248, 0.00103333, 0.0148492, 0.00941643, 0.00611147, 0.00278318, 0.0133751, 0.00999368, 0.00100329, 0.00255182, -0.000513152, 5.73586e-05, 0.00611147, 0.00278318, 0.00246262, -0.00180041, 0.00109248, 0.00103333, 0.00611147, 0.00278318, 0.0133751, 0.00999368, 3.97654e-05, 0.000559735, 0.0350481, -0.0077912, 0.0205157, -0.00787157, 0.0246649, -0.00554148, 0.00100329, 0.00255182, 0.00611147, 0.00278318, 0.147791, 0.014599, 0.0261457, -0.0045868, 0.0148492, 0.00941643, 0.0205157, -0.00787157, 0.00246262, -0.00180041, 0.0261457, -0.0045868, 0.00246262, -0.00180041, 0.00109248, 0.00103333, 0.0246649, -0.00554148, 0.00109248, 0.00103333, 0.00611147, 0.00278318, 0.0148492, 0.00941643, 0.00109248, 0.00103333, -0.000513152, 5.73586e-05, 0.00100329, 0.00255182, 0.0133751, 0.00999368, 3.97654e-05, 0.000559735, ]
best_mc_result_fixed_tau =   [0.0274869, 0.0276122, ]
evolved_state_fixed_tau =   [[0.000438711, 0.000205638, 0.0143442, 0.00901137, 0.00074713, 0.000767452, -0.000533982, -7.68953e-05, 0.000230333, 0.00215682, 0.0244037, -0.00791476, 0.000230333, 0.00215682, 0.0189112, -0.0119895, 0.0294887, 0.0188921, 0.000230333, 0.00215682, -0.000533982, -7.68953e-05, 0.00074713, 0.000767452, 0.0143442, 0.00901137, 0.0157539, 0.00819985, 0.46014, 0.0998982, 0.0157539, 0.00819985, 0.000230333, 0.00215682, 0.0294887, 0.0188921, 0.0189112, -0.0119895, 0.0327697, 0.0173313, 0.00074713, 0.000767452, 0.002019, -0.00249236, 0.00658813, 0.00218496, 0.0250986, -0.00877006, 0.148414, -0.00172646, 0.00658813, 0.00218496, 0.0244037, -0.00791476, 0.0189112, -0.0119895, 0.0344947, -0.0111003, 0.0189112, -0.0119895, 0.000438711, 0.000205638, 0.0143442, 0.00901137, 0.00658813, 0.00218496, 0.0157539, 0.00819985, 0.000230333, 0.00215682, 0.0157539, 0.00819985, 0.0250986, -0.00877006, 0.0157539, 0.00819985, 0.148414, -0.00172646, 0.46014, 0.0998982, 0.0143442, 0.00901137, 0.0189112, -0.0119895, 0.0327697, 0.0173313, 0.0189112, -0.0119895, 0.0294887, 0.0188921, 0.0143442, 0.00901137, 0.46014, 0.0998982, 0.148414, -0.00172646, 0.46014, 0.0998982, 0.0294887, 0.0188921, 0.00074713, 0.000767452, 0.0157539, 0.00819985, 0.00658813, 0.00218496, 0.0143442, 0.00901137, 0.000230333, 0.00215682, -0.000533982, -7.68953e-05, 0.00658813, 0.00218496, 0.002019, -0.00249236, 0.00074713, 0.000767452, 0.00658813, 0.00218496, 0.0143442, 0.00901137, 0.000438711, 0.000205638, 0.0344947, -0.0111003, 0.0189112, -0.0119895, 0.0244037, -0.00791476, 0.000230333, 0.00215682, 0.00658813, 0.00218496, 0.148414, -0.00172646, 0.0250986, -0.00877006, 0.0157539, 0.00819985, 0.0189112, -0.0119895, 0.002019, -0.00249236, 0.0250986, -0.00877006, 0.002019, -0.00249236, 0.00074713, 0.000767452, 0.0244037, -0.00791476, 0.00074713, 0.000767452, 0.00658813, 0.00218496, 0.0157539, 0.00819985, 0.00074713, 0.000767452, -0.000533982, -7.68953e-05, 0.000230333, 0.00215682, 0.0143442, 0.00901137, 0.000438711, 0.000205638, ],[0.000438711, 0.000205638, 0.0143442, 0.00901137, 0.00074713, 0.000767452, -0.000533982, -7.68953e-05, 0.000230333, 0.00215682, 0.0244037, -0.00791476, 0.000230333, 0.00215682, 0.0189112, -0.0119895, 0.0294887, 0.0188921, 0.000230333, 0.00215682, -0.000533982, -7.68953e-05, 0.00074713, 0.000767452, 0.0143442, 0.00901137, 0.0157539, 0.00819985, 0.46014, 0.0998982, 0.0157539, 0.00819985, 0.000230333, 0.00215682, 0.0294887, 0.0188921, 0.0189112, -0.0119895, 0.0327697, 0.0173313, 0.00074713, 0.000767452, 0.002019, -0.00249236, 0.00658813, 0.00218496, 0.0250986, -0.00877006, 0.148414, -0.00172646, 0.00658813, 0.00218496, 0.0244037, -0.00791476, 0.0189112, -0.0119895, 0.0344947, -0.0111003, 0.0189112, -0.0119895, 0.000438711, 0.000205638, 0.0143442, 0.00901137, 0.00658813, 0.00218496, 0.0157539, 0.00819985, 0.000230333, 0.00215682, 0.0157539, 0.00819985, 0.0250986, -0.00877006, 0.0157539, 0.00819985, 0.148414, -0.00172646, 0.46014, 0.0998982, 0.0143442, 0.00901137, 0.0189112, -0.0119895, 0.0327697, 0.0173313, 0.0189112, -0.0119895, 0.0294887, 0.0188921, 0.0143442, 0.00901137, 0.46014, 0.0998982, 0.148414, -0.00172646, 0.46014, 0.0998982, 0.0294887, 0.0188921, 0.00074713, 0.000767452, 0.0157539, 0.00819985, 0.00658813, 0.00218496, 0.0143442, 0.00901137, 0.000230333, 0.00215682, -0.000533982, -7.68953e-05, 0.00658813, 0.00218496, 0.002019, -0.00249236, 0.00074713, 0.000767452, 0.00658813, 0.00218496, 0.0143442, 0.00901137, 0.000438711, 0.000205638, 0.0344947, -0.0111003, 0.0189112, -0.0119895, 0.0244037, -0.00791476, 0.000230333, 0.00215682, 0.00658813, 0.00218496, 0.148414, -0.00172646, 0.0250986, -0.00877006, 0.0157539, 0.00819985, 0.0189112, -0.0119895, 0.002019, -0.00249236, 0.0250986, -0.00877006, 0.002019, -0.00249236, 0.00074713, 0.000767452, 0.0244037, -0.00791476, 0.00074713, 0.000767452, 0.00658813, 0.00218496, 0.0157539, 0.00819985, 0.00074713, 0.000767452, -0.000533982, -7.68953e-05, 0.000230333, 0.00215682, 0.0143442, 0.00901137, 0.000438711, 0.000205638, ],]
##############################################################################
clock_duration  =         2862.5
tau =                     0.768085
total_steps =             32
time_step =               0.0240027
best_mc_result =          0.0144703
best_mc_result_non_secondary =          0.0152899
evolved_target_dot_squared =  0.98553
distance =          0.260042
j_protocol =  [[0, 0, 0, 0, 0, 0, 0, 0, 1, 1, 1, 1, 1, 1, 0, 0, 0, 0, 0, 0, 0, 0, 0, 0, 0, 0, 0, 0, 1, 1, 1, 1, ],[0, 0, 0, 0, 0, 0, 0, 0, 1, 1, 1, 1, 1, 1, 0, 0, 0, 0, 0, 0, 0, 0, 0, 0, 0, 0, 0, 0, 1, 1, 1, 1, ],]
k_protocol =  [[1, 1, 1, 1, 1, 1, 1, 1, 1, 1, 1, 1, 1, 1, 1, 1, 1, 1, 1, 1, 1, 1, 1, 1, 1, 1, 1, 1, 1, 1, 1, 1, ],[1, 1, 1, 1, 1, 1, 1, 1, 1, 1, 1, 1, 1, 1, 1, 1, 1, 1, 1, 1, 1, 1, 1, 1, 1, 1, 1, 1, 1, 1, 1, 1, ],]
j_protocol_secondary =  [0.0489176, 0.0489176, 0.199011, 0.214767, 0.218799, 0.311737, 0.31292, 0.338383, 0.355787, 0.357171, 0.382191, 0.39023, 0.598608, 0.598608, 0.682298, 0.768085, ]
k_protocol_secondary =  [0, 0.0497271, 0.0497271, 0.0955947, 0.0955947, 0.186032, 0.186032, 0.191371, 0.191371, 0.313165, 0.313165, 0.496914, 0.496914, 0.69236, 0.69236, 0.75824, ]
best_evolved_state = [-0.00362364, 0.00157174, -0.00613232, 0.0161802, -0.00100254, 0.0055385, -0.00276199, 0.00124297, -0.00208126, 0.011982, 0.0193045, 0.0135479, -0.00208126, 0.011982, -0.00358615, 0.0111081, -0.00902122, 0.0308566, -0.00208126, 0.011982, -0.00276199, 0.00124297, -0.00100254, 0.0055385, -0.00613232, 0.0161802, -0.00532756, 0.0162438, -0.020289, 0.478189, -0.00532756, 0.0162438, -0.00208126, 0.011982, -0.00902122, 0.0308566, -0.00358615, 0.0111081, -0.00416344, 0.0290436, -0.00100254, 0.0055385, -0.0016339, 0.00163105, 0.000789255, 0.00498164, 0.00309484, 0.016862, 0.0207227, 0.125135, 0.000789255, 0.00498164, 0.0193045, 0.0135479, -0.00358615, 0.0111081, 0.0293678, 0.0197201, -0.00358615, 0.0111081, -0.00362364, 0.00157174, -0.00613232, 0.0161802, 0.000789255, 0.00498164, -0.00532756, 0.0162438, -0.00208126, 0.011982, -0.00532756, 0.0162438, 0.00309484, 0.016862, -0.00532756, 0.0162438, 0.0207227, 0.125135, -0.020289, 0.478189, -0.00613232, 0.0161802, -0.00358615, 0.0111081, -0.00416344, 0.0290436, -0.00358615, 0.0111081, -0.00902122, 0.0308566, -0.00613232, 0.0161802, -0.020289, 0.478189, 0.0207227, 0.125135, -0.020289, 0.478189, -0.00902122, 0.0308566, -0.00100254, 0.0055385, -0.00532756, 0.0162438, 0.000789255, 0.00498164, -0.00613232, 0.0161802, -0.00208126, 0.011982, -0.00276199, 0.00124297, 0.000789255, 0.00498164, -0.0016339, 0.00163105, -0.00100254, 0.0055385, 0.000789255, 0.00498164, -0.00613232, 0.0161802, -0.00362364, 0.00157174, 0.0293678, 0.0197201, -0.00358615, 0.0111081, 0.0193045, 0.0135479, -0.00208126, 0.011982, 0.000789255, 0.00498164, 0.0207227, 0.125135, 0.00309484, 0.016862, -0.00532756, 0.0162438, -0.00358615, 0.0111081, -0.0016339, 0.00163105, 0.00309484, 0.016862, -0.0016339, 0.00163105, -0.00100254, 0.0055385, 0.0193045, 0.0135479, -0.00100254, 0.0055385, 0.000789255, 0.00498164, -0.00532756, 0.0162438, -0.00100254, 0.0055385, -0.00276199, 0.00124297, -0.00208126, 0.011982, -0.00613232, 0.0161802, -0.00362364, 0.00157174, ]
best_mc_result_fixed_tau =   [0.0152899, 0.0152899, ]
evolved_state_fixed_tau =   [[-0.00374384, 0.00201027, -0.00926976, 0.0135682, -0.000460752, 0.00528635, -0.00266942, 0.0016218, -0.000610631, 0.0113675, 0.0168954, 0.0150967, -0.000610631, 0.0113675, -0.00357966, 0.0136159, -0.0156105, 0.0256044, -0.000610631, 0.0113675, -0.00266942, 0.0016218, -0.000460752, 0.00528635, -0.00926976, 0.0135682, -0.00863646, 0.0138069, -0.0539381, 0.475307, -0.00863646, 0.0138069, -0.000610631, 0.0113675, -0.0156105, 0.0256044, -0.00357966, 0.0136159, -0.011218, 0.0238519, -0.000460752, 0.00528635, -0.0016624, 0.00200947, -0.000707875, 0.00445711, 0.00120556, 0.0186965, 0.00669057, 0.128734, -0.000707875, 0.00445711, 0.0168954, 0.0150967, -0.00357966, 0.0136159, 0.0264881, 0.021758, -0.00357966, 0.0136159, -0.00374384, 0.00201027, -0.00926976, 0.0135682, -0.000707875, 0.00445711, -0.00863646, 0.0138069, -0.000610631, 0.0113675, -0.00863646, 0.0138069, 0.00120556, 0.0186965, -0.00863646, 0.0138069, 0.00669057, 0.128734, -0.0539381, 0.475307, -0.00926976, 0.0135682, -0.00357966, 0.0136159, -0.011218, 0.0238519, -0.00357966, 0.0136159, -0.0156105, 0.0256044, -0.00926976, 0.0135682, -0.0539381, 0.475307, 0.00669057, 0.128734, -0.0539381, 0.475307, -0.0156105, 0.0256044, -0.000460752, 0.00528635, -0.00863646, 0.0138069, -0.000707875, 0.00445711, -0.00926976, 0.0135682, -0.000610631, 0.0113675, -0.00266942, 0.0016218, -0.000707875, 0.00445711, -0.0016624, 0.00200947, -0.000460752, 0.00528635, -0.000707875, 0.00445711, -0.00926976, 0.0135682, -0.00374384, 0.00201027, 0.0264881, 0.021758, -0.00357966, 0.0136159, 0.0168954, 0.0150967, -0.000610631, 0.0113675, -0.000707875, 0.00445711, 0.00669057, 0.128734, 0.00120556, 0.0186965, -0.00863646, 0.0138069, -0.00357966, 0.0136159, -0.0016624, 0.00200947, 0.00120556, 0.0186965, -0.0016624, 0.00200947, -0.000460752, 0.00528635, 0.0168954, 0.0150967, -0.000460752, 0.00528635, -0.000707875, 0.00445711, -0.00863646, 0.0138069, -0.000460752, 0.00528635, -0.00266942, 0.0016218, -0.000610631, 0.0113675, -0.00926976, 0.0135682, -0.00374384, 0.00201027, ],[-0.00374384, 0.00201027, -0.00926976, 0.0135682, -0.000460752, 0.00528635, -0.00266942, 0.0016218, -0.000610631, 0.0113675, 0.0168954, 0.0150967, -0.000610631, 0.0113675, -0.00357966, 0.0136159, -0.0156105, 0.0256044, -0.000610631, 0.0113675, -0.00266942, 0.0016218, -0.000460752, 0.00528635, -0.00926976, 0.0135682, -0.00863646, 0.0138069, -0.0539381, 0.475307, -0.00863646, 0.0138069, -0.000610631, 0.0113675, -0.0156105, 0.0256044, -0.00357966, 0.0136159, -0.011218, 0.0238519, -0.000460752, 0.00528635, -0.0016624, 0.00200947, -0.000707875, 0.00445711, 0.00120556, 0.0186965, 0.00669057, 0.128734, -0.000707875, 0.00445711, 0.0168954, 0.0150967, -0.00357966, 0.0136159, 0.0264881, 0.021758, -0.00357966, 0.0136159, -0.00374384, 0.00201027, -0.00926976, 0.0135682, -0.000707875, 0.00445711, -0.00863646, 0.0138069, -0.000610631, 0.0113675, -0.00863646, 0.0138069, 0.00120556, 0.0186965, -0.00863646, 0.0138069, 0.00669057, 0.128734, -0.0539381, 0.475307, -0.00926976, 0.0135682, -0.00357966, 0.0136159, -0.011218, 0.0238519, -0.00357966, 0.0136159, -0.0156105, 0.0256044, -0.00926976, 0.0135682, -0.0539381, 0.475307, 0.00669057, 0.128734, -0.0539381, 0.475307, -0.0156105, 0.0256044, -0.000460752, 0.00528635, -0.00863646, 0.0138069, -0.000707875, 0.00445711, -0.00926976, 0.0135682, -0.000610631, 0.0113675, -0.00266942, 0.0016218, -0.000707875, 0.00445711, -0.0016624, 0.00200947, -0.000460752, 0.00528635, -0.000707875, 0.00445711, -0.00926976, 0.0135682, -0.00374384, 0.00201027, 0.0264881, 0.021758, -0.00357966, 0.0136159, 0.0168954, 0.0150967, -0.000610631, 0.0113675, -0.000707875, 0.00445711, 0.00669057, 0.128734, 0.00120556, 0.0186965, -0.00863646, 0.0138069, -0.00357966, 0.0136159, -0.0016624, 0.00200947, 0.00120556, 0.0186965, -0.0016624, 0.00200947, -0.000460752, 0.00528635, 0.0168954, 0.0150967, -0.000460752, 0.00528635, -0.000707875, 0.00445711, -0.00863646, 0.0138069, -0.000460752, 0.00528635, -0.00266942, 0.0016218, -0.000610631, 0.0113675, -0.00926976, 0.0135682, -0.00374384, 0.00201027, ],]
##############################################################################
clock_duration  =         3926.66
tau =                     0.921702
total_steps =             32
time_step =               0.0288032
best_mc_result =          0.0104393
best_mc_result_non_secondary =          0.0117087
evolved_target_dot_squared =  0.989561
distance =          0.187602
j_protocol =  [[0, 0, 0, 0, 0, 0, 1, 1, 0, 1, 0, 0, 0, 1, 0, 1, 1, 0, 0, 0, 0, 1, 0, 0, 0, 0, 0, 0, 0, 1, 1, 1, ],[0, 0, 0, 1, 0, 0, 0, 0, 0, 1, 1, 0, 0, 0, 0, 1, 1, 1, 0, 0, 0, 0, 0, 0, 0, 0, 0, 0, 1, 0, 1, 1, ],]
k_protocol =  [[1, 1, 1, 1, 1, 1, 1, 1, 1, 1, 1, 1, 1, 1, 1, 1, 1, 1, 1, 1, 1, 1, 1, 1, 1, 1, 1, 1, 1, 1, 1, 0, ],[1, 1, 1, 1, 1, 1, 1, 1, 1, 0, 1, 1, 1, 1, 1, 1, 1, 1, 1, 1, 1, 1, 1, 1, 1, 1, 1, 1, 1, 1, 1, 1, ],]
j_protocol_secondary =  [0.0944955, 0.119293, 0.123777, 0.127594, 0.249666, 0.318204, 0.433048, 0.494243, 0.494825, 0.519065, 0.584324, 0.58473, 0.807415, 0.837094, 0.861013, 0.921702, ]
k_protocol_secondary =  [0, 0.259229, 0.259229, 0.335407, 0.335407, 0.339543, 0.339543, 0.434454, 0.434454, 0.524133, 0.524133, 0.541398, 0.541398, 0.902605, 0.902605, 0.912496, ]
best_evolved_state = [-0.00338881, 0.000283294, -0.0165773, 0.00492964, -0.00421125, 0.00445699, -0.0032943, 0.000401846, -0.00832386, 0.00998176, 0.00535023, 0.0210556, -0.00832386, 0.00998176, -0.0179391, 0.000698305, -0.0285305, 0.00975628, -0.00832386, 0.00998176, -0.0032943, 0.000401846, -0.00421125, 0.00445699, -0.0165773, 0.00492964, -0.0160931, 0.00484134, -0.412683, 0.250998, -0.0160931, 0.00484134, -0.00832386, 0.00998176, -0.0285305, 0.00975628, -0.0179391, 0.000698305, -0.0227383, 0.00901185, -0.00421125, 0.00445699, -0.00365579, -7.35935e-05, -0.00244872, 0.00281598, -0.0127718, 0.0084573, -0.079721, 0.0747242, -0.00244872, 0.00281598, 0.00535023, 0.0210556, -0.0179391, 0.000698305, 0.00880978, 0.0321092, -0.0179391, 0.000698305, -0.00338881, 0.000283294, -0.0165773, 0.00492964, -0.00244872, 0.00281598, -0.0160931, 0.00484134, -0.00832386, 0.00998176, -0.0160931, 0.00484134, -0.0127718, 0.0084573, -0.0160931, 0.00484134, -0.079721, 0.0747242, -0.412683, 0.250998, -0.0165773, 0.00492964, -0.0179391, 0.000698305, -0.0227383, 0.00901185, -0.0179391, 0.000698305, -0.0285305, 0.00975628, -0.0165773, 0.00492964, -0.412683, 0.250998, -0.079721, 0.0747242, -0.412683, 0.250998, -0.0285305, 0.00975628, -0.00421125, 0.00445699, -0.0160931, 0.00484134, -0.00244872, 0.00281598, -0.0165773, 0.00492964, -0.00832386, 0.00998176, -0.0032943, 0.000401846, -0.00244872, 0.00281598, -0.00365579, -7.35935e-05, -0.00421125, 0.00445699, -0.00244872, 0.00281598, -0.0165773, 0.00492964, -0.00338881, 0.000283294, 0.00880978, 0.0321092, -0.0179391, 0.000698305, 0.00535023, 0.0210556, -0.00832386, 0.00998176, -0.00244872, 0.00281598, -0.079721, 0.0747242, -0.0127718, 0.0084573, -0.0160931, 0.00484134, -0.0179391, 0.000698305, -0.00365579, -7.35935e-05, -0.0127718, 0.0084573, -0.00365579, -7.35935e-05, -0.00421125, 0.00445699, 0.00535023, 0.0210556, -0.00421125, 0.00445699, -0.00244872, 0.00281598, -0.0160931, 0.00484134, -0.00421125, 0.00445699, -0.0032943, 0.000401846, -0.00832386, 0.00998176, -0.0165773, 0.00492964, -0.00338881, 0.000283294, ]
best_mc_result_fixed_tau =   [0.0120966, 0.0117087, ]
evolved_state_fixed_tau =   [[-0.00299403, 0.000617461, -0.0164176, 0.00746166, -0.00413253, 0.00581342, -0.00422081, 0.00126949, -0.00783681, 0.0132689, 0.00534314, 0.0168671, -0.00783681, 0.0132689, -0.0272913, 0.00398297, -0.0270499, 0.0132517, -0.00783681, 0.0132689, -0.00422081, 0.00126949, -0.00413253, 0.00581342, -0.0164176, 0.00746166, -0.0161998, 0.00688087, -0.386949, 0.285477, -0.0161998, 0.00688087, -0.00783681, 0.0132689, -0.0270499, 0.0132517, -0.0272913, 0.00398297, -0.0210042, 0.0102139, -0.00413253, 0.00581342, -0.00534961, 0.000510016, -0.00215482, 0.00285659, -0.0182905, 0.00929829, -0.0867678, 0.0740692, -0.00215482, 0.00285659, 0.00534314, 0.0168671, -0.0272913, 0.00398297, 0.0093503, 0.0264344, -0.0272913, 0.00398297, -0.00299403, 0.000617461, -0.0164176, 0.00746166, -0.00215482, 0.00285659, -0.0161998, 0.00688087, -0.00783681, 0.0132689, -0.0161998, 0.00688087, -0.0182905, 0.00929829, -0.0161998, 0.00688087, -0.0867678, 0.0740692, -0.386949, 0.285477, -0.0164176, 0.00746166, -0.0272913, 0.00398297, -0.0210042, 0.0102139, -0.0272913, 0.00398297, -0.0270499, 0.0132517, -0.0164176, 0.00746166, -0.386949, 0.285477, -0.0867678, 0.0740692, -0.386949, 0.285477, -0.0270499, 0.0132517, -0.00413253, 0.00581342, -0.0161998, 0.00688087, -0.00215482, 0.00285659, -0.0164176, 0.00746166, -0.00783681, 0.0132689, -0.00422081, 0.00126949, -0.00215482, 0.00285659, -0.00534961, 0.000510016, -0.00413253, 0.00581342, -0.00215482, 0.00285659, -0.0164176, 0.00746166, -0.00299403, 0.000617461, 0.0093503, 0.0264344, -0.0272913, 0.00398297, 0.00534314, 0.0168671, -0.00783681, 0.0132689, -0.00215482, 0.00285659, -0.0867678, 0.0740692, -0.0182905, 0.00929829, -0.0161998, 0.00688087, -0.0272913, 0.00398297, -0.00534961, 0.000510016, -0.0182905, 0.00929829, -0.00534961, 0.000510016, -0.00413253, 0.00581342, 0.00534314, 0.0168671, -0.00413253, 0.00581342, -0.00215482, 0.00285659, -0.0161998, 0.00688087, -0.00413253, 0.00581342, -0.00422081, 0.00126949, -0.00783681, 0.0132689, -0.0164176, 0.00746166, -0.00299403, 0.000617461, ],[-0.00332235, 0.000454391, -0.0163566, 0.0068018, -0.00351665, 0.0040439, -0.00268799, 0.000387206, -0.00703577, 0.00878888, 0.00738737, 0.0221581, -0.00703577, 0.00878888, -0.0119648, 0.00303113, -0.0288904, 0.013684, -0.00703577, 0.00878888, -0.00268799, 0.000387206, -0.00351665, 0.0040439, -0.0163566, 0.0068018, -0.0157862, 0.00694704, -0.375853, 0.302476, -0.0157862, 0.00694704, -0.00703577, 0.00878888, -0.0288904, 0.013684, -0.0119648, 0.00303113, -0.0237369, 0.0135501, -0.00351665, 0.0040439, -0.00268202, 0.000210055, -0.00236664, 0.00355776, -0.00832262, 0.0110572, -0.0647262, 0.0916647, -0.00236664, 0.00355776, 0.00738737, 0.0221581, -0.0119648, 0.00303113, 0.0114709, 0.0332368, -0.0119648, 0.00303113, -0.00332235, 0.000454391, -0.0163566, 0.0068018, -0.00236664, 0.00355776, -0.0157862, 0.00694704, -0.00703577, 0.00878888, -0.0157862, 0.00694704, -0.00832262, 0.0110572, -0.0157862, 0.00694704, -0.0647262, 0.0916647, -0.375853, 0.302476, -0.0163566, 0.0068018, -0.0119648, 0.00303113, -0.0237369, 0.0135501, -0.0119648, 0.00303113, -0.0288904, 0.013684, -0.0163566, 0.0068018, -0.375853, 0.302476, -0.0647262, 0.0916647, -0.375853, 0.302476, -0.0288904, 0.013684, -0.00351665, 0.0040439, -0.0157862, 0.00694704, -0.00236664, 0.00355776, -0.0163566, 0.0068018, -0.00703577, 0.00878888, -0.00268799, 0.000387206, -0.00236664, 0.00355776, -0.00268202, 0.000210055, -0.00351665, 0.0040439, -0.00236664, 0.00355776, -0.0163566, 0.0068018, -0.00332235, 0.000454391, 0.0114709, 0.0332368, -0.0119648, 0.00303113, 0.00738737, 0.0221581, -0.00703577, 0.00878888, -0.00236664, 0.00355776, -0.0647262, 0.0916647, -0.00832262, 0.0110572, -0.0157862, 0.00694704, -0.0119648, 0.00303113, -0.00268202, 0.000210055, -0.00832262, 0.0110572, -0.00268202, 0.000210055, -0.00351665, 0.0040439, 0.00738737, 0.0221581, -0.00351665, 0.0040439, -0.00236664, 0.00355776, -0.0157862, 0.00694704, -0.00351665, 0.0040439, -0.00268799, 0.000387206, -0.00703577, 0.00878888, -0.0163566, 0.0068018, -0.00332235, 0.000454391, ],]
##############################################################################
clock_duration  =         6764.38
tau =                     0.944745
total_steps =             32
time_step =               0.0316835
best_mc_result =          0.00995649
best_mc_result_non_secondary =          0
evolved_target_dot_squared =  0.990044
distance =          0.178926
j_protocol =  [[0, 0, 0, 0, 0, 0, 0, 0, 0, 0, 0, 0, 0, 0, 0, 0, 0, 0, 0, 0, 0, 0, 0, 0, 0, 0, 0, 0, 0, 0, 0, 0, ],[0, 0, 0, 0, 0, 0, 0, 0, 0, 0, 0, 0, 0, 0, 0, 0, 0, 0, 0, 0, 0, 0, 0, 0, 0, 0, 0, 0, 0, 0, 0, 0, ],]
k_protocol =  [[0, 0, 0, 0, 0, 0, 0, 0, 0, 0, 0, 0, 0, 0, 0, 0, 0, 0, 0, 0, 0, 0, 0, 0, 0, 0, 0, 0, 0, 0, 0, 0, ],[0, 0, 0, 0, 0, 0, 0, 0, 0, 0, 0, 0, 0, 0, 0, 0, 0, 0, 0, 0, 0, 0, 0, 0, 0, 0, 0, 0, 0, 0, 0, 0, ],]
j_protocol_secondary =  [0.102972, 0.121854, 0.123573, 0.123942, 0.201515, 0.238479, 0.301681, 0.355295, 0.410275, 0.450261, 0.611721, 0.654669, 0.686721, 0.700161, 0.873645, 0.944745, ]
k_protocol_secondary =  [0, 0.128802, 0.128802, 0.213815, 0.213815, 0.377561, 0.377561, 0.531762, 0.531762, 0.563176, 0.563176, 0.644812, 0.644812, 0.915222, 0.915222, 0.933631, ]
best_evolved_state = [-0.00262382, 0.000990154, -0.0177019, 0.00318949, -0.00371811, 0.00425928, -0.00317514, 0.00100104, -0.00703934, 0.00960354, 0.00304776, 0.0206471, -0.00703934, 0.00960354, -0.0196191, -0.000768982, -0.03054, 0.00589174, -0.00703934, 0.00960354, -0.00317514, 0.00100104, -0.00371811, 0.00425928, -0.0177019, 0.00318949, -0.0172283, 0.00293143, -0.444213, 0.190639, -0.0172283, 0.00293143, -0.00703934, 0.00960354, -0.03054, 0.00589174, -0.0196191, -0.000768982, -0.0247906, 0.00445624, -0.00371811, 0.00425928, -0.00391647, -2.88882e-05, -0.00276441, 0.00242464, -0.0140865, 0.0068777, -0.0868727, 0.062228, -0.00276441, 0.00242464, 0.00304776, 0.0206471, -0.0196191, -0.000768982, 0.00528382, 0.0314412, -0.0196191, -0.000768982, -0.00262382, 0.000990154, -0.0177019, 0.00318949, -0.00276441, 0.00242464, -0.0172283, 0.00293143, -0.00703934, 0.00960354, -0.0172283, 0.00293143, -0.0140865, 0.0068777, -0.0172283, 0.00293143, -0.0868727, 0.062228, -0.444213, 0.190639, -0.0177019, 0.00318949, -0.0196191, -0.000768982, -0.0247906, 0.00445624, -0.0196191, -0.000768982, -0.03054, 0.00589174, -0.0177019, 0.00318949, -0.444213, 0.190639, -0.0868727, 0.062228, -0.444213, 0.190639, -0.03054, 0.00589174, -0.00371811, 0.00425928, -0.0172283, 0.00293143, -0.00276441, 0.00242464, -0.0177019, 0.00318949, -0.00703934, 0.00960354, -0.00317514, 0.00100104, -0.00276441, 0.00242464, -0.00391647, -2.88882e-05, -0.00371811, 0.00425928, -0.00276441, 0.00242464, -0.0177019, 0.00318949, -0.00262382, 0.000990154, 0.00528382, 0.0314412, -0.0196191, -0.000768982, 0.00304776, 0.0206471, -0.00703934, 0.00960354, -0.00276441, 0.00242464, -0.0868727, 0.062228, -0.0140865, 0.0068777, -0.0172283, 0.00293143, -0.0196191, -0.000768982, -0.00391647, -2.88882e-05, -0.0140865, 0.0068777, -0.00391647, -2.88882e-05, -0.00371811, 0.00425928, 0.00304776, 0.0206471, -0.00371811, 0.00425928, -0.00276441, 0.00242464, -0.0172283, 0.00293143, -0.00371811, 0.00425928, -0.00317514, 0.00100104, -0.00703934, 0.00960354, -0.0177019, 0.00318949, -0.00262382, 0.000990154, ]
best_mc_result_fixed_tau =   [0.0104378, 0.010263, ]
evolved_state_fixed_tau =   [[-0.0031754, 0.00091275, -0.0186462, 0.00170267, -0.00493416, 0.00461094, -0.00366122, 0.000673481, -0.0096385, 0.010467, 0.00136473, 0.0208219, -0.0096385, 0.010467, -0.0210803, -0.00762977, -0.0318971, 0.00377671, -0.0096385, 0.010467, -0.00366122, 0.000673481, -0.00493416, 0.00461094, -0.0186462, 0.00170267, -0.0180975, 0.00136303, -0.47978, 0.0617912, -0.0180975, 0.00136303, -0.0096385, 0.010467, -0.0318971, 0.00377671, -0.0210803, -0.00762977, -0.025025, 0.00269779, -0.00493416, 0.00461094, -0.00429797, -0.00105064, -0.00271082, 0.00229956, -0.0156946, 0.00184805, -0.0964629, 0.034501, -0.00271082, 0.00229956, 0.00136473, 0.0208219, -0.0210803, -0.00762977, 0.00277109, 0.0325378, -0.0210803, -0.00762977, -0.0031754, 0.00091275, -0.0186462, 0.00170267, -0.00271082, 0.00229956, -0.0180975, 0.00136303, -0.0096385, 0.010467, -0.0180975, 0.00136303, -0.0156946, 0.00184805, -0.0180975, 0.00136303, -0.0964629, 0.034501, -0.47978, 0.0617912, -0.0186462, 0.00170267, -0.0210803, -0.00762977, -0.025025, 0.00269779, -0.0210803, -0.00762977, -0.0318971, 0.00377671, -0.0186462, 0.00170267, -0.47978, 0.0617912, -0.0964629, 0.034501, -0.47978, 0.0617912, -0.0318971, 0.00377671, -0.00493416, 0.00461094, -0.0180975, 0.00136303, -0.00271082, 0.00229956, -0.0186462, 0.00170267, -0.0096385, 0.010467, -0.00366122, 0.000673481, -0.00271082, 0.00229956, -0.00429797, -0.00105064, -0.00493416, 0.00461094, -0.00271082, 0.00229956, -0.0186462, 0.00170267, -0.0031754, 0.00091275, 0.00277109, 0.0325378, -0.0210803, -0.00762977, 0.00136473, 0.0208219, -0.0096385, 0.010467, -0.00271082, 0.00229956, -0.0964629, 0.034501, -0.0156946, 0.00184805, -0.0180975, 0.00136303, -0.0210803, -0.00762977, -0.00429797, -0.00105064, -0.0156946, 0.00184805, -0.00429797, -0.00105064, -0.00493416, 0.00461094, 0.00136473, 0.0208219, -0.00493416, 0.00461094, -0.00271082, 0.00229956, -0.0180975, 0.00136303, -0.00493416, 0.00461094, -0.00366122, 0.000673481, -0.0096385, 0.010467, -0.0186462, 0.00170267, -0.0031754, 0.00091275, ],[-0.00246635, 0.000890486, -0.0197476, 0.000225619, -0.00354879, 0.00336984, -0.00280064, 0.000873228, -0.00662256, 0.007592, -0.000108588, 0.0208895, -0.00662256, 0.007592, -0.0180142, -0.00151115, -0.0351345, 0.000472497, -0.00662256, 0.007592, -0.00280064, 0.000873228, -0.00354879, 0.00336984, -0.0197476, 0.000225619, -0.019379, 0.000118795, -0.462381, 0.137342, -0.019379, 0.000118795, -0.00662256, 0.007592, -0.0351345, 0.000472497, -0.0180142, -0.00151115, -0.0300269, -0.000303536, -0.00354879, 0.00336984, -0.00362347, -0.000234908, -0.00379807, 0.00200237, -0.0146183, 0.00600716, -0.0958095, 0.052795, -0.00379807, 0.00200237, -0.000108588, 0.0208895, -0.0180142, -0.00151115, 0.000468561, 0.0316513, -0.0180142, -0.00151115, -0.00246635, 0.000890486, -0.0197476, 0.000225619, -0.00379807, 0.00200237, -0.019379, 0.000118795, -0.00662256, 0.007592, -0.019379, 0.000118795, -0.0146183, 0.00600716, -0.019379, 0.000118795, -0.0958095, 0.052795, -0.462381, 0.137342, -0.0197476, 0.000225619, -0.0180142, -0.00151115, -0.0300269, -0.000303536, -0.0180142, -0.00151115, -0.0351345, 0.000472497, -0.0197476, 0.000225619, -0.462381, 0.137342, -0.0958095, 0.052795, -0.462381, 0.137342, -0.0351345, 0.000472497, -0.00354879, 0.00336984, -0.019379, 0.000118795, -0.00379807, 0.00200237, -0.0197476, 0.000225619, -0.00662256, 0.007592, -0.00280064, 0.000873228, -0.00379807, 0.00200237, -0.00362347, -0.000234908, -0.00354879, 0.00336984, -0.00379807, 0.00200237, -0.0197476, 0.000225619, -0.00246635, 0.000890486, 0.000468561, 0.0316513, -0.0180142, -0.00151115, -0.000108588, 0.0208895, -0.00662256, 0.007592, -0.00379807, 0.00200237, -0.0958095, 0.052795, -0.0146183, 0.00600716, -0.019379, 0.000118795, -0.0180142, -0.00151115, -0.00362347, -0.000234908, -0.0146183, 0.00600716, -0.00362347, -0.000234908, -0.00354879, 0.00336984, -0.000108588, 0.0208895, -0.00354879, 0.00336984, -0.00379807, 0.00200237, -0.019379, 0.000118795, -0.00354879, 0.00336984, -0.00280064, 0.000873228, -0.00662256, 0.007592, -0.0197476, 0.000225619, -0.00246635, 0.000890486, ],]
