START_PARAMETERS
MAX_STEPS_MCDB =               32
MIN_STEPS_MCDB =               4
STEPS_CRUNCH_MCDB =            1
SWEEPS_MCDB =                  110
TOTAL_STEP_CHANGES =                  6
MCBB_SECONDARY =                  1
SWEEPS_MCBB_SECONDARY =                  300
NUMBER_OF_BANGS =                  8
GROUND_E =                -4.9284
INITIAL_E =               -4.88441
j_initial =               0.808
k_initial =               0.5
b_initial =               0
j_target =                0.563
k_target =                0.5
b_target =                0
init_target_dot_squared = 0.983225
init_state = [0.0212744, 0, 0.0708898, 0, 0.0363785, 0, 0.0152392, 0, 0.0423807, 0, 0.10445, 0, 0.0423807, 0, 0.130253, 0, 0.11117, 0, 0.0423807, 0, 0.0152392, 0, 0.0363785, 0, 0.0708898, 0, 0.0838632, 0, 0.264326, 0, 0.0838632, 0, 0.0423807, 0, 0.11117, 0, 0.130253, 0, 0.133526, 0, 0.0363785, 0, 0.0565568, 0, 0.062662, 0, 0.12326, 0, 0.215563, 0, 0.062662, 0, 0.10445, 0, 0.130253, 0, 0.143274, 0, 0.130253, 0, 0.0212744, 0, 0.0708898, 0, 0.062662, 0, 0.0838632, 0, 0.0423807, 0, 0.0838632, 0, 0.12326, 0, 0.0838632, 0, 0.215563, 0, 0.264326, 0, 0.0708898, 0, 0.130253, 0, 0.133526, 0, 0.130253, 0, 0.11117, 0, 0.0708898, 0, 0.264326, 0, 0.215563, 0, 0.264326, 0, 0.11117, 0, 0.0363785, 0, 0.0838632, 0, 0.062662, 0, 0.0708898, 0, 0.0423807, 0, 0.0152392, 0, 0.062662, 0, 0.0565568, 0, 0.0363785, 0, 0.062662, 0, 0.0708898, 0, 0.0212744, 0, 0.143274, 0, 0.130253, 0, 0.10445, 0, 0.0423807, 0, 0.062662, 0, 0.215563, 0, 0.12326, 0, 0.0838632, 0, 0.130253, 0, 0.0565568, 0, 0.12326, 0, 0.0565568, 0, 0.0363785, 0, 0.10445, 0, 0.0363785, 0, 0.062662, 0, 0.0838632, 0, 0.0363785, 0, 0.0152392, 0, 0.0423807, 0, 0.0708898, 0, 0.0212744, 0, ]
target_state = [0.0154325, 0, 0.0627938, 0, 0.0266833, 0, 0.00961938, 0, 0.0325058, 0, 0.0917388, 0, 0.0325058, 0, 0.116055, 0, 0.104395, 0, 0.0325058, 0, 0.00961938, 0, 0.0266833, 0, 0.0627938, 0, 0.0737398, 0, 0.308368, 0, 0.0737398, 0, 0.0325058, 0, 0.104395, 0, 0.116055, 0, 0.123484, 0, 0.0266833, 0, 0.0430844, 0, 0.0506414, 0, 0.111252, 0, 0.225444, 0, 0.0506414, 0, 0.0917388, 0, 0.116055, 0, 0.128193, 0, 0.116055, 0, 0.0154325, 0, 0.0627938, 0, 0.0506414, 0, 0.0737398, 0, 0.0325058, 0, 0.0737398, 0, 0.111252, 0, 0.0737398, 0, 0.225444, 0, 0.308368, 0, 0.0627938, 0, 0.116055, 0, 0.123484, 0, 0.116055, 0, 0.104395, 0, 0.0627938, 0, 0.308368, 0, 0.225444, 0, 0.308368, 0, 0.104395, 0, 0.0266833, 0, 0.0737398, 0, 0.0506414, 0, 0.0627938, 0, 0.0325058, 0, 0.00961938, 0, 0.0506414, 0, 0.0430844, 0, 0.0266833, 0, 0.0506414, 0, 0.0627938, 0, 0.0154325, 0, 0.128193, 0, 0.116055, 0, 0.0917388, 0, 0.0325058, 0, 0.0506414, 0, 0.225444, 0, 0.111252, 0, 0.0737398, 0, 0.116055, 0, 0.0430844, 0, 0.111252, 0, 0.0430844, 0, 0.0266833, 0, 0.0917388, 0, 0.0266833, 0, 0.0506414, 0, 0.0737398, 0, 0.0266833, 0, 0.00961938, 0, 0.0325058, 0, 0.0627938, 0, 0.0154325, 0, ]
USE_ENERGY_DISTANCE =     false
PERIODIC =                false
UNIFORM_SITES =           true
DEVICE_DIMENSION =        2
MAX_PARAM =               1
MIN_PARAM =               0
MIN_PARAM =               0
DIAG =                    true
NUM_SEEDS =               2
NUMBER_OF_BANGS =               8
DISTANCE_LIMIT =          0.01
TAU_INIT =                0.4
MAX_TAU =                 5
TAU_SCALAR =              1.2
TAU_SCALAR_TINY =         1.1
TAU_SCALAR_BIG =          1.4
ACCEPTANCE_PROB =         0.85
TEMP_EXP_DECAY =          0.8
MIN_TEMP_FRACTION =       0.01
TEMP_DECAY_ITERATIONS =   21
ZERO_TEMP_ITREATIONS =    30
RANDOM_STATES =           3
END_PARAMETERS
##############################################################################
clock_duration  =         5389.26
tau =                     0.13125
total_steps =             32
time_step =               0.0125
best_mc_result =          0.00993657
best_mc_result_non_secondary =          0
evolved_target_dot_squared =  0.990063
distance =          0.59233
j_protocol =  [[0, 0, 0, 0, 0, 0, 0, 0, 0, 0, 0, 0, 0, 0, 0, 0, 0, 0, 0, 0, 0, 0, 0, 0, 0, 0, 0, 0, 0, 0, 0, 0, ],[0, 0, 0, 0, 0, 0, 0, 0, 0, 0, 0, 0, 0, 0, 0, 0, 0, 0, 0, 0, 0, 0, 0, 0, 0, 0, 0, 0, 0, 0, 0, 0, ],]
k_protocol =  [[0, 0, 0, 0, 0, 0, 0, 0, 0, 0, 0, 0, 0, 0, 0, 0, 0, 0, 0, 0, 0, 0, 0, 0, 0, 0, 0, 0, 0, 0, 0, 0, ],[0, 0, 0, 0, 0, 0, 0, 0, 0, 0, 0, 0, 0, 0, 0, 0, 0, 0, 0, 0, 0, 0, 0, 0, 0, 0, 0, 0, 0, 0, 0, 0, ],]
j_protocol_secondary =  [0.0293934, 0.0508155, 0.0508155, 0.0508155, 0.0508155, 0.0619651, 0.0619651, 0.0628944, 0.0628944, 0.0729143, 0.0729143, 0.0892159, 0.0892159, 0.0892159, 0.0892159, 0.13125, ]
k_protocol_secondary =  [0, 0.0168105, 0.0168105, 0.0348153, 0.0348153, 0.0406434, 0.0406434, 0.0406434, 0.0406434, 0.0587706, 0.0587706, 0.0650111, 0.0650111, 0.0777333, 0.0788753, 0.0788753, ]
best_evolved_state = [0.0100235, 0.0123001, 0.0450391, 0.0480844, 0.0230539, 0.0238603, 0.0104568, 0.009315, 0.0271391, 0.0272953, 0.0746671, 0.081002, 0.0271391, 0.0272953, 0.0880188, 0.0947079, 0.066159, 0.0755174, 0.0271391, 0.0272953, 0.0104568, 0.009315, 0.0230539, 0.0238603, 0.0450391, 0.0480844, 0.0528659, 0.0572147, 0.182089, 0.211402, 0.0528659, 0.0572147, 0.0271391, 0.0272953, 0.066159, 0.0755174, 0.0880188, 0.0947079, 0.0794548, 0.0910431, 0.0230539, 0.0238603, 0.0395728, 0.038912, 0.0368205, 0.0404892, 0.0818671, 0.0899393, 0.142877, 0.164743, 0.0368205, 0.0404892, 0.0746671, 0.081002, 0.0880188, 0.0947079, 0.102168, 0.110782, 0.0880188, 0.0947079, 0.0100235, 0.0123001, 0.0450391, 0.0480844, 0.0368205, 0.0404892, 0.0528659, 0.0572147, 0.0271391, 0.0272953, 0.0528659, 0.0572147, 0.0818671, 0.0899393, 0.0528659, 0.0572147, 0.142877, 0.164743, 0.182089, 0.211402, 0.0450391, 0.0480844, 0.0880188, 0.0947079, 0.0794548, 0.0910431, 0.0880188, 0.0947079, 0.066159, 0.0755174, 0.0450391, 0.0480844, 0.182089, 0.211402, 0.142877, 0.164743, 0.182089, 0.211402, 0.066159, 0.0755174, 0.0230539, 0.0238603, 0.0528659, 0.0572147, 0.0368205, 0.0404892, 0.0450391, 0.0480844, 0.0271391, 0.0272953, 0.0104568, 0.009315, 0.0368205, 0.0404892, 0.0395728, 0.038912, 0.0230539, 0.0238603, 0.0368205, 0.0404892, 0.0450391, 0.0480844, 0.0100235, 0.0123001, 0.102168, 0.110782, 0.0880188, 0.0947079, 0.0746671, 0.081002, 0.0271391, 0.0272953, 0.0368205, 0.0404892, 0.142877, 0.164743, 0.0818671, 0.0899393, 0.0528659, 0.0572147, 0.0880188, 0.0947079, 0.0395728, 0.038912, 0.0818671, 0.0899393, 0.0395728, 0.038912, 0.0230539, 0.0238603, 0.0746671, 0.081002, 0.0230539, 0.0238603, 0.0368205, 0.0404892, 0.0528659, 0.0572147, 0.0230539, 0.0238603, 0.0104568, 0.009315, 0.0271391, 0.0272953, 0.0450391, 0.0480844, 0.0100235, 0.0123001, ]
best_mc_result_fixed_tau =   [0.00662263, 0.00688118, ]
evolved_state_fixed_tau =   [[-0.0169155, 0.00133757, -0.0628191, 0.00363396, -0.0303247, 0.00448128, -0.0108009, 0.00196409, -0.0348702, 0.00287943, -0.108015, 0.017165, -0.0348702, 0.00287943, -0.123994, 0.0114822, -0.101607, 0.00213316, -0.0348702, 0.00287943, -0.0108009, 0.00196409, -0.0303247, 0.00448128, -0.0628191, 0.00363396, -0.0749887, 0.00479558, -0.286152, 0.0102933, -0.0749887, 0.00479558, -0.0348702, 0.00287943, -0.101607, 0.00213316, -0.123994, 0.0114822, -0.123064, 0.00330212, -0.0303247, 0.00448128, -0.04837, 0.00745801, -0.0543834, 0.00314024, -0.118549, 0.0111123, -0.222687, 0.0100665, -0.0543834, 0.00314024, -0.108015, 0.017165, -0.123994, 0.0114822, -0.146688, 0.0212402, -0.123994, 0.0114822, -0.0169155, 0.00133757, -0.0628191, 0.00363396, -0.0543834, 0.00314024, -0.0749887, 0.00479558, -0.0348702, 0.00287943, -0.0749887, 0.00479558, -0.118549, 0.0111123, -0.0749887, 0.00479558, -0.222687, 0.0100665, -0.286152, 0.0102933, -0.0628191, 0.00363396, -0.123994, 0.0114822, -0.123064, 0.00330212, -0.123994, 0.0114822, -0.101607, 0.00213316, -0.0628191, 0.00363396, -0.286152, 0.0102933, -0.222687, 0.0100665, -0.286152, 0.0102933, -0.101607, 0.00213316, -0.0303247, 0.00448128, -0.0749887, 0.00479558, -0.0543834, 0.00314024, -0.0628191, 0.00363396, -0.0348702, 0.00287943, -0.0108009, 0.00196409, -0.0543834, 0.00314024, -0.04837, 0.00745801, -0.0303247, 0.00448128, -0.0543834, 0.00314024, -0.0628191, 0.00363396, -0.0169155, 0.00133757, -0.146688, 0.0212402, -0.123994, 0.0114822, -0.108015, 0.017165, -0.0348702, 0.00287943, -0.0543834, 0.00314024, -0.222687, 0.0100665, -0.118549, 0.0111123, -0.0749887, 0.00479558, -0.123994, 0.0114822, -0.04837, 0.00745801, -0.118549, 0.0111123, -0.04837, 0.00745801, -0.0303247, 0.00448128, -0.108015, 0.017165, -0.0303247, 0.00448128, -0.0543834, 0.00314024, -0.0749887, 0.00479558, -0.0303247, 0.00448128, -0.0108009, 0.00196409, -0.0348702, 0.00287943, -0.0628191, 0.00363396, -0.0169155, 0.00133757, ],[-0.0172793, 0.00252204, -0.0596123, 0.0135299, -0.0284253, 0.00931945, -0.0093014, 0.00393242, -0.0321879, 0.00834502, -0.103503, 0.0399078, -0.0321879, 0.00834502, -0.117902, 0.0349873, -0.099061, 0.0162923, -0.0321879, 0.00834502, -0.0093014, 0.00393242, -0.0284253, 0.00931945, -0.0596123, 0.0135299, -0.0715603, 0.0166531, -0.281612, 0.0675655, -0.0715603, 0.0166531, -0.0321879, 0.00834502, -0.099061, 0.0162923, -0.117902, 0.0349873, -0.120193, 0.0206109, -0.0284253, 0.00931945, -0.0440596, 0.0170139, -0.0524542, 0.0101891, -0.113727, 0.0330202, -0.218036, 0.0514481, -0.0524542, 0.0101891, -0.103503, 0.0399078, -0.117902, 0.0349873, -0.140502, 0.0521404, -0.117902, 0.0349873, -0.0172793, 0.00252204, -0.0596123, 0.0135299, -0.0524542, 0.0101891, -0.0715603, 0.0166531, -0.0321879, 0.00834502, -0.0715603, 0.0166531, -0.113727, 0.0330202, -0.0715603, 0.0166531, -0.218036, 0.0514481, -0.281612, 0.0675655, -0.0596123, 0.0135299, -0.117902, 0.0349873, -0.120193, 0.0206109, -0.117902, 0.0349873, -0.099061, 0.0162923, -0.0596123, 0.0135299, -0.281612, 0.0675655, -0.218036, 0.0514481, -0.281612, 0.0675655, -0.099061, 0.0162923, -0.0284253, 0.00931945, -0.0715603, 0.0166531, -0.0524542, 0.0101891, -0.0596123, 0.0135299, -0.0321879, 0.00834502, -0.0093014, 0.00393242, -0.0524542, 0.0101891, -0.0440596, 0.0170139, -0.0284253, 0.00931945, -0.0524542, 0.0101891, -0.0596123, 0.0135299, -0.0172793, 0.00252204, -0.140502, 0.0521404, -0.117902, 0.0349873, -0.103503, 0.0399078, -0.0321879, 0.00834502, -0.0524542, 0.0101891, -0.218036, 0.0514481, -0.113727, 0.0330202, -0.0715603, 0.0166531, -0.117902, 0.0349873, -0.0440596, 0.0170139, -0.113727, 0.0330202, -0.0440596, 0.0170139, -0.0284253, 0.00931945, -0.103503, 0.0399078, -0.0284253, 0.00931945, -0.0524542, 0.0101891, -0.0715603, 0.0166531, -0.0284253, 0.00931945, -0.0093014, 0.00393242, -0.0321879, 0.00834502, -0.0596123, 0.0135299, -0.0172793, 0.00252204, ],]
