START_PARAMETERS
MAX_STEPS_MCDB =               32
MIN_STEPS_MCDB =               4
STEPS_CRUNCH_MCDB =            1
SWEEPS_MCDB =                  110
TOTAL_STEP_CHANGES =                  6
MCBB_SECONDARY =                  1
SWEEPS_MCBB_SECONDARY =                  300
NUMBER_OF_BANGS =                  8
GROUND_E =                -6.06559
INITIAL_E =               -6.01228
j_initial =               0.614
k_initial =               0.25
b_initial =               0
j_target =                0.76
k_target =                0.5
b_target =                0
init_target_dot_squared = 0.985726
init_state = [0.0274603, 0, 0.0778312, 0, 0.045884, 0, 0.0219353, 0, 0.0517189, 0, 0.111073, 0, 0.0517189, 0, 0.137283, 0, 0.115443, 0, 0.0517189, 0, 0.0219353, 0, 0.045884, 0, 0.0778312, 0, 0.0918562, 0, 0.230664, 0, 0.0918562, 0, 0.0517189, 0, 0.115443, 0, 0.137283, 0, 0.13898, 0, 0.045884, 0, 0.0682694, 0, 0.072864, 0, 0.129429, 0, 0.202146, 0, 0.072864, 0, 0.111073, 0, 0.137283, 0, 0.148991, 0, 0.137283, 0, 0.0274603, 0, 0.0778312, 0, 0.072864, 0, 0.0918562, 0, 0.0517189, 0, 0.0918562, 0, 0.129429, 0, 0.0918562, 0, 0.202146, 0, 0.230664, 0, 0.0778312, 0, 0.137283, 0, 0.13898, 0, 0.137283, 0, 0.115443, 0, 0.0778312, 0, 0.230664, 0, 0.202146, 0, 0.230664, 0, 0.115443, 0, 0.045884, 0, 0.0918562, 0, 0.072864, 0, 0.0778312, 0, 0.0517189, 0, 0.0219353, 0, 0.072864, 0, 0.0682694, 0, 0.045884, 0, 0.072864, 0, 0.0778312, 0, 0.0274603, 0, 0.148991, 0, 0.137283, 0, 0.111073, 0, 0.0517189, 0, 0.072864, 0, 0.202146, 0, 0.129429, 0, 0.0918562, 0, 0.137283, 0, 0.0682694, 0, 0.129429, 0, 0.0682694, 0, 0.045884, 0, 0.111073, 0, 0.045884, 0, 0.072864, 0, 0.0918562, 0, 0.045884, 0, 0.0219353, 0, 0.0517189, 0, 0.0778312, 0, 0.0274603, 0, ]
target_state = [0.0203056, 0, 0.069665, 0, 0.034815, 0, 0.0142529, 0, 0.0408151, 0, 0.102883, 0, 0.0408151, 0, 0.128512, 0, 0.11027, 0, 0.0408151, 0, 0.0142529, 0, 0.034815, 0, 0.069665, 0, 0.0823793, 0, 0.270707, 0, 0.0823793, 0, 0.0408151, 0, 0.11027, 0, 0.128512, 0, 0.132246, 0, 0.034815, 0, 0.0544886, 0, 0.0608439, 0, 0.121779, 0, 0.217533, 0, 0.0608439, 0, 0.102883, 0, 0.128512, 0, 0.141589, 0, 0.128512, 0, 0.0203056, 0, 0.069665, 0, 0.0608439, 0, 0.0823793, 0, 0.0408151, 0, 0.0823793, 0, 0.121779, 0, 0.0823793, 0, 0.217533, 0, 0.270707, 0, 0.069665, 0, 0.128512, 0, 0.132246, 0, 0.128512, 0, 0.11027, 0, 0.069665, 0, 0.270707, 0, 0.217533, 0, 0.270707, 0, 0.11027, 0, 0.034815, 0, 0.0823793, 0, 0.0608439, 0, 0.069665, 0, 0.0408151, 0, 0.0142529, 0, 0.0608439, 0, 0.0544886, 0, 0.034815, 0, 0.0608439, 0, 0.069665, 0, 0.0203056, 0, 0.141589, 0, 0.128512, 0, 0.102883, 0, 0.0408151, 0, 0.0608439, 0, 0.217533, 0, 0.121779, 0, 0.0823793, 0, 0.128512, 0, 0.0544886, 0, 0.121779, 0, 0.0544886, 0, 0.034815, 0, 0.102883, 0, 0.034815, 0, 0.0608439, 0, 0.0823793, 0, 0.034815, 0, 0.0142529, 0, 0.0408151, 0, 0.069665, 0, 0.0203056, 0, ]
USE_ENERGY_DISTANCE =     false
PERIODIC =                false
UNIFORM_SITES =           true
DEVICE_DIMENSION =        2
MAX_PARAM =               1
MIN_PARAM =               0
MIN_PARAM =               0
DIAG =                    true
NUM_SEEDS =               2
NUMBER_OF_BANGS =               8
DISTANCE_LIMIT =          0.01
TAU_INIT =                0.4
MAX_TAU =                 5
TAU_SCALAR =              1.2
TAU_SCALAR_TINY =         1.1
TAU_SCALAR_BIG =          1.4
ACCEPTANCE_PROB =         0.85
TEMP_EXP_DECAY =          0.8
MIN_TEMP_FRACTION =       0.01
TEMP_DECAY_ITERATIONS =   21
ZERO_TEMP_ITREATIONS =    30
RANDOM_STATES =           3
END_PARAMETERS
##############################################################################
clock_duration  =         5370.43
tau =                     0.096875
total_steps =             32
time_step =               0.0125
best_mc_result =          0.010044
best_mc_result_non_secondary =          0
evolved_target_dot_squared =  0.989956
distance =          0.703639
j_protocol =  [[0, 0, 0, 0, 0, 0, 0, 0, 0, 0, 0, 0, 0, 0, 0, 0, 0, 0, 0, 0, 0, 0, 0, 0, 0, 0, 0, 0, 0, 0, 0, 0, ],[0, 0, 0, 0, 0, 0, 0, 0, 0, 0, 0, 0, 0, 0, 0, 0, 0, 0, 0, 0, 0, 0, 0, 0, 0, 0, 0, 0, 0, 0, 0, 0, ],]
k_protocol =  [[0, 0, 0, 0, 0, 0, 0, 0, 0, 0, 0, 0, 0, 0, 0, 0, 0, 0, 0, 0, 0, 0, 0, 0, 0, 0, 0, 0, 0, 0, 0, 0, ],[0, 0, 0, 0, 0, 0, 0, 0, 0, 0, 0, 0, 0, 0, 0, 0, 0, 0, 0, 0, 0, 0, 0, 0, 0, 0, 0, 0, 0, 0, 0, 0, ],]
j_protocol_secondary =  [0, 0, 0.00399832, 0.00399832, 0.00518532, 0.00518532, 0.0134382, 0.0302827, 0.0302827, 0.0595057, 0.0595057, 0.0658151, 0.0658151, 0.074165, 0.074165, 0.096875, ]
k_protocol_secondary =  [0, 0.00944732, 0.00944732, 0.015944, 0.015944, 0.0188806, 0.0188806, 0.0311765, 0.0311765, 0.0463033, 0.0499661, 0.0499661, 0.0600044, 0.0600044, 0.073245, 0.073245, ]
best_evolved_state = [0.0199647, 0.0131467, 0.061952, 0.0433646, 0.0364233, 0.0245741, 0.017994, 0.0111003, 0.0411611, 0.0274885, 0.0921763, 0.0686462, 0.0411611, 0.0274885, 0.110802, 0.0806148, 0.0892286, 0.0643421, 0.0411611, 0.0274885, 0.017994, 0.0111003, 0.0364233, 0.0245741, 0.061952, 0.0433646, 0.0726987, 0.0512765, 0.188351, 0.147864, 0.0726987, 0.0512765, 0.0411611, 0.0274885, 0.0892286, 0.0643421, 0.110802, 0.0806148, 0.107177, 0.0775168, 0.0364233, 0.0245741, 0.0561689, 0.038211, 0.0562533, 0.0387328, 0.103842, 0.0761527, 0.161944, 0.124185, 0.0562533, 0.0387328, 0.0921763, 0.0686462, 0.110802, 0.0806148, 0.123337, 0.0919183, 0.110802, 0.0806148, 0.0199647, 0.0131467, 0.061952, 0.0433646, 0.0562533, 0.0387328, 0.0726987, 0.0512765, 0.0411611, 0.0274885, 0.0726987, 0.0512765, 0.103842, 0.0761527, 0.0726987, 0.0512765, 0.161944, 0.124185, 0.188351, 0.147864, 0.061952, 0.0433646, 0.110802, 0.0806148, 0.107177, 0.0775168, 0.110802, 0.0806148, 0.0892286, 0.0643421, 0.061952, 0.0433646, 0.188351, 0.147864, 0.161944, 0.124185, 0.188351, 0.147864, 0.0892286, 0.0643421, 0.0364233, 0.0245741, 0.0726987, 0.0512765, 0.0562533, 0.0387328, 0.061952, 0.0433646, 0.0411611, 0.0274885, 0.017994, 0.0111003, 0.0562533, 0.0387328, 0.0561689, 0.038211, 0.0364233, 0.0245741, 0.0562533, 0.0387328, 0.061952, 0.0433646, 0.0199647, 0.0131467, 0.123337, 0.0919183, 0.110802, 0.0806148, 0.0921763, 0.0686462, 0.0411611, 0.0274885, 0.0562533, 0.0387328, 0.161944, 0.124185, 0.103842, 0.0761527, 0.0726987, 0.0512765, 0.110802, 0.0806148, 0.0561689, 0.038211, 0.103842, 0.0761527, 0.0561689, 0.038211, 0.0364233, 0.0245741, 0.0921763, 0.0686462, 0.0364233, 0.0245741, 0.0562533, 0.0387328, 0.0726987, 0.0512765, 0.0364233, 0.0245741, 0.017994, 0.0111003, 0.0411611, 0.0274885, 0.061952, 0.0433646, 0.0199647, 0.0131467, ]
best_mc_result_fixed_tau =   [0.00462347, 0.00471676, ]
evolved_state_fixed_tau =   [[-0.0226933, 0.00951119, -0.0647014, 0.0245843, -0.0346334, 0.0180933, -0.0129399, 0.00708737, -0.0390801, 0.0158427, -0.101908, 0.0539966, -0.0390801, 0.0158427, -0.122347, 0.0493095, -0.105215, 0.0350843, -0.0390801, 0.0158427, -0.0129399, 0.00708737, -0.0346334, 0.0180933, -0.0647014, 0.0245843, -0.0781526, 0.0298076, -0.236811, 0.0869222, -0.0781526, 0.0298076, -0.0390801, 0.0158427, -0.105215, 0.0350843, -0.122347, 0.0493095, -0.12838, 0.042071, -0.0346334, 0.0180933, -0.0510899, 0.0245309, -0.0614435, 0.0228628, -0.117492, 0.0489677, -0.202617, 0.0727416, -0.0614435, 0.0228628, -0.101908, 0.0539966, -0.122347, 0.0493095, -0.135492, 0.0677629, -0.122347, 0.0493095, -0.0226933, 0.00951119, -0.0647014, 0.0245843, -0.0614435, 0.0228628, -0.0781526, 0.0298076, -0.0390801, 0.0158427, -0.0781526, 0.0298076, -0.117492, 0.0489677, -0.0781526, 0.0298076, -0.202617, 0.0727416, -0.236811, 0.0869222, -0.0647014, 0.0245843, -0.122347, 0.0493095, -0.12838, 0.042071, -0.122347, 0.0493095, -0.105215, 0.0350843, -0.0647014, 0.0245843, -0.236811, 0.0869222, -0.202617, 0.0727416, -0.236811, 0.0869222, -0.105215, 0.0350843, -0.0346334, 0.0180933, -0.0781526, 0.0298076, -0.0614435, 0.0228628, -0.0647014, 0.0245843, -0.0390801, 0.0158427, -0.0129399, 0.00708737, -0.0614435, 0.0228628, -0.0510899, 0.0245309, -0.0346334, 0.0180933, -0.0614435, 0.0228628, -0.0647014, 0.0245843, -0.0226933, 0.00951119, -0.135492, 0.0677629, -0.122347, 0.0493095, -0.101908, 0.0539966, -0.0390801, 0.0158427, -0.0614435, 0.0228628, -0.202617, 0.0727416, -0.117492, 0.0489677, -0.0781526, 0.0298076, -0.122347, 0.0493095, -0.0510899, 0.0245309, -0.117492, 0.0489677, -0.0510899, 0.0245309, -0.0346334, 0.0180933, -0.101908, 0.0539966, -0.0346334, 0.0180933, -0.0614435, 0.0228628, -0.0781526, 0.0298076, -0.0346334, 0.0180933, -0.0129399, 0.00708737, -0.0390801, 0.0158427, -0.0647014, 0.0245843, -0.0226933, 0.00951119, ],[-0.0213114, 0.0104176, -0.0616886, 0.0321615, -0.0333416, 0.021451, -0.0126599, 0.00924304, -0.0373903, 0.0207403, -0.0975922, 0.0639313, -0.0373903, 0.0207403, -0.116713, 0.0631245, -0.0993349, 0.0451584, -0.0373903, 0.0207403, -0.0126599, 0.00924304, -0.0333416, 0.021451, -0.0616886, 0.0321615, -0.0743507, 0.0383522, -0.225469, 0.113389, -0.0743507, 0.0383522, -0.0373903, 0.0207403, -0.0993349, 0.0451584, -0.116713, 0.0631245, -0.120973, 0.0541139, -0.0333416, 0.021451, -0.0493664, 0.0315459, -0.058049, 0.0286093, -0.111928, 0.0610997, -0.191936, 0.0937104, -0.058049, 0.0286093, -0.0975922, 0.0639313, -0.116713, 0.0631245, -0.130042, 0.0819963, -0.116713, 0.0631245, -0.0213114, 0.0104176, -0.0616886, 0.0321615, -0.058049, 0.0286093, -0.0743507, 0.0383522, -0.0373903, 0.0207403, -0.0743507, 0.0383522, -0.111928, 0.0610997, -0.0743507, 0.0383522, -0.191936, 0.0937104, -0.225469, 0.113389, -0.0616886, 0.0321615, -0.116713, 0.0631245, -0.120973, 0.0541139, -0.116713, 0.0631245, -0.0993349, 0.0451584, -0.0616886, 0.0321615, -0.225469, 0.113389, -0.191936, 0.0937104, -0.225469, 0.113389, -0.0993349, 0.0451584, -0.0333416, 0.021451, -0.0743507, 0.0383522, -0.058049, 0.0286093, -0.0616886, 0.0321615, -0.0373903, 0.0207403, -0.0126599, 0.00924304, -0.058049, 0.0286093, -0.0493664, 0.0315459, -0.0333416, 0.021451, -0.058049, 0.0286093, -0.0616886, 0.0321615, -0.0213114, 0.0104176, -0.130042, 0.0819963, -0.116713, 0.0631245, -0.0975922, 0.0639313, -0.0373903, 0.0207403, -0.058049, 0.0286093, -0.191936, 0.0937104, -0.111928, 0.0610997, -0.0743507, 0.0383522, -0.116713, 0.0631245, -0.0493664, 0.0315459, -0.111928, 0.0610997, -0.0493664, 0.0315459, -0.0333416, 0.021451, -0.0975922, 0.0639313, -0.0333416, 0.021451, -0.058049, 0.0286093, -0.0743507, 0.0383522, -0.0333416, 0.021451, -0.0126599, 0.00924304, -0.0373903, 0.0207403, -0.0616886, 0.0321615, -0.0213114, 0.0104176, ],]
