START_PARAMETERS
MAX_STEPS_MCDB =               32
MIN_STEPS_MCDB =               4
STEPS_CRUNCH_MCDB =            1
SWEEPS_MCDB =                  80
TOTAL_STEP_CHANGES =                  6
MCBB_SECONDARY =                  1
SWEEPS_MCBB_SECONDARY =                  150
NUMBER_OF_BANGS =                  4
GROUND_E =                -2.01887
INITIAL_E =               -1.27062
j_initial =               0.575
k_initial =               0.062
b_initial =               0
j_target =                0.069
k_target =                0.5
b_target =                0
init_target_dot_squared = 0.632805
init_state = [0.339849, 0, 0.518658, 0, 0.339849, 0, 0.339849, 0, 0.518658, 0, 0.339849, 0, ]
target_state = [-0.0481102, 0, -0.703826, 0, -0.0481102, 0, -0.0481102, 0, -0.703826, 0, -0.0481102, 0, ]
USE_ENERGY_DISTANCE =     false
PERIODIC =                false
UNIFORM_SITES =           true
DEVICE_DIMENSION =        2
MAX_PARAM =               1
MIN_PARAM =               0
MIN_PARAM =               0
DIAG =                    true
NUM_SEEDS =               2
NUMBER_OF_BANGS =               4
DISTANCE_LIMIT =          0.02
TAU_INIT =                0.05
MAX_TAU =                 5
TAU_SCALAR =              1.2
TAU_SCALAR_TINY =         1.1
TAU_SCALAR_BIG =          1.3
ACCEPTANCE_PROB =         0.85
TEMP_EXP_DECAY =          0.8
MIN_TEMP_FRACTION =       0.01
TEMP_DECAY_ITERATIONS =   21
ZERO_TEMP_ITREATIONS =    20
RANDOM_STATES =           3
END_PARAMETERS
##############################################################################
clock_duration  =         4.36173
tau =                     0.05
total_steps =             32
time_step =               0.0015625
best_mc_result =          0.356362
best_mc_result_non_secondary =          0.356366
evolved_target_dot_squared =  0.643638
distance =          0.970497
j_protocol =  [[0, 0, 0, 1, 1, 1, 1, 1, 1, 1, 1, 1, 1, 1, 1, 1, 1, 1, 1, 1, 1, 1, 1, 1, 1, 1, 1, 1, 1, 1, 1, 1, ],[0, 0, 0, 1, 1, 1, 1, 1, 1, 1, 1, 1, 1, 1, 1, 1, 1, 1, 1, 1, 1, 1, 1, 1, 1, 1, 1, 1, 1, 1, 1, 1, ],]
k_protocol =  [[1, 1, 1, 1, 1, 1, 1, 1, 1, 1, 1, 1, 1, 1, 1, 1, 1, 1, 1, 1, 1, 1, 1, 1, 1, 1, 1, 1, 0, 0, 0, 0, ],[1, 1, 1, 1, 1, 1, 1, 1, 1, 1, 1, 1, 1, 1, 1, 1, 1, 1, 1, 1, 1, 1, 1, 1, 1, 1, 1, 1, 0, 0, 0, 0, ],]
j_protocol_secondary =  [0.00438029, 0.00454151, 0.00454151, 0.0152754, 0.0152754, 0.0386318, 0.0386318, 0.05, ]
k_protocol_secondary =  [0, 0.00164578, 0.00164578, 0.0134966, 0.0134966, 0.0444646, 0.0469942, 0.0469942, ]
best_evolved_state = [0.331977, 0.0466939, 0.501852, 0.152859, 0.331977, 0.0466939, 0.331977, 0.0466939, 0.501852, 0.152859, 0.331977, 0.0466939, ]
best_mc_result_fixed_tau =   [0.356366, 0.356366, ]
evolved_state_fixed_tau =   [[0.332038, 0.0463862, 0.502387, 0.151017, 0.332038, 0.0463862, 0.332038, 0.0463862, 0.502387, 0.151017, 0.332038, 0.0463862, ],[0.332038, 0.0463862, 0.502387, 0.151017, 0.332038, 0.0463862, 0.332038, 0.0463862, 0.502387, 0.151017, 0.332038, 0.0463862, ],]
##############################################################################
clock_duration  =         8.67069
tau =                     0.13
total_steps =             32
time_step =               0.0040625
best_mc_result =          0.298149
best_mc_result_non_secondary =          0.298171
evolved_target_dot_squared =  0.701851
distance =          0.811964
j_protocol =  [[0, 0, 0, 1, 1, 1, 1, 1, 1, 1, 1, 1, 1, 1, 1, 1, 1, 1, 1, 1, 1, 1, 1, 1, 1, 1, 1, 1, 1, 1, 1, 1, ],[0, 0, 0, 1, 1, 1, 1, 1, 1, 1, 1, 1, 1, 1, 1, 1, 1, 1, 1, 1, 1, 1, 1, 1, 1, 1, 1, 1, 1, 1, 1, 1, ],]
k_protocol =  [[1, 1, 1, 1, 1, 1, 1, 1, 1, 1, 1, 1, 1, 1, 1, 1, 1, 1, 1, 1, 1, 1, 1, 1, 1, 1, 1, 1, 0, 0, 0, 0, ],[1, 1, 1, 1, 1, 1, 1, 1, 1, 1, 1, 1, 1, 1, 1, 1, 1, 1, 1, 1, 1, 1, 1, 1, 1, 1, 1, 1, 0, 0, 0, 0, ],]
j_protocol_secondary =  [0.0122394, 0.0738544, 0.0738544, 0.098883, 0.098883, 0.104658, 0.104658, 0.13, ]
k_protocol_secondary =  [0, 0.00567065, 0.00567065, 0.0631667, 0.0631667, 0.101237, 0.101237, 0.115731, ]
best_evolved_state = [0.288503, 0.111429, 0.408941, 0.37612, 0.288503, 0.111429, 0.288503, 0.111429, 0.408941, 0.37612, 0.288503, 0.111429, ]
best_mc_result_fixed_tau =   [0.298171, 0.298171, ]
evolved_state_fixed_tau =   [[0.288586, 0.111562, 0.411713, 0.372876, 0.288586, 0.111562, 0.288586, 0.111562, 0.411713, 0.372876, 0.288586, 0.111562, ],[0.288586, 0.111562, 0.411713, 0.372876, 0.288586, 0.111562, 0.288586, 0.111562, 0.411713, 0.372876, 0.288586, 0.111562, ],]
##############################################################################
clock_duration  =         12.8482
tau =                     0.156
total_steps =             32
time_step =               0.004875
best_mc_result =          0.270773
best_mc_result_non_secondary =          0.270806
evolved_target_dot_squared =  0.729227
distance =          0.73741
j_protocol =  [[0, 0, 0, 1, 1, 1, 1, 1, 1, 1, 1, 1, 1, 1, 1, 1, 1, 1, 1, 1, 1, 1, 1, 1, 1, 1, 1, 1, 1, 1, 1, 1, ],[0, 0, 0, 1, 1, 1, 1, 1, 1, 1, 1, 1, 1, 1, 1, 1, 1, 1, 1, 1, 1, 1, 1, 1, 1, 1, 1, 1, 1, 1, 1, 1, ],]
k_protocol =  [[1, 1, 1, 1, 1, 1, 1, 1, 1, 1, 1, 1, 1, 1, 1, 1, 1, 1, 1, 1, 1, 1, 1, 1, 1, 1, 1, 1, 1, 0, 0, 0, ],[1, 1, 1, 1, 1, 1, 1, 1, 1, 1, 1, 1, 1, 1, 1, 1, 1, 1, 1, 1, 1, 1, 1, 1, 1, 1, 1, 1, 1, 0, 0, 0, ],]
j_protocol_secondary =  [0.00268752, 0.00268752, 0.015291, 0.11117, 0.11117, 0.141684, 0.141684, 0.156, ]
k_protocol_secondary =  [0, 0.0691022, 0.0691022, 0.071646, 0.071646, 0.118893, 0.118893, 0.138971, ]
best_evolved_state = [0.267284, 0.12771, 0.363535, 0.438567, 0.267284, 0.12771, 0.267284, 0.12771, 0.363535, 0.438567, 0.267284, 0.12771, ]
best_mc_result_fixed_tau =   [0.270806, 0.270806, ]
evolved_state_fixed_tau =   [[0.266907, 0.128151, 0.358696, 0.442734, 0.266907, 0.128151, 0.266907, 0.128151, 0.358696, 0.442734, 0.266907, 0.128151, ],[0.266907, 0.128151, 0.358696, 0.442734, 0.266907, 0.128151, 0.266907, 0.128151, 0.358696, 0.442734, 0.266907, 0.128151, ],]
##############################################################################
clock_duration  =         17.1443
tau =                     0.2028
total_steps =             32
time_step =               0.0063375
best_mc_result =          0.215258
best_mc_result_non_secondary =          0.215325
evolved_target_dot_squared =  0.784742
distance =          0.586221
j_protocol =  [[0, 0, 0, 1, 1, 1, 1, 1, 1, 1, 1, 1, 1, 1, 1, 1, 1, 1, 1, 1, 1, 1, 1, 1, 1, 1, 1, 1, 1, 1, 1, 1, ],[0, 0, 0, 1, 1, 1, 1, 1, 1, 1, 1, 1, 1, 1, 1, 1, 1, 1, 1, 1, 1, 1, 1, 1, 1, 1, 1, 1, 1, 1, 1, 1, ],]
k_protocol =  [[1, 1, 1, 1, 1, 1, 1, 1, 1, 1, 1, 1, 1, 1, 1, 1, 1, 1, 1, 1, 1, 1, 1, 1, 1, 1, 1, 1, 1, 0, 0, 0, ],[1, 1, 1, 1, 1, 1, 1, 1, 1, 1, 1, 1, 1, 1, 1, 1, 1, 1, 1, 1, 1, 1, 1, 1, 1, 1, 1, 1, 1, 0, 0, 0, ],]
j_protocol_secondary =  [0.02191, 0.12138, 0.12138, 0.150841, 0.150841, 0.167294, 0.167294, 0.2028, ]
k_protocol_secondary =  [0, 0.0827509, 0.0827509, 0.146907, 0.146907, 0.181034, 0.187575, 0.187575, ]
best_evolved_state = [0.222392, 0.148984, 0.267251, 0.534105, 0.222392, 0.148984, 0.222392, 0.148984, 0.267251, 0.534105, 0.222392, 0.148984, ]
best_mc_result_fixed_tau =   [0.215325, 0.215325, ]
evolved_state_fixed_tau =   [[0.220885, 0.150906, 0.257473, 0.539057, 0.220885, 0.150906, 0.220885, 0.150906, 0.257473, 0.539057, 0.220885, 0.150906, ],[0.220885, 0.150906, 0.257473, 0.539057, 0.220885, 0.150906, 0.220885, 0.150906, 0.257473, 0.539057, 0.220885, 0.150906, ],]
##############################################################################
clock_duration  =         21.2808
tau =                     0.24336
total_steps =             32
time_step =               0.007605
best_mc_result =          0.164521
best_mc_result_non_secondary =          0.164556
evolved_target_dot_squared =  0.835479
distance =          0.448047
j_protocol =  [[0, 0, 0, 0, 1, 1, 1, 1, 1, 1, 1, 1, 1, 1, 1, 1, 1, 1, 1, 1, 1, 1, 1, 1, 1, 1, 1, 1, 1, 1, 1, 1, ],[0, 0, 0, 0, 1, 1, 1, 1, 1, 1, 1, 1, 1, 1, 1, 1, 1, 1, 1, 1, 1, 1, 1, 1, 1, 1, 1, 1, 1, 1, 1, 1, ],]
k_protocol =  [[1, 1, 1, 1, 1, 1, 1, 1, 1, 1, 1, 1, 1, 1, 1, 1, 1, 1, 1, 1, 1, 1, 1, 1, 1, 1, 1, 1, 1, 0, 0, 0, ],[1, 1, 1, 1, 1, 1, 1, 1, 1, 1, 1, 1, 1, 1, 1, 1, 1, 1, 1, 1, 1, 1, 1, 1, 1, 1, 1, 1, 1, 0, 0, 0, ],]
j_protocol_secondary =  [0.0295617, 0.0986741, 0.0986741, 0.184423, 0.184423, 0.206852, 0.206852, 0.24336, ]
k_protocol_secondary =  [0, 0.0464, 0.0464, 0.152374, 0.152374, 0.217793, 0.230874, 0.230874, ]
best_evolved_state = [0.17868, 0.157773, 0.17334, 0.596922, 0.17868, 0.157773, 0.17868, 0.157773, 0.17334, 0.596922, 0.17868, 0.157773, ]
best_mc_result_fixed_tau =   [0.164556, 0.164556, ]
evolved_state_fixed_tau =   [[0.179043, 0.156909, 0.168311, 0.598596, 0.179043, 0.156909, 0.179043, 0.156909, 0.168311, 0.598596, 0.179043, 0.156909, ],[0.179043, 0.156909, 0.168311, 0.598596, 0.179043, 0.156909, 0.179043, 0.156909, 0.168311, 0.598596, 0.179043, 0.156909, ],]
##############################################################################
clock_duration  =         25.5387
tau =                     0.292032
total_steps =             32
time_step =               0.009126
best_mc_result =          0.106284
best_mc_result_non_secondary =          0.10632
evolved_target_dot_squared =  0.893716
distance =          0.289449
j_protocol =  [[0, 0, 0, 0, 0, 1, 1, 1, 1, 1, 1, 1, 1, 1, 1, 1, 1, 1, 1, 1, 1, 1, 1, 1, 1, 1, 1, 1, 1, 1, 1, 1, ],[0, 0, 0, 0, 0, 1, 1, 1, 1, 1, 1, 1, 1, 1, 1, 1, 1, 1, 1, 1, 1, 1, 1, 1, 1, 1, 1, 1, 1, 1, 1, 1, ],]
k_protocol =  [[1, 1, 1, 1, 1, 1, 1, 1, 1, 1, 1, 1, 1, 1, 1, 1, 1, 1, 1, 1, 1, 1, 1, 1, 1, 1, 1, 1, 1, 0, 0, 0, ],[1, 1, 1, 1, 1, 1, 1, 1, 1, 1, 1, 1, 1, 1, 1, 1, 1, 1, 1, 1, 1, 1, 1, 1, 1, 1, 1, 1, 1, 0, 0, 0, ],]
j_protocol_secondary =  [0.0299586, 0.0299586, 0.0428331, 0.153406, 0.153406, 0.176118, 0.176118, 0.292032, ]
k_protocol_secondary =  [0, 0.081369, 0.081369, 0.155966, 0.155966, 0.211464, 0.211464, 0.262744, ]
best_evolved_state = [0.124177, 0.155214, 0.055469, 0.646452, 0.124177, 0.155214, 0.124177, 0.155214, 0.055469, 0.646452, 0.124177, 0.155214, ]
best_mc_result_fixed_tau =   [0.10632, 0.10632, ]
evolved_state_fixed_tau =   [[0.125811, 0.153458, 0.0552762, 0.646675, 0.125811, 0.153458, 0.125811, 0.153458, 0.0552762, 0.646675, 0.125811, 0.153458, ],[0.125811, 0.153458, 0.0552762, 0.646675, 0.125811, 0.153458, 0.125811, 0.153458, 0.0552762, 0.646675, 0.125811, 0.153458, ],]
##############################################################################
clock_duration  =         29.8517
tau =                     0.350438
total_steps =             32
time_step =               0.0109512
best_mc_result =          0.0485635
best_mc_result_non_secondary =          0.0485816
evolved_target_dot_squared =  0.951437
distance =          0.132255
j_protocol =  [[0, 0, 0, 0, 0, 0, 1, 1, 1, 1, 1, 1, 1, 1, 1, 1, 1, 1, 1, 1, 1, 1, 1, 1, 1, 1, 1, 1, 1, 1, 1, 1, ],[0, 0, 0, 0, 0, 0, 1, 1, 1, 1, 1, 1, 1, 1, 1, 1, 1, 1, 1, 1, 1, 1, 1, 1, 1, 1, 1, 1, 1, 1, 1, 1, ],]
k_protocol =  [[1, 1, 1, 1, 1, 1, 1, 1, 1, 1, 1, 1, 1, 1, 1, 1, 1, 1, 1, 1, 1, 1, 1, 1, 1, 1, 1, 1, 1, 0, 0, 0, ],[1, 1, 1, 1, 1, 1, 1, 1, 1, 1, 1, 1, 1, 1, 1, 1, 1, 1, 1, 1, 1, 1, 1, 1, 1, 1, 1, 1, 1, 0, 0, 0, ],]
j_protocol_secondary =  [0.0488143, 0.0488143, 0.0684432, 0.123644, 0.123644, 0.199539, 0.199539, 0.350438, ]
k_protocol_secondary =  [0, 0.04612, 0.04612, 0.0591675, 0.0591675, 0.0866845, 0.0866845, 0.318194, ]
best_evolved_state = [0.0628368, 0.133041, -0.079049, 0.671159, 0.0628368, 0.133041, 0.0628368, 0.133041, -0.079049, 0.671159, 0.0628368, 0.133041, ]
best_mc_result_fixed_tau =   [0.0485816, 0.0485816, ]
evolved_state_fixed_tau =   [[0.0610471, 0.134253, -0.0819991, 0.670653, 0.0610471, 0.134253, 0.0610471, 0.134253, -0.0819991, 0.670653, 0.0610471, 0.134253, ],[0.0610471, 0.134253, -0.0819991, 0.670653, 0.0610471, 0.134253, 0.0610471, 0.134253, -0.0819991, 0.670653, 0.0610471, 0.134253, ],]
##############################################################################
clock_duration  =         33.9634
tau =                     0.385482
total_steps =             32
time_step =               0.0120463
best_mc_result =          0.0235791
best_mc_result_non_secondary =          0.0236626
evolved_target_dot_squared =  0.976421
distance =          0.0642142
j_protocol =  [[0, 0, 0, 0, 0, 0, 0, 0, 1, 1, 1, 1, 1, 1, 1, 1, 1, 1, 1, 1, 1, 1, 1, 1, 1, 1, 1, 1, 1, 1, 1, 1, ],[0, 0, 0, 0, 0, 0, 0, 0, 1, 1, 1, 1, 1, 1, 1, 1, 1, 1, 1, 1, 1, 1, 1, 1, 1, 1, 1, 1, 1, 1, 1, 1, ],]
k_protocol =  [[1, 1, 1, 1, 1, 1, 1, 1, 1, 1, 1, 1, 1, 1, 1, 1, 1, 1, 1, 1, 1, 1, 1, 1, 1, 1, 1, 1, 1, 0, 0, 0, ],[1, 1, 1, 1, 1, 1, 1, 1, 1, 1, 1, 1, 1, 1, 1, 1, 1, 1, 1, 1, 1, 1, 1, 1, 1, 1, 1, 1, 1, 0, 0, 0, ],]
j_protocol_secondary =  [0.05412, 0.05412, 0.0901104, 0.229649, 0.229649, 0.347809, 0.347809, 0.385482, ]
k_protocol_secondary =  [0, 0.142339, 0.142339, 0.223448, 0.223448, 0.3383, 0.3383, 0.35228, ]
best_evolved_state = [0.0313737, 0.110795, -0.150802, 0.671371, 0.0313737, 0.110795, 0.0313737, 0.110795, -0.150802, 0.671371, 0.0313737, 0.110795, ]
best_mc_result_fixed_tau =   [0.0236626, 0.0236626, ]
evolved_state_fixed_tau =   [[0.0357762, 0.109067, -0.133019, 0.675244, 0.0357762, 0.109067, 0.0357762, 0.109067, -0.133019, 0.675244, 0.0357762, 0.109067, ],[0.0357762, 0.109067, -0.133019, 0.675244, 0.0357762, 0.109067, 0.0357762, 0.109067, -0.133019, 0.675244, 0.0357762, 0.109067, ],]
##############################################################################
clock_duration  =         42.3467
tau =                     0.390301
total_steps =             32
time_step =               0.013251
best_mc_result =          0.0208033
best_mc_result_non_secondary =          0
evolved_target_dot_squared =  0.979197
distance =          0.0566546
j_protocol =  [[0, 0, 0, 0, 0, 0, 0, 0, 0, 0, 0, 0, 0, 0, 0, 0, 0, 0, 0, 0, 0, 0, 0, 0, 0, 0, 0, 0, 0, 0, 0, 0, ],[0, 0, 0, 0, 0, 0, 0, 0, 0, 0, 0, 0, 0, 0, 0, 0, 0, 0, 0, 0, 0, 0, 0, 0, 0, 0, 0, 0, 0, 0, 0, 0, ],]
k_protocol =  [[0, 0, 0, 0, 0, 0, 0, 0, 0, 0, 0, 0, 0, 0, 0, 0, 0, 0, 0, 0, 0, 0, 0, 0, 0, 0, 0, 0, 0, 0, 0, 0, ],[0, 0, 0, 0, 0, 0, 0, 0, 0, 0, 0, 0, 0, 0, 0, 0, 0, 0, 0, 0, 0, 0, 0, 0, 0, 0, 0, 0, 0, 0, 0, 0, ],]
j_protocol_secondary =  [0.0209901, 0.0209901, 0.0934313, 0.198673, 0.198673, 0.298373, 0.298373, 0.390301, ]
k_protocol_secondary =  [0, 0.133063, 0.133063, 0.217893, 0.217893, 0.356376, 0.356376, 0.357039, ]
best_evolved_state = [0.027442, 0.10729, -0.160174, 0.670683, 0.027442, 0.10729, 0.027442, 0.10729, -0.160174, 0.670683, 0.027442, 0.10729, ]
best_mc_result_fixed_tau =   [0.0061736, 0.0061736, ]
evolved_state_fixed_tau =   [[0.00291369, 0.0812653, -0.20455, 0.667034, 0.00291369, 0.0812653, 0.00291369, 0.0812653, -0.20455, 0.667034, 0.00291369, 0.0812653, ],[0.00291369, 0.0812653, -0.20455, 0.667034, 0.00291369, 0.0812653, 0.00291369, 0.0812653, -0.20455, 0.667034, 0.00291369, 0.0812653, ],]
##############################################################################
clock_duration  =         45.2102
tau =                     0.391505
total_steps =             32
time_step =               0.013251
best_mc_result =          0.0201353
best_mc_result_non_secondary =          0
evolved_target_dot_squared =  0.979865
distance =          0.0548354
j_protocol =  [[0, 0, 0, 0, 0, 0, 0, 0, 0, 0, 0, 0, 0, 0, 0, 0, 0, 0, 0, 0, 0, 0, 0, 0, 0, 0, 0, 0, 0, 0, 0, 0, ],[0, 0, 0, 0, 0, 0, 0, 0, 0, 0, 0, 0, 0, 0, 0, 0, 0, 0, 0, 0, 0, 0, 0, 0, 0, 0, 0, 0, 0, 0, 0, 0, ],]
k_protocol =  [[0, 0, 0, 0, 0, 0, 0, 0, 0, 0, 0, 0, 0, 0, 0, 0, 0, 0, 0, 0, 0, 0, 0, 0, 0, 0, 0, 0, 0, 0, 0, 0, ],[0, 0, 0, 0, 0, 0, 0, 0, 0, 0, 0, 0, 0, 0, 0, 0, 0, 0, 0, 0, 0, 0, 0, 0, 0, 0, 0, 0, 0, 0, 0, 0, ],]
j_protocol_secondary =  [0.0210549, 0.0210549, 0.0942898, 0.199286, 0.199286, 0.299294, 0.299294, 0.391505, ]
k_protocol_secondary =  [0, 0.133474, 0.133474, 0.218565, 0.218565, 0.357476, 0.357476, 0.358179, ]
best_evolved_state = [0.0264844, 0.106402, -0.162333, 0.670524, 0.0264844, 0.106402, 0.0264844, 0.106402, -0.162333, 0.670524, 0.0264844, 0.106402, ]
best_mc_result_fixed_tau =   [0.0061736, 0.0061736, ]
evolved_state_fixed_tau =   [[0.00291369, 0.0812653, -0.20455, 0.667034, 0.00291369, 0.0812653, 0.00291369, 0.0812653, -0.20455, 0.667034, 0.00291369, 0.0812653, ],[0.00291369, 0.0812653, -0.20455, 0.667034, 0.00291369, 0.0812653, 0.00291369, 0.0812653, -0.20455, 0.667034, 0.00291369, 0.0812653, ],]
