START_PARAMETERS
MAX_STEPS_MCDB =               32
MIN_STEPS_MCDB =               4
STEPS_CRUNCH_MCDB =            1
SWEEPS_MCDB =                  80
TOTAL_STEP_CHANGES =                  6
MCBB_SECONDARY =                  1
SWEEPS_MCBB_SECONDARY =                  150
NUMBER_OF_BANGS =                  4
GROUND_E =                -2.19144
INITIAL_E =               -1.8042
j_initial =               0.527
k_initial =               0.125
b_initial =               0
j_target =                0.229
k_target =                0.5
b_target =                0
init_target_dot_squared = 0.83749
init_state = [0.322992, 0, 0.539771, 0, 0.322992, 0, 0.322992, 0, 0.539771, 0, 0.322992, 0, ]
target_state = [-0.141721, 0, -0.678108, 0, -0.141721, 0, -0.141721, 0, -0.678108, 0, -0.141721, 0, ]
USE_ENERGY_DISTANCE =     false
PERIODIC =                false
UNIFORM_SITES =           true
DEVICE_DIMENSION =        2
MAX_PARAM =               1
MIN_PARAM =               0
MIN_PARAM =               0
DIAG =                    true
NUM_SEEDS =               2
NUMBER_OF_BANGS =               4
DISTANCE_LIMIT =          0.02
TAU_INIT =                0.05
MAX_TAU =                 5
TAU_SCALAR =              1.2
TAU_SCALAR_TINY =         1.1
TAU_SCALAR_BIG =          1.3
ACCEPTANCE_PROB =         0.85
TEMP_EXP_DECAY =          0.8
MIN_TEMP_FRACTION =       0.01
TEMP_DECAY_ITERATIONS =   21
ZERO_TEMP_ITREATIONS =    20
RANDOM_STATES =           3
END_PARAMETERS
##############################################################################
clock_duration  =         4.22623
tau =                     0.05
total_steps =             32
time_step =               0.0015625
best_mc_result =          0.156427
best_mc_result_non_secondary =          0.156431
evolved_target_dot_squared =  0.843573
distance =          0.962566
j_protocol =  [[0, 0, 0, 0, 0, 1, 1, 1, 1, 1, 1, 1, 1, 1, 1, 1, 1, 1, 1, 1, 1, 1, 1, 1, 1, 1, 1, 1, 1, 1, 1, 1, ],[0, 0, 0, 0, 0, 1, 1, 1, 1, 1, 1, 1, 1, 1, 1, 1, 1, 1, 1, 1, 1, 1, 1, 1, 1, 1, 1, 1, 1, 1, 1, 1, ],]
k_protocol =  [[1, 1, 1, 1, 1, 1, 1, 1, 1, 1, 1, 1, 1, 1, 1, 1, 1, 1, 1, 1, 1, 1, 1, 0, 0, 0, 0, 0, 0, 0, 0, 0, ],[1, 1, 1, 1, 1, 1, 1, 1, 1, 1, 1, 1, 1, 1, 1, 1, 1, 1, 1, 1, 1, 1, 1, 0, 0, 0, 0, 0, 0, 0, 0, 0, ],]
j_protocol_secondary =  [0.00703474, 0.0167139, 0.0167139, 0.0329591, 0.0329591, 0.0421165, 0.0421165, 0.05, ]
k_protocol_secondary =  [0, 0.00445784, 0.00445784, 0.0154072, 0.0154072, 0.0365055, 0.0440039, 0.0440039, ]
best_evolved_state = [0.31574, 0.0458709, 0.527833, 0.133418, 0.31574, 0.0458709, 0.31574, 0.0458709, 0.527833, 0.133418, 0.31574, 0.0458709, ]
best_mc_result_fixed_tau =   [0.156431, 0.156431, ]
evolved_state_fixed_tau =   [[0.315882, 0.0450514, 0.528351, 0.131233, 0.315882, 0.0450514, 0.315882, 0.0450514, 0.528351, 0.131233, 0.315882, 0.0450514, ],[0.315882, 0.0450514, 0.528351, 0.131233, 0.315882, 0.0450514, 0.315882, 0.0450514, 0.528351, 0.131233, 0.315882, 0.0450514, ],]
##############################################################################
clock_duration  =         8.48423
tau =                     0.13
total_steps =             32
time_step =               0.0040625
best_mc_result =          0.124117
best_mc_result_non_secondary =          0.124137
evolved_target_dot_squared =  0.875883
distance =          0.763749
j_protocol =  [[0, 0, 0, 0, 0, 1, 1, 1, 1, 1, 1, 1, 1, 1, 1, 1, 1, 1, 1, 1, 1, 1, 1, 1, 1, 1, 1, 1, 1, 1, 1, 1, ],[0, 0, 0, 0, 0, 1, 1, 1, 1, 1, 1, 1, 1, 1, 1, 1, 1, 1, 1, 1, 1, 1, 1, 1, 1, 1, 1, 1, 1, 1, 1, 1, ],]
k_protocol =  [[1, 1, 1, 1, 1, 1, 1, 1, 1, 1, 1, 1, 1, 1, 1, 1, 1, 1, 1, 1, 1, 1, 1, 0, 0, 0, 0, 0, 0, 0, 0, 0, ],[1, 1, 1, 1, 1, 1, 1, 1, 1, 1, 1, 1, 1, 1, 1, 1, 1, 1, 1, 1, 1, 1, 1, 0, 0, 0, 0, 0, 0, 0, 0, 0, ],]
j_protocol_secondary =  [0.0189368, 0.0367362, 0.0367362, 0.0723324, 0.0723324, 0.0867672, 0.0867672, 0.13, ]
k_protocol_secondary =  [0, 0.0043442, 0.0043442, 0.013888, 0.013888, 0.0480153, 0.0480153, 0.0949578, ]
best_evolved_state = [0.275354, 0.111106, 0.461392, 0.33285, 0.275354, 0.111106, 0.275354, 0.111106, 0.461392, 0.33285, 0.275354, 0.111106, ]
best_mc_result_fixed_tau =   [0.124137, 0.124137, ]
evolved_state_fixed_tau =   [[0.27604, 0.109897, 0.464282, 0.328468, 0.27604, 0.109897, 0.27604, 0.109897, 0.464282, 0.328468, 0.27604, 0.109897, ],[0.27604, 0.109897, 0.464282, 0.328468, 0.27604, 0.109897, 0.27604, 0.109897, 0.464282, 0.328468, 0.27604, 0.109897, ],]
##############################################################################
clock_duration  =         12.6789
tau =                     0.156
total_steps =             32
time_step =               0.004875
best_mc_result =          0.109187
best_mc_result_non_secondary =          0.10921
evolved_target_dot_squared =  0.890813
distance =          0.671877
j_protocol =  [[0, 0, 0, 0, 0, 1, 1, 1, 1, 1, 1, 1, 1, 1, 1, 1, 1, 1, 1, 1, 1, 1, 1, 1, 1, 1, 1, 1, 1, 1, 1, 1, ],[0, 0, 0, 0, 0, 1, 1, 1, 1, 1, 1, 1, 1, 1, 1, 1, 1, 1, 1, 1, 1, 1, 1, 1, 1, 1, 1, 1, 1, 1, 1, 1, ],]
k_protocol =  [[1, 1, 1, 1, 1, 1, 1, 1, 1, 1, 1, 1, 1, 1, 1, 1, 1, 1, 1, 1, 1, 1, 1, 0, 0, 0, 0, 0, 0, 0, 0, 0, ],[1, 1, 1, 1, 1, 1, 1, 1, 1, 1, 1, 1, 1, 1, 1, 1, 1, 1, 1, 1, 1, 1, 1, 0, 0, 0, 0, 0, 0, 0, 0, 0, ],]
j_protocol_secondary =  [0.0231475, 0.0513749, 0.0513749, 0.0982485, 0.0982485, 0.114773, 0.114773, 0.156, ]
k_protocol_secondary =  [0, 0.0434339, 0.0434339, 0.0663772, 0.0663772, 0.0915104, 0.0915104, 0.114031, ]
best_evolved_state = [0.255401, 0.128404, 0.428534, 0.391055, 0.255401, 0.128404, 0.255401, 0.128404, 0.428534, 0.391055, 0.255401, 0.128404, ]
best_mc_result_fixed_tau =   [0.10921, 0.10921, ]
evolved_state_fixed_tau =   [[0.256195, 0.127493, 0.432318, 0.386421, 0.256195, 0.127493, 0.256195, 0.127493, 0.432318, 0.386421, 0.256195, 0.127493, ],[0.256195, 0.127493, 0.432318, 0.386421, 0.256195, 0.127493, 0.256195, 0.127493, 0.432318, 0.386421, 0.256195, 0.127493, ],]
##############################################################################
clock_duration  =         16.8426
tau =                     0.2028
total_steps =             32
time_step =               0.0063375
best_mc_result =          0.0796058
best_mc_result_non_secondary =          0.0796419
evolved_target_dot_squared =  0.920394
distance =          0.489851
j_protocol =  [[0, 0, 0, 0, 0, 1, 1, 1, 1, 1, 1, 1, 1, 1, 1, 1, 1, 1, 1, 1, 1, 1, 1, 1, 1, 1, 1, 1, 1, 1, 1, 1, ],[0, 0, 0, 0, 0, 1, 1, 1, 1, 1, 1, 1, 1, 1, 1, 1, 1, 1, 1, 1, 1, 1, 1, 1, 1, 1, 1, 1, 1, 1, 1, 1, ],]
k_protocol =  [[1, 1, 1, 1, 1, 1, 1, 1, 1, 1, 1, 1, 1, 1, 1, 1, 1, 1, 1, 1, 1, 1, 1, 0, 0, 0, 0, 0, 0, 0, 0, 0, ],[1, 1, 1, 1, 1, 1, 1, 1, 1, 1, 1, 1, 1, 1, 1, 1, 1, 1, 1, 1, 1, 1, 1, 0, 0, 0, 0, 0, 0, 0, 0, 0, ],]
j_protocol_secondary =  [0.0313949, 0.08056, 0.08056, 0.0987197, 0.0987197, 0.131467, 0.131467, 0.2028, ]
k_protocol_secondary =  [0, 0.148479, 0.154676, 0.154676, 0.165821, 0.165821, 0.193724, 0.193724, ]
best_evolved_state = [0.212542, 0.152917, 0.357917, 0.484541, 0.212542, 0.152917, 0.212542, 0.152917, 0.357917, 0.484541, 0.212542, 0.152917, ]
best_mc_result_fixed_tau =   [0.0796419, 0.0796419, ]
evolved_state_fixed_tau =   [[0.213159, 0.153193, 0.362877, 0.480116, 0.213159, 0.153193, 0.213159, 0.153193, 0.362877, 0.480116, 0.213159, 0.153193, ],[0.213159, 0.153193, 0.362877, 0.480116, 0.213159, 0.153193, 0.213159, 0.153193, 0.362877, 0.480116, 0.213159, 0.153193, ],]
##############################################################################
clock_duration  =         20.9498
tau =                     0.24336
total_steps =             32
time_step =               0.007605
best_mc_result =          0.0537188
best_mc_result_non_secondary =          0.0537856
evolved_target_dot_squared =  0.946281
distance =          0.330556
j_protocol =  [[0, 0, 0, 0, 0, 1, 1, 1, 1, 1, 1, 1, 1, 1, 1, 1, 1, 1, 1, 1, 1, 1, 1, 1, 1, 1, 1, 1, 1, 1, 1, 1, ],[0, 0, 0, 0, 0, 1, 1, 1, 1, 1, 1, 1, 1, 1, 1, 1, 1, 1, 1, 1, 1, 1, 1, 1, 1, 1, 1, 1, 1, 1, 1, 1, ],]
k_protocol =  [[1, 1, 1, 1, 1, 1, 1, 1, 1, 1, 1, 1, 1, 1, 1, 1, 1, 1, 1, 1, 1, 1, 1, 1, 0, 0, 0, 0, 0, 0, 0, 0, ],[1, 1, 1, 1, 1, 1, 1, 1, 1, 1, 1, 1, 1, 1, 1, 1, 1, 1, 1, 1, 1, 1, 1, 1, 0, 0, 0, 0, 0, 0, 0, 0, ],]
j_protocol_secondary =  [0.0202562, 0.0202562, 0.0395533, 0.209122, 0.209122, 0.20951, 0.20951, 0.24336, ]
k_protocol_secondary =  [0, 0.0375823, 0.0375823, 0.0767683, 0.0767683, 0.106893, 0.106893, 0.178562, ]
best_evolved_state = [0.16969, 0.166123, 0.287191, 0.552031, 0.16969, 0.166123, 0.16969, 0.166123, 0.287191, 0.552031, 0.16969, 0.166123, ]
best_mc_result_fixed_tau =   [0.0537856, 0.0537856, ]
evolved_state_fixed_tau =   [[0.1682, 0.166235, 0.277209, 0.557947, 0.1682, 0.166235, 0.1682, 0.166235, 0.277209, 0.557947, 0.1682, 0.166235, ],[0.1682, 0.166235, 0.277209, 0.557947, 0.1682, 0.166235, 0.1682, 0.166235, 0.277209, 0.557947, 0.1682, 0.166235, ],]
##############################################################################
clock_duration  =         25.0881
tau =                     0.292032
total_steps =             32
time_step =               0.009126
best_mc_result =          0.0263114
best_mc_result_non_secondary =          0.0263928
evolved_target_dot_squared =  0.973689
distance =          0.161906
j_protocol =  [[0, 0, 0, 0, 0, 1, 1, 1, 1, 1, 1, 1, 1, 1, 1, 1, 1, 1, 1, 1, 1, 1, 1, 1, 1, 1, 1, 1, 1, 1, 1, 1, ],[0, 0, 0, 0, 0, 1, 1, 1, 1, 1, 1, 1, 1, 1, 1, 1, 1, 1, 1, 1, 1, 1, 1, 1, 1, 1, 1, 1, 1, 1, 1, 1, ],]
k_protocol =  [[1, 1, 1, 1, 1, 1, 1, 1, 1, 1, 1, 1, 1, 1, 1, 1, 1, 1, 1, 1, 1, 1, 1, 1, 0, 0, 0, 0, 0, 0, 0, 0, ],[1, 1, 1, 1, 1, 1, 1, 1, 1, 1, 1, 1, 1, 1, 1, 1, 1, 1, 1, 1, 1, 1, 1, 1, 0, 0, 0, 0, 0, 0, 0, 0, ],]
j_protocol_secondary =  [0.0504917, 0.0504917, 0.0510282, 0.117765, 0.117765, 0.182485, 0.182485, 0.292032, ]
k_protocol_secondary =  [0, 0.0312468, 0.0312468, 0.100035, 0.100035, 0.215254, 0.216179, 0.216179, ]
best_evolved_state = [0.113744, 0.170924, 0.194205, 0.6148, 0.113744, 0.170924, 0.113744, 0.170924, 0.194205, 0.6148, 0.113744, 0.170924, ]
best_mc_result_fixed_tau =   [0.0263928, 0.0263928, ]
evolved_state_fixed_tau =   [[0.109905, 0.172867, 0.177423, 0.620158, 0.109905, 0.172867, 0.109905, 0.172867, 0.177423, 0.620158, 0.109905, 0.172867, ],[0.109905, 0.172867, 0.177423, 0.620158, 0.109905, 0.172867, 0.109905, 0.172867, 0.177423, 0.620158, 0.109905, 0.172867, ],]
##############################################################################
clock_duration  =         32.0785
tau =                     0.299333
total_steps =             32
time_step =               0.0100386
best_mc_result =          0.0228054
best_mc_result_non_secondary =          0
evolved_target_dot_squared =  0.977195
distance =          0.140332
j_protocol =  [[0, 0, 0, 0, 0, 0, 0, 0, 0, 0, 0, 0, 0, 0, 0, 0, 0, 0, 0, 0, 0, 0, 0, 0, 0, 0, 0, 0, 0, 0, 0, 0, ],[0, 0, 0, 0, 0, 0, 0, 0, 0, 0, 0, 0, 0, 0, 0, 0, 0, 0, 0, 0, 0, 0, 0, 0, 0, 0, 0, 0, 0, 0, 0, 0, ],]
k_protocol =  [[0, 0, 0, 0, 0, 0, 0, 0, 0, 0, 0, 0, 0, 0, 0, 0, 0, 0, 0, 0, 0, 0, 0, 0, 0, 0, 0, 0, 0, 0, 0, 0, ],[0, 0, 0, 0, 0, 0, 0, 0, 0, 0, 0, 0, 0, 0, 0, 0, 0, 0, 0, 0, 0, 0, 0, 0, 0, 0, 0, 0, 0, 0, 0, 0, ],]
j_protocol_secondary =  [0.0293688, 0.0293688, 0.0342255, 0.0342255, 0.0529229, 0.116459, 0.116459, 0.299333, ]
k_protocol_secondary =  [0, 0.0898447, 0.0898447, 0.139603, 0.139603, 0.220856, 0.278935, 0.278935, ]
best_evolved_state = [0.105091, 0.170557, 0.179668, 0.622456, 0.105091, 0.170557, 0.105091, 0.170557, 0.179668, 0.622456, 0.105091, 0.170557, ]
best_mc_result_fixed_tau =   [0.0135884, 0.0135884, ]
evolved_state_fixed_tau =   [[0.0794441, 0.165812, 0.130301, 0.644524, 0.0794441, 0.165812, 0.0794441, 0.165812, 0.130301, 0.644524, 0.0794441, 0.165812, ],[0.0794441, 0.165812, 0.130301, 0.644524, 0.0794441, 0.165812, 0.0794441, 0.165812, 0.130301, 0.644524, 0.0794441, 0.165812, ],]
##############################################################################
clock_duration  =         33.4909
tau =                     0.302983
total_steps =             32
time_step =               0.0100386
best_mc_result =          0.0211266
best_mc_result_non_secondary =          0
evolved_target_dot_squared =  0.978873
distance =          0.130001
j_protocol =  [[0, 0, 0, 0, 0, 0, 0, 0, 0, 0, 0, 0, 0, 0, 0, 0, 0, 0, 0, 0, 0, 0, 0, 0, 0, 0, 0, 0, 0, 0, 0, 0, ],[0, 0, 0, 0, 0, 0, 0, 0, 0, 0, 0, 0, 0, 0, 0, 0, 0, 0, 0, 0, 0, 0, 0, 0, 0, 0, 0, 0, 0, 0, 0, 0, ],]
k_protocol =  [[0, 0, 0, 0, 0, 0, 0, 0, 0, 0, 0, 0, 0, 0, 0, 0, 0, 0, 0, 0, 0, 0, 0, 0, 0, 0, 0, 0, 0, 0, 0, 0, ],[0, 0, 0, 0, 0, 0, 0, 0, 0, 0, 0, 0, 0, 0, 0, 0, 0, 0, 0, 0, 0, 0, 0, 0, 0, 0, 0, 0, 0, 0, 0, 0, ],]
j_protocol_secondary =  [0.0297269, 0.0297269, 0.0346429, 0.0346429, 0.0539452, 0.11788, 0.11788, 0.302983, ]
k_protocol_secondary =  [0, 0.0909404, 0.0909404, 0.141305, 0.141305, 0.223632, 0.282337, 0.282337, ]
best_evolved_state = [0.10079, 0.170246, 0.172523, 0.62606, 0.10079, 0.170246, 0.10079, 0.170246, 0.172523, 0.62606, 0.10079, 0.170246, ]
best_mc_result_fixed_tau =   [0.0135884, 0.0135884, ]
evolved_state_fixed_tau =   [[0.0794441, 0.165812, 0.130301, 0.644524, 0.0794441, 0.165812, 0.0794441, 0.165812, 0.130301, 0.644524, 0.0794441, 0.165812, ],[0.0794441, 0.165812, 0.130301, 0.644524, 0.0794441, 0.165812, 0.0794441, 0.165812, 0.130301, 0.644524, 0.0794441, 0.165812, ],]
##############################################################################
clock_duration  =         34.9023
tau =                     0.304808
total_steps =             32
time_step =               0.0100386
best_mc_result =          0.0203065
best_mc_result_non_secondary =          0
evolved_target_dot_squared =  0.979693
distance =          0.124955
j_protocol =  [[0, 0, 0, 0, 0, 0, 0, 0, 0, 0, 0, 0, 0, 0, 0, 0, 0, 0, 0, 0, 0, 0, 0, 0, 0, 0, 0, 0, 0, 0, 0, 0, ],[0, 0, 0, 0, 0, 0, 0, 0, 0, 0, 0, 0, 0, 0, 0, 0, 0, 0, 0, 0, 0, 0, 0, 0, 0, 0, 0, 0, 0, 0, 0, 0, ],]
k_protocol =  [[0, 0, 0, 0, 0, 0, 0, 0, 0, 0, 0, 0, 0, 0, 0, 0, 0, 0, 0, 0, 0, 0, 0, 0, 0, 0, 0, 0, 0, 0, 0, 0, ],[0, 0, 0, 0, 0, 0, 0, 0, 0, 0, 0, 0, 0, 0, 0, 0, 0, 0, 0, 0, 0, 0, 0, 0, 0, 0, 0, 0, 0, 0, 0, 0, ],]
j_protocol_secondary =  [0.029906, 0.029906, 0.0348516, 0.0348516, 0.0544679, 0.11859, 0.11859, 0.304808, ]
k_protocol_secondary =  [0, 0.0914882, 0.0914882, 0.142156, 0.142156, 0.225011, 0.284038, 0.284038, ]
best_evolved_state = [0.0986432, 0.170064, 0.168978, 0.627807, 0.0986432, 0.170064, 0.0986432, 0.170064, 0.168978, 0.627807, 0.0986432, 0.170064, ]
best_mc_result_fixed_tau =   [0.0135884, 0.0135884, ]
evolved_state_fixed_tau =   [[0.0794441, 0.165812, 0.130301, 0.644524, 0.0794441, 0.165812, 0.0794441, 0.165812, 0.130301, 0.644524, 0.0794441, 0.165812, ],[0.0794441, 0.165812, 0.130301, 0.644524, 0.0794441, 0.165812, 0.0794441, 0.165812, 0.130301, 0.644524, 0.0794441, 0.165812, ],]
##############################################################################
clock_duration  =         36.3174
tau =                     0.305721
total_steps =             32
time_step =               0.0100386
best_mc_result =          0.0199014
best_mc_result_non_secondary =          0
evolved_target_dot_squared =  0.980099
distance =          0.122462
j_protocol =  [[0, 0, 0, 0, 0, 0, 0, 0, 0, 0, 0, 0, 0, 0, 0, 0, 0, 0, 0, 0, 0, 0, 0, 0, 0, 0, 0, 0, 0, 0, 0, 0, ],[0, 0, 0, 0, 0, 0, 0, 0, 0, 0, 0, 0, 0, 0, 0, 0, 0, 0, 0, 0, 0, 0, 0, 0, 0, 0, 0, 0, 0, 0, 0, 0, ],]
k_protocol =  [[0, 0, 0, 0, 0, 0, 0, 0, 0, 0, 0, 0, 0, 0, 0, 0, 0, 0, 0, 0, 0, 0, 0, 0, 0, 0, 0, 0, 0, 0, 0, 0, ],[0, 0, 0, 0, 0, 0, 0, 0, 0, 0, 0, 0, 0, 0, 0, 0, 0, 0, 0, 0, 0, 0, 0, 0, 0, 0, 0, 0, 0, 0, 0, 0, ],]
j_protocol_secondary =  [0.0299955, 0.0299955, 0.034956, 0.034956, 0.0547108, 0.118945, 0.118945, 0.305721, ]
k_protocol_secondary =  [0, 0.0917621, 0.0917621, 0.142582, 0.142582, 0.225717, 0.284888, 0.284888, ]
best_evolved_state = [0.0975542, 0.169972, 0.167137, 0.62869, 0.0975542, 0.169972, 0.0975542, 0.169972, 0.167137, 0.62869, 0.0975542, 0.169972, ]
best_mc_result_fixed_tau =   [0.0135884, 0.0135884, ]
evolved_state_fixed_tau =   [[0.0794441, 0.165812, 0.130301, 0.644524, 0.0794441, 0.165812, 0.0794441, 0.165812, 0.130301, 0.644524, 0.0794441, 0.165812, ],[0.0794441, 0.165812, 0.130301, 0.644524, 0.0794441, 0.165812, 0.0794441, 0.165812, 0.130301, 0.644524, 0.0794441, 0.165812, ],]
