START_PARAMETERS
MAX_STEPS_MCDB =               32
MIN_STEPS_MCDB =               4
STEPS_CRUNCH_MCDB =            1
SWEEPS_MCDB =                  80
TOTAL_STEP_CHANGES =                  6
MCBB_SECONDARY =                  1
SWEEPS_MCBB_SECONDARY =                  150
NUMBER_OF_BANGS =                  4
GROUND_E =                -2.64093
INITIAL_E =               -2.41118
j_initial =               0.417
k_initial =               0.5
b_initial =               0
j_target =                0.736
k_target =                0.25
b_target =                0
init_target_dot_squared = 0.946343
init_state = [-0.21015, 0, -0.641618, 0, -0.21015, 0, -0.21015, 0, -0.641618, 0, -0.21015, 0, ]
target_state = [0.309527, 0, 0.555325, 0, 0.309527, 0, 0.309527, 0, 0.555325, 0, 0.309527, 0, ]
USE_ENERGY_DISTANCE =     false
PERIODIC =                false
UNIFORM_SITES =           true
DEVICE_DIMENSION =        2
MAX_PARAM =               1
MIN_PARAM =               0
MIN_PARAM =               0
DIAG =                    true
NUM_SEEDS =               2
NUMBER_OF_BANGS =               4
DISTANCE_LIMIT =          0.02
TAU_INIT =                0.05
MAX_TAU =                 5
TAU_SCALAR =              1.2
TAU_SCALAR_TINY =         1.1
TAU_SCALAR_BIG =          1.3
ACCEPTANCE_PROB =         0.85
TEMP_EXP_DECAY =          0.8
MIN_TEMP_FRACTION =       0.01
TEMP_DECAY_ITERATIONS =   21
ZERO_TEMP_ITREATIONS =    20
RANDOM_STATES =           3
END_PARAMETERS
##############################################################################
clock_duration  =         2.94818
tau =                     0.05
total_steps =             32
time_step =               0.0015625
best_mc_result =          0.0507703
best_mc_result_non_secondary =          0.0507714
evolved_target_dot_squared =  0.94923
distance =          0.946209
j_protocol =  [[1, 1, 1, 1, 1, 1, 1, 1, 1, 1, 1, 1, 1, 1, 1, 1, 1, 1, 1, 1, 1, 1, 1, 1, 1, 1, 1, 0, 0, 0, 0, 0, ],[1, 1, 1, 1, 1, 1, 1, 1, 1, 1, 1, 1, 1, 1, 1, 1, 1, 1, 1, 1, 1, 1, 1, 1, 1, 1, 1, 0, 0, 0, 0, 0, ],]
k_protocol =  [[0, 0, 0, 0, 0, 0, 0, 0, 0, 0, 0, 0, 1, 1, 1, 1, 1, 1, 1, 1, 1, 1, 1, 1, 1, 1, 1, 1, 1, 1, 1, 1, ],[0, 0, 0, 0, 0, 0, 0, 0, 0, 0, 0, 0, 1, 1, 1, 1, 1, 1, 1, 1, 1, 1, 1, 1, 1, 1, 1, 1, 1, 1, 1, 1, ],]
j_protocol_secondary =  [0, 0.00208468, 0.00208468, 0.0136303, 0.0136303, 0.0409405, 0.0409405, 0.0421596, ]
k_protocol_secondary =  [0.00834349, 0.00834349, 0.00836847, 0.00836847, 0.019196, 0.0207428, 0.0207428, 0.05, ]
best_evolved_state = [-0.207311, -0.0538839, -0.628753, -0.113611, -0.207311, -0.0538839, -0.207311, -0.0538839, -0.628753, -0.113611, -0.207311, -0.0538839, ]
best_mc_result_fixed_tau =   [0.0507714, 0.0507714, ]
evolved_state_fixed_tau =   [[-0.207253, -0.0539153, -0.628576, -0.114762, -0.207253, -0.0539153, -0.207253, -0.0539153, -0.628576, -0.114762, -0.207253, -0.0539153, ],[-0.207253, -0.0539153, -0.628576, -0.114762, -0.207253, -0.0539153, -0.207253, -0.0539153, -0.628576, -0.114762, -0.207253, -0.0539153, ],]
##############################################################################
clock_duration  =         6.86524
tau =                     0.13
total_steps =             32
time_step =               0.0040625
best_mc_result =          0.0358897
best_mc_result_non_secondary =          0.0358976
evolved_target_dot_squared =  0.96411
distance =          0.668878
j_protocol =  [[1, 1, 1, 1, 1, 1, 1, 1, 1, 1, 1, 1, 1, 1, 1, 1, 1, 1, 1, 1, 1, 1, 1, 1, 1, 1, 1, 0, 0, 0, 0, 0, ],[1, 1, 1, 1, 1, 1, 1, 1, 1, 1, 1, 1, 1, 1, 1, 1, 1, 1, 1, 1, 1, 1, 1, 1, 1, 1, 1, 0, 0, 0, 0, 0, ],]
k_protocol =  [[0, 0, 0, 0, 0, 0, 0, 0, 0, 0, 0, 0, 1, 1, 1, 1, 1, 1, 1, 1, 1, 1, 1, 1, 1, 1, 1, 1, 1, 1, 1, 1, ],[0, 0, 0, 0, 0, 0, 0, 0, 0, 0, 0, 0, 1, 1, 1, 1, 1, 1, 1, 1, 1, 1, 1, 1, 1, 1, 1, 1, 1, 1, 1, 1, ],]
j_protocol_secondary =  [0, 0.0210537, 0.0210537, 0.0925897, 0.0925897, 0.109274, 0.120425, 0.120425, ]
k_protocol_secondary =  [0.00635348, 0.00635348, 0.04875, 0.04875, 0.0500512, 0.0633748, 0.0633748, 0.13, ]
best_evolved_state = [-0.191494, -0.136496, -0.55679, -0.281748, -0.191494, -0.136496, -0.191494, -0.136496, -0.55679, -0.281748, -0.191494, -0.136496, ]
best_mc_result_fixed_tau =   [0.0358976, 0.0358976, ]
evolved_state_fixed_tau =   [[-0.19091, -0.136901, -0.555301, -0.285068, -0.19091, -0.136901, -0.19091, -0.136901, -0.555301, -0.285068, -0.19091, -0.136901, ],[-0.19091, -0.136901, -0.555301, -0.285068, -0.19091, -0.136901, -0.19091, -0.136901, -0.555301, -0.285068, -0.19091, -0.136901, ],]
##############################################################################
clock_duration  =         10.8968
tau =                     0.156
total_steps =             32
time_step =               0.004875
best_mc_result =          0.0293271
best_mc_result_non_secondary =          0.0293391
evolved_target_dot_squared =  0.970673
distance =          0.546572
j_protocol =  [[1, 1, 1, 1, 1, 1, 1, 1, 1, 1, 1, 1, 1, 1, 1, 1, 1, 1, 1, 1, 1, 1, 1, 1, 1, 1, 1, 0, 0, 0, 0, 0, ],[1, 1, 1, 1, 1, 1, 1, 1, 1, 1, 1, 1, 1, 1, 1, 1, 1, 1, 1, 1, 1, 1, 1, 1, 1, 1, 1, 0, 0, 0, 0, 0, ],]
k_protocol =  [[0, 0, 0, 0, 0, 0, 0, 0, 0, 0, 0, 0, 1, 1, 1, 1, 1, 1, 1, 1, 1, 1, 1, 1, 1, 1, 1, 1, 1, 1, 1, 1, ],[0, 0, 0, 0, 0, 0, 0, 0, 0, 0, 0, 0, 1, 1, 1, 1, 1, 1, 1, 1, 1, 1, 1, 1, 1, 1, 1, 1, 1, 1, 1, 1, ],]
j_protocol_secondary =  [0, 0.10246, 0.10246, 0.122667, 0.122667, 0.130877, 0.147368, 0.147368, ]
k_protocol_secondary =  [0.00119791, 0.00119791, 0.0131048, 0.0131048, 0.0601328, 0.154153, 0.154153, 0.156, ]
best_evolved_state = [-0.183689, -0.161584, -0.521041, -0.329871, -0.183689, -0.161584, -0.183689, -0.161584, -0.521041, -0.329871, -0.183689, -0.161584, ]
best_mc_result_fixed_tau =   [0.0293391, 0.0293391, ]
evolved_state_fixed_tau =   [[-0.182697, -0.162276, -0.518677, -0.333993, -0.182697, -0.162276, -0.182697, -0.162276, -0.518677, -0.333993, -0.182697, -0.162276, ],[-0.182697, -0.162276, -0.518677, -0.333993, -0.182697, -0.162276, -0.182697, -0.162276, -0.518677, -0.333993, -0.182697, -0.162276, ],]
##############################################################################
clock_duration  =         14.6228
tau =                     0.1872
total_steps =             32
time_step =               0.00585
best_mc_result =          0.0211541
best_mc_result_non_secondary =          0.0211724
evolved_target_dot_squared =  0.978846
distance =          0.39425
j_protocol =  [[1, 1, 1, 1, 1, 1, 1, 1, 1, 1, 1, 1, 1, 1, 1, 1, 1, 1, 1, 1, 1, 1, 1, 1, 1, 1, 0, 0, 0, 0, 0, 0, ],[1, 1, 1, 1, 1, 1, 1, 1, 1, 1, 1, 1, 1, 1, 1, 1, 1, 1, 1, 1, 1, 1, 1, 1, 1, 1, 1, 0, 0, 0, 0, 0, ],]
k_protocol =  [[0, 0, 0, 0, 0, 0, 0, 0, 0, 0, 0, 0, 0, 1, 1, 1, 1, 1, 1, 1, 1, 1, 1, 1, 1, 1, 1, 1, 1, 1, 1, 1, ],[0, 0, 0, 0, 0, 0, 0, 0, 0, 0, 0, 0, 1, 1, 1, 1, 1, 1, 1, 1, 1, 1, 1, 1, 1, 1, 1, 1, 1, 1, 1, 1, ],]
j_protocol_secondary =  [0, 0.0483151, 0.0483151, 0.124933, 0.124933, 0.143332, 0.143332, 0.156711, ]
k_protocol_secondary =  [0.0723008, 0.0807933, 0.0807933, 0.128033, 0.128033, 0.13418, 0.13418, 0.1872, ]
best_evolved_state = [-0.172813, -0.190274, -0.471146, -0.381948, -0.172813, -0.190274, -0.172813, -0.190274, -0.471146, -0.381948, -0.172813, -0.190274, ]
best_mc_result_fixed_tau =   [0.021231, 0.0211724, ]
evolved_state_fixed_tau =   [[-0.177131, -0.185857, -0.47985, -0.37136, -0.177131, -0.185857, -0.177131, -0.185857, -0.47985, -0.37136, -0.177131, -0.185857, ],[-0.171137, -0.191306, -0.467362, -0.387041, -0.171137, -0.191306, -0.171137, -0.191306, -0.467362, -0.387041, -0.171137, -0.191306, ],]
##############################################################################
clock_duration  =         20.8286
tau =                     0.19188
total_steps =             32
time_step =               0.00702
best_mc_result =          0.0199411
best_mc_result_non_secondary =          0
evolved_target_dot_squared =  0.980059
distance =          0.371643
j_protocol =  [[0, 0, 0, 0, 0, 0, 0, 0, 0, 0, 0, 0, 0, 0, 0, 0, 0, 0, 0, 0, 0, 0, 0, 0, 0, 0, 0, 0, 0, 0, 0, 0, ],[0, 0, 0, 0, 0, 0, 0, 0, 0, 0, 0, 0, 0, 0, 0, 0, 0, 0, 0, 0, 0, 0, 0, 0, 0, 0, 0, 0, 0, 0, 0, 0, ],]
k_protocol =  [[0, 0, 0, 0, 0, 0, 0, 0, 0, 0, 0, 0, 0, 0, 0, 0, 0, 0, 0, 0, 0, 0, 0, 0, 0, 0, 0, 0, 0, 0, 0, 0, ],[0, 0, 0, 0, 0, 0, 0, 0, 0, 0, 0, 0, 0, 0, 0, 0, 0, 0, 0, 0, 0, 0, 0, 0, 0, 0, 0, 0, 0, 0, 0, 0, ],]
j_protocol_secondary =  [0, 0.00768789, 0.00768789, 0.0327667, 0.0327667, 0.147474, 0.147474, 0.16056, ]
k_protocol_secondary =  [0.0173368, 0.0173368, 0.032272, 0.032272, 0.0741587, 0.161006, 0.161006, 0.19188, ]
best_evolved_state = [-0.171072, -0.194419, -0.463103, -0.38911, -0.171072, -0.194419, -0.171072, -0.194419, -0.463103, -0.38911, -0.171072, -0.194419, ]
best_mc_result_fixed_tau =   [0.0119705, 0.011926, ]
evolved_state_fixed_tau =   [[-0.163392, -0.218236, -0.413683, -0.424522, -0.163392, -0.218236, -0.163392, -0.218236, -0.413683, -0.424522, -0.163392, -0.218236, ],[-0.155037, -0.223743, -0.396362, -0.441251, -0.155037, -0.223743, -0.155037, -0.223743, -0.396362, -0.441251, -0.155037, -0.223743, ],]
