START_PARAMETERS
MAX_STEPS_MCDB =               32
MIN_STEPS_MCDB =               4
STEPS_CRUNCH_MCDB =            1
SWEEPS_MCDB =                  80
TOTAL_STEP_CHANGES =                  6
MCBB_SECONDARY =                  1
SWEEPS_MCBB_SECONDARY =                  150
NUMBER_OF_BANGS =                  4
GROUND_E =                -2.01887
INITIAL_E =               -1.83196
j_initial =               0.37
k_initial =               0.5
b_initial =               0
j_target =                0.069
k_target =                0.5
b_target =                0
init_target_dot_squared = 0.908275
init_state = [-0.196578, 0, -0.650165, 0, -0.196578, 0, -0.196578, 0, -0.650165, 0, -0.196578, 0, ]
target_state = [-0.0481102, 0, -0.703826, 0, -0.0481102, 0, -0.0481102, 0, -0.703826, 0, -0.0481102, 0, ]
USE_ENERGY_DISTANCE =     false
PERIODIC =                false
UNIFORM_SITES =           true
DEVICE_DIMENSION =        2
MAX_PARAM =               1
MIN_PARAM =               0
MIN_PARAM =               0
DIAG =                    true
NUM_SEEDS =               2
NUMBER_OF_BANGS =               4
DISTANCE_LIMIT =          0.02
TAU_INIT =                0.05
MAX_TAU =                 5
TAU_SCALAR =              1.2
TAU_SCALAR_TINY =         1.1
TAU_SCALAR_BIG =          1.3
ACCEPTANCE_PROB =         0.85
TEMP_EXP_DECAY =          0.8
MIN_TEMP_FRACTION =       0.01
TEMP_DECAY_ITERATIONS =   21
ZERO_TEMP_ITREATIONS =    20
RANDOM_STATES =           3
END_PARAMETERS
##############################################################################
clock_duration  =         2.21653
tau =                     0.05
total_steps =             32
time_step =               0.0015625
best_mc_result =          0.0884812
best_mc_result_non_secondary =          0.0884856
evolved_target_dot_squared =  0.911519
distance =          0.96464
j_protocol =  [[0, 0, 0, 0, 0, 0, 0, 0, 0, 0, 0, 0, 0, 0, 0, 0, 0, 1, 1, 1, 1, 1, 1, 1, 1, 1, 1, 1, 1, 1, 1, 1, ],[0, 0, 0, 0, 0, 0, 0, 0, 0, 0, 0, 0, 0, 0, 0, 0, 0, 1, 1, 1, 1, 1, 1, 1, 1, 1, 1, 1, 1, 1, 1, 1, ],]
k_protocol =  [[1, 1, 1, 1, 1, 1, 1, 1, 1, 1, 1, 1, 1, 1, 1, 1, 1, 1, 1, 1, 1, 1, 1, 1, 1, 1, 1, 1, 1, 1, 0, 0, ],[1, 1, 1, 1, 1, 1, 1, 1, 1, 1, 1, 1, 1, 1, 1, 1, 1, 1, 1, 1, 1, 1, 1, 1, 1, 1, 1, 1, 1, 1, 0, 0, ],]
j_protocol_secondary =  [0.000821872, 0.000821872, 0.0272063, 0.0295469, 0.0295469, 0.0335916, 0.0335916, 0.05, ]
k_protocol_secondary =  [0, 0.0391697, 0.0391697, 0.0445413, 0.0445413, 0.0463492, 0.0463492, 0.0472391, ]
best_evolved_state = [-0.191636, -0.0292482, -0.636629, -0.139802, -0.191636, -0.0292482, -0.191636, -0.0292482, -0.636629, -0.139802, -0.191636, -0.0292482, ]
best_mc_result_fixed_tau =   [0.0884856, 0.0884856, ]
evolved_state_fixed_tau =   [[-0.191528, -0.0300788, -0.636711, -0.139367, -0.191528, -0.0300788, -0.191528, -0.0300788, -0.636711, -0.139367, -0.191528, -0.0300788, ],[-0.191528, -0.0300788, -0.636711, -0.139367, -0.191528, -0.0300788, -0.191528, -0.0300788, -0.636711, -0.139367, -0.191528, -0.0300788, ],]
##############################################################################
clock_duration  =         5.46776
tau =                     0.13
total_steps =             32
time_step =               0.0040625
best_mc_result =          0.0711717
best_mc_result_non_secondary =          0.0711901
evolved_target_dot_squared =  0.928828
distance =          0.775929
j_protocol =  [[0, 0, 0, 0, 0, 0, 0, 0, 0, 0, 0, 0, 0, 0, 0, 0, 0, 0, 1, 1, 1, 1, 1, 1, 1, 1, 1, 1, 1, 1, 1, 1, ],[0, 0, 0, 0, 0, 0, 0, 0, 0, 0, 0, 0, 0, 0, 0, 0, 0, 0, 1, 1, 1, 1, 1, 1, 1, 1, 1, 1, 1, 1, 1, 1, ],]
k_protocol =  [[1, 1, 1, 1, 1, 1, 1, 1, 1, 1, 1, 1, 1, 1, 1, 1, 1, 1, 1, 1, 1, 1, 1, 1, 1, 1, 1, 1, 1, 1, 0, 0, ],[1, 1, 1, 1, 1, 1, 1, 1, 1, 1, 1, 1, 1, 1, 1, 1, 1, 1, 1, 1, 1, 1, 1, 1, 1, 1, 1, 1, 1, 1, 0, 0, ],]
j_protocol_secondary =  [0.00506534, 0.00506534, 0.0235707, 0.0235707, 0.0716954, 0.116894, 0.116894, 0.13, ]
k_protocol_secondary =  [0, 0.059975, 0.059975, 0.0947707, 0.0947707, 0.110878, 0.110878, 0.122925, ]
best_evolved_state = [-0.164477, -0.0691204, -0.560994, -0.348747, -0.164477, -0.0691204, -0.164477, -0.0691204, -0.560994, -0.348747, -0.164477, -0.0691204, ]
best_mc_result_fixed_tau =   [0.0711901, 0.0711901, ]
evolved_state_fixed_tau =   [[-0.165163, -0.0673982, -0.563047, -0.34545, -0.165163, -0.0673982, -0.165163, -0.0673982, -0.563047, -0.34545, -0.165163, -0.0673982, ],[-0.165163, -0.0673982, -0.563047, -0.34545, -0.165163, -0.0673982, -0.165163, -0.0673982, -0.563047, -0.34545, -0.165163, -0.0673982, ],]
##############################################################################
clock_duration  =         9.1497
tau =                     0.156
total_steps =             32
time_step =               0.004875
best_mc_result =          0.0631164
best_mc_result_non_secondary =          0.06313
evolved_target_dot_squared =  0.936884
distance =          0.688108
j_protocol =  [[0, 0, 0, 0, 0, 0, 0, 0, 0, 0, 0, 0, 0, 0, 0, 0, 0, 0, 1, 1, 1, 1, 1, 1, 1, 1, 1, 1, 1, 1, 1, 1, ],[0, 0, 0, 0, 0, 0, 0, 0, 0, 0, 0, 0, 0, 0, 0, 0, 0, 0, 1, 1, 1, 1, 1, 1, 1, 1, 1, 1, 1, 1, 1, 1, ],]
k_protocol =  [[1, 1, 1, 1, 1, 1, 1, 1, 1, 1, 1, 1, 1, 1, 1, 1, 1, 1, 1, 1, 1, 1, 1, 1, 1, 1, 1, 1, 1, 1, 0, 0, ],[1, 1, 1, 1, 1, 1, 1, 1, 1, 1, 1, 1, 1, 1, 1, 1, 1, 1, 1, 1, 1, 1, 1, 1, 1, 1, 1, 1, 1, 1, 0, 0, ],]
j_protocol_secondary =  [0.0306525, 0.0306525, 0.0330418, 0.0330418, 0.0866341, 0.118425, 0.118425, 0.156, ]
k_protocol_secondary =  [0, 0.00107311, 0.00107311, 0.0244954, 0.0244954, 0.0669959, 0.0669959, 0.147606, ]
best_evolved_state = [-0.151309, -0.0787884, -0.523401, -0.409692, -0.151309, -0.0787884, -0.151309, -0.0787884, -0.523401, -0.409692, -0.151309, -0.0787884, ]
best_mc_result_fixed_tau =   [0.06313, 0.06313, ]
evolved_state_fixed_tau =   [[-0.151964, -0.0775052, -0.526144, -0.406168, -0.151964, -0.0775052, -0.151964, -0.0775052, -0.526144, -0.406168, -0.151964, -0.0775052, ],[-0.151964, -0.0775052, -0.526144, -0.406168, -0.151964, -0.0775052, -0.151964, -0.0775052, -0.526144, -0.406168, -0.151964, -0.0775052, ],]
##############################################################################
clock_duration  =         12.8634
tau =                     0.2028
total_steps =             32
time_step =               0.0063375
best_mc_result =          0.0470142
best_mc_result_non_secondary =          0.0470264
evolved_target_dot_squared =  0.952986
distance =          0.512558
j_protocol =  [[0, 0, 0, 0, 0, 0, 0, 0, 0, 0, 0, 0, 0, 0, 0, 0, 0, 0, 1, 1, 1, 1, 1, 1, 1, 1, 1, 1, 1, 1, 1, 1, ],[0, 0, 0, 0, 0, 0, 0, 0, 0, 0, 0, 0, 0, 0, 0, 0, 0, 0, 1, 1, 1, 1, 1, 1, 1, 1, 1, 1, 1, 1, 1, 1, ],]
k_protocol =  [[1, 1, 1, 1, 1, 1, 1, 1, 1, 1, 1, 1, 1, 1, 1, 1, 1, 1, 1, 1, 1, 1, 1, 1, 1, 1, 1, 1, 1, 1, 0, 0, ],[1, 1, 1, 1, 1, 1, 1, 1, 1, 1, 1, 1, 1, 1, 1, 1, 1, 1, 1, 1, 1, 1, 1, 1, 1, 1, 1, 1, 1, 1, 0, 0, ],]
j_protocol_secondary =  [0.00313292, 0.00313292, 0.0129507, 0.0129507, 0.114367, 0.159308, 0.159308, 0.2028, ]
k_protocol_secondary =  [0, 0.0252631, 0.0252631, 0.0359533, 0.0359533, 0.118541, 0.118541, 0.192087, ]
best_evolved_state = [-0.123637, -0.0906982, -0.442197, -0.507382, -0.123637, -0.0906982, -0.123637, -0.0906982, -0.442197, -0.507382, -0.123637, -0.0906982, ]
best_mc_result_fixed_tau =   [0.0470264, 0.0470264, ]
evolved_state_fixed_tau =   [[-0.123519, -0.0911139, -0.445937, -0.504007, -0.123519, -0.0911139, -0.123519, -0.0911139, -0.445937, -0.504007, -0.123519, -0.0911139, ],[-0.123519, -0.0911139, -0.445937, -0.504007, -0.123519, -0.0911139, -0.123519, -0.0911139, -0.445937, -0.504007, -0.123519, -0.0911139, ],]
##############################################################################
clock_duration  =         16.7506
tau =                     0.24336
total_steps =             32
time_step =               0.007605
best_mc_result =          0.0327009
best_mc_result_non_secondary =          0.0327817
evolved_target_dot_squared =  0.967299
distance =          0.356512
j_protocol =  [[0, 0, 0, 0, 0, 0, 0, 0, 0, 0, 0, 0, 0, 0, 0, 0, 0, 0, 1, 1, 1, 1, 1, 1, 1, 1, 1, 1, 1, 1, 1, 1, ],[0, 0, 0, 0, 0, 0, 0, 0, 0, 0, 0, 0, 0, 0, 0, 0, 0, 0, 1, 1, 1, 1, 1, 1, 1, 1, 1, 1, 1, 1, 1, 1, ],]
k_protocol =  [[1, 1, 1, 1, 1, 1, 1, 1, 1, 1, 1, 1, 1, 1, 1, 1, 1, 1, 1, 1, 1, 1, 1, 1, 1, 1, 1, 1, 1, 1, 0, 0, ],[1, 1, 1, 1, 1, 1, 1, 1, 1, 1, 1, 1, 1, 1, 1, 1, 1, 1, 1, 1, 1, 1, 1, 1, 1, 1, 1, 1, 1, 1, 0, 0, ],]
j_protocol_secondary =  [0.0142673, 0.0142673, 0.124523, 0.124523, 0.139481, 0.236863, 0.236863, 0.24336, ]
k_protocol_secondary =  [0, 0.0630464, 0.0630464, 0.157917, 0.157917, 0.163616, 0.163616, 0.230716, ]
best_evolved_state = [-0.0968959, -0.0945059, -0.360128, -0.57764, -0.0968959, -0.0945059, -0.0968959, -0.0945059, -0.360128, -0.57764, -0.0968959, -0.0945059, ]
best_mc_result_fixed_tau =   [0.0327817, 0.0327817, ]
evolved_state_fixed_tau =   [[-0.0949146, -0.0973365, -0.36422, -0.574784, -0.0949146, -0.0973365, -0.0949146, -0.0973365, -0.36422, -0.574784, -0.0949146, -0.0973365, ],[-0.0949146, -0.0973365, -0.36422, -0.574784, -0.0949146, -0.0973365, -0.0949146, -0.0973365, -0.36422, -0.574784, -0.0949146, -0.0973365, ],]
##############################################################################
clock_duration  =         21.8721
tau =                     0.267696
total_steps =             32
time_step =               0.009126
best_mc_result =          0.0245641
best_mc_result_non_secondary =          0
evolved_target_dot_squared =  0.975436
distance =          0.267803
j_protocol =  [[0, 0, 0, 0, 0, 0, 0, 0, 0, 0, 0, 0, 0, 0, 0, 0, 0, 0, 0, 0, 0, 0, 0, 0, 0, 0, 0, 0, 0, 0, 0, 0, ],[0, 0, 0, 0, 0, 0, 0, 0, 0, 0, 0, 0, 0, 0, 0, 0, 0, 0, 0, 0, 0, 0, 0, 0, 0, 0, 0, 0, 0, 0, 0, 0, ],]
k_protocol =  [[0, 0, 0, 0, 0, 0, 0, 0, 0, 0, 0, 0, 0, 0, 0, 0, 0, 0, 0, 0, 0, 0, 0, 0, 0, 0, 0, 0, 0, 0, 0, 0, ],[0, 0, 0, 0, 0, 0, 0, 0, 0, 0, 0, 0, 0, 0, 0, 0, 0, 0, 0, 0, 0, 0, 0, 0, 0, 0, 0, 0, 0, 0, 0, 0, ],]
j_protocol_secondary =  [0.0781882, 0.0781882, 0.110988, 0.110988, 0.155093, 0.183625, 0.183625, 0.267696, ]
k_protocol_secondary =  [0, 0.0135955, 0.0135955, 0.038076, 0.038076, 0.217977, 0.217977, 0.254064, ]
best_evolved_state = [-0.0802627, -0.0936673, -0.306494, -0.612887, -0.0802627, -0.0936673, -0.0802627, -0.0936673, -0.306494, -0.612887, -0.0802627, -0.0936673, ]
best_mc_result_fixed_tau =   [0.0171791, 0.0171791, ]
evolved_state_fixed_tau =   [[-0.0658622, -0.0886921, -0.261355, -0.638189, -0.0658622, -0.0886921, -0.0658622, -0.0886921, -0.261355, -0.638189, -0.0658622, -0.0886921, ],[-0.0658622, -0.0886921, -0.261355, -0.638189, -0.0658622, -0.0886921, -0.0658622, -0.0886921, -0.261355, -0.638189, -0.0658622, -0.0886921, ],]
##############################################################################
clock_duration  =         23.1017
tau =                     0.279864
total_steps =             32
time_step =               0.009126
best_mc_result =          0.0207429
best_mc_result_non_secondary =          0
evolved_target_dot_squared =  0.979257
distance =          0.226143
j_protocol =  [[0, 0, 0, 0, 0, 0, 0, 0, 0, 0, 0, 0, 0, 0, 0, 0, 0, 0, 0, 0, 0, 0, 0, 0, 0, 0, 0, 0, 0, 0, 0, 0, ],[0, 0, 0, 0, 0, 0, 0, 0, 0, 0, 0, 0, 0, 0, 0, 0, 0, 0, 0, 0, 0, 0, 0, 0, 0, 0, 0, 0, 0, 0, 0, 0, ],]
k_protocol =  [[0, 0, 0, 0, 0, 0, 0, 0, 0, 0, 0, 0, 0, 0, 0, 0, 0, 0, 0, 0, 0, 0, 0, 0, 0, 0, 0, 0, 0, 0, 0, 0, ],[0, 0, 0, 0, 0, 0, 0, 0, 0, 0, 0, 0, 0, 0, 0, 0, 0, 0, 0, 0, 0, 0, 0, 0, 0, 0, 0, 0, 0, 0, 0, 0, ],]
j_protocol_secondary =  [0.0817422, 0.0817422, 0.116033, 0.116033, 0.163127, 0.191972, 0.191972, 0.279864, ]
k_protocol_secondary =  [0, 0.0142135, 0.0142135, 0.0398067, 0.0398067, 0.227885, 0.227885, 0.26568, ]
best_evolved_state = [-0.0719746, -0.0922961, -0.27897, -0.628314, -0.0719746, -0.0922961, -0.0719746, -0.0922961, -0.27897, -0.628314, -0.0719746, -0.0922961, ]
best_mc_result_fixed_tau =   [0.0171791, 0.0171791, ]
evolved_state_fixed_tau =   [[-0.0658622, -0.0886921, -0.261355, -0.638189, -0.0658622, -0.0886921, -0.0658622, -0.0886921, -0.261355, -0.638189, -0.0658622, -0.0886921, ],[-0.0658622, -0.0886921, -0.261355, -0.638189, -0.0658622, -0.0886921, -0.0658622, -0.0886921, -0.261355, -0.638189, -0.0658622, -0.0886921, ],]
##############################################################################
clock_duration  =         24.8424
tau =                     0.282906
total_steps =             32
time_step =               0.009126
best_mc_result =          0.0198197
best_mc_result_non_secondary =          0
evolved_target_dot_squared =  0.98018
distance =          0.216079
j_protocol =  [[0, 0, 0, 0, 0, 0, 0, 0, 0, 0, 0, 0, 0, 0, 0, 0, 0, 0, 0, 0, 0, 0, 0, 0, 0, 0, 0, 0, 0, 0, 0, 0, ],[0, 0, 0, 0, 0, 0, 0, 0, 0, 0, 0, 0, 0, 0, 0, 0, 0, 0, 0, 0, 0, 0, 0, 0, 0, 0, 0, 0, 0, 0, 0, 0, ],]
k_protocol =  [[0, 0, 0, 0, 0, 0, 0, 0, 0, 0, 0, 0, 0, 0, 0, 0, 0, 0, 0, 0, 0, 0, 0, 0, 0, 0, 0, 0, 0, 0, 0, 0, ],[0, 0, 0, 0, 0, 0, 0, 0, 0, 0, 0, 0, 0, 0, 0, 0, 0, 0, 0, 0, 0, 0, 0, 0, 0, 0, 0, 0, 0, 0, 0, 0, ],]
j_protocol_secondary =  [0.0826307, 0.0826307, 0.117294, 0.117294, 0.165067, 0.194058, 0.194058, 0.282906, ]
k_protocol_secondary =  [0, 0.014368, 0.014368, 0.0402394, 0.0402394, 0.230362, 0.230362, 0.268622, ]
best_evolved_state = [-0.0698269, -0.0919379, -0.271853, -0.632012, -0.0698269, -0.0919379, -0.0698269, -0.0919379, -0.271853, -0.632012, -0.0698269, -0.0919379, ]
best_mc_result_fixed_tau =   [0.0171791, 0.0171791, ]
evolved_state_fixed_tau =   [[-0.0658622, -0.0886921, -0.261355, -0.638189, -0.0658622, -0.0886921, -0.0658622, -0.0886921, -0.261355, -0.638189, -0.0658622, -0.0886921, ],[-0.0658622, -0.0886921, -0.261355, -0.638189, -0.0658622, -0.0886921, -0.0658622, -0.0886921, -0.261355, -0.638189, -0.0658622, -0.0886921, ],]
