START_PARAMETERS
MAX_STEPS_MCDB =               32
MIN_STEPS_MCDB =               4
STEPS_CRUNCH_MCDB =            1
SWEEPS_MCDB =                  100
TOTAL_STEP_CHANGES =                  6
MCBB_SECONDARY =                  1
SWEEPS_MCBB_SECONDARY =                  120
NUMBER_OF_BANGS =                  8
GROUND_E =                -2.00577
INITIAL_E =               -2.00577
j_initial =               0.024
k_initial =               0.5
b_initial =               0
j_target =                0.024
k_target =                0.5
b_target =                0
init_target_dot_squared = 1
init_state = [2.5193e-11, 0, 2.21296e-09, 0, 5.27449e-11, 0, 1.73596e-12, 0, 1.29439e-11, 0, 5.3328e-09, 0, 3.03864e-09, 0, 1.09657e-10, 0, 7.0959e-10, 0, 6.0193e-08, 0, 8.81074e-09, 0, 6.59654e-08, 0, 1.3357e-10, 0, 1.43701e-09, 0, 1.3034e-11, 0, 7.0959e-10, 0, 1.09657e-10, 0, 3.03864e-09, 0, 5.3328e-09, 0, 6.43593e-09, 0, 3.7843e-07, 0, 5.13353e-07, 0, 4.52248e-09, 0, 1.28761e-08, 0, 1.28001e-09, 0, 6.4198e-08, 0, 6.1977e-07, 0, 2.08642e-08, 0, 9.83525e-08, 0, 6.1977e-07, 0, 6.4198e-08, 0, 2.65309e-06, 0, 2.56002e-05, 0, 6.0941e-06, 0, 6.59868e-08, 0, 1.29439e-11, 0, 1.73596e-12, 0, 5.27449e-11, 0, 2.21296e-09, 0, 1.04213e-10, 0, 4.98594e-09, 0, 1.41624e-07, 0, 8.21646e-11, 0, 4.98594e-09, 0, 1.04213e-10, 0, 1.28001e-09, 0, 1.28761e-08, 0, 5.13353e-07, 0, 4.52248e-09, 0, 3.7843e-07, 0, 6.43593e-09, 0, 9.3676e-08, 0, 7.03937e-06, 0, 4.44269e-07, 0, 6.2656e-09, 0, 1.30342e-11, 0, 1.43701e-09, 0, 6.59654e-08, 0, 1.3357e-10, 0, 8.81074e-09, 0, 6.0193e-08, 0, 6.2656e-09, 0, 4.44269e-07, 0, 7.03937e-06, 0, 9.3676e-08, 0, 6.59868e-08, 0, 6.0941e-06, 0, 2.56002e-05, 0, 2.65309e-06, 0, 5.09757e-05, 0, 1.42875e-09, 0, 1.65941e-10, 0, 2.83256e-09, 0, 6.03209e-08, 0, 9.81587e-09, 0, 2.76346e-07, 0, 4.25913e-06, 0, 4.19555e-09, 0, 1.36744e-07, 0, 1.63534e-09, 0, 1.60197e-07, 0, 7.05211e-07, 0, 2.38113e-05, 0, 2.35017e-07, 0, 9.84617e-06, 0, 9.33046e-08, 0, 5.5393e-06, 0, 0.000186938, 0, 4.98932e-06, 0, 9.32997e-08, 0, 1.43701e-09, 0, 5.44119e-08, 0, 4.16252e-07, 0, 7.99839e-09, 0, 1.43241e-07, 0, 2.85542e-06, 0, 3.64363e-07, 0, 6.75246e-06, 0, 0.000306374, 0, 4.88652e-06, 0, 1.14137e-06, 0, 3.85061e-05, 0, 0.002118, 0, 0.000169238, 0, 0.00212406, 0, 1.29438e-11, 0, 1.42875e-09, 0, 1.01089e-07, 0, 1.02639e-10, 0, 9.46394e-09, 0, 4.56146e-08, 0, 5.38292e-09, 0, 5.388e-07, 0, 5.00683e-06, 0, 6.83647e-08, 0, 1.01082e-07, 0, 1.22211e-05, 0, 2.39913e-05, 0, 2.94173e-06, 0, 5.77675e-05, 0, 7.0959e-10, 0, 6.59654e-08, 0, 4.16252e-07, 0, 3.16589e-08, 0, 8.79511e-07, 0, 1.14102e-07, 0, 1.01082e-07, 0, 9.97445e-09, 0, 9.11746e-08, 0, 6.39796e-07, 0, 5.6992e-07, 0, 1.0925e-05, 0, 5.70352e-05, 0, 1.24649e-07, 0, 1.37156e-06, 0, 1.69205e-08, 0, 1.12749e-05, 0, 6.53288e-07, 0, 2.34676e-06, 0, 4.92743e-06, 0, 0.000102434, 0, 7.42626e-07, 0, 0.000203234, 0, 0.00423912, 0, 5.13963e-05, 0, 7.42626e-07, 0, 6.59868e-08, 0, 1.14137e-06, 0, 1.14102e-07, 0, 1.13865e-07, 0, 6.91095e-07, 0, 3.14973e-07, 0, 4.74938e-06, 0, 3.90821e-05, 0, 3.82543e-05, 0, 4.13029e-07, 0, 3.78029e-07, 0, 8.51012e-06, 0, 4.78866e-05, 0, 5.87204e-06, 0, 0.000115508, 0, 1.28001e-09, 0, 1.60197e-07, 0, 1.22211e-05, 0, 9.9541e-09, 0, 1.11246e-06, 0, 2.49433e-06, 0, 5.06071e-07, 0, 6.07267e-05, 0, 0.000310161, 0, 3.30746e-06, 0, 1.12749e-05, 0, 0.00140885, 0, 3.21598e-05, 0, 0.000103686, 0, 0.00424433, 0, 6.4198e-08, 0, 6.0941e-06, 0, 3.85061e-05, 0, 2.5189e-06, 0, 7.67786e-05, 0, 8.51012e-06, 0, 1.28761e-08, 0, 7.05211e-07, 0, 2.39913e-05, 0, 5.81744e-08, 0, 3.3124e-06, 0, 1.23079e-07, 0, 1.49204e-06, 0, 8.60548e-05, 0, 1.081e-05, 0, 1.32801e-07, 0, 6.53288e-07, 0, 3.21598e-05, 0, 5.14166e-05, 0, 6.39482e-06, 0, 0.000101922, 0, 6.1977e-07, 0, 2.56002e-05, 0, 0.002118, 0, 0.000101567, 0, 0.00212012, 0, 4.78866e-05, 0, 5.3328e-09, 0, 5.13353e-07, 0, 2.38113e-05, 0, 1.14068e-06, 0, 2.38358e-05, 0, 2.34676e-06, 0, 2.08642e-08, 0, 6.39796e-07, 0, 9.11746e-08, 0, 9.97445e-09, 0, 1.01082e-07, 0, 2.49433e-06, 0, 1.11246e-06, 0, 1.22211e-05, 0, 9.9541e-09, 0, 1.60197e-07, 0, 1.28001e-09, 0, 3.14973e-07, 0, 6.91095e-07, 0, 1.14102e-07, 0, 1.13865e-07, 0, 1.14137e-06, 0, 6.59868e-08, 0, 2.5189e-06, 0, 3.85061e-05, 0, 6.0941e-06, 0, 6.4198e-08, 0, 7.42626e-07, 0, 0.000102434, 0, 2.34676e-06, 0, 4.92743e-06, 0, 6.53288e-07, 0, 1.12749e-05, 0, 0.000103686, 0, 3.21598e-05, 0, 0.00140885, 0, 1.12749e-05, 0, 5.87204e-06, 0, 4.78866e-05, 0, 8.51012e-06, 0, 3.78029e-07, 0, 8.51012e-06, 0, 1.69205e-08, 0, 1.37156e-06, 0, 5.70352e-05, 0, 1.24649e-07, 0, 1.0925e-05, 0, 5.6992e-07, 0, 3.30746e-06, 0, 0.000310161, 0, 6.07267e-05, 0, 5.06071e-07, 0, 4.13029e-07, 0, 3.82543e-05, 0, 3.90821e-05, 0, 4.74938e-06, 0, 7.67786e-05, 0, 7.42626e-07, 0, 5.13963e-05, 0, 0.00423912, 0, 0.000203234, 0, 0.00424433, 0, 0.000115508, 0, 1.37156e-06, 0, 6.84517e-05, 0, 0.00282918, 0, 5.4423e-06, 0, 0.000338997, 0, 4.90292e-06, 0, 0.000136629, 0, 0.00850648, 0, 0.000308204, 0, 2.87056e-06, 0, 1.55346e-05, 0, 0.000551824, 0, 0.00212353, 0, 0.000169336, 0, 0.00212012, 0, 0.000102434, 0, 0.00423912, 0, 0.35272, 0, 0.0169098, 0, 0.352871, 0, 0.0056541, 0, 6.39796e-07, 0, 5.70352e-05, 0, 0.00282918, 0, 0.000135557, 0, 0.00283054, 0, 0.000135785, 0, 2.34676e-06, 0, 4.13029e-07, 0, 1.55346e-05, 0, 0.000135785, 0, 6.70563e-07, 0, 1.55346e-05, 0, 4.13029e-07, 0, 2.13596e-05, 0, 0.000551824, 0, 3.82543e-05, 0, 3.14973e-07, 0, 0.00027089, 0, 0.0056541, 0, 0.000115508, 0, 5.87204e-06, 0, 4.78866e-05, 0, 5.87204e-06, 0, 0.000115508, 0, 0.0056541, 0, 0.00027089, 0, 0.0056541, 0, 0.000180757, 0, 3.14973e-07, 0, 3.82543e-05, 0, 0.000551824, 0, 2.13596e-05, 0, 0.000559315, 0, 0.0056541, 0, 4.78866e-05, 0, 6.91095e-07, 0, 3.90821e-05, 0, 0.00212353, 0, 0.000101736, 0, 0.00212406, 0, 0.000115508, 0, 8.51012e-06, 0, 1.14102e-07, 0, 6.03209e-08, 0, 2.83256e-09, 0, 1.65941e-10, 0, 1.42875e-09, 0, 4.56146e-08, 0, 9.46394e-09, 0, 1.01089e-07, 0, 1.02639e-10, 0, 1.42875e-09, 0, 1.2944e-11, 0, 2.85542e-06, 0, 1.43241e-07, 0, 4.16252e-07, 0, 7.99839e-09, 0, 5.44119e-08, 0, 1.43701e-09, 0, 3.16589e-08, 0, 4.16252e-07, 0, 6.59654e-08, 0, 7.0959e-10, 0, 9.33046e-08, 0, 9.84617e-06, 0, 2.38113e-05, 0, 2.35017e-07, 0, 7.05211e-07, 0, 1.60197e-07, 0, 2.94173e-06, 0, 2.39913e-05, 0, 1.22211e-05, 0, 1.01082e-07, 0, 0.000169238, 0, 0.002118, 0, 3.85061e-05, 0, 1.14137e-06, 0, 1.14102e-07, 0, 1.63534e-09, 0, 1.36744e-07, 0, 4.25913e-06, 0, 4.19555e-09, 0, 2.76346e-07, 0, 9.81587e-09, 0, 6.83647e-08, 0, 5.00683e-06, 0, 5.388e-07, 0, 5.38292e-09, 0, 4.88652e-06, 0, 0.000306374, 0, 6.75246e-06, 0, 3.64363e-07, 0, 8.79511e-07, 0, 9.32997e-08, 0, 4.98932e-06, 0, 0.000186938, 0, 5.5393e-06, 0, 5.77675e-05, 0, 0.00212406, 0, 1.36926e-07, 0, 8.14125e-06, 0, 0.000135933, 0, 2.085e-07, 0, 8.14125e-06, 0, 1.36926e-07, 0, 3.80252e-06, 0, 0.000136012, 0, 4.27358e-06, 0, 6.04386e-08, 0, 0.00033881, 0, 0.00849759, 0, 0.000186888, 0, 9.84637e-06, 0, 2.38358e-05, 0, 9.84637e-06, 0, 0.000186888, 0, 0.00849759, 0, 0.00033881, 0, 0.00283054, 0, 0.000559315, 0, 6.04386e-08, 0, 4.27358e-06, 0, 0.000136012, 0, 3.80252e-06, 0, 4.5306e-05, 0, 0.00283054, 0, 2.38358e-05, 0, 4.90292e-06, 0, 0.000338997, 0, 0.00282918, 0, 5.4423e-06, 0, 6.84517e-05, 0, 1.37156e-06, 0, 0.000135557, 0, 0.00282918, 0, 5.70352e-05, 0, 6.39796e-07, 0, 0.0169098, 0, 0.35272, 0, 0.00423912, 0, 0.000102434, 0, 2.34676e-06, 0, 0.000169336, 0, 0.00212353, 0, 0.000551824, 0, 1.55346e-05, 0, 0.000135785, 0, 0.0056541, 0, 2.87056e-06, 0, 0.000308204, 0, 0.00850648, 0, 0.000136629, 0, 0.00283054, 0, 0.352871, 0, 0.00212012, 0, 1.75967e-07, 0, 8.58357e-06, 0, 0.000187153, 0, 4.9334e-06, 0, 5.77675e-05, 0, 0.00424433, 0, 7.67786e-05, 0, 8.79511e-07, 0, 1.23079e-07, 0, 3.3124e-06, 0, 2.39913e-05, 0, 5.81744e-08, 0, 7.05211e-07, 0, 1.28761e-08, 0, 1.14068e-06, 0, 2.38113e-05, 0, 5.13353e-07, 0, 5.3328e-09, 0, 0.000101567, 0, 0.002118, 0, 2.56002e-05, 0, 6.1977e-07, 0, 2.08642e-08, 0, 6.39482e-06, 0, 5.14166e-05, 0, 3.21598e-05, 0, 6.53288e-07, 0, 2.34676e-06, 0, 4.78866e-05, 0, 1.32801e-07, 0, 1.081e-05, 0, 8.60548e-05, 0, 1.49204e-06, 0, 2.38358e-05, 0, 0.00212012, 0, 0.000101922, 0, 4.9334e-06, 0, 0.000187153, 0, 8.58357e-06, 0, 1.75967e-07, 0, 8.79511e-07, 0, 7.67786e-05, 0, 0.00424433, 0, 5.77675e-05, 0, 0.000101736, 0, 0.00212353, 0, 3.90821e-05, 0, 6.91095e-07, 0, 1.14102e-07, 0, 8.51012e-06, 0, 0.000115508, 0, 0.00212406, 0, 5.09757e-05, 0, 2.52564e-09, 0, 1.27724e-10, 0, 9.39634e-12, 0, 1.02639e-10, 0, 4.61537e-09, 0, 7.96606e-10, 0, 9.46394e-09, 0, 9.39634e-12, 0, 1.65941e-10, 0, 1.73595e-12, 0, 1.36926e-07, 0, 7.78391e-09, 0, 3.16589e-08, 0, 5.87102e-10, 0, 7.99839e-09, 0, 1.3357e-10, 0, 7.78391e-09, 0, 1.43241e-07, 0, 8.81074e-09, 0, 1.09657e-10, 0, 4.04344e-09, 0, 4.13071e-07, 0, 1.14068e-06, 0, 1.19487e-08, 0, 5.81744e-08, 0, 9.9541e-09, 0, 3.75466e-07, 0, 3.3124e-06, 0, 1.11246e-06, 0, 9.97445e-09, 0, 8.11371e-06, 0, 0.000101567, 0, 2.5189e-06, 0, 1.13865e-07, 0, 6.91095e-07, 0, 6.86383e-11, 0, 5.76918e-09, 0, 1.71603e-07, 0, 1.91238e-10, 0, 1.11004e-08, 0, 5.07737e-10, 0, 6.87121e-09, 0, 4.39773e-07, 0, 4.46069e-08, 0, 4.55107e-10, 0, 2.34225e-07, 0, 1.46874e-05, 0, 3.45805e-07, 0, 2.12553e-08, 0, 1.75967e-07, 0, 4.04344e-09, 0, 2.09415e-07, 0, 6.52125e-06, 0, 1.99292e-07, 0, 4.9334e-06, 0, 0.000101736, 0, 5.76918e-09, 0, 3.50854e-07, 0, 4.89038e-06, 0, 9.77895e-09, 0, 2.99748e-07, 0, 6.15965e-09, 0, 3.77015e-07, 0, 1.14112e-05, 0, 4.06976e-07, 0, 4.25136e-09, 0, 1.62328e-05, 0, 0.000407022, 0, 7.135e-06, 0, 3.48192e-07, 0, 1.49204e-06, 0, 4.13071e-07, 0, 6.52125e-06, 0, 0.000204519, 0, 8.69688e-06, 0, 0.000136629, 0, 2.13596e-05, 0, 2.52564e-09, 0, 1.71603e-07, 0, 4.89038e-06, 0, 1.39063e-07, 0, 3.80252e-06, 0, 0.000135557, 0, 1.14068e-06, 0, 2.34225e-07, 0, 1.62328e-05, 0, 0.000135557, 0, 3.642e-07, 0, 5.4423e-06, 0, 1.24649e-07, 0, 1.62328e-05, 0, 0.000338997, 0, 1.0925e-05, 0, 9.11746e-08, 0, 0.000810503, 0, 0.0169098, 0, 0.000203234, 0, 4.92743e-06, 0, 6.53288e-07, 0, 8.11371e-06, 0, 0.000101736, 0, 2.13596e-05, 0, 6.70563e-07, 0, 1.55346e-05, 0, 0.00027089, 0, 1.36926e-07, 0, 1.46874e-05, 0, 0.000407022, 0, 8.69688e-06, 0, 0.00033881, 0, 0.0169098, 0, 0.000101567, 0, 7.78391e-09, 0, 3.45805e-07, 0, 7.135e-06, 0, 1.99292e-07, 0, 5.5393e-06, 0, 0.000203234, 0, 2.5189e-06, 0, 3.16589e-08, 0, 1.31165e-08, 0, 3.75466e-07, 0, 2.94173e-06, 0, 1.19487e-08, 0, 2.35017e-07, 0, 4.52248e-09, 0, 4.13071e-07, 0, 9.84617e-06, 0, 3.7843e-07, 0, 3.03864e-09, 0, 8.11371e-06, 0, 0.000169238, 0, 2.65309e-06, 0, 9.83525e-08, 0, 6.1977e-07, 0, 6.95035e-07, 0, 6.39482e-06, 0, 0.000103686, 0, 4.92743e-06, 0, 0.000102434, 0, 5.87204e-06, 0, 1.31165e-08, 0, 1.03781e-06, 0, 1.1445e-05, 0, 3.48192e-07, 0, 9.84637e-06, 0, 0.000169336, 0, 6.39482e-06, 0, 3.75466e-07, 0, 1.1445e-05, 0, 7.64797e-07, 0, 2.12553e-08, 0, 3.64363e-07, 0, 4.74938e-06, 0, 0.000103686, 0, 2.94173e-06, 0, 8.11371e-06, 0, 0.000169336, 0, 4.74938e-06, 0, 1.13865e-07, 0, 1.14137e-06, 0, 3.78029e-07, 0, 5.87204e-06, 0, 0.000169238, 0, 2.65309e-06, 0, 2.03505e-10, 0, 4.61537e-09, 0, 4.56146e-08, 0, 1.27724e-10, 0, 2.83256e-09, 0, 5.27449e-11, 0, 2.52564e-09, 0, 6.03209e-08, 0, 2.21296e-09, 0, 2.51928e-11, 0, 1.36926e-07, 0, 2.85542e-06, 0, 6.0193e-08, 0, 3.03864e-09, 0, 5.3328e-09, 0, 1.31165e-08, 0, 1.23079e-07, 0, 2.49433e-06, 0, 9.11746e-08, 0, 6.39796e-07, 0, 3.14973e-07, 0, 2.1703e-10, 0, 1.621e-08, 0, 1.56043e-07, 0, 4.25136e-09, 0, 6.04386e-08, 0, 2.87056e-06, 0, 1.32801e-07, 0, 6.87121e-09, 0, 2.24202e-07, 0, 2.41544e-08, 0, 4.55107e-10, 0, 5.38292e-09, 0, 5.06071e-07, 0, 3.30746e-06, 0, 6.83647e-08, 0, 2.34225e-07, 0, 4.90292e-06, 0, 5.6992e-07, 0, 9.97445e-09, 0, 1.01082e-07, 0, 1.12749e-05, 0, 4.13029e-07, 0, 4.88652e-06, 0, 9.3676e-08, 0, 4.04344e-09, 0, 9.33046e-08, 0, 6.43593e-09, 0, 1.09657e-10, 0, 7.0959e-10, 0, 6.4198e-08, 0, 7.42626e-07, 0, 9.32997e-08, 0, 6.2656e-09, 0, 6.59868e-08, 0, 6.04386e-08, 0, 4.25136e-09, 0, 4.55107e-10, 0, 5.38292e-09, 0, 1.56043e-07, 0, 4.46069e-08, 0, 5.388e-07, 0, 5.07737e-10, 0, 9.81587e-09, 0, 1.04213e-10, 0, 2.87056e-06, 0, 1.75967e-07, 0, 8.79511e-07, 0, 2.12553e-08, 0, 3.64363e-07, 0, 6.2656e-09, 0, 3.45805e-07, 0, 6.75246e-06, 0, 4.44269e-07, 0, 6.43593e-09, 0, 9.32997e-08, 0, 9.84637e-06, 0, 2.38358e-05, 0, 3.48192e-07, 0, 1.49204e-06, 0, 5.06071e-07, 0, 1.1445e-05, 0, 8.60548e-05, 0, 6.07267e-05, 0, 5.6992e-07, 0, 0.000169336, 0, 0.00212012, 0, 7.67786e-05, 0, 4.74938e-06, 0, 3.90821e-05, 0, 1.63534e-09, 0, 1.36926e-07, 0, 4.27358e-06, 0, 6.15965e-09, 0, 4.06976e-07, 0, 2.41544e-08, 0, 2.24202e-07, 0, 1.56427e-05, 0, 2.409e-06, 0, 2.41544e-08, 0, 4.90292e-06, 0, 0.000308204, 0, 8.58357e-06, 0, 7.64797e-07, 0, 8.58357e-06, 0, 9.33046e-08, 0, 4.98932e-06, 0, 0.000186888, 0, 7.135e-06, 0, 0.000187153, 0, 0.00212353, 0, 1.36744e-07, 0, 8.14125e-06, 0, 0.000136012, 0, 2.99748e-07, 0, 1.14112e-05, 0, 2.24202e-07, 0, 1.14112e-05, 0, 0.000408432, 0, 1.56427e-05, 0, 1.56043e-07, 0, 0.000338997, 0, 0.00850648, 0, 0.000187153, 0, 1.1445e-05, 0, 8.60548e-05, 0, 9.84617e-06, 0, 0.000186938, 0, 0.00849759, 0, 0.000407022, 0, 0.00850648, 0, 0.000551824, 0, 6.03209e-08, 0, 4.25913e-06, 0, 0.000135933, 0, 4.89038e-06, 0, 0.000136012, 0, 0.00282918, 0, 2.38113e-05, 0, 4.88652e-06, 0, 0.00033881, 0, 0.00283054, 0, 8.69688e-06, 0, 0.000136629, 0, 3.30746e-06, 0, 0.000407022, 0, 0.00850648, 0, 0.000310161, 0, 2.49433e-06, 0, 0.0169098, 0, 0.352871, 0, 0.00424433, 0, 0.000103686, 0, 3.21598e-05, 0, 0.000169238, 0, 0.00212406, 0, 0.000559315, 0, 2.13596e-05, 0, 0.000551824, 0, 0.0056541, 0, 2.85542e-06, 0, 0.000306374, 0, 0.00849759, 0, 0.000204519, 0, 0.00849759, 0, 0.35272, 0, 0.002118, 0, 1.43241e-07, 0, 6.75246e-06, 0, 0.000186888, 0, 6.52125e-06, 0, 0.000186938, 0, 0.00423912, 0, 3.85061e-05, 0, 4.16252e-07, 0, 1.32801e-07, 0, 4.9334e-06, 0, 5.77675e-05, 0, 1.99292e-07, 0, 5.5393e-06, 0, 9.3676e-08, 0, 6.52125e-06, 0, 0.000186938, 0, 7.03937e-06, 0, 6.0193e-08, 0, 0.000101736, 0, 0.00212406, 0, 5.09757e-05, 0, 2.65309e-06, 0, 2.56002e-05, 0, 6.39482e-06, 0, 0.000101922, 0, 0.00424433, 0, 0.000203234, 0, 0.00423912, 0, 0.000115508, 0, 1.23079e-07, 0, 1.081e-05, 0, 0.000187153, 0, 7.135e-06, 0, 0.000186888, 0, 0.00212353, 0, 5.14166e-05, 0, 3.3124e-06, 0, 8.60548e-05, 0, 8.58357e-06, 0, 3.45805e-07, 0, 6.75246e-06, 0, 3.90821e-05, 0, 3.21598e-05, 0, 2.39913e-05, 0, 0.000101567, 0, 0.00212012, 0, 7.67786e-05, 0, 2.5189e-06, 0, 3.85061e-05, 0, 8.51012e-06, 0, 4.78866e-05, 0, 0.002118, 0, 2.56002e-05, 0, 1.621e-08, 0, 4.39773e-07, 0, 5.00683e-06, 0, 1.11004e-08, 0, 2.76346e-07, 0, 4.98594e-09, 0, 1.71603e-07, 0, 4.25913e-06, 0, 1.41624e-07, 0, 2.21296e-09, 0, 1.46874e-05, 0, 0.000306374, 0, 7.03937e-06, 0, 3.7843e-07, 0, 5.13353e-07, 0, 1.03781e-06, 0, 1.081e-05, 0, 0.000310161, 0, 1.0925e-05, 0, 5.70352e-05, 0, 3.82543e-05, 0, 1.621e-08, 0, 1.26685e-06, 0, 1.56427e-05, 0, 4.06976e-07, 0, 4.27358e-06, 0, 0.000308204, 0, 1.081e-05, 0, 4.39773e-07, 0, 1.56427e-05, 0, 2.409e-06, 0, 4.46069e-08, 0, 5.388e-07, 0, 6.07267e-05, 0, 0.000310161, 0, 5.00683e-06, 0, 1.46874e-05, 0, 0.000308204, 0, 6.07267e-05, 0, 1.11246e-06, 0, 1.22211e-05, 0, 0.00140885, 0, 3.82543e-05, 0, 0.000306374, 0, 7.03937e-06, 0, 2.09415e-07, 0, 4.98932e-06, 0, 4.44269e-07, 0, 8.81074e-09, 0, 6.59654e-08, 0, 6.0941e-06, 0, 5.13963e-05, 0, 4.98932e-06, 0, 4.44269e-07, 0, 6.0941e-06, 0, 2.1703e-10, 0, 6.87121e-09, 0, 6.83647e-08, 0, 1.91238e-10, 0, 4.19555e-09, 0, 8.21646e-11, 0, 5.76918e-09, 0, 1.36744e-07, 0, 4.98594e-09, 0, 5.27449e-11, 0, 2.34225e-07, 0, 4.88652e-06, 0, 9.3676e-08, 0, 4.52248e-09, 0, 1.28761e-08, 0, 1.31165e-08, 0, 1.32801e-07, 0, 3.30746e-06, 0, 1.24649e-07, 0, 1.37156e-06, 0, 4.13029e-07, 0, 2.03505e-10, 0, 1.621e-08, 0, 2.24202e-07, 0, 6.15965e-09, 0, 1.36926e-07, 0, 4.90292e-06, 0, 1.23079e-07, 0, 4.61537e-09, 0, 1.56043e-07, 0, 2.41544e-08, 0, 5.07737e-10, 0, 9.81587e-09, 0, 5.6992e-07, 0, 2.49433e-06, 0, 4.56146e-08, 0, 1.36926e-07, 0, 2.87056e-06, 0, 5.06071e-07, 0, 9.9541e-09, 0, 1.60197e-07, 0, 1.12749e-05, 0, 3.14973e-07, 0, 2.85542e-06, 0, 6.0193e-08, 0, 4.04344e-09, 0, 9.32997e-08, 0, 6.2656e-09, 0, 1.3357e-10, 0, 1.43701e-09, 0, 6.59868e-08, 0, 7.42626e-07, 0, 9.33046e-08, 0, 6.43593e-09, 0, 6.4198e-08, 0, 6.86383e-11, 0, 1.63534e-09, 0, 1.04213e-10, 0, 1.73595e-12, 0, 1.29443e-11, 0, 1.28001e-09, 0, 1.69205e-08, 0, 1.63534e-09, 0, 1.04213e-10, 0, 1.28001e-09, 0, 1.30342e-11, 0, 5.38292e-09, 0, 4.55107e-10, 0, 4.25136e-09, 0, 6.04386e-08, 0, 2.41544e-08, 0, 4.06976e-07, 0, 4.27358e-06, 0, 6.15965e-09, 0, 1.36926e-07, 0, 1.63534e-09, 0, 5.06071e-07, 0, 1.49204e-06, 0, 2.38358e-05, 0, 3.48192e-07, 0, 9.84637e-06, 0, 9.32997e-08, 0, 7.135e-06, 0, 0.000186888, 0, 4.98932e-06, 0, 9.33046e-08, 0, 6.2656e-09, 0, 3.64363e-07, 0, 8.79511e-07, 0, 2.12553e-08, 0, 1.75967e-07, 0, 2.87056e-06, 0, 7.64797e-07, 0, 8.58357e-06, 0, 0.000308204, 0, 4.90292e-06, 0, 4.74938e-06, 0, 7.67786e-05, 0, 0.00212012, 0, 0.000169336, 0, 0.00212353, 0, 1.04213e-10, 0, 9.81587e-09, 0, 5.388e-07, 0, 5.07737e-10, 0, 4.46069e-08, 0, 1.56043e-07, 0, 2.41544e-08, 0, 2.409e-06, 0, 1.56427e-05, 0, 2.24202e-07, 0, 5.6992e-07, 0, 6.07267e-05, 0, 8.60548e-05, 0, 1.1445e-05, 0, 0.000187153, 0, 6.43593e-09, 0, 4.44269e-07, 0, 6.75246e-06, 0, 3.45805e-07, 0, 8.58357e-06, 0, 3.90821e-05, 0, 4.98594e-09, 0, 2.76346e-07, 0, 5.00683e-06, 0, 1.11004e-08, 0, 4.39773e-07, 0, 1.621e-08, 0, 4.06976e-07, 0, 1.56427e-05, 0, 1.26685e-06, 0, 1.621e-08, 0, 1.0925e-05, 0, 0.000310161, 0, 1.081e-05, 0, 1.03781e-06, 0, 1.081e-05, 0, 3.7843e-07, 0, 7.03937e-06, 0, 0.000306374, 0, 1.46874e-05, 0, 0.000308204, 0, 3.82543e-05, 0, 2.21296e-09, 0, 1.41624e-07, 0, 4.25913e-06, 0, 1.71603e-07, 0, 4.27358e-06, 0, 5.70352e-05, 0, 5.13353e-07, 0, 9.3676e-08, 0, 5.5393e-06, 0, 5.77675e-05, 0, 1.99292e-07, 0, 4.9334e-06, 0, 1.32801e-07, 0, 7.135e-06, 0, 0.000187153, 0, 1.081e-05, 0, 1.23079e-07, 0, 0.000203234, 0, 0.00424433, 0, 0.000101922, 0, 6.39482e-06, 0, 5.14166e-05, 0, 2.65309e-06, 0, 5.09757e-05, 0, 0.00212406, 0, 0.000101736, 0, 0.00212353, 0, 0.000115508, 0, 6.0193e-08, 0, 7.03937e-06, 0, 0.000186938, 0, 6.52125e-06, 0, 0.000186888, 0, 0.00423912, 0, 2.56002e-05, 0, 8.81074e-09, 0, 4.44269e-07, 0, 4.98932e-06, 0, 2.09415e-07, 0, 4.98932e-06, 0, 5.13963e-05, 0, 6.0941e-06, 0, 6.59654e-08, 0, 3.30746e-06, 0, 0.000136629, 0, 0.00283054, 0, 8.69688e-06, 0, 0.00033881, 0, 4.88652e-06, 0, 0.000204519, 0, 0.00849759, 0, 0.000306374, 0, 2.85542e-06, 0, 2.13596e-05, 0, 0.000559315, 0, 0.00212406, 0, 0.000169238, 0, 0.002118, 0, 0.000103686, 0, 0.00424433, 0, 0.352871, 0, 0.0169098, 0, 0.35272, 0, 0.0056541, 0, 2.49433e-06, 0, 0.000310161, 0, 0.00850648, 0, 0.000407022, 0, 0.00849759, 0, 0.000551824, 0, 3.21598e-05, 0, 1.11246e-06, 0, 6.07267e-05, 0, 0.000308204, 0, 1.46874e-05, 0, 0.000306374, 0, 3.82543e-05, 0, 0.00140885, 0, 1.22211e-05, 0, 2.5189e-06, 0, 7.67786e-05, 0, 0.00212012, 0, 0.000101567, 0, 0.002118, 0, 4.78866e-05, 0, 8.51012e-06, 0, 3.85061e-05, 0, 6.0941e-06, 0, 2.24202e-07, 0, 1.14112e-05, 0, 0.000136012, 0, 2.99748e-07, 0, 8.14125e-06, 0, 1.36744e-07, 0, 4.89038e-06, 0, 0.000135933, 0, 4.25913e-06, 0, 6.03209e-08, 0, 0.000407022, 0, 0.00849759, 0, 0.000186938, 0, 9.84617e-06, 0, 2.38113e-05, 0, 1.1445e-05, 0, 0.000187153, 0, 0.00850648, 0, 0.000338997, 0, 0.00282918, 0, 0.000551824, 0, 1.56043e-07, 0, 1.56427e-05, 0, 0.000408432, 0, 1.14112e-05, 0, 0.000136012, 0, 0.00850648, 0, 8.60548e-05, 0, 4.46069e-08, 0, 2.409e-06, 0, 1.56427e-05, 0, 4.39773e-07, 0, 5.00683e-06, 0, 0.000310161, 0, 6.07267e-05, 0, 5.388e-07, 0, 3.45805e-07, 0, 8.58357e-06, 0, 8.60548e-05, 0, 3.3124e-06, 0, 2.39913e-05, 0, 3.21598e-05, 0, 3.90821e-05, 0, 6.75246e-06, 0, 4.44269e-07, 0, 6.52125e-06, 0, 0.000186888, 0, 6.75246e-06, 0, 1.43241e-07, 0, 4.16252e-07, 0, 3.85061e-05, 0, 0.00423912, 0, 0.000186938, 0, 7.03937e-06, 0, 2.56002e-05, 0, 6.87121e-09, 0, 3.77015e-07, 0, 3.80252e-06, 0, 9.77895e-09, 0, 2.085e-07, 0, 4.19555e-09, 0, 3.50854e-07, 0, 8.14125e-06, 0, 2.76346e-07, 0, 2.83256e-09, 0, 1.62328e-05, 0, 0.00033881, 0, 5.5393e-06, 0, 2.35017e-07, 0, 7.05211e-07, 0, 3.75466e-07, 0, 4.9334e-06, 0, 0.000136629, 0, 5.4423e-06, 0, 6.84517e-05, 0, 1.55346e-05, 0, 4.61537e-09, 0, 4.39773e-07, 0, 1.14112e-05, 0, 2.99748e-07, 0, 8.14125e-06, 0, 0.000338997, 0, 3.3124e-06, 0, 7.96606e-10, 0, 4.46069e-08, 0, 4.06976e-07, 0, 1.11004e-08, 0, 2.76346e-07, 0, 1.0925e-05, 0, 1.11246e-06, 0, 9.46394e-09, 0, 7.78391e-09, 0, 1.75967e-07, 0, 1.49204e-06, 0, 5.81744e-08, 0, 7.05211e-07, 0, 6.53288e-07, 0, 6.91095e-07, 0, 1.43241e-07, 0, 8.81074e-09, 0, 4.13071e-07, 0, 9.84637e-06, 0, 3.64363e-07, 0, 7.99839e-09, 0, 5.44119e-08, 0, 1.14137e-06, 0, 0.000102434, 0, 9.84617e-06, 0, 3.7843e-07, 0, 6.1977e-07, 0, 5.76918e-09, 0, 1.36926e-07, 0, 9.81587e-09, 0, 1.65941e-10, 0, 1.42875e-09, 0, 1.60197e-07, 0, 1.37156e-06, 0, 1.36744e-07, 0, 4.98594e-09, 0, 1.28761e-08, 0, 1.43701e-09, 0, 6.83647e-08, 0, 3.80252e-06, 0, 4.5306e-05, 0, 1.39063e-07, 0, 3.80252e-06, 0, 6.83647e-08, 0, 4.89038e-06, 0, 0.000136012, 0, 5.00683e-06, 0, 4.56146e-08, 0, 0.000135557, 0, 0.00283054, 0, 5.77675e-05, 0, 2.94173e-06, 0, 2.39913e-05, 0, 2.94173e-06, 0, 5.77675e-05, 0, 0.00283054, 0, 0.000135557, 0, 0.00282918, 0, 0.000135785, 0, 4.56146e-08, 0, 5.00683e-06, 0, 0.000136012, 0, 4.89038e-06, 0, 0.000135933, 0, 0.00282918, 0, 2.39913e-05, 0, 9.46394e-09, 0, 5.388e-07, 0, 4.27358e-06, 0, 1.71603e-07, 0, 4.25913e-06, 0, 5.70352e-05, 0, 1.22211e-05, 0, 1.01089e-07, 0, 3.16589e-08, 0, 8.79511e-07, 0, 2.38358e-05, 0, 1.14068e-06, 0, 2.38113e-05, 0, 2.34676e-06, 0, 1.14102e-07, 0, 4.16252e-07, 0, 6.59654e-08, 0, 1.14068e-06, 0, 2.38358e-05, 0, 8.79511e-07, 0, 3.16589e-08, 0, 4.16252e-07, 0, 1.14102e-07, 0, 2.34676e-06, 0, 2.38113e-05, 0, 5.13353e-07, 0, 2.08642e-08, 0, 1.71603e-07, 0, 4.27358e-06, 0, 5.388e-07, 0, 9.46394e-09, 0, 1.01089e-07, 0, 1.22211e-05, 0, 5.70352e-05, 0, 4.25913e-06, 0, 1.41624e-07, 0, 5.13353e-07, 0, 6.59654e-08, 0, 2.52564e-09, 0, 6.04386e-08, 0, 5.38292e-09, 0, 1.02639e-10, 0, 1.42875e-09, 0, 1.01082e-07, 0, 6.39796e-07, 0, 6.03209e-08, 0, 2.21296e-09, 0, 5.3328e-09, 0, 7.0959e-10, 0, 1.29436e-11, 0, 1.02639e-10, 0, 9.39634e-12, 0, 1.27724e-10, 0, 2.52564e-09, 0, 5.07737e-10, 0, 1.11004e-08, 0, 1.71603e-07, 0, 1.91238e-10, 0, 5.76918e-09, 0, 6.86383e-11, 0, 9.9541e-09, 0, 5.81744e-08, 0, 1.14068e-06, 0, 1.19487e-08, 0, 4.13071e-07, 0, 4.04344e-09, 0, 1.99292e-07, 0, 6.52125e-06, 0, 2.09415e-07, 0, 4.04344e-09, 0, 1.3357e-10, 0, 7.99839e-09, 0, 3.16589e-08, 0, 5.87102e-10, 0, 7.78391e-09, 0, 1.36926e-07, 0, 2.12553e-08, 0, 3.45805e-07, 0, 1.46874e-05, 0, 2.34225e-07, 0, 1.13865e-07, 0, 2.5189e-06, 0, 0.000101567, 0, 8.11371e-06, 0, 0.000101736, 0, 1.73596e-12, 0, 1.65941e-10, 0, 9.46394e-09, 0, 9.39634e-12, 0, 7.96606e-10, 0, 4.61537e-09, 0, 4.55107e-10, 0, 4.46069e-08, 0, 4.39773e-07, 0, 6.87121e-09, 0, 9.97445e-09, 0, 1.11246e-06, 0, 3.3124e-06, 0, 3.75466e-07, 0, 4.9334e-06, 0, 1.09657e-10, 0, 8.81074e-09, 0, 1.43241e-07, 0, 7.78391e-09, 0, 1.75967e-07, 0, 6.91095e-07, 0, 5.27449e-11, 0, 2.83256e-09, 0, 4.56146e-08, 0, 1.27724e-10, 0, 4.61537e-09, 0, 2.03505e-10, 0, 4.25136e-09, 0, 1.56043e-07, 0, 1.621e-08, 0, 2.1703e-10, 0, 9.11746e-08, 0, 2.49433e-06, 0, 1.23079e-07, 0, 1.31165e-08, 0, 1.32801e-07, 0, 3.03864e-09, 0, 6.0193e-08, 0, 2.85542e-06, 0, 1.36926e-07, 0, 2.87056e-06, 0, 3.14973e-07, 0, 2.51931e-11, 0, 2.21296e-09, 0, 6.03209e-08, 0, 2.52564e-09, 0, 6.04386e-08, 0, 6.39796e-07, 0, 5.3328e-09, 0, 4.52248e-09, 0, 2.35017e-07, 0, 2.94173e-06, 0, 1.19487e-08, 0, 3.75466e-07, 0, 1.31165e-08, 0, 3.48192e-07, 0, 1.1445e-05, 0, 1.03781e-06, 0, 1.31165e-08, 0, 4.92743e-06, 0, 0.000103686, 0, 6.39482e-06, 0, 6.95035e-07, 0, 6.39482e-06, 0, 9.83525e-08, 0, 2.65309e-06, 0, 0.000169238, 0, 8.11371e-06, 0, 0.000169336, 0, 5.87204e-06, 0, 3.03864e-09, 0, 3.7843e-07, 0, 9.84617e-06, 0, 4.13071e-07, 0, 9.84637e-06, 0, 0.000102434, 0, 6.1977e-07, 0, 1.09657e-10, 0, 6.43593e-09, 0, 9.33046e-08, 0, 4.04344e-09, 0, 9.32997e-08, 0, 7.42626e-07, 0, 6.4198e-08, 0, 7.0959e-10, 0, 1.24649e-07, 0, 5.4423e-06, 0, 0.000135557, 0, 3.642e-07, 0, 1.62328e-05, 0, 2.34225e-07, 0, 8.69688e-06, 0, 0.000407022, 0, 1.46874e-05, 0, 1.36926e-07, 0, 6.70563e-07, 0, 2.13596e-05, 0, 0.000101736, 0, 8.11371e-06, 0, 0.000101567, 0, 4.92743e-06, 0, 0.000203234, 0, 0.0169098, 0, 0.000810503, 0, 0.0169098, 0, 0.00027089, 0, 9.11746e-08, 0, 1.0925e-05, 0, 0.000338997, 0, 1.62328e-05, 0, 0.00033881, 0, 1.55346e-05, 0, 6.53288e-07, 0, 9.97445e-09, 0, 5.6992e-07, 0, 4.90292e-06, 0, 2.34225e-07, 0, 4.88652e-06, 0, 4.13029e-07, 0, 1.12749e-05, 0, 1.01082e-07, 0, 1.13865e-07, 0, 4.74938e-06, 0, 0.000169336, 0, 8.11371e-06, 0, 0.000169238, 0, 5.87204e-06, 0, 3.78029e-07, 0, 1.14137e-06, 0, 6.59868e-08, 0, 6.15965e-09, 0, 2.99748e-07, 0, 4.89038e-06, 0, 9.77895e-09, 0, 3.50854e-07, 0, 5.76918e-09, 0, 1.39063e-07, 0, 4.89038e-06, 0, 1.71603e-07, 0, 2.52564e-09, 0, 8.69688e-06, 0, 0.000204519, 0, 6.52125e-06, 0, 4.13071e-07, 0, 1.14068e-06, 0, 3.48192e-07, 0, 7.135e-06, 0, 0.000407022, 0, 1.62328e-05, 0, 0.000135557, 0, 2.13596e-05, 0, 4.25136e-09, 0, 4.06976e-07, 0, 1.14112e-05, 0, 3.77015e-07, 0, 3.80252e-06, 0, 0.000136629, 0, 1.49204e-06, 0, 4.55107e-10, 0, 2.41544e-08, 0, 2.24202e-07, 0, 6.87121e-09, 0, 6.83647e-08, 0, 3.30746e-06, 0, 5.06071e-07, 0, 5.38292e-09, 0, 2.12553e-08, 0, 7.64797e-07, 0, 1.1445e-05, 0, 3.75466e-07, 0, 2.94173e-06, 0, 0.000103686, 0, 4.74938e-06, 0, 3.64363e-07, 0, 6.2656e-09, 0, 1.99292e-07, 0, 7.135e-06, 0, 3.45805e-07, 0, 7.78391e-09, 0, 3.16589e-08, 0, 2.5189e-06, 0, 0.000203234, 0, 5.5393e-06, 0, 9.3676e-08, 0, 2.65309e-06, 0, 1.91238e-10, 0, 9.77895e-09, 0, 1.39063e-07, 0, 3.12626e-10, 0, 9.77895e-09, 0, 1.91238e-10, 0, 9.77895e-09, 0, 2.99748e-07, 0, 1.11004e-08, 0, 1.27724e-10, 0, 3.642e-07, 0, 8.69688e-06, 0, 1.99292e-07, 0, 1.19487e-08, 0, 5.81744e-08, 0, 1.19487e-08, 0, 1.99292e-07, 0, 8.69688e-06, 0, 3.642e-07, 0, 5.4423e-06, 0, 6.70563e-07, 0, 1.27724e-10, 0, 1.11004e-08, 0, 2.99748e-07, 0, 9.77895e-09, 0, 2.085e-07, 0, 5.4423e-06, 0, 5.81744e-08, 0, 9.39634e-12, 0, 5.07737e-10, 0, 6.15965e-09, 0, 1.91238e-10, 0, 4.19555e-09, 0, 1.24649e-07, 0, 9.9541e-09, 0, 1.02639e-10, 0, 5.87102e-10, 0, 2.12553e-08, 0, 3.48192e-07, 0, 1.19487e-08, 0, 2.35017e-07, 0, 4.92743e-06, 0, 1.13865e-07, 0, 7.99839e-09, 0, 1.3357e-10, 0, 1.19487e-08, 0, 3.48192e-07, 0, 2.12553e-08, 0, 5.87102e-10, 0, 7.99839e-09, 0, 1.13865e-07, 0, 4.92743e-06, 0, 2.35017e-07, 0, 4.52248e-09, 0, 9.83525e-08, 0, 1.91238e-10, 0, 6.15965e-09, 0, 5.07737e-10, 0, 9.39634e-12, 0, 1.02639e-10, 0, 9.9541e-09, 0, 1.24649e-07, 0, 4.19555e-09, 0, 8.21647e-11, 0, 4.52248e-09, 0, 1.3357e-10, 0, 4.19555e-09, 0, 2.085e-07, 0, 3.80252e-06, 0, 9.77895e-09, 0, 3.77015e-07, 0, 6.87121e-09, 0, 2.99748e-07, 0, 1.14112e-05, 0, 4.39773e-07, 0, 4.61537e-09, 0, 5.4423e-06, 0, 0.000136629, 0, 4.9334e-06, 0, 3.75466e-07, 0, 3.3124e-06, 0, 2.35017e-07, 0, 5.5393e-06, 0, 0.00033881, 0, 1.62328e-05, 0, 0.000338997, 0, 1.55346e-05, 0, 2.83256e-09, 0, 2.76346e-07, 0, 8.14125e-06, 0, 3.50854e-07, 0, 8.14125e-06, 0, 6.84517e-05, 0, 7.05211e-07, 0, 1.65941e-10, 0, 9.81587e-09, 0, 1.36926e-07, 0, 5.76918e-09, 0, 1.36744e-07, 0, 1.37156e-06, 0, 1.60197e-07, 0, 1.42875e-09, 0, 7.99839e-09, 0, 3.64363e-07, 0, 9.84637e-06, 0, 4.13071e-07, 0, 9.84617e-06, 0, 0.000102434, 0, 1.14137e-06, 0, 5.44119e-08, 0, 1.43701e-09, 0, 5.81744e-08, 0, 1.49204e-06, 0, 1.75967e-07, 0, 7.78391e-09, 0, 1.43241e-07, 0, 6.91095e-07, 0, 6.53288e-07, 0, 7.05211e-07, 0, 1.28761e-08, 0, 6.1977e-07, 0, 1.11004e-08, 0, 4.06976e-07, 0, 4.46069e-08, 0, 7.96606e-10, 0, 9.46394e-09, 0, 1.11246e-06, 0, 1.0925e-05, 0, 2.76346e-07, 0, 4.98594e-09, 0, 3.7843e-07, 0, 8.81074e-09, 0, 1.27724e-10, 0, 4.25136e-09, 0, 4.55107e-10, 0, 9.39633e-12, 0, 1.65941e-10, 0, 9.97445e-09, 0, 9.11746e-08, 0, 2.83256e-09, 0, 5.27447e-11, 0, 3.03864e-09, 0, 1.09657e-10, 0, 1.73558e-12, 0, 8.21646e-11, 0, 4.19555e-09, 0, 6.83647e-08, 0, 1.91238e-10, 0, 6.87121e-09, 0, 2.1703e-10, 0, 6.15965e-09, 0, 2.24202e-07, 0, 1.621e-08, 0, 2.03505e-10, 0, 1.24649e-07, 0, 3.30746e-06, 0, 1.32801e-07, 0, 1.31165e-08, 0, 1.23079e-07, 0, 4.52248e-09, 0, 9.3676e-08, 0, 4.88652e-06, 0, 2.34225e-07, 0, 4.90292e-06, 0, 4.13029e-07, 0, 5.27449e-11, 0, 4.98594e-09, 0, 1.36744e-07, 0, 5.76918e-09, 0, 1.36926e-07, 0, 1.37156e-06, 0, 1.28761e-08, 0, 1.73596e-12, 0, 1.04213e-10, 0, 1.63534e-09, 0, 6.86383e-11, 0, 1.63534e-09, 0, 1.69205e-08, 0, 1.28001e-09, 0, 1.29443e-11, 0, 1.3357e-10, 0, 6.2656e-09, 0, 9.32997e-08, 0, 4.04344e-09, 0, 9.33046e-08, 0, 7.42626e-07, 0, 6.59868e-08, 0, 1.43701e-09, 0, 1.30342e-11, 0, 9.9541e-09, 0, 5.06071e-07, 0, 2.87056e-06, 0, 1.36926e-07, 0, 2.85542e-06, 0, 3.14973e-07, 0, 1.12749e-05, 0, 1.60197e-07, 0, 1.28001e-09, 0, 6.4198e-08, 0, 5.07737e-10, 0, 2.41544e-08, 0, 1.56043e-07, 0, 4.61537e-09, 0, 4.56146e-08, 0, 2.49433e-06, 0, 5.6992e-07, 0, 9.81587e-09, 0, 1.04213e-10, 0, 6.43593e-09, 0, 6.0193e-08, 0, 9.39632e-12, 0, 4.55107e-10, 0, 4.25136e-09, 0, 1.27724e-10, 0, 2.83256e-09, 0, 9.11746e-08, 0, 9.97445e-09, 0, 1.65941e-10, 0, 1.73574e-12, 0, 1.09657e-10, 0, 3.03864e-09, 0, 5.27448e-11, 0, 1.02639e-10, 0, 5.38292e-09, 0, 6.04386e-08, 0, 2.52564e-09, 0, 6.03209e-08, 0, 6.39796e-07, 0, 1.01082e-07, 0, 1.42875e-09, 0, 1.2944e-11, 0, 7.09589e-10, 0, 5.3328e-09, 0, 2.21296e-09, 0, 2.51932e-11, 0, ]
target_state = [2.5193e-11, 0, 2.21296e-09, 0, 5.27449e-11, 0, 1.73596e-12, 0, 1.29439e-11, 0, 5.3328e-09, 0, 3.03864e-09, 0, 1.09657e-10, 0, 7.0959e-10, 0, 6.0193e-08, 0, 8.81074e-09, 0, 6.59654e-08, 0, 1.3357e-10, 0, 1.43701e-09, 0, 1.3034e-11, 0, 7.0959e-10, 0, 1.09657e-10, 0, 3.03864e-09, 0, 5.3328e-09, 0, 6.43593e-09, 0, 3.7843e-07, 0, 5.13353e-07, 0, 4.52248e-09, 0, 1.28761e-08, 0, 1.28001e-09, 0, 6.4198e-08, 0, 6.1977e-07, 0, 2.08642e-08, 0, 9.83525e-08, 0, 6.1977e-07, 0, 6.4198e-08, 0, 2.65309e-06, 0, 2.56002e-05, 0, 6.0941e-06, 0, 6.59868e-08, 0, 1.29439e-11, 0, 1.73596e-12, 0, 5.27449e-11, 0, 2.21296e-09, 0, 1.04213e-10, 0, 4.98594e-09, 0, 1.41624e-07, 0, 8.21646e-11, 0, 4.98594e-09, 0, 1.04213e-10, 0, 1.28001e-09, 0, 1.28761e-08, 0, 5.13353e-07, 0, 4.52248e-09, 0, 3.7843e-07, 0, 6.43593e-09, 0, 9.3676e-08, 0, 7.03937e-06, 0, 4.44269e-07, 0, 6.2656e-09, 0, 1.30342e-11, 0, 1.43701e-09, 0, 6.59654e-08, 0, 1.3357e-10, 0, 8.81074e-09, 0, 6.0193e-08, 0, 6.2656e-09, 0, 4.44269e-07, 0, 7.03937e-06, 0, 9.3676e-08, 0, 6.59868e-08, 0, 6.0941e-06, 0, 2.56002e-05, 0, 2.65309e-06, 0, 5.09757e-05, 0, 1.42875e-09, 0, 1.65941e-10, 0, 2.83256e-09, 0, 6.03209e-08, 0, 9.81587e-09, 0, 2.76346e-07, 0, 4.25913e-06, 0, 4.19555e-09, 0, 1.36744e-07, 0, 1.63534e-09, 0, 1.60197e-07, 0, 7.05211e-07, 0, 2.38113e-05, 0, 2.35017e-07, 0, 9.84617e-06, 0, 9.33046e-08, 0, 5.5393e-06, 0, 0.000186938, 0, 4.98932e-06, 0, 9.32997e-08, 0, 1.43701e-09, 0, 5.44119e-08, 0, 4.16252e-07, 0, 7.99839e-09, 0, 1.43241e-07, 0, 2.85542e-06, 0, 3.64363e-07, 0, 6.75246e-06, 0, 0.000306374, 0, 4.88652e-06, 0, 1.14137e-06, 0, 3.85061e-05, 0, 0.002118, 0, 0.000169238, 0, 0.00212406, 0, 1.29438e-11, 0, 1.42875e-09, 0, 1.01089e-07, 0, 1.02639e-10, 0, 9.46394e-09, 0, 4.56146e-08, 0, 5.38292e-09, 0, 5.388e-07, 0, 5.00683e-06, 0, 6.83647e-08, 0, 1.01082e-07, 0, 1.22211e-05, 0, 2.39913e-05, 0, 2.94173e-06, 0, 5.77675e-05, 0, 7.0959e-10, 0, 6.59654e-08, 0, 4.16252e-07, 0, 3.16589e-08, 0, 8.79511e-07, 0, 1.14102e-07, 0, 1.01082e-07, 0, 9.97445e-09, 0, 9.11746e-08, 0, 6.39796e-07, 0, 5.6992e-07, 0, 1.0925e-05, 0, 5.70352e-05, 0, 1.24649e-07, 0, 1.37156e-06, 0, 1.69205e-08, 0, 1.12749e-05, 0, 6.53288e-07, 0, 2.34676e-06, 0, 4.92743e-06, 0, 0.000102434, 0, 7.42626e-07, 0, 0.000203234, 0, 0.00423912, 0, 5.13963e-05, 0, 7.42626e-07, 0, 6.59868e-08, 0, 1.14137e-06, 0, 1.14102e-07, 0, 1.13865e-07, 0, 6.91095e-07, 0, 3.14973e-07, 0, 4.74938e-06, 0, 3.90821e-05, 0, 3.82543e-05, 0, 4.13029e-07, 0, 3.78029e-07, 0, 8.51012e-06, 0, 4.78866e-05, 0, 5.87204e-06, 0, 0.000115508, 0, 1.28001e-09, 0, 1.60197e-07, 0, 1.22211e-05, 0, 9.9541e-09, 0, 1.11246e-06, 0, 2.49433e-06, 0, 5.06071e-07, 0, 6.07267e-05, 0, 0.000310161, 0, 3.30746e-06, 0, 1.12749e-05, 0, 0.00140885, 0, 3.21598e-05, 0, 0.000103686, 0, 0.00424433, 0, 6.4198e-08, 0, 6.0941e-06, 0, 3.85061e-05, 0, 2.5189e-06, 0, 7.67786e-05, 0, 8.51012e-06, 0, 1.28761e-08, 0, 7.05211e-07, 0, 2.39913e-05, 0, 5.81744e-08, 0, 3.3124e-06, 0, 1.23079e-07, 0, 1.49204e-06, 0, 8.60548e-05, 0, 1.081e-05, 0, 1.32801e-07, 0, 6.53288e-07, 0, 3.21598e-05, 0, 5.14166e-05, 0, 6.39482e-06, 0, 0.000101922, 0, 6.1977e-07, 0, 2.56002e-05, 0, 0.002118, 0, 0.000101567, 0, 0.00212012, 0, 4.78866e-05, 0, 5.3328e-09, 0, 5.13353e-07, 0, 2.38113e-05, 0, 1.14068e-06, 0, 2.38358e-05, 0, 2.34676e-06, 0, 2.08642e-08, 0, 6.39796e-07, 0, 9.11746e-08, 0, 9.97445e-09, 0, 1.01082e-07, 0, 2.49433e-06, 0, 1.11246e-06, 0, 1.22211e-05, 0, 9.9541e-09, 0, 1.60197e-07, 0, 1.28001e-09, 0, 3.14973e-07, 0, 6.91095e-07, 0, 1.14102e-07, 0, 1.13865e-07, 0, 1.14137e-06, 0, 6.59868e-08, 0, 2.5189e-06, 0, 3.85061e-05, 0, 6.0941e-06, 0, 6.4198e-08, 0, 7.42626e-07, 0, 0.000102434, 0, 2.34676e-06, 0, 4.92743e-06, 0, 6.53288e-07, 0, 1.12749e-05, 0, 0.000103686, 0, 3.21598e-05, 0, 0.00140885, 0, 1.12749e-05, 0, 5.87204e-06, 0, 4.78866e-05, 0, 8.51012e-06, 0, 3.78029e-07, 0, 8.51012e-06, 0, 1.69205e-08, 0, 1.37156e-06, 0, 5.70352e-05, 0, 1.24649e-07, 0, 1.0925e-05, 0, 5.6992e-07, 0, 3.30746e-06, 0, 0.000310161, 0, 6.07267e-05, 0, 5.06071e-07, 0, 4.13029e-07, 0, 3.82543e-05, 0, 3.90821e-05, 0, 4.74938e-06, 0, 7.67786e-05, 0, 7.42626e-07, 0, 5.13963e-05, 0, 0.00423912, 0, 0.000203234, 0, 0.00424433, 0, 0.000115508, 0, 1.37156e-06, 0, 6.84517e-05, 0, 0.00282918, 0, 5.4423e-06, 0, 0.000338997, 0, 4.90292e-06, 0, 0.000136629, 0, 0.00850648, 0, 0.000308204, 0, 2.87056e-06, 0, 1.55346e-05, 0, 0.000551824, 0, 0.00212353, 0, 0.000169336, 0, 0.00212012, 0, 0.000102434, 0, 0.00423912, 0, 0.35272, 0, 0.0169098, 0, 0.352871, 0, 0.0056541, 0, 6.39796e-07, 0, 5.70352e-05, 0, 0.00282918, 0, 0.000135557, 0, 0.00283054, 0, 0.000135785, 0, 2.34676e-06, 0, 4.13029e-07, 0, 1.55346e-05, 0, 0.000135785, 0, 6.70563e-07, 0, 1.55346e-05, 0, 4.13029e-07, 0, 2.13596e-05, 0, 0.000551824, 0, 3.82543e-05, 0, 3.14973e-07, 0, 0.00027089, 0, 0.0056541, 0, 0.000115508, 0, 5.87204e-06, 0, 4.78866e-05, 0, 5.87204e-06, 0, 0.000115508, 0, 0.0056541, 0, 0.00027089, 0, 0.0056541, 0, 0.000180757, 0, 3.14973e-07, 0, 3.82543e-05, 0, 0.000551824, 0, 2.13596e-05, 0, 0.000559315, 0, 0.0056541, 0, 4.78866e-05, 0, 6.91095e-07, 0, 3.90821e-05, 0, 0.00212353, 0, 0.000101736, 0, 0.00212406, 0, 0.000115508, 0, 8.51012e-06, 0, 1.14102e-07, 0, 6.03209e-08, 0, 2.83256e-09, 0, 1.65941e-10, 0, 1.42875e-09, 0, 4.56146e-08, 0, 9.46394e-09, 0, 1.01089e-07, 0, 1.02639e-10, 0, 1.42875e-09, 0, 1.2944e-11, 0, 2.85542e-06, 0, 1.43241e-07, 0, 4.16252e-07, 0, 7.99839e-09, 0, 5.44119e-08, 0, 1.43701e-09, 0, 3.16589e-08, 0, 4.16252e-07, 0, 6.59654e-08, 0, 7.0959e-10, 0, 9.33046e-08, 0, 9.84617e-06, 0, 2.38113e-05, 0, 2.35017e-07, 0, 7.05211e-07, 0, 1.60197e-07, 0, 2.94173e-06, 0, 2.39913e-05, 0, 1.22211e-05, 0, 1.01082e-07, 0, 0.000169238, 0, 0.002118, 0, 3.85061e-05, 0, 1.14137e-06, 0, 1.14102e-07, 0, 1.63534e-09, 0, 1.36744e-07, 0, 4.25913e-06, 0, 4.19555e-09, 0, 2.76346e-07, 0, 9.81587e-09, 0, 6.83647e-08, 0, 5.00683e-06, 0, 5.388e-07, 0, 5.38292e-09, 0, 4.88652e-06, 0, 0.000306374, 0, 6.75246e-06, 0, 3.64363e-07, 0, 8.79511e-07, 0, 9.32997e-08, 0, 4.98932e-06, 0, 0.000186938, 0, 5.5393e-06, 0, 5.77675e-05, 0, 0.00212406, 0, 1.36926e-07, 0, 8.14125e-06, 0, 0.000135933, 0, 2.085e-07, 0, 8.14125e-06, 0, 1.36926e-07, 0, 3.80252e-06, 0, 0.000136012, 0, 4.27358e-06, 0, 6.04386e-08, 0, 0.00033881, 0, 0.00849759, 0, 0.000186888, 0, 9.84637e-06, 0, 2.38358e-05, 0, 9.84637e-06, 0, 0.000186888, 0, 0.00849759, 0, 0.00033881, 0, 0.00283054, 0, 0.000559315, 0, 6.04386e-08, 0, 4.27358e-06, 0, 0.000136012, 0, 3.80252e-06, 0, 4.5306e-05, 0, 0.00283054, 0, 2.38358e-05, 0, 4.90292e-06, 0, 0.000338997, 0, 0.00282918, 0, 5.4423e-06, 0, 6.84517e-05, 0, 1.37156e-06, 0, 0.000135557, 0, 0.00282918, 0, 5.70352e-05, 0, 6.39796e-07, 0, 0.0169098, 0, 0.35272, 0, 0.00423912, 0, 0.000102434, 0, 2.34676e-06, 0, 0.000169336, 0, 0.00212353, 0, 0.000551824, 0, 1.55346e-05, 0, 0.000135785, 0, 0.0056541, 0, 2.87056e-06, 0, 0.000308204, 0, 0.00850648, 0, 0.000136629, 0, 0.00283054, 0, 0.352871, 0, 0.00212012, 0, 1.75967e-07, 0, 8.58357e-06, 0, 0.000187153, 0, 4.9334e-06, 0, 5.77675e-05, 0, 0.00424433, 0, 7.67786e-05, 0, 8.79511e-07, 0, 1.23079e-07, 0, 3.3124e-06, 0, 2.39913e-05, 0, 5.81744e-08, 0, 7.05211e-07, 0, 1.28761e-08, 0, 1.14068e-06, 0, 2.38113e-05, 0, 5.13353e-07, 0, 5.3328e-09, 0, 0.000101567, 0, 0.002118, 0, 2.56002e-05, 0, 6.1977e-07, 0, 2.08642e-08, 0, 6.39482e-06, 0, 5.14166e-05, 0, 3.21598e-05, 0, 6.53288e-07, 0, 2.34676e-06, 0, 4.78866e-05, 0, 1.32801e-07, 0, 1.081e-05, 0, 8.60548e-05, 0, 1.49204e-06, 0, 2.38358e-05, 0, 0.00212012, 0, 0.000101922, 0, 4.9334e-06, 0, 0.000187153, 0, 8.58357e-06, 0, 1.75967e-07, 0, 8.79511e-07, 0, 7.67786e-05, 0, 0.00424433, 0, 5.77675e-05, 0, 0.000101736, 0, 0.00212353, 0, 3.90821e-05, 0, 6.91095e-07, 0, 1.14102e-07, 0, 8.51012e-06, 0, 0.000115508, 0, 0.00212406, 0, 5.09757e-05, 0, 2.52564e-09, 0, 1.27724e-10, 0, 9.39634e-12, 0, 1.02639e-10, 0, 4.61537e-09, 0, 7.96606e-10, 0, 9.46394e-09, 0, 9.39634e-12, 0, 1.65941e-10, 0, 1.73595e-12, 0, 1.36926e-07, 0, 7.78391e-09, 0, 3.16589e-08, 0, 5.87102e-10, 0, 7.99839e-09, 0, 1.3357e-10, 0, 7.78391e-09, 0, 1.43241e-07, 0, 8.81074e-09, 0, 1.09657e-10, 0, 4.04344e-09, 0, 4.13071e-07, 0, 1.14068e-06, 0, 1.19487e-08, 0, 5.81744e-08, 0, 9.9541e-09, 0, 3.75466e-07, 0, 3.3124e-06, 0, 1.11246e-06, 0, 9.97445e-09, 0, 8.11371e-06, 0, 0.000101567, 0, 2.5189e-06, 0, 1.13865e-07, 0, 6.91095e-07, 0, 6.86383e-11, 0, 5.76918e-09, 0, 1.71603e-07, 0, 1.91238e-10, 0, 1.11004e-08, 0, 5.07737e-10, 0, 6.87121e-09, 0, 4.39773e-07, 0, 4.46069e-08, 0, 4.55107e-10, 0, 2.34225e-07, 0, 1.46874e-05, 0, 3.45805e-07, 0, 2.12553e-08, 0, 1.75967e-07, 0, 4.04344e-09, 0, 2.09415e-07, 0, 6.52125e-06, 0, 1.99292e-07, 0, 4.9334e-06, 0, 0.000101736, 0, 5.76918e-09, 0, 3.50854e-07, 0, 4.89038e-06, 0, 9.77895e-09, 0, 2.99748e-07, 0, 6.15965e-09, 0, 3.77015e-07, 0, 1.14112e-05, 0, 4.06976e-07, 0, 4.25136e-09, 0, 1.62328e-05, 0, 0.000407022, 0, 7.135e-06, 0, 3.48192e-07, 0, 1.49204e-06, 0, 4.13071e-07, 0, 6.52125e-06, 0, 0.000204519, 0, 8.69688e-06, 0, 0.000136629, 0, 2.13596e-05, 0, 2.52564e-09, 0, 1.71603e-07, 0, 4.89038e-06, 0, 1.39063e-07, 0, 3.80252e-06, 0, 0.000135557, 0, 1.14068e-06, 0, 2.34225e-07, 0, 1.62328e-05, 0, 0.000135557, 0, 3.642e-07, 0, 5.4423e-06, 0, 1.24649e-07, 0, 1.62328e-05, 0, 0.000338997, 0, 1.0925e-05, 0, 9.11746e-08, 0, 0.000810503, 0, 0.0169098, 0, 0.000203234, 0, 4.92743e-06, 0, 6.53288e-07, 0, 8.11371e-06, 0, 0.000101736, 0, 2.13596e-05, 0, 6.70563e-07, 0, 1.55346e-05, 0, 0.00027089, 0, 1.36926e-07, 0, 1.46874e-05, 0, 0.000407022, 0, 8.69688e-06, 0, 0.00033881, 0, 0.0169098, 0, 0.000101567, 0, 7.78391e-09, 0, 3.45805e-07, 0, 7.135e-06, 0, 1.99292e-07, 0, 5.5393e-06, 0, 0.000203234, 0, 2.5189e-06, 0, 3.16589e-08, 0, 1.31165e-08, 0, 3.75466e-07, 0, 2.94173e-06, 0, 1.19487e-08, 0, 2.35017e-07, 0, 4.52248e-09, 0, 4.13071e-07, 0, 9.84617e-06, 0, 3.7843e-07, 0, 3.03864e-09, 0, 8.11371e-06, 0, 0.000169238, 0, 2.65309e-06, 0, 9.83525e-08, 0, 6.1977e-07, 0, 6.95035e-07, 0, 6.39482e-06, 0, 0.000103686, 0, 4.92743e-06, 0, 0.000102434, 0, 5.87204e-06, 0, 1.31165e-08, 0, 1.03781e-06, 0, 1.1445e-05, 0, 3.48192e-07, 0, 9.84637e-06, 0, 0.000169336, 0, 6.39482e-06, 0, 3.75466e-07, 0, 1.1445e-05, 0, 7.64797e-07, 0, 2.12553e-08, 0, 3.64363e-07, 0, 4.74938e-06, 0, 0.000103686, 0, 2.94173e-06, 0, 8.11371e-06, 0, 0.000169336, 0, 4.74938e-06, 0, 1.13865e-07, 0, 1.14137e-06, 0, 3.78029e-07, 0, 5.87204e-06, 0, 0.000169238, 0, 2.65309e-06, 0, 2.03505e-10, 0, 4.61537e-09, 0, 4.56146e-08, 0, 1.27724e-10, 0, 2.83256e-09, 0, 5.27449e-11, 0, 2.52564e-09, 0, 6.03209e-08, 0, 2.21296e-09, 0, 2.51928e-11, 0, 1.36926e-07, 0, 2.85542e-06, 0, 6.0193e-08, 0, 3.03864e-09, 0, 5.3328e-09, 0, 1.31165e-08, 0, 1.23079e-07, 0, 2.49433e-06, 0, 9.11746e-08, 0, 6.39796e-07, 0, 3.14973e-07, 0, 2.1703e-10, 0, 1.621e-08, 0, 1.56043e-07, 0, 4.25136e-09, 0, 6.04386e-08, 0, 2.87056e-06, 0, 1.32801e-07, 0, 6.87121e-09, 0, 2.24202e-07, 0, 2.41544e-08, 0, 4.55107e-10, 0, 5.38292e-09, 0, 5.06071e-07, 0, 3.30746e-06, 0, 6.83647e-08, 0, 2.34225e-07, 0, 4.90292e-06, 0, 5.6992e-07, 0, 9.97445e-09, 0, 1.01082e-07, 0, 1.12749e-05, 0, 4.13029e-07, 0, 4.88652e-06, 0, 9.3676e-08, 0, 4.04344e-09, 0, 9.33046e-08, 0, 6.43593e-09, 0, 1.09657e-10, 0, 7.0959e-10, 0, 6.4198e-08, 0, 7.42626e-07, 0, 9.32997e-08, 0, 6.2656e-09, 0, 6.59868e-08, 0, 6.04386e-08, 0, 4.25136e-09, 0, 4.55107e-10, 0, 5.38292e-09, 0, 1.56043e-07, 0, 4.46069e-08, 0, 5.388e-07, 0, 5.07737e-10, 0, 9.81587e-09, 0, 1.04213e-10, 0, 2.87056e-06, 0, 1.75967e-07, 0, 8.79511e-07, 0, 2.12553e-08, 0, 3.64363e-07, 0, 6.2656e-09, 0, 3.45805e-07, 0, 6.75246e-06, 0, 4.44269e-07, 0, 6.43593e-09, 0, 9.32997e-08, 0, 9.84637e-06, 0, 2.38358e-05, 0, 3.48192e-07, 0, 1.49204e-06, 0, 5.06071e-07, 0, 1.1445e-05, 0, 8.60548e-05, 0, 6.07267e-05, 0, 5.6992e-07, 0, 0.000169336, 0, 0.00212012, 0, 7.67786e-05, 0, 4.74938e-06, 0, 3.90821e-05, 0, 1.63534e-09, 0, 1.36926e-07, 0, 4.27358e-06, 0, 6.15965e-09, 0, 4.06976e-07, 0, 2.41544e-08, 0, 2.24202e-07, 0, 1.56427e-05, 0, 2.409e-06, 0, 2.41544e-08, 0, 4.90292e-06, 0, 0.000308204, 0, 8.58357e-06, 0, 7.64797e-07, 0, 8.58357e-06, 0, 9.33046e-08, 0, 4.98932e-06, 0, 0.000186888, 0, 7.135e-06, 0, 0.000187153, 0, 0.00212353, 0, 1.36744e-07, 0, 8.14125e-06, 0, 0.000136012, 0, 2.99748e-07, 0, 1.14112e-05, 0, 2.24202e-07, 0, 1.14112e-05, 0, 0.000408432, 0, 1.56427e-05, 0, 1.56043e-07, 0, 0.000338997, 0, 0.00850648, 0, 0.000187153, 0, 1.1445e-05, 0, 8.60548e-05, 0, 9.84617e-06, 0, 0.000186938, 0, 0.00849759, 0, 0.000407022, 0, 0.00850648, 0, 0.000551824, 0, 6.03209e-08, 0, 4.25913e-06, 0, 0.000135933, 0, 4.89038e-06, 0, 0.000136012, 0, 0.00282918, 0, 2.38113e-05, 0, 4.88652e-06, 0, 0.00033881, 0, 0.00283054, 0, 8.69688e-06, 0, 0.000136629, 0, 3.30746e-06, 0, 0.000407022, 0, 0.00850648, 0, 0.000310161, 0, 2.49433e-06, 0, 0.0169098, 0, 0.352871, 0, 0.00424433, 0, 0.000103686, 0, 3.21598e-05, 0, 0.000169238, 0, 0.00212406, 0, 0.000559315, 0, 2.13596e-05, 0, 0.000551824, 0, 0.0056541, 0, 2.85542e-06, 0, 0.000306374, 0, 0.00849759, 0, 0.000204519, 0, 0.00849759, 0, 0.35272, 0, 0.002118, 0, 1.43241e-07, 0, 6.75246e-06, 0, 0.000186888, 0, 6.52125e-06, 0, 0.000186938, 0, 0.00423912, 0, 3.85061e-05, 0, 4.16252e-07, 0, 1.32801e-07, 0, 4.9334e-06, 0, 5.77675e-05, 0, 1.99292e-07, 0, 5.5393e-06, 0, 9.3676e-08, 0, 6.52125e-06, 0, 0.000186938, 0, 7.03937e-06, 0, 6.0193e-08, 0, 0.000101736, 0, 0.00212406, 0, 5.09757e-05, 0, 2.65309e-06, 0, 2.56002e-05, 0, 6.39482e-06, 0, 0.000101922, 0, 0.00424433, 0, 0.000203234, 0, 0.00423912, 0, 0.000115508, 0, 1.23079e-07, 0, 1.081e-05, 0, 0.000187153, 0, 7.135e-06, 0, 0.000186888, 0, 0.00212353, 0, 5.14166e-05, 0, 3.3124e-06, 0, 8.60548e-05, 0, 8.58357e-06, 0, 3.45805e-07, 0, 6.75246e-06, 0, 3.90821e-05, 0, 3.21598e-05, 0, 2.39913e-05, 0, 0.000101567, 0, 0.00212012, 0, 7.67786e-05, 0, 2.5189e-06, 0, 3.85061e-05, 0, 8.51012e-06, 0, 4.78866e-05, 0, 0.002118, 0, 2.56002e-05, 0, 1.621e-08, 0, 4.39773e-07, 0, 5.00683e-06, 0, 1.11004e-08, 0, 2.76346e-07, 0, 4.98594e-09, 0, 1.71603e-07, 0, 4.25913e-06, 0, 1.41624e-07, 0, 2.21296e-09, 0, 1.46874e-05, 0, 0.000306374, 0, 7.03937e-06, 0, 3.7843e-07, 0, 5.13353e-07, 0, 1.03781e-06, 0, 1.081e-05, 0, 0.000310161, 0, 1.0925e-05, 0, 5.70352e-05, 0, 3.82543e-05, 0, 1.621e-08, 0, 1.26685e-06, 0, 1.56427e-05, 0, 4.06976e-07, 0, 4.27358e-06, 0, 0.000308204, 0, 1.081e-05, 0, 4.39773e-07, 0, 1.56427e-05, 0, 2.409e-06, 0, 4.46069e-08, 0, 5.388e-07, 0, 6.07267e-05, 0, 0.000310161, 0, 5.00683e-06, 0, 1.46874e-05, 0, 0.000308204, 0, 6.07267e-05, 0, 1.11246e-06, 0, 1.22211e-05, 0, 0.00140885, 0, 3.82543e-05, 0, 0.000306374, 0, 7.03937e-06, 0, 2.09415e-07, 0, 4.98932e-06, 0, 4.44269e-07, 0, 8.81074e-09, 0, 6.59654e-08, 0, 6.0941e-06, 0, 5.13963e-05, 0, 4.98932e-06, 0, 4.44269e-07, 0, 6.0941e-06, 0, 2.1703e-10, 0, 6.87121e-09, 0, 6.83647e-08, 0, 1.91238e-10, 0, 4.19555e-09, 0, 8.21646e-11, 0, 5.76918e-09, 0, 1.36744e-07, 0, 4.98594e-09, 0, 5.27449e-11, 0, 2.34225e-07, 0, 4.88652e-06, 0, 9.3676e-08, 0, 4.52248e-09, 0, 1.28761e-08, 0, 1.31165e-08, 0, 1.32801e-07, 0, 3.30746e-06, 0, 1.24649e-07, 0, 1.37156e-06, 0, 4.13029e-07, 0, 2.03505e-10, 0, 1.621e-08, 0, 2.24202e-07, 0, 6.15965e-09, 0, 1.36926e-07, 0, 4.90292e-06, 0, 1.23079e-07, 0, 4.61537e-09, 0, 1.56043e-07, 0, 2.41544e-08, 0, 5.07737e-10, 0, 9.81587e-09, 0, 5.6992e-07, 0, 2.49433e-06, 0, 4.56146e-08, 0, 1.36926e-07, 0, 2.87056e-06, 0, 5.06071e-07, 0, 9.9541e-09, 0, 1.60197e-07, 0, 1.12749e-05, 0, 3.14973e-07, 0, 2.85542e-06, 0, 6.0193e-08, 0, 4.04344e-09, 0, 9.32997e-08, 0, 6.2656e-09, 0, 1.3357e-10, 0, 1.43701e-09, 0, 6.59868e-08, 0, 7.42626e-07, 0, 9.33046e-08, 0, 6.43593e-09, 0, 6.4198e-08, 0, 6.86383e-11, 0, 1.63534e-09, 0, 1.04213e-10, 0, 1.73595e-12, 0, 1.29443e-11, 0, 1.28001e-09, 0, 1.69205e-08, 0, 1.63534e-09, 0, 1.04213e-10, 0, 1.28001e-09, 0, 1.30342e-11, 0, 5.38292e-09, 0, 4.55107e-10, 0, 4.25136e-09, 0, 6.04386e-08, 0, 2.41544e-08, 0, 4.06976e-07, 0, 4.27358e-06, 0, 6.15965e-09, 0, 1.36926e-07, 0, 1.63534e-09, 0, 5.06071e-07, 0, 1.49204e-06, 0, 2.38358e-05, 0, 3.48192e-07, 0, 9.84637e-06, 0, 9.32997e-08, 0, 7.135e-06, 0, 0.000186888, 0, 4.98932e-06, 0, 9.33046e-08, 0, 6.2656e-09, 0, 3.64363e-07, 0, 8.79511e-07, 0, 2.12553e-08, 0, 1.75967e-07, 0, 2.87056e-06, 0, 7.64797e-07, 0, 8.58357e-06, 0, 0.000308204, 0, 4.90292e-06, 0, 4.74938e-06, 0, 7.67786e-05, 0, 0.00212012, 0, 0.000169336, 0, 0.00212353, 0, 1.04213e-10, 0, 9.81587e-09, 0, 5.388e-07, 0, 5.07737e-10, 0, 4.46069e-08, 0, 1.56043e-07, 0, 2.41544e-08, 0, 2.409e-06, 0, 1.56427e-05, 0, 2.24202e-07, 0, 5.6992e-07, 0, 6.07267e-05, 0, 8.60548e-05, 0, 1.1445e-05, 0, 0.000187153, 0, 6.43593e-09, 0, 4.44269e-07, 0, 6.75246e-06, 0, 3.45805e-07, 0, 8.58357e-06, 0, 3.90821e-05, 0, 4.98594e-09, 0, 2.76346e-07, 0, 5.00683e-06, 0, 1.11004e-08, 0, 4.39773e-07, 0, 1.621e-08, 0, 4.06976e-07, 0, 1.56427e-05, 0, 1.26685e-06, 0, 1.621e-08, 0, 1.0925e-05, 0, 0.000310161, 0, 1.081e-05, 0, 1.03781e-06, 0, 1.081e-05, 0, 3.7843e-07, 0, 7.03937e-06, 0, 0.000306374, 0, 1.46874e-05, 0, 0.000308204, 0, 3.82543e-05, 0, 2.21296e-09, 0, 1.41624e-07, 0, 4.25913e-06, 0, 1.71603e-07, 0, 4.27358e-06, 0, 5.70352e-05, 0, 5.13353e-07, 0, 9.3676e-08, 0, 5.5393e-06, 0, 5.77675e-05, 0, 1.99292e-07, 0, 4.9334e-06, 0, 1.32801e-07, 0, 7.135e-06, 0, 0.000187153, 0, 1.081e-05, 0, 1.23079e-07, 0, 0.000203234, 0, 0.00424433, 0, 0.000101922, 0, 6.39482e-06, 0, 5.14166e-05, 0, 2.65309e-06, 0, 5.09757e-05, 0, 0.00212406, 0, 0.000101736, 0, 0.00212353, 0, 0.000115508, 0, 6.0193e-08, 0, 7.03937e-06, 0, 0.000186938, 0, 6.52125e-06, 0, 0.000186888, 0, 0.00423912, 0, 2.56002e-05, 0, 8.81074e-09, 0, 4.44269e-07, 0, 4.98932e-06, 0, 2.09415e-07, 0, 4.98932e-06, 0, 5.13963e-05, 0, 6.0941e-06, 0, 6.59654e-08, 0, 3.30746e-06, 0, 0.000136629, 0, 0.00283054, 0, 8.69688e-06, 0, 0.00033881, 0, 4.88652e-06, 0, 0.000204519, 0, 0.00849759, 0, 0.000306374, 0, 2.85542e-06, 0, 2.13596e-05, 0, 0.000559315, 0, 0.00212406, 0, 0.000169238, 0, 0.002118, 0, 0.000103686, 0, 0.00424433, 0, 0.352871, 0, 0.0169098, 0, 0.35272, 0, 0.0056541, 0, 2.49433e-06, 0, 0.000310161, 0, 0.00850648, 0, 0.000407022, 0, 0.00849759, 0, 0.000551824, 0, 3.21598e-05, 0, 1.11246e-06, 0, 6.07267e-05, 0, 0.000308204, 0, 1.46874e-05, 0, 0.000306374, 0, 3.82543e-05, 0, 0.00140885, 0, 1.22211e-05, 0, 2.5189e-06, 0, 7.67786e-05, 0, 0.00212012, 0, 0.000101567, 0, 0.002118, 0, 4.78866e-05, 0, 8.51012e-06, 0, 3.85061e-05, 0, 6.0941e-06, 0, 2.24202e-07, 0, 1.14112e-05, 0, 0.000136012, 0, 2.99748e-07, 0, 8.14125e-06, 0, 1.36744e-07, 0, 4.89038e-06, 0, 0.000135933, 0, 4.25913e-06, 0, 6.03209e-08, 0, 0.000407022, 0, 0.00849759, 0, 0.000186938, 0, 9.84617e-06, 0, 2.38113e-05, 0, 1.1445e-05, 0, 0.000187153, 0, 0.00850648, 0, 0.000338997, 0, 0.00282918, 0, 0.000551824, 0, 1.56043e-07, 0, 1.56427e-05, 0, 0.000408432, 0, 1.14112e-05, 0, 0.000136012, 0, 0.00850648, 0, 8.60548e-05, 0, 4.46069e-08, 0, 2.409e-06, 0, 1.56427e-05, 0, 4.39773e-07, 0, 5.00683e-06, 0, 0.000310161, 0, 6.07267e-05, 0, 5.388e-07, 0, 3.45805e-07, 0, 8.58357e-06, 0, 8.60548e-05, 0, 3.3124e-06, 0, 2.39913e-05, 0, 3.21598e-05, 0, 3.90821e-05, 0, 6.75246e-06, 0, 4.44269e-07, 0, 6.52125e-06, 0, 0.000186888, 0, 6.75246e-06, 0, 1.43241e-07, 0, 4.16252e-07, 0, 3.85061e-05, 0, 0.00423912, 0, 0.000186938, 0, 7.03937e-06, 0, 2.56002e-05, 0, 6.87121e-09, 0, 3.77015e-07, 0, 3.80252e-06, 0, 9.77895e-09, 0, 2.085e-07, 0, 4.19555e-09, 0, 3.50854e-07, 0, 8.14125e-06, 0, 2.76346e-07, 0, 2.83256e-09, 0, 1.62328e-05, 0, 0.00033881, 0, 5.5393e-06, 0, 2.35017e-07, 0, 7.05211e-07, 0, 3.75466e-07, 0, 4.9334e-06, 0, 0.000136629, 0, 5.4423e-06, 0, 6.84517e-05, 0, 1.55346e-05, 0, 4.61537e-09, 0, 4.39773e-07, 0, 1.14112e-05, 0, 2.99748e-07, 0, 8.14125e-06, 0, 0.000338997, 0, 3.3124e-06, 0, 7.96606e-10, 0, 4.46069e-08, 0, 4.06976e-07, 0, 1.11004e-08, 0, 2.76346e-07, 0, 1.0925e-05, 0, 1.11246e-06, 0, 9.46394e-09, 0, 7.78391e-09, 0, 1.75967e-07, 0, 1.49204e-06, 0, 5.81744e-08, 0, 7.05211e-07, 0, 6.53288e-07, 0, 6.91095e-07, 0, 1.43241e-07, 0, 8.81074e-09, 0, 4.13071e-07, 0, 9.84637e-06, 0, 3.64363e-07, 0, 7.99839e-09, 0, 5.44119e-08, 0, 1.14137e-06, 0, 0.000102434, 0, 9.84617e-06, 0, 3.7843e-07, 0, 6.1977e-07, 0, 5.76918e-09, 0, 1.36926e-07, 0, 9.81587e-09, 0, 1.65941e-10, 0, 1.42875e-09, 0, 1.60197e-07, 0, 1.37156e-06, 0, 1.36744e-07, 0, 4.98594e-09, 0, 1.28761e-08, 0, 1.43701e-09, 0, 6.83647e-08, 0, 3.80252e-06, 0, 4.5306e-05, 0, 1.39063e-07, 0, 3.80252e-06, 0, 6.83647e-08, 0, 4.89038e-06, 0, 0.000136012, 0, 5.00683e-06, 0, 4.56146e-08, 0, 0.000135557, 0, 0.00283054, 0, 5.77675e-05, 0, 2.94173e-06, 0, 2.39913e-05, 0, 2.94173e-06, 0, 5.77675e-05, 0, 0.00283054, 0, 0.000135557, 0, 0.00282918, 0, 0.000135785, 0, 4.56146e-08, 0, 5.00683e-06, 0, 0.000136012, 0, 4.89038e-06, 0, 0.000135933, 0, 0.00282918, 0, 2.39913e-05, 0, 9.46394e-09, 0, 5.388e-07, 0, 4.27358e-06, 0, 1.71603e-07, 0, 4.25913e-06, 0, 5.70352e-05, 0, 1.22211e-05, 0, 1.01089e-07, 0, 3.16589e-08, 0, 8.79511e-07, 0, 2.38358e-05, 0, 1.14068e-06, 0, 2.38113e-05, 0, 2.34676e-06, 0, 1.14102e-07, 0, 4.16252e-07, 0, 6.59654e-08, 0, 1.14068e-06, 0, 2.38358e-05, 0, 8.79511e-07, 0, 3.16589e-08, 0, 4.16252e-07, 0, 1.14102e-07, 0, 2.34676e-06, 0, 2.38113e-05, 0, 5.13353e-07, 0, 2.08642e-08, 0, 1.71603e-07, 0, 4.27358e-06, 0, 5.388e-07, 0, 9.46394e-09, 0, 1.01089e-07, 0, 1.22211e-05, 0, 5.70352e-05, 0, 4.25913e-06, 0, 1.41624e-07, 0, 5.13353e-07, 0, 6.59654e-08, 0, 2.52564e-09, 0, 6.04386e-08, 0, 5.38292e-09, 0, 1.02639e-10, 0, 1.42875e-09, 0, 1.01082e-07, 0, 6.39796e-07, 0, 6.03209e-08, 0, 2.21296e-09, 0, 5.3328e-09, 0, 7.0959e-10, 0, 1.29436e-11, 0, 1.02639e-10, 0, 9.39634e-12, 0, 1.27724e-10, 0, 2.52564e-09, 0, 5.07737e-10, 0, 1.11004e-08, 0, 1.71603e-07, 0, 1.91238e-10, 0, 5.76918e-09, 0, 6.86383e-11, 0, 9.9541e-09, 0, 5.81744e-08, 0, 1.14068e-06, 0, 1.19487e-08, 0, 4.13071e-07, 0, 4.04344e-09, 0, 1.99292e-07, 0, 6.52125e-06, 0, 2.09415e-07, 0, 4.04344e-09, 0, 1.3357e-10, 0, 7.99839e-09, 0, 3.16589e-08, 0, 5.87102e-10, 0, 7.78391e-09, 0, 1.36926e-07, 0, 2.12553e-08, 0, 3.45805e-07, 0, 1.46874e-05, 0, 2.34225e-07, 0, 1.13865e-07, 0, 2.5189e-06, 0, 0.000101567, 0, 8.11371e-06, 0, 0.000101736, 0, 1.73596e-12, 0, 1.65941e-10, 0, 9.46394e-09, 0, 9.39634e-12, 0, 7.96606e-10, 0, 4.61537e-09, 0, 4.55107e-10, 0, 4.46069e-08, 0, 4.39773e-07, 0, 6.87121e-09, 0, 9.97445e-09, 0, 1.11246e-06, 0, 3.3124e-06, 0, 3.75466e-07, 0, 4.9334e-06, 0, 1.09657e-10, 0, 8.81074e-09, 0, 1.43241e-07, 0, 7.78391e-09, 0, 1.75967e-07, 0, 6.91095e-07, 0, 5.27449e-11, 0, 2.83256e-09, 0, 4.56146e-08, 0, 1.27724e-10, 0, 4.61537e-09, 0, 2.03505e-10, 0, 4.25136e-09, 0, 1.56043e-07, 0, 1.621e-08, 0, 2.1703e-10, 0, 9.11746e-08, 0, 2.49433e-06, 0, 1.23079e-07, 0, 1.31165e-08, 0, 1.32801e-07, 0, 3.03864e-09, 0, 6.0193e-08, 0, 2.85542e-06, 0, 1.36926e-07, 0, 2.87056e-06, 0, 3.14973e-07, 0, 2.51931e-11, 0, 2.21296e-09, 0, 6.03209e-08, 0, 2.52564e-09, 0, 6.04386e-08, 0, 6.39796e-07, 0, 5.3328e-09, 0, 4.52248e-09, 0, 2.35017e-07, 0, 2.94173e-06, 0, 1.19487e-08, 0, 3.75466e-07, 0, 1.31165e-08, 0, 3.48192e-07, 0, 1.1445e-05, 0, 1.03781e-06, 0, 1.31165e-08, 0, 4.92743e-06, 0, 0.000103686, 0, 6.39482e-06, 0, 6.95035e-07, 0, 6.39482e-06, 0, 9.83525e-08, 0, 2.65309e-06, 0, 0.000169238, 0, 8.11371e-06, 0, 0.000169336, 0, 5.87204e-06, 0, 3.03864e-09, 0, 3.7843e-07, 0, 9.84617e-06, 0, 4.13071e-07, 0, 9.84637e-06, 0, 0.000102434, 0, 6.1977e-07, 0, 1.09657e-10, 0, 6.43593e-09, 0, 9.33046e-08, 0, 4.04344e-09, 0, 9.32997e-08, 0, 7.42626e-07, 0, 6.4198e-08, 0, 7.0959e-10, 0, 1.24649e-07, 0, 5.4423e-06, 0, 0.000135557, 0, 3.642e-07, 0, 1.62328e-05, 0, 2.34225e-07, 0, 8.69688e-06, 0, 0.000407022, 0, 1.46874e-05, 0, 1.36926e-07, 0, 6.70563e-07, 0, 2.13596e-05, 0, 0.000101736, 0, 8.11371e-06, 0, 0.000101567, 0, 4.92743e-06, 0, 0.000203234, 0, 0.0169098, 0, 0.000810503, 0, 0.0169098, 0, 0.00027089, 0, 9.11746e-08, 0, 1.0925e-05, 0, 0.000338997, 0, 1.62328e-05, 0, 0.00033881, 0, 1.55346e-05, 0, 6.53288e-07, 0, 9.97445e-09, 0, 5.6992e-07, 0, 4.90292e-06, 0, 2.34225e-07, 0, 4.88652e-06, 0, 4.13029e-07, 0, 1.12749e-05, 0, 1.01082e-07, 0, 1.13865e-07, 0, 4.74938e-06, 0, 0.000169336, 0, 8.11371e-06, 0, 0.000169238, 0, 5.87204e-06, 0, 3.78029e-07, 0, 1.14137e-06, 0, 6.59868e-08, 0, 6.15965e-09, 0, 2.99748e-07, 0, 4.89038e-06, 0, 9.77895e-09, 0, 3.50854e-07, 0, 5.76918e-09, 0, 1.39063e-07, 0, 4.89038e-06, 0, 1.71603e-07, 0, 2.52564e-09, 0, 8.69688e-06, 0, 0.000204519, 0, 6.52125e-06, 0, 4.13071e-07, 0, 1.14068e-06, 0, 3.48192e-07, 0, 7.135e-06, 0, 0.000407022, 0, 1.62328e-05, 0, 0.000135557, 0, 2.13596e-05, 0, 4.25136e-09, 0, 4.06976e-07, 0, 1.14112e-05, 0, 3.77015e-07, 0, 3.80252e-06, 0, 0.000136629, 0, 1.49204e-06, 0, 4.55107e-10, 0, 2.41544e-08, 0, 2.24202e-07, 0, 6.87121e-09, 0, 6.83647e-08, 0, 3.30746e-06, 0, 5.06071e-07, 0, 5.38292e-09, 0, 2.12553e-08, 0, 7.64797e-07, 0, 1.1445e-05, 0, 3.75466e-07, 0, 2.94173e-06, 0, 0.000103686, 0, 4.74938e-06, 0, 3.64363e-07, 0, 6.2656e-09, 0, 1.99292e-07, 0, 7.135e-06, 0, 3.45805e-07, 0, 7.78391e-09, 0, 3.16589e-08, 0, 2.5189e-06, 0, 0.000203234, 0, 5.5393e-06, 0, 9.3676e-08, 0, 2.65309e-06, 0, 1.91238e-10, 0, 9.77895e-09, 0, 1.39063e-07, 0, 3.12626e-10, 0, 9.77895e-09, 0, 1.91238e-10, 0, 9.77895e-09, 0, 2.99748e-07, 0, 1.11004e-08, 0, 1.27724e-10, 0, 3.642e-07, 0, 8.69688e-06, 0, 1.99292e-07, 0, 1.19487e-08, 0, 5.81744e-08, 0, 1.19487e-08, 0, 1.99292e-07, 0, 8.69688e-06, 0, 3.642e-07, 0, 5.4423e-06, 0, 6.70563e-07, 0, 1.27724e-10, 0, 1.11004e-08, 0, 2.99748e-07, 0, 9.77895e-09, 0, 2.085e-07, 0, 5.4423e-06, 0, 5.81744e-08, 0, 9.39634e-12, 0, 5.07737e-10, 0, 6.15965e-09, 0, 1.91238e-10, 0, 4.19555e-09, 0, 1.24649e-07, 0, 9.9541e-09, 0, 1.02639e-10, 0, 5.87102e-10, 0, 2.12553e-08, 0, 3.48192e-07, 0, 1.19487e-08, 0, 2.35017e-07, 0, 4.92743e-06, 0, 1.13865e-07, 0, 7.99839e-09, 0, 1.3357e-10, 0, 1.19487e-08, 0, 3.48192e-07, 0, 2.12553e-08, 0, 5.87102e-10, 0, 7.99839e-09, 0, 1.13865e-07, 0, 4.92743e-06, 0, 2.35017e-07, 0, 4.52248e-09, 0, 9.83525e-08, 0, 1.91238e-10, 0, 6.15965e-09, 0, 5.07737e-10, 0, 9.39634e-12, 0, 1.02639e-10, 0, 9.9541e-09, 0, 1.24649e-07, 0, 4.19555e-09, 0, 8.21647e-11, 0, 4.52248e-09, 0, 1.3357e-10, 0, 4.19555e-09, 0, 2.085e-07, 0, 3.80252e-06, 0, 9.77895e-09, 0, 3.77015e-07, 0, 6.87121e-09, 0, 2.99748e-07, 0, 1.14112e-05, 0, 4.39773e-07, 0, 4.61537e-09, 0, 5.4423e-06, 0, 0.000136629, 0, 4.9334e-06, 0, 3.75466e-07, 0, 3.3124e-06, 0, 2.35017e-07, 0, 5.5393e-06, 0, 0.00033881, 0, 1.62328e-05, 0, 0.000338997, 0, 1.55346e-05, 0, 2.83256e-09, 0, 2.76346e-07, 0, 8.14125e-06, 0, 3.50854e-07, 0, 8.14125e-06, 0, 6.84517e-05, 0, 7.05211e-07, 0, 1.65941e-10, 0, 9.81587e-09, 0, 1.36926e-07, 0, 5.76918e-09, 0, 1.36744e-07, 0, 1.37156e-06, 0, 1.60197e-07, 0, 1.42875e-09, 0, 7.99839e-09, 0, 3.64363e-07, 0, 9.84637e-06, 0, 4.13071e-07, 0, 9.84617e-06, 0, 0.000102434, 0, 1.14137e-06, 0, 5.44119e-08, 0, 1.43701e-09, 0, 5.81744e-08, 0, 1.49204e-06, 0, 1.75967e-07, 0, 7.78391e-09, 0, 1.43241e-07, 0, 6.91095e-07, 0, 6.53288e-07, 0, 7.05211e-07, 0, 1.28761e-08, 0, 6.1977e-07, 0, 1.11004e-08, 0, 4.06976e-07, 0, 4.46069e-08, 0, 7.96606e-10, 0, 9.46394e-09, 0, 1.11246e-06, 0, 1.0925e-05, 0, 2.76346e-07, 0, 4.98594e-09, 0, 3.7843e-07, 0, 8.81074e-09, 0, 1.27724e-10, 0, 4.25136e-09, 0, 4.55107e-10, 0, 9.39633e-12, 0, 1.65941e-10, 0, 9.97445e-09, 0, 9.11746e-08, 0, 2.83256e-09, 0, 5.27447e-11, 0, 3.03864e-09, 0, 1.09657e-10, 0, 1.73558e-12, 0, 8.21646e-11, 0, 4.19555e-09, 0, 6.83647e-08, 0, 1.91238e-10, 0, 6.87121e-09, 0, 2.1703e-10, 0, 6.15965e-09, 0, 2.24202e-07, 0, 1.621e-08, 0, 2.03505e-10, 0, 1.24649e-07, 0, 3.30746e-06, 0, 1.32801e-07, 0, 1.31165e-08, 0, 1.23079e-07, 0, 4.52248e-09, 0, 9.3676e-08, 0, 4.88652e-06, 0, 2.34225e-07, 0, 4.90292e-06, 0, 4.13029e-07, 0, 5.27449e-11, 0, 4.98594e-09, 0, 1.36744e-07, 0, 5.76918e-09, 0, 1.36926e-07, 0, 1.37156e-06, 0, 1.28761e-08, 0, 1.73596e-12, 0, 1.04213e-10, 0, 1.63534e-09, 0, 6.86383e-11, 0, 1.63534e-09, 0, 1.69205e-08, 0, 1.28001e-09, 0, 1.29443e-11, 0, 1.3357e-10, 0, 6.2656e-09, 0, 9.32997e-08, 0, 4.04344e-09, 0, 9.33046e-08, 0, 7.42626e-07, 0, 6.59868e-08, 0, 1.43701e-09, 0, 1.30342e-11, 0, 9.9541e-09, 0, 5.06071e-07, 0, 2.87056e-06, 0, 1.36926e-07, 0, 2.85542e-06, 0, 3.14973e-07, 0, 1.12749e-05, 0, 1.60197e-07, 0, 1.28001e-09, 0, 6.4198e-08, 0, 5.07737e-10, 0, 2.41544e-08, 0, 1.56043e-07, 0, 4.61537e-09, 0, 4.56146e-08, 0, 2.49433e-06, 0, 5.6992e-07, 0, 9.81587e-09, 0, 1.04213e-10, 0, 6.43593e-09, 0, 6.0193e-08, 0, 9.39632e-12, 0, 4.55107e-10, 0, 4.25136e-09, 0, 1.27724e-10, 0, 2.83256e-09, 0, 9.11746e-08, 0, 9.97445e-09, 0, 1.65941e-10, 0, 1.73574e-12, 0, 1.09657e-10, 0, 3.03864e-09, 0, 5.27448e-11, 0, 1.02639e-10, 0, 5.38292e-09, 0, 6.04386e-08, 0, 2.52564e-09, 0, 6.03209e-08, 0, 6.39796e-07, 0, 1.01082e-07, 0, 1.42875e-09, 0, 1.2944e-11, 0, 7.09589e-10, 0, 5.3328e-09, 0, 2.21296e-09, 0, 2.51932e-11, 0, ]
USE_ENERGY_DISTANCE =     false
PERIODIC =                false
UNIFORM_SITES =           true
DEVICE_DIMENSION =        2
MAX_PARAM =               1
MIN_PARAM =               0
MIN_PARAM =               0
DIAG =                    true
NUM_SEEDS =               1
NUMBER_OF_BANGS =               8
DISTANCE_LIMIT =          0.02
TAU_INIT =                2
MAX_TAU =                 5
TAU_SCALAR =              1.2
TAU_SCALAR_TINY =         1.1
TAU_SCALAR_BIG =          1.3
ACCEPTANCE_PROB =         0.85
TEMP_EXP_DECAY =          0.7
MIN_TEMP_FRACTION =       0.02
TEMP_DECAY_ITERATIONS =   11
ZERO_TEMP_ITREATIONS =    15
RANDOM_STATES =           3
END_PARAMETERS
##############################################################################
clock_duration  =         1.13024e-310
tau =                     0
total_steps =             4
time_step =               0.5
best_mc_result =          0
best_mc_result_non_secondary =          0
evolved_target_dot_squared =  0
distance =          0
j_protocol =  [[0, 0, 0, 0, ],]
k_protocol =  [[0, 0, 0, 0, ],]
j_protocol_secondary =  [0, 0, 0, 0, 0, 0, 0, 0, 0, 0, 0, 0, 0, 0, 0, 0, ]
k_protocol_secondary =  [0, 0, 0, 0, 0, 0, 0, 0, 0, 0, 0, 0, 0, 0, 0, 0, ]
best_evolved_state = [0, 0, 0, 0, 0, 0, 0, 0, 0, 0, 0, 0, 0, 0, 0, 0, 0, 0, 0, 0, 0, 0, 0, 0, 0, 0, 0, 0, 0, 0, 0, 0, 0, 0, 0, 0, 0, 0, 0, 0, 0, 0, 0, 0, 0, 0, 0, 0, 0, 0, 0, 0, 0, 0, 0, 0, 0, 0, 0, 0, 0, 0, 0, 0, 0, 0, 0, 0, 0, 0, 0, 0, 0, 0, 0, 0, 0, 0, 0, 0, 0, 0, 0, 0, 0, 0, 0, 0, 0, 0, 0, 0, 0, 0, 0, 0, 0, 0, 0, 0, 0, 0, 0, 0, 0, 0, 0, 0, 0, 0, 0, 0, 0, 0, 0, 0, 0, 0, 0, 0, 0, 0, 0, 0, 0, 0, 0, 0, 0, 0, 0, 0, 0, 0, 0, 0, 0, 0, 0, 0, 0, 0, 0, 0, 0, 0, 0, 0, 0, 0, 0, 0, 0, 0, 0, 0, 0, 0, 0, 0, 0, 0, 0, 0, 0, 0, 0, 0, 0, 0, 0, 0, 0, 0, 0, 0, 0, 0, 0, 0, 0, 0, 0, 0, 0, 0, 0, 0, 0, 0, 0, 0, 0, 0, 0, 0, 0, 0, 0, 0, 0, 0, 0, 0, 0, 0, 0, 0, 0, 0, 0, 0, 0, 0, 0, 0, 0, 0, 0, 0, 0, 0, 0, 0, 0, 0, 0, 0, 0, 0, 0, 0, 0, 0, 0, 0, 0, 0, 0, 0, 0, 0, 0, 0, 0, 0, 0, 0, 0, 0, 0, 0, 0, 0, 0, 0, 0, 0, 0, 0, 0, 0, 0, 0, 0, 0, 0, 0, 0, 0, 0, 0, 0, 0, 0, 0, 0, 0, 0, 0, 0, 0, 0, 0, 0, 0, 0, 0, 0, 0, 0, 0, 0, 0, 0, 0, 0, 0, 0, 0, 0, 0, 0, 0, 0, 0, 0, 0, 0, 0, 0, 0, 0, 0, 0, 0, 0, 0, 0, 0, 0, 0, 0, 0, 0, 0, 0, 0, 0, 0, 0, 0, 0, 0, 0, 0, 0, 0, 0, 0, 0, 0, 0, 0, 0, 0, 0, 0, 0, 0, 0, 0, 0, 0, 0, 0, 0, 0, 0, 0, 0, 0, 0, 0, 0, 0, 0, 0, 0, 0, 0, 0, 0, 0, 0, 0, 0, 0, 0, 0, 0, 0, 0, 0, 0, 0, 0, 0, 0, 0, 0, 0, 0, 0, 0, 0, 0, 0, 0, 0, 0, 0, 0, 0, 0, 0, 0, 0, 0, 0, 0, 0, 0, 0, 0, 0, 0, 0, 0, 0, 0, 0, 0, 0, 0, 0, 0, 0, 0, 0, 0, 0, 0, 0, 0, 0, 0, 0, 0, 0, 0, 0, 0, 0, 0, 0, 0, 0, 0, 0, 0, 0, 0, 0, 0, 0, 0, 0, 0, 0, 0, 0, 0, 0, 0, 0, 0, 0, 0, 0, 0, 0, 0, 0, 0, 0, 0, 0, 0, 0, 0, 0, 0, 0, 0, 0, 0, 0, 0, 0, 0, 0, 0, 0, 0, 0, 0, 0, 0, 0, 0, 0, 0, 0, 0, 0, 0, 0, 0, 0, 0, 0, 0, 0, 0, 0, 0, 0, 0, 0, 0, 0, 0, 0, 0, 0, 0, 0, 0, 0, 0, 0, 0, 0, 0, 0, 0, 0, 0, 0, 0, 0, 0, 0, 0, 0, 0, 0, 0, 0, 0, 0, 0, 0, 0, 0, 0, 0, 0, 0, 0, 0, 0, 0, 0, 0, 0, 0, 0, 0, 0, 0, 0, 0, 0, 0, 0, 0, 0, 0, 0, 0, 0, 0, 0, 0, 0, 0, 0, 0, 0, 0, 0, 0, 0, 0, 0, 0, 0, 0, 0, 0, 0, 0, 0, 0, 0, 0, 0, 0, 0, 0, 0, 0, 0, 0, 0, 0, 0, 0, 0, 0, 0, 0, 0, 0, 0, 0, 0, 0, 0, 0, 0, 0, 0, 0, 0, 0, 0, 0, 0, 0, 0, 0, 0, 0, 0, 0, 0, 0, 0, 0, 0, 0, 0, 0, 0, 0, 0, 0, 0, 0, 0, 0, 0, 0, 0, 0, 0, 0, 0, 0, 0, 0, 0, 0, 0, 0, 0, 0, 0, 0, 0, 0, 0, 0, 0, 0, 0, 0, 0, 0, 0, 0, 0, 0, 0, 0, 0, 0, 0, 0, 0, 0, 0, 0, 0, 0, 0, 0, 0, 0, 0, 0, 0, 0, 0, 0, 0, 0, 0, 0, 0, 0, 0, 0, 0, 0, 0, 0, 0, 0, 0, 0, 0, 0, 0, 0, 0, 0, 0, 0, 0, 0, 0, 0, 0, 0, 0, 0, 0, 0, 0, 0, 0, 0, 0, 0, 0, 0, 0, 0, 0, 0, 0, 0, 0, 0, 0, 0, 0, 0, 0, 0, 0, 0, 0, 0, 0, 0, 0, 0, 0, 0, 0, 0, 0, 0, 0, 0, 0, 0, 0, 0, 0, 0, 0, 0, 0, 0, 0, 0, 0, 0, 0, 0, 0, 0, 0, 0, 0, 0, 0, 0, 0, 0, 0, 0, 0, 0, 0, 0, 0, 0, 0, 0, 0, 0, 0, 0, 0, 0, 0, 0, 0, 0, 0, 0, 0, 0, 0, 0, 0, 0, 0, 0, 0, 0, 0, 0, 0, 0, 0, 0, 0, 0, 0, 0, 0, 0, 0, 0, 0, 0, 0, 0, 0, 0, 0, 0, 0, 0, 0, 0, 0, 0, 0, 0, 0, 0, 0, 0, 0, 0, 0, 0, 0, 0, 0, 0, 0, 0, 0, 0, 0, 0, 0, 0, 0, 0, 0, 0, 0, 0, 0, 0, 0, 0, 0, 0, 0, 0, 0, 0, 0, 0, 0, 0, 0, 0, 0, 0, 0, 0, 0, 0, 0, 0, 0, 0, 0, 0, 0, 0, 0, 0, 0, 0, 0, 0, 0, 0, 0, 0, 0, 0, 0, 0, 0, 0, 0, 0, 0, 0, 0, 0, 0, 0, 0, 0, 0, 0, 0, 0, 0, 0, 0, 0, 0, 0, 0, 0, 0, 0, 0, 0, 0, 0, 0, 0, 0, 0, 0, 0, 0, 0, 0, 0, 0, 0, 0, 0, 0, 0, 0, 0, 0, 0, 0, 0, 0, 0, 0, 0, 0, 0, 0, 0, 0, 0, 0, 0, 0, 0, 0, 0, 0, 0, 0, 0, 0, 0, 0, 0, 0, 0, 0, 0, 0, 0, 0, 0, 0, 0, 0, 0, 0, 0, 0, 0, 0, 0, 0, 0, 0, 0, 0, 0, 0, 0, 0, 0, 0, 0, 0, 0, 0, 0, 0, 0, 0, 0, 0, 0, 0, 0, 0, 0, 0, 0, 0, 0, 0, 0, 0, 0, 0, 0, 0, 0, 0, 0, 0, 0, 0, 0, 0, 0, 0, 0, 0, 0, 0, 0, 0, 0, 0, 0, 0, 0, 0, 0, 0, 0, 0, 0, 0, 0, 0, 0, 0, 0, 0, 0, 0, 0, 0, 0, 0, 0, 0, 0, 0, 0, 0, 0, 0, 0, 0, 0, 0, 0, 0, 0, 0, 0, 0, 0, 0, 0, 0, 0, 0, 0, 0, 0, 0, 0, 0, 0, 0, 0, 0, 0, 0, 0, 0, 0, 0, 0, 0, 0, 0, 0, 0, 0, 0, 0, 0, 0, 0, 0, 0, 0, 0, 0, 0, 0, 0, 0, 0, 0, 0, 0, 0, 0, 0, 0, 0, 0, 0, 0, 0, 0, 0, 0, 0, 0, 0, 0, 0, 0, 0, 0, 0, 0, 0, 0, 0, 0, 0, 0, 0, 0, 0, 0, 0, 0, 0, 0, 0, 0, 0, 0, 0, 0, 0, 0, 0, 0, 0, 0, 0, 0, 0, 0, 0, 0, 0, 0, 0, 0, 0, 0, 0, 0, 0, 0, 0, 0, 0, 0, 0, 0, 0, 0, 0, 0, 0, 0, 0, 0, 0, 0, 0, 0, 0, 0, 0, 0, 0, 0, 0, 0, 0, 0, 0, 0, 0, 0, 0, 0, 0, 0, 0, 0, 0, 0, 0, 0, 0, 0, 0, 0, 0, 0, 0, 0, 0, 0, 0, 0, 0, 0, 0, 0, 0, 0, 0, 0, 0, 0, 0, 0, 0, 0, 0, 0, 0, 0, 0, 0, 0, 0, 0, 0, 0, 0, 0, 0, 0, 0, 0, 0, 0, 0, 0, 0, 0, 0, 0, 0, 0, 0, 0, 0, 0, 0, 0, 0, 0, 0, 0, 0, 0, 0, 0, 0, 0, 0, 0, 0, 0, 0, 0, 0, 0, 0, 0, 0, 0, 0, 0, 0, 0, 0, 0, 0, 0, 0, 0, 0, 0, 0, 0, 0, 0, 0, 0, 0, 0, 0, 0, 0, 0, 0, 0, 0, 0, 0, 0, 0, 0, 0, 0, 0, 0, 0, 0, 0, 0, 0, 0, 0, 0, 0, 0, 0, 0, 0, 0, 0, 0, 0, 0, 0, 0, 0, 0, 0, 0, 0, 0, 0, 0, 0, 0, 0, 0, 0, 0, 0, 0, 0, 0, 0, 0, 0, 0, 0, 0, 0, 0, 0, 0, 0, 0, 0, 0, 0, 0, 0, 0, 0, 0, 0, 0, 0, 0, 0, 0, 0, 0, 0, 0, 0, 0, 0, 0, 0, 0, 0, 0, 0, 0, 0, 0, 0, 0, 0, 0, 0, 0, 0, 0, 0, 0, 0, 0, 0, 0, 0, 0, 0, 0, 0, 0, 0, 0, 0, 0, 0, 0, 0, 0, 0, 0, 0, 0, 0, 0, 0, 0, 0, 0, 0, 0, 0, 0, 0, 0, 0, 0, 0, 0, 0, 0, 0, 0, 0, 0, 0, 0, 0, 0, 0, 0, 0, 0, 0, 0, 0, 0, 0, 0, 0, 0, 0, 0, 0, 0, 0, 0, 0, 0, 0, 0, 0, 0, 0, 0, 0, 0, 0, 0, 0, 0, 0, 0, 0, 0, 0, 0, 0, 0, 0, 0, 0, 0, 0, 0, 0, 0, 0, 0, 0, 0, 0, 0, 0, 0, 0, 0, 0, 0, 0, 0, 0, 0, 0, 0, 0, 0, 0, 0, 0, 0, 0, 0, 0, 0, 0, 0, 0, 0, 0, 0, 0, 0, 0, 0, 0, 0, 0, 0, 0, 0, 0, 0, 0, 0, 0, 0, 0, 0, 0, 0, 0, 0, 0, 0, 0, 0, 0, 0, 0, 0, 0, 0, 0, 0, 0, 0, 0, 0, 0, 0, 0, 0, 0, 0, 0, 0, 0, 0, 0, 0, 0, 0, 0, 0, 0, 0, 0, 0, 0, 0, 0, 0, 0, 0, 0, 0, 0, 0, 0, 0, 0, 0, 0, 0, 0, 0, 0, 0, 0, 0, 0, 0, 0, 0, 0, 0, 0, 0, 0, 0, 0, 0, 0, 0, 0, 0, 0, 0, 0, 0, 0, 0, 0, 0, 0, 0, 0, 0, 0, 0, 0, 0, 0, 0, 0, 0, 0, 0, 0, 0, 0, 0, 0, 0, 0, 0, 0, 0, 0, 0, 0, 0, 0, 0, 0, 0, 0, 0, 0, 0, 0, 0, 0, 0, 0, 0, 0, 0, 0, 0, 0, 0, 0, 0, 0, 0, 0, 0, 0, 0, 0, 0, 0, 0, 0, 0, 0, 0, 0, 0, 0, 0, 0, 0, 0, 0, 0, 0, 0, 0, 0, 0, 0, 0, 0, 0, 0, 0, 0, 0, 0, 0, 0, 0, 0, 0, 0, 0, 0, 0, 0, 0, 0, 0, 0, 0, 0, 0, 0, 0, 0, 0, 0, 0, 0, 0, 0, 0, 0, 0, 0, 0, 0, 0, 0, 0, 0, 0, 0, 0, 0, 0, 0, 0, 0, 0, 0, 0, 0, 0, 0, 0, 0, 0, 0, 0, 0, 0, 0, 0, 0, 0, 0, 0, 0, 0, 0, 0, 0, 0, 0, 0, 0, 0, 0, 0, 0, 0, 0, 0, 0, 0, 0, 0, 0, 0, 0, 0, 0, 0, 0, 0, 0, 0, 0, 0, 0, 0, 0, 0, 0, 0, 0, 0, 0, 0, 0, 0, 0, 0, 0, 0, 0, 0, 0, 0, 0, 0, 0, 0, 0, 0, 0, 0, 0, 0, 0, 0, 0, 0, 0, 0, 0, 0, 0, 0, 0, 0, 0, 0, 0, 0, 0, 0, 0, 0, 0, 0, 0, 0, 0, 0, 0, 0, 0, 0, 0, 0, 0, 0, 0, 0, 0, 0, 0, 0, 0, 0, 0, 0, 0, 0, 0, 0, 0, 0, 0, 0, 0, 0, 0, 0, 0, 0, 0, 0, 0, 0, 0, 0, 0, 0, 0, 0, 0, 0, 0, 0, 0, 0, 0, 0, 0, 0, 0, 0, 0, 0, 0, 0, 0, 0, 0, 0, 0, 0, 0, 0, 0, 0, 0, 0, 0, 0, 0, 0, 0, 0, 0, 0, 0, 0, 0, 0, 0, 0, 0, 0, 0, 0, 0, 0, 0, 0, 0, 0, 0, 0, 0, 0, 0, 0, 0, 0, 0, 0, 0, 0, 0, 0, 0, 0, 0, 0, 0, 0, 0, 0, 0, 0, 0, 0, 0, 0, 0, 0, 0, 0, 0, 0, 0, 0, 0, 0, 0, 0, 0, 0, 0, 0, 0, 0, 0, 0, 0, 0, 0, 0, 0, 0, 0, 0, 0, 0, 0, 0, 0, 0, 0, 0, 0, 0, 0, 0, 0, 0, 0, 0, 0, 0, 0, 0, 0, 0, 0, 0, 0, 0, 0, 0, 0, 0, 0, 0, 0, 0, 0, 0, 0, 0, 0, 0, 0, 0, 0, 0, 0, 0, 0, 0, 0, 0, 0, 0, 0, 0, 0, 0, 0, 0, 0, 0, 0, 0, 0, 0, 0, 0, 0, 0, 0, 0, 0, 0, 0, 0, 0, 0, 0, 0, 0, 0, 0, 0, 0, 0, 0, 0, 0, 0, 0, 0, 0, 0, 0, 0, 0, 0, 0, 0, 0, 0, 0, 0, 0, 0, 0, 0, 0, 0, 0, 0, 0, 0, 0, 0, 0, 0, 0, 0, 0, 0, 0, 0, 0, 0, 0, 0, 0, 0, 0, 0, 0, 0, 0, 0, 0, 0, 0, 0, 0, 0, 0, 0, 0, 0, 0, 0, 0, 0, 0, 0, 0, 0, 0, 0, 0, 0, 0, 0, 0, 0, 0, 0, 0, 0, 0, 0, 0, 0, 0, 0, 0, 0, 0, 0, 0, 0, 0, 0, 0, 0, 0, 0, 0, 0, 0, 0, 0, 0, 0, 0, 0, 0, 0, 0, 0, 0, 0, 0, 0, 0, 0, 0, 0, 0, 0, 0, 0, 0, 0, 0, 0, 0, 0, 0, 0, 0, 0, 0, 0, 0, 0, 0, 0, 0, 0, 0, 0, 0, 0, 0, 0, 0, 0, 0, 0, 0, 0, 0, 0, 0, 0, 0, 0, 0, 0, 0, 0, 0, 0, 0, 0, 0, 0, 0, 0, 0, 0, 0, 0, 0, 0, 0, 0, 0, 0, 0, 0, 0, 0, 0, 0, 0, 0, 0, 0, 0, 0, 0, 0, 0, 0, 0, 0, 0, 0, 0, 0, 0, 0, 0, 0, 0, 0, 0, 0, 0, 0, 0, 0, 0, 0, 0, 0, 0, 0, 0, 0, 0, 0, 0, 0, 0, 0, 0, 0, 0, 0, 0, 0, 0, 0, 0, 0, 0, 0, 0, 0, 0, 0, 0, 0, 0, 0, 0, 0, 0, 0, 0, 0, 0, 0, 0, 0, 0, 0, 0, 0, 0, 0, 0, 0, 0, 0, 0, 0, 0, 0, 0, 0, 0, 0, 0, 0, 0, 0, 0, 0, 0, 0, 0, 0, 0, 0, 0, 0, 0, 0, 0, 0, 0, 0, 0, 0, 0, 0, 0, 0, 0, 0, 0, 0, 0, 0, 0, 0, 0, 0, 0, 0, 0, 0, 0, 0, 0, 0, 0, 0, 0, 0, 0, 0, 0, 0, 0, 0, 0, 0, 0, 0, 0, 0, 0, 0, 0, 0, 0, 0, 0, 0, 0, 0, 0, 0, 0, 0, 0, 0, 0, 0, 0, 0, 0, 0, 0, 0, 0, 0, 0, 0, 0, 0, 0, 0, 0, 0, 0, 0, 0, 0, 0, 0, 0, 0, 0, 0, 0, 0, 0, 0, 0, 0, 0, 0, 0, 0, 0, 0, 0, 0, 0, 0, 0, 0, 0, 0, 0, 0, 0, 0, 0, 0, 0, 0, 0, 0, 0, 0, 0, 0, 0, 0, 0, 0, 0, 0, 0, 0, 0, 0, 0, 0, 0, 0, 0, 0, 0, 0, 0, 0, 0, 0, 0, 0, 0, 0, 0, 0, 0, 0, 0, 0, 0, 0, 0, 0, 0, 0, 0, 0, 0, 0, 0, 0, 0, 0, 0, 0, 0, 0, 0, 0, 0, 0, 0, 0, 0, 0, 0, 0, 0, 0, 0, 0, 0, 0, 0, 0, 0, 0, 0, 0, 0, 0, 0, 0, 0, 0, 0, 0, 0, 0, 0, 0, 0, 0, 0, 0, 0, 0, 0, 0, 0, 0, 0, 0, 0, 0, 0, 0, 0, 0, 0, 0, 0, 0, 0, 0, 0, 0, 0, 0, 0, 0, 0, 0, 0, 0, 0, 0, 0, 0, 0, 0, 0, 0, 0, 0, 0, 0, 0, 0, 0, 0, 0, 0, 0, 0, 0, 0, 0, 0, 0, 0, 0, 0, 0, 0, 0, 0, 0, 0, 0, 0, 0, 0, 0, 0, 0, 0, 0, 0, 0, 0, 0, 0, 0, 0, 0, 0, 0, 0, 0, 0, 0, 0, 0, 0, 0, 0, 0, 0, 0, 0, 0, 0, 0, 0, 0, 0, 0, 0, 0, 0, 0, 0, 0, 0, 0, 0, 0, 0, 0, 0, 0, 0, 0, 0, 0, 0, 0, 0, 0, 0, 0, 0, 0, 0, 0, 0, 0, 0, 0, 0, 0, 0, 0, 0, 0, 0, 0, 0, 0, 0, 0, 0, 0, 0, 0, 0, 0, 0, 0, 0, 0, 0, 0, 0, 0, 0, 0, 0, 0, 0, 0, 0, 0, 0, 0, 0, 0, 0, 0, 0, 0, 0, 0, 0, 0, 0, 0, 0, 0, 0, 0, 0, 0, 0, 0, 0, 0, 0, 0, 0, 0, 0, 0, 0, 0, 0, 0, 0, 0, 0, 0, 0, 0, 0, 0, 0, 0, 0, 0, 0, 0, 0, 0, 0, 0, 0, 0, 0, 0, 0, 0, 0, 0, 0, 0, 0, 0, 0, 0, 0, 0, 0, 0, 0, 0, 0, 0, 0, 0, 0, 0, 0, 0, 0, 0, 0, 0, 0, 0, 0, 0, 0, 0, 0, 0, 0, 0, 0, 0, 0, 0, 0, 0, 0, 0, 0, 0, 0, 0, 0, 0, 0, 0, 0, 0, 0, 0, 0, 0, 0, 0, 0, 0, 0, 0, 0, 0, 0, 0, 0, 0, 0, 0, 0, 0, 0, 0, 0, 0, 0, 0, 0, 0, 0, 0, 0, 0, 0, 0, 0, 0, 0, 0, 0, 0, 0, 0, 0, 0, 0, 0, 0, 0, 0, 0, 0, 0, 0, 0, 0, 0, 0, 0, 0, 0, 0, 0, 0, 0, 0, 0, 0, 0, 0, 0, 0, 0, 0, 0, 0, 0, 0, 0, 0, 0, 0, 0, 0, 0, 0, 0, 0, 0, 0, 0, 0, 0, 0, 0, 0, 0, 0, 0, 0, 0, 0, 0, 0, 0, 0, 0, 0, 0, 0, 0, 0, 0, 0, 0, 0, 0, 0, 0, 0, 0, 0, 0, 0, 0, 0, 0, 0, 0, 0, 0, 0, 0, 0, 0, 0, 0, 0, 0, 0, 0, 0, 0, 0, 0, 0, 0, 0, 0, 0, 0, 0, 0, 0, 0, 0, 0, 0, 0, 0, 0, 0, 0, 0, 0, 0, 0, 0, 0, 0, 0, 0, 0, 0, 0, 0, 0, 0, 0, 0, 0, 0, 0, 0, 0, 0, 0, 0, 0, 0, 0, 0, 0, 0, 0, 0, 0, 0, 0, 0, 0, 0, 0, 0, 0, 0, 0, 0, 0, 0, 0, 0, 0, 0, 0, 0, 0, 0, 0, 0, 0, 0, 0, 0, 0, 0, 0, 0, 0, 0, 0, 0, 0, 0, 0, 0, 0, 0, 0, 0, 0, 0, 0, 0, 0, 0, 0, 0, 0, 0, 0, 0, 0, 0, 0, 0, 0, 0, 0, 0, 0, 0, 0, 0, 0, 0, 0, 0, 0, 0, 0, 0, 0, 0, 0, 0, 0, 0, 0, 0, 0, 0, 0, 0, 0, 0, 0, 0, 0, 0, 0, 0, 0, 0, 0, 0, 0, 0, 0, 0, 0, 0, 0, 0, 0, 0, 0, 0, 0, 0, 0, 0, 0, 0, 0, 0, 0, 0, 0, 0, 0, 0, 0, 0, 0, 0, 0, 0, 0, 0, 0, 0, 0, 0, 0, 0, 0, 0, 0, 0, 0, 0, 0, 0, 0, 0, 0, 0, 0, 0, 0, 0, 0, 0, 0, 0, 0, 0, 0, 0, 0, 0, 0, 0, 0, 0, 0, 0, 0, 0, 0, 0, 0, 0, 0, 0, 0, 0, 0, 0, 0, 0, 0, 0, 0, 0, 0, 0, 0, 0, 0, 0, 0, 0, 0, 0, 0, 0, 0, 0, 0, 0, 0, 0, 0, 0, 0, 0, 0, 0, 0, 0, 0, 0, 0, 0, 0, 0, 0, 0, 0, 0, 0, 0, 0, 0, 0, 0, 0, 0, 0, 0, 0, 0, 0, 0, 0, 0, 0, 0, 0, 0, 0, 0, 0, 0, 0, 0, 0, 0, 0, 0, 0, 0, 0, 0, 0, 0, 0, 0, 0, 0, 0, 0, 0, 0, 0, 0, 0, 0, 0, 0, 0, 0, 0, 0, 0, 0, 0, 0, 0, 0, 0, 0, 0, 0, 0, 0, 0, 0, 0, 0, 0, 0, 0, 0, 0, 0, 0, 0, 0, 0, 0, 0, 0, 0, 0, 0, 0, 0, 0, 0, 0, 0, 0, 0, 0, 0, 0, 0, 0, 0, 0, 0, 0, 0, 0, 0, 0, 0, 0, 0, 0, 0, 0, 0, 0, 0, 0, 0, 0, 0, 0, 0, 0, 0, 0, 0, 0, 0, 0, 0, 0, 0, 0, 0, 0, 0, 0, 0, 0, 0, 0, 0, 0, 0, 0, 0, 0, 0, 0, 0, 0, 0, 0, 0, 0, 0, 0, 0, 0, 0, 0, 0, 0, 0, 0, 0, 0, 0, 0, 0, 0, 0, 0, 0, 0, 0, 0, 0, 0, 0, 0, 0, 0, 0, 0, 0, 0, 0, 0, 0, 0, 0, 0, 0, 0, 0, 0, 0, 0, 0, 0, 0, 0, 0, 0, 0, 0, 0, 0, 0, 0, 0, 0, 0, 0, 0, 0, 0, 0, 0, 0, 0, 0, 0, 0, 0, 0, 0, 0, 0, 0, 0, ]
best_mc_result_fixed_tau =   [0, ]
evolved_state_fixed_tau =   [[0, 0, 0, 0, 0, 0, 0, 0, 0, 0, 0, 0, 0, 0, 0, 0, 0, 0, 0, 0, 0, 0, 0, 0, 0, 0, 0, 0, 0, 0, 0, 0, 0, 0, 0, 0, 0, 0, 0, 0, 0, 0, 0, 0, 0, 0, 0, 0, 0, 0, 0, 0, 0, 0, 0, 0, 0, 0, 0, 0, 0, 0, 0, 0, 0, 0, 0, 0, 0, 0, 0, 0, 0, 0, 0, 0, 0, 0, 0, 0, 0, 0, 0, 0, 0, 0, 0, 0, 0, 0, 0, 0, 0, 0, 0, 0, 0, 0, 0, 0, 0, 0, 0, 0, 0, 0, 0, 0, 0, 0, 0, 0, 0, 0, 0, 0, 0, 0, 0, 0, 0, 0, 0, 0, 0, 0, 0, 0, 0, 0, 0, 0, 0, 0, 0, 0, 0, 0, 0, 0, 0, 0, 0, 0, 0, 0, 0, 0, 0, 0, 0, 0, 0, 0, 0, 0, 0, 0, 0, 0, 0, 0, 0, 0, 0, 0, 0, 0, 0, 0, 0, 0, 0, 0, 0, 0, 0, 0, 0, 0, 0, 0, 0, 0, 0, 0, 0, 0, 0, 0, 0, 0, 0, 0, 0, 0, 0, 0, 0, 0, 0, 0, 0, 0, 0, 0, 0, 0, 0, 0, 0, 0, 0, 0, 0, 0, 0, 0, 0, 0, 0, 0, 0, 0, 0, 0, 0, 0, 0, 0, 0, 0, 0, 0, 0, 0, 0, 0, 0, 0, 0, 0, 0, 0, 0, 0, 0, 0, 0, 0, 0, 0, 0, 0, 0, 0, 0, 0, 0, 0, 0, 0, 0, 0, 0, 0, 0, 0, 0, 0, 0, 0, 0, 0, 0, 0, 0, 0, 0, 0, 0, 0, 0, 0, 0, 0, 0, 0, 0, 0, 0, 0, 0, 0, 0, 0, 0, 0, 0, 0, 0, 0, 0, 0, 0, 0, 0, 0, 0, 0, 0, 0, 0, 0, 0, 0, 0, 0, 0, 0, 0, 0, 0, 0, 0, 0, 0, 0, 0, 0, 0, 0, 0, 0, 0, 0, 0, 0, 0, 0, 0, 0, 0, 0, 0, 0, 0, 0, 0, 0, 0, 0, 0, 0, 0, 0, 0, 0, 0, 0, 0, 0, 0, 0, 0, 0, 0, 0, 0, 0, 0, 0, 0, 0, 0, 0, 0, 0, 0, 0, 0, 0, 0, 0, 0, 0, 0, 0, 0, 0, 0, 0, 0, 0, 0, 0, 0, 0, 0, 0, 0, 0, 0, 0, 0, 0, 0, 0, 0, 0, 0, 0, 0, 0, 0, 0, 0, 0, 0, 0, 0, 0, 0, 0, 0, 0, 0, 0, 0, 0, 0, 0, 0, 0, 0, 0, 0, 0, 0, 0, 0, 0, 0, 0, 0, 0, 0, 0, 0, 0, 0, 0, 0, 0, 0, 0, 0, 0, 0, 0, 0, 0, 0, 0, 0, 0, 0, 0, 0, 0, 0, 0, 0, 0, 0, 0, 0, 0, 0, 0, 0, 0, 0, 0, 0, 0, 0, 0, 0, 0, 0, 0, 0, 0, 0, 0, 0, 0, 0, 0, 0, 0, 0, 0, 0, 0, 0, 0, 0, 0, 0, 0, 0, 0, 0, 0, 0, 0, 0, 0, 0, 0, 0, 0, 0, 0, 0, 0, 0, 0, 0, 0, 0, 0, 0, 0, 0, 0, 0, 0, 0, 0, 0, 0, 0, 0, 0, 0, 0, 0, 0, 0, 0, 0, 0, 0, 0, 0, 0, 0, 0, 0, 0, 0, 0, 0, 0, 0, 0, 0, 0, 0, 0, 0, 0, 0, 0, 0, 0, 0, 0, 0, 0, 0, 0, 0, 0, 0, 0, 0, 0, 0, 0, 0, 0, 0, 0, 0, 0, 0, 0, 0, 0, 0, 0, 0, 0, 0, 0, 0, 0, 0, 0, 0, 0, 0, 0, 0, 0, 0, 0, 0, 0, 0, 0, 0, 0, 0, 0, 0, 0, 0, 0, 0, 0, 0, 0, 0, 0, 0, 0, 0, 0, 0, 0, 0, 0, 0, 0, 0, 0, 0, 0, 0, 0, 0, 0, 0, 0, 0, 0, 0, 0, 0, 0, 0, 0, 0, 0, 0, 0, 0, 0, 0, 0, 0, 0, 0, 0, 0, 0, 0, 0, 0, 0, 0, 0, 0, 0, 0, 0, 0, 0, 0, 0, 0, 0, 0, 0, 0, 0, 0, 0, 0, 0, 0, 0, 0, 0, 0, 0, 0, 0, 0, 0, 0, 0, 0, 0, 0, 0, 0, 0, 0, 0, 0, 0, 0, 0, 0, 0, 0, 0, 0, 0, 0, 0, 0, 0, 0, 0, 0, 0, 0, 0, 0, 0, 0, 0, 0, 0, 0, 0, 0, 0, 0, 0, 0, 0, 0, 0, 0, 0, 0, 0, 0, 0, 0, 0, 0, 0, 0, 0, 0, 0, 0, 0, 0, 0, 0, 0, 0, 0, 0, 0, 0, 0, 0, 0, 0, 0, 0, 0, 0, 0, 0, 0, 0, 0, 0, 0, 0, 0, 0, 0, 0, 0, 0, 0, 0, 0, 0, 0, 0, 0, 0, 0, 0, 0, 0, 0, 0, 0, 0, 0, 0, 0, 0, 0, 0, 0, 0, 0, 0, 0, 0, 0, 0, 0, 0, 0, 0, 0, 0, 0, 0, 0, 0, 0, 0, 0, 0, 0, 0, 0, 0, 0, 0, 0, 0, 0, 0, 0, 0, 0, 0, 0, 0, 0, 0, 0, 0, 0, 0, 0, 0, 0, 0, 0, 0, 0, 0, 0, 0, 0, 0, 0, 0, 0, 0, 0, 0, 0, 0, 0, 0, 0, 0, 0, 0, 0, 0, 0, 0, 0, 0, 0, 0, 0, 0, 0, 0, 0, 0, 0, 0, 0, 0, 0, 0, 0, 0, 0, 0, 0, 0, 0, 0, 0, 0, 0, 0, 0, 0, 0, 0, 0, 0, 0, 0, 0, 0, 0, 0, 0, 0, 0, 0, 0, 0, 0, 0, 0, 0, 0, 0, 0, 0, 0, 0, 0, 0, 0, 0, 0, 0, 0, 0, 0, 0, 0, 0, 0, 0, 0, 0, 0, 0, 0, 0, 0, 0, 0, 0, 0, 0, 0, 0, 0, 0, 0, 0, 0, 0, 0, 0, 0, 0, 0, 0, 0, 0, 0, 0, 0, 0, 0, 0, 0, 0, 0, 0, 0, 0, 0, 0, 0, 0, 0, 0, 0, 0, 0, 0, 0, 0, 0, 0, 0, 0, 0, 0, 0, 0, 0, 0, 0, 0, 0, 0, 0, 0, 0, 0, 0, 0, 0, 0, 0, 0, 0, 0, 0, 0, 0, 0, 0, 0, 0, 0, 0, 0, 0, 0, 0, 0, 0, 0, 0, 0, 0, 0, 0, 0, 0, 0, 0, 0, 0, 0, 0, 0, 0, 0, 0, 0, 0, 0, 0, 0, 0, 0, 0, 0, 0, 0, 0, 0, 0, 0, 0, 0, 0, 0, 0, 0, 0, 0, 0, 0, 0, 0, 0, 0, 0, 0, 0, 0, 0, 0, 0, 0, 0, 0, 0, 0, 0, 0, 0, 0, 0, 0, 0, 0, 0, 0, 0, 0, 0, 0, 0, 0, 0, 0, 0, 0, 0, 0, 0, 0, 0, 0, 0, 0, 0, 0, 0, 0, 0, 0, 0, 0, 0, 0, 0, 0, 0, 0, 0, 0, 0, 0, 0, 0, 0, 0, 0, 0, 0, 0, 0, 0, 0, 0, 0, 0, 0, 0, 0, 0, 0, 0, 0, 0, 0, 0, 0, 0, 0, 0, 0, 0, 0, 0, 0, 0, 0, 0, 0, 0, 0, 0, 0, 0, 0, 0, 0, 0, 0, 0, 0, 0, 0, 0, 0, 0, 0, 0, 0, 0, 0, 0, 0, 0, 0, 0, 0, 0, 0, 0, 0, 0, 0, 0, 0, 0, 0, 0, 0, 0, 0, 0, 0, 0, 0, 0, 0, 0, 0, 0, 0, 0, 0, 0, 0, 0, 0, 0, 0, 0, 0, 0, 0, 0, 0, 0, 0, 0, 0, 0, 0, 0, 0, 0, 0, 0, 0, 0, 0, 0, 0, 0, 0, 0, 0, 0, 0, 0, 0, 0, 0, 0, 0, 0, 0, 0, 0, 0, 0, 0, 0, 0, 0, 0, 0, 0, 0, 0, 0, 0, 0, 0, 0, 0, 0, 0, 0, 0, 0, 0, 0, 0, 0, 0, 0, 0, 0, 0, 0, 0, 0, 0, 0, 0, 0, 0, 0, 0, 0, 0, 0, 0, 0, 0, 0, 0, 0, 0, 0, 0, 0, 0, 0, 0, 0, 0, 0, 0, 0, 0, 0, 0, 0, 0, 0, 0, 0, 0, 0, 0, 0, 0, 0, 0, 0, 0, 0, 0, 0, 0, 0, 0, 0, 0, 0, 0, 0, 0, 0, 0, 0, 0, 0, 0, 0, 0, 0, 0, 0, 0, 0, 0, 0, 0, 0, 0, 0, 0, 0, 0, 0, 0, 0, 0, 0, 0, 0, 0, 0, 0, 0, 0, 0, 0, 0, 0, 0, 0, 0, 0, 0, 0, 0, 0, 0, 0, 0, 0, 0, 0, 0, 0, 0, 0, 0, 0, 0, 0, 0, 0, 0, 0, 0, 0, 0, 0, 0, 0, 0, 0, 0, 0, 0, 0, 0, 0, 0, 0, 0, 0, 0, 0, 0, 0, 0, 0, 0, 0, 0, 0, 0, 0, 0, 0, 0, 0, 0, 0, 0, 0, 0, 0, 0, 0, 0, 0, 0, 0, 0, 0, 0, 0, 0, 0, 0, 0, 0, 0, 0, 0, 0, 0, 0, 0, 0, 0, 0, 0, 0, 0, 0, 0, 0, 0, 0, 0, 0, 0, 0, 0, 0, 0, 0, 0, 0, 0, 0, 0, 0, 0, 0, 0, 0, 0, 0, 0, 0, 0, 0, 0, 0, 0, 0, 0, 0, 0, 0, 0, 0, 0, 0, 0, 0, 0, 0, 0, 0, 0, 0, 0, 0, 0, 0, 0, 0, 0, 0, 0, 0, 0, 0, 0, 0, 0, 0, 0, 0, 0, 0, 0, 0, 0, 0, 0, 0, 0, 0, 0, 0, 0, 0, 0, 0, 0, 0, 0, 0, 0, 0, 0, 0, 0, 0, 0, 0, 0, 0, 0, 0, 0, 0, 0, 0, 0, 0, 0, 0, 0, 0, 0, 0, 0, 0, 0, 0, 0, 0, 0, 0, 0, 0, 0, 0, 0, 0, 0, 0, 0, 0, 0, 0, 0, 0, 0, 0, 0, 0, 0, 0, 0, 0, 0, 0, 0, 0, 0, 0, 0, 0, 0, 0, 0, 0, 0, 0, 0, 0, 0, 0, 0, 0, 0, 0, 0, 0, 0, 0, 0, 0, 0, 0, 0, 0, 0, 0, 0, 0, 0, 0, 0, 0, 0, 0, 0, 0, 0, 0, 0, 0, 0, 0, 0, 0, 0, 0, 0, 0, 0, 0, 0, 0, 0, 0, 0, 0, 0, 0, 0, 0, 0, 0, 0, 0, 0, 0, 0, 0, 0, 0, 0, 0, 0, 0, 0, 0, 0, 0, 0, 0, 0, 0, 0, 0, 0, 0, 0, 0, 0, 0, 0, 0, 0, 0, 0, 0, 0, 0, 0, 0, 0, 0, 0, 0, 0, 0, 0, 0, 0, 0, 0, 0, 0, 0, 0, 0, 0, 0, 0, 0, 0, 0, 0, 0, 0, 0, 0, 0, 0, 0, 0, 0, 0, 0, 0, 0, 0, 0, 0, 0, 0, 0, 0, 0, 0, 0, 0, 0, 0, 0, 0, 0, 0, 0, 0, 0, 0, 0, 0, 0, 0, 0, 0, 0, 0, 0, 0, 0, 0, 0, 0, 0, 0, 0, 0, 0, 0, 0, 0, 0, 0, 0, 0, 0, 0, 0, 0, 0, 0, 0, 0, 0, 0, 0, 0, 0, 0, 0, 0, 0, 0, 0, 0, 0, 0, 0, 0, 0, 0, 0, 0, 0, 0, 0, 0, 0, 0, 0, 0, 0, 0, 0, 0, 0, 0, 0, 0, 0, 0, 0, 0, 0, 0, 0, 0, 0, 0, 0, 0, 0, 0, 0, 0, 0, 0, 0, 0, 0, 0, 0, 0, 0, 0, 0, 0, 0, 0, 0, 0, 0, 0, 0, 0, 0, 0, 0, 0, 0, 0, 0, 0, 0, 0, 0, 0, 0, 0, 0, 0, 0, 0, 0, 0, 0, 0, 0, 0, 0, 0, 0, 0, 0, 0, 0, 0, 0, 0, 0, 0, 0, 0, 0, 0, 0, 0, 0, 0, 0, 0, 0, 0, 0, 0, 0, 0, 0, 0, 0, 0, 0, 0, 0, 0, 0, 0, 0, 0, 0, 0, 0, 0, 0, 0, 0, 0, 0, 0, 0, 0, 0, 0, 0, 0, 0, 0, 0, 0, 0, 0, 0, 0, 0, 0, 0, 0, 0, 0, 0, 0, 0, 0, 0, 0, 0, 0, 0, 0, 0, 0, 0, 0, 0, 0, 0, 0, 0, 0, 0, 0, 0, 0, 0, 0, 0, 0, 0, 0, 0, 0, 0, 0, 0, 0, 0, 0, 0, 0, 0, 0, 0, 0, 0, 0, 0, 0, 0, 0, 0, 0, 0, 0, 0, 0, 0, 0, 0, 0, 0, 0, 0, 0, 0, 0, 0, 0, 0, 0, 0, 0, 0, 0, 0, 0, 0, 0, 0, 0, 0, 0, 0, 0, 0, 0, 0, 0, 0, 0, 0, 0, 0, 0, 0, 0, 0, 0, 0, 0, 0, 0, 0, 0, 0, 0, 0, 0, 0, 0, 0, 0, 0, 0, 0, 0, 0, 0, 0, 0, 0, 0, 0, 0, 0, 0, 0, 0, 0, 0, 0, 0, 0, 0, 0, 0, 0, 0, 0, 0, 0, 0, 0, 0, 0, 0, 0, 0, 0, 0, 0, 0, 0, 0, 0, 0, 0, 0, 0, 0, 0, 0, 0, 0, 0, 0, 0, 0, 0, 0, 0, 0, 0, 0, 0, 0, 0, 0, 0, 0, 0, 0, 0, 0, 0, 0, 0, 0, 0, 0, 0, 0, 0, 0, 0, 0, 0, 0, 0, 0, 0, 0, 0, 0, 0, 0, 0, 0, 0, 0, 0, 0, 0, 0, 0, 0, 0, 0, 0, 0, 0, 0, 0, 0, 0, 0, 0, 0, 0, 0, 0, 0, 0, 0, 0, 0, 0, 0, 0, 0, 0, 0, 0, 0, 0, 0, 0, 0, 0, 0, 0, 0, 0, 0, 0, 0, 0, 0, 0, 0, 0, 0, 0, 0, 0, 0, 0, 0, 0, 0, 0, 0, 0, 0, 0, 0, 0, 0, 0, 0, 0, 0, 0, 0, 0, 0, 0, 0, 0, 0, 0, 0, 0, 0, 0, 0, 0, 0, 0, 0, 0, 0, 0, 0, 0, 0, 0, 0, 0, 0, 0, 0, 0, 0, 0, 0, 0, 0, 0, 0, 0, 0, 0, 0, 0, 0, 0, 0, 0, 0, 0, 0, 0, 0, 0, 0, 0, 0, 0, 0, 0, 0, 0, 0, 0, 0, 0, 0, 0, 0, 0, 0, 0, 0, 0, 0, 0, 0, 0, 0, 0, 0, 0, 0, 0, 0, 0, 0, 0, 0, 0, 0, 0, 0, 0, 0, 0, 0, 0, 0, 0, 0, 0, 0, 0, 0, 0, 0, 0, 0, 0, 0, 0, 0, 0, 0, 0, 0, 0, 0, 0, 0, 0, 0, 0, 0, 0, 0, 0, 0, 0, 0, 0, 0, 0, 0, 0, 0, 0, 0, 0, 0, 0, 0, 0, 0, 0, 0, 0, 0, 0, 0, 0, 0, 0, 0, 0, 0, 0, 0, 0, 0, 0, 0, 0, 0, 0, 0, 0, 0, 0, 0, 0, 0, 0, 0, 0, 0, 0, 0, 0, 0, 0, 0, 0, 0, 0, 0, 0, 0, 0, 0, 0, 0, 0, 0, 0, 0, 0, 0, 0, 0, 0, 0, 0, 0, 0, 0, 0, 0, 0, 0, 0, 0, 0, 0, 0, 0, 0, 0, 0, 0, 0, 0, 0, 0, 0, 0, 0, 0, 0, 0, 0, 0, 0, 0, 0, 0, 0, 0, 0, 0, 0, 0, 0, 0, 0, 0, 0, 0, 0, 0, 0, 0, 0, 0, 0, 0, 0, 0, 0, 0, 0, 0, 0, 0, 0, 0, 0, 0, 0, 0, 0, 0, 0, 0, 0, 0, 0, 0, 0, 0, 0, 0, 0, 0, 0, 0, 0, 0, 0, 0, 0, 0, 0, 0, 0, 0, 0, 0, 0, 0, 0, 0, 0, 0, 0, 0, 0, 0, 0, 0, 0, 0, 0, 0, 0, 0, 0, 0, 0, 0, 0, 0, 0, 0, 0, 0, 0, 0, 0, 0, 0, 0, 0, 0, 0, 0, 0, 0, 0, 0, 0, 0, 0, 0, 0, 0, 0, 0, 0, 0, 0, 0, 0, 0, 0, 0, 0, 0, 0, 0, 0, 0, 0, 0, 0, 0, 0, 0, 0, 0, 0, 0, 0, 0, 0, 0, 0, 0, 0, 0, 0, 0, 0, 0, 0, 0, 0, 0, 0, 0, 0, 0, 0, 0, 0, 0, 0, 0, 0, 0, 0, 0, 0, 0, 0, 0, 0, 0, 0, 0, 0, 0, 0, 0, 0, 0, 0, 0, 0, 0, 0, 0, 0, 0, 0, 0, 0, 0, 0, 0, 0, 0, 0, 0, 0, 0, 0, 0, 0, 0, 0, 0, 0, 0, 0, 0, 0, 0, 0, 0, 0, 0, 0, 0, 0, 0, 0, 0, 0, 0, 0, 0, 0, 0, 0, 0, 0, 0, 0, 0, 0, 0, 0, 0, 0, 0, 0, 0, 0, 0, 0, 0, 0, 0, 0, 0, 0, 0, 0, 0, 0, 0, 0, 0, 0, 0, 0, 0, 0, 0, 0, 0, 0, 0, 0, 0, 0, 0, 0, 0, 0, 0, 0, 0, 0, 0, 0, 0, 0, 0, 0, 0, 0, 0, 0, 0, 0, 0, 0, 0, 0, 0, 0, 0, 0, 0, 0, 0, 0, 0, 0, 0, 0, 0, 0, 0, 0, 0, 0, 0, 0, 0, 0, 0, 0, 0, 0, 0, 0, 0, 0, 0, 0, 0, 0, 0, 0, 0, 0, 0, 0, 0, 0, 0, 0, 0, 0, 0, 0, 0, 0, 0, 0, 0, 0, 0, 0, 0, 0, 0, 0, 0, 0, 0, 0, 0, 0, 0, 0, 0, 0, 0, 0, 0, 0, 0, 0, 0, 0, 0, 0, 0, 0, 0, 0, 0, 0, 0, 0, 0, 0, 0, 0, 0, 0, 0, 0, 0, 0, 0, 0, 0, 0, 0, 0, 0, 0, 0, 0, 0, 0, 0, 0, 0, 0, 0, 0, 0, 0, 0, 0, 0, 0, 0, 0, 0, 0, 0, 0, 0, 0, 0, 0, 0, 0, 0, 0, 0, 0, 0, 0, 0, 0, 0, 0, 0, 0, 0, 0, 0, 0, 0, 0, 0, 0, 0, 0, 0, 0, 0, 0, 0, 0, 0, 0, 0, 0, 0, 0, 0, 0, 0, 0, 0, 0, 0, 0, 0, 0, 0, 0, 0, 0, 0, 0, 0, 0, 0, 0, 0, 0, 0, 0, 0, 0, 0, 0, 0, 0, 0, 0, 0, 0, 0, 0, 0, 0, 0, 0, 0, 0, 0, 0, 0, 0, 0, 0, 0, 0, 0, 0, 0, 0, 0, 0, 0, 0, 0, 0, 0, 0, 0, 0, 0, 0, 0, 0, 0, 0, 0, 0, 0, 0, 0, 0, 0, 0, 0, 0, 0, 0, 0, 0, 0, 0, 0, 0, 0, 0, 0, 0, 0, 0, 0, 0, 0, 0, 0, 0, 0, 0, 0, 0, 0, 0, 0, 0, 0, 0, 0, 0, 0, 0, 0, 0, 0, 0, 0, 0, 0, 0, 0, 0, 0, 0, 0, 0, 0, 0, 0, 0, 0, 0, 0, 0, 0, 0, 0, 0, 0, 0, 0, 0, 0, 0, 0, 0, 0, 0, 0, 0, 0, 0, 0, 0, 0, 0, 0, 0, 0, 0, 0, 0, 0, 0, 0, 0, 0, 0, 0, 0, 0, 0, 0, 0, 0, 0, 0, 0, 0, 0, 0, 0, 0, 0, 0, 0, 0, 0, 0, 0, 0, 0, 0, 0, 0, 0, 0, 0, 0, 0, 0, 0, 0, 0, 0, 0, 0, 0, 0, 0, 0, 0, 0, 0, 0, 0, 0, 0, 0, 0, 0, 0, 0, 0, 0, 0, 0, 0, 0, 0, 0, 0, 0, 0, 0, 0, 0, 0, 0, 0, 0, 0, 0, 0, 0, 0, 0, 0, 0, 0, 0, 0, 0, 0, 0, 0, 0, 0, 0, 0, 0, 0, 0, 0, 0, 0, 0, 0, 0, 0, 0, 0, 0, 0, 0, 0, 0, 0, 0, 0, 0, 0, 0, 0, 0, 0, 0, 0, 0, 0, 0, 0, 0, 0, 0, 0, 0, 0, 0, 0, 0, 0, 0, 0, 0, 0, 0, 0, 0, 0, 0, 0, 0, 0, 0, 0, 0, 0, 0, 0, 0, 0, 0, 0, 0, 0, 0, 0, 0, 0, 0, 0, 0, 0, 0, 0, 0, 0, 0, 0, 0, 0, 0, 0, 0, 0, 0, 0, 0, 0, 0, 0, 0, 0, 0, 0, 0, 0, 0, 0, 0, 0, 0, 0, 0, 0, 0, 0, 0, 0, 0, 0, 0, 0, 0, 0, 0, 0, 0, 0, 0, 0, 0, 0, 0, 0, 0, 0, 0, 0, 0, 0, 0, 0, 0, 0, 0, 0, 0, 0, 0, 0, 0, 0, 0, 0, 0, 0, 0, 0, 0, 0, 0, 0, 0, 0, 0, 0, 0, 0, 0, 0, 0, 0, 0, 0, 0, 0, 0, 0, 0, 0, 0, 0, 0, 0, 0, 0, 0, 0, 0, 0, 0, 0, 0, 0, 0, 0, 0, 0, 0, 0, 0, 0, 0, 0, 0, 0, 0, 0, 0, 0, 0, 0, 0, 0, 0, 0, 0, 0, 0, 0, 0, 0, 0, 0, 0, 0, 0, 0, 0, 0, 0, 0, 0, 0, 0, 0, 0, 0, 0, 0, 0, 0, 0, 0, 0, 0, 0, 0, 0, 0, 0, 0, 0, 0, 0, 0, 0, 0, 0, 0, 0, 0, 0, 0, 0, 0, 0, 0, 0, 0, 0, 0, 0, 0, 0, 0, 0, 0, 0, 0, 0, 0, 0, 0, 0, 0, 0, 0, 0, 0, 0, 0, 0, 0, 0, 0, 0, 0, 0, 0, 0, 0, 0, 0, 0, 0, 0, 0, 0, 0, 0, 0, 0, 0, 0, 0, 0, 0, 0, 0, 0, 0, 0, 0, 0, 0, 0, 0, 0, 0, 0, 0, 0, 0, 0, 0, 0, 0, 0, 0, 0, 0, 0, 0, 0, 0, 0, 0, 0, 0, 0, 0, 0, 0, 0, 0, 0, 0, 0, 0, 0, 0, 0, 0, 0, 0, 0, 0, 0, ],]
