START_PARAMETERS
MAX_TAU_ADIA =             200
TOTAL_STEPS_ADIA =             100
GROUND_E =                -3.52923
INITIAL_E =               -3.51405
j_initial =               0.224
k_initial =               0.5
b_initial =               0
j_target =                0.274
k_target =                0.5
b_target =                0
init_target_dot_squared = 0.989522
init_state = [0.00339955, 0, 0.0347051, 0, 0.00562449, 0, 0.00118649, 0, 0.00856573, 0, 0.0270821, 0, 0.00856573, 0, 0.0433144, 0, 0.0661431, 0, 0.00856573, 0, 0.00118649, 0, 0.00562449, 0, 0.0347051, 0, 0.0375318, 0, 0.443895, 0, 0.0375318, 0, 0.00856573, 0, 0.0661431, 0, 0.0433144, 0, 0.070779, 0, 0.00562449, 0, 0.00892053, 0, 0.0154649, 0, 0.0457745, 0, 0.180934, 0, 0.0154649, 0, 0.0270821, 0, 0.0433144, 0, 0.0387827, 0, 0.0433144, 0, 0.00339955, 0, 0.0347051, 0, 0.0154649, 0, 0.0375318, 0, 0.00856573, 0, 0.0375318, 0, 0.0457745, 0, 0.0375318, 0, 0.180934, 0, 0.443895, 0, 0.0347051, 0, 0.0433144, 0, 0.070779, 0, 0.0433144, 0, 0.0661431, 0, 0.0347051, 0, 0.443895, 0, 0.180934, 0, 0.443895, 0, 0.0661431, 0, 0.00562449, 0, 0.0375318, 0, 0.0154649, 0, 0.0347051, 0, 0.00856573, 0, 0.00118649, 0, 0.0154649, 0, 0.00892053, 0, 0.00562449, 0, 0.0154649, 0, 0.0347051, 0, 0.00339955, 0, 0.0387827, 0, 0.0433144, 0, 0.0270821, 0, 0.00856573, 0, 0.0154649, 0, 0.180934, 0, 0.0457745, 0, 0.0375318, 0, 0.0433144, 0, 0.00892053, 0, 0.0457745, 0, 0.00892053, 0, 0.00562449, 0, 0.0270821, 0, 0.00562449, 0, 0.0154649, 0, 0.0375318, 0, 0.00562449, 0, 0.00118649, 0, 0.00856573, 0, 0.0347051, 0, 0.00339955, 0, ]
target_state = [0.00514394, 0, 0.0409754, 0, 0.00866275, 0, 0.00209024, 0, 0.0124274, 0, 0.0406256, 0, 0.0124274, 0, 0.0592216, 0, 0.0764242, 0, 0.0124274, 0, 0.00209024, 0, 0.00866275, 0, 0.0409754, 0, 0.0453095, 0, 0.420538, 0, 0.0453095, 0, 0.0124274, 0, 0.0764242, 0, 0.0592216, 0, 0.0836902, 0, 0.00866275, 0, 0.0141948, 0, 0.0217855, 0, 0.0609689, 0, 0.201577, 0, 0.0217855, 0, 0.0406256, 0, 0.0592216, 0, 0.0580579, 0, 0.0592216, 0, 0.00514394, 0, 0.0409754, 0, 0.0217855, 0, 0.0453095, 0, 0.0124274, 0, 0.0453095, 0, 0.0609689, 0, 0.0453095, 0, 0.201577, 0, 0.420538, 0, 0.0409754, 0, 0.0592216, 0, 0.0836902, 0, 0.0592216, 0, 0.0764242, 0, 0.0409754, 0, 0.420538, 0, 0.201577, 0, 0.420538, 0, 0.0764242, 0, 0.00866275, 0, 0.0453095, 0, 0.0217855, 0, 0.0409754, 0, 0.0124274, 0, 0.00209024, 0, 0.0217855, 0, 0.0141948, 0, 0.00866275, 0, 0.0217855, 0, 0.0409754, 0, 0.00514394, 0, 0.0580579, 0, 0.0592216, 0, 0.0406256, 0, 0.0124274, 0, 0.0217855, 0, 0.201577, 0, 0.0609689, 0, 0.0453095, 0, 0.0592216, 0, 0.0141948, 0, 0.0609689, 0, 0.0141948, 0, 0.00866275, 0, 0.0406256, 0, 0.00866275, 0, 0.0217855, 0, 0.0453095, 0, 0.00866275, 0, 0.00209024, 0, 0.0124274, 0, 0.0409754, 0, 0.00514394, 0, ]
USE_ENERGY_DISTANCE =     false
PERIODIC =                false
UNIFORM_SITES =           true
DEVICE_DIMENSION =        2
MAX_PARAM =               1
MIN_PARAM =               0
MIN_PARAM =               0
DIAG =                    false
NUM_SEEDS =               1
DISTANCE_LIMIT =          0.005
TAU_INIT =                0.05
MAX_TAU =                 3
TAU_SCALAR =              1.1
TAU_SCALAR_TINY =         1.05
TAU_SCALAR_BIG =          1.2
ACCEPTANCE_PROB =         0.85
TEMP_EXP_DECAY =          0.8
TEMP_DECAY_ITERATIONS =   20
TEMP_DECAY_LIMIT =        5
RANDOM_STATES =           3
INIT_OVERLAP_LIMIT =      0.99999
END_PARAMETERS
##############################################################################
tau =               0.05
total_steps =       100
time_step  =        0.0005
best_mc_result  =           0.0104721
evolved_target_dot_squared =   0.989528
best_evolved_state = [0.00333765, 0.000688909, 0.0341339, 0.00645053, 0.00552457, 0.00107653, 0.00116398, 0.000233651, 0.00841288, 0.00163951, 0.0266601, 0.00472915, 0.00841288, 0.00163951, 0.0426061, 0.00780599, 0.065059, 0.0122942, 0.00841288, 0.00163951, 0.00116398, 0.000233651, 0.00552457, 0.00107653, 0.0341339, 0.00645053, 0.0369128, 0.00697574, 0.437468, 0.0750582, 0.0369128, 0.00697574, 0.00841288, 0.00163951, 0.065059, 0.0122942, 0.0426061, 0.00780599, 0.0696168, 0.0131556, 0.00552457, 0.00107653, 0.00876649, 0.00165726, 0.0151975, 0.00296057, 0.0450323, 0.00824989, 0.178168, 0.0316028, 0.0151975, 0.00296057, 0.0266601, 0.00472915, 0.0426061, 0.00780599, 0.0381778, 0.00677233, 0.0426061, 0.00780599, 0.00333765, 0.000688909, 0.0341339, 0.00645053, 0.0151975, 0.00296057, 0.0369128, 0.00697574, 0.00841288, 0.00163951, 0.0369128, 0.00697574, 0.0450323, 0.00824989, 0.0369128, 0.00697574, 0.178168, 0.0316028, 0.437468, 0.0750582, 0.0341339, 0.00645053, 0.0426061, 0.00780599, 0.0696168, 0.0131556, 0.0426061, 0.00780599, 0.065059, 0.0122942, 0.0341339, 0.00645053, 0.437468, 0.0750582, 0.178168, 0.0316028, 0.437468, 0.0750582, 0.065059, 0.0122942, 0.00552457, 0.00107653, 0.0369128, 0.00697574, 0.0151975, 0.00296057, 0.0341339, 0.00645053, 0.00841288, 0.00163951, 0.00116398, 0.000233651, 0.0151975, 0.00296057, 0.00876649, 0.00165726, 0.00552457, 0.00107653, 0.0151975, 0.00296057, 0.0341339, 0.00645053, 0.00333765, 0.000688909, 0.0381778, 0.00677233, 0.0426061, 0.00780599, 0.0266601, 0.00472915, 0.00841288, 0.00163951, 0.0151975, 0.00296057, 0.178168, 0.0316028, 0.0450323, 0.00824989, 0.0369128, 0.00697574, 0.0426061, 0.00780599, 0.00876649, 0.00165726, 0.0450323, 0.00824989, 0.00876649, 0.00165726, 0.00552457, 0.00107653, 0.0266601, 0.00472915, 0.00552457, 0.00107653, 0.0151975, 0.00296057, 0.0369128, 0.00697574, 0.00552457, 0.00107653, 0.00116398, 0.000233651, 0.00841288, 0.00163951, 0.0341339, 0.00645053, 0.00333765, 0.000688909, ]
distance  =         0.999438
clock_duration  =         0.556691
##############################################################################
tau =               0.075
total_steps =       100
time_step  =        0.00075
best_mc_result  =           0.0104648
evolved_target_dot_squared =   0.989535
best_evolved_state = [0.00326073, 0.00102646, 0.0334239, 0.00961363, 0.00540041, 0.00160365, 0.001136, 0.000347877, 0.00822294, 0.00244234, 0.0261358, 0.00704667, 0.00822294, 0.00244234, 0.0417261, 0.0116303, 0.0637116, 0.0183237, 0.00822294, 0.00244234, 0.001136, 0.000347877, 0.00540041, 0.00160365, 0.0334239, 0.00961363, 0.0361433, 0.0103961, 0.429479, 0.111901, 0.0361433, 0.0103961, 0.00822294, 0.00244234, 0.0637116, 0.0183237, 0.0417261, 0.0116303, 0.0681723, 0.019607, 0.00540041, 0.00160365, 0.00857511, 0.00246846, 0.0148651, 0.00441129, 0.0441101, 0.0122927, 0.17473, 0.0471041, 0.0148651, 0.00441129, 0.0261358, 0.00704667, 0.0417261, 0.0116303, 0.0374262, 0.0100911, 0.0417261, 0.0116303, 0.00326073, 0.00102646, 0.0334239, 0.00961363, 0.0148651, 0.00441129, 0.0361433, 0.0103961, 0.00822294, 0.00244234, 0.0361433, 0.0103961, 0.0441101, 0.0122927, 0.0361433, 0.0103961, 0.17473, 0.0471041, 0.429479, 0.111901, 0.0334239, 0.00961363, 0.0417261, 0.0116303, 0.0681723, 0.019607, 0.0417261, 0.0116303, 0.0637116, 0.0183237, 0.0334239, 0.00961363, 0.429479, 0.111901, 0.17473, 0.0471041, 0.429479, 0.111901, 0.0637116, 0.0183237, 0.00540041, 0.00160365, 0.0361433, 0.0103961, 0.0148651, 0.00441129, 0.0334239, 0.00961363, 0.00822294, 0.00244234, 0.001136, 0.000347877, 0.0148651, 0.00441129, 0.00857511, 0.00246846, 0.00540041, 0.00160365, 0.0148651, 0.00441129, 0.0334239, 0.00961363, 0.00326073, 0.00102646, 0.0374262, 0.0100911, 0.0417261, 0.0116303, 0.0261358, 0.00704667, 0.00822294, 0.00244234, 0.0148651, 0.00441129, 0.17473, 0.0471041, 0.0441101, 0.0122927, 0.0361433, 0.0103961, 0.0417261, 0.0116303, 0.00857511, 0.00246846, 0.0441101, 0.0122927, 0.00857511, 0.00246846, 0.00540041, 0.00160365, 0.0261358, 0.00704667, 0.00540041, 0.00160365, 0.0148651, 0.00441129, 0.0361433, 0.0103961, 0.00540041, 0.00160365, 0.001136, 0.000347877, 0.00822294, 0.00244234, 0.0334239, 0.00961363, 0.00326073, 0.00102646, ]
distance  =         0.998735
clock_duration  =         1.11155
##############################################################################
tau =               0.1125
total_steps =       100
time_step  =        0.001125
best_mc_result  =           0.0104483
evolved_target_dot_squared =   0.989552
best_evolved_state = [0.00308949, 0.00151654, 0.0318428, 0.0142119, 0.00512405, 0.00236809, 0.00107376, 0.000513101, 0.00780012, 0.00360672, 0.0249687, 0.0104122, 0.00780012, 0.00360672, 0.0397671, 0.0171817, 0.0607108, 0.0270908, 0.00780012, 0.00360672, 0.00107376, 0.000513101, 0.00512405, 0.00236809, 0.0318428, 0.0142119, 0.03443, 0.0153675, 0.411681, 0.165551, 0.03443, 0.0153675, 0.00780012, 0.00360672, 0.0607108, 0.0270908, 0.0397671, 0.0171817, 0.0649555, 0.0289863, 0.00512405, 0.00236809, 0.00814922, 0.00364426, 0.0141253, 0.00651777, 0.0420571, 0.0181637, 0.167074, 0.0696492, 0.0141253, 0.00651777, 0.0249687, 0.0104122, 0.0397671, 0.0171817, 0.0357534, 0.0149106, 0.0397671, 0.0171817, 0.00308949, 0.00151654, 0.0318428, 0.0142119, 0.0141253, 0.00651777, 0.03443, 0.0153675, 0.00780012, 0.00360672, 0.03443, 0.0153675, 0.0420571, 0.0181637, 0.03443, 0.0153675, 0.167074, 0.0696492, 0.411681, 0.165551, 0.0318428, 0.0142119, 0.0397671, 0.0171817, 0.0649555, 0.0289863, 0.0397671, 0.0171817, 0.0607108, 0.0270908, 0.0318428, 0.0142119, 0.411681, 0.165551, 0.167074, 0.0696492, 0.411681, 0.165551, 0.0607108, 0.0270908, 0.00512405, 0.00236809, 0.03443, 0.0153675, 0.0141253, 0.00651777, 0.0318428, 0.0142119, 0.00780012, 0.00360672, 0.00107376, 0.000513101, 0.0141253, 0.00651777, 0.00814922, 0.00364426, 0.00512405, 0.00236809, 0.0141253, 0.00651777, 0.0318428, 0.0142119, 0.00308949, 0.00151654, 0.0357534, 0.0149106, 0.0397671, 0.0171817, 0.0249687, 0.0104122, 0.00780012, 0.00360672, 0.0141253, 0.00651777, 0.167074, 0.0696492, 0.0420571, 0.0181637, 0.03443, 0.0153675, 0.0397671, 0.0171817, 0.00814922, 0.00364426, 0.0420571, 0.0181637, 0.00814922, 0.00364426, 0.00512405, 0.00236809, 0.0249687, 0.0104122, 0.00512405, 0.00236809, 0.0141253, 0.00651777, 0.03443, 0.0153675, 0.00512405, 0.00236809, 0.00107376, 0.000513101, 0.00780012, 0.00360672, 0.0318428, 0.0142119, 0.00308949, 0.00151654, ]
distance  =         0.99716
clock_duration  =         1.67801
##############################################################################
tau =               0.16875
total_steps =       100
time_step  =        0.0016875
best_mc_result  =           0.0104113
evolved_target_dot_squared =   0.989589
best_evolved_state = [0.00271342, 0.00219777, 0.0283673, 0.0206237, 0.00451729, 0.00342777, 0.000937231, 0.000740664, 0.00687148, 0.00522113, 0.0224067, 0.0150934, 0.00687148, 0.00522113, 0.0354649, 0.0248949, 0.054114, 0.0393222, 0.00687148, 0.00522113, 0.000937231, 0.000740664, 0.00451729, 0.00342777, 0.0283673, 0.0206237, 0.0306643, 0.0222971, 0.37253, 0.240663, 0.0306643, 0.0222971, 0.00687148, 0.00522113, 0.054114, 0.0393222, 0.0354649, 0.0248949, 0.0578846, 0.0420673, 0.00451729, 0.00342777, 0.00721467, 0.00527205, 0.0125001, 0.00944668, 0.0375478, 0.0263291, 0.150245, 0.101122, 0.0125001, 0.00944668, 0.0224067, 0.0150934, 0.0354649, 0.0248949, 0.0320809, 0.021614, 0.0354649, 0.0248949, 0.00271342, 0.00219777, 0.0283673, 0.0206237, 0.0125001, 0.00944668, 0.0306643, 0.0222971, 0.00687148, 0.00522113, 0.0306643, 0.0222971, 0.0375478, 0.0263291, 0.0306643, 0.0222971, 0.150245, 0.101122, 0.37253, 0.240663, 0.0283673, 0.0206237, 0.0354649, 0.0248949, 0.0578846, 0.0420673, 0.0354649, 0.0248949, 0.054114, 0.0393222, 0.0283673, 0.0206237, 0.37253, 0.240663, 0.150245, 0.101122, 0.37253, 0.240663, 0.054114, 0.0393222, 0.00451729, 0.00342777, 0.0306643, 0.0222971, 0.0125001, 0.00944668, 0.0283673, 0.0206237, 0.00687148, 0.00522113, 0.000937231, 0.000740664, 0.0125001, 0.00944668, 0.00721467, 0.00527205, 0.00451729, 0.00342777, 0.0125001, 0.00944668, 0.0283673, 0.0206237, 0.00271342, 0.00219777, 0.0320809, 0.021614, 0.0354649, 0.0248949, 0.0224067, 0.0150934, 0.00687148, 0.00522113, 0.0125001, 0.00944668, 0.150245, 0.101122, 0.0375478, 0.0263291, 0.0306643, 0.0222971, 0.0354649, 0.0248949, 0.00721467, 0.00527205, 0.0375478, 0.0263291, 0.00721467, 0.00527205, 0.00451729, 0.00342777, 0.0224067, 0.0150934, 0.00451729, 0.00342777, 0.0125001, 0.00944668, 0.0306643, 0.0222971, 0.00451729, 0.00342777, 0.000937231, 0.000740664, 0.00687148, 0.00522113, 0.0283673, 0.0206237, 0.00271342, 0.00219777, ]
distance  =         0.993637
clock_duration  =         2.24552
##############################################################################
tau =               0.253125
total_steps =       100
time_step  =        0.00253125
best_mc_result  =           0.0103294
evolved_target_dot_squared =   0.989671
best_evolved_state = [0.00191278, 0.00304484, 0.0209533, 0.0286648, 0.00322639, 0.00473531, 0.000647368, 0.00101633, 0.0048943, 0.00721414, 0.0169572, 0.020926, 0.0048943, 0.00721414, 0.026307, 0.034474, 0.0400378, 0.0546842, 0.0048943, 0.00721414, 0.000647368, 0.00101633, 0.00322639, 0.00473531, 0.0209533, 0.0286648, 0.0226334, 0.0309788, 0.288866, 0.335909, 0.0226334, 0.0309788, 0.0048943, 0.00721414, 0.0400378, 0.0546842, 0.026307, 0.034474, 0.0428009, 0.0584816, 0.00322639, 0.00473531, 0.00522893, 0.00727343, 0.0090392, 0.0130914, 0.0279456, 0.0364987, 0.11434, 0.140719, 0.0090392, 0.0130914, 0.0169572, 0.020926, 0.026307, 0.034474, 0.0242688, 0.0299654, 0.026307, 0.034474, 0.00191278, 0.00304484, 0.0209533, 0.0286648, 0.0090392, 0.0130914, 0.0226334, 0.0309788, 0.0048943, 0.00721414, 0.0226334, 0.0309788, 0.0279456, 0.0364987, 0.0226334, 0.0309788, 0.11434, 0.140719, 0.288866, 0.335909, 0.0209533, 0.0286648, 0.026307, 0.034474, 0.0428009, 0.0584816, 0.026307, 0.034474, 0.0400378, 0.0546842, 0.0209533, 0.0286648, 0.288866, 0.335909, 0.11434, 0.140719, 0.288866, 0.335909, 0.0400378, 0.0546842, 0.00322639, 0.00473531, 0.0226334, 0.0309788, 0.0090392, 0.0130914, 0.0209533, 0.0286648, 0.0048943, 0.00721414, 0.000647368, 0.00101633, 0.0090392, 0.0130914, 0.00522893, 0.00727343, 0.00322639, 0.00473531, 0.0090392, 0.0130914, 0.0209533, 0.0286648, 0.00191278, 0.00304484, 0.0242688, 0.0299654, 0.026307, 0.034474, 0.0169572, 0.020926, 0.0048943, 0.00721414, 0.0090392, 0.0130914, 0.11434, 0.140719, 0.0279456, 0.0364987, 0.0226334, 0.0309788, 0.026307, 0.034474, 0.00522893, 0.00727343, 0.0279456, 0.0364987, 0.00522893, 0.00727343, 0.00322639, 0.00473531, 0.0169572, 0.020926, 0.00322639, 0.00473531, 0.0090392, 0.0130914, 0.0226334, 0.0309788, 0.00322639, 0.00473531, 0.000647368, 0.00101633, 0.0048943, 0.00721414, 0.0209533, 0.0286648, 0.00191278, 0.00304484, ]
distance  =         0.985817
clock_duration  =         2.8122
##############################################################################
tau =               0.379688
total_steps =       100
time_step  =        0.00379688
best_mc_result  =           0.0101506
evolved_target_dot_squared =   0.989849
best_evolved_state = [0.000329533, 0.00377735, 0.00621929, 0.0358597, 0.000677955, 0.00582955, 7.81692e-05, 0.00122811, 0.000983901, 0.00888421, 0.00620381, 0.0260226, 0.000983901, 0.00888421, 0.00820309, 0.0427167, 0.0120466, 0.0685101, 0.000983901, 0.00888421, 7.81692e-05, 0.00122811, 0.000677955, 0.00582955, 0.00621929, 0.0358597, 0.00668392, 0.0387168, 0.12188, 0.424893, 0.00668392, 0.0387168, 0.000983901, 0.00888421, 0.0120466, 0.0685101, 0.00820309, 0.0427167, 0.0128259, 0.0732036, 0.000677955, 0.00582955, 0.00132124, 0.00892359, 0.00218978, 0.0162535, 0.00894759, 0.045354, 0.0429621, 0.176621, 0.00218978, 0.0162535, 0.00620381, 0.0260226, 0.00820309, 0.0427167, 0.0088512, 0.03726, 0.00820309, 0.0427167, 0.000329533, 0.00377735, 0.00621929, 0.0358597, 0.00218978, 0.0162535, 0.00668392, 0.0387168, 0.000983901, 0.00888421, 0.00668392, 0.0387168, 0.00894759, 0.045354, 0.00668392, 0.0387168, 0.0429621, 0.176621, 0.12188, 0.424893, 0.00621929, 0.0358597, 0.00820309, 0.0427167, 0.0128259, 0.0732036, 0.00820309, 0.0427167, 0.0120466, 0.0685101, 0.00621929, 0.0358597, 0.12188, 0.424893, 0.0429621, 0.176621, 0.12188, 0.424893, 0.0120466, 0.0685101, 0.000677955, 0.00582955, 0.00668392, 0.0387168, 0.00218978, 0.0162535, 0.00621929, 0.0358597, 0.000983901, 0.00888421, 7.81692e-05, 0.00122811, 0.00218978, 0.0162535, 0.00132124, 0.00892359, 0.000677955, 0.00582955, 0.00218978, 0.0162535, 0.00621929, 0.0358597, 0.000329533, 0.00377735, 0.0088512, 0.03726, 0.00820309, 0.0427167, 0.00620381, 0.0260226, 0.000983901, 0.00888421, 0.00218978, 0.0162535, 0.0429621, 0.176621, 0.00894759, 0.045354, 0.00668392, 0.0387168, 0.00820309, 0.0427167, 0.00132124, 0.00892359, 0.00894759, 0.045354, 0.00132124, 0.00892359, 0.000677955, 0.00582955, 0.00620381, 0.0260226, 0.000677955, 0.00582955, 0.00218978, 0.0162535, 0.00668392, 0.0387168, 0.000677955, 0.00582955, 7.81692e-05, 0.00122811, 0.000983901, 0.00888421, 0.00621929, 0.0358597, 0.000329533, 0.00377735, ]
distance  =         0.968749
clock_duration  =         3.378
##############################################################################
tau =               0.569531
total_steps =       100
time_step  =        0.00569531
best_mc_result  =           0.00977435
evolved_target_dot_squared =   0.990226
best_evolved_state = [-0.00225833, 0.0034173, -0.018207, 0.0333696, -0.00346741, 0.00512803, -0.000832939, 0.00100264, -0.0054099, 0.00781376, -0.0112789, 0.0238306, -0.0054099, 0.00781376, -0.0213625, 0.038495, -0.0344403, 0.0640713, -0.0054099, 0.00781376, -0.000832939, 0.00100264, -0.00346741, 0.00512803, -0.018207, 0.0333696, -0.0197081, 0.0359159, -0.158408, 0.410528, -0.0197081, 0.0359159, -0.0054099, 0.00781376, -0.0344403, 0.0640713, -0.0213625, 0.038495, -0.0368636, 0.0682742, -0.00346741, 0.00512803, -0.0049759, 0.00776049, -0.00903255, 0.0147463, -0.0221566, 0.0412966, -0.0755061, 0.166388, -0.00903255, 0.0147463, -0.0112789, 0.0238306, -0.0213625, 0.038495, -0.0162252, 0.0341064, -0.0213625, 0.038495, -0.00225833, 0.0034173, -0.018207, 0.0333696, -0.00903255, 0.0147463, -0.0197081, 0.0359159, -0.0054099, 0.00781376, -0.0197081, 0.0359159, -0.0221566, 0.0412966, -0.0197081, 0.0359159, -0.0755061, 0.166388, -0.158408, 0.410528, -0.018207, 0.0333696, -0.0213625, 0.038495, -0.0368636, 0.0682742, -0.0213625, 0.038495, -0.0344403, 0.0640713, -0.018207, 0.0333696, -0.158408, 0.410528, -0.0755061, 0.166388, -0.158408, 0.410528, -0.0344403, 0.0640713, -0.00346741, 0.00512803, -0.0197081, 0.0359159, -0.00903255, 0.0147463, -0.018207, 0.0333696, -0.0054099, 0.00781376, -0.000832939, 0.00100264, -0.00903255, 0.0147463, -0.0049759, 0.00776049, -0.00346741, 0.00512803, -0.00903255, 0.0147463, -0.018207, 0.0333696, -0.00225833, 0.0034173, -0.0162252, 0.0341064, -0.0213625, 0.038495, -0.0112789, 0.0238306, -0.0054099, 0.00781376, -0.00903255, 0.0147463, -0.0755061, 0.166388, -0.0221566, 0.0412966, -0.0197081, 0.0359159, -0.0213625, 0.038495, -0.0049759, 0.00776049, -0.0221566, 0.0412966, -0.0049759, 0.00776049, -0.00346741, 0.00512803, -0.0112789, 0.0238306, -0.00346741, 0.00512803, -0.00903255, 0.0147463, -0.0197081, 0.0359159, -0.00346741, 0.00512803, -0.000832939, 0.00100264, -0.0054099, 0.00781376, -0.018207, 0.0333696, -0.00225833, 0.0034173, ]
distance  =         0.932843
clock_duration  =         3.94604
##############################################################################
tau =               0.854297
total_steps =       100
time_step  =        0.00854297
best_mc_result  =           0.00904239
evolved_target_dot_squared =   0.990958
best_evolved_state = [-0.00441728, 0.00012812, -0.0400874, 0.00402474, -0.00683745, -0.000286638, -0.00150391, -0.000333789, -0.0107461, -0.000515757, -0.025591, 0.00240775, -0.0107461, -0.000515757, -0.0459264, 0.00105906, -0.076447, 0.00872327, -0.0107461, -0.000515757, -0.00150391, -0.000333789, -0.00683745, -0.000286638, -0.0400874, 0.00402474, -0.0431388, 0.00403112, -0.425308, 0.0986701, -0.0431388, 0.00403112, -0.0107461, -0.000515757, -0.076447, 0.00872327, -0.0459264, 0.00105906, -0.0813724, 0.00882931, -0.00683745, -0.000286638, -0.00983051, -0.000661027, -0.0185198, 0.000700072, -0.0483688, 0.00258675, -0.182488, 0.027626, -0.0185198, 0.000700072, -0.025591, 0.00240775, -0.0459264, 0.00105906, -0.0368006, 0.00337161, -0.0459264, 0.00105906, -0.00441728, 0.00012812, -0.0400874, 0.00402474, -0.0185198, 0.000700072, -0.0431388, 0.00403112, -0.0107461, -0.000515757, -0.0431388, 0.00403112, -0.0483688, 0.00258675, -0.0431388, 0.00403112, -0.182488, 0.027626, -0.425308, 0.0986701, -0.0400874, 0.00402474, -0.0459264, 0.00105906, -0.0813724, 0.00882931, -0.0459264, 0.00105906, -0.076447, 0.00872327, -0.0400874, 0.00402474, -0.425308, 0.0986701, -0.182488, 0.027626, -0.425308, 0.0986701, -0.076447, 0.00872327, -0.00683745, -0.000286638, -0.0431388, 0.00403112, -0.0185198, 0.000700072, -0.0400874, 0.00402474, -0.0107461, -0.000515757, -0.00150391, -0.000333789, -0.0185198, 0.000700072, -0.00983051, -0.000661027, -0.00683745, -0.000286638, -0.0185198, 0.000700072, -0.0400874, 0.00402474, -0.00441728, 0.00012812, -0.0368006, 0.00337161, -0.0459264, 0.00105906, -0.025591, 0.00240775, -0.0107461, -0.000515757, -0.0185198, 0.000700072, -0.182488, 0.027626, -0.0483688, 0.00258675, -0.0431388, 0.00403112, -0.0459264, 0.00105906, -0.00983051, -0.000661027, -0.0483688, 0.00258675, -0.00983051, -0.000661027, -0.00683745, -0.000286638, -0.025591, 0.00240775, -0.00683745, -0.000286638, -0.0185198, 0.000700072, -0.0431388, 0.00403112, -0.00683745, -0.000286638, -0.00150391, -0.000333789, -0.0107461, -0.000515757, -0.0400874, 0.00402474, -0.00441728, 0.00012812, ]
distance  =         0.862987
clock_duration  =         4.51385
##############################################################################
tau =               1.28145
total_steps =       100
time_step  =        0.0128145
best_mc_result  =           0.00781627
evolved_target_dot_squared =   0.992184
best_evolved_state = [-0.000783981, -0.00450179, -0.0103739, -0.0405641, -0.000750243, -0.00759619, 8.80572e-05, -0.00206508, -0.00171452, -0.0121282, -0.00148052, -0.025682, -0.00171452, -0.0121282, -0.00424563, -0.0506744, -0.0210819, -0.0762504, -0.00171452, -0.0121282, 8.80572e-05, -0.00206508, -0.000750243, -0.00759619, -0.0103739, -0.0405641, -0.0104157, -0.0438499, -0.140748, -0.408571, -0.0104157, -0.0438499, -0.00171452, -0.0121282, -0.0210819, -0.0762504, -0.00424563, -0.0506744, -0.0210515, -0.0813272, -0.000750243, -0.00759619, 0.000250459, -0.0114494, -0.00322576, -0.0190936, -0.005905, -0.0515309, -0.0435659, -0.182949, -0.00322576, -0.0190936, -0.00148052, -0.025682, -0.00424563, -0.0506744, -0.00235502, -0.0370373, -0.00424563, -0.0506744, -0.000783981, -0.00450179, -0.0103739, -0.0405641, -0.00322576, -0.0190936, -0.0104157, -0.0438499, -0.00171452, -0.0121282, -0.0104157, -0.0438499, -0.005905, -0.0515309, -0.0104157, -0.0438499, -0.0435659, -0.182949, -0.140748, -0.408571, -0.0103739, -0.0405641, -0.00424563, -0.0506744, -0.0210515, -0.0813272, -0.00424563, -0.0506744, -0.0210819, -0.0762504, -0.0103739, -0.0405641, -0.140748, -0.408571, -0.0435659, -0.182949, -0.140748, -0.408571, -0.0210819, -0.0762504, -0.000750243, -0.00759619, -0.0104157, -0.0438499, -0.00322576, -0.0190936, -0.0103739, -0.0405641, -0.00171452, -0.0121282, 8.80572e-05, -0.00206508, -0.00322576, -0.0190936, 0.000250459, -0.0114494, -0.000750243, -0.00759619, -0.00322576, -0.0190936, -0.0103739, -0.0405641, -0.000783981, -0.00450179, -0.00235502, -0.0370373, -0.00424563, -0.0506744, -0.00148052, -0.025682, -0.00171452, -0.0121282, -0.00322576, -0.0190936, -0.0435659, -0.182949, -0.005905, -0.0515309, -0.0104157, -0.0438499, -0.00424563, -0.0506744, 0.000250459, -0.0114494, -0.005905, -0.0515309, 0.000250459, -0.0114494, -0.000750243, -0.00759619, -0.00148052, -0.025682, -0.000750243, -0.00759619, -0.00322576, -0.0190936, -0.0104157, -0.0438499, -0.000750243, -0.00759619, 8.80572e-05, -0.00206508, -0.00171452, -0.0121282, -0.0103739, -0.0405641, -0.000783981, -0.00450179, ]
distance  =         0.745968
clock_duration  =         5.08383
##############################################################################
tau =               1.92217
total_steps =       100
time_step  =        0.0192217
best_mc_result  =           0.00613473
evolved_target_dot_squared =   0.993865
best_evolved_state = [0.00403977, 0.00207077, 0.0385915, 0.0136307, 0.00672907, 0.00357469, 0.00180398, 0.000634374, 0.0105232, 0.00430455, 0.0226067, 0.0208245, 0.0105232, 0.00430455, 0.0492491, 0.0268829, 0.0725301, 0.0249026, 0.0105232, 0.00430455, 0.00180398, 0.000634374, 0.00672907, 0.00357469, 0.0385915, 0.0136307, 0.0417738, 0.0160752, 0.40793, 0.126626, 0.0417738, 0.0160752, 0.0105232, 0.00430455, 0.0725301, 0.0249026, 0.0492491, 0.0268829, 0.0776149, 0.0296093, 0.00672907, 0.00357469, 0.0110176, 0.00724784, 0.017344, 0.00920388, 0.0494475, 0.0281934, 0.178706, 0.0784619, 0.017344, 0.00920388, 0.0226067, 0.0208245, 0.0492491, 0.0268829, 0.032351, 0.0293424, 0.0492491, 0.0268829, 0.00403977, 0.00207077, 0.0385915, 0.0136307, 0.017344, 0.00920388, 0.0417738, 0.0160752, 0.0105232, 0.00430455, 0.0417738, 0.0160752, 0.0494475, 0.0281934, 0.0417738, 0.0160752, 0.178706, 0.0784619, 0.40793, 0.126626, 0.0385915, 0.0136307, 0.0492491, 0.0268829, 0.0776149, 0.0296093, 0.0492491, 0.0268829, 0.0725301, 0.0249026, 0.0385915, 0.0136307, 0.40793, 0.126626, 0.178706, 0.0784619, 0.40793, 0.126626, 0.0725301, 0.0249026, 0.00672907, 0.00357469, 0.0417738, 0.0160752, 0.017344, 0.00920388, 0.0385915, 0.0136307, 0.0105232, 0.00430455, 0.00180398, 0.000634374, 0.017344, 0.00920388, 0.0110176, 0.00724784, 0.00672907, 0.00357469, 0.017344, 0.00920388, 0.0385915, 0.0136307, 0.00403977, 0.00207077, 0.032351, 0.0293424, 0.0492491, 0.0268829, 0.0226067, 0.0208245, 0.0105232, 0.00430455, 0.017344, 0.00920388, 0.178706, 0.0784619, 0.0494475, 0.0281934, 0.0417738, 0.0160752, 0.0492491, 0.0268829, 0.0110176, 0.00724784, 0.0494475, 0.0281934, 0.0110176, 0.00724784, 0.00672907, 0.00357469, 0.0226067, 0.0208245, 0.00672907, 0.00357469, 0.017344, 0.00920388, 0.0417738, 0.0160752, 0.00672907, 0.00357469, 0.00180398, 0.000634374, 0.0105232, 0.00430455, 0.0385915, 0.0136307, 0.00403977, 0.00207077, ]
distance  =         0.585486
clock_duration  =         5.65598
##############################################################################
tau =               2.88325
total_steps =       100
time_step  =        0.0288325
best_mc_result  =           0.00394212
evolved_target_dot_squared =   0.996058
best_evolved_state = [-0.00391027, -0.0031058, -0.034897, -0.0203271, -0.00638176, -0.00553986, -0.00158173, -0.00156724, -0.00996018, -0.00749352, -0.0261782, -0.0304588, -0.00996018, -0.00749352, -0.0454483, -0.0343883, -0.066379, -0.036775, -0.00996018, -0.00749352, -0.00158173, -0.00156724, -0.00638176, -0.00553986, -0.034897, -0.0203271, -0.0383681, -0.0230499, -0.37417, -0.190928, -0.0383681, -0.0230499, -0.00996018, -0.00749352, -0.066379, -0.036775, -0.0454483, -0.0343883, -0.0725348, -0.0402753, -0.00638176, -0.00553986, -0.0103571, -0.00932477, -0.0175088, -0.0131405, -0.0491243, -0.0367728, -0.174032, -0.107801, -0.0175088, -0.0131405, -0.0261782, -0.0304588, -0.0454483, -0.0343883, -0.0375268, -0.0436145, -0.0454483, -0.0343883, -0.00391027, -0.0031058, -0.034897, -0.0203271, -0.0175088, -0.0131405, -0.0383681, -0.0230499, -0.00996018, -0.00749352, -0.0383681, -0.0230499, -0.0491243, -0.0367728, -0.0383681, -0.0230499, -0.174032, -0.107801, -0.37417, -0.190928, -0.034897, -0.0203271, -0.0454483, -0.0343883, -0.0725348, -0.0402753, -0.0454483, -0.0343883, -0.066379, -0.036775, -0.034897, -0.0203271, -0.37417, -0.190928, -0.174032, -0.107801, -0.37417, -0.190928, -0.066379, -0.036775, -0.00638176, -0.00553986, -0.0383681, -0.0230499, -0.0175088, -0.0131405, -0.034897, -0.0203271, -0.00996018, -0.00749352, -0.00158173, -0.00156724, -0.0175088, -0.0131405, -0.0103571, -0.00932477, -0.00638176, -0.00553986, -0.0175088, -0.0131405, -0.034897, -0.0203271, -0.00391027, -0.0031058, -0.0375268, -0.0436145, -0.0454483, -0.0343883, -0.0261782, -0.0304588, -0.00996018, -0.00749352, -0.0175088, -0.0131405, -0.174032, -0.107801, -0.0491243, -0.0367728, -0.0383681, -0.0230499, -0.0454483, -0.0343883, -0.0103571, -0.00932477, -0.0491243, -0.0367728, -0.0103571, -0.00932477, -0.00638176, -0.00553986, -0.0261782, -0.0304588, -0.00638176, -0.00553986, -0.0175088, -0.0131405, -0.0383681, -0.0230499, -0.00638176, -0.00553986, -0.00158173, -0.00156724, -0.00996018, -0.00749352, -0.034897, -0.0203271, -0.00391027, -0.0031058, ]
distance  =         0.376228
clock_duration  =         6.2266
