START_PARAMETERS
MAX_STEPS_MCDB =               256
MIN_STEPS_MCDB =               8
STEPS_CRUNCH_MCDB =            1
SWEEPS_MCDB =                  200
GROUND_E =                -3.0066
INITIAL_E =               -1.81998
j_initial =               0.674
k_initial =               0.5
b_initial =               0
j_target =                0.03
k_target =                0.5
b_target =                0
init_target_dot_squared = 0.370292
init_state = [0.0183738, 0, 0.0670926, 0, 0.0316422, 0, 0.0123473, 0, 0.0376081, 0, 0.0991769, 0, 0.0376081, 0, 0.124371, 0, 0.108237, 0, 0.0376081, 0, 0.0123473, 0, 0.0316422, 0, 0.0670926, 0, 0.0792021, 0, 0.284484, 0, 0.0792021, 0, 0.0376081, 0, 0.108237, 0, 0.124371, 0, 0.129271, 0, 0.0316422, 0, 0.0501676, 0, 0.0570184, 0, 0.118274, 0, 0.221168, 0, 0.0570184, 0, 0.0991769, 0, 0.124371, 0, 0.137354, 0, 0.124371, 0, 0.0183738, 0, 0.0670926, 0, 0.0570184, 0, 0.0792021, 0, 0.0376081, 0, 0.0792021, 0, 0.118274, 0, 0.0792021, 0, 0.221168, 0, 0.284484, 0, 0.0670926, 0, 0.124371, 0, 0.129271, 0, 0.124371, 0, 0.108237, 0, 0.0670926, 0, 0.284484, 0, 0.221168, 0, 0.284484, 0, 0.108237, 0, 0.0316422, 0, 0.0792021, 0, 0.0570184, 0, 0.0670926, 0, 0.0376081, 0, 0.0123473, 0, 0.0570184, 0, 0.0501676, 0, 0.0316422, 0, 0.0570184, 0, 0.0670926, 0, 0.0183738, 0, 0.137354, 0, 0.124371, 0, 0.0991769, 0, 0.0376081, 0, 0.0570184, 0, 0.221168, 0, 0.118274, 0, 0.0792021, 0, 0.124371, 0, 0.0501676, 0, 0.118274, 0, 0.0501676, 0, 0.0316422, 0, 0.0991769, 0, 0.0316422, 0, 0.0570184, 0, 0.0792021, 0, 0.0316422, 0, 0.0123473, 0, 0.0376081, 0, 0.0670926, 0, 0.0183738, 0, ]
target_state = [5.0366e-05, 0, 0.00499231, 0, 7.58145e-05, 0, 2.7098e-06, 0, 0.0001503, 0, 9.96595e-05, 0, 0.0001503, 0, 0.000898134, 0, 0.00997612, 0, 0.0001503, 0, 2.7098e-06, 0, 7.58145e-05, 0, 0.00499231, 0, 0.00500224, 0, 0.498854, 0, 0.00500224, 0, 0.0001503, 0, 0.00997612, 0, 0.000898134, 0, 0.00999105, 0, 7.58145e-05, 0, 2.83499e-05, 0, 0.000299765, 0, 0.00104503, 0, 0.0298688, 0, 0.000299765, 0, 9.96595e-05, 0, 0.000898134, 0, 0.000142806, 0, 0.000898134, 0, 5.0366e-05, 0, 0.00499231, 0, 0.000299765, 0, 0.00500224, 0, 0.0001503, 0, 0.00500224, 0, 0.00104503, 0, 0.00500224, 0, 0.0298688, 0, 0.498854, 0, 0.00499231, 0, 0.000898134, 0, 0.00999105, 0, 0.000898134, 0, 0.00997612, 0, 0.00499231, 0, 0.498854, 0, 0.0298688, 0, 0.498854, 0, 0.00997612, 0, 7.58145e-05, 0, 0.00500224, 0, 0.000299765, 0, 0.00499231, 0, 0.0001503, 0, 2.7098e-06, 0, 0.000299765, 0, 2.83499e-05, 0, 7.58145e-05, 0, 0.000299765, 0, 0.00499231, 0, 5.0366e-05, 0, 0.000142806, 0, 0.000898134, 0, 9.96595e-05, 0, 0.0001503, 0, 0.000299765, 0, 0.0298688, 0, 0.00104503, 0, 0.00500224, 0, 0.000898134, 0, 2.83499e-05, 0, 0.00104503, 0, 2.83499e-05, 0, 7.58145e-05, 0, 9.96595e-05, 0, 7.58145e-05, 0, 0.000299765, 0, 0.00500224, 0, 7.58145e-05, 0, 2.7098e-06, 0, 0.0001503, 0, 0.00499231, 0, 5.0366e-05, 0, ]
USE_ENERGY_DISTANCE =     false
PERIODIC =                false
UNIFORM_SITES =           true
DEVICE_DIMENSION =        2
MAX_PARAM =               1
MIN_PARAM =               0
MIN_PARAM =               0
DIAG =                    false
NUM_SEEDS =               1
DISTANCE_LIMIT =          0.01
TAU_INIT =                0.1
MAX_TAU =                 2
TAU_SCALAR =              1.15
TAU_SCALAR_TINY =         1.05
TAU_SCALAR_BIG =          1.3
ACCEPTANCE_PROB =         0.8
TEMP_EXP_DECAY =          0.9
TEMP_DECAY_ITERATIONS =   25
TEMP_DECAY_LIMIT =        10
RANDOM_STATES =           3
INIT_OVERLAP_LIMIT =      0.99999
END_PARAMETERS
##############################################################################
clock_duration  =         31.7811
tau =                     0.1
total_steps =             32
time_step =               0.003125
best_mc_result =          0.600654
evolved_target_dot_squared =  0.399346
best_evolved_state = [0.0131843, 0.00297797, 0.0550694, 0.0294946, 0.0267718, 0.0111016, 0.0111436, 0.00306834, 0.0320332, 0.0130018, 0.080442, 0.0655805, 0.0320332, 0.0130018, 0.102863, 0.0688492, 0.0855444, 0.0473316, 0.0320332, 0.0130018, 0.0111436, 0.00306834, 0.0267718, 0.0111016, 0.0550694, 0.0294946, 0.0648295, 0.0350562, 0.20865, 0.211362, 0.0648295, 0.0350562, 0.0320332, 0.0130018, 0.0855444, 0.0473316, 0.102863, 0.0688492, 0.102343, 0.0568684, 0.0267718, 0.0111016, 0.0441145, 0.0227808, 0.0459831, 0.0196139, 0.0966145, 0.0654174, 0.170399, 0.143148, 0.0459831, 0.0196139, 0.080442, 0.0655805, 0.102863, 0.0688492, 0.111282, 0.0907083, 0.102863, 0.0688492, 0.0131843, 0.00297797, 0.0550694, 0.0294946, 0.0459831, 0.0196139, 0.0648295, 0.0350562, 0.0320332, 0.0130018, 0.0648295, 0.0350562, 0.0966145, 0.0654174, 0.0648295, 0.0350562, 0.170399, 0.143148, 0.20865, 0.211362, 0.0550694, 0.0294946, 0.102863, 0.0688492, 0.102343, 0.0568684, 0.102863, 0.0688492, 0.0855444, 0.0473316, 0.0550694, 0.0294946, 0.20865, 0.211362, 0.170399, 0.143148, 0.20865, 0.211362, 0.0855444, 0.0473316, 0.0267718, 0.0111016, 0.0648295, 0.0350562, 0.0459831, 0.0196139, 0.0550694, 0.0294946, 0.0320332, 0.0130018, 0.0111436, 0.00306834, 0.0459831, 0.0196139, 0.0441145, 0.0227808, 0.0267718, 0.0111016, 0.0459831, 0.0196139, 0.0550694, 0.0294946, 0.0131843, 0.00297797, 0.111282, 0.0907083, 0.102863, 0.0688492, 0.080442, 0.0655805, 0.0320332, 0.0130018, 0.0459831, 0.0196139, 0.170399, 0.143148, 0.0966145, 0.0654174, 0.0648295, 0.0350562, 0.102863, 0.0688492, 0.0441145, 0.0227808, 0.0966145, 0.0654174, 0.0441145, 0.0227808, 0.0267718, 0.0111016, 0.080442, 0.0655805, 0.0267718, 0.0111016, 0.0459831, 0.0196139, 0.0648295, 0.0350562, 0.0267718, 0.0111016, 0.0111436, 0.00306834, 0.0320332, 0.0130018, 0.0550694, 0.0294946, 0.0131843, 0.00297797, ]
distance =          0.953861
j_protocol =  [[0, 0, 0, 0, 0, 0, 0, 0, 0, 0, 0, 0, 0, 1, 1, 1, 1, 1, 1, 1, 1, 1, 1, 1, 1, 1, 1, 1, 1, 1, 1, 1, ],]
k_protocol =  [[1, 1, 1, 1, 1, 1, 1, 1, 1, 1, 1, 1, 1, 1, 1, 1, 1, 1, 1, 1, 1, 1, 1, 1, 1, 1, 1, 1, 1, 1, 1, 0, ],]
b_protocol =  [[1, 1, 1, 1, 1, 1, 1, 1, 1, 1, 1, 1, 1, 1, 1, 1, 1, 1, 1, 1, 1, 1, 1, 1, 1, 1, 1, 1, 1, 1, 1, 1, ],]
best_mc_result_fixed_tau =   [0.600654, ]
evolved_state_fixed_tau =   [[0.0131843, 0.00297797, 0.0550694, 0.0294946, 0.0267718, 0.0111016, 0.0111436, 0.00306834, 0.0320332, 0.0130018, 0.080442, 0.0655805, 0.0320332, 0.0130018, 0.102863, 0.0688492, 0.0855444, 0.0473316, 0.0320332, 0.0130018, 0.0111436, 0.00306834, 0.0267718, 0.0111016, 0.0550694, 0.0294946, 0.0648295, 0.0350562, 0.20865, 0.211362, 0.0648295, 0.0350562, 0.0320332, 0.0130018, 0.0855444, 0.0473316, 0.102863, 0.0688492, 0.102343, 0.0568684, 0.0267718, 0.0111016, 0.0441145, 0.0227808, 0.0459831, 0.0196139, 0.0966145, 0.0654174, 0.170399, 0.143148, 0.0459831, 0.0196139, 0.080442, 0.0655805, 0.102863, 0.0688492, 0.111282, 0.0907083, 0.102863, 0.0688492, 0.0131843, 0.00297797, 0.0550694, 0.0294946, 0.0459831, 0.0196139, 0.0648295, 0.0350562, 0.0320332, 0.0130018, 0.0648295, 0.0350562, 0.0966145, 0.0654174, 0.0648295, 0.0350562, 0.170399, 0.143148, 0.20865, 0.211362, 0.0550694, 0.0294946, 0.102863, 0.0688492, 0.102343, 0.0568684, 0.102863, 0.0688492, 0.0855444, 0.0473316, 0.0550694, 0.0294946, 0.20865, 0.211362, 0.170399, 0.143148, 0.20865, 0.211362, 0.0855444, 0.0473316, 0.0267718, 0.0111016, 0.0648295, 0.0350562, 0.0459831, 0.0196139, 0.0550694, 0.0294946, 0.0320332, 0.0130018, 0.0111436, 0.00306834, 0.0459831, 0.0196139, 0.0441145, 0.0227808, 0.0267718, 0.0111016, 0.0459831, 0.0196139, 0.0550694, 0.0294946, 0.0131843, 0.00297797, 0.111282, 0.0907083, 0.102863, 0.0688492, 0.080442, 0.0655805, 0.0320332, 0.0130018, 0.0459831, 0.0196139, 0.170399, 0.143148, 0.0966145, 0.0654174, 0.0648295, 0.0350562, 0.102863, 0.0688492, 0.0441145, 0.0227808, 0.0966145, 0.0654174, 0.0441145, 0.0227808, 0.0267718, 0.0111016, 0.080442, 0.0655805, 0.0267718, 0.0111016, 0.0459831, 0.0196139, 0.0648295, 0.0350562, 0.0267718, 0.0111016, 0.0111436, 0.00306834, 0.0320332, 0.0130018, 0.0550694, 0.0294946, 0.0131843, 0.00297797, ],]
##############################################################################
clock_duration  =         63.2009
tau =                     0.26
total_steps =             32
time_step =               0.008125
best_mc_result =          0.486458
evolved_target_dot_squared =  0.513542
best_evolved_state = [-0.00815277, 0.00385006, 0.0132158, 0.0319115, 0.00934808, 0.0136937, 0.00741028, 0.00250644, 0.0134211, 0.01377, 0.00400963, 0.120712, 0.0134211, 0.01377, 0.0253416, 0.113131, 0.00298715, 0.0478466, 0.0134211, 0.01377, 0.00741028, 0.00250644, 0.00934808, 0.0136937, 0.0132158, 0.0319115, 0.0140183, 0.0414089, -0.0958009, 0.328598, 0.0140183, 0.0414089, 0.0134211, 0.01377, 0.00298715, 0.0478466, 0.0253416, 0.113131, 0.00247719, 0.0624477, 0.00934808, 0.0136937, 0.0250494, 0.0349713, 0.0033888, 0.0187908, 0.0162679, 0.106388, -0.0288013, 0.225286, 0.0033888, 0.0187908, 0.00400963, 0.120712, 0.0253416, 0.113131, 0.00609689, 0.165652, 0.0253416, 0.113131, -0.00815277, 0.00385006, 0.0132158, 0.0319115, 0.0033888, 0.0187908, 0.0140183, 0.0414089, 0.0134211, 0.01377, 0.0140183, 0.0414089, 0.0162679, 0.106388, 0.0140183, 0.0414089, -0.0288013, 0.225286, -0.0958009, 0.328598, 0.0132158, 0.0319115, 0.0253416, 0.113131, 0.00247719, 0.0624477, 0.0253416, 0.113131, 0.00298715, 0.0478466, 0.0132158, 0.0319115, -0.0958009, 0.328598, -0.0288013, 0.225286, -0.0958009, 0.328598, 0.00298715, 0.0478466, 0.00934808, 0.0136937, 0.0140183, 0.0414089, 0.0033888, 0.0187908, 0.0132158, 0.0319115, 0.0134211, 0.01377, 0.00741028, 0.00250644, 0.0033888, 0.0187908, 0.0250494, 0.0349713, 0.00934808, 0.0136937, 0.0033888, 0.0187908, 0.0132158, 0.0319115, -0.00815277, 0.00385006, 0.00609689, 0.165652, 0.0253416, 0.113131, 0.00400963, 0.120712, 0.0134211, 0.01377, 0.0033888, 0.0187908, -0.0288013, 0.225286, 0.0162679, 0.106388, 0.0140183, 0.0414089, 0.0253416, 0.113131, 0.0250494, 0.0349713, 0.0162679, 0.106388, 0.0250494, 0.0349713, 0.00934808, 0.0136937, 0.00400963, 0.120712, 0.00934808, 0.0136937, 0.0033888, 0.0187908, 0.0140183, 0.0414089, 0.00934808, 0.0136937, 0.00741028, 0.00250644, 0.0134211, 0.01377, 0.0132158, 0.0319115, -0.00815277, 0.00385006, ]
distance =          0.772514
j_protocol =  [[0, 0, 0, 0, 0, 0, 0, 0, 0, 0, 0, 0, 0, 0, 0, 1, 1, 1, 1, 1, 1, 1, 1, 1, 1, 1, 1, 1, 1, 1, 1, 1, ],]
k_protocol =  [[1, 1, 1, 1, 1, 1, 1, 1, 1, 1, 1, 1, 1, 1, 1, 1, 1, 1, 1, 1, 1, 1, 1, 1, 1, 1, 1, 1, 1, 1, 1, 0, ],]
b_protocol =  [[1, 1, 1, 1, 1, 1, 1, 1, 1, 1, 1, 1, 1, 1, 1, 1, 1, 1, 1, 1, 1, 1, 1, 1, 1, 1, 1, 1, 1, 1, 1, 1, ],]
best_mc_result_fixed_tau =   [0.486458, ]
evolved_state_fixed_tau =   [[-0.00815277, 0.00385006, 0.0132158, 0.0319115, 0.00934808, 0.0136937, 0.00741028, 0.00250644, 0.0134211, 0.01377, 0.00400963, 0.120712, 0.0134211, 0.01377, 0.0253416, 0.113131, 0.00298715, 0.0478466, 0.0134211, 0.01377, 0.00741028, 0.00250644, 0.00934808, 0.0136937, 0.0132158, 0.0319115, 0.0140183, 0.0414089, -0.0958009, 0.328598, 0.0140183, 0.0414089, 0.0134211, 0.01377, 0.00298715, 0.0478466, 0.0253416, 0.113131, 0.00247719, 0.0624477, 0.00934808, 0.0136937, 0.0250494, 0.0349713, 0.0033888, 0.0187908, 0.0162679, 0.106388, -0.0288013, 0.225286, 0.0033888, 0.0187908, 0.00400963, 0.120712, 0.0253416, 0.113131, 0.00609689, 0.165652, 0.0253416, 0.113131, -0.00815277, 0.00385006, 0.0132158, 0.0319115, 0.0033888, 0.0187908, 0.0140183, 0.0414089, 0.0134211, 0.01377, 0.0140183, 0.0414089, 0.0162679, 0.106388, 0.0140183, 0.0414089, -0.0288013, 0.225286, -0.0958009, 0.328598, 0.0132158, 0.0319115, 0.0253416, 0.113131, 0.00247719, 0.0624477, 0.0253416, 0.113131, 0.00298715, 0.0478466, 0.0132158, 0.0319115, -0.0958009, 0.328598, -0.0288013, 0.225286, -0.0958009, 0.328598, 0.00298715, 0.0478466, 0.00934808, 0.0136937, 0.0140183, 0.0414089, 0.0033888, 0.0187908, 0.0132158, 0.0319115, 0.0134211, 0.01377, 0.00741028, 0.00250644, 0.0033888, 0.0187908, 0.0250494, 0.0349713, 0.00934808, 0.0136937, 0.0033888, 0.0187908, 0.0132158, 0.0319115, -0.00815277, 0.00385006, 0.00609689, 0.165652, 0.0253416, 0.113131, 0.00400963, 0.120712, 0.0134211, 0.01377, 0.0033888, 0.0187908, -0.0288013, 0.225286, 0.0162679, 0.106388, 0.0140183, 0.0414089, 0.0253416, 0.113131, 0.0250494, 0.0349713, 0.0162679, 0.106388, 0.0250494, 0.0349713, 0.00934808, 0.0136937, 0.00400963, 0.120712, 0.00934808, 0.0136937, 0.0033888, 0.0187908, 0.0140183, 0.0414089, 0.00934808, 0.0136937, 0.00741028, 0.00250644, 0.0134211, 0.01377, 0.0132158, 0.0319115, -0.00815277, 0.00385006, ],]
##############################################################################
clock_duration  =         92.6432
tau =                     0.299
total_steps =             32
time_step =               0.00934375
best_mc_result =          0.462718
evolved_target_dot_squared =  0.537282
best_evolved_state = [-0.0131962, 0.00357754, 0.00747834, 0.0228538, 0.0065131, 0.0110642, 0.00700708, 0.00129288, 0.0110971, 0.00991954, -0.0139026, 0.12406, 0.0110971, 0.00991954, 0.0124521, 0.111683, -0.0102534, 0.0317122, 0.0110971, 0.00991954, 0.00700708, 0.00129288, 0.0065131, 0.0110642, 0.00747834, 0.0228538, 0.0065611, 0.03239, -0.165008, 0.310177, 0.0065611, 0.03239, 0.0110971, 0.00991954, -0.0102534, 0.0317122, 0.0124521, 0.111683, -0.0147305, 0.0455613, 0.0065131, 0.0110642, 0.0233756, 0.0330678, -0.00515781, 0.0115031, 0.00171841, 0.104183, -0.0712633, 0.21595, -0.00515781, 0.0115031, -0.0139026, 0.12406, 0.0124521, 0.111683, -0.0180005, 0.169848, 0.0124521, 0.111683, -0.0131962, 0.00357754, 0.00747834, 0.0228538, -0.00515781, 0.0115031, 0.0065611, 0.03239, 0.0110971, 0.00991954, 0.0065611, 0.03239, 0.00171841, 0.104183, 0.0065611, 0.03239, -0.0712633, 0.21595, -0.165008, 0.310177, 0.00747834, 0.0228538, 0.0124521, 0.111683, -0.0147305, 0.0455613, 0.0124521, 0.111683, -0.0102534, 0.0317122, 0.00747834, 0.0228538, -0.165008, 0.310177, -0.0712633, 0.21595, -0.165008, 0.310177, -0.0102534, 0.0317122, 0.0065131, 0.0110642, 0.0065611, 0.03239, -0.00515781, 0.0115031, 0.00747834, 0.0228538, 0.0110971, 0.00991954, 0.00700708, 0.00129288, -0.00515781, 0.0115031, 0.0233756, 0.0330678, 0.0065131, 0.0110642, -0.00515781, 0.0115031, 0.00747834, 0.0228538, -0.0131962, 0.00357754, -0.0180005, 0.169848, 0.0124521, 0.111683, -0.0139026, 0.12406, 0.0110971, 0.00991954, -0.00515781, 0.0115031, -0.0712633, 0.21595, 0.00171841, 0.104183, 0.0065611, 0.03239, 0.0124521, 0.111683, 0.0233756, 0.0330678, 0.00171841, 0.104183, 0.0233756, 0.0330678, 0.0065131, 0.0110642, -0.0139026, 0.12406, 0.0065131, 0.0110642, -0.00515781, 0.0115031, 0.0065611, 0.03239, 0.0065131, 0.0110642, 0.00700708, 0.00129288, 0.0110971, 0.00991954, 0.00747834, 0.0228538, -0.0131962, 0.00357754, ]
distance =          0.734814
j_protocol =  [[0, 0, 0, 0, 0, 0, 0, 0, 0, 0, 0, 0, 0, 0, 0, 0, 1, 1, 1, 1, 1, 1, 1, 1, 1, 1, 1, 1, 1, 1, 1, 1, ],]
k_protocol =  [[1, 1, 1, 1, 1, 1, 1, 1, 1, 1, 1, 1, 1, 1, 1, 1, 1, 1, 1, 1, 1, 1, 1, 1, 1, 1, 1, 1, 1, 1, 1, 0, ],]
b_protocol =  [[1, 1, 1, 1, 1, 1, 1, 1, 1, 1, 1, 1, 1, 1, 1, 1, 1, 1, 1, 1, 1, 1, 1, 1, 1, 1, 1, 1, 1, 1, 1, 1, ],]
best_mc_result_fixed_tau =   [0.462718, ]
evolved_state_fixed_tau =   [[-0.0131962, 0.00357754, 0.00747834, 0.0228538, 0.0065131, 0.0110642, 0.00700708, 0.00129288, 0.0110971, 0.00991954, -0.0139026, 0.12406, 0.0110971, 0.00991954, 0.0124521, 0.111683, -0.0102534, 0.0317122, 0.0110971, 0.00991954, 0.00700708, 0.00129288, 0.0065131, 0.0110642, 0.00747834, 0.0228538, 0.0065611, 0.03239, -0.165008, 0.310177, 0.0065611, 0.03239, 0.0110971, 0.00991954, -0.0102534, 0.0317122, 0.0124521, 0.111683, -0.0147305, 0.0455613, 0.0065131, 0.0110642, 0.0233756, 0.0330678, -0.00515781, 0.0115031, 0.00171841, 0.104183, -0.0712633, 0.21595, -0.00515781, 0.0115031, -0.0139026, 0.12406, 0.0124521, 0.111683, -0.0180005, 0.169848, 0.0124521, 0.111683, -0.0131962, 0.00357754, 0.00747834, 0.0228538, -0.00515781, 0.0115031, 0.0065611, 0.03239, 0.0110971, 0.00991954, 0.0065611, 0.03239, 0.00171841, 0.104183, 0.0065611, 0.03239, -0.0712633, 0.21595, -0.165008, 0.310177, 0.00747834, 0.0228538, 0.0124521, 0.111683, -0.0147305, 0.0455613, 0.0124521, 0.111683, -0.0102534, 0.0317122, 0.00747834, 0.0228538, -0.165008, 0.310177, -0.0712633, 0.21595, -0.165008, 0.310177, -0.0102534, 0.0317122, 0.0065131, 0.0110642, 0.0065611, 0.03239, -0.00515781, 0.0115031, 0.00747834, 0.0228538, 0.0110971, 0.00991954, 0.00700708, 0.00129288, -0.00515781, 0.0115031, 0.0233756, 0.0330678, 0.0065131, 0.0110642, -0.00515781, 0.0115031, 0.00747834, 0.0228538, -0.0131962, 0.00357754, -0.0180005, 0.169848, 0.0124521, 0.111683, -0.0139026, 0.12406, 0.0110971, 0.00991954, -0.00515781, 0.0115031, -0.0712633, 0.21595, 0.00171841, 0.104183, 0.0065611, 0.03239, 0.0124521, 0.111683, 0.0233756, 0.0330678, 0.00171841, 0.104183, 0.0233756, 0.0330678, 0.0065131, 0.0110642, -0.0139026, 0.12406, 0.0065131, 0.0110642, -0.00515781, 0.0115031, 0.0065611, 0.03239, 0.0065131, 0.0110642, 0.00700708, 0.00129288, 0.0110971, 0.00991954, 0.00747834, 0.0228538, -0.0131962, 0.00357754, ],]
##############################################################################
clock_duration  =         126.306
tau =                     0.3887
total_steps =             32
time_step =               0.0121469
best_mc_result =          0.431758
evolved_target_dot_squared =  0.568242
best_evolved_state = [-0.0178145, 0.00448509, -0.00305182, 0.003021, 0.00043778, 0.00619471, 0.0059792, -0.00028772, 0.00622185, 0.00284019, -0.0755293, 0.108229, 0.00622185, 0.00284019, -0.0300682, 0.0955392, -0.0307605, -0.00710677, 0.00622185, 0.00284019, 0.0059792, -0.00028772, 0.00043778, 0.00619471, -0.00305182, 0.003021, -0.00800034, 0.0113647, -0.329408, 0.152171, -0.00800034, 0.0113647, 0.00622185, 0.00284019, -0.0307605, -0.00710677, -0.0300682, 0.0955392, -0.0444611, 0.00295574, 0.00043778, 0.00619471, 0.0147598, 0.0298362, -0.0198597, -0.00362488, -0.041265, 0.0855375, -0.179479, 0.137476, -0.0198597, -0.00362488, -0.0755293, 0.108229, -0.0300682, 0.0955392, -0.101043, 0.146534, -0.0300682, 0.0955392, -0.0178145, 0.00448509, -0.00305182, 0.003021, -0.0198597, -0.00362488, -0.00800034, 0.0113647, 0.00622185, 0.00284019, -0.00800034, 0.0113647, -0.041265, 0.0855375, -0.00800034, 0.0113647, -0.179479, 0.137476, -0.329408, 0.152171, -0.00305182, 0.003021, -0.0300682, 0.0955392, -0.0444611, 0.00295574, -0.0300682, 0.0955392, -0.0307605, -0.00710677, -0.00305182, 0.003021, -0.329408, 0.152171, -0.179479, 0.137476, -0.329408, 0.152171, -0.0307605, -0.00710677, 0.00043778, 0.00619471, -0.00800034, 0.0113647, -0.0198597, -0.00362488, -0.00305182, 0.003021, 0.00622185, 0.00284019, 0.0059792, -0.00028772, -0.0198597, -0.00362488, 0.0147598, 0.0298362, 0.00043778, 0.00619471, -0.0198597, -0.00362488, -0.00305182, 0.003021, -0.0178145, 0.00448509, -0.101043, 0.146534, -0.0300682, 0.0955392, -0.0755293, 0.108229, 0.00622185, 0.00284019, -0.0198597, -0.00362488, -0.179479, 0.137476, -0.041265, 0.0855375, -0.00800034, 0.0113647, -0.0300682, 0.0955392, 0.0147598, 0.0298362, -0.041265, 0.0855375, 0.0147598, 0.0298362, 0.00043778, 0.00619471, -0.0755293, 0.108229, 0.00043778, 0.00619471, -0.0198597, -0.00362488, -0.00800034, 0.0113647, 0.00043778, 0.00619471, 0.0059792, -0.00028772, 0.00622185, 0.00284019, -0.00305182, 0.003021, -0.0178145, 0.00448509, ]
distance =          0.685648
j_protocol =  [[0, 0, 0, 0, 0, 0, 0, 0, 0, 0, 1, 1, 0, 1, 1, 1, 0, 0, 0, 1, 0, 0, 1, 1, 1, 1, 1, 1, 1, 1, 1, 1, ],]
k_protocol =  [[1, 1, 1, 1, 1, 1, 1, 1, 1, 1, 1, 1, 1, 1, 1, 1, 1, 1, 1, 1, 1, 1, 1, 1, 1, 1, 1, 1, 1, 1, 1, 1, ],]
b_protocol =  [[1, 1, 1, 1, 1, 1, 1, 1, 1, 1, 1, 1, 1, 1, 1, 1, 1, 1, 1, 1, 1, 1, 1, 1, 1, 1, 1, 1, 1, 1, 1, 1, ],]
best_mc_result_fixed_tau =   [0.431758, ]
evolved_state_fixed_tau =   [[-0.0178145, 0.00448509, -0.00305182, 0.003021, 0.00043778, 0.00619471, 0.0059792, -0.00028772, 0.00622185, 0.00284019, -0.0755293, 0.108229, 0.00622185, 0.00284019, -0.0300682, 0.0955392, -0.0307605, -0.00710677, 0.00622185, 0.00284019, 0.0059792, -0.00028772, 0.00043778, 0.00619471, -0.00305182, 0.003021, -0.00800034, 0.0113647, -0.329408, 0.152171, -0.00800034, 0.0113647, 0.00622185, 0.00284019, -0.0307605, -0.00710677, -0.0300682, 0.0955392, -0.0444611, 0.00295574, 0.00043778, 0.00619471, 0.0147598, 0.0298362, -0.0198597, -0.00362488, -0.041265, 0.0855375, -0.179479, 0.137476, -0.0198597, -0.00362488, -0.0755293, 0.108229, -0.0300682, 0.0955392, -0.101043, 0.146534, -0.0300682, 0.0955392, -0.0178145, 0.00448509, -0.00305182, 0.003021, -0.0198597, -0.00362488, -0.00800034, 0.0113647, 0.00622185, 0.00284019, -0.00800034, 0.0113647, -0.041265, 0.0855375, -0.00800034, 0.0113647, -0.179479, 0.137476, -0.329408, 0.152171, -0.00305182, 0.003021, -0.0300682, 0.0955392, -0.0444611, 0.00295574, -0.0300682, 0.0955392, -0.0307605, -0.00710677, -0.00305182, 0.003021, -0.329408, 0.152171, -0.179479, 0.137476, -0.329408, 0.152171, -0.0307605, -0.00710677, 0.00043778, 0.00619471, -0.00800034, 0.0113647, -0.0198597, -0.00362488, -0.00305182, 0.003021, 0.00622185, 0.00284019, 0.0059792, -0.00028772, -0.0198597, -0.00362488, 0.0147598, 0.0298362, 0.00043778, 0.00619471, -0.0198597, -0.00362488, -0.00305182, 0.003021, -0.0178145, 0.00448509, -0.101043, 0.146534, -0.0300682, 0.0955392, -0.0755293, 0.108229, 0.00622185, 0.00284019, -0.0198597, -0.00362488, -0.179479, 0.137476, -0.041265, 0.0855375, -0.00800034, 0.0113647, -0.0300682, 0.0955392, 0.0147598, 0.0298362, -0.041265, 0.0855375, 0.0147598, 0.0298362, 0.00043778, 0.00619471, -0.0755293, 0.108229, 0.00043778, 0.00619471, -0.0198597, -0.00362488, -0.00800034, 0.0113647, 0.00043778, 0.00619471, 0.0059792, -0.00028772, 0.00622185, 0.00284019, -0.00305182, 0.003021, -0.0178145, 0.00448509, ],]
##############################################################################
clock_duration  =         168.256
tau =                     0.50531
total_steps =             32
time_step =               0.0157909
best_mc_result =          0.404155
evolved_target_dot_squared =  0.595845
best_evolved_state = [-0.00848998, 0.00057853, -0.00322964, -0.0100427, -0.00266023, 0.00150244, 0.00425412, -0.00066874, 0.00244635, -0.00310683, -0.131281, 0.031275, 0.00244635, -0.00310683, -0.0730218, 0.0413839, -0.021749, -0.0353188, 0.00244635, -0.00310683, 0.00425412, -0.00066874, -0.00266023, 0.00150244, -0.00322964, -0.0100427, -0.0110595, -0.00631971, -0.329481, -0.172682, -0.0110595, -0.00631971, 0.00244635, -0.00310683, -0.021749, -0.0353188, -0.0730218, 0.0413839, -0.0410264, -0.0338392, -0.00266023, 0.00150244, -0.000369898, 0.0226794, -0.0183804, -0.0152338, -0.0778638, 0.0318241, -0.22106, -0.0404303, -0.0183804, -0.0152338, -0.131281, 0.031275, -0.0730218, 0.0413839, -0.176099, 0.0389984, -0.0730218, 0.0413839, -0.00848998, 0.00057853, -0.00322964, -0.0100427, -0.0183804, -0.0152338, -0.0110595, -0.00631971, 0.00244635, -0.00310683, -0.0110595, -0.00631971, -0.0778638, 0.0318241, -0.0110595, -0.00631971, -0.22106, -0.0404303, -0.329481, -0.172682, -0.00322964, -0.0100427, -0.0730218, 0.0413839, -0.0410264, -0.0338392, -0.0730218, 0.0413839, -0.021749, -0.0353188, -0.00322964, -0.0100427, -0.329481, -0.172682, -0.22106, -0.0404303, -0.329481, -0.172682, -0.021749, -0.0353188, -0.00266023, 0.00150244, -0.0110595, -0.00631971, -0.0183804, -0.0152338, -0.00322964, -0.0100427, 0.00244635, -0.00310683, 0.00425412, -0.00066874, -0.0183804, -0.0152338, -0.000369898, 0.0226794, -0.00266023, 0.00150244, -0.0183804, -0.0152338, -0.00322964, -0.0100427, -0.00848998, 0.00057853, -0.176099, 0.0389984, -0.0730218, 0.0413839, -0.131281, 0.031275, 0.00244635, -0.00310683, -0.0183804, -0.0152338, -0.22106, -0.0404303, -0.0778638, 0.0318241, -0.0110595, -0.00631971, -0.0730218, 0.0413839, -0.000369898, 0.0226794, -0.0778638, 0.0318241, -0.000369898, 0.0226794, -0.00266023, 0.00150244, -0.131281, 0.031275, -0.00266023, 0.00150244, -0.0183804, -0.0152338, -0.0110595, -0.00631971, -0.00266023, 0.00150244, 0.00425412, -0.00066874, 0.00244635, -0.00310683, -0.00322964, -0.0100427, -0.00848998, 0.00057853, ]
distance =          0.641813
j_protocol =  [[0, 0, 0, 0, 0, 0, 1, 1, 1, 1, 1, 1, 1, 1, 0, 0, 1, 1, 0, 0, 0, 0, 0, 0, 0, 1, 1, 1, 1, 1, 1, 1, ],]
k_protocol =  [[1, 1, 1, 1, 1, 1, 1, 1, 1, 1, 1, 1, 1, 1, 1, 1, 1, 1, 1, 1, 1, 1, 1, 1, 1, 1, 1, 1, 1, 1, 1, 1, ],]
b_protocol =  [[1, 1, 1, 1, 1, 1, 1, 1, 1, 1, 1, 1, 1, 1, 1, 1, 1, 1, 1, 1, 1, 1, 1, 1, 1, 1, 1, 1, 1, 1, 1, 1, ],]
best_mc_result_fixed_tau =   [0.404155, ]
evolved_state_fixed_tau =   [[-0.00848998, 0.00057853, -0.00322964, -0.0100427, -0.00266023, 0.00150244, 0.00425412, -0.00066874, 0.00244635, -0.00310683, -0.131281, 0.031275, 0.00244635, -0.00310683, -0.0730218, 0.0413839, -0.021749, -0.0353188, 0.00244635, -0.00310683, 0.00425412, -0.00066874, -0.00266023, 0.00150244, -0.00322964, -0.0100427, -0.0110595, -0.00631971, -0.329481, -0.172682, -0.0110595, -0.00631971, 0.00244635, -0.00310683, -0.021749, -0.0353188, -0.0730218, 0.0413839, -0.0410264, -0.0338392, -0.00266023, 0.00150244, -0.000369898, 0.0226794, -0.0183804, -0.0152338, -0.0778638, 0.0318241, -0.22106, -0.0404303, -0.0183804, -0.0152338, -0.131281, 0.031275, -0.0730218, 0.0413839, -0.176099, 0.0389984, -0.0730218, 0.0413839, -0.00848998, 0.00057853, -0.00322964, -0.0100427, -0.0183804, -0.0152338, -0.0110595, -0.00631971, 0.00244635, -0.00310683, -0.0110595, -0.00631971, -0.0778638, 0.0318241, -0.0110595, -0.00631971, -0.22106, -0.0404303, -0.329481, -0.172682, -0.00322964, -0.0100427, -0.0730218, 0.0413839, -0.0410264, -0.0338392, -0.0730218, 0.0413839, -0.021749, -0.0353188, -0.00322964, -0.0100427, -0.329481, -0.172682, -0.22106, -0.0404303, -0.329481, -0.172682, -0.021749, -0.0353188, -0.00266023, 0.00150244, -0.0110595, -0.00631971, -0.0183804, -0.0152338, -0.00322964, -0.0100427, 0.00244635, -0.00310683, 0.00425412, -0.00066874, -0.0183804, -0.0152338, -0.000369898, 0.0226794, -0.00266023, 0.00150244, -0.0183804, -0.0152338, -0.00322964, -0.0100427, -0.00848998, 0.00057853, -0.176099, 0.0389984, -0.0730218, 0.0413839, -0.131281, 0.031275, 0.00244635, -0.00310683, -0.0183804, -0.0152338, -0.22106, -0.0404303, -0.0778638, 0.0318241, -0.0110595, -0.00631971, -0.0730218, 0.0413839, -0.000369898, 0.0226794, -0.0778638, 0.0318241, -0.000369898, 0.0226794, -0.00266023, 0.00150244, -0.131281, 0.031275, -0.00266023, 0.00150244, -0.0183804, -0.0152338, -0.0110595, -0.00631971, -0.00266023, 0.00150244, 0.00425412, -0.00066874, 0.00244635, -0.00310683, -0.00322964, -0.0100427, -0.00848998, 0.00057853, ],]
##############################################################################
clock_duration  =         210.957
tau =                     0.656903
total_steps =             32
time_step =               0.0205282
best_mc_result =          0.356266
evolved_target_dot_squared =  0.643734
best_evolved_state = [0.00948651, -0.00483228, 0.0121083, -0.012541, 0.000787286, -0.00431705, 0.00253077, -0.00195197, 0.00360221, -0.0114351, -0.101948, -0.0820705, 0.00360221, -0.0114351, -0.0533461, -0.039961, 0.017166, -0.0351239, 0.00360221, -0.0114351, 0.00253077, -0.00195197, 0.000787286, -0.00431705, 0.0121083, -0.012541, 0.00569427, -0.0153574, 0.0309495, -0.386626, 0.00569427, -0.0153574, 0.00360221, -0.0114351, 0.017166, -0.0351239, -0.0533461, -0.039961, 0.000276695, -0.0438415, 0.000787286, -0.00431705, -0.00577745, 0.00440903, -0.00126, -0.0185067, -0.053344, -0.040877, -0.0674596, -0.209456, -0.00126, -0.0185067, -0.101948, -0.0820705, -0.0533461, -0.039961, -0.133541, -0.117203, -0.0533461, -0.039961, 0.00948651, -0.00483228, 0.0121083, -0.012541, -0.00126, -0.0185067, 0.00569427, -0.0153574, 0.00360221, -0.0114351, 0.00569427, -0.0153574, -0.053344, -0.040877, 0.00569427, -0.0153574, -0.0674596, -0.209456, 0.0309495, -0.386626, 0.0121083, -0.012541, -0.0533461, -0.039961, 0.000276695, -0.0438415, -0.0533461, -0.039961, 0.017166, -0.0351239, 0.0121083, -0.012541, 0.0309495, -0.386626, -0.0674596, -0.209456, 0.0309495, -0.386626, 0.017166, -0.0351239, 0.000787286, -0.00431705, 0.00569427, -0.0153574, -0.00126, -0.0185067, 0.0121083, -0.012541, 0.00360221, -0.0114351, 0.00253077, -0.00195197, -0.00126, -0.0185067, -0.00577745, 0.00440903, 0.000787286, -0.00431705, -0.00126, -0.0185067, 0.0121083, -0.012541, 0.00948651, -0.00483228, -0.133541, -0.117203, -0.0533461, -0.039961, -0.101948, -0.0820705, 0.00360221, -0.0114351, -0.00126, -0.0185067, -0.0674596, -0.209456, -0.053344, -0.040877, 0.00569427, -0.0153574, -0.0533461, -0.039961, -0.00577745, 0.00440903, -0.053344, -0.040877, -0.00577745, 0.00440903, 0.000787286, -0.00431705, -0.101948, -0.0820705, 0.000787286, -0.00431705, -0.00126, -0.0185067, 0.00569427, -0.0153574, 0.000787286, -0.00431705, 0.00253077, -0.00195197, 0.00360221, -0.0114351, 0.0121083, -0.012541, 0.00948651, -0.00483228, ]
distance =          0.565764
j_protocol =  [[0, 0, 0, 0, 1, 1, 1, 1, 1, 1, 1, 1, 1, 1, 0, 1, 0, 0, 1, 0, 0, 0, 0, 0, 0, 0, 1, 1, 1, 1, 1, 1, ],]
k_protocol =  [[1, 1, 1, 1, 1, 1, 1, 1, 1, 1, 1, 1, 1, 1, 1, 1, 1, 1, 1, 1, 1, 1, 1, 1, 1, 1, 1, 1, 1, 1, 1, 1, ],]
b_protocol =  [[1, 1, 1, 1, 1, 1, 1, 1, 1, 1, 1, 1, 1, 1, 1, 1, 1, 1, 1, 1, 1, 1, 1, 1, 1, 1, 1, 1, 1, 1, 1, 1, ],]
best_mc_result_fixed_tau =   [0.356266, ]
evolved_state_fixed_tau =   [[0.00948651, -0.00483228, 0.0121083, -0.012541, 0.000787286, -0.00431705, 0.00253077, -0.00195197, 0.00360221, -0.0114351, -0.101948, -0.0820705, 0.00360221, -0.0114351, -0.0533461, -0.039961, 0.017166, -0.0351239, 0.00360221, -0.0114351, 0.00253077, -0.00195197, 0.000787286, -0.00431705, 0.0121083, -0.012541, 0.00569427, -0.0153574, 0.0309495, -0.386626, 0.00569427, -0.0153574, 0.00360221, -0.0114351, 0.017166, -0.0351239, -0.0533461, -0.039961, 0.000276695, -0.0438415, 0.000787286, -0.00431705, -0.00577745, 0.00440903, -0.00126, -0.0185067, -0.053344, -0.040877, -0.0674596, -0.209456, -0.00126, -0.0185067, -0.101948, -0.0820705, -0.0533461, -0.039961, -0.133541, -0.117203, -0.0533461, -0.039961, 0.00948651, -0.00483228, 0.0121083, -0.012541, -0.00126, -0.0185067, 0.00569427, -0.0153574, 0.00360221, -0.0114351, 0.00569427, -0.0153574, -0.053344, -0.040877, 0.00569427, -0.0153574, -0.0674596, -0.209456, 0.0309495, -0.386626, 0.0121083, -0.012541, -0.0533461, -0.039961, 0.000276695, -0.0438415, -0.0533461, -0.039961, 0.017166, -0.0351239, 0.0121083, -0.012541, 0.0309495, -0.386626, -0.0674596, -0.209456, 0.0309495, -0.386626, 0.017166, -0.0351239, 0.000787286, -0.00431705, 0.00569427, -0.0153574, -0.00126, -0.0185067, 0.0121083, -0.012541, 0.00360221, -0.0114351, 0.00253077, -0.00195197, -0.00126, -0.0185067, -0.00577745, 0.00440903, 0.000787286, -0.00431705, -0.00126, -0.0185067, 0.0121083, -0.012541, 0.00948651, -0.00483228, -0.133541, -0.117203, -0.0533461, -0.039961, -0.101948, -0.0820705, 0.00360221, -0.0114351, -0.00126, -0.0185067, -0.0674596, -0.209456, -0.053344, -0.040877, 0.00569427, -0.0153574, -0.0533461, -0.039961, -0.00577745, 0.00440903, -0.053344, -0.040877, -0.00577745, 0.00440903, 0.000787286, -0.00431705, -0.101948, -0.0820705, 0.000787286, -0.00431705, -0.00126, -0.0185067, 0.00569427, -0.0153574, 0.000787286, -0.00431705, 0.00253077, -0.00195197, 0.00360221, -0.0114351, 0.0121083, -0.012541, 0.00948651, -0.00483228, ],]
##############################################################################
clock_duration  =         254.79
tau =                     0.853974
total_steps =             32
time_step =               0.0266867
best_mc_result =          0.275379
evolved_target_dot_squared =  0.724621
best_evolved_state = [0.0290126, -0.00841709, 0.0312081, 0.00410255, 0.0140545, -0.00711712, 0.00589094, -0.00501426, 0.0154578, -0.0255561, -0.00553243, -0.106418, 0.0154578, -0.0255561, 0.0491472, -0.0426368, 0.0391318, 0.0109263, 0.0154578, -0.0255561, 0.00589094, -0.00501426, 0.0140545, -0.00711712, 0.0312081, 0.00410255, 0.0287464, 0.00172396, 0.407351, -0.0741757, 0.0287464, 0.00172396, 0.0154578, -0.0255561, 0.0391318, 0.0109263, 0.0491472, -0.0426368, 0.0196892, 0.0082513, 0.0140545, -0.00711712, 0.0183611, -0.00747841, 0.010376, -0.00265343, 0.031736, -0.0296622, 0.151506, -0.113251, 0.010376, -0.00265343, -0.00553243, -0.106418, 0.0491472, -0.0426368, 0.00111152, -0.152839, 0.0491472, -0.0426368, 0.0290126, -0.00841709, 0.0312081, 0.00410255, 0.010376, -0.00265343, 0.0287464, 0.00172396, 0.0154578, -0.0255561, 0.0287464, 0.00172396, 0.031736, -0.0296622, 0.0287464, 0.00172396, 0.151506, -0.113251, 0.407351, -0.0741757, 0.0312081, 0.00410255, 0.0491472, -0.0426368, 0.0196892, 0.0082513, 0.0491472, -0.0426368, 0.0391318, 0.0109263, 0.0312081, 0.00410255, 0.407351, -0.0741757, 0.151506, -0.113251, 0.407351, -0.0741757, 0.0391318, 0.0109263, 0.0140545, -0.00711712, 0.0287464, 0.00172396, 0.010376, -0.00265343, 0.0312081, 0.00410255, 0.0154578, -0.0255561, 0.00589094, -0.00501426, 0.010376, -0.00265343, 0.0183611, -0.00747841, 0.0140545, -0.00711712, 0.010376, -0.00265343, 0.0312081, 0.00410255, 0.0290126, -0.00841709, 0.00111152, -0.152839, 0.0491472, -0.0426368, -0.00553243, -0.106418, 0.0154578, -0.0255561, 0.010376, -0.00265343, 0.151506, -0.113251, 0.031736, -0.0296622, 0.0287464, 0.00172396, 0.0491472, -0.0426368, 0.0183611, -0.00747841, 0.031736, -0.0296622, 0.0183611, -0.00747841, 0.0140545, -0.00711712, -0.00553243, -0.106418, 0.0140545, -0.00711712, 0.010376, -0.00265343, 0.0287464, 0.00172396, 0.0140545, -0.00711712, 0.00589094, -0.00501426, 0.0154578, -0.0255561, 0.0312081, 0.00410255, 0.0290126, -0.00841709, ]
distance =          0.437312
j_protocol =  [[0, 0, 0, 0, 0, 1, 1, 1, 1, 1, 1, 1, 1, 1, 1, 0, 1, 0, 0, 1, 0, 0, 0, 0, 0, 1, 0, 1, 1, 1, 1, 1, ],]
k_protocol =  [[1, 1, 1, 1, 1, 1, 1, 1, 1, 1, 1, 1, 1, 1, 1, 1, 1, 1, 1, 1, 1, 1, 1, 1, 1, 1, 1, 1, 1, 1, 1, 1, ],]
b_protocol =  [[1, 1, 1, 1, 1, 1, 1, 1, 1, 1, 1, 1, 1, 1, 1, 1, 1, 1, 1, 1, 1, 1, 1, 1, 1, 1, 1, 1, 1, 1, 1, 1, ],]
best_mc_result_fixed_tau =   [0.275379, ]
evolved_state_fixed_tau =   [[0.0290126, -0.00841709, 0.0312081, 0.00410255, 0.0140545, -0.00711712, 0.00589094, -0.00501426, 0.0154578, -0.0255561, -0.00553243, -0.106418, 0.0154578, -0.0255561, 0.0491472, -0.0426368, 0.0391318, 0.0109263, 0.0154578, -0.0255561, 0.00589094, -0.00501426, 0.0140545, -0.00711712, 0.0312081, 0.00410255, 0.0287464, 0.00172396, 0.407351, -0.0741757, 0.0287464, 0.00172396, 0.0154578, -0.0255561, 0.0391318, 0.0109263, 0.0491472, -0.0426368, 0.0196892, 0.0082513, 0.0140545, -0.00711712, 0.0183611, -0.00747841, 0.010376, -0.00265343, 0.031736, -0.0296622, 0.151506, -0.113251, 0.010376, -0.00265343, -0.00553243, -0.106418, 0.0491472, -0.0426368, 0.00111152, -0.152839, 0.0491472, -0.0426368, 0.0290126, -0.00841709, 0.0312081, 0.00410255, 0.010376, -0.00265343, 0.0287464, 0.00172396, 0.0154578, -0.0255561, 0.0287464, 0.00172396, 0.031736, -0.0296622, 0.0287464, 0.00172396, 0.151506, -0.113251, 0.407351, -0.0741757, 0.0312081, 0.00410255, 0.0491472, -0.0426368, 0.0196892, 0.0082513, 0.0491472, -0.0426368, 0.0391318, 0.0109263, 0.0312081, 0.00410255, 0.407351, -0.0741757, 0.151506, -0.113251, 0.407351, -0.0741757, 0.0391318, 0.0109263, 0.0140545, -0.00711712, 0.0287464, 0.00172396, 0.010376, -0.00265343, 0.0312081, 0.00410255, 0.0154578, -0.0255561, 0.00589094, -0.00501426, 0.010376, -0.00265343, 0.0183611, -0.00747841, 0.0140545, -0.00711712, 0.010376, -0.00265343, 0.0312081, 0.00410255, 0.0290126, -0.00841709, 0.00111152, -0.152839, 0.0491472, -0.0426368, -0.00553243, -0.106418, 0.0154578, -0.0255561, 0.010376, -0.00265343, 0.151506, -0.113251, 0.031736, -0.0296622, 0.0287464, 0.00172396, 0.0491472, -0.0426368, 0.0183611, -0.00747841, 0.031736, -0.0296622, 0.0183611, -0.00747841, 0.0140545, -0.00711712, -0.00553243, -0.106418, 0.0140545, -0.00711712, 0.010376, -0.00265343, 0.0287464, 0.00172396, 0.0140545, -0.00711712, 0.00589094, -0.00501426, 0.0154578, -0.0255561, 0.0312081, 0.00410255, 0.0290126, -0.00841709, ],]
##############################################################################
clock_duration  =         303.493
tau =                     0.98207
total_steps =             32
time_step =               0.0306897
best_mc_result =          0.230134
evolved_target_dot_squared =  0.769866
best_evolved_state = [0.0203426, -0.0062436, 0.0237553, 0.0170575, 0.0173916, -0.00226792, 0.00638824, -0.00381104, 0.0210013, -0.0197946, 0.047298, -0.0919746, 0.0210013, -0.0197946, 0.0674462, 0.00365445, 0.0165825, 0.0317036, 0.0210013, -0.0197946, 0.00638824, -0.00381104, 0.0173916, -0.00226792, 0.0237553, 0.0170575, 0.0200251, 0.0165037, 0.344701, 0.256269, 0.0200251, 0.0165037, 0.0210013, -0.0197946, 0.0165825, 0.0317036, 0.0674462, 0.00365445, -0.00789507, 0.0300091, 0.0173916, -0.00226792, 0.0234677, 0.00130385, 0.00764963, 0.005833, 0.0394636, 0.00812145, 0.15783, 0.0118487, 0.00764963, 0.005833, 0.047298, -0.0919746, 0.0674462, 0.00365445, 0.074035, -0.125907, 0.0674462, 0.00365445, 0.0203426, -0.0062436, 0.0237553, 0.0170575, 0.00764963, 0.005833, 0.0200251, 0.0165037, 0.0210013, -0.0197946, 0.0200251, 0.0165037, 0.0394636, 0.00812145, 0.0200251, 0.0165037, 0.15783, 0.0118487, 0.344701, 0.256269, 0.0237553, 0.0170575, 0.0674462, 0.00365445, -0.00789507, 0.0300091, 0.0674462, 0.00365445, 0.0165825, 0.0317036, 0.0237553, 0.0170575, 0.344701, 0.256269, 0.15783, 0.0118487, 0.344701, 0.256269, 0.0165825, 0.0317036, 0.0173916, -0.00226792, 0.0200251, 0.0165037, 0.00764963, 0.005833, 0.0237553, 0.0170575, 0.0210013, -0.0197946, 0.00638824, -0.00381104, 0.00764963, 0.005833, 0.0234677, 0.00130385, 0.0173916, -0.00226792, 0.00764963, 0.005833, 0.0237553, 0.0170575, 0.0203426, -0.0062436, 0.074035, -0.125907, 0.0674462, 0.00365445, 0.047298, -0.0919746, 0.0210013, -0.0197946, 0.00764963, 0.005833, 0.15783, 0.0118487, 0.0394636, 0.00812145, 0.0200251, 0.0165037, 0.0674462, 0.00365445, 0.0234677, 0.00130385, 0.0394636, 0.00812145, 0.0234677, 0.00130385, 0.0173916, -0.00226792, 0.047298, -0.0919746, 0.0173916, -0.00226792, 0.00764963, 0.005833, 0.0200251, 0.0165037, 0.0173916, -0.00226792, 0.00638824, -0.00381104, 0.0210013, -0.0197946, 0.0237553, 0.0170575, 0.0203426, -0.0062436, ]
distance =          0.365462
j_protocol =  [[0, 0, 0, 0, 1, 1, 1, 1, 0, 1, 1, 0, 1, 1, 1, 0, 1, 0, 1, 0, 0, 1, 0, 1, 0, 0, 0, 0, 1, 1, 1, 1, ],]
k_protocol =  [[1, 1, 1, 1, 1, 1, 1, 1, 1, 1, 1, 1, 1, 1, 1, 1, 1, 1, 1, 1, 1, 1, 1, 1, 1, 1, 1, 1, 1, 1, 1, 1, ],]
b_protocol =  [[1, 1, 1, 1, 1, 1, 1, 1, 1, 1, 1, 1, 1, 1, 1, 1, 1, 1, 1, 1, 1, 1, 1, 1, 1, 1, 1, 1, 1, 1, 1, 1, ],]
best_mc_result_fixed_tau =   [0.230134, ]
evolved_state_fixed_tau =   [[0.0203426, -0.0062436, 0.0237553, 0.0170575, 0.0173916, -0.00226792, 0.00638824, -0.00381104, 0.0210013, -0.0197946, 0.047298, -0.0919746, 0.0210013, -0.0197946, 0.0674462, 0.00365445, 0.0165825, 0.0317036, 0.0210013, -0.0197946, 0.00638824, -0.00381104, 0.0173916, -0.00226792, 0.0237553, 0.0170575, 0.0200251, 0.0165037, 0.344701, 0.256269, 0.0200251, 0.0165037, 0.0210013, -0.0197946, 0.0165825, 0.0317036, 0.0674462, 0.00365445, -0.00789507, 0.0300091, 0.0173916, -0.00226792, 0.0234677, 0.00130385, 0.00764963, 0.005833, 0.0394636, 0.00812145, 0.15783, 0.0118487, 0.00764963, 0.005833, 0.047298, -0.0919746, 0.0674462, 0.00365445, 0.074035, -0.125907, 0.0674462, 0.00365445, 0.0203426, -0.0062436, 0.0237553, 0.0170575, 0.00764963, 0.005833, 0.0200251, 0.0165037, 0.0210013, -0.0197946, 0.0200251, 0.0165037, 0.0394636, 0.00812145, 0.0200251, 0.0165037, 0.15783, 0.0118487, 0.344701, 0.256269, 0.0237553, 0.0170575, 0.0674462, 0.00365445, -0.00789507, 0.0300091, 0.0674462, 0.00365445, 0.0165825, 0.0317036, 0.0237553, 0.0170575, 0.344701, 0.256269, 0.15783, 0.0118487, 0.344701, 0.256269, 0.0165825, 0.0317036, 0.0173916, -0.00226792, 0.0200251, 0.0165037, 0.00764963, 0.005833, 0.0237553, 0.0170575, 0.0210013, -0.0197946, 0.00638824, -0.00381104, 0.00764963, 0.005833, 0.0234677, 0.00130385, 0.0173916, -0.00226792, 0.00764963, 0.005833, 0.0237553, 0.0170575, 0.0203426, -0.0062436, 0.074035, -0.125907, 0.0674462, 0.00365445, 0.047298, -0.0919746, 0.0210013, -0.0197946, 0.00764963, 0.005833, 0.15783, 0.0118487, 0.0394636, 0.00812145, 0.0200251, 0.0165037, 0.0674462, 0.00365445, 0.0234677, 0.00130385, 0.0394636, 0.00812145, 0.0234677, 0.00130385, 0.0173916, -0.00226792, 0.047298, -0.0919746, 0.0173916, -0.00226792, 0.00764963, 0.005833, 0.0200251, 0.0165037, 0.0173916, -0.00226792, 0.00638824, -0.00381104, 0.0210013, -0.0197946, 0.0237553, 0.0170575, 0.0203426, -0.0062436, ],]
##############################################################################
clock_duration  =         345.232
tau =                     1.27669
total_steps =             32
time_step =               0.0398966
best_mc_result =          0.138814
evolved_target_dot_squared =  0.861186
best_evolved_state = [-0.020204, 0.00638019, -0.00497128, 0.00955467, 0.00699249, 0.00580011, 0.00140612, -0.0077126, -0.00618607, -0.00243351, 0.0497188, 0.024954, -0.00618607, -0.00243351, -0.00432852, 0.0656316, -0.0375782, 0.00783472, -0.00618607, -0.00243351, 0.00140612, -0.0077126, 0.00699249, 0.00580011, -0.00497128, 0.00955467, -0.0154031, 0.0113077, -0.431186, 0.145154, -0.0154031, 0.0113077, -0.00618607, -0.00243351, -0.0375782, 0.00783472, -0.00432852, 0.0656316, -0.0729099, 0.017332, 0.00699249, 0.00580011, 0.006772, 0.0147806, -0.00263822, 0.0115076, -0.0291043, 0.0496189, -0.114798, 0.0719682, -0.00263822, 0.0115076, 0.0497188, 0.024954, -0.00432852, 0.0656316, 0.0602157, 0.0496099, -0.00432852, 0.0656316, -0.020204, 0.00638019, -0.00497128, 0.00955467, -0.00263822, 0.0115076, -0.0154031, 0.0113077, -0.00618607, -0.00243351, -0.0154031, 0.0113077, -0.0291043, 0.0496189, -0.0154031, 0.0113077, -0.114798, 0.0719682, -0.431186, 0.145154, -0.00497128, 0.00955467, -0.00432852, 0.0656316, -0.0729099, 0.017332, -0.00432852, 0.0656316, -0.0375782, 0.00783472, -0.00497128, 0.00955467, -0.431186, 0.145154, -0.114798, 0.0719682, -0.431186, 0.145154, -0.0375782, 0.00783472, 0.00699249, 0.00580011, -0.0154031, 0.0113077, -0.00263822, 0.0115076, -0.00497128, 0.00955467, -0.00618607, -0.00243351, 0.00140612, -0.0077126, -0.00263822, 0.0115076, 0.006772, 0.0147806, 0.00699249, 0.00580011, -0.00263822, 0.0115076, -0.00497128, 0.00955467, -0.020204, 0.00638019, 0.0602157, 0.0496099, -0.00432852, 0.0656316, 0.0497188, 0.024954, -0.00618607, -0.00243351, -0.00263822, 0.0115076, -0.114798, 0.0719682, -0.0291043, 0.0496189, -0.0154031, 0.0113077, -0.00432852, 0.0656316, 0.006772, 0.0147806, -0.0291043, 0.0496189, 0.006772, 0.0147806, 0.00699249, 0.00580011, 0.0497188, 0.024954, 0.00699249, 0.00580011, -0.00263822, 0.0115076, -0.0154031, 0.0113077, 0.00699249, 0.00580011, 0.00140612, -0.0077126, -0.00618607, -0.00243351, -0.00497128, 0.00955467, -0.020204, 0.00638019, ]
distance =          0.220441
j_protocol =  [[0, 0, 0, 1, 1, 1, 1, 1, 1, 1, 0, 0, 0, 1, 0, 1, 1, 1, 0, 1, 1, 0, 1, 0, 1, 0, 0, 0, 0, 1, 1, 1, ],]
k_protocol =  [[1, 1, 1, 1, 1, 1, 1, 1, 1, 1, 1, 1, 1, 1, 1, 1, 1, 1, 1, 1, 1, 1, 1, 1, 1, 1, 1, 1, 1, 1, 1, 1, ],]
b_protocol =  [[1, 1, 1, 1, 1, 1, 1, 1, 1, 1, 1, 1, 1, 1, 1, 1, 1, 1, 1, 1, 1, 1, 1, 1, 1, 1, 1, 1, 1, 1, 1, 1, ],]
best_mc_result_fixed_tau =   [0.138814, ]
evolved_state_fixed_tau =   [[-0.020204, 0.00638019, -0.00497128, 0.00955467, 0.00699249, 0.00580011, 0.00140612, -0.0077126, -0.00618607, -0.00243351, 0.0497188, 0.024954, -0.00618607, -0.00243351, -0.00432852, 0.0656316, -0.0375782, 0.00783472, -0.00618607, -0.00243351, 0.00140612, -0.0077126, 0.00699249, 0.00580011, -0.00497128, 0.00955467, -0.0154031, 0.0113077, -0.431186, 0.145154, -0.0154031, 0.0113077, -0.00618607, -0.00243351, -0.0375782, 0.00783472, -0.00432852, 0.0656316, -0.0729099, 0.017332, 0.00699249, 0.00580011, 0.006772, 0.0147806, -0.00263822, 0.0115076, -0.0291043, 0.0496189, -0.114798, 0.0719682, -0.00263822, 0.0115076, 0.0497188, 0.024954, -0.00432852, 0.0656316, 0.0602157, 0.0496099, -0.00432852, 0.0656316, -0.020204, 0.00638019, -0.00497128, 0.00955467, -0.00263822, 0.0115076, -0.0154031, 0.0113077, -0.00618607, -0.00243351, -0.0154031, 0.0113077, -0.0291043, 0.0496189, -0.0154031, 0.0113077, -0.114798, 0.0719682, -0.431186, 0.145154, -0.00497128, 0.00955467, -0.00432852, 0.0656316, -0.0729099, 0.017332, -0.00432852, 0.0656316, -0.0375782, 0.00783472, -0.00497128, 0.00955467, -0.431186, 0.145154, -0.114798, 0.0719682, -0.431186, 0.145154, -0.0375782, 0.00783472, 0.00699249, 0.00580011, -0.0154031, 0.0113077, -0.00263822, 0.0115076, -0.00497128, 0.00955467, -0.00618607, -0.00243351, 0.00140612, -0.0077126, -0.00263822, 0.0115076, 0.006772, 0.0147806, 0.00699249, 0.00580011, -0.00263822, 0.0115076, -0.00497128, 0.00955467, -0.020204, 0.00638019, 0.0602157, 0.0496099, -0.00432852, 0.0656316, 0.0497188, 0.024954, -0.00618607, -0.00243351, -0.00263822, 0.0115076, -0.114798, 0.0719682, -0.0291043, 0.0496189, -0.0154031, 0.0113077, -0.00432852, 0.0656316, 0.006772, 0.0147806, -0.0291043, 0.0496189, 0.006772, 0.0147806, 0.00699249, 0.00580011, 0.0497188, 0.024954, 0.00699249, 0.00580011, -0.00263822, 0.0115076, -0.0154031, 0.0113077, 0.00699249, 0.00580011, 0.00140612, -0.0077126, -0.00618607, -0.00243351, -0.00497128, 0.00955467, -0.020204, 0.00638019, ],]
##############################################################################
clock_duration  =         4084.17
tau =                     1.46819
total_steps =             256
time_step =               0.00573514
best_mc_result =          0.0909904
evolved_target_dot_squared =  0.90901
best_evolved_state = [-0.012702, 0.011546, 0.00210059, -0.00959776, -0.0021082, -2.2746e-05, -0.0033763, -0.00761407, -0.0220437, -0.00425095, 0.000553613, 0.0555911, -0.0220437, -0.00425095, -0.0364298, 0.0148079, -0.00729956, -0.0274046, -0.0220437, -0.00425095, -0.0033763, -0.00761407, -0.0021082, -2.2746e-05, 0.00210059, -0.00959776, -0.00606394, -0.0111196, -0.259033, -0.391342, -0.00606394, -0.0111196, -0.0220437, -0.00425095, -0.00729956, -0.0274046, -0.0364298, 0.0148079, -0.0360279, -0.0178917, -0.0021082, -2.2746e-05, -0.00482832, 0.00516547, 0.000774804, 0.00519584, -0.0415511, 0.00134368, -0.0856929, -0.0867188, 0.000774804, 0.00519584, 0.000553613, 0.0555911, -0.0364298, 0.0148079, -0.0198366, 0.0795996, -0.0364298, 0.0148079, -0.012702, 0.011546, 0.00210059, -0.00959776, 0.000774804, 0.00519584, -0.00606394, -0.0111196, -0.0220437, -0.00425095, -0.00606394, -0.0111196, -0.0415511, 0.00134368, -0.00606394, -0.0111196, -0.0856929, -0.0867188, -0.259033, -0.391342, 0.00210059, -0.00959776, -0.0364298, 0.0148079, -0.0360279, -0.0178917, -0.0364298, 0.0148079, -0.00729956, -0.0274046, 0.00210059, -0.00959776, -0.259033, -0.391342, -0.0856929, -0.0867188, -0.259033, -0.391342, -0.00729956, -0.0274046, -0.0021082, -2.2746e-05, -0.00606394, -0.0111196, 0.000774804, 0.00519584, 0.00210059, -0.00959776, -0.0220437, -0.00425095, -0.0033763, -0.00761407, 0.000774804, 0.00519584, -0.00482832, 0.00516547, -0.0021082, -2.2746e-05, 0.000774804, 0.00519584, 0.00210059, -0.00959776, -0.012702, 0.011546, -0.0198366, 0.0795996, -0.0364298, 0.0148079, 0.000553613, 0.0555911, -0.0220437, -0.00425095, 0.000774804, 0.00519584, -0.0856929, -0.0867188, -0.0415511, 0.00134368, -0.00606394, -0.0111196, -0.0364298, 0.0148079, -0.00482832, 0.00516547, -0.0415511, 0.00134368, -0.00482832, 0.00516547, -0.0021082, -2.2746e-05, 0.000553613, 0.0555911, -0.0021082, -2.2746e-05, 0.000774804, 0.00519584, -0.00606394, -0.0111196, -0.0021082, -2.2746e-05, -0.0033763, -0.00761407, -0.0220437, -0.00425095, 0.00210059, -0.00959776, -0.012702, 0.011546, ]
distance =          0.144496
j_protocol =  [[0, 0, 0, 0, 0, 0, 0, 0, 0, 0, 0, 0, 0, 0, 0, 0, 1, 1, 1, 1, 1, 1, 1, 1, 1, 1, 1, 1, 1, 1, 1, 1, 1, 1, 1, 1, 1, 1, 1, 1, 1, 1, 1, 1, 1, 1, 1, 1, 1, 1, 1, 1, 1, 1, 1, 1, 1, 1, 1, 1, 1, 1, 1, 1, 0, 0, 0, 0, 0, 0, 0, 0, 0, 1, 1, 1, 1, 0, 0, 0, 0, 0, 0, 0, 0, 0, 0, 1, 1, 1, 1, 1, 0, 0, 1, 1, 1, 1, 1, 1, 1, 1, 0, 0, 0, 1, 0, 0, 1, 1, 1, 1, 0, 0, 1, 0, 0, 1, 0, 0, 0, 1, 1, 0, 1, 1, 1, 1, 1, 0, 0, 0, 1, 1, 0, 1, 1, 0, 1, 0, 1, 1, 1, 1, 0, 0, 0, 0, 0, 1, 1, 0, 0, 0, 1, 1, 1, 1, 1, 1, 0, 0, 1, 1, 0, 1, 1, 1, 0, 0, 0, 1, 1, 1, 1, 1, 0, 1, 1, 0, 1, 1, 1, 0, 0, 0, 0, 0, 1, 1, 1, 1, 0, 0, 1, 1, 0, 1, 0, 0, 1, 0, 0, 0, 1, 0, 0, 0, 0, 0, 0, 0, 0, 1, 0, 0, 0, 0, 0, 0, 0, 0, 0, 1, 0, 0, 0, 0, 0, 0, 0, 0, 0, 0, 0, 1, 1, 1, 0, 1, 1, 1, 1, 1, 1, 1, 1, 1, 1, 1, 1, 1, 1, 1, 1, 1, ],]
k_protocol =  [[1, 1, 1, 1, 1, 1, 1, 1, 1, 1, 1, 1, 1, 1, 1, 1, 1, 1, 1, 1, 1, 1, 1, 1, 1, 1, 1, 1, 1, 1, 1, 1, 1, 1, 1, 1, 1, 1, 1, 1, 1, 1, 1, 1, 1, 1, 1, 1, 1, 1, 1, 1, 1, 1, 1, 1, 1, 1, 1, 1, 1, 1, 1, 1, 1, 1, 1, 1, 1, 1, 1, 1, 1, 1, 1, 1, 1, 1, 1, 1, 1, 1, 1, 1, 1, 1, 1, 1, 1, 1, 1, 1, 1, 1, 1, 1, 1, 1, 1, 1, 1, 1, 1, 1, 1, 1, 1, 1, 1, 1, 1, 1, 1, 1, 1, 1, 1, 1, 1, 1, 1, 1, 1, 1, 1, 1, 1, 1, 1, 1, 1, 1, 1, 1, 1, 1, 1, 1, 1, 1, 1, 1, 1, 1, 1, 1, 1, 1, 1, 1, 1, 1, 1, 1, 1, 1, 1, 1, 1, 1, 1, 1, 1, 1, 1, 1, 1, 1, 1, 1, 1, 1, 1, 1, 1, 1, 1, 1, 1, 1, 1, 1, 1, 1, 1, 1, 1, 1, 1, 1, 1, 1, 1, 1, 1, 1, 1, 1, 1, 1, 1, 1, 1, 1, 1, 1, 1, 1, 1, 1, 1, 1, 1, 1, 1, 1, 1, 1, 1, 1, 1, 1, 1, 1, 1, 1, 1, 1, 1, 1, 1, 1, 1, 1, 1, 1, 1, 1, 1, 1, 1, 1, 1, 1, 1, 1, 1, 1, 1, 1, 1, 1, 1, 1, 1, 0, ],]
b_protocol =  [[1, 1, 1, 1, 1, 1, 1, 1, 1, 1, 1, 1, 1, 1, 1, 1, 1, 1, 1, 1, 1, 1, 1, 1, 1, 1, 1, 1, 1, 1, 1, 1, 1, 1, 1, 1, 1, 1, 1, 1, 1, 1, 1, 1, 1, 1, 1, 1, 1, 1, 1, 1, 1, 1, 1, 1, 1, 1, 1, 1, 1, 1, 1, 1, 1, 1, 1, 1, 1, 1, 1, 1, 1, 1, 1, 1, 1, 1, 1, 1, 1, 1, 1, 1, 1, 1, 1, 1, 1, 1, 1, 1, 1, 1, 1, 1, 1, 1, 1, 1, 1, 1, 1, 1, 1, 1, 1, 1, 1, 1, 1, 1, 1, 1, 1, 1, 1, 1, 1, 1, 1, 1, 1, 1, 1, 1, 1, 1, 1, 1, 1, 1, 1, 1, 1, 1, 1, 1, 1, 1, 1, 1, 1, 1, 1, 1, 1, 1, 1, 1, 1, 1, 1, 1, 1, 1, 1, 1, 1, 1, 1, 1, 1, 1, 1, 1, 1, 1, 1, 1, 1, 1, 1, 1, 1, 1, 1, 1, 1, 1, 1, 1, 1, 1, 1, 1, 1, 1, 1, 1, 1, 1, 1, 1, 1, 1, 1, 1, 1, 1, 1, 1, 1, 1, 1, 1, 1, 1, 1, 1, 1, 1, 1, 1, 1, 1, 1, 1, 1, 1, 1, 1, 1, 1, 1, 1, 1, 1, 1, 1, 1, 1, 1, 1, 1, 1, 1, 1, 1, 1, 1, 1, 1, 1, 1, 1, 1, 1, 1, 1, 1, 1, 1, 1, 1, 1, ],]
best_mc_result_fixed_tau =   [0.0909904, ]
evolved_state_fixed_tau =   [[-0.012702, 0.011546, 0.00210059, -0.00959776, -0.0021082, -2.2746e-05, -0.0033763, -0.00761407, -0.0220437, -0.00425095, 0.000553613, 0.0555911, -0.0220437, -0.00425095, -0.0364298, 0.0148079, -0.00729956, -0.0274046, -0.0220437, -0.00425095, -0.0033763, -0.00761407, -0.0021082, -2.2746e-05, 0.00210059, -0.00959776, -0.00606394, -0.0111196, -0.259033, -0.391342, -0.00606394, -0.0111196, -0.0220437, -0.00425095, -0.00729956, -0.0274046, -0.0364298, 0.0148079, -0.0360279, -0.0178917, -0.0021082, -2.2746e-05, -0.00482832, 0.00516547, 0.000774804, 0.00519584, -0.0415511, 0.00134368, -0.0856929, -0.0867188, 0.000774804, 0.00519584, 0.000553613, 0.0555911, -0.0364298, 0.0148079, -0.0198366, 0.0795996, -0.0364298, 0.0148079, -0.012702, 0.011546, 0.00210059, -0.00959776, 0.000774804, 0.00519584, -0.00606394, -0.0111196, -0.0220437, -0.00425095, -0.00606394, -0.0111196, -0.0415511, 0.00134368, -0.00606394, -0.0111196, -0.0856929, -0.0867188, -0.259033, -0.391342, 0.00210059, -0.00959776, -0.0364298, 0.0148079, -0.0360279, -0.0178917, -0.0364298, 0.0148079, -0.00729956, -0.0274046, 0.00210059, -0.00959776, -0.259033, -0.391342, -0.0856929, -0.0867188, -0.259033, -0.391342, -0.00729956, -0.0274046, -0.0021082, -2.2746e-05, -0.00606394, -0.0111196, 0.000774804, 0.00519584, 0.00210059, -0.00959776, -0.0220437, -0.00425095, -0.0033763, -0.00761407, 0.000774804, 0.00519584, -0.00482832, 0.00516547, -0.0021082, -2.2746e-05, 0.000774804, 0.00519584, 0.00210059, -0.00959776, -0.012702, 0.011546, -0.0198366, 0.0795996, -0.0364298, 0.0148079, 0.000553613, 0.0555911, -0.0220437, -0.00425095, 0.000774804, 0.00519584, -0.0856929, -0.0867188, -0.0415511, 0.00134368, -0.00606394, -0.0111196, -0.0364298, 0.0148079, -0.00482832, 0.00516547, -0.0415511, 0.00134368, -0.00482832, 0.00516547, -0.0021082, -2.2746e-05, 0.000553613, 0.0555911, -0.0021082, -2.2746e-05, 0.000774804, 0.00519584, -0.00606394, -0.0111196, -0.0021082, -2.2746e-05, -0.0033763, -0.00761407, -0.0220437, -0.00425095, 0.00210059, -0.00959776, -0.012702, 0.011546, ],]
##############################################################################
clock_duration  =         7799.07
tau =                     1.5416
total_steps =             256
time_step =               0.00602189
best_mc_result =          0.0786592
evolved_target_dot_squared =  0.921341
best_evolved_state = [-0.00442683, 0.00819601, 0.00944207, -0.00997584, -0.0015316, -0.00350967, -0.00321446, -0.0062674, -0.0201317, -0.00856753, -0.0236937, 0.0478418, -0.0201317, -0.00856753, -0.0298471, -0.000743473, 0.00868412, -0.0264005, -0.0201317, -0.00856753, -0.00321446, -0.0062674, -0.0015316, -0.00350967, 0.00944207, -0.00997584, 0.0021082, -0.0123024, -0.00637176, -0.472813, 0.0021082, -0.0123024, -0.0201317, -0.00856753, 0.00868412, -0.0264005, -0.0298471, -0.000743473, -0.0207783, -0.016649, -0.0015316, -0.00350967, -0.00446773, 0.00179558, 0.00262353, 0.00357679, -0.0324201, -0.0116718, -0.0256537, -0.117008, 0.00262353, 0.00357679, -0.0236937, 0.0478418, -0.0298471, -0.000743473, -0.0539672, 0.0596744, -0.0298471, -0.000743473, -0.00442683, 0.00819601, 0.00944207, -0.00997584, 0.00262353, 0.00357679, 0.0021082, -0.0123024, -0.0201317, -0.00856753, 0.0021082, -0.0123024, -0.0324201, -0.0116718, 0.0021082, -0.0123024, -0.0256537, -0.117008, -0.00637176, -0.472813, 0.00944207, -0.00997584, -0.0298471, -0.000743473, -0.0207783, -0.016649, -0.0298471, -0.000743473, 0.00868412, -0.0264005, 0.00944207, -0.00997584, -0.00637176, -0.472813, -0.0256537, -0.117008, -0.00637176, -0.472813, 0.00868412, -0.0264005, -0.0015316, -0.00350967, 0.0021082, -0.0123024, 0.00262353, 0.00357679, 0.00944207, -0.00997584, -0.0201317, -0.00856753, -0.00321446, -0.0062674, 0.00262353, 0.00357679, -0.00446773, 0.00179558, -0.0015316, -0.00350967, 0.00262353, 0.00357679, 0.00944207, -0.00997584, -0.00442683, 0.00819601, -0.0539672, 0.0596744, -0.0298471, -0.000743473, -0.0236937, 0.0478418, -0.0201317, -0.00856753, 0.00262353, 0.00357679, -0.0256537, -0.117008, -0.0324201, -0.0116718, 0.0021082, -0.0123024, -0.0298471, -0.000743473, -0.00446773, 0.00179558, -0.0324201, -0.0116718, -0.00446773, 0.00179558, -0.0015316, -0.00350967, -0.0236937, 0.0478418, -0.0015316, -0.00350967, 0.00262353, 0.00357679, 0.0021082, -0.0123024, -0.0015316, -0.00350967, -0.00321446, -0.0062674, -0.0201317, -0.00856753, 0.00944207, -0.00997584, -0.00442683, 0.00819601, ]
distance =          0.124914
j_protocol =  [[0, 0, 0, 0, 0, 0, 0, 0, 0, 0, 0, 0, 0, 0, 1, 1, 1, 1, 1, 1, 1, 1, 1, 1, 1, 1, 1, 1, 1, 1, 1, 1, 1, 1, 1, 1, 1, 1, 1, 1, 1, 1, 1, 1, 1, 1, 1, 1, 1, 1, 1, 1, 1, 1, 1, 1, 1, 1, 1, 0, 0, 1, 1, 0, 0, 0, 0, 0, 0, 0, 0, 0, 1, 0, 0, 0, 1, 1, 1, 0, 0, 1, 1, 1, 1, 1, 1, 1, 0, 1, 0, 0, 0, 1, 1, 1, 0, 1, 1, 0, 0, 1, 0, 1, 1, 1, 1, 1, 1, 0, 0, 0, 1, 1, 0, 1, 1, 0, 0, 1, 1, 0, 0, 0, 1, 1, 0, 1, 1, 0, 0, 0, 0, 0, 1, 0, 1, 1, 1, 1, 1, 1, 0, 0, 0, 1, 0, 0, 0, 1, 0, 1, 1, 1, 0, 0, 1, 1, 1, 0, 0, 0, 0, 1, 0, 1, 1, 1, 1, 1, 1, 1, 1, 1, 0, 0, 0, 0, 1, 1, 1, 1, 1, 0, 0, 0, 1, 1, 0, 1, 0, 1, 1, 1, 1, 1, 0, 0, 0, 0, 0, 0, 0, 0, 1, 1, 0, 0, 0, 0, 0, 0, 0, 0, 0, 1, 1, 0, 0, 0, 0, 0, 0, 0, 0, 0, 0, 0, 1, 0, 0, 1, 0, 0, 0, 0, 1, 0, 0, 1, 0, 1, 1, 1, 1, 1, 1, 1, 1, 1, 1, 1, 1, 1, 1, 1, ],]
k_protocol =  [[1, 1, 1, 1, 1, 1, 1, 1, 1, 1, 1, 1, 1, 1, 1, 1, 1, 1, 1, 1, 1, 1, 1, 1, 1, 1, 1, 1, 1, 1, 1, 1, 1, 1, 1, 1, 1, 1, 1, 1, 1, 1, 1, 1, 1, 1, 1, 1, 1, 1, 1, 1, 1, 1, 1, 1, 1, 1, 1, 1, 1, 1, 1, 1, 1, 1, 1, 1, 1, 1, 1, 1, 1, 1, 1, 1, 1, 1, 1, 1, 1, 1, 1, 1, 1, 1, 1, 1, 1, 1, 1, 1, 1, 1, 1, 1, 1, 1, 1, 1, 1, 1, 1, 1, 1, 1, 1, 1, 1, 1, 1, 1, 1, 1, 1, 1, 1, 1, 1, 1, 1, 1, 1, 1, 1, 1, 1, 1, 1, 1, 1, 1, 1, 1, 1, 1, 1, 1, 1, 1, 1, 1, 1, 1, 1, 1, 1, 1, 1, 1, 1, 1, 1, 1, 1, 1, 1, 1, 1, 1, 1, 1, 1, 1, 1, 1, 1, 1, 1, 1, 1, 1, 1, 1, 1, 1, 1, 1, 1, 1, 1, 1, 1, 1, 1, 1, 1, 1, 1, 1, 1, 1, 1, 1, 1, 1, 1, 1, 1, 1, 1, 1, 1, 1, 1, 1, 1, 1, 1, 1, 1, 1, 1, 1, 1, 1, 1, 1, 1, 1, 1, 1, 1, 1, 1, 1, 1, 1, 1, 1, 1, 1, 1, 1, 1, 1, 1, 1, 1, 1, 1, 1, 1, 1, 1, 1, 1, 1, 1, 1, 1, 1, 1, 1, 1, 1, ],]
b_protocol =  [[1, 1, 1, 1, 1, 1, 1, 1, 1, 1, 1, 1, 1, 1, 1, 1, 1, 1, 1, 1, 1, 1, 1, 1, 1, 1, 1, 1, 1, 1, 1, 1, 1, 1, 1, 1, 1, 1, 1, 1, 1, 1, 1, 1, 1, 1, 1, 1, 1, 1, 1, 1, 1, 1, 1, 1, 1, 1, 1, 1, 1, 1, 1, 1, 1, 1, 1, 1, 1, 1, 1, 1, 1, 1, 1, 1, 1, 1, 1, 1, 1, 1, 1, 1, 1, 1, 1, 1, 1, 1, 1, 1, 1, 1, 1, 1, 1, 1, 1, 1, 1, 1, 1, 1, 1, 1, 1, 1, 1, 1, 1, 1, 1, 1, 1, 1, 1, 1, 1, 1, 1, 1, 1, 1, 1, 1, 1, 1, 1, 1, 1, 1, 1, 1, 1, 1, 1, 1, 1, 1, 1, 1, 1, 1, 1, 1, 1, 1, 1, 1, 1, 1, 1, 1, 1, 1, 1, 1, 1, 1, 1, 1, 1, 1, 1, 1, 1, 1, 1, 1, 1, 1, 1, 1, 1, 1, 1, 1, 1, 1, 1, 1, 1, 1, 1, 1, 1, 1, 1, 1, 1, 1, 1, 1, 1, 1, 1, 1, 1, 1, 1, 1, 1, 1, 1, 1, 1, 1, 1, 1, 1, 1, 1, 1, 1, 1, 1, 1, 1, 1, 1, 1, 1, 1, 1, 1, 1, 1, 1, 1, 1, 1, 1, 1, 1, 1, 1, 1, 1, 1, 1, 1, 1, 1, 1, 1, 1, 1, 1, 1, 1, 1, 1, 1, 1, 1, ],]
best_mc_result_fixed_tau =   [0.0786592, ]
evolved_state_fixed_tau =   [[-0.00442683, 0.00819601, 0.00944207, -0.00997584, -0.0015316, -0.00350967, -0.00321446, -0.0062674, -0.0201317, -0.00856753, -0.0236937, 0.0478418, -0.0201317, -0.00856753, -0.0298471, -0.000743473, 0.00868412, -0.0264005, -0.0201317, -0.00856753, -0.00321446, -0.0062674, -0.0015316, -0.00350967, 0.00944207, -0.00997584, 0.0021082, -0.0123024, -0.00637176, -0.472813, 0.0021082, -0.0123024, -0.0201317, -0.00856753, 0.00868412, -0.0264005, -0.0298471, -0.000743473, -0.0207783, -0.016649, -0.0015316, -0.00350967, -0.00446773, 0.00179558, 0.00262353, 0.00357679, -0.0324201, -0.0116718, -0.0256537, -0.117008, 0.00262353, 0.00357679, -0.0236937, 0.0478418, -0.0298471, -0.000743473, -0.0539672, 0.0596744, -0.0298471, -0.000743473, -0.00442683, 0.00819601, 0.00944207, -0.00997584, 0.00262353, 0.00357679, 0.0021082, -0.0123024, -0.0201317, -0.00856753, 0.0021082, -0.0123024, -0.0324201, -0.0116718, 0.0021082, -0.0123024, -0.0256537, -0.117008, -0.00637176, -0.472813, 0.00944207, -0.00997584, -0.0298471, -0.000743473, -0.0207783, -0.016649, -0.0298471, -0.000743473, 0.00868412, -0.0264005, 0.00944207, -0.00997584, -0.00637176, -0.472813, -0.0256537, -0.117008, -0.00637176, -0.472813, 0.00868412, -0.0264005, -0.0015316, -0.00350967, 0.0021082, -0.0123024, 0.00262353, 0.00357679, 0.00944207, -0.00997584, -0.0201317, -0.00856753, -0.00321446, -0.0062674, 0.00262353, 0.00357679, -0.00446773, 0.00179558, -0.0015316, -0.00350967, 0.00262353, 0.00357679, 0.00944207, -0.00997584, -0.00442683, 0.00819601, -0.0539672, 0.0596744, -0.0298471, -0.000743473, -0.0236937, 0.0478418, -0.0201317, -0.00856753, 0.00262353, 0.00357679, -0.0256537, -0.117008, -0.0324201, -0.0116718, 0.0021082, -0.0123024, -0.0298471, -0.000743473, -0.00446773, 0.00179558, -0.0324201, -0.0116718, -0.00446773, 0.00179558, -0.0015316, -0.00350967, -0.0236937, 0.0478418, -0.0015316, -0.00350967, 0.00262353, 0.00357679, 0.0021082, -0.0123024, -0.0015316, -0.00350967, -0.00321446, -0.0062674, -0.0201317, -0.00856753, 0.00944207, -0.00997584, -0.00442683, 0.00819601, ],]
##############################################################################
clock_duration  =         11486
tau =                     1.61868
total_steps =             256
time_step =               0.00632299
best_mc_result =          0.0676877
evolved_target_dot_squared =  0.932312
best_evolved_state = [0.00353763, 0.0024715, 0.0140977, -0.00527083, 8.09111e-05, -0.00634701, -0.0024479, -0.00370064, -0.0150352, -0.0114912, -0.0410363, 0.032018, -0.0150352, -0.0114912, -0.0182094, -0.0106278, 0.0190447, -0.0162802, -0.0150352, -0.0114912, -0.0024479, -0.00370064, 8.09111e-05, -0.00634701, 0.0140977, -0.00527083, 0.00789305, -0.00839337, 0.246932, -0.407126, 0.00789305, -0.00839337, -0.0150352, -0.0114912, 0.0190447, -0.0162802, -0.0182094, -0.0106278, -0.00973673, -0.00740541, 8.09111e-05, -0.00634701, -0.00325857, -0.000506557, 0.00438644, 0.00278106, -0.0195524, -0.0185989, 0.0390685, -0.108827, 0.00438644, 0.00278106, -0.0410363, 0.032018, -0.0182094, -0.0106278, -0.075121, 0.0294732, -0.0182094, -0.0106278, 0.00353763, 0.0024715, 0.0140977, -0.00527083, 0.00438644, 0.00278106, 0.00789305, -0.00839337, -0.0150352, -0.0114912, 0.00789305, -0.00839337, -0.0195524, -0.0185989, 0.00789305, -0.00839337, 0.0390685, -0.108827, 0.246932, -0.407126, 0.0140977, -0.00527083, -0.0182094, -0.0106278, -0.00973673, -0.00740541, -0.0182094, -0.0106278, 0.0190447, -0.0162802, 0.0140977, -0.00527083, 0.246932, -0.407126, 0.0390685, -0.108827, 0.246932, -0.407126, 0.0190447, -0.0162802, 8.09111e-05, -0.00634701, 0.00789305, -0.00839337, 0.00438644, 0.00278106, 0.0140977, -0.00527083, -0.0150352, -0.0114912, -0.0024479, -0.00370064, 0.00438644, 0.00278106, -0.00325857, -0.000506557, 8.09111e-05, -0.00634701, 0.00438644, 0.00278106, 0.0140977, -0.00527083, 0.00353763, 0.0024715, -0.075121, 0.0294732, -0.0182094, -0.0106278, -0.0410363, 0.032018, -0.0150352, -0.0114912, 0.00438644, 0.00278106, 0.0390685, -0.108827, -0.0195524, -0.0185989, 0.00789305, -0.00839337, -0.0182094, -0.0106278, -0.00325857, -0.000506557, -0.0195524, -0.0185989, -0.00325857, -0.000506557, 8.09111e-05, -0.00634701, -0.0410363, 0.032018, 8.09111e-05, -0.00634701, 0.00438644, 0.00278106, 0.00789305, -0.00839337, 8.09111e-05, -0.00634701, -0.0024479, -0.00370064, -0.0150352, -0.0114912, 0.0140977, -0.00527083, 0.00353763, 0.0024715, ]
distance =          0.107491
j_protocol =  [[0, 0, 0, 0, 0, 0, 0, 0, 0, 0, 0, 0, 1, 1, 1, 1, 1, 1, 1, 1, 1, 1, 1, 1, 1, 1, 1, 1, 1, 1, 1, 1, 1, 1, 1, 1, 1, 1, 1, 1, 1, 1, 1, 1, 1, 1, 1, 1, 1, 1, 1, 1, 1, 1, 1, 1, 1, 0, 1, 0, 0, 0, 0, 0, 0, 0, 0, 0, 0, 0, 1, 1, 0, 1, 1, 0, 0, 0, 0, 1, 1, 1, 1, 1, 1, 1, 1, 1, 1, 0, 1, 1, 1, 0, 0, 1, 1, 1, 0, 0, 0, 1, 1, 1, 1, 1, 1, 1, 0, 0, 1, 0, 0, 0, 1, 1, 0, 1, 1, 0, 0, 0, 0, 1, 0, 1, 1, 1, 0, 1, 0, 0, 1, 1, 0, 0, 1, 1, 0, 0, 0, 0, 1, 0, 0, 1, 1, 1, 0, 0, 1, 0, 0, 0, 0, 1, 1, 1, 1, 1, 0, 0, 0, 1, 1, 1, 1, 0, 0, 1, 0, 1, 1, 0, 1, 1, 1, 1, 1, 1, 0, 0, 0, 0, 1, 1, 1, 1, 1, 1, 1, 0, 0, 0, 1, 0, 0, 1, 0, 0, 0, 1, 1, 0, 0, 0, 1, 1, 0, 0, 0, 1, 0, 0, 0, 0, 0, 0, 0, 0, 0, 1, 0, 0, 0, 0, 0, 0, 0, 0, 0, 0, 0, 1, 0, 0, 0, 0, 0, 0, 1, 1, 1, 1, 1, 1, 1, 1, 1, 1, 1, 1, 1, 1, 1, 1, ],]
k_protocol =  [[1, 1, 1, 1, 1, 1, 1, 1, 1, 1, 1, 1, 1, 1, 1, 1, 1, 1, 1, 1, 1, 1, 1, 1, 1, 1, 1, 1, 1, 1, 1, 1, 1, 1, 1, 1, 1, 1, 1, 1, 1, 1, 1, 1, 1, 1, 1, 1, 1, 1, 1, 1, 1, 1, 1, 1, 1, 1, 1, 1, 1, 1, 1, 1, 1, 1, 1, 1, 1, 1, 1, 1, 1, 1, 1, 1, 1, 1, 1, 1, 1, 1, 1, 1, 1, 1, 1, 1, 1, 1, 1, 1, 1, 1, 1, 1, 1, 1, 1, 1, 1, 1, 1, 1, 1, 1, 1, 1, 1, 1, 1, 1, 1, 1, 1, 1, 1, 1, 1, 1, 1, 1, 1, 1, 1, 1, 1, 1, 1, 1, 1, 1, 1, 1, 1, 1, 1, 1, 1, 1, 1, 1, 1, 1, 1, 1, 1, 1, 1, 1, 1, 1, 1, 1, 1, 1, 1, 1, 1, 1, 1, 1, 1, 1, 1, 1, 1, 1, 1, 1, 1, 1, 1, 1, 1, 1, 1, 1, 1, 1, 1, 1, 1, 1, 1, 1, 1, 1, 1, 1, 1, 1, 1, 1, 1, 1, 1, 1, 1, 1, 1, 1, 1, 1, 1, 1, 1, 1, 1, 1, 1, 1, 1, 1, 1, 1, 1, 1, 1, 1, 1, 1, 1, 1, 1, 1, 1, 1, 1, 1, 1, 1, 1, 1, 1, 1, 1, 1, 1, 1, 1, 1, 1, 1, 1, 1, 1, 1, 1, 1, 1, 1, 1, 1, 1, 1, ],]
b_protocol =  [[1, 1, 1, 1, 1, 1, 1, 1, 1, 1, 1, 1, 1, 1, 1, 1, 1, 1, 1, 1, 1, 1, 1, 1, 1, 1, 1, 1, 1, 1, 1, 1, 1, 1, 1, 1, 1, 1, 1, 1, 1, 1, 1, 1, 1, 1, 1, 1, 1, 1, 1, 1, 1, 1, 1, 1, 1, 1, 1, 1, 1, 1, 1, 1, 1, 1, 1, 1, 1, 1, 1, 1, 1, 1, 1, 1, 1, 1, 1, 1, 1, 1, 1, 1, 1, 1, 1, 1, 1, 1, 1, 1, 1, 1, 1, 1, 1, 1, 1, 1, 1, 1, 1, 1, 1, 1, 1, 1, 1, 1, 1, 1, 1, 1, 1, 1, 1, 1, 1, 1, 1, 1, 1, 1, 1, 1, 1, 1, 1, 1, 1, 1, 1, 1, 1, 1, 1, 1, 1, 1, 1, 1, 1, 1, 1, 1, 1, 1, 1, 1, 1, 1, 1, 1, 1, 1, 1, 1, 1, 1, 1, 1, 1, 1, 1, 1, 1, 1, 1, 1, 1, 1, 1, 1, 1, 1, 1, 1, 1, 1, 1, 1, 1, 1, 1, 1, 1, 1, 1, 1, 1, 1, 1, 1, 1, 1, 1, 1, 1, 1, 1, 1, 1, 1, 1, 1, 1, 1, 1, 1, 1, 1, 1, 1, 1, 1, 1, 1, 1, 1, 1, 1, 1, 1, 1, 1, 1, 1, 1, 1, 1, 1, 1, 1, 1, 1, 1, 1, 1, 1, 1, 1, 1, 1, 1, 1, 1, 1, 1, 1, 1, 1, 1, 1, 1, 1, ],]
best_mc_result_fixed_tau =   [0.0676877, ]
evolved_state_fixed_tau =   [[0.00353763, 0.0024715, 0.0140977, -0.00527083, 8.09111e-05, -0.00634701, -0.0024479, -0.00370064, -0.0150352, -0.0114912, -0.0410363, 0.032018, -0.0150352, -0.0114912, -0.0182094, -0.0106278, 0.0190447, -0.0162802, -0.0150352, -0.0114912, -0.0024479, -0.00370064, 8.09111e-05, -0.00634701, 0.0140977, -0.00527083, 0.00789305, -0.00839337, 0.246932, -0.407126, 0.00789305, -0.00839337, -0.0150352, -0.0114912, 0.0190447, -0.0162802, -0.0182094, -0.0106278, -0.00973673, -0.00740541, 8.09111e-05, -0.00634701, -0.00325857, -0.000506557, 0.00438644, 0.00278106, -0.0195524, -0.0185989, 0.0390685, -0.108827, 0.00438644, 0.00278106, -0.0410363, 0.032018, -0.0182094, -0.0106278, -0.075121, 0.0294732, -0.0182094, -0.0106278, 0.00353763, 0.0024715, 0.0140977, -0.00527083, 0.00438644, 0.00278106, 0.00789305, -0.00839337, -0.0150352, -0.0114912, 0.00789305, -0.00839337, -0.0195524, -0.0185989, 0.00789305, -0.00839337, 0.0390685, -0.108827, 0.246932, -0.407126, 0.0140977, -0.00527083, -0.0182094, -0.0106278, -0.00973673, -0.00740541, -0.0182094, -0.0106278, 0.0190447, -0.0162802, 0.0140977, -0.00527083, 0.246932, -0.407126, 0.0390685, -0.108827, 0.246932, -0.407126, 0.0190447, -0.0162802, 8.09111e-05, -0.00634701, 0.00789305, -0.00839337, 0.00438644, 0.00278106, 0.0140977, -0.00527083, -0.0150352, -0.0114912, -0.0024479, -0.00370064, 0.00438644, 0.00278106, -0.00325857, -0.000506557, 8.09111e-05, -0.00634701, 0.00438644, 0.00278106, 0.0140977, -0.00527083, 0.00353763, 0.0024715, -0.075121, 0.0294732, -0.0182094, -0.0106278, -0.0410363, 0.032018, -0.0150352, -0.0114912, 0.00438644, 0.00278106, 0.0390685, -0.108827, -0.0195524, -0.0185989, 0.00789305, -0.00839337, -0.0182094, -0.0106278, -0.00325857, -0.000506557, -0.0195524, -0.0185989, -0.00325857, -0.000506557, 8.09111e-05, -0.00634701, -0.0410363, 0.032018, 8.09111e-05, -0.00634701, 0.00438644, 0.00278106, 0.00789305, -0.00839337, 8.09111e-05, -0.00634701, -0.0024479, -0.00370064, -0.0150352, -0.0114912, 0.0140977, -0.00527083, 0.00353763, 0.0024715, ],]
##############################################################################
clock_duration  =         15215.8
tau =                     1.69962
total_steps =             256
time_step =               0.00663914
best_mc_result =          0.0582919
evolved_target_dot_squared =  0.941708
best_evolved_state = [0.0105754, -0.00238166, 0.0140904, 0.00114285, 0.00223849, -0.00739561, -0.00253168, -0.000513894, -0.00900744, -0.0104635, -0.0508889, 0.0152283, -0.00900744, -0.0104635, -0.00987772, -0.0103881, 0.0188796, -0.00398834, -0.00900744, -0.0104635, -0.00253168, -0.000513894, 0.00223849, -0.00739561, 0.0140904, 0.00114285, 0.00852464, -0.00244183, 0.408156, -0.251671, 0.00852464, -0.00244183, -0.00900744, -0.0104635, 0.0188796, -0.00398834, -0.00987772, -0.0103881, -0.00933579, 0.00398672, 0.00223849, -0.00739561, -0.00183028, -0.000895321, 0.00562697, 0.00269446, -0.0112674, -0.0173975, 0.0758006, -0.0736172, 0.00562697, 0.00269446, -0.0508889, 0.0152283, -0.00987772, -0.0103881, -0.0843174, 0.00135691, -0.00987772, -0.0103881, 0.0105754, -0.00238166, 0.0140904, 0.00114285, 0.00562697, 0.00269446, 0.00852464, -0.00244183, -0.00900744, -0.0104635, 0.00852464, -0.00244183, -0.0112674, -0.0173975, 0.00852464, -0.00244183, 0.0758006, -0.0736172, 0.408156, -0.251671, 0.0140904, 0.00114285, -0.00987772, -0.0103881, -0.00933579, 0.00398672, -0.00987772, -0.0103881, 0.0188796, -0.00398834, 0.0140904, 0.00114285, 0.408156, -0.251671, 0.0758006, -0.0736172, 0.408156, -0.251671, 0.0188796, -0.00398834, 0.00223849, -0.00739561, 0.00852464, -0.00244183, 0.00562697, 0.00269446, 0.0140904, 0.00114285, -0.00900744, -0.0104635, -0.00253168, -0.000513894, 0.00562697, 0.00269446, -0.00183028, -0.000895321, 0.00223849, -0.00739561, 0.00562697, 0.00269446, 0.0140904, 0.00114285, 0.0105754, -0.00238166, -0.0843174, 0.00135691, -0.00987772, -0.0103881, -0.0508889, 0.0152283, -0.00900744, -0.0104635, 0.00562697, 0.00269446, 0.0758006, -0.0736172, -0.0112674, -0.0173975, 0.00852464, -0.00244183, -0.00987772, -0.0103881, -0.00183028, -0.000895321, -0.0112674, -0.0173975, -0.00183028, -0.000895321, 0.00223849, -0.00739561, -0.0508889, 0.0152283, 0.00223849, -0.00739561, 0.00562697, 0.00269446, 0.00852464, -0.00244183, 0.00223849, -0.00739561, -0.00253168, -0.000513894, -0.00900744, -0.0104635, 0.0140904, 0.00114285, 0.0105754, -0.00238166, ]
distance =          0.0925697
j_protocol =  [[0, 0, 0, 0, 0, 0, 0, 0, 0, 0, 0, 1, 1, 1, 1, 1, 1, 1, 1, 1, 1, 1, 1, 1, 1, 1, 1, 1, 1, 1, 1, 1, 1, 1, 1, 1, 1, 1, 1, 1, 1, 1, 1, 1, 1, 1, 1, 1, 1, 1, 1, 1, 1, 1, 1, 1, 1, 0, 0, 0, 0, 0, 0, 0, 0, 0, 0, 0, 0, 1, 0, 0, 0, 0, 0, 1, 1, 1, 1, 1, 0, 1, 1, 1, 1, 1, 1, 1, 1, 1, 1, 0, 1, 1, 1, 0, 1, 1, 1, 0, 0, 0, 1, 1, 1, 1, 1, 0, 0, 1, 0, 0, 1, 0, 0, 1, 0, 0, 1, 1, 0, 1, 0, 1, 1, 0, 1, 1, 0, 0, 0, 0, 0, 1, 0, 1, 0, 0, 1, 0, 1, 0, 1, 0, 1, 1, 0, 0, 0, 0, 0, 1, 1, 1, 1, 1, 1, 0, 0, 0, 0, 1, 0, 1, 0, 0, 0, 1, 1, 1, 0, 1, 1, 0, 1, 0, 0, 0, 1, 1, 1, 0, 1, 1, 1, 1, 1, 1, 0, 1, 0, 1, 0, 1, 1, 1, 0, 1, 0, 0, 0, 1, 0, 0, 0, 0, 1, 1, 0, 1, 0, 0, 0, 0, 0, 0, 0, 0, 0, 0, 0, 0, 0, 0, 0, 0, 0, 0, 0, 0, 1, 0, 0, 0, 0, 0, 0, 0, 0, 0, 1, 0, 1, 1, 1, 1, 1, 1, 1, 1, 1, 1, 1, 1, 1, 1, ],]
k_protocol =  [[1, 1, 1, 1, 1, 1, 1, 1, 1, 1, 1, 1, 1, 1, 1, 1, 1, 1, 1, 1, 1, 1, 1, 1, 1, 1, 1, 1, 1, 1, 1, 1, 1, 1, 1, 1, 1, 1, 1, 1, 1, 1, 1, 1, 1, 1, 1, 1, 1, 1, 1, 1, 1, 1, 1, 1, 1, 1, 1, 1, 1, 1, 1, 1, 1, 1, 1, 1, 1, 1, 1, 1, 1, 1, 1, 1, 1, 1, 1, 1, 1, 1, 1, 1, 1, 1, 1, 1, 1, 1, 1, 1, 1, 1, 1, 1, 1, 1, 1, 1, 1, 1, 1, 1, 1, 1, 1, 1, 1, 1, 1, 1, 1, 1, 1, 1, 1, 1, 1, 1, 1, 1, 1, 1, 1, 1, 1, 1, 1, 1, 1, 1, 1, 1, 1, 1, 1, 1, 1, 1, 1, 1, 1, 1, 1, 1, 1, 1, 1, 1, 1, 1, 1, 1, 1, 1, 1, 1, 1, 1, 1, 1, 1, 1, 1, 1, 1, 1, 1, 1, 1, 1, 1, 1, 1, 1, 1, 1, 1, 1, 1, 1, 1, 1, 1, 1, 1, 1, 1, 1, 1, 1, 1, 1, 1, 1, 1, 1, 1, 1, 1, 1, 1, 1, 1, 1, 1, 1, 1, 1, 1, 1, 1, 1, 1, 1, 1, 1, 1, 1, 1, 1, 1, 1, 1, 1, 1, 1, 1, 1, 1, 1, 1, 1, 1, 1, 1, 1, 1, 1, 1, 1, 1, 1, 1, 1, 1, 1, 1, 1, 1, 1, 1, 1, 1, 0, ],]
b_protocol =  [[1, 1, 1, 1, 1, 1, 1, 1, 1, 1, 1, 1, 1, 1, 1, 1, 1, 1, 1, 1, 1, 1, 1, 1, 1, 1, 1, 1, 1, 1, 1, 1, 1, 1, 1, 1, 1, 1, 1, 1, 1, 1, 1, 1, 1, 1, 1, 1, 1, 1, 1, 1, 1, 1, 1, 1, 1, 1, 1, 1, 1, 1, 1, 1, 1, 1, 1, 1, 1, 1, 1, 1, 1, 1, 1, 1, 1, 1, 1, 1, 1, 1, 1, 1, 1, 1, 1, 1, 1, 1, 1, 1, 1, 1, 1, 1, 1, 1, 1, 1, 1, 1, 1, 1, 1, 1, 1, 1, 1, 1, 1, 1, 1, 1, 1, 1, 1, 1, 1, 1, 1, 1, 1, 1, 1, 1, 1, 1, 1, 1, 1, 1, 1, 1, 1, 1, 1, 1, 1, 1, 1, 1, 1, 1, 1, 1, 1, 1, 1, 1, 1, 1, 1, 1, 1, 1, 1, 1, 1, 1, 1, 1, 1, 1, 1, 1, 1, 1, 1, 1, 1, 1, 1, 1, 1, 1, 1, 1, 1, 1, 1, 1, 1, 1, 1, 1, 1, 1, 1, 1, 1, 1, 1, 1, 1, 1, 1, 1, 1, 1, 1, 1, 1, 1, 1, 1, 1, 1, 1, 1, 1, 1, 1, 1, 1, 1, 1, 1, 1, 1, 1, 1, 1, 1, 1, 1, 1, 1, 1, 1, 1, 1, 1, 1, 1, 1, 1, 1, 1, 1, 1, 1, 1, 1, 1, 1, 1, 1, 1, 1, 1, 1, 1, 1, 1, 1, ],]
best_mc_result_fixed_tau =   [0.0582919, ]
evolved_state_fixed_tau =   [[0.0105754, -0.00238166, 0.0140904, 0.00114285, 0.00223849, -0.00739561, -0.00253168, -0.000513894, -0.00900744, -0.0104635, -0.0508889, 0.0152283, -0.00900744, -0.0104635, -0.00987772, -0.0103881, 0.0188796, -0.00398834, -0.00900744, -0.0104635, -0.00253168, -0.000513894, 0.00223849, -0.00739561, 0.0140904, 0.00114285, 0.00852464, -0.00244183, 0.408156, -0.251671, 0.00852464, -0.00244183, -0.00900744, -0.0104635, 0.0188796, -0.00398834, -0.00987772, -0.0103881, -0.00933579, 0.00398672, 0.00223849, -0.00739561, -0.00183028, -0.000895321, 0.00562697, 0.00269446, -0.0112674, -0.0173975, 0.0758006, -0.0736172, 0.00562697, 0.00269446, -0.0508889, 0.0152283, -0.00987772, -0.0103881, -0.0843174, 0.00135691, -0.00987772, -0.0103881, 0.0105754, -0.00238166, 0.0140904, 0.00114285, 0.00562697, 0.00269446, 0.00852464, -0.00244183, -0.00900744, -0.0104635, 0.00852464, -0.00244183, -0.0112674, -0.0173975, 0.00852464, -0.00244183, 0.0758006, -0.0736172, 0.408156, -0.251671, 0.0140904, 0.00114285, -0.00987772, -0.0103881, -0.00933579, 0.00398672, -0.00987772, -0.0103881, 0.0188796, -0.00398834, 0.0140904, 0.00114285, 0.408156, -0.251671, 0.0758006, -0.0736172, 0.408156, -0.251671, 0.0188796, -0.00398834, 0.00223849, -0.00739561, 0.00852464, -0.00244183, 0.00562697, 0.00269446, 0.0140904, 0.00114285, -0.00900744, -0.0104635, -0.00253168, -0.000513894, 0.00562697, 0.00269446, -0.00183028, -0.000895321, 0.00223849, -0.00739561, 0.00562697, 0.00269446, 0.0140904, 0.00114285, 0.0105754, -0.00238166, -0.0843174, 0.00135691, -0.00987772, -0.0103881, -0.0508889, 0.0152283, -0.00900744, -0.0104635, 0.00562697, 0.00269446, 0.0758006, -0.0736172, -0.0112674, -0.0173975, 0.00852464, -0.00244183, -0.00987772, -0.0103881, -0.00183028, -0.000895321, -0.0112674, -0.0173975, -0.00183028, -0.000895321, 0.00223849, -0.00739561, -0.0508889, 0.0152283, 0.00223849, -0.00739561, 0.00562697, 0.00269446, 0.00852464, -0.00244183, 0.00223849, -0.00739561, -0.00253168, -0.000513894, -0.00900744, -0.0104635, 0.0140904, 0.00114285, 0.0105754, -0.00238166, ],]
##############################################################################
clock_duration  =         18889.3
tau =                     1.7846
total_steps =             256
time_step =               0.00697109
best_mc_result =          0.0506186
evolved_target_dot_squared =  0.949381
best_evolved_state = [0.0143327, -0.00701101, 0.0130642, 0.00547109, 0.00446146, -0.00585423, -0.00283248, 0.00292113, -0.00172963, -0.00484736, -0.0497351, -0.00792491, -0.00172963, -0.00484736, -0.00514436, -0.00580154, 0.0170424, 0.00257738, -0.00172963, -0.00484736, -0.00283248, 0.00292113, 0.00446146, -0.00585423, 0.0130642, 0.00547109, 0.00805822, 0.00110328, 0.481708, 0.00816674, 0.00805822, 0.00110328, -0.00172963, -0.00484736, 0.0170424, 0.00257738, -0.00514436, -0.00580154, -0.00993257, 0.00703231, 0.00446146, -0.00585423, -0.000925928, -0.00037082, 0.0062435, 0.00213604, -0.00505909, -0.0134251, 0.0988137, -0.0212205, 0.0062435, 0.00213604, -0.0497351, -0.00792491, -0.00514436, -0.00580154, -0.0753692, -0.03311, -0.00514436, -0.00580154, 0.0143327, -0.00701101, 0.0130642, 0.00547109, 0.0062435, 0.00213604, 0.00805822, 0.00110328, -0.00172963, -0.00484736, 0.00805822, 0.00110328, -0.00505909, -0.0134251, 0.00805822, 0.00110328, 0.0988137, -0.0212205, 0.481708, 0.00816674, 0.0130642, 0.00547109, -0.00514436, -0.00580154, -0.00993257, 0.00703231, -0.00514436, -0.00580154, 0.0170424, 0.00257738, 0.0130642, 0.00547109, 0.481708, 0.00816674, 0.0988137, -0.0212205, 0.481708, 0.00816674, 0.0170424, 0.00257738, 0.00446146, -0.00585423, 0.00805822, 0.00110328, 0.0062435, 0.00213604, 0.0130642, 0.00547109, -0.00172963, -0.00484736, -0.00283248, 0.00292113, 0.0062435, 0.00213604, -0.000925928, -0.00037082, 0.00446146, -0.00585423, 0.0062435, 0.00213604, 0.0130642, 0.00547109, 0.0143327, -0.00701101, -0.0753692, -0.03311, -0.00514436, -0.00580154, -0.0497351, -0.00792491, -0.00172963, -0.00484736, 0.0062435, 0.00213604, 0.0988137, -0.0212205, -0.00505909, -0.0134251, 0.00805822, 0.00110328, -0.00514436, -0.00580154, -0.000925928, -0.00037082, -0.00505909, -0.0134251, -0.000925928, -0.00037082, 0.00446146, -0.00585423, -0.0497351, -0.00792491, 0.00446146, -0.00585423, 0.0062435, 0.00213604, 0.00805822, 0.00110328, 0.00446146, -0.00585423, -0.00283248, 0.00292113, -0.00172963, -0.00484736, 0.0130642, 0.00547109, 0.0143327, -0.00701101, ]
distance =          0.0803843
j_protocol =  [[0, 0, 0, 0, 0, 0, 0, 0, 0, 0, 1, 1, 1, 1, 1, 1, 1, 1, 1, 1, 1, 1, 1, 1, 1, 1, 1, 1, 1, 1, 1, 1, 1, 1, 1, 1, 1, 1, 1, 1, 1, 1, 1, 1, 1, 1, 1, 1, 1, 1, 1, 1, 1, 1, 0, 0, 0, 0, 0, 0, 0, 0, 0, 0, 0, 0, 0, 0, 1, 1, 1, 1, 0, 1, 1, 1, 0, 1, 0, 1, 1, 1, 1, 0, 0, 1, 1, 1, 1, 1, 1, 1, 0, 0, 1, 1, 1, 1, 1, 0, 1, 1, 1, 0, 1, 1, 0, 0, 0, 0, 1, 1, 1, 1, 0, 0, 0, 0, 1, 1, 0, 1, 0, 0, 0, 0, 0, 1, 1, 1, 0, 0, 0, 1, 1, 0, 1, 1, 0, 0, 1, 0, 1, 1, 0, 0, 0, 0, 0, 1, 1, 0, 0, 1, 1, 0, 0, 1, 0, 0, 1, 0, 0, 1, 1, 1, 0, 1, 1, 0, 0, 0, 1, 1, 1, 0, 0, 0, 1, 1, 1, 1, 1, 0, 1, 0, 0, 0, 1, 1, 1, 0, 1, 0, 0, 1, 0, 1, 1, 1, 1, 0, 0, 0, 0, 1, 1, 1, 0, 0, 0, 0, 0, 1, 0, 0, 0, 0, 0, 0, 0, 0, 1, 0, 0, 0, 0, 0, 0, 0, 0, 0, 0, 0, 0, 0, 0, 0, 0, 0, 0, 0, 0, 1, 1, 1, 1, 1, 1, 1, 1, 1, 1, 1, 1, 1, ],]
k_protocol =  [[1, 1, 1, 1, 1, 1, 1, 1, 1, 1, 1, 1, 1, 1, 1, 1, 1, 1, 1, 1, 1, 1, 1, 1, 1, 1, 1, 1, 1, 1, 1, 1, 1, 1, 1, 1, 1, 1, 1, 1, 1, 1, 1, 1, 1, 1, 1, 1, 1, 1, 1, 1, 1, 1, 1, 1, 1, 1, 1, 1, 1, 1, 1, 1, 1, 1, 1, 1, 1, 1, 1, 1, 1, 1, 1, 1, 1, 1, 1, 1, 1, 1, 1, 1, 1, 1, 1, 1, 1, 1, 1, 1, 1, 1, 1, 1, 1, 1, 1, 1, 1, 1, 1, 1, 1, 1, 1, 1, 1, 1, 1, 1, 1, 1, 1, 1, 1, 1, 1, 1, 1, 1, 1, 1, 1, 1, 1, 1, 1, 1, 1, 1, 1, 1, 1, 1, 1, 1, 1, 1, 1, 1, 1, 1, 1, 1, 1, 1, 1, 1, 1, 1, 1, 1, 1, 1, 1, 1, 1, 1, 1, 1, 1, 1, 1, 1, 1, 1, 1, 1, 1, 1, 1, 1, 1, 1, 1, 1, 1, 1, 1, 1, 1, 1, 1, 1, 1, 1, 1, 1, 1, 1, 1, 1, 1, 1, 1, 1, 1, 1, 1, 1, 1, 1, 1, 1, 1, 1, 1, 1, 1, 1, 1, 1, 1, 1, 1, 1, 1, 1, 1, 1, 1, 1, 1, 1, 1, 1, 1, 1, 1, 1, 1, 1, 1, 1, 1, 1, 1, 1, 1, 1, 1, 1, 1, 1, 1, 1, 1, 1, 1, 1, 1, 1, 1, 0, ],]
b_protocol =  [[1, 1, 1, 1, 1, 1, 1, 1, 1, 1, 1, 1, 1, 1, 1, 1, 1, 1, 1, 1, 1, 1, 1, 1, 1, 1, 1, 1, 1, 1, 1, 1, 1, 1, 1, 1, 1, 1, 1, 1, 1, 1, 1, 1, 1, 1, 1, 1, 1, 1, 1, 1, 1, 1, 1, 1, 1, 1, 1, 1, 1, 1, 1, 1, 1, 1, 1, 1, 1, 1, 1, 1, 1, 1, 1, 1, 1, 1, 1, 1, 1, 1, 1, 1, 1, 1, 1, 1, 1, 1, 1, 1, 1, 1, 1, 1, 1, 1, 1, 1, 1, 1, 1, 1, 1, 1, 1, 1, 1, 1, 1, 1, 1, 1, 1, 1, 1, 1, 1, 1, 1, 1, 1, 1, 1, 1, 1, 1, 1, 1, 1, 1, 1, 1, 1, 1, 1, 1, 1, 1, 1, 1, 1, 1, 1, 1, 1, 1, 1, 1, 1, 1, 1, 1, 1, 1, 1, 1, 1, 1, 1, 1, 1, 1, 1, 1, 1, 1, 1, 1, 1, 1, 1, 1, 1, 1, 1, 1, 1, 1, 1, 1, 1, 1, 1, 1, 1, 1, 1, 1, 1, 1, 1, 1, 1, 1, 1, 1, 1, 1, 1, 1, 1, 1, 1, 1, 1, 1, 1, 1, 1, 1, 1, 1, 1, 1, 1, 1, 1, 1, 1, 1, 1, 1, 1, 1, 1, 1, 1, 1, 1, 1, 1, 1, 1, 1, 1, 1, 1, 1, 1, 1, 1, 1, 1, 1, 1, 1, 1, 1, 1, 1, 1, 1, 1, 1, ],]
best_mc_result_fixed_tau =   [0.0506186, ]
evolved_state_fixed_tau =   [[0.0143327, -0.00701101, 0.0130642, 0.00547109, 0.00446146, -0.00585423, -0.00283248, 0.00292113, -0.00172963, -0.00484736, -0.0497351, -0.00792491, -0.00172963, -0.00484736, -0.00514436, -0.00580154, 0.0170424, 0.00257738, -0.00172963, -0.00484736, -0.00283248, 0.00292113, 0.00446146, -0.00585423, 0.0130642, 0.00547109, 0.00805822, 0.00110328, 0.481708, 0.00816674, 0.00805822, 0.00110328, -0.00172963, -0.00484736, 0.0170424, 0.00257738, -0.00514436, -0.00580154, -0.00993257, 0.00703231, 0.00446146, -0.00585423, -0.000925928, -0.00037082, 0.0062435, 0.00213604, -0.00505909, -0.0134251, 0.0988137, -0.0212205, 0.0062435, 0.00213604, -0.0497351, -0.00792491, -0.00514436, -0.00580154, -0.0753692, -0.03311, -0.00514436, -0.00580154, 0.0143327, -0.00701101, 0.0130642, 0.00547109, 0.0062435, 0.00213604, 0.00805822, 0.00110328, -0.00172963, -0.00484736, 0.00805822, 0.00110328, -0.00505909, -0.0134251, 0.00805822, 0.00110328, 0.0988137, -0.0212205, 0.481708, 0.00816674, 0.0130642, 0.00547109, -0.00514436, -0.00580154, -0.00993257, 0.00703231, -0.00514436, -0.00580154, 0.0170424, 0.00257738, 0.0130642, 0.00547109, 0.481708, 0.00816674, 0.0988137, -0.0212205, 0.481708, 0.00816674, 0.0170424, 0.00257738, 0.00446146, -0.00585423, 0.00805822, 0.00110328, 0.0062435, 0.00213604, 0.0130642, 0.00547109, -0.00172963, -0.00484736, -0.00283248, 0.00292113, 0.0062435, 0.00213604, -0.000925928, -0.00037082, 0.00446146, -0.00585423, 0.0062435, 0.00213604, 0.0130642, 0.00547109, 0.0143327, -0.00701101, -0.0753692, -0.03311, -0.00514436, -0.00580154, -0.0497351, -0.00792491, -0.00172963, -0.00484736, 0.0062435, 0.00213604, 0.0988137, -0.0212205, -0.00505909, -0.0134251, 0.00805822, 0.00110328, -0.00514436, -0.00580154, -0.000925928, -0.00037082, -0.00505909, -0.0134251, -0.000925928, -0.00037082, 0.00446146, -0.00585423, -0.0497351, -0.00792491, 0.00446146, -0.00585423, 0.0062435, 0.00213604, 0.00805822, 0.00110328, 0.00446146, -0.00585423, -0.00283248, 0.00292113, -0.00172963, -0.00484736, 0.0130642, 0.00547109, 0.0143327, -0.00701101, ],]
##############################################################################
clock_duration  =         22711.5
tau =                     1.87383
total_steps =             256
time_step =               0.00731965
best_mc_result =          0.0443673
evolved_target_dot_squared =  0.955633
best_evolved_state = [0.012586, -0.00907907, 0.00725449, 0.00897658, 0.00517578, -0.0037627, -0.00257402, 0.00504964, 0.00250144, 0.00208757, -0.0309691, -0.0356685, 0.00250144, 0.00208757, -0.000278983, -0.00196639, 0.00694144, 0.00952305, 0.00250144, 0.00208757, -0.00257402, 0.00504964, 0.00517578, -0.0037627, 0.00725449, 0.00897658, 0.0035452, 0.00456886, 0.367287, 0.315058, 0.0035452, 0.00456886, 0.00250144, 0.00208757, 0.00694144, 0.00952305, -0.000278983, -0.00196639, -0.0151847, 0.0123899, 0.00517578, -0.0037627, 0.000148964, -0.000385337, 0.00625375, 0.0016934, 0.00123547, -0.00868123, 0.0879944, 0.0382736, 0.00625375, 0.0016934, -0.0309691, -0.0356685, -0.000278983, -0.00196639, -0.0394065, -0.0694849, -0.000278983, -0.00196639, 0.012586, -0.00907907, 0.00725449, 0.00897658, 0.00625375, 0.0016934, 0.0035452, 0.00456886, 0.00250144, 0.00208757, 0.0035452, 0.00456886, 0.00123547, -0.00868123, 0.0035452, 0.00456886, 0.0879944, 0.0382736, 0.367287, 0.315058, 0.00725449, 0.00897658, -0.000278983, -0.00196639, -0.0151847, 0.0123899, -0.000278983, -0.00196639, 0.00694144, 0.00952305, 0.00725449, 0.00897658, 0.367287, 0.315058, 0.0879944, 0.0382736, 0.367287, 0.315058, 0.00694144, 0.00952305, 0.00517578, -0.0037627, 0.0035452, 0.00456886, 0.00625375, 0.0016934, 0.00725449, 0.00897658, 0.00250144, 0.00208757, -0.00257402, 0.00504964, 0.00625375, 0.0016934, 0.000148964, -0.000385337, 0.00517578, -0.0037627, 0.00625375, 0.0016934, 0.00725449, 0.00897658, 0.012586, -0.00907907, -0.0394065, -0.0694849, -0.000278983, -0.00196639, -0.0309691, -0.0356685, 0.00250144, 0.00208757, 0.00625375, 0.0016934, 0.0879944, 0.0382736, 0.00123547, -0.00868123, 0.0035452, 0.00456886, -0.000278983, -0.00196639, 0.000148964, -0.000385337, 0.00123547, -0.00868123, 0.000148964, -0.000385337, 0.00517578, -0.0037627, -0.0309691, -0.0356685, 0.00517578, -0.0037627, 0.00625375, 0.0016934, 0.0035452, 0.00456886, 0.00517578, -0.0037627, -0.00257402, 0.00504964, 0.00250144, 0.00208757, 0.00725449, 0.00897658, 0.012586, -0.00907907, ]
distance =          0.0704569
j_protocol =  [[0, 0, 0, 0, 0, 0, 0, 1, 0, 1, 1, 1, 1, 1, 1, 1, 1, 1, 1, 1, 1, 1, 1, 1, 1, 1, 1, 1, 1, 1, 1, 1, 1, 1, 1, 1, 1, 1, 1, 1, 1, 1, 1, 1, 1, 1, 1, 1, 1, 1, 1, 1, 0, 1, 0, 1, 0, 0, 0, 0, 0, 0, 0, 0, 0, 0, 0, 0, 0, 0, 1, 1, 1, 1, 1, 1, 1, 1, 1, 1, 1, 1, 1, 1, 1, 1, 1, 1, 1, 1, 1, 0, 1, 0, 1, 1, 1, 1, 1, 0, 0, 0, 0, 1, 0, 0, 0, 1, 1, 0, 0, 0, 1, 0, 1, 1, 0, 0, 1, 1, 0, 0, 0, 0, 1, 1, 1, 1, 0, 0, 1, 0, 0, 1, 1, 1, 1, 1, 1, 0, 0, 1, 0, 0, 0, 0, 0, 1, 0, 1, 1, 1, 1, 0, 0, 0, 0, 0, 0, 0, 1, 0, 0, 1, 1, 0, 0, 1, 0, 0, 1, 1, 1, 1, 1, 0, 1, 1, 0, 0, 0, 0, 1, 1, 1, 0, 0, 1, 1, 1, 0, 0, 0, 1, 1, 1, 0, 0, 1, 0, 0, 1, 0, 1, 1, 0, 1, 0, 1, 0, 1, 1, 0, 0, 0, 0, 0, 0, 0, 0, 0, 0, 0, 0, 0, 0, 0, 0, 0, 0, 0, 0, 0, 0, 0, 0, 0, 0, 0, 0, 0, 0, 0, 0, 1, 1, 1, 1, 1, 1, 1, 1, 1, 1, 1, 1, ],]
k_protocol =  [[1, 1, 1, 1, 1, 1, 1, 1, 1, 1, 1, 1, 1, 1, 1, 1, 1, 1, 1, 1, 1, 1, 1, 1, 1, 1, 1, 1, 1, 1, 1, 1, 1, 1, 1, 1, 1, 1, 1, 1, 1, 1, 1, 1, 1, 1, 1, 1, 1, 1, 1, 1, 1, 1, 1, 1, 1, 1, 1, 1, 1, 1, 1, 1, 1, 1, 1, 1, 1, 1, 1, 1, 1, 1, 1, 1, 1, 1, 1, 1, 1, 1, 1, 1, 1, 1, 1, 1, 1, 1, 1, 1, 1, 1, 1, 1, 1, 1, 1, 1, 1, 1, 1, 1, 1, 1, 1, 1, 1, 1, 1, 1, 1, 1, 1, 1, 1, 1, 1, 1, 1, 1, 1, 1, 1, 1, 1, 1, 1, 1, 1, 1, 1, 1, 1, 1, 1, 1, 1, 1, 1, 1, 1, 1, 1, 1, 1, 1, 1, 1, 1, 1, 1, 1, 1, 1, 1, 1, 1, 1, 1, 1, 1, 1, 1, 1, 1, 1, 1, 1, 1, 1, 1, 1, 1, 1, 1, 1, 1, 1, 1, 1, 1, 1, 1, 1, 1, 1, 1, 1, 1, 1, 1, 1, 1, 1, 1, 1, 1, 1, 1, 1, 1, 1, 1, 1, 1, 1, 1, 1, 1, 1, 1, 1, 1, 1, 1, 1, 1, 1, 1, 1, 1, 1, 1, 1, 1, 1, 1, 1, 1, 1, 1, 1, 1, 1, 1, 1, 1, 1, 1, 1, 1, 1, 1, 1, 1, 1, 1, 1, 1, 1, 1, 1, 1, 0, ],]
b_protocol =  [[1, 1, 1, 1, 1, 1, 1, 1, 1, 1, 1, 1, 1, 1, 1, 1, 1, 1, 1, 1, 1, 1, 1, 1, 1, 1, 1, 1, 1, 1, 1, 1, 1, 1, 1, 1, 1, 1, 1, 1, 1, 1, 1, 1, 1, 1, 1, 1, 1, 1, 1, 1, 1, 1, 1, 1, 1, 1, 1, 1, 1, 1, 1, 1, 1, 1, 1, 1, 1, 1, 1, 1, 1, 1, 1, 1, 1, 1, 1, 1, 1, 1, 1, 1, 1, 1, 1, 1, 1, 1, 1, 1, 1, 1, 1, 1, 1, 1, 1, 1, 1, 1, 1, 1, 1, 1, 1, 1, 1, 1, 1, 1, 1, 1, 1, 1, 1, 1, 1, 1, 1, 1, 1, 1, 1, 1, 1, 1, 1, 1, 1, 1, 1, 1, 1, 1, 1, 1, 1, 1, 1, 1, 1, 1, 1, 1, 1, 1, 1, 1, 1, 1, 1, 1, 1, 1, 1, 1, 1, 1, 1, 1, 1, 1, 1, 1, 1, 1, 1, 1, 1, 1, 1, 1, 1, 1, 1, 1, 1, 1, 1, 1, 1, 1, 1, 1, 1, 1, 1, 1, 1, 1, 1, 1, 1, 1, 1, 1, 1, 1, 1, 1, 1, 1, 1, 1, 1, 1, 1, 1, 1, 1, 1, 1, 1, 1, 1, 1, 1, 1, 1, 1, 1, 1, 1, 1, 1, 1, 1, 1, 1, 1, 1, 1, 1, 1, 1, 1, 1, 1, 1, 1, 1, 1, 1, 1, 1, 1, 1, 1, 1, 1, 1, 1, 1, 1, ],]
best_mc_result_fixed_tau =   [0.0443673, ]
evolved_state_fixed_tau =   [[0.012586, -0.00907907, 0.00725449, 0.00897658, 0.00517578, -0.0037627, -0.00257402, 0.00504964, 0.00250144, 0.00208757, -0.0309691, -0.0356685, 0.00250144, 0.00208757, -0.000278983, -0.00196639, 0.00694144, 0.00952305, 0.00250144, 0.00208757, -0.00257402, 0.00504964, 0.00517578, -0.0037627, 0.00725449, 0.00897658, 0.0035452, 0.00456886, 0.367287, 0.315058, 0.0035452, 0.00456886, 0.00250144, 0.00208757, 0.00694144, 0.00952305, -0.000278983, -0.00196639, -0.0151847, 0.0123899, 0.00517578, -0.0037627, 0.000148964, -0.000385337, 0.00625375, 0.0016934, 0.00123547, -0.00868123, 0.0879944, 0.0382736, 0.00625375, 0.0016934, -0.0309691, -0.0356685, -0.000278983, -0.00196639, -0.0394065, -0.0694849, -0.000278983, -0.00196639, 0.012586, -0.00907907, 0.00725449, 0.00897658, 0.00625375, 0.0016934, 0.0035452, 0.00456886, 0.00250144, 0.00208757, 0.0035452, 0.00456886, 0.00123547, -0.00868123, 0.0035452, 0.00456886, 0.0879944, 0.0382736, 0.367287, 0.315058, 0.00725449, 0.00897658, -0.000278983, -0.00196639, -0.0151847, 0.0123899, -0.000278983, -0.00196639, 0.00694144, 0.00952305, 0.00725449, 0.00897658, 0.367287, 0.315058, 0.0879944, 0.0382736, 0.367287, 0.315058, 0.00694144, 0.00952305, 0.00517578, -0.0037627, 0.0035452, 0.00456886, 0.00625375, 0.0016934, 0.00725449, 0.00897658, 0.00250144, 0.00208757, -0.00257402, 0.00504964, 0.00625375, 0.0016934, 0.000148964, -0.000385337, 0.00517578, -0.0037627, 0.00625375, 0.0016934, 0.00725449, 0.00897658, 0.012586, -0.00907907, -0.0394065, -0.0694849, -0.000278983, -0.00196639, -0.0309691, -0.0356685, 0.00250144, 0.00208757, 0.00625375, 0.0016934, 0.0879944, 0.0382736, 0.00123547, -0.00868123, 0.0035452, 0.00456886, -0.000278983, -0.00196639, 0.000148964, -0.000385337, 0.00123547, -0.00868123, 0.000148964, -0.000385337, 0.00517578, -0.0037627, -0.0309691, -0.0356685, 0.00517578, -0.0037627, 0.00625375, 0.0016934, 0.0035452, 0.00456886, 0.00517578, -0.0037627, -0.00257402, 0.00504964, 0.00250144, 0.00208757, 0.00725449, 0.00897658, 0.012586, -0.00907907, ],]
##############################################################################
clock_duration  =         26489.3
tau =                     1.96752
total_steps =             256
time_step =               0.00768563
best_mc_result =          0.0392245
evolved_target_dot_squared =  0.960775
best_evolved_state = [0.00480755, -0.00662476, 7.58952e-05, 0.00975233, 0.00436204, -0.00133991, -0.000841036, 0.00408322, 0.00306089, 0.00578836, 0.00093421, -0.0446886, 0.00306089, 0.00578836, -0.00180345, 0.001616, -0.00631122, 0.00959922, 0.00306089, 0.00578836, -0.000841036, 0.00408322, 0.00436204, -0.00133991, 7.58952e-05, 0.00975233, -0.00276088, 0.00516854, 0.0369482, 0.484171, -0.00276088, 0.00516854, 0.00306089, 0.00578836, -0.00631122, 0.00959922, -0.00180345, 0.001616, -0.0251063, 0.00763719, 0.00436204, -0.00133991, 0.000789455, 0.000737869, 0.00499454, 0.00199686, 0.00125113, -0.00334366, 0.0377049, 0.0829394, 0.00499454, 0.00199686, 0.00093421, -0.0446886, -0.00180345, 0.001616, 0.0145844, -0.0745411, -0.00180345, 0.001616, 0.00480755, -0.00662476, 7.58952e-05, 0.00975233, 0.00499454, 0.00199686, -0.00276088, 0.00516854, 0.00306089, 0.00578836, -0.00276088, 0.00516854, 0.00125113, -0.00334366, -0.00276088, 0.00516854, 0.0377049, 0.0829394, 0.0369482, 0.484171, 7.58952e-05, 0.00975233, -0.00180345, 0.001616, -0.0251063, 0.00763719, -0.00180345, 0.001616, -0.00631122, 0.00959922, 7.58952e-05, 0.00975233, 0.0369482, 0.484171, 0.0377049, 0.0829394, 0.0369482, 0.484171, -0.00631122, 0.00959922, 0.00436204, -0.00133991, -0.00276088, 0.00516854, 0.00499454, 0.00199686, 7.58952e-05, 0.00975233, 0.00306089, 0.00578836, -0.000841036, 0.00408322, 0.00499454, 0.00199686, 0.000789455, 0.000737869, 0.00436204, -0.00133991, 0.00499454, 0.00199686, 7.58952e-05, 0.00975233, 0.00480755, -0.00662476, 0.0145844, -0.0745411, -0.00180345, 0.001616, 0.00093421, -0.0446886, 0.00306089, 0.00578836, 0.00499454, 0.00199686, 0.0377049, 0.0829394, 0.00125113, -0.00334366, -0.00276088, 0.00516854, -0.00180345, 0.001616, 0.000789455, 0.000737869, 0.00125113, -0.00334366, 0.000789455, 0.000737869, 0.00436204, -0.00133991, 0.00093421, -0.0446886, 0.00436204, -0.00133991, 0.00499454, 0.00199686, -0.00276088, 0.00516854, 0.00436204, -0.00133991, -0.000841036, 0.00408322, 0.00306089, 0.00578836, 7.58952e-05, 0.00975233, 0.00480755, -0.00662476, ]
distance =          0.06229
j_protocol =  [[0, 0, 0, 0, 0, 1, 0, 1, 1, 1, 1, 1, 1, 1, 1, 1, 1, 1, 1, 1, 1, 1, 1, 1, 1, 1, 1, 1, 1, 1, 1, 1, 1, 1, 1, 1, 1, 1, 1, 1, 1, 1, 1, 1, 1, 1, 1, 1, 1, 0, 0, 0, 0, 0, 0, 0, 0, 0, 0, 1, 1, 0, 0, 1, 1, 1, 1, 1, 1, 1, 1, 1, 1, 1, 1, 1, 1, 1, 1, 1, 1, 0, 1, 1, 0, 1, 0, 0, 1, 0, 0, 1, 1, 0, 1, 1, 1, 0, 0, 0, 0, 1, 1, 1, 1, 0, 1, 0, 1, 1, 0, 1, 0, 1, 1, 1, 0, 0, 0, 0, 1, 0, 0, 1, 1, 1, 0, 0, 1, 1, 1, 0, 0, 0, 0, 1, 1, 1, 0, 0, 0, 0, 1, 1, 1, 1, 0, 1, 1, 0, 0, 0, 0, 0, 1, 1, 0, 0, 0, 1, 1, 1, 0, 1, 0, 0, 1, 1, 0, 0, 0, 0, 0, 0, 1, 1, 1, 0, 0, 1, 1, 1, 0, 1, 1, 0, 0, 0, 0, 1, 0, 0, 0, 0, 1, 1, 1, 0, 0, 0, 1, 1, 1, 1, 1, 0, 0, 1, 1, 1, 0, 1, 0, 0, 0, 0, 0, 0, 0, 0, 0, 0, 0, 0, 0, 0, 0, 0, 0, 0, 0, 0, 0, 0, 0, 0, 0, 0, 0, 0, 0, 0, 0, 0, 1, 1, 0, 1, 1, 1, 1, 1, 1, 1, 1, 1, ],]
k_protocol =  [[1, 1, 1, 1, 1, 1, 1, 1, 1, 1, 1, 1, 1, 1, 1, 1, 1, 1, 1, 1, 1, 1, 1, 1, 1, 1, 1, 1, 1, 1, 1, 1, 1, 1, 1, 1, 1, 1, 1, 1, 1, 1, 1, 1, 1, 1, 1, 1, 1, 1, 1, 1, 1, 1, 1, 1, 1, 1, 1, 1, 1, 1, 1, 1, 1, 1, 1, 1, 1, 1, 1, 1, 1, 1, 1, 1, 1, 1, 1, 1, 1, 1, 1, 1, 1, 1, 1, 1, 1, 1, 1, 1, 1, 1, 1, 1, 1, 1, 1, 1, 1, 1, 1, 1, 1, 1, 1, 1, 1, 1, 1, 1, 1, 1, 1, 1, 1, 1, 1, 1, 1, 1, 1, 1, 1, 1, 1, 1, 1, 1, 1, 1, 1, 1, 1, 1, 1, 1, 1, 1, 1, 1, 1, 1, 1, 1, 1, 1, 1, 1, 1, 1, 1, 1, 1, 1, 1, 1, 1, 1, 1, 1, 1, 1, 1, 1, 1, 1, 1, 1, 1, 1, 1, 1, 1, 1, 1, 1, 1, 1, 1, 1, 1, 1, 1, 1, 1, 1, 1, 1, 1, 1, 1, 1, 1, 1, 1, 1, 1, 1, 1, 1, 1, 1, 1, 1, 1, 1, 1, 1, 1, 1, 1, 1, 1, 1, 1, 1, 1, 1, 1, 1, 1, 1, 1, 1, 1, 1, 1, 1, 1, 1, 1, 1, 1, 1, 1, 1, 1, 1, 1, 1, 1, 1, 1, 1, 1, 1, 1, 1, 1, 1, 1, 1, 1, 1, ],]
b_protocol =  [[1, 1, 1, 1, 1, 1, 1, 1, 1, 1, 1, 1, 1, 1, 1, 1, 1, 1, 1, 1, 1, 1, 1, 1, 1, 1, 1, 1, 1, 1, 1, 1, 1, 1, 1, 1, 1, 1, 1, 1, 1, 1, 1, 1, 1, 1, 1, 1, 1, 1, 1, 1, 1, 1, 1, 1, 1, 1, 1, 1, 1, 1, 1, 1, 1, 1, 1, 1, 1, 1, 1, 1, 1, 1, 1, 1, 1, 1, 1, 1, 1, 1, 1, 1, 1, 1, 1, 1, 1, 1, 1, 1, 1, 1, 1, 1, 1, 1, 1, 1, 1, 1, 1, 1, 1, 1, 1, 1, 1, 1, 1, 1, 1, 1, 1, 1, 1, 1, 1, 1, 1, 1, 1, 1, 1, 1, 1, 1, 1, 1, 1, 1, 1, 1, 1, 1, 1, 1, 1, 1, 1, 1, 1, 1, 1, 1, 1, 1, 1, 1, 1, 1, 1, 1, 1, 1, 1, 1, 1, 1, 1, 1, 1, 1, 1, 1, 1, 1, 1, 1, 1, 1, 1, 1, 1, 1, 1, 1, 1, 1, 1, 1, 1, 1, 1, 1, 1, 1, 1, 1, 1, 1, 1, 1, 1, 1, 1, 1, 1, 1, 1, 1, 1, 1, 1, 1, 1, 1, 1, 1, 1, 1, 1, 1, 1, 1, 1, 1, 1, 1, 1, 1, 1, 1, 1, 1, 1, 1, 1, 1, 1, 1, 1, 1, 1, 1, 1, 1, 1, 1, 1, 1, 1, 1, 1, 1, 1, 1, 1, 1, 1, 1, 1, 1, 1, 1, ],]
best_mc_result_fixed_tau =   [0.0392245, ]
evolved_state_fixed_tau =   [[0.00480755, -0.00662476, 7.58952e-05, 0.00975233, 0.00436204, -0.00133991, -0.000841036, 0.00408322, 0.00306089, 0.00578836, 0.00093421, -0.0446886, 0.00306089, 0.00578836, -0.00180345, 0.001616, -0.00631122, 0.00959922, 0.00306089, 0.00578836, -0.000841036, 0.00408322, 0.00436204, -0.00133991, 7.58952e-05, 0.00975233, -0.00276088, 0.00516854, 0.0369482, 0.484171, -0.00276088, 0.00516854, 0.00306089, 0.00578836, -0.00631122, 0.00959922, -0.00180345, 0.001616, -0.0251063, 0.00763719, 0.00436204, -0.00133991, 0.000789455, 0.000737869, 0.00499454, 0.00199686, 0.00125113, -0.00334366, 0.0377049, 0.0829394, 0.00499454, 0.00199686, 0.00093421, -0.0446886, -0.00180345, 0.001616, 0.0145844, -0.0745411, -0.00180345, 0.001616, 0.00480755, -0.00662476, 7.58952e-05, 0.00975233, 0.00499454, 0.00199686, -0.00276088, 0.00516854, 0.00306089, 0.00578836, -0.00276088, 0.00516854, 0.00125113, -0.00334366, -0.00276088, 0.00516854, 0.0377049, 0.0829394, 0.0369482, 0.484171, 7.58952e-05, 0.00975233, -0.00180345, 0.001616, -0.0251063, 0.00763719, -0.00180345, 0.001616, -0.00631122, 0.00959922, 7.58952e-05, 0.00975233, 0.0369482, 0.484171, 0.0377049, 0.0829394, 0.0369482, 0.484171, -0.00631122, 0.00959922, 0.00436204, -0.00133991, -0.00276088, 0.00516854, 0.00499454, 0.00199686, 7.58952e-05, 0.00975233, 0.00306089, 0.00578836, -0.000841036, 0.00408322, 0.00499454, 0.00199686, 0.000789455, 0.000737869, 0.00436204, -0.00133991, 0.00499454, 0.00199686, 7.58952e-05, 0.00975233, 0.00480755, -0.00662476, 0.0145844, -0.0745411, -0.00180345, 0.001616, 0.00093421, -0.0446886, 0.00306089, 0.00578836, 0.00499454, 0.00199686, 0.0377049, 0.0829394, 0.00125113, -0.00334366, -0.00276088, 0.00516854, -0.00180345, 0.001616, 0.000789455, 0.000737869, 0.00125113, -0.00334366, 0.000789455, 0.000737869, 0.00436204, -0.00133991, 0.00093421, -0.0446886, 0.00436204, -0.00133991, 0.00499454, 0.00199686, -0.00276088, 0.00516854, 0.00436204, -0.00133991, -0.000841036, 0.00408322, 0.00306089, 0.00578836, 7.58952e-05, 0.00975233, 0.00480755, -0.00662476, ],]
