START_PARAMETERS
MAX_STEPS_MCDB =               256
MIN_STEPS_MCDB =               8
STEPS_CRUNCH_MCDB =            1
SWEEPS_MCDB =                  200
GROUND_E =                -4.87025
INITIAL_E =               -4.72018
j_initial =               0.61
k_initial =               0.5
b_initial =               0
j_target =                0.679
k_target =                0.25
b_target =                0
init_target_dot_squared = 0.954275
init_state = [0.0167465, 0, 0.0647766, 0, 0.0289162, 0, 0.0108106, 0, 0.034818, 0, 0.0953588, 0, 0.034818, 0, 0.120098, 0, 0.106237, 0, 0.034818, 0, 0.0108106, 0, 0.0289162, 0, 0.0647766, 0, 0.07628, 0, 0.297248, 0, 0.07628, 0, 0.034818, 0, 0.106237, 0, 0.120098, 0, 0.126273, 0, 0.0289162, 0, 0.0463233, 0, 0.0535763, 0, 0.114668, 0, 0.223777, 0, 0.0535763, 0, 0.0953588, 0, 0.120098, 0, 0.132735, 0, 0.120098, 0, 0.0167465, 0, 0.0647766, 0, 0.0535763, 0, 0.07628, 0, 0.034818, 0, 0.07628, 0, 0.114668, 0, 0.07628, 0, 0.223777, 0, 0.297248, 0, 0.0647766, 0, 0.120098, 0, 0.126273, 0, 0.120098, 0, 0.106237, 0, 0.0647766, 0, 0.297248, 0, 0.223777, 0, 0.297248, 0, 0.106237, 0, 0.0289162, 0, 0.07628, 0, 0.0535763, 0, 0.0647766, 0, 0.034818, 0, 0.0108106, 0, 0.0535763, 0, 0.0463233, 0, 0.0289162, 0, 0.0535763, 0, 0.0647766, 0, 0.0167465, 0, 0.132735, 0, 0.120098, 0, 0.0953588, 0, 0.034818, 0, 0.0535763, 0, 0.223777, 0, 0.114668, 0, 0.07628, 0, 0.120098, 0, 0.0463233, 0, 0.114668, 0, 0.0463233, 0, 0.0289162, 0, 0.0953588, 0, 0.0289162, 0, 0.0535763, 0, 0.07628, 0, 0.0289162, 0, 0.0108106, 0, 0.034818, 0, 0.0647766, 0, 0.0167465, 0, ]
target_state = [0.0288089, 0, 0.0791665, 0, 0.0478419, 0, 0.023469, 0, 0.0536078, 0, 0.111947, 0, 0.0536078, 0, 0.138092, 0, 0.116103, 0, 0.0536078, 0, 0.023469, 0, 0.0478419, 0, 0.0791665, 0, 0.093302, 0, 0.224687, 0, 0.093302, 0, 0.0536078, 0, 0.116103, 0, 0.138092, 0, 0.139661, 0, 0.0478419, 0, 0.0705005, 0, 0.074799, 0, 0.130198, 0, 0.199222, 0, 0.074799, 0, 0.111947, 0, 0.138092, 0, 0.149399, 0, 0.138092, 0, 0.0288089, 0, 0.0791665, 0, 0.074799, 0, 0.093302, 0, 0.0536078, 0, 0.093302, 0, 0.130198, 0, 0.093302, 0, 0.199222, 0, 0.224687, 0, 0.0791665, 0, 0.138092, 0, 0.139661, 0, 0.138092, 0, 0.116103, 0, 0.0791665, 0, 0.224687, 0, 0.199222, 0, 0.224687, 0, 0.116103, 0, 0.0478419, 0, 0.093302, 0, 0.074799, 0, 0.0791665, 0, 0.0536078, 0, 0.023469, 0, 0.074799, 0, 0.0705005, 0, 0.0478419, 0, 0.074799, 0, 0.0791665, 0, 0.0288089, 0, 0.149399, 0, 0.138092, 0, 0.111947, 0, 0.0536078, 0, 0.074799, 0, 0.199222, 0, 0.130198, 0, 0.093302, 0, 0.138092, 0, 0.0705005, 0, 0.130198, 0, 0.0705005, 0, 0.0478419, 0, 0.111947, 0, 0.0478419, 0, 0.074799, 0, 0.093302, 0, 0.0478419, 0, 0.023469, 0, 0.0536078, 0, 0.0791665, 0, 0.0288089, 0, ]
USE_ENERGY_DISTANCE =     false
PERIODIC =                false
UNIFORM_SITES =           true
DEVICE_DIMENSION =        2
MAX_PARAM =               1
MIN_PARAM =               0
MIN_PARAM =               0
DIAG =                    false
NUM_SEEDS =               1
DISTANCE_LIMIT =          0.01
TAU_INIT =                0.1
MAX_TAU =                 2
TAU_SCALAR =              1.15
TAU_SCALAR_TINY =         1.05
TAU_SCALAR_BIG =          1.3
ACCEPTANCE_PROB =         0.8
TEMP_EXP_DECAY =          0.9
TEMP_DECAY_ITERATIONS =   25
TEMP_DECAY_LIMIT =        10
RANDOM_STATES =           3
INIT_OVERLAP_LIMIT =      0.99999
END_PARAMETERS
##############################################################################
clock_duration  =         17.4318
tau =                     0.1
total_steps =             32
time_step =               0.003125
best_mc_result =          0.0363482
evolved_target_dot_squared =  0.963652
best_evolved_state = [0.0146884, 0.013782, 0.0511696, 0.0452992, 0.022416, 0.021294, 0.00782788, 0.00841332, 0.0268221, 0.0258556, 0.0712536, 0.0576995, 0.0268221, 0.0258556, 0.0914698, 0.0787203, 0.086516, 0.0746002, 0.0268221, 0.0258556, 0.00782788, 0.00841332, 0.022416, 0.021294, 0.0511696, 0.0452992, 0.0603298, 0.053343, 0.230169, 0.171357, 0.0603298, 0.053343, 0.0268221, 0.0258556, 0.086516, 0.0746002, 0.0914698, 0.0787203, 0.102572, 0.0886398, 0.022416, 0.021294, 0.0341435, 0.0320857, 0.0433465, 0.0397688, 0.0883575, 0.0751914, 0.174714, 0.138147, 0.0433465, 0.0397688, 0.0712536, 0.0576995, 0.0914698, 0.0787203, 0.0992216, 0.0805116, 0.0914698, 0.0787203, 0.0146884, 0.013782, 0.0511696, 0.0452992, 0.0433465, 0.0397688, 0.0603298, 0.053343, 0.0268221, 0.0258556, 0.0603298, 0.053343, 0.0883575, 0.0751914, 0.0603298, 0.053343, 0.174714, 0.138147, 0.230169, 0.171357, 0.0511696, 0.0452992, 0.0914698, 0.0787203, 0.102572, 0.0886398, 0.0914698, 0.0787203, 0.086516, 0.0746002, 0.0511696, 0.0452992, 0.230169, 0.171357, 0.174714, 0.138147, 0.230169, 0.171357, 0.086516, 0.0746002, 0.022416, 0.021294, 0.0603298, 0.053343, 0.0433465, 0.0397688, 0.0511696, 0.0452992, 0.0268221, 0.0258556, 0.00782788, 0.00841332, 0.0433465, 0.0397688, 0.0341435, 0.0320857, 0.022416, 0.021294, 0.0433465, 0.0397688, 0.0511696, 0.0452992, 0.0146884, 0.013782, 0.0992216, 0.0805116, 0.0914698, 0.0787203, 0.0712536, 0.0576995, 0.0268221, 0.0258556, 0.0433465, 0.0397688, 0.174714, 0.138147, 0.0883575, 0.0751914, 0.0603298, 0.053343, 0.0914698, 0.0787203, 0.0341435, 0.0320857, 0.0883575, 0.0751914, 0.0341435, 0.0320857, 0.022416, 0.021294, 0.0712536, 0.0576995, 0.022416, 0.021294, 0.0433465, 0.0397688, 0.0603298, 0.053343, 0.022416, 0.021294, 0.00782788, 0.00841332, 0.0268221, 0.0258556, 0.0511696, 0.0452992, 0.0146884, 0.013782, ]
distance =          0.794939
j_protocol =  [[1, 1, 1, 1, 1, 1, 1, 1, 1, 1, 1, 1, 1, 1, 1, 1, 1, 1, 1, 1, 1, 1, 1, 1, 1, 1, 1, 1, 0, 0, 0, 0, ],]
k_protocol =  [[0, 0, 0, 0, 0, 0, 0, 0, 0, 0, 0, 0, 0, 0, 0, 1, 1, 1, 1, 1, 1, 1, 1, 1, 1, 1, 1, 1, 1, 1, 1, 1, ],]
b_protocol =  [[1, 1, 1, 1, 1, 1, 1, 1, 1, 1, 1, 1, 1, 1, 1, 1, 1, 1, 1, 1, 1, 1, 1, 1, 1, 1, 1, 1, 1, 1, 1, 1, ],]
best_mc_result_fixed_tau =   [0.0363482, ]
evolved_state_fixed_tau =   [[0.0146884, 0.013782, 0.0511696, 0.0452992, 0.022416, 0.021294, 0.00782788, 0.00841332, 0.0268221, 0.0258556, 0.0712536, 0.0576995, 0.0268221, 0.0258556, 0.0914698, 0.0787203, 0.086516, 0.0746002, 0.0268221, 0.0258556, 0.00782788, 0.00841332, 0.022416, 0.021294, 0.0511696, 0.0452992, 0.0603298, 0.053343, 0.230169, 0.171357, 0.0603298, 0.053343, 0.0268221, 0.0258556, 0.086516, 0.0746002, 0.0914698, 0.0787203, 0.102572, 0.0886398, 0.022416, 0.021294, 0.0341435, 0.0320857, 0.0433465, 0.0397688, 0.0883575, 0.0751914, 0.174714, 0.138147, 0.0433465, 0.0397688, 0.0712536, 0.0576995, 0.0914698, 0.0787203, 0.0992216, 0.0805116, 0.0914698, 0.0787203, 0.0146884, 0.013782, 0.0511696, 0.0452992, 0.0433465, 0.0397688, 0.0603298, 0.053343, 0.0268221, 0.0258556, 0.0603298, 0.053343, 0.0883575, 0.0751914, 0.0603298, 0.053343, 0.174714, 0.138147, 0.230169, 0.171357, 0.0511696, 0.0452992, 0.0914698, 0.0787203, 0.102572, 0.0886398, 0.0914698, 0.0787203, 0.086516, 0.0746002, 0.0511696, 0.0452992, 0.230169, 0.171357, 0.174714, 0.138147, 0.230169, 0.171357, 0.086516, 0.0746002, 0.022416, 0.021294, 0.0603298, 0.053343, 0.0433465, 0.0397688, 0.0511696, 0.0452992, 0.0268221, 0.0258556, 0.00782788, 0.00841332, 0.0433465, 0.0397688, 0.0341435, 0.0320857, 0.022416, 0.021294, 0.0433465, 0.0397688, 0.0511696, 0.0452992, 0.0146884, 0.013782, 0.0992216, 0.0805116, 0.0914698, 0.0787203, 0.0712536, 0.0576995, 0.0268221, 0.0258556, 0.0433465, 0.0397688, 0.174714, 0.138147, 0.0883575, 0.0751914, 0.0603298, 0.053343, 0.0914698, 0.0787203, 0.0341435, 0.0320857, 0.0883575, 0.0751914, 0.0341435, 0.0320857, 0.022416, 0.021294, 0.0712536, 0.0576995, 0.022416, 0.021294, 0.0433465, 0.0397688, 0.0603298, 0.053343, 0.022416, 0.021294, 0.00782788, 0.00841332, 0.0268221, 0.0258556, 0.0511696, 0.0452992, 0.0146884, 0.013782, ],]
##############################################################################
clock_duration  =         44.7362
tau =                     0.26
total_steps =             32
time_step =               0.008125
best_mc_result =          0.0205302
evolved_target_dot_squared =  0.97947
best_evolved_state = [-0.00403802, 0.0242517, -0.0280079, 0.072463, -0.0164653, 0.0327774, -0.0105455, 0.0131776, -0.0212847, 0.0428543, -0.0416344, 0.07105, -0.0212847, 0.0428543, -0.0571029, 0.116162, -0.032833, 0.123124, -0.0212847, 0.0428543, -0.0105455, 0.0131776, -0.0164653, 0.0327774, -0.0280079, 0.072463, -0.0323554, 0.0848764, -0.0825459, 0.241053, -0.0323554, 0.0848764, -0.0212847, 0.0428543, -0.032833, 0.123124, -0.0571029, 0.116162, -0.0398818, 0.145385, -0.0164653, 0.0327774, -0.0318778, 0.0466292, -0.021796, 0.0663144, -0.049055, 0.110891, -0.0693636, 0.20275, -0.021796, 0.0663144, -0.0416344, 0.07105, -0.0571029, 0.116162, -0.0591502, 0.101483, -0.0571029, 0.116162, -0.00403802, 0.0242517, -0.0280079, 0.072463, -0.021796, 0.0663144, -0.0323554, 0.0848764, -0.0212847, 0.0428543, -0.0323554, 0.0848764, -0.049055, 0.110891, -0.0323554, 0.0848764, -0.0693636, 0.20275, -0.0825459, 0.241053, -0.0280079, 0.072463, -0.0571029, 0.116162, -0.0398818, 0.145385, -0.0571029, 0.116162, -0.032833, 0.123124, -0.0280079, 0.072463, -0.0825459, 0.241053, -0.0693636, 0.20275, -0.0825459, 0.241053, -0.032833, 0.123124, -0.0164653, 0.0327774, -0.0323554, 0.0848764, -0.021796, 0.0663144, -0.0280079, 0.072463, -0.0212847, 0.0428543, -0.0105455, 0.0131776, -0.021796, 0.0663144, -0.0318778, 0.0466292, -0.0164653, 0.0327774, -0.021796, 0.0663144, -0.0280079, 0.072463, -0.00403802, 0.0242517, -0.0591502, 0.101483, -0.0571029, 0.116162, -0.0416344, 0.07105, -0.0212847, 0.0428543, -0.021796, 0.0663144, -0.0693636, 0.20275, -0.049055, 0.110891, -0.0323554, 0.0848764, -0.0571029, 0.116162, -0.0318778, 0.0466292, -0.049055, 0.110891, -0.0318778, 0.0466292, -0.0164653, 0.0327774, -0.0416344, 0.07105, -0.0164653, 0.0327774, -0.021796, 0.0663144, -0.0323554, 0.0848764, -0.0164653, 0.0327774, -0.0105455, 0.0131776, -0.0212847, 0.0428543, -0.0280079, 0.072463, -0.00403802, 0.0242517, ]
distance =          0.448998
j_protocol =  [[1, 1, 1, 1, 1, 1, 1, 1, 1, 1, 1, 1, 1, 1, 1, 1, 1, 1, 1, 1, 1, 1, 1, 1, 1, 1, 1, 1, 1, 1, 1, 0, ],]
k_protocol =  [[0, 0, 0, 0, 0, 0, 0, 0, 1, 0, 1, 1, 1, 0, 1, 1, 1, 1, 1, 0, 0, 0, 0, 1, 1, 1, 1, 1, 1, 1, 1, 1, ],]
b_protocol =  [[1, 1, 1, 1, 1, 1, 1, 1, 1, 1, 1, 1, 1, 1, 1, 1, 1, 1, 1, 1, 1, 1, 1, 1, 1, 1, 1, 1, 1, 1, 1, 1, ],]
best_mc_result_fixed_tau =   [0.0205302, ]
evolved_state_fixed_tau =   [[-0.00403802, 0.0242517, -0.0280079, 0.072463, -0.0164653, 0.0327774, -0.0105455, 0.0131776, -0.0212847, 0.0428543, -0.0416344, 0.07105, -0.0212847, 0.0428543, -0.0571029, 0.116162, -0.032833, 0.123124, -0.0212847, 0.0428543, -0.0105455, 0.0131776, -0.0164653, 0.0327774, -0.0280079, 0.072463, -0.0323554, 0.0848764, -0.0825459, 0.241053, -0.0323554, 0.0848764, -0.0212847, 0.0428543, -0.032833, 0.123124, -0.0571029, 0.116162, -0.0398818, 0.145385, -0.0164653, 0.0327774, -0.0318778, 0.0466292, -0.021796, 0.0663144, -0.049055, 0.110891, -0.0693636, 0.20275, -0.021796, 0.0663144, -0.0416344, 0.07105, -0.0571029, 0.116162, -0.0591502, 0.101483, -0.0571029, 0.116162, -0.00403802, 0.0242517, -0.0280079, 0.072463, -0.021796, 0.0663144, -0.0323554, 0.0848764, -0.0212847, 0.0428543, -0.0323554, 0.0848764, -0.049055, 0.110891, -0.0323554, 0.0848764, -0.0693636, 0.20275, -0.0825459, 0.241053, -0.0280079, 0.072463, -0.0571029, 0.116162, -0.0398818, 0.145385, -0.0571029, 0.116162, -0.032833, 0.123124, -0.0280079, 0.072463, -0.0825459, 0.241053, -0.0693636, 0.20275, -0.0825459, 0.241053, -0.032833, 0.123124, -0.0164653, 0.0327774, -0.0323554, 0.0848764, -0.021796, 0.0663144, -0.0280079, 0.072463, -0.0212847, 0.0428543, -0.0105455, 0.0131776, -0.021796, 0.0663144, -0.0318778, 0.0466292, -0.0164653, 0.0327774, -0.021796, 0.0663144, -0.0280079, 0.072463, -0.00403802, 0.0242517, -0.0591502, 0.101483, -0.0571029, 0.116162, -0.0416344, 0.07105, -0.0212847, 0.0428543, -0.021796, 0.0663144, -0.0693636, 0.20275, -0.049055, 0.110891, -0.0323554, 0.0848764, -0.0571029, 0.116162, -0.0318778, 0.0466292, -0.049055, 0.110891, -0.0318778, 0.0466292, -0.0164653, 0.0327774, -0.0416344, 0.07105, -0.0164653, 0.0327774, -0.021796, 0.0663144, -0.0323554, 0.0848764, -0.0164653, 0.0327774, -0.0105455, 0.0131776, -0.0212847, 0.0428543, -0.0280079, 0.072463, -0.00403802, 0.0242517, ],]
##############################################################################
clock_duration  =         71.4697
tau =                     0.299
total_steps =             32
time_step =               0.00934375
best_mc_result =          0.0195829
evolved_target_dot_squared =  0.980417
best_evolved_state = [-0.0110032, 0.0208623, -0.047821, 0.0617312, -0.0260246, 0.0264444, -0.0146595, 0.0101997, -0.0331181, 0.0358443, -0.0630664, 0.0548073, -0.0331181, 0.0358443, -0.0893953, 0.0961934, -0.0655876, 0.107168, -0.0331181, 0.0358443, -0.0146595, 0.0101997, -0.0260246, 0.0264444, -0.047821, 0.0617312, -0.0556347, 0.0720586, -0.147308, 0.206498, -0.0556347, 0.0720586, -0.0331181, 0.0358443, -0.0655876, 0.107168, -0.0893953, 0.0961934, -0.0786415, 0.126008, -0.0260246, 0.0264444, -0.0456818, 0.0369492, -0.0398101, 0.0565316, -0.0797662, 0.0920818, -0.12361, 0.172961, -0.0398101, 0.0565316, -0.0630664, 0.0548073, -0.0893953, 0.0961934, -0.0895887, 0.0793131, -0.0893953, 0.0961934, -0.0110032, 0.0208623, -0.047821, 0.0617312, -0.0398101, 0.0565316, -0.0556347, 0.0720586, -0.0331181, 0.0358443, -0.0556347, 0.0720586, -0.0797662, 0.0920818, -0.0556347, 0.0720586, -0.12361, 0.172961, -0.147308, 0.206498, -0.047821, 0.0617312, -0.0893953, 0.0961934, -0.0786415, 0.126008, -0.0893953, 0.0961934, -0.0655876, 0.107168, -0.047821, 0.0617312, -0.147308, 0.206498, -0.12361, 0.172961, -0.147308, 0.206498, -0.0655876, 0.107168, -0.0260246, 0.0264444, -0.0556347, 0.0720586, -0.0398101, 0.0565316, -0.047821, 0.0617312, -0.0331181, 0.0358443, -0.0146595, 0.0101997, -0.0398101, 0.0565316, -0.0456818, 0.0369492, -0.0260246, 0.0264444, -0.0398101, 0.0565316, -0.047821, 0.0617312, -0.0110032, 0.0208623, -0.0895887, 0.0793131, -0.0893953, 0.0961934, -0.0630664, 0.0548073, -0.0331181, 0.0358443, -0.0398101, 0.0565316, -0.12361, 0.172961, -0.0797662, 0.0920818, -0.0556347, 0.0720586, -0.0893953, 0.0961934, -0.0456818, 0.0369492, -0.0797662, 0.0920818, -0.0456818, 0.0369492, -0.0260246, 0.0264444, -0.0630664, 0.0548073, -0.0260246, 0.0264444, -0.0398101, 0.0565316, -0.0556347, 0.0720586, -0.0260246, 0.0264444, -0.0146595, 0.0101997, -0.0331181, 0.0358443, -0.047821, 0.0617312, -0.0110032, 0.0208623, ]
distance =          0.428279
j_protocol =  [[1, 1, 1, 1, 1, 1, 1, 1, 1, 1, 1, 1, 1, 1, 1, 1, 1, 1, 1, 1, 1, 1, 1, 1, 1, 1, 1, 1, 1, 1, 1, 0, ],]
k_protocol =  [[0, 0, 0, 0, 0, 0, 0, 1, 1, 1, 1, 1, 1, 1, 0, 1, 1, 0, 0, 1, 0, 0, 1, 0, 0, 1, 1, 1, 1, 1, 1, 1, ],]
b_protocol =  [[1, 1, 1, 1, 1, 1, 1, 1, 1, 1, 1, 1, 1, 1, 1, 1, 1, 1, 1, 1, 1, 1, 1, 1, 1, 1, 1, 1, 1, 1, 1, 1, ],]
best_mc_result_fixed_tau =   [0.0195829, ]
evolved_state_fixed_tau =   [[-0.0110032, 0.0208623, -0.047821, 0.0617312, -0.0260246, 0.0264444, -0.0146595, 0.0101997, -0.0331181, 0.0358443, -0.0630664, 0.0548073, -0.0331181, 0.0358443, -0.0893953, 0.0961934, -0.0655876, 0.107168, -0.0331181, 0.0358443, -0.0146595, 0.0101997, -0.0260246, 0.0264444, -0.047821, 0.0617312, -0.0556347, 0.0720586, -0.147308, 0.206498, -0.0556347, 0.0720586, -0.0331181, 0.0358443, -0.0655876, 0.107168, -0.0893953, 0.0961934, -0.0786415, 0.126008, -0.0260246, 0.0264444, -0.0456818, 0.0369492, -0.0398101, 0.0565316, -0.0797662, 0.0920818, -0.12361, 0.172961, -0.0398101, 0.0565316, -0.0630664, 0.0548073, -0.0893953, 0.0961934, -0.0895887, 0.0793131, -0.0893953, 0.0961934, -0.0110032, 0.0208623, -0.047821, 0.0617312, -0.0398101, 0.0565316, -0.0556347, 0.0720586, -0.0331181, 0.0358443, -0.0556347, 0.0720586, -0.0797662, 0.0920818, -0.0556347, 0.0720586, -0.12361, 0.172961, -0.147308, 0.206498, -0.047821, 0.0617312, -0.0893953, 0.0961934, -0.0786415, 0.126008, -0.0893953, 0.0961934, -0.0655876, 0.107168, -0.047821, 0.0617312, -0.147308, 0.206498, -0.12361, 0.172961, -0.147308, 0.206498, -0.0655876, 0.107168, -0.0260246, 0.0264444, -0.0556347, 0.0720586, -0.0398101, 0.0565316, -0.047821, 0.0617312, -0.0331181, 0.0358443, -0.0146595, 0.0101997, -0.0398101, 0.0565316, -0.0456818, 0.0369492, -0.0260246, 0.0264444, -0.0398101, 0.0565316, -0.047821, 0.0617312, -0.0110032, 0.0208623, -0.0895887, 0.0793131, -0.0893953, 0.0961934, -0.0630664, 0.0548073, -0.0331181, 0.0358443, -0.0398101, 0.0565316, -0.12361, 0.172961, -0.0797662, 0.0920818, -0.0556347, 0.0720586, -0.0893953, 0.0961934, -0.0456818, 0.0369492, -0.0797662, 0.0920818, -0.0456818, 0.0369492, -0.0260246, 0.0264444, -0.0630664, 0.0548073, -0.0260246, 0.0264444, -0.0398101, 0.0565316, -0.0556347, 0.0720586, -0.0260246, 0.0264444, -0.0146595, 0.0101997, -0.0331181, 0.0358443, -0.047821, 0.0617312, -0.0110032, 0.0208623, ],]
##############################################################################
clock_duration  =         97.3781
tau =                     0.3887
total_steps =             32
time_step =               0.0121469
best_mc_result =          0.0166484
evolved_target_dot_squared =  0.983352
best_evolved_state = [-0.0214767, 0.00804267, -0.0739928, 0.0251163, -0.0377054, 0.00655273, -0.0188483, 0.0016527, -0.0473688, 0.0128267, -0.0869209, 0.00723174, -0.0473688, 0.0128267, -0.129243, 0.031772, -0.112806, 0.0488402, -0.0473688, 0.0128267, -0.0188483, 0.0016527, -0.0377054, 0.00655273, -0.0739928, 0.0251163, -0.0866707, 0.0283947, -0.235988, 0.0887874, -0.0866707, 0.0283947, -0.0473688, 0.0128267, -0.112806, 0.0488402, -0.129243, 0.031772, -0.134195, 0.0558058, -0.0377054, 0.00655273, -0.0605354, 0.00794909, -0.0641549, 0.0222863, -0.11911, 0.0307543, -0.198199, 0.0712342, -0.0641549, 0.0222863, -0.0869209, 0.00723174, -0.129243, 0.031772, -0.124171, 0.0134928, -0.129243, 0.031772, -0.0214767, 0.00804267, -0.0739928, 0.0251163, -0.0641549, 0.0222863, -0.0866707, 0.0283947, -0.0473688, 0.0128267, -0.0866707, 0.0283947, -0.11911, 0.0307543, -0.0866707, 0.0283947, -0.198199, 0.0712342, -0.235988, 0.0887874, -0.0739928, 0.0251163, -0.129243, 0.031772, -0.134195, 0.0558058, -0.129243, 0.031772, -0.112806, 0.0488402, -0.0739928, 0.0251163, -0.235988, 0.0887874, -0.198199, 0.0712342, -0.235988, 0.0887874, -0.112806, 0.0488402, -0.0377054, 0.00655273, -0.0866707, 0.0283947, -0.0641549, 0.0222863, -0.0739928, 0.0251163, -0.0473688, 0.0128267, -0.0188483, 0.0016527, -0.0641549, 0.0222863, -0.0605354, 0.00794909, -0.0377054, 0.00655273, -0.0641549, 0.0222863, -0.0739928, 0.0251163, -0.0214767, 0.00804267, -0.124171, 0.0134928, -0.129243, 0.031772, -0.0869209, 0.00723174, -0.0473688, 0.0128267, -0.0641549, 0.0222863, -0.198199, 0.0712342, -0.11911, 0.0307543, -0.0866707, 0.0283947, -0.129243, 0.031772, -0.0605354, 0.00794909, -0.11911, 0.0307543, -0.0605354, 0.00794909, -0.0377054, 0.00655273, -0.0869209, 0.00723174, -0.0377054, 0.00655273, -0.0641549, 0.0222863, -0.0866707, 0.0283947, -0.0377054, 0.00655273, -0.0188483, 0.0016527, -0.0473688, 0.0128267, -0.0739928, 0.0251163, -0.0214767, 0.00804267, ]
distance =          0.364103
j_protocol =  [[1, 1, 1, 1, 1, 1, 1, 1, 1, 1, 1, 1, 1, 1, 1, 1, 1, 1, 1, 1, 1, 1, 1, 1, 1, 1, 1, 1, 1, 1, 0, 0, ],]
k_protocol =  [[0, 0, 0, 0, 0, 1, 1, 1, 1, 1, 1, 1, 1, 1, 1, 0, 0, 1, 1, 0, 0, 0, 0, 0, 0, 0, 1, 1, 1, 1, 1, 1, ],]
b_protocol =  [[1, 1, 1, 1, 1, 1, 1, 1, 1, 1, 1, 1, 1, 1, 1, 1, 1, 1, 1, 1, 1, 1, 1, 1, 1, 1, 1, 1, 1, 1, 1, 1, ],]
best_mc_result_fixed_tau =   [0.0166484, ]
evolved_state_fixed_tau =   [[-0.0214767, 0.00804267, -0.0739928, 0.0251163, -0.0377054, 0.00655273, -0.0188483, 0.0016527, -0.0473688, 0.0128267, -0.0869209, 0.00723174, -0.0473688, 0.0128267, -0.129243, 0.031772, -0.112806, 0.0488402, -0.0473688, 0.0128267, -0.0188483, 0.0016527, -0.0377054, 0.00655273, -0.0739928, 0.0251163, -0.0866707, 0.0283947, -0.235988, 0.0887874, -0.0866707, 0.0283947, -0.0473688, 0.0128267, -0.112806, 0.0488402, -0.129243, 0.031772, -0.134195, 0.0558058, -0.0377054, 0.00655273, -0.0605354, 0.00794909, -0.0641549, 0.0222863, -0.11911, 0.0307543, -0.198199, 0.0712342, -0.0641549, 0.0222863, -0.0869209, 0.00723174, -0.129243, 0.031772, -0.124171, 0.0134928, -0.129243, 0.031772, -0.0214767, 0.00804267, -0.0739928, 0.0251163, -0.0641549, 0.0222863, -0.0866707, 0.0283947, -0.0473688, 0.0128267, -0.0866707, 0.0283947, -0.11911, 0.0307543, -0.0866707, 0.0283947, -0.198199, 0.0712342, -0.235988, 0.0887874, -0.0739928, 0.0251163, -0.129243, 0.031772, -0.134195, 0.0558058, -0.129243, 0.031772, -0.112806, 0.0488402, -0.0739928, 0.0251163, -0.235988, 0.0887874, -0.198199, 0.0712342, -0.235988, 0.0887874, -0.112806, 0.0488402, -0.0377054, 0.00655273, -0.0866707, 0.0283947, -0.0641549, 0.0222863, -0.0739928, 0.0251163, -0.0473688, 0.0128267, -0.0188483, 0.0016527, -0.0641549, 0.0222863, -0.0605354, 0.00794909, -0.0377054, 0.00655273, -0.0641549, 0.0222863, -0.0739928, 0.0251163, -0.0214767, 0.00804267, -0.124171, 0.0134928, -0.129243, 0.031772, -0.0869209, 0.00723174, -0.0473688, 0.0128267, -0.0641549, 0.0222863, -0.198199, 0.0712342, -0.11911, 0.0307543, -0.0866707, 0.0283947, -0.129243, 0.031772, -0.0605354, 0.00794909, -0.11911, 0.0307543, -0.0605354, 0.00794909, -0.0377054, 0.00655273, -0.0869209, 0.00723174, -0.0377054, 0.00655273, -0.0641549, 0.0222863, -0.0866707, 0.0283947, -0.0377054, 0.00655273, -0.0188483, 0.0016527, -0.0473688, 0.0128267, -0.0739928, 0.0251163, -0.0214767, 0.00804267, ],]
##############################################################################
clock_duration  =         120.767
tau =                     0.50531
total_steps =             32
time_step =               0.0157909
best_mc_result =          0.0118251
evolved_target_dot_squared =  0.988175
best_evolved_state = [-0.0199123, -0.0189591, -0.0649022, -0.042284, -0.0305405, -0.0308144, -0.0158608, -0.0130277, -0.039602, -0.0282474, -0.0603222, -0.0788409, -0.039602, -0.0282474, -0.105604, -0.0830623, -0.103512, -0.0633319, -0.039602, -0.0282474, -0.0158608, -0.0130277, -0.0305405, -0.0308144, -0.0649022, -0.042284, -0.0757763, -0.0527399, -0.20415, -0.128312, -0.0757763, -0.0527399, -0.039602, -0.0282474, -0.103512, -0.0633319, -0.105604, -0.0830623, -0.121224, -0.0790783, -0.0305405, -0.0308144, -0.048041, -0.0421478, -0.0544633, -0.0431319, -0.0977095, -0.081493, -0.16928, -0.117112, -0.0544633, -0.0431319, -0.0603222, -0.0788409, -0.105604, -0.0830623, -0.0914484, -0.104892, -0.105604, -0.0830623, -0.0199123, -0.0189591, -0.0649022, -0.042284, -0.0544633, -0.0431319, -0.0757763, -0.0527399, -0.039602, -0.0282474, -0.0757763, -0.0527399, -0.0977095, -0.081493, -0.0757763, -0.0527399, -0.16928, -0.117112, -0.20415, -0.128312, -0.0649022, -0.042284, -0.105604, -0.0830623, -0.121224, -0.0790783, -0.105604, -0.0830623, -0.103512, -0.0633319, -0.0649022, -0.042284, -0.20415, -0.128312, -0.16928, -0.117112, -0.20415, -0.128312, -0.103512, -0.0633319, -0.0305405, -0.0308144, -0.0757763, -0.0527399, -0.0544633, -0.0431319, -0.0649022, -0.042284, -0.039602, -0.0282474, -0.0158608, -0.0130277, -0.0544633, -0.0431319, -0.048041, -0.0421478, -0.0305405, -0.0308144, -0.0544633, -0.0431319, -0.0649022, -0.042284, -0.0199123, -0.0189591, -0.0914484, -0.104892, -0.105604, -0.0830623, -0.0603222, -0.0788409, -0.039602, -0.0282474, -0.0544633, -0.0431319, -0.16928, -0.117112, -0.0977095, -0.081493, -0.0757763, -0.0527399, -0.105604, -0.0830623, -0.048041, -0.0421478, -0.0977095, -0.081493, -0.048041, -0.0421478, -0.0305405, -0.0308144, -0.0603222, -0.0788409, -0.0305405, -0.0308144, -0.0544633, -0.0431319, -0.0757763, -0.0527399, -0.0305405, -0.0308144, -0.0158608, -0.0130277, -0.039602, -0.0282474, -0.0649022, -0.042284, -0.0199123, -0.0189591, ]
distance =          0.258616
j_protocol =  [[1, 1, 1, 1, 1, 1, 1, 1, 1, 1, 1, 1, 1, 1, 1, 1, 1, 1, 1, 1, 1, 1, 1, 1, 1, 1, 1, 1, 1, 1, 1, 0, ],]
k_protocol =  [[0, 0, 0, 0, 1, 0, 1, 1, 1, 1, 1, 1, 1, 1, 1, 1, 1, 0, 0, 0, 0, 0, 0, 0, 0, 0, 1, 1, 1, 1, 1, 1, ],]
b_protocol =  [[1, 1, 1, 1, 1, 1, 1, 1, 1, 1, 1, 1, 1, 1, 1, 1, 1, 1, 1, 1, 1, 1, 1, 1, 1, 1, 1, 1, 1, 1, 1, 1, ],]
best_mc_result_fixed_tau =   [0.0118251, ]
evolved_state_fixed_tau =   [[-0.0199123, -0.0189591, -0.0649022, -0.042284, -0.0305405, -0.0308144, -0.0158608, -0.0130277, -0.039602, -0.0282474, -0.0603222, -0.0788409, -0.039602, -0.0282474, -0.105604, -0.0830623, -0.103512, -0.0633319, -0.039602, -0.0282474, -0.0158608, -0.0130277, -0.0305405, -0.0308144, -0.0649022, -0.042284, -0.0757763, -0.0527399, -0.20415, -0.128312, -0.0757763, -0.0527399, -0.039602, -0.0282474, -0.103512, -0.0633319, -0.105604, -0.0830623, -0.121224, -0.0790783, -0.0305405, -0.0308144, -0.048041, -0.0421478, -0.0544633, -0.0431319, -0.0977095, -0.081493, -0.16928, -0.117112, -0.0544633, -0.0431319, -0.0603222, -0.0788409, -0.105604, -0.0830623, -0.0914484, -0.104892, -0.105604, -0.0830623, -0.0199123, -0.0189591, -0.0649022, -0.042284, -0.0544633, -0.0431319, -0.0757763, -0.0527399, -0.039602, -0.0282474, -0.0757763, -0.0527399, -0.0977095, -0.081493, -0.0757763, -0.0527399, -0.16928, -0.117112, -0.20415, -0.128312, -0.0649022, -0.042284, -0.105604, -0.0830623, -0.121224, -0.0790783, -0.105604, -0.0830623, -0.103512, -0.0633319, -0.0649022, -0.042284, -0.20415, -0.128312, -0.16928, -0.117112, -0.20415, -0.128312, -0.103512, -0.0633319, -0.0305405, -0.0308144, -0.0757763, -0.0527399, -0.0544633, -0.0431319, -0.0649022, -0.042284, -0.039602, -0.0282474, -0.0158608, -0.0130277, -0.0544633, -0.0431319, -0.048041, -0.0421478, -0.0305405, -0.0308144, -0.0544633, -0.0431319, -0.0649022, -0.042284, -0.0199123, -0.0189591, -0.0914484, -0.104892, -0.105604, -0.0830623, -0.0603222, -0.0788409, -0.039602, -0.0282474, -0.0544633, -0.0431319, -0.16928, -0.117112, -0.0977095, -0.081493, -0.0757763, -0.0527399, -0.105604, -0.0830623, -0.048041, -0.0421478, -0.0977095, -0.081493, -0.048041, -0.0421478, -0.0305405, -0.0308144, -0.0603222, -0.0788409, -0.0305405, -0.0308144, -0.0544633, -0.0431319, -0.0757763, -0.0527399, -0.0305405, -0.0308144, -0.0158608, -0.0130277, -0.039602, -0.0282474, -0.0649022, -0.042284, -0.0199123, -0.0189591, ],]
##############################################################################
clock_duration  =         2011.65
tau =                     0.581106
total_steps =             256
time_step =               0.00226995
best_mc_result =          0.00960963
evolved_target_dot_squared =  0.99039
best_evolved_state = [-0.00901304, -0.0311645, -0.0302823, -0.0685722, -0.0112921, -0.0444427, -0.00754474, -0.0168105, -0.0163523, -0.0427873, -0.0103341, -0.107296, -0.0163523, -0.0427873, -0.0418107, -0.124191, -0.0504685, -0.111564, -0.0163523, -0.0427873, -0.00754474, -0.0168105, -0.0112921, -0.0444427, -0.0302823, -0.0685722, -0.0346595, -0.084492, -0.0954349, -0.217544, -0.0346595, -0.084492, -0.0163523, -0.0427873, -0.0504685, -0.111564, -0.0418107, -0.124191, -0.0563946, -0.136451, -0.0112921, -0.0444427, -0.0188505, -0.05742, -0.0209732, -0.0696011, -0.0379317, -0.123458, -0.0727457, -0.1925, -0.0209732, -0.0696011, -0.0103341, -0.107296, -0.0418107, -0.124191, -0.0246276, -0.144542, -0.0418107, -0.124191, -0.00901304, -0.0311645, -0.0302823, -0.0685722, -0.0209732, -0.0696011, -0.0346595, -0.084492, -0.0163523, -0.0427873, -0.0346595, -0.084492, -0.0379317, -0.123458, -0.0346595, -0.084492, -0.0727457, -0.1925, -0.0954349, -0.217544, -0.0302823, -0.0685722, -0.0418107, -0.124191, -0.0563946, -0.136451, -0.0418107, -0.124191, -0.0504685, -0.111564, -0.0302823, -0.0685722, -0.0954349, -0.217544, -0.0727457, -0.1925, -0.0954349, -0.217544, -0.0504685, -0.111564, -0.0112921, -0.0444427, -0.0346595, -0.084492, -0.0209732, -0.0696011, -0.0302823, -0.0685722, -0.0163523, -0.0427873, -0.00754474, -0.0168105, -0.0209732, -0.0696011, -0.0188505, -0.05742, -0.0112921, -0.0444427, -0.0209732, -0.0696011, -0.0302823, -0.0685722, -0.00901304, -0.0311645, -0.0246276, -0.144542, -0.0418107, -0.124191, -0.0103341, -0.107296, -0.0163523, -0.0427873, -0.0209732, -0.0696011, -0.0727457, -0.1925, -0.0379317, -0.123458, -0.0346595, -0.084492, -0.0418107, -0.124191, -0.0188505, -0.05742, -0.0379317, -0.123458, -0.0188505, -0.05742, -0.0112921, -0.0444427, -0.0103341, -0.107296, -0.0112921, -0.0444427, -0.0209732, -0.0696011, -0.0346595, -0.084492, -0.0112921, -0.0444427, -0.00754474, -0.0168105, -0.0163523, -0.0427873, -0.0302823, -0.0685722, -0.00901304, -0.0311645, ]
distance =          0.210164
j_protocol =  [[1, 1, 1, 1, 1, 1, 1, 1, 1, 1, 1, 1, 1, 1, 1, 1, 1, 1, 1, 1, 1, 1, 1, 1, 1, 1, 1, 1, 1, 1, 1, 1, 1, 1, 1, 1, 1, 1, 1, 1, 1, 1, 1, 1, 1, 1, 1, 1, 1, 1, 1, 1, 1, 1, 1, 1, 1, 1, 1, 1, 1, 1, 1, 1, 1, 1, 1, 1, 1, 1, 1, 1, 1, 1, 1, 1, 1, 1, 1, 1, 1, 1, 1, 1, 1, 1, 1, 1, 1, 1, 1, 1, 1, 1, 1, 1, 1, 1, 1, 1, 1, 1, 1, 1, 1, 1, 1, 1, 1, 1, 1, 1, 1, 1, 1, 1, 1, 1, 1, 1, 1, 1, 1, 1, 1, 1, 1, 1, 1, 1, 1, 1, 1, 1, 1, 1, 1, 1, 1, 1, 1, 1, 1, 1, 1, 1, 1, 1, 1, 1, 1, 1, 1, 1, 1, 1, 1, 1, 1, 1, 1, 1, 1, 1, 1, 1, 1, 1, 1, 1, 1, 1, 1, 1, 1, 1, 1, 1, 1, 1, 1, 1, 1, 1, 1, 1, 1, 1, 1, 1, 1, 1, 1, 1, 1, 1, 1, 1, 1, 1, 1, 1, 1, 1, 1, 1, 1, 1, 1, 1, 1, 1, 1, 1, 1, 1, 1, 1, 1, 1, 1, 1, 1, 1, 1, 1, 1, 1, 1, 1, 1, 1, 1, 1, 1, 1, 1, 1, 1, 1, 1, 1, 1, 1, 1, 1, 1, 1, 0, 0, 0, 0, 0, 0, 0, 0, ],]
k_protocol =  [[0, 0, 0, 0, 0, 0, 0, 0, 0, 0, 0, 0, 0, 0, 0, 0, 0, 0, 0, 0, 0, 0, 0, 0, 0, 0, 0, 0, 0, 0, 0, 1, 0, 1, 1, 0, 1, 1, 1, 1, 0, 1, 1, 0, 1, 1, 1, 1, 1, 1, 1, 1, 1, 1, 1, 1, 1, 1, 1, 1, 1, 1, 1, 1, 1, 1, 1, 1, 1, 1, 1, 1, 1, 1, 1, 1, 1, 1, 1, 1, 1, 1, 1, 1, 1, 1, 1, 0, 1, 1, 1, 1, 1, 1, 1, 1, 1, 1, 1, 1, 1, 0, 0, 1, 1, 0, 1, 1, 0, 1, 0, 0, 1, 1, 1, 1, 1, 0, 0, 1, 0, 1, 1, 0, 0, 0, 0, 1, 1, 1, 1, 1, 0, 1, 1, 1, 1, 1, 1, 1, 1, 0, 0, 0, 1, 0, 1, 1, 1, 1, 0, 0, 0, 1, 0, 0, 0, 0, 1, 0, 0, 1, 1, 1, 1, 0, 0, 0, 1, 0, 0, 0, 0, 0, 0, 0, 0, 0, 0, 0, 0, 0, 0, 0, 0, 0, 0, 0, 0, 0, 0, 0, 0, 0, 0, 0, 0, 0, 0, 0, 0, 0, 0, 0, 1, 0, 1, 0, 0, 1, 0, 0, 0, 1, 1, 0, 1, 0, 1, 1, 1, 1, 1, 1, 1, 1, 1, 1, 1, 1, 1, 1, 1, 1, 1, 1, 1, 1, 1, 1, 1, 1, 1, 1, 1, 1, 1, 1, 1, 1, 1, 1, 1, 1, 1, 1, ],]
b_protocol =  [[1, 1, 1, 1, 1, 1, 1, 1, 1, 1, 1, 1, 1, 1, 1, 1, 1, 1, 1, 1, 1, 1, 1, 1, 1, 1, 1, 1, 1, 1, 1, 1, 1, 1, 1, 1, 1, 1, 1, 1, 1, 1, 1, 1, 1, 1, 1, 1, 1, 1, 1, 1, 1, 1, 1, 1, 1, 1, 1, 1, 1, 1, 1, 1, 1, 1, 1, 1, 1, 1, 1, 1, 1, 1, 1, 1, 1, 1, 1, 1, 1, 1, 1, 1, 1, 1, 1, 1, 1, 1, 1, 1, 1, 1, 1, 1, 1, 1, 1, 1, 1, 1, 1, 1, 1, 1, 1, 1, 1, 1, 1, 1, 1, 1, 1, 1, 1, 1, 1, 1, 1, 1, 1, 1, 1, 1, 1, 1, 1, 1, 1, 1, 1, 1, 1, 1, 1, 1, 1, 1, 1, 1, 1, 1, 1, 1, 1, 1, 1, 1, 1, 1, 1, 1, 1, 1, 1, 1, 1, 1, 1, 1, 1, 1, 1, 1, 1, 1, 1, 1, 1, 1, 1, 1, 1, 1, 1, 1, 1, 1, 1, 1, 1, 1, 1, 1, 1, 1, 1, 1, 1, 1, 1, 1, 1, 1, 1, 1, 1, 1, 1, 1, 1, 1, 1, 1, 1, 1, 1, 1, 1, 1, 1, 1, 1, 1, 1, 1, 1, 1, 1, 1, 1, 1, 1, 1, 1, 1, 1, 1, 1, 1, 1, 1, 1, 1, 1, 1, 1, 1, 1, 1, 1, 1, 1, 1, 1, 1, 1, 1, 1, 1, 1, 1, 1, 1, ],]
best_mc_result_fixed_tau =   [0.00960963, ]
evolved_state_fixed_tau =   [[-0.00901304, -0.0311645, -0.0302823, -0.0685722, -0.0112921, -0.0444427, -0.00754474, -0.0168105, -0.0163523, -0.0427873, -0.0103341, -0.107296, -0.0163523, -0.0427873, -0.0418107, -0.124191, -0.0504685, -0.111564, -0.0163523, -0.0427873, -0.00754474, -0.0168105, -0.0112921, -0.0444427, -0.0302823, -0.0685722, -0.0346595, -0.084492, -0.0954349, -0.217544, -0.0346595, -0.084492, -0.0163523, -0.0427873, -0.0504685, -0.111564, -0.0418107, -0.124191, -0.0563946, -0.136451, -0.0112921, -0.0444427, -0.0188505, -0.05742, -0.0209732, -0.0696011, -0.0379317, -0.123458, -0.0727457, -0.1925, -0.0209732, -0.0696011, -0.0103341, -0.107296, -0.0418107, -0.124191, -0.0246276, -0.144542, -0.0418107, -0.124191, -0.00901304, -0.0311645, -0.0302823, -0.0685722, -0.0209732, -0.0696011, -0.0346595, -0.084492, -0.0163523, -0.0427873, -0.0346595, -0.084492, -0.0379317, -0.123458, -0.0346595, -0.084492, -0.0727457, -0.1925, -0.0954349, -0.217544, -0.0302823, -0.0685722, -0.0418107, -0.124191, -0.0563946, -0.136451, -0.0418107, -0.124191, -0.0504685, -0.111564, -0.0302823, -0.0685722, -0.0954349, -0.217544, -0.0727457, -0.1925, -0.0954349, -0.217544, -0.0504685, -0.111564, -0.0112921, -0.0444427, -0.0346595, -0.084492, -0.0209732, -0.0696011, -0.0302823, -0.0685722, -0.0163523, -0.0427873, -0.00754474, -0.0168105, -0.0209732, -0.0696011, -0.0188505, -0.05742, -0.0112921, -0.0444427, -0.0209732, -0.0696011, -0.0302823, -0.0685722, -0.00901304, -0.0311645, -0.0246276, -0.144542, -0.0418107, -0.124191, -0.0103341, -0.107296, -0.0163523, -0.0427873, -0.0209732, -0.0696011, -0.0727457, -0.1925, -0.0379317, -0.123458, -0.0346595, -0.084492, -0.0418107, -0.124191, -0.0188505, -0.05742, -0.0379317, -0.123458, -0.0188505, -0.05742, -0.0112921, -0.0444427, -0.0103341, -0.107296, -0.0112921, -0.0444427, -0.0209732, -0.0696011, -0.0346595, -0.084492, -0.0112921, -0.0444427, -0.00754474, -0.0168105, -0.0163523, -0.0427873, -0.0302823, -0.0685722, -0.00901304, -0.0311645, ],]
