START_PARAMETERS
MAX_STEPS_MCDB =               256
MIN_STEPS_MCDB =               8
STEPS_CRUNCH_MCDB =            1
SWEEPS_MCDB =                  200
GROUND_E =                -6.44777
INITIAL_E =               -5.23084
j_initial =               0.224
k_initial =               0.5
b_initial =               0
j_target =                0.824
k_target =                0.5
b_target =                0
init_target_dot_squared = 0.672819
init_state = [0.00339955, 0, 0.0347051, 0, 0.00562449, 0, 0.00118649, 0, 0.00856573, 0, 0.0270821, 0, 0.00856573, 0, 0.0433144, 0, 0.0661431, 0, 0.00856573, 0, 0.00118649, 0, 0.00562449, 0, 0.0347051, 0, 0.0375318, 0, 0.443895, 0, 0.0375318, 0, 0.00856573, 0, 0.0661431, 0, 0.0433144, 0, 0.070779, 0, 0.00562449, 0, 0.00892053, 0, 0.0154649, 0, 0.0457745, 0, 0.180934, 0, 0.0154649, 0, 0.0270821, 0, 0.0433144, 0, 0.0387827, 0, 0.0433144, 0, 0.00339955, 0, 0.0347051, 0, 0.0154649, 0, 0.0375318, 0, 0.00856573, 0, 0.0375318, 0, 0.0457745, 0, 0.0375318, 0, 0.180934, 0, 0.443895, 0, 0.0347051, 0, 0.0433144, 0, 0.070779, 0, 0.0433144, 0, 0.0661431, 0, 0.0347051, 0, 0.443895, 0, 0.180934, 0, 0.443895, 0, 0.0661431, 0, 0.00562449, 0, 0.0375318, 0, 0.0154649, 0, 0.0347051, 0, 0.00856573, 0, 0.00118649, 0, 0.0154649, 0, 0.00892053, 0, 0.00562449, 0, 0.0154649, 0, 0.0347051, 0, 0.00339955, 0, 0.0387827, 0, 0.0433144, 0, 0.0270821, 0, 0.00856573, 0, 0.0154649, 0, 0.180934, 0, 0.0457745, 0, 0.0375318, 0, 0.0433144, 0, 0.00892053, 0, 0.0457745, 0, 0.00892053, 0, 0.00562449, 0, 0.0270821, 0, 0.00562449, 0, 0.0154649, 0, 0.0375318, 0, 0.00562449, 0, 0.00118649, 0, 0.00856573, 0, 0.0347051, 0, 0.00339955, 0, ]
target_state = [0.0215818, 0, 0.0712698, 0, 0.0368705, 0, 0.0155562, 0, 0.0428715, 0, 0.104911, 0, 0.0428715, 0, 0.130763, 0, 0.11144, 0, 0.0428715, 0, 0.0155562, 0, 0.0368705, 0, 0.0712698, 0, 0.0843196, 0, 0.262371, 0, 0.0843196, 0, 0.0428715, 0, 0.11144, 0, 0.130763, 0, 0.133904, 0, 0.0368705, 0, 0.0571994, 0, 0.0632255, 0, 0.123695, 0, 0.214924, 0, 0.0632255, 0, 0.104911, 0, 0.130763, 0, 0.143754, 0, 0.130763, 0, 0.0215818, 0, 0.0712698, 0, 0.0632255, 0, 0.0843196, 0, 0.0428715, 0, 0.0843196, 0, 0.123695, 0, 0.0843196, 0, 0.214924, 0, 0.262371, 0, 0.0712698, 0, 0.130763, 0, 0.133904, 0, 0.130763, 0, 0.11144, 0, 0.0712698, 0, 0.262371, 0, 0.214924, 0, 0.262371, 0, 0.11144, 0, 0.0368705, 0, 0.0843196, 0, 0.0632255, 0, 0.0712698, 0, 0.0428715, 0, 0.0155562, 0, 0.0632255, 0, 0.0571994, 0, 0.0368705, 0, 0.0632255, 0, 0.0712698, 0, 0.0215818, 0, 0.143754, 0, 0.130763, 0, 0.104911, 0, 0.0428715, 0, 0.0632255, 0, 0.214924, 0, 0.123695, 0, 0.0843196, 0, 0.130763, 0, 0.0571994, 0, 0.123695, 0, 0.0571994, 0, 0.0368705, 0, 0.104911, 0, 0.0368705, 0, 0.0632255, 0, 0.0843196, 0, 0.0368705, 0, 0.0155562, 0, 0.0428715, 0, 0.0712698, 0, 0.0215818, 0, ]
USE_ENERGY_DISTANCE =     false
PERIODIC =                false
UNIFORM_SITES =           true
DEVICE_DIMENSION =        2
MAX_PARAM =               1
MIN_PARAM =               0
MIN_PARAM =               0
DIAG =                    false
NUM_SEEDS =               1
DISTANCE_LIMIT =          0.01
TAU_INIT =                0.1
MAX_TAU =                 2
TAU_SCALAR =              1.15
TAU_SCALAR_TINY =         1.05
TAU_SCALAR_BIG =          1.3
ACCEPTANCE_PROB =         0.8
TEMP_EXP_DECAY =          0.9
TEMP_DECAY_ITERATIONS =   25
TEMP_DECAY_LIMIT =        10
RANDOM_STATES =           3
INIT_OVERLAP_LIMIT =      0.99999
END_PARAMETERS
##############################################################################
clock_duration  =         33.899
tau =                     0.1
total_steps =             32
time_step =               0.003125
best_mc_result =          0.302941
evolved_target_dot_squared =  0.697059
best_evolved_state = [0.00258928, 0.00510743, 0.0276012, 0.0342509, 0.003112, 0.00637005, 0.00035693, 0.00143267, 0.00450152, 0.00989123, 0.0184658, 0.0169567, 0.00450152, 0.00989123, 0.0273872, 0.0348954, 0.0541461, 0.065615, 0.00450152, 0.00989123, 0.00035693, 0.00143267, 0.003112, 0.00637005, 0.0276012, 0.0342509, 0.0294262, 0.0369402, 0.361287, 0.23761, 0.0294262, 0.0369402, 0.00450152, 0.00989123, 0.0541461, 0.065615, 0.0273872, 0.0348954, 0.0572418, 0.0700052, 0.003112, 0.00637005, 0.00470627, 0.00826552, 0.0109716, 0.0176821, 0.0310331, 0.0371763, 0.139567, 0.122476, 0.0109716, 0.0176821, 0.0184658, 0.0169567, 0.0273872, 0.0348954, 0.0262363, 0.0243427, 0.0273872, 0.0348954, 0.00258928, 0.00510743, 0.0276012, 0.0342509, 0.0109716, 0.0176821, 0.0294262, 0.0369402, 0.00450152, 0.00989123, 0.0294262, 0.0369402, 0.0310331, 0.0371763, 0.0294262, 0.0369402, 0.139567, 0.122476, 0.361287, 0.23761, 0.0276012, 0.0342509, 0.0273872, 0.0348954, 0.0572418, 0.0700052, 0.0273872, 0.0348954, 0.0541461, 0.065615, 0.0276012, 0.0342509, 0.361287, 0.23761, 0.139567, 0.122476, 0.361287, 0.23761, 0.0541461, 0.065615, 0.003112, 0.00637005, 0.0294262, 0.0369402, 0.0109716, 0.0176821, 0.0276012, 0.0342509, 0.00450152, 0.00989123, 0.00035693, 0.00143267, 0.0109716, 0.0176821, 0.00470627, 0.00826552, 0.003112, 0.00637005, 0.0109716, 0.0176821, 0.0276012, 0.0342509, 0.00258928, 0.00510743, 0.0262363, 0.0243427, 0.0273872, 0.0348954, 0.0184658, 0.0169567, 0.00450152, 0.00989123, 0.0109716, 0.0176821, 0.139567, 0.122476, 0.0310331, 0.0371763, 0.0294262, 0.0369402, 0.0273872, 0.0348954, 0.00470627, 0.00826552, 0.0310331, 0.0371763, 0.00470627, 0.00826552, 0.003112, 0.00637005, 0.0184658, 0.0169567, 0.003112, 0.00637005, 0.0109716, 0.0176821, 0.0294262, 0.0369402, 0.003112, 0.00637005, 0.00035693, 0.00143267, 0.00450152, 0.00989123, 0.0276012, 0.0342509, 0.00258928, 0.00510743, ]
distance =          0.925915
j_protocol =  [[1, 1, 1, 1, 1, 1, 1, 1, 1, 1, 1, 1, 1, 1, 1, 1, 1, 1, 1, 1, 1, 1, 0, 0, 0, 0, 0, 0, 0, 0, 0, 0, ],]
k_protocol =  [[0, 0, 0, 0, 0, 0, 0, 1, 1, 1, 1, 1, 1, 1, 1, 1, 1, 1, 1, 1, 1, 1, 1, 1, 1, 1, 1, 1, 1, 1, 1, 1, ],]
b_protocol =  [[1, 1, 1, 1, 1, 1, 1, 1, 1, 1, 1, 1, 1, 1, 1, 1, 1, 1, 1, 1, 1, 1, 1, 1, 1, 1, 1, 1, 1, 1, 1, 1, ],]
best_mc_result_fixed_tau =   [0.302941, ]
evolved_state_fixed_tau =   [[0.00258928, 0.00510743, 0.0276012, 0.0342509, 0.003112, 0.00637005, 0.00035693, 0.00143267, 0.00450152, 0.00989123, 0.0184658, 0.0169567, 0.00450152, 0.00989123, 0.0273872, 0.0348954, 0.0541461, 0.065615, 0.00450152, 0.00989123, 0.00035693, 0.00143267, 0.003112, 0.00637005, 0.0276012, 0.0342509, 0.0294262, 0.0369402, 0.361287, 0.23761, 0.0294262, 0.0369402, 0.00450152, 0.00989123, 0.0541461, 0.065615, 0.0273872, 0.0348954, 0.0572418, 0.0700052, 0.003112, 0.00637005, 0.00470627, 0.00826552, 0.0109716, 0.0176821, 0.0310331, 0.0371763, 0.139567, 0.122476, 0.0109716, 0.0176821, 0.0184658, 0.0169567, 0.0273872, 0.0348954, 0.0262363, 0.0243427, 0.0273872, 0.0348954, 0.00258928, 0.00510743, 0.0276012, 0.0342509, 0.0109716, 0.0176821, 0.0294262, 0.0369402, 0.00450152, 0.00989123, 0.0294262, 0.0369402, 0.0310331, 0.0371763, 0.0294262, 0.0369402, 0.139567, 0.122476, 0.361287, 0.23761, 0.0276012, 0.0342509, 0.0273872, 0.0348954, 0.0572418, 0.0700052, 0.0273872, 0.0348954, 0.0541461, 0.065615, 0.0276012, 0.0342509, 0.361287, 0.23761, 0.139567, 0.122476, 0.361287, 0.23761, 0.0541461, 0.065615, 0.003112, 0.00637005, 0.0294262, 0.0369402, 0.0109716, 0.0176821, 0.0276012, 0.0342509, 0.00450152, 0.00989123, 0.00035693, 0.00143267, 0.0109716, 0.0176821, 0.00470627, 0.00826552, 0.003112, 0.00637005, 0.0109716, 0.0176821, 0.0276012, 0.0342509, 0.00258928, 0.00510743, 0.0262363, 0.0243427, 0.0273872, 0.0348954, 0.0184658, 0.0169567, 0.00450152, 0.00989123, 0.0109716, 0.0176821, 0.139567, 0.122476, 0.0310331, 0.0371763, 0.0294262, 0.0369402, 0.0273872, 0.0348954, 0.00470627, 0.00826552, 0.0310331, 0.0371763, 0.00470627, 0.00826552, 0.003112, 0.00637005, 0.0184658, 0.0169567, 0.003112, 0.00637005, 0.0109716, 0.0176821, 0.0294262, 0.0369402, 0.003112, 0.00637005, 0.00035693, 0.00143267, 0.00450152, 0.00989123, 0.0276012, 0.0342509, 0.00258928, 0.00510743, ],]
##############################################################################
clock_duration  =         52.4093
tau =                     0.26
total_steps =             32
time_step =               0.008125
best_mc_result =          0.220903
evolved_target_dot_squared =  0.779097
best_evolved_state = [-0.000390504, 0.0130484, -0.00894291, 0.0672314, -0.00893406, 0.0122733, -0.00469839, 0.00191928, -0.0155745, 0.0217845, -0.0127642, 0.010059, -0.0155745, 0.0217845, -0.0458732, 0.0473339, -0.00818931, 0.13335, -0.0155745, 0.0217845, -0.00469839, 0.00191928, -0.00893406, 0.0122733, -0.00894291, 0.0672314, -0.0117502, 0.0710549, -0.0144374, 0.378498, -0.0117502, 0.0710549, -0.0155745, 0.0217845, -0.00818931, 0.13335, -0.0458732, 0.0473339, -0.0120175, 0.139337, -0.00893406, 0.0122733, -0.0153111, 0.0087596, -0.0112469, 0.0366806, -0.0366956, 0.0546663, -0.0500882, 0.194597, -0.0112469, 0.0366806, -0.0127642, 0.010059, -0.0458732, 0.0473339, -0.0201052, 0.0151166, -0.0458732, 0.0473339, -0.000390504, 0.0130484, -0.00894291, 0.0672314, -0.0112469, 0.0366806, -0.0117502, 0.0710549, -0.0155745, 0.0217845, -0.0117502, 0.0710549, -0.0366956, 0.0546663, -0.0117502, 0.0710549, -0.0500882, 0.194597, -0.0144374, 0.378498, -0.00894291, 0.0672314, -0.0458732, 0.0473339, -0.0120175, 0.139337, -0.0458732, 0.0473339, -0.00818931, 0.13335, -0.00894291, 0.0672314, -0.0144374, 0.378498, -0.0500882, 0.194597, -0.0144374, 0.378498, -0.00818931, 0.13335, -0.00893406, 0.0122733, -0.0117502, 0.0710549, -0.0112469, 0.0366806, -0.00894291, 0.0672314, -0.0155745, 0.0217845, -0.00469839, 0.00191928, -0.0112469, 0.0366806, -0.0153111, 0.0087596, -0.00893406, 0.0122733, -0.0112469, 0.0366806, -0.00894291, 0.0672314, -0.000390504, 0.0130484, -0.0201052, 0.0151166, -0.0458732, 0.0473339, -0.0127642, 0.010059, -0.0155745, 0.0217845, -0.0112469, 0.0366806, -0.0500882, 0.194597, -0.0366956, 0.0546663, -0.0117502, 0.0710549, -0.0458732, 0.0473339, -0.0153111, 0.0087596, -0.0366956, 0.0546663, -0.0153111, 0.0087596, -0.00893406, 0.0122733, -0.0127642, 0.010059, -0.00893406, 0.0122733, -0.0112469, 0.0366806, -0.0117502, 0.0710549, -0.00893406, 0.0122733, -0.00469839, 0.00191928, -0.0155745, 0.0217845, -0.00894291, 0.0672314, -0.000390504, 0.0130484, ]
distance =          0.67517
j_protocol =  [[1, 1, 1, 1, 1, 1, 1, 1, 1, 1, 1, 1, 1, 1, 1, 1, 1, 1, 1, 1, 1, 1, 0, 0, 0, 0, 0, 0, 0, 0, 0, 0, ],]
k_protocol =  [[0, 0, 0, 0, 0, 0, 1, 1, 1, 1, 1, 1, 1, 1, 1, 1, 1, 1, 1, 1, 1, 1, 1, 1, 1, 1, 1, 1, 1, 1, 1, 1, ],]
b_protocol =  [[1, 1, 1, 1, 1, 1, 1, 1, 1, 1, 1, 1, 1, 1, 1, 1, 1, 1, 1, 1, 1, 1, 1, 1, 1, 1, 1, 1, 1, 1, 1, 1, ],]
best_mc_result_fixed_tau =   [0.220903, ]
evolved_state_fixed_tau =   [[-0.000390504, 0.0130484, -0.00894291, 0.0672314, -0.00893406, 0.0122733, -0.00469839, 0.00191928, -0.0155745, 0.0217845, -0.0127642, 0.010059, -0.0155745, 0.0217845, -0.0458732, 0.0473339, -0.00818931, 0.13335, -0.0155745, 0.0217845, -0.00469839, 0.00191928, -0.00893406, 0.0122733, -0.00894291, 0.0672314, -0.0117502, 0.0710549, -0.0144374, 0.378498, -0.0117502, 0.0710549, -0.0155745, 0.0217845, -0.00818931, 0.13335, -0.0458732, 0.0473339, -0.0120175, 0.139337, -0.00893406, 0.0122733, -0.0153111, 0.0087596, -0.0112469, 0.0366806, -0.0366956, 0.0546663, -0.0500882, 0.194597, -0.0112469, 0.0366806, -0.0127642, 0.010059, -0.0458732, 0.0473339, -0.0201052, 0.0151166, -0.0458732, 0.0473339, -0.000390504, 0.0130484, -0.00894291, 0.0672314, -0.0112469, 0.0366806, -0.0117502, 0.0710549, -0.0155745, 0.0217845, -0.0117502, 0.0710549, -0.0366956, 0.0546663, -0.0117502, 0.0710549, -0.0500882, 0.194597, -0.0144374, 0.378498, -0.00894291, 0.0672314, -0.0458732, 0.0473339, -0.0120175, 0.139337, -0.0458732, 0.0473339, -0.00818931, 0.13335, -0.00894291, 0.0672314, -0.0144374, 0.378498, -0.0500882, 0.194597, -0.0144374, 0.378498, -0.00818931, 0.13335, -0.00893406, 0.0122733, -0.0117502, 0.0710549, -0.0112469, 0.0366806, -0.00894291, 0.0672314, -0.0155745, 0.0217845, -0.00469839, 0.00191928, -0.0112469, 0.0366806, -0.0153111, 0.0087596, -0.00893406, 0.0122733, -0.0112469, 0.0366806, -0.00894291, 0.0672314, -0.000390504, 0.0130484, -0.0201052, 0.0151166, -0.0458732, 0.0473339, -0.0127642, 0.010059, -0.0155745, 0.0217845, -0.0112469, 0.0366806, -0.0500882, 0.194597, -0.0366956, 0.0546663, -0.0117502, 0.0710549, -0.0458732, 0.0473339, -0.0153111, 0.0087596, -0.0366956, 0.0546663, -0.0153111, 0.0087596, -0.00893406, 0.0122733, -0.0127642, 0.010059, -0.00893406, 0.0122733, -0.0112469, 0.0366806, -0.0117502, 0.0710549, -0.00893406, 0.0122733, -0.00469839, 0.00191928, -0.0155745, 0.0217845, -0.00894291, 0.0672314, -0.000390504, 0.0130484, ],]
##############################################################################
clock_duration  =         82.1837
tau =                     0.299
total_steps =             32
time_step =               0.00934375
best_mc_result =          0.208948
evolved_target_dot_squared =  0.791052
best_evolved_state = [-0.00312708, 0.0134382, -0.0292181, 0.0640645, -0.0138102, 0.0104276, -0.00688265, 0.000838224, -0.0241634, 0.0203363, -0.0186441, -0.00228468, -0.0241634, 0.0203363, -0.0704236, 0.0307508, -0.0454765, 0.130196, -0.0241634, 0.0203363, -0.00688265, 0.000838224, -0.0138102, 0.0104276, -0.0292181, 0.0640645, -0.033642, 0.0664855, -0.154223, 0.331864, -0.033642, 0.0664855, -0.0241634, 0.0203363, -0.0454765, 0.130196, -0.0704236, 0.0307508, -0.051614, 0.133838, -0.0138102, 0.0104276, -0.0218075, 0.00277448, -0.0226085, 0.0343877, -0.0604398, 0.0397319, -0.12144, 0.162722, -0.0226085, 0.0343877, -0.0186441, -0.00228468, -0.0704236, 0.0307508, -0.0292483, -0.00231944, -0.0704236, 0.0307508, -0.00312708, 0.0134382, -0.0292181, 0.0640645, -0.0226085, 0.0343877, -0.033642, 0.0664855, -0.0241634, 0.0203363, -0.033642, 0.0664855, -0.0604398, 0.0397319, -0.033642, 0.0664855, -0.12144, 0.162722, -0.154223, 0.331864, -0.0292181, 0.0640645, -0.0704236, 0.0307508, -0.051614, 0.133838, -0.0704236, 0.0307508, -0.0454765, 0.130196, -0.0292181, 0.0640645, -0.154223, 0.331864, -0.12144, 0.162722, -0.154223, 0.331864, -0.0454765, 0.130196, -0.0138102, 0.0104276, -0.033642, 0.0664855, -0.0226085, 0.0343877, -0.0292181, 0.0640645, -0.0241634, 0.0203363, -0.00688265, 0.000838224, -0.0226085, 0.0343877, -0.0218075, 0.00277448, -0.0138102, 0.0104276, -0.0226085, 0.0343877, -0.0292181, 0.0640645, -0.00312708, 0.0134382, -0.0292483, -0.00231944, -0.0704236, 0.0307508, -0.0186441, -0.00228468, -0.0241634, 0.0203363, -0.0226085, 0.0343877, -0.12144, 0.162722, -0.0604398, 0.0397319, -0.033642, 0.0664855, -0.0704236, 0.0307508, -0.0218075, 0.00277448, -0.0604398, 0.0397319, -0.0218075, 0.00277448, -0.0138102, 0.0104276, -0.0186441, -0.00228468, -0.0138102, 0.0104276, -0.0226085, 0.0343877, -0.033642, 0.0664855, -0.0138102, 0.0104276, -0.00688265, 0.000838224, -0.0241634, 0.0203363, -0.0292181, 0.0640645, -0.00312708, 0.0134382, ]
distance =          0.63863
j_protocol =  [[1, 1, 1, 1, 1, 1, 1, 1, 1, 1, 1, 1, 1, 1, 1, 1, 1, 1, 1, 1, 1, 1, 1, 0, 0, 0, 0, 0, 0, 0, 0, 0, ],]
k_protocol =  [[0, 0, 0, 0, 1, 1, 1, 1, 1, 1, 1, 1, 1, 1, 1, 1, 1, 1, 1, 1, 1, 1, 1, 1, 1, 1, 1, 1, 1, 1, 1, 1, ],]
b_protocol =  [[1, 1, 1, 1, 1, 1, 1, 1, 1, 1, 1, 1, 1, 1, 1, 1, 1, 1, 1, 1, 1, 1, 1, 1, 1, 1, 1, 1, 1, 1, 1, 1, ],]
best_mc_result_fixed_tau =   [0.208948, ]
evolved_state_fixed_tau =   [[-0.00312708, 0.0134382, -0.0292181, 0.0640645, -0.0138102, 0.0104276, -0.00688265, 0.000838224, -0.0241634, 0.0203363, -0.0186441, -0.00228468, -0.0241634, 0.0203363, -0.0704236, 0.0307508, -0.0454765, 0.130196, -0.0241634, 0.0203363, -0.00688265, 0.000838224, -0.0138102, 0.0104276, -0.0292181, 0.0640645, -0.033642, 0.0664855, -0.154223, 0.331864, -0.033642, 0.0664855, -0.0241634, 0.0203363, -0.0454765, 0.130196, -0.0704236, 0.0307508, -0.051614, 0.133838, -0.0138102, 0.0104276, -0.0218075, 0.00277448, -0.0226085, 0.0343877, -0.0604398, 0.0397319, -0.12144, 0.162722, -0.0226085, 0.0343877, -0.0186441, -0.00228468, -0.0704236, 0.0307508, -0.0292483, -0.00231944, -0.0704236, 0.0307508, -0.00312708, 0.0134382, -0.0292181, 0.0640645, -0.0226085, 0.0343877, -0.033642, 0.0664855, -0.0241634, 0.0203363, -0.033642, 0.0664855, -0.0604398, 0.0397319, -0.033642, 0.0664855, -0.12144, 0.162722, -0.154223, 0.331864, -0.0292181, 0.0640645, -0.0704236, 0.0307508, -0.051614, 0.133838, -0.0704236, 0.0307508, -0.0454765, 0.130196, -0.0292181, 0.0640645, -0.154223, 0.331864, -0.12144, 0.162722, -0.154223, 0.331864, -0.0454765, 0.130196, -0.0138102, 0.0104276, -0.033642, 0.0664855, -0.0226085, 0.0343877, -0.0292181, 0.0640645, -0.0241634, 0.0203363, -0.00688265, 0.000838224, -0.0226085, 0.0343877, -0.0218075, 0.00277448, -0.0138102, 0.0104276, -0.0226085, 0.0343877, -0.0292181, 0.0640645, -0.00312708, 0.0134382, -0.0292483, -0.00231944, -0.0704236, 0.0307508, -0.0186441, -0.00228468, -0.0241634, 0.0203363, -0.0226085, 0.0343877, -0.12144, 0.162722, -0.0604398, 0.0397319, -0.033642, 0.0664855, -0.0704236, 0.0307508, -0.0218075, 0.00277448, -0.0604398, 0.0397319, -0.0218075, 0.00277448, -0.0138102, 0.0104276, -0.0186441, -0.00228468, -0.0138102, 0.0104276, -0.0226085, 0.0343877, -0.033642, 0.0664855, -0.0138102, 0.0104276, -0.00688265, 0.000838224, -0.0241634, 0.0203363, -0.0292181, 0.0640645, -0.00312708, 0.0134382, ],]
##############################################################################
clock_duration  =         123.38
tau =                     0.3887
total_steps =             32
time_step =               0.0121469
best_mc_result =          0.193331
evolved_target_dot_squared =  0.806669
best_evolved_state = [-0.00964982, 0.00608404, -0.0649141, 0.0237489, -0.0193608, -0.00250488, -0.010316, -0.00497705, -0.0374615, 0.00330264, -0.0101969, -0.0385642, -0.0374615, 0.00330264, -0.0936819, -0.0366711, -0.114281, 0.0602676, -0.0374615, 0.00330264, -0.010316, -0.00497705, -0.0193608, -0.00250488, -0.0649141, 0.0237489, -0.0700473, 0.0198516, -0.337211, 0.0943785, -0.0700473, 0.0198516, -0.0374615, 0.00330264, -0.114281, 0.0602676, -0.0936819, -0.0366711, -0.120295, 0.0536651, -0.0193608, -0.00250488, -0.0258136, -0.0205643, -0.0398875, 0.00739147, -0.0825342, -0.025729, -0.20651, 0.00783496, -0.0398875, 0.00739147, -0.0101969, -0.0385642, -0.0936819, -0.0366711, -0.0189439, -0.0534782, -0.0936819, -0.0366711, -0.00964982, 0.00608404, -0.0649141, 0.0237489, -0.0398875, 0.00739147, -0.0700473, 0.0198516, -0.0374615, 0.00330264, -0.0700473, 0.0198516, -0.0825342, -0.025729, -0.0700473, 0.0198516, -0.20651, 0.00783496, -0.337211, 0.0943785, -0.0649141, 0.0237489, -0.0936819, -0.0366711, -0.120295, 0.0536651, -0.0936819, -0.0366711, -0.114281, 0.0602676, -0.0649141, 0.0237489, -0.337211, 0.0943785, -0.20651, 0.00783496, -0.337211, 0.0943785, -0.114281, 0.0602676, -0.0193608, -0.00250488, -0.0700473, 0.0198516, -0.0398875, 0.00739147, -0.0649141, 0.0237489, -0.0374615, 0.00330264, -0.010316, -0.00497705, -0.0398875, 0.00739147, -0.0258136, -0.0205643, -0.0193608, -0.00250488, -0.0398875, 0.00739147, -0.0649141, 0.0237489, -0.00964982, 0.00608404, -0.0189439, -0.0534782, -0.0936819, -0.0366711, -0.0101969, -0.0385642, -0.0374615, 0.00330264, -0.0398875, 0.00739147, -0.20651, 0.00783496, -0.0825342, -0.025729, -0.0700473, 0.0198516, -0.0936819, -0.0366711, -0.0258136, -0.0205643, -0.0825342, -0.025729, -0.0258136, -0.0205643, -0.0193608, -0.00250488, -0.0101969, -0.0385642, -0.0193608, -0.00250488, -0.0398875, 0.00739147, -0.0700473, 0.0198516, -0.0193608, -0.00250488, -0.010316, -0.00497705, -0.0374615, 0.00330264, -0.0649141, 0.0237489, -0.00964982, 0.00608404, ]
distance =          0.5909
j_protocol =  [[1, 1, 1, 1, 1, 1, 1, 1, 1, 1, 0, 0, 1, 1, 1, 1, 1, 1, 1, 1, 1, 1, 1, 1, 1, 1, 1, 0, 0, 0, 0, 0, ],]
k_protocol =  [[0, 0, 1, 1, 1, 1, 1, 1, 1, 1, 1, 1, 1, 1, 1, 1, 1, 1, 1, 1, 1, 1, 1, 1, 1, 1, 1, 1, 1, 1, 1, 1, ],]
b_protocol =  [[1, 1, 1, 1, 1, 1, 1, 1, 1, 1, 1, 1, 1, 1, 1, 1, 1, 1, 1, 1, 1, 1, 1, 1, 1, 1, 1, 1, 1, 1, 1, 1, ],]
best_mc_result_fixed_tau =   [0.193331, ]
evolved_state_fixed_tau =   [[-0.00964982, 0.00608404, -0.0649141, 0.0237489, -0.0193608, -0.00250488, -0.010316, -0.00497705, -0.0374615, 0.00330264, -0.0101969, -0.0385642, -0.0374615, 0.00330264, -0.0936819, -0.0366711, -0.114281, 0.0602676, -0.0374615, 0.00330264, -0.010316, -0.00497705, -0.0193608, -0.00250488, -0.0649141, 0.0237489, -0.0700473, 0.0198516, -0.337211, 0.0943785, -0.0700473, 0.0198516, -0.0374615, 0.00330264, -0.114281, 0.0602676, -0.0936819, -0.0366711, -0.120295, 0.0536651, -0.0193608, -0.00250488, -0.0258136, -0.0205643, -0.0398875, 0.00739147, -0.0825342, -0.025729, -0.20651, 0.00783496, -0.0398875, 0.00739147, -0.0101969, -0.0385642, -0.0936819, -0.0366711, -0.0189439, -0.0534782, -0.0936819, -0.0366711, -0.00964982, 0.00608404, -0.0649141, 0.0237489, -0.0398875, 0.00739147, -0.0700473, 0.0198516, -0.0374615, 0.00330264, -0.0700473, 0.0198516, -0.0825342, -0.025729, -0.0700473, 0.0198516, -0.20651, 0.00783496, -0.337211, 0.0943785, -0.0649141, 0.0237489, -0.0936819, -0.0366711, -0.120295, 0.0536651, -0.0936819, -0.0366711, -0.114281, 0.0602676, -0.0649141, 0.0237489, -0.337211, 0.0943785, -0.20651, 0.00783496, -0.337211, 0.0943785, -0.114281, 0.0602676, -0.0193608, -0.00250488, -0.0700473, 0.0198516, -0.0398875, 0.00739147, -0.0649141, 0.0237489, -0.0374615, 0.00330264, -0.010316, -0.00497705, -0.0398875, 0.00739147, -0.0258136, -0.0205643, -0.0193608, -0.00250488, -0.0398875, 0.00739147, -0.0649141, 0.0237489, -0.00964982, 0.00608404, -0.0189439, -0.0534782, -0.0936819, -0.0366711, -0.0101969, -0.0385642, -0.0374615, 0.00330264, -0.0398875, 0.00739147, -0.20651, 0.00783496, -0.0825342, -0.025729, -0.0700473, 0.0198516, -0.0936819, -0.0366711, -0.0258136, -0.0205643, -0.0825342, -0.025729, -0.0258136, -0.0205643, -0.0193608, -0.00250488, -0.0101969, -0.0385642, -0.0193608, -0.00250488, -0.0398875, 0.00739147, -0.0700473, 0.0198516, -0.0193608, -0.00250488, -0.010316, -0.00497705, -0.0374615, 0.00330264, -0.0649141, 0.0237489, -0.00964982, 0.00608404, ],]
##############################################################################
clock_duration  =         141.743
tau =                     0.50531
total_steps =             32
time_step =               0.0157909
best_mc_result =          0.171478
evolved_target_dot_squared =  0.828522
best_evolved_state = [-0.00409895, -0.00815997, -0.0494492, -0.0383352, -0.00616226, -0.0171228, -0.00869875, -0.0100168, -0.0242302, -0.017934, 0.0376891, -0.0630631, -0.0242302, -0.017934, -0.0415534, -0.103569, -0.0913055, -0.0570139, -0.0242302, -0.017934, -0.00869875, -0.0100168, -0.00616226, -0.0171228, -0.0494492, -0.0383352, -0.0480375, -0.0489358, -0.268172, -0.208557, -0.0480375, -0.0489358, -0.0242302, -0.017934, -0.0913055, -0.0570139, -0.0415534, -0.103569, -0.0840111, -0.0745352, -0.00616226, -0.0171228, -0.0047696, -0.0408576, -0.0169021, -0.0300052, -0.0286141, -0.0951506, -0.122264, -0.180479, -0.0169021, -0.0300052, 0.0376891, -0.0630631, -0.0415534, -0.103569, 0.0479035, -0.0873126, -0.0415534, -0.103569, -0.00409895, -0.00815997, -0.0494492, -0.0383352, -0.0169021, -0.0300052, -0.0480375, -0.0489358, -0.0242302, -0.017934, -0.0480375, -0.0489358, -0.0286141, -0.0951506, -0.0480375, -0.0489358, -0.122264, -0.180479, -0.268172, -0.208557, -0.0494492, -0.0383352, -0.0415534, -0.103569, -0.0840111, -0.0745352, -0.0415534, -0.103569, -0.0913055, -0.0570139, -0.0494492, -0.0383352, -0.268172, -0.208557, -0.122264, -0.180479, -0.268172, -0.208557, -0.0913055, -0.0570139, -0.00616226, -0.0171228, -0.0480375, -0.0489358, -0.0169021, -0.0300052, -0.0494492, -0.0383352, -0.0242302, -0.017934, -0.00869875, -0.0100168, -0.0169021, -0.0300052, -0.0047696, -0.0408576, -0.00616226, -0.0171228, -0.0169021, -0.0300052, -0.0494492, -0.0383352, -0.00409895, -0.00815997, 0.0479035, -0.0873126, -0.0415534, -0.103569, 0.0376891, -0.0630631, -0.0242302, -0.017934, -0.0169021, -0.0300052, -0.122264, -0.180479, -0.0286141, -0.0951506, -0.0480375, -0.0489358, -0.0415534, -0.103569, -0.0047696, -0.0408576, -0.0286141, -0.0951506, -0.0047696, -0.0408576, -0.00616226, -0.0171228, 0.0376891, -0.0630631, -0.00616226, -0.0171228, -0.0169021, -0.0300052, -0.0480375, -0.0489358, -0.00616226, -0.0171228, -0.00869875, -0.0100168, -0.0242302, -0.017934, -0.0494492, -0.0383352, -0.00409895, -0.00815997, ]
distance =          0.524107
j_protocol =  [[1, 1, 1, 1, 1, 1, 1, 1, 0, 0, 0, 0, 1, 1, 1, 1, 1, 1, 1, 1, 1, 1, 1, 1, 1, 1, 1, 1, 1, 1, 0, 0, ],]
k_protocol =  [[0, 0, 1, 1, 1, 1, 1, 1, 1, 1, 1, 1, 1, 1, 1, 1, 1, 1, 1, 1, 1, 1, 1, 1, 1, 1, 1, 1, 1, 1, 1, 1, ],]
b_protocol =  [[1, 1, 1, 1, 1, 1, 1, 1, 1, 1, 1, 1, 1, 1, 1, 1, 1, 1, 1, 1, 1, 1, 1, 1, 1, 1, 1, 1, 1, 1, 1, 1, ],]
best_mc_result_fixed_tau =   [0.171478, ]
evolved_state_fixed_tau =   [[-0.00409895, -0.00815997, -0.0494492, -0.0383352, -0.00616226, -0.0171228, -0.00869875, -0.0100168, -0.0242302, -0.017934, 0.0376891, -0.0630631, -0.0242302, -0.017934, -0.0415534, -0.103569, -0.0913055, -0.0570139, -0.0242302, -0.017934, -0.00869875, -0.0100168, -0.00616226, -0.0171228, -0.0494492, -0.0383352, -0.0480375, -0.0489358, -0.268172, -0.208557, -0.0480375, -0.0489358, -0.0242302, -0.017934, -0.0913055, -0.0570139, -0.0415534, -0.103569, -0.0840111, -0.0745352, -0.00616226, -0.0171228, -0.0047696, -0.0408576, -0.0169021, -0.0300052, -0.0286141, -0.0951506, -0.122264, -0.180479, -0.0169021, -0.0300052, 0.0376891, -0.0630631, -0.0415534, -0.103569, 0.0479035, -0.0873126, -0.0415534, -0.103569, -0.00409895, -0.00815997, -0.0494492, -0.0383352, -0.0169021, -0.0300052, -0.0480375, -0.0489358, -0.0242302, -0.017934, -0.0480375, -0.0489358, -0.0286141, -0.0951506, -0.0480375, -0.0489358, -0.122264, -0.180479, -0.268172, -0.208557, -0.0494492, -0.0383352, -0.0415534, -0.103569, -0.0840111, -0.0745352, -0.0415534, -0.103569, -0.0913055, -0.0570139, -0.0494492, -0.0383352, -0.268172, -0.208557, -0.122264, -0.180479, -0.268172, -0.208557, -0.0913055, -0.0570139, -0.00616226, -0.0171228, -0.0480375, -0.0489358, -0.0169021, -0.0300052, -0.0494492, -0.0383352, -0.0242302, -0.017934, -0.00869875, -0.0100168, -0.0169021, -0.0300052, -0.0047696, -0.0408576, -0.00616226, -0.0171228, -0.0169021, -0.0300052, -0.0494492, -0.0383352, -0.00409895, -0.00815997, 0.0479035, -0.0873126, -0.0415534, -0.103569, 0.0376891, -0.0630631, -0.0242302, -0.017934, -0.0169021, -0.0300052, -0.122264, -0.180479, -0.0286141, -0.0951506, -0.0480375, -0.0489358, -0.0415534, -0.103569, -0.0047696, -0.0408576, -0.0286141, -0.0951506, -0.0047696, -0.0408576, -0.00616226, -0.0171228, 0.0376891, -0.0630631, -0.00616226, -0.0171228, -0.0169021, -0.0300052, -0.0480375, -0.0489358, -0.00616226, -0.0171228, -0.00869875, -0.0100168, -0.0242302, -0.017934, -0.0494492, -0.0383352, -0.00409895, -0.00815997, ],]
##############################################################################
clock_duration  =         178.098
tau =                     0.656903
total_steps =             32
time_step =               0.0205282
best_mc_result =          0.135818
evolved_target_dot_squared =  0.864182
best_evolved_state = [0.0106201, -0.0117576, 0.0170515, -0.0526891, 0.0182522, -0.0112123, -0.00541791, -0.00456838, 0.00892563, -0.0118481, 0.102444, -0.00589861, 0.00892563, -0.0118481, 0.0714156, -0.0745666, 0.0295351, -0.0966481, 0.00892563, -0.0118481, -0.00541791, -0.00456838, 0.0182522, -0.0112123, 0.0170515, -0.0526891, 0.0297807, -0.0602958, 0.118316, -0.294417, 0.0297807, -0.0602958, 0.00892563, -0.0118481, 0.0295351, -0.0966481, 0.0714156, -0.0745666, 0.0593573, -0.109074, 0.0182522, -0.0112123, 0.0300263, -0.0239435, 0.0374809, -0.0259113, 0.0883841, -0.0691406, 0.144231, -0.184516, 0.0374809, -0.0259113, 0.102444, -0.00589861, 0.0714156, -0.0745666, 0.138706, -0.00637814, 0.0714156, -0.0745666, 0.0106201, -0.0117576, 0.0170515, -0.0526891, 0.0374809, -0.0259113, 0.0297807, -0.0602958, 0.00892563, -0.0118481, 0.0297807, -0.0602958, 0.0883841, -0.0691406, 0.0297807, -0.0602958, 0.144231, -0.184516, 0.118316, -0.294417, 0.0170515, -0.0526891, 0.0714156, -0.0745666, 0.0593573, -0.109074, 0.0714156, -0.0745666, 0.0295351, -0.0966481, 0.0170515, -0.0526891, 0.118316, -0.294417, 0.144231, -0.184516, 0.118316, -0.294417, 0.0295351, -0.0966481, 0.0182522, -0.0112123, 0.0297807, -0.0602958, 0.0374809, -0.0259113, 0.0170515, -0.0526891, 0.00892563, -0.0118481, -0.00541791, -0.00456838, 0.0374809, -0.0259113, 0.0300263, -0.0239435, 0.0182522, -0.0112123, 0.0374809, -0.0259113, 0.0170515, -0.0526891, 0.0106201, -0.0117576, 0.138706, -0.00637814, 0.0714156, -0.0745666, 0.102444, -0.00589861, 0.00892563, -0.0118481, 0.0374809, -0.0259113, 0.144231, -0.184516, 0.0883841, -0.0691406, 0.0297807, -0.0602958, 0.0714156, -0.0745666, 0.0300263, -0.0239435, 0.0883841, -0.0691406, 0.0300263, -0.0239435, 0.0182522, -0.0112123, 0.102444, -0.00589861, 0.0182522, -0.0112123, 0.0374809, -0.0259113, 0.0297807, -0.0602958, 0.0182522, -0.0112123, -0.00541791, -0.00456838, 0.00892563, -0.0118481, 0.0170515, -0.0526891, 0.0106201, -0.0117576, ]
distance =          0.415115
j_protocol =  [[1, 1, 1, 1, 1, 1, 1, 1, 0, 0, 0, 0, 1, 1, 1, 1, 1, 1, 1, 1, 1, 1, 1, 1, 1, 1, 1, 1, 1, 1, 0, 0, ],]
k_protocol =  [[0, 1, 1, 1, 1, 1, 1, 1, 1, 1, 1, 1, 1, 1, 1, 1, 1, 1, 1, 1, 1, 1, 1, 1, 1, 1, 1, 1, 1, 1, 1, 1, ],]
b_protocol =  [[1, 1, 1, 1, 1, 1, 1, 1, 1, 1, 1, 1, 1, 1, 1, 1, 1, 1, 1, 1, 1, 1, 1, 1, 1, 1, 1, 1, 1, 1, 1, 1, ],]
best_mc_result_fixed_tau =   [0.135818, ]
evolved_state_fixed_tau =   [[0.0106201, -0.0117576, 0.0170515, -0.0526891, 0.0182522, -0.0112123, -0.00541791, -0.00456838, 0.00892563, -0.0118481, 0.102444, -0.00589861, 0.00892563, -0.0118481, 0.0714156, -0.0745666, 0.0295351, -0.0966481, 0.00892563, -0.0118481, -0.00541791, -0.00456838, 0.0182522, -0.0112123, 0.0170515, -0.0526891, 0.0297807, -0.0602958, 0.118316, -0.294417, 0.0297807, -0.0602958, 0.00892563, -0.0118481, 0.0295351, -0.0966481, 0.0714156, -0.0745666, 0.0593573, -0.109074, 0.0182522, -0.0112123, 0.0300263, -0.0239435, 0.0374809, -0.0259113, 0.0883841, -0.0691406, 0.144231, -0.184516, 0.0374809, -0.0259113, 0.102444, -0.00589861, 0.0714156, -0.0745666, 0.138706, -0.00637814, 0.0714156, -0.0745666, 0.0106201, -0.0117576, 0.0170515, -0.0526891, 0.0374809, -0.0259113, 0.0297807, -0.0602958, 0.00892563, -0.0118481, 0.0297807, -0.0602958, 0.0883841, -0.0691406, 0.0297807, -0.0602958, 0.144231, -0.184516, 0.118316, -0.294417, 0.0170515, -0.0526891, 0.0714156, -0.0745666, 0.0593573, -0.109074, 0.0714156, -0.0745666, 0.0295351, -0.0966481, 0.0170515, -0.0526891, 0.118316, -0.294417, 0.144231, -0.184516, 0.118316, -0.294417, 0.0295351, -0.0966481, 0.0182522, -0.0112123, 0.0297807, -0.0602958, 0.0374809, -0.0259113, 0.0170515, -0.0526891, 0.00892563, -0.0118481, -0.00541791, -0.00456838, 0.0374809, -0.0259113, 0.0300263, -0.0239435, 0.0182522, -0.0112123, 0.0374809, -0.0259113, 0.0170515, -0.0526891, 0.0106201, -0.0117576, 0.138706, -0.00637814, 0.0714156, -0.0745666, 0.102444, -0.00589861, 0.00892563, -0.0118481, 0.0374809, -0.0259113, 0.144231, -0.184516, 0.0883841, -0.0691406, 0.0297807, -0.0602958, 0.0714156, -0.0745666, 0.0300263, -0.0239435, 0.0883841, -0.0691406, 0.0300263, -0.0239435, 0.0182522, -0.0112123, 0.102444, -0.00589861, 0.0182522, -0.0112123, 0.0374809, -0.0259113, 0.0297807, -0.0602958, 0.0182522, -0.0112123, -0.00541791, -0.00456838, 0.00892563, -0.0118481, 0.0170515, -0.0526891, 0.0106201, -0.0117576, ],]
##############################################################################
clock_duration  =         212.982
tau =                     0.755438
total_steps =             32
time_step =               0.0236075
best_mc_result =          0.112289
evolved_target_dot_squared =  0.887711
best_evolved_state = [0.0164112, -0.00759891, 0.0450068, -0.021482, 0.0255717, 0.00339395, -0.00657567, 0.00610819, 0.0227734, 0.0102814, 0.0987314, 0.0572896, 0.0227734, 0.0102814, 0.0975478, 0.00261951, 0.0876343, -0.0509271, 0.0227734, 0.0102814, -0.00657567, 0.00610819, 0.0255717, 0.00339395, 0.0450068, -0.021482, 0.0606785, -0.0223377, 0.276504, -0.110668, 0.0606785, -0.0223377, 0.0227734, 0.0102814, 0.0876343, -0.0509271, 0.0975478, 0.00261951, 0.126143, -0.0535704, 0.0255717, 0.00339395, 0.0337226, 0.00625169, 0.0605368, 0.00243385, 0.121122, 0.00528775, 0.236823, -0.0400654, 0.0605368, 0.00243385, 0.0987314, 0.0572896, 0.0975478, 0.00261951, 0.132573, 0.0841606, 0.0975478, 0.00261951, 0.0164112, -0.00759891, 0.0450068, -0.021482, 0.0605368, 0.00243385, 0.0606785, -0.0223377, 0.0227734, 0.0102814, 0.0606785, -0.0223377, 0.121122, 0.00528775, 0.0606785, -0.0223377, 0.236823, -0.0400654, 0.276504, -0.110668, 0.0450068, -0.021482, 0.0975478, 0.00261951, 0.126143, -0.0535704, 0.0975478, 0.00261951, 0.0876343, -0.0509271, 0.0450068, -0.021482, 0.276504, -0.110668, 0.236823, -0.0400654, 0.276504, -0.110668, 0.0876343, -0.0509271, 0.0255717, 0.00339395, 0.0606785, -0.0223377, 0.0605368, 0.00243385, 0.0450068, -0.021482, 0.0227734, 0.0102814, -0.00657567, 0.00610819, 0.0605368, 0.00243385, 0.0337226, 0.00625169, 0.0255717, 0.00339395, 0.0605368, 0.00243385, 0.0450068, -0.021482, 0.0164112, -0.00759891, 0.132573, 0.0841606, 0.0975478, 0.00261951, 0.0987314, 0.0572896, 0.0227734, 0.0102814, 0.0605368, 0.00243385, 0.236823, -0.0400654, 0.121122, 0.00528775, 0.0606785, -0.0223377, 0.0975478, 0.00261951, 0.0337226, 0.00625169, 0.121122, 0.00528775, 0.0337226, 0.00625169, 0.0255717, 0.00339395, 0.0987314, 0.0572896, 0.0255717, 0.00339395, 0.0605368, 0.00243385, 0.0606785, -0.0223377, 0.0255717, 0.00339395, -0.00657567, 0.00610819, 0.0227734, 0.0102814, 0.0450068, -0.021482, 0.0164112, -0.00759891, ]
distance =          0.343203
j_protocol =  [[1, 1, 1, 1, 1, 1, 1, 0, 1, 0, 0, 0, 1, 1, 1, 1, 1, 1, 1, 1, 1, 1, 1, 1, 1, 1, 1, 1, 1, 1, 0, 0, ],]
k_protocol =  [[0, 1, 1, 1, 1, 1, 1, 1, 1, 1, 1, 1, 1, 1, 1, 1, 1, 1, 1, 1, 1, 1, 1, 1, 1, 1, 1, 1, 1, 1, 1, 1, ],]
b_protocol =  [[1, 1, 1, 1, 1, 1, 1, 1, 1, 1, 1, 1, 1, 1, 1, 1, 1, 1, 1, 1, 1, 1, 1, 1, 1, 1, 1, 1, 1, 1, 1, 1, ],]
best_mc_result_fixed_tau =   [0.112289, ]
evolved_state_fixed_tau =   [[0.0164112, -0.00759891, 0.0450068, -0.021482, 0.0255717, 0.00339395, -0.00657567, 0.00610819, 0.0227734, 0.0102814, 0.0987314, 0.0572896, 0.0227734, 0.0102814, 0.0975478, 0.00261951, 0.0876343, -0.0509271, 0.0227734, 0.0102814, -0.00657567, 0.00610819, 0.0255717, 0.00339395, 0.0450068, -0.021482, 0.0606785, -0.0223377, 0.276504, -0.110668, 0.0606785, -0.0223377, 0.0227734, 0.0102814, 0.0876343, -0.0509271, 0.0975478, 0.00261951, 0.126143, -0.0535704, 0.0255717, 0.00339395, 0.0337226, 0.00625169, 0.0605368, 0.00243385, 0.121122, 0.00528775, 0.236823, -0.0400654, 0.0605368, 0.00243385, 0.0987314, 0.0572896, 0.0975478, 0.00261951, 0.132573, 0.0841606, 0.0975478, 0.00261951, 0.0164112, -0.00759891, 0.0450068, -0.021482, 0.0605368, 0.00243385, 0.0606785, -0.0223377, 0.0227734, 0.0102814, 0.0606785, -0.0223377, 0.121122, 0.00528775, 0.0606785, -0.0223377, 0.236823, -0.0400654, 0.276504, -0.110668, 0.0450068, -0.021482, 0.0975478, 0.00261951, 0.126143, -0.0535704, 0.0975478, 0.00261951, 0.0876343, -0.0509271, 0.0450068, -0.021482, 0.276504, -0.110668, 0.236823, -0.0400654, 0.276504, -0.110668, 0.0876343, -0.0509271, 0.0255717, 0.00339395, 0.0606785, -0.0223377, 0.0605368, 0.00243385, 0.0450068, -0.021482, 0.0227734, 0.0102814, -0.00657567, 0.00610819, 0.0605368, 0.00243385, 0.0337226, 0.00625169, 0.0255717, 0.00339395, 0.0605368, 0.00243385, 0.0450068, -0.021482, 0.0164112, -0.00759891, 0.132573, 0.0841606, 0.0975478, 0.00261951, 0.0987314, 0.0572896, 0.0227734, 0.0102814, 0.0605368, 0.00243385, 0.236823, -0.0400654, 0.121122, 0.00528775, 0.0606785, -0.0223377, 0.0975478, 0.00261951, 0.0337226, 0.00625169, 0.121122, 0.00528775, 0.0337226, 0.00625169, 0.0255717, 0.00339395, 0.0987314, 0.0572896, 0.0255717, 0.00339395, 0.0605368, 0.00243385, 0.0606785, -0.0223377, 0.0255717, 0.00339395, -0.00657567, 0.00610819, 0.0227734, 0.0102814, 0.0450068, -0.021482, 0.0164112, -0.00759891, ],]
##############################################################################
clock_duration  =         250.879
tau =                     0.98207
total_steps =             32
time_step =               0.0306897
best_mc_result =          0.0621791
evolved_target_dot_squared =  0.937821
best_evolved_state = [-0.00732939, 0.0145423, -0.0189005, 0.0502508, -0.015534, 0.0232348, -0.0144485, 0.0229509, -0.0135457, 0.04103, -0.0698652, 0.112341, -0.0135457, 0.04103, -0.0599837, 0.107259, -0.00961771, 0.0776905, -0.0135457, 0.04103, -0.0144485, 0.0229509, -0.015534, 0.0232348, -0.0189005, 0.0502508, -0.020148, 0.063569, -0.0180315, 0.265765, -0.020148, 0.063569, -0.0135457, 0.04103, -0.00961771, 0.0776905, -0.0599837, 0.107259, 0.00946121, 0.090067, -0.015534, 0.0232348, -0.0306784, 0.0494475, -0.00605846, 0.0575441, -0.033553, 0.122902, -0.0345969, 0.231845, -0.00605846, 0.0575441, -0.0698652, 0.112341, -0.0599837, 0.107259, -0.106193, 0.162801, -0.0599837, 0.107259, -0.00732939, 0.0145423, -0.0189005, 0.0502508, -0.00605846, 0.0575441, -0.020148, 0.063569, -0.0135457, 0.04103, -0.020148, 0.063569, -0.033553, 0.122902, -0.020148, 0.063569, -0.0345969, 0.231845, -0.0180315, 0.265765, -0.0189005, 0.0502508, -0.0599837, 0.107259, 0.00946121, 0.090067, -0.0599837, 0.107259, -0.00961771, 0.0776905, -0.0189005, 0.0502508, -0.0180315, 0.265765, -0.0345969, 0.231845, -0.0180315, 0.265765, -0.00961771, 0.0776905, -0.015534, 0.0232348, -0.020148, 0.063569, -0.00605846, 0.0575441, -0.0189005, 0.0502508, -0.0135457, 0.04103, -0.0144485, 0.0229509, -0.00605846, 0.0575441, -0.0306784, 0.0494475, -0.015534, 0.0232348, -0.00605846, 0.0575441, -0.0189005, 0.0502508, -0.00732939, 0.0145423, -0.106193, 0.162801, -0.0599837, 0.107259, -0.0698652, 0.112341, -0.0135457, 0.04103, -0.00605846, 0.0575441, -0.0345969, 0.231845, -0.033553, 0.122902, -0.020148, 0.063569, -0.0599837, 0.107259, -0.0306784, 0.0494475, -0.033553, 0.122902, -0.0306784, 0.0494475, -0.015534, 0.0232348, -0.0698652, 0.112341, -0.015534, 0.0232348, -0.00605846, 0.0575441, -0.020148, 0.063569, -0.015534, 0.0232348, -0.0144485, 0.0229509, -0.0135457, 0.04103, -0.0189005, 0.0502508, -0.00732939, 0.0145423, ]
distance =          0.190045
j_protocol =  [[1, 1, 1, 1, 1, 0, 1, 0, 0, 1, 1, 1, 1, 1, 1, 1, 1, 1, 0, 1, 1, 1, 1, 1, 1, 1, 1, 1, 1, 1, 1, 0, ],]
k_protocol =  [[0, 1, 1, 1, 1, 1, 1, 1, 1, 1, 1, 1, 1, 1, 1, 1, 1, 1, 1, 1, 1, 1, 1, 1, 1, 1, 1, 1, 1, 1, 1, 1, ],]
b_protocol =  [[1, 1, 1, 1, 1, 1, 1, 1, 1, 1, 1, 1, 1, 1, 1, 1, 1, 1, 1, 1, 1, 1, 1, 1, 1, 1, 1, 1, 1, 1, 1, 1, ],]
best_mc_result_fixed_tau =   [0.0621791, ]
evolved_state_fixed_tau =   [[-0.00732939, 0.0145423, -0.0189005, 0.0502508, -0.015534, 0.0232348, -0.0144485, 0.0229509, -0.0135457, 0.04103, -0.0698652, 0.112341, -0.0135457, 0.04103, -0.0599837, 0.107259, -0.00961771, 0.0776905, -0.0135457, 0.04103, -0.0144485, 0.0229509, -0.015534, 0.0232348, -0.0189005, 0.0502508, -0.020148, 0.063569, -0.0180315, 0.265765, -0.020148, 0.063569, -0.0135457, 0.04103, -0.00961771, 0.0776905, -0.0599837, 0.107259, 0.00946121, 0.090067, -0.015534, 0.0232348, -0.0306784, 0.0494475, -0.00605846, 0.0575441, -0.033553, 0.122902, -0.0345969, 0.231845, -0.00605846, 0.0575441, -0.0698652, 0.112341, -0.0599837, 0.107259, -0.106193, 0.162801, -0.0599837, 0.107259, -0.00732939, 0.0145423, -0.0189005, 0.0502508, -0.00605846, 0.0575441, -0.020148, 0.063569, -0.0135457, 0.04103, -0.020148, 0.063569, -0.033553, 0.122902, -0.020148, 0.063569, -0.0345969, 0.231845, -0.0180315, 0.265765, -0.0189005, 0.0502508, -0.0599837, 0.107259, 0.00946121, 0.090067, -0.0599837, 0.107259, -0.00961771, 0.0776905, -0.0189005, 0.0502508, -0.0180315, 0.265765, -0.0345969, 0.231845, -0.0180315, 0.265765, -0.00961771, 0.0776905, -0.015534, 0.0232348, -0.020148, 0.063569, -0.00605846, 0.0575441, -0.0189005, 0.0502508, -0.0135457, 0.04103, -0.0144485, 0.0229509, -0.00605846, 0.0575441, -0.0306784, 0.0494475, -0.015534, 0.0232348, -0.00605846, 0.0575441, -0.0189005, 0.0502508, -0.00732939, 0.0145423, -0.106193, 0.162801, -0.0599837, 0.107259, -0.0698652, 0.112341, -0.0135457, 0.04103, -0.00605846, 0.0575441, -0.0345969, 0.231845, -0.033553, 0.122902, -0.020148, 0.063569, -0.0599837, 0.107259, -0.0306784, 0.0494475, -0.033553, 0.122902, -0.0306784, 0.0494475, -0.015534, 0.0232348, -0.0698652, 0.112341, -0.015534, 0.0232348, -0.00605846, 0.0575441, -0.020148, 0.063569, -0.015534, 0.0232348, -0.0144485, 0.0229509, -0.0135457, 0.04103, -0.0189005, 0.0502508, -0.00732939, 0.0145423, ],]
##############################################################################
clock_duration  =         1421.49
tau =                     1.03117
total_steps =             256
time_step =               0.00402802
best_mc_result =          0.0495202
evolved_target_dot_squared =  0.95048
best_evolved_state = [-0.0086375, 0.0179321, -0.0318194, 0.0450742, -0.0209583, 0.0206244, -0.0133038, 0.0196955, -0.0217238, 0.0361192, -0.0910877, 0.0956745, -0.0217238, 0.0361192, -0.083414, 0.0866087, -0.0339104, 0.0763072, -0.0217238, 0.0361192, -0.0133038, 0.0196955, -0.0209583, 0.0206244, -0.0318194, 0.0450742, -0.0348934, 0.0579991, -0.100071, 0.247841, -0.0348934, 0.0579991, -0.0217238, 0.0361192, -0.0339104, 0.0763072, -0.083414, 0.0866087, -0.017491, 0.0879972, -0.0209583, 0.0206244, -0.0358764, 0.0396909, -0.0192595, 0.0556219, -0.0595439, 0.110446, -0.0947497, 0.215729, -0.0192595, 0.0556219, -0.0910877, 0.0956745, -0.083414, 0.0866087, -0.135638, 0.137471, -0.083414, 0.0866087, -0.0086375, 0.0179321, -0.0318194, 0.0450742, -0.0192595, 0.0556219, -0.0348934, 0.0579991, -0.0217238, 0.0361192, -0.0348934, 0.0579991, -0.0595439, 0.110446, -0.0348934, 0.0579991, -0.0947497, 0.215729, -0.100071, 0.247841, -0.0318194, 0.0450742, -0.083414, 0.0866087, -0.017491, 0.0879972, -0.083414, 0.0866087, -0.0339104, 0.0763072, -0.0318194, 0.0450742, -0.100071, 0.247841, -0.0947497, 0.215729, -0.100071, 0.247841, -0.0339104, 0.0763072, -0.0209583, 0.0206244, -0.0348934, 0.0579991, -0.0192595, 0.0556219, -0.0318194, 0.0450742, -0.0217238, 0.0361192, -0.0133038, 0.0196955, -0.0192595, 0.0556219, -0.0358764, 0.0396909, -0.0209583, 0.0206244, -0.0192595, 0.0556219, -0.0318194, 0.0450742, -0.0086375, 0.0179321, -0.135638, 0.137471, -0.083414, 0.0866087, -0.0910877, 0.0956745, -0.0217238, 0.0361192, -0.0192595, 0.0556219, -0.0947497, 0.215729, -0.0595439, 0.110446, -0.0348934, 0.0579991, -0.083414, 0.0866087, -0.0358764, 0.0396909, -0.0595439, 0.110446, -0.0358764, 0.0396909, -0.0209583, 0.0206244, -0.0910877, 0.0956745, -0.0209583, 0.0206244, -0.0192595, 0.0556219, -0.0348934, 0.0579991, -0.0209583, 0.0206244, -0.0133038, 0.0196955, -0.0217238, 0.0361192, -0.0318194, 0.0450742, -0.0086375, 0.0179321, ]
distance =          0.151354
j_protocol =  [[1, 1, 1, 1, 1, 1, 1, 1, 1, 1, 1, 1, 1, 1, 1, 1, 1, 1, 1, 1, 1, 1, 1, 1, 1, 1, 1, 1, 1, 1, 1, 1, 1, 1, 1, 1, 1, 1, 1, 1, 0, 0, 0, 0, 0, 0, 0, 0, 0, 0, 0, 0, 0, 0, 0, 0, 0, 0, 1, 1, 1, 1, 1, 1, 0, 0, 0, 0, 1, 1, 1, 1, 1, 1, 1, 1, 1, 1, 1, 1, 1, 1, 1, 1, 1, 1, 1, 1, 1, 1, 1, 1, 1, 1, 1, 1, 1, 1, 1, 1, 1, 1, 1, 1, 1, 1, 1, 1, 1, 1, 1, 1, 1, 1, 1, 1, 1, 1, 1, 1, 1, 1, 1, 1, 1, 1, 1, 1, 1, 1, 1, 1, 0, 0, 1, 1, 1, 1, 1, 1, 1, 1, 0, 0, 0, 0, 0, 0, 0, 0, 0, 0, 1, 1, 1, 1, 1, 1, 1, 1, 1, 1, 1, 1, 1, 1, 1, 1, 1, 1, 1, 1, 1, 1, 1, 1, 1, 1, 1, 1, 1, 1, 1, 1, 1, 1, 1, 1, 1, 1, 1, 1, 1, 1, 1, 1, 1, 1, 1, 1, 1, 1, 1, 1, 1, 1, 1, 1, 1, 1, 1, 1, 1, 1, 1, 1, 1, 1, 1, 1, 1, 1, 1, 1, 1, 1, 1, 1, 1, 1, 1, 1, 1, 1, 1, 1, 1, 1, 1, 1, 1, 1, 1, 1, 0, 0, 0, 0, 0, 0, 0, 0, 0, 0, 0, 0, ],]
k_protocol =  [[0, 0, 0, 0, 0, 0, 0, 0, 1, 1, 1, 1, 1, 1, 1, 1, 1, 1, 1, 1, 1, 1, 1, 1, 1, 1, 1, 1, 1, 1, 1, 1, 1, 1, 1, 1, 1, 1, 1, 1, 1, 1, 1, 1, 1, 1, 1, 1, 1, 1, 1, 1, 1, 1, 1, 1, 1, 1, 1, 1, 1, 1, 1, 1, 1, 1, 1, 1, 1, 1, 1, 1, 1, 1, 1, 1, 1, 1, 1, 1, 1, 1, 1, 1, 1, 1, 1, 1, 1, 1, 1, 1, 1, 1, 1, 1, 1, 1, 1, 1, 1, 1, 1, 1, 1, 1, 1, 1, 1, 1, 1, 1, 1, 1, 1, 1, 1, 1, 1, 1, 1, 1, 1, 1, 1, 1, 1, 1, 1, 1, 1, 1, 1, 1, 1, 1, 1, 1, 1, 1, 1, 1, 1, 1, 1, 1, 1, 1, 1, 1, 1, 1, 1, 1, 1, 1, 1, 1, 1, 1, 1, 1, 1, 1, 1, 1, 1, 1, 1, 1, 1, 1, 1, 1, 1, 1, 1, 1, 1, 1, 1, 1, 1, 1, 1, 1, 1, 1, 1, 1, 1, 1, 1, 1, 1, 1, 1, 1, 1, 1, 1, 1, 1, 1, 1, 1, 1, 1, 1, 1, 1, 1, 1, 1, 1, 1, 1, 1, 1, 1, 1, 1, 1, 1, 1, 1, 1, 1, 1, 1, 1, 1, 1, 1, 1, 1, 1, 1, 1, 1, 1, 1, 1, 1, 1, 1, 1, 1, 1, 1, 1, 1, 1, 1, 1, 1, ],]
b_protocol =  [[1, 1, 1, 1, 1, 1, 1, 1, 1, 1, 1, 1, 1, 1, 1, 1, 1, 1, 1, 1, 1, 1, 1, 1, 1, 1, 1, 1, 1, 1, 1, 1, 1, 1, 1, 1, 1, 1, 1, 1, 1, 1, 1, 1, 1, 1, 1, 1, 1, 1, 1, 1, 1, 1, 1, 1, 1, 1, 1, 1, 1, 1, 1, 1, 1, 1, 1, 1, 1, 1, 1, 1, 1, 1, 1, 1, 1, 1, 1, 1, 1, 1, 1, 1, 1, 1, 1, 1, 1, 1, 1, 1, 1, 1, 1, 1, 1, 1, 1, 1, 1, 1, 1, 1, 1, 1, 1, 1, 1, 1, 1, 1, 1, 1, 1, 1, 1, 1, 1, 1, 1, 1, 1, 1, 1, 1, 1, 1, 1, 1, 1, 1, 1, 1, 1, 1, 1, 1, 1, 1, 1, 1, 1, 1, 1, 1, 1, 1, 1, 1, 1, 1, 1, 1, 1, 1, 1, 1, 1, 1, 1, 1, 1, 1, 1, 1, 1, 1, 1, 1, 1, 1, 1, 1, 1, 1, 1, 1, 1, 1, 1, 1, 1, 1, 1, 1, 1, 1, 1, 1, 1, 1, 1, 1, 1, 1, 1, 1, 1, 1, 1, 1, 1, 1, 1, 1, 1, 1, 1, 1, 1, 1, 1, 1, 1, 1, 1, 1, 1, 1, 1, 1, 1, 1, 1, 1, 1, 1, 1, 1, 1, 1, 1, 1, 1, 1, 1, 1, 1, 1, 1, 1, 1, 1, 1, 1, 1, 1, 1, 1, 1, 1, 1, 1, 1, 1, ],]
best_mc_result_fixed_tau =   [0.0495202, ]
evolved_state_fixed_tau =   [[-0.0086375, 0.0179321, -0.0318194, 0.0450742, -0.0209583, 0.0206244, -0.0133038, 0.0196955, -0.0217238, 0.0361192, -0.0910877, 0.0956745, -0.0217238, 0.0361192, -0.083414, 0.0866087, -0.0339104, 0.0763072, -0.0217238, 0.0361192, -0.0133038, 0.0196955, -0.0209583, 0.0206244, -0.0318194, 0.0450742, -0.0348934, 0.0579991, -0.100071, 0.247841, -0.0348934, 0.0579991, -0.0217238, 0.0361192, -0.0339104, 0.0763072, -0.083414, 0.0866087, -0.017491, 0.0879972, -0.0209583, 0.0206244, -0.0358764, 0.0396909, -0.0192595, 0.0556219, -0.0595439, 0.110446, -0.0947497, 0.215729, -0.0192595, 0.0556219, -0.0910877, 0.0956745, -0.083414, 0.0866087, -0.135638, 0.137471, -0.083414, 0.0866087, -0.0086375, 0.0179321, -0.0318194, 0.0450742, -0.0192595, 0.0556219, -0.0348934, 0.0579991, -0.0217238, 0.0361192, -0.0348934, 0.0579991, -0.0595439, 0.110446, -0.0348934, 0.0579991, -0.0947497, 0.215729, -0.100071, 0.247841, -0.0318194, 0.0450742, -0.083414, 0.0866087, -0.017491, 0.0879972, -0.083414, 0.0866087, -0.0339104, 0.0763072, -0.0318194, 0.0450742, -0.100071, 0.247841, -0.0947497, 0.215729, -0.100071, 0.247841, -0.0339104, 0.0763072, -0.0209583, 0.0206244, -0.0348934, 0.0579991, -0.0192595, 0.0556219, -0.0318194, 0.0450742, -0.0217238, 0.0361192, -0.0133038, 0.0196955, -0.0192595, 0.0556219, -0.0358764, 0.0396909, -0.0209583, 0.0206244, -0.0192595, 0.0556219, -0.0318194, 0.0450742, -0.0086375, 0.0179321, -0.135638, 0.137471, -0.083414, 0.0866087, -0.0910877, 0.0956745, -0.0217238, 0.0361192, -0.0192595, 0.0556219, -0.0947497, 0.215729, -0.0595439, 0.110446, -0.0348934, 0.0579991, -0.083414, 0.0866087, -0.0358764, 0.0396909, -0.0595439, 0.110446, -0.0358764, 0.0396909, -0.0209583, 0.0206244, -0.0910877, 0.0956745, -0.0209583, 0.0206244, -0.0192595, 0.0556219, -0.0348934, 0.0579991, -0.0209583, 0.0206244, -0.0133038, 0.0196955, -0.0217238, 0.0361192, -0.0318194, 0.0450742, -0.0086375, 0.0179321, ],]
##############################################################################
clock_duration  =         2918.75
tau =                     1.08273
total_steps =             256
time_step =               0.00422942
best_mc_result =          0.0374551
evolved_target_dot_squared =  0.962545
best_evolved_state = [-0.0170936, 0.014188, -0.0548495, 0.0274648, -0.0330993, 0.00936599, -0.0143508, 0.0171028, -0.032878, 0.0242939, -0.120687, 0.0440839, -0.032878, 0.0242939, -0.122321, 0.0418879, -0.0741809, 0.0500673, -0.032878, 0.0242939, -0.0143508, 0.0171028, -0.0330993, 0.00936599, -0.0548495, 0.0274648, -0.063387, 0.0368261, -0.202162, 0.162716, -0.063387, 0.0368261, -0.032878, 0.0242939, -0.0741809, 0.0500673, -0.122321, 0.0418879, -0.0639682, 0.0536533, -0.0330993, 0.00936599, -0.0525931, 0.0235848, -0.0427381, 0.0366778, -0.104398, 0.0686898, -0.179612, 0.144033, -0.0427381, 0.0366778, -0.120687, 0.0440839, -0.122321, 0.0418879, -0.177632, 0.0659738, -0.122321, 0.0418879, -0.0170936, 0.014188, -0.0548495, 0.0274648, -0.0427381, 0.0366778, -0.063387, 0.0368261, -0.032878, 0.0242939, -0.063387, 0.0368261, -0.104398, 0.0686898, -0.063387, 0.0368261, -0.179612, 0.144033, -0.202162, 0.162716, -0.0548495, 0.0274648, -0.122321, 0.0418879, -0.0639682, 0.0536533, -0.122321, 0.0418879, -0.0741809, 0.0500673, -0.0548495, 0.0274648, -0.202162, 0.162716, -0.179612, 0.144033, -0.202162, 0.162716, -0.0741809, 0.0500673, -0.0330993, 0.00936599, -0.063387, 0.0368261, -0.0427381, 0.0366778, -0.0548495, 0.0274648, -0.032878, 0.0242939, -0.0143508, 0.0171028, -0.0427381, 0.0366778, -0.0525931, 0.0235848, -0.0330993, 0.00936599, -0.0427381, 0.0366778, -0.0548495, 0.0274648, -0.0170936, 0.014188, -0.177632, 0.0659738, -0.122321, 0.0418879, -0.120687, 0.0440839, -0.032878, 0.0242939, -0.0427381, 0.0366778, -0.179612, 0.144033, -0.104398, 0.0686898, -0.063387, 0.0368261, -0.122321, 0.0418879, -0.0525931, 0.0235848, -0.104398, 0.0686898, -0.0525931, 0.0235848, -0.0330993, 0.00936599, -0.120687, 0.0440839, -0.0330993, 0.00936599, -0.0427381, 0.0366778, -0.063387, 0.0368261, -0.0330993, 0.00936599, -0.0143508, 0.0171028, -0.032878, 0.0242939, -0.0548495, 0.0274648, -0.0170936, 0.014188, ]
distance =          0.114478
j_protocol =  [[1, 1, 1, 1, 1, 1, 1, 1, 1, 1, 1, 1, 1, 1, 1, 1, 1, 1, 1, 1, 1, 1, 1, 1, 1, 1, 1, 1, 1, 1, 1, 1, 1, 1, 1, 1, 1, 1, 0, 0, 1, 1, 0, 0, 0, 0, 0, 0, 0, 0, 0, 0, 1, 1, 0, 0, 0, 0, 1, 1, 0, 0, 0, 0, 1, 1, 0, 0, 1, 1, 1, 1, 1, 1, 1, 1, 1, 1, 1, 1, 1, 1, 1, 1, 1, 1, 1, 1, 1, 1, 1, 1, 1, 1, 1, 1, 1, 1, 1, 1, 1, 1, 1, 1, 1, 1, 1, 1, 1, 1, 1, 1, 1, 1, 1, 1, 1, 1, 1, 1, 1, 1, 1, 1, 1, 1, 1, 1, 1, 1, 1, 1, 1, 1, 0, 0, 0, 0, 1, 1, 0, 0, 0, 0, 1, 1, 1, 1, 0, 0, 1, 1, 1, 1, 0, 0, 1, 1, 1, 1, 1, 1, 1, 1, 1, 1, 1, 1, 1, 1, 1, 1, 1, 1, 1, 1, 1, 1, 1, 1, 1, 1, 1, 1, 1, 1, 1, 1, 1, 1, 1, 1, 1, 1, 1, 1, 1, 1, 1, 1, 1, 1, 1, 1, 1, 1, 1, 1, 1, 1, 1, 1, 1, 1, 1, 1, 1, 1, 1, 1, 1, 1, 1, 1, 1, 1, 1, 1, 1, 1, 1, 1, 1, 1, 1, 1, 1, 1, 1, 1, 1, 1, 1, 1, 1, 1, 0, 0, 0, 0, 0, 0, 0, 0, 0, 0, ],]
k_protocol =  [[0, 0, 0, 0, 0, 0, 1, 1, 1, 1, 1, 1, 1, 1, 1, 1, 1, 1, 1, 1, 1, 1, 1, 1, 1, 1, 1, 1, 1, 1, 1, 1, 1, 1, 1, 1, 1, 1, 1, 1, 1, 1, 1, 1, 1, 1, 1, 1, 1, 1, 1, 1, 1, 1, 1, 1, 1, 1, 1, 1, 1, 1, 1, 1, 1, 1, 1, 1, 1, 1, 1, 1, 1, 1, 1, 1, 1, 1, 1, 1, 1, 1, 1, 1, 1, 1, 1, 1, 1, 1, 1, 1, 1, 1, 1, 1, 1, 1, 1, 1, 1, 1, 1, 1, 1, 1, 1, 1, 1, 1, 1, 1, 1, 1, 1, 1, 1, 1, 1, 1, 1, 1, 1, 1, 1, 1, 1, 1, 1, 1, 1, 1, 1, 1, 1, 1, 1, 1, 1, 1, 1, 1, 1, 1, 1, 1, 1, 1, 1, 1, 1, 1, 1, 1, 1, 1, 1, 1, 1, 1, 1, 1, 1, 1, 1, 1, 1, 1, 1, 1, 1, 1, 1, 1, 1, 1, 1, 1, 1, 1, 1, 1, 1, 1, 1, 1, 1, 1, 1, 1, 1, 1, 1, 1, 1, 1, 1, 1, 1, 1, 1, 1, 1, 1, 1, 1, 1, 1, 1, 1, 1, 1, 1, 1, 1, 1, 1, 1, 1, 1, 1, 1, 1, 1, 1, 1, 1, 1, 1, 1, 1, 1, 1, 1, 1, 1, 1, 1, 1, 1, 1, 1, 1, 1, 1, 1, 1, 1, 1, 1, 1, 1, 1, 1, 1, 1, ],]
b_protocol =  [[1, 1, 1, 1, 1, 1, 1, 1, 1, 1, 1, 1, 1, 1, 1, 1, 1, 1, 1, 1, 1, 1, 1, 1, 1, 1, 1, 1, 1, 1, 1, 1, 1, 1, 1, 1, 1, 1, 1, 1, 1, 1, 1, 1, 1, 1, 1, 1, 1, 1, 1, 1, 1, 1, 1, 1, 1, 1, 1, 1, 1, 1, 1, 1, 1, 1, 1, 1, 1, 1, 1, 1, 1, 1, 1, 1, 1, 1, 1, 1, 1, 1, 1, 1, 1, 1, 1, 1, 1, 1, 1, 1, 1, 1, 1, 1, 1, 1, 1, 1, 1, 1, 1, 1, 1, 1, 1, 1, 1, 1, 1, 1, 1, 1, 1, 1, 1, 1, 1, 1, 1, 1, 1, 1, 1, 1, 1, 1, 1, 1, 1, 1, 1, 1, 1, 1, 1, 1, 1, 1, 1, 1, 1, 1, 1, 1, 1, 1, 1, 1, 1, 1, 1, 1, 1, 1, 1, 1, 1, 1, 1, 1, 1, 1, 1, 1, 1, 1, 1, 1, 1, 1, 1, 1, 1, 1, 1, 1, 1, 1, 1, 1, 1, 1, 1, 1, 1, 1, 1, 1, 1, 1, 1, 1, 1, 1, 1, 1, 1, 1, 1, 1, 1, 1, 1, 1, 1, 1, 1, 1, 1, 1, 1, 1, 1, 1, 1, 1, 1, 1, 1, 1, 1, 1, 1, 1, 1, 1, 1, 1, 1, 1, 1, 1, 1, 1, 1, 1, 1, 1, 1, 1, 1, 1, 1, 1, 1, 1, 1, 1, 1, 1, 1, 1, 1, 1, ],]
best_mc_result_fixed_tau =   [0.0374551, ]
evolved_state_fixed_tau =   [[-0.0170936, 0.014188, -0.0548495, 0.0274648, -0.0330993, 0.00936599, -0.0143508, 0.0171028, -0.032878, 0.0242939, -0.120687, 0.0440839, -0.032878, 0.0242939, -0.122321, 0.0418879, -0.0741809, 0.0500673, -0.032878, 0.0242939, -0.0143508, 0.0171028, -0.0330993, 0.00936599, -0.0548495, 0.0274648, -0.063387, 0.0368261, -0.202162, 0.162716, -0.063387, 0.0368261, -0.032878, 0.0242939, -0.0741809, 0.0500673, -0.122321, 0.0418879, -0.0639682, 0.0536533, -0.0330993, 0.00936599, -0.0525931, 0.0235848, -0.0427381, 0.0366778, -0.104398, 0.0686898, -0.179612, 0.144033, -0.0427381, 0.0366778, -0.120687, 0.0440839, -0.122321, 0.0418879, -0.177632, 0.0659738, -0.122321, 0.0418879, -0.0170936, 0.014188, -0.0548495, 0.0274648, -0.0427381, 0.0366778, -0.063387, 0.0368261, -0.032878, 0.0242939, -0.063387, 0.0368261, -0.104398, 0.0686898, -0.063387, 0.0368261, -0.179612, 0.144033, -0.202162, 0.162716, -0.0548495, 0.0274648, -0.122321, 0.0418879, -0.0639682, 0.0536533, -0.122321, 0.0418879, -0.0741809, 0.0500673, -0.0548495, 0.0274648, -0.202162, 0.162716, -0.179612, 0.144033, -0.202162, 0.162716, -0.0741809, 0.0500673, -0.0330993, 0.00936599, -0.063387, 0.0368261, -0.0427381, 0.0366778, -0.0548495, 0.0274648, -0.032878, 0.0242939, -0.0143508, 0.0171028, -0.0427381, 0.0366778, -0.0525931, 0.0235848, -0.0330993, 0.00936599, -0.0427381, 0.0366778, -0.0548495, 0.0274648, -0.0170936, 0.014188, -0.177632, 0.0659738, -0.122321, 0.0418879, -0.120687, 0.0440839, -0.032878, 0.0242939, -0.0427381, 0.0366778, -0.179612, 0.144033, -0.104398, 0.0686898, -0.063387, 0.0368261, -0.122321, 0.0418879, -0.0525931, 0.0235848, -0.104398, 0.0686898, -0.0525931, 0.0235848, -0.0330993, 0.00936599, -0.120687, 0.0440839, -0.0330993, 0.00936599, -0.0427381, 0.0366778, -0.063387, 0.0368261, -0.0330993, 0.00936599, -0.0143508, 0.0171028, -0.032878, 0.0242939, -0.0548495, 0.0274648, -0.0170936, 0.014188, ],]
##############################################################################
clock_duration  =         4424.42
tau =                     1.13687
total_steps =             256
time_step =               0.00444089
best_mc_result =          0.0268706
evolved_target_dot_squared =  0.973129
best_evolved_state = [-0.0209799, 0.0118712, -0.064912, 0.00599886, -0.0382541, -0.00124647, -0.0111632, 0.0120353, -0.03719, 0.00977342, -0.125806, 0.00145524, -0.03719, 0.00977342, -0.131692, -0.00549935, -0.096485, 0.0181206, -0.03719, 0.00977342, -0.0111632, 0.0120353, -0.0382541, -0.00124647, -0.064912, 0.00599886, -0.0755105, 0.0117647, -0.247533, 0.0651647, -0.0755105, 0.0117647, -0.03719, 0.00977342, -0.096485, 0.0181206, -0.131692, -0.00549935, -0.0883407, 0.0136467, -0.0382541, -0.00124647, -0.054536, 0.00540887, -0.0560434, 0.0164304, -0.121452, 0.0253991, -0.21663, 0.0657476, -0.0560434, 0.0164304, -0.125806, 0.00145524, -0.131692, -0.00549935, -0.183655, 0.00610882, -0.131692, -0.00549935, -0.0209799, 0.0118712, -0.064912, 0.00599886, -0.0560434, 0.0164304, -0.0755105, 0.0117647, -0.03719, 0.00977342, -0.0755105, 0.0117647, -0.121452, 0.0253991, -0.0755105, 0.0117647, -0.21663, 0.0657476, -0.247533, 0.0651647, -0.064912, 0.00599886, -0.131692, -0.00549935, -0.0883407, 0.0136467, -0.131692, -0.00549935, -0.096485, 0.0181206, -0.064912, 0.00599886, -0.247533, 0.0651647, -0.21663, 0.0657476, -0.247533, 0.0651647, -0.096485, 0.0181206, -0.0382541, -0.00124647, -0.0755105, 0.0117647, -0.0560434, 0.0164304, -0.064912, 0.00599886, -0.03719, 0.00977342, -0.0111632, 0.0120353, -0.0560434, 0.0164304, -0.054536, 0.00540887, -0.0382541, -0.00124647, -0.0560434, 0.0164304, -0.064912, 0.00599886, -0.0209799, 0.0118712, -0.183655, 0.00610882, -0.131692, -0.00549935, -0.125806, 0.00145524, -0.03719, 0.00977342, -0.0560434, 0.0164304, -0.21663, 0.0657476, -0.121452, 0.0253991, -0.0755105, 0.0117647, -0.131692, -0.00549935, -0.054536, 0.00540887, -0.121452, 0.0253991, -0.054536, 0.00540887, -0.0382541, -0.00124647, -0.125806, 0.00145524, -0.0382541, -0.00124647, -0.0560434, 0.0164304, -0.0755105, 0.0117647, -0.0382541, -0.00124647, -0.0111632, 0.0120353, -0.03719, 0.00977342, -0.064912, 0.00599886, -0.0209799, 0.0118712, ]
distance =          0.0821277
j_protocol =  [[1, 1, 1, 1, 1, 1, 1, 1, 1, 1, 1, 1, 1, 1, 1, 1, 1, 1, 1, 1, 1, 1, 1, 1, 1, 1, 1, 1, 1, 1, 1, 1, 1, 1, 0, 0, 1, 1, 0, 0, 0, 0, 1, 1, 0, 0, 1, 1, 0, 0, 0, 0, 0, 0, 0, 0, 0, 0, 0, 0, 1, 1, 1, 1, 1, 1, 1, 1, 0, 0, 1, 1, 1, 1, 1, 1, 1, 1, 1, 1, 1, 1, 1, 1, 1, 1, 1, 1, 1, 1, 1, 1, 1, 1, 1, 1, 1, 1, 1, 1, 1, 1, 1, 1, 1, 1, 1, 1, 1, 1, 1, 1, 1, 1, 1, 1, 1, 1, 1, 1, 1, 1, 1, 1, 1, 1, 0, 0, 1, 1, 1, 1, 1, 1, 1, 1, 0, 0, 1, 1, 0, 0, 1, 1, 0, 0, 1, 1, 0, 0, 0, 0, 1, 1, 0, 0, 1, 1, 1, 1, 1, 1, 1, 1, 1, 1, 1, 1, 1, 1, 1, 1, 1, 1, 1, 1, 1, 1, 1, 1, 1, 1, 1, 1, 1, 1, 1, 1, 1, 1, 1, 1, 1, 1, 1, 1, 1, 1, 1, 1, 1, 1, 1, 1, 1, 1, 1, 1, 1, 1, 1, 1, 1, 1, 1, 1, 1, 1, 1, 1, 1, 1, 1, 1, 1, 1, 1, 1, 1, 1, 1, 1, 1, 1, 1, 1, 1, 1, 1, 1, 1, 1, 1, 1, 1, 1, 0, 0, 0, 0, 0, 0, 0, 0, 0, 0, ],]
k_protocol =  [[0, 0, 0, 0, 0, 0, 1, 1, 1, 1, 1, 1, 1, 1, 1, 1, 1, 1, 1, 1, 1, 1, 1, 1, 1, 1, 1, 1, 1, 1, 1, 1, 1, 1, 1, 1, 1, 1, 1, 1, 1, 1, 1, 1, 1, 1, 1, 1, 1, 1, 1, 1, 1, 1, 1, 1, 1, 1, 1, 1, 1, 1, 1, 1, 1, 1, 1, 1, 1, 1, 1, 1, 1, 1, 1, 1, 1, 1, 1, 1, 1, 1, 1, 1, 1, 1, 1, 1, 1, 1, 1, 1, 1, 1, 1, 1, 1, 1, 1, 1, 1, 1, 1, 1, 1, 1, 1, 1, 1, 1, 1, 1, 1, 1, 1, 1, 1, 1, 1, 1, 1, 1, 1, 1, 1, 1, 1, 1, 1, 1, 1, 1, 1, 1, 1, 1, 1, 1, 1, 1, 1, 1, 1, 1, 1, 1, 1, 1, 1, 1, 1, 1, 1, 1, 1, 1, 1, 1, 1, 1, 1, 1, 1, 1, 1, 1, 1, 1, 1, 1, 1, 1, 1, 1, 1, 1, 1, 1, 1, 1, 1, 1, 1, 1, 1, 1, 1, 1, 1, 1, 1, 1, 1, 1, 1, 1, 1, 1, 1, 1, 1, 1, 1, 1, 1, 1, 1, 1, 1, 1, 1, 1, 1, 1, 1, 1, 1, 1, 1, 1, 1, 1, 1, 1, 1, 1, 1, 1, 1, 1, 1, 1, 1, 1, 1, 1, 1, 1, 1, 1, 1, 1, 1, 1, 1, 1, 1, 1, 1, 1, 1, 1, 1, 1, 1, 1, ],]
b_protocol =  [[1, 1, 1, 1, 1, 1, 1, 1, 1, 1, 1, 1, 1, 1, 1, 1, 1, 1, 1, 1, 1, 1, 1, 1, 1, 1, 1, 1, 1, 1, 1, 1, 1, 1, 1, 1, 1, 1, 1, 1, 1, 1, 1, 1, 1, 1, 1, 1, 1, 1, 1, 1, 1, 1, 1, 1, 1, 1, 1, 1, 1, 1, 1, 1, 1, 1, 1, 1, 1, 1, 1, 1, 1, 1, 1, 1, 1, 1, 1, 1, 1, 1, 1, 1, 1, 1, 1, 1, 1, 1, 1, 1, 1, 1, 1, 1, 1, 1, 1, 1, 1, 1, 1, 1, 1, 1, 1, 1, 1, 1, 1, 1, 1, 1, 1, 1, 1, 1, 1, 1, 1, 1, 1, 1, 1, 1, 1, 1, 1, 1, 1, 1, 1, 1, 1, 1, 1, 1, 1, 1, 1, 1, 1, 1, 1, 1, 1, 1, 1, 1, 1, 1, 1, 1, 1, 1, 1, 1, 1, 1, 1, 1, 1, 1, 1, 1, 1, 1, 1, 1, 1, 1, 1, 1, 1, 1, 1, 1, 1, 1, 1, 1, 1, 1, 1, 1, 1, 1, 1, 1, 1, 1, 1, 1, 1, 1, 1, 1, 1, 1, 1, 1, 1, 1, 1, 1, 1, 1, 1, 1, 1, 1, 1, 1, 1, 1, 1, 1, 1, 1, 1, 1, 1, 1, 1, 1, 1, 1, 1, 1, 1, 1, 1, 1, 1, 1, 1, 1, 1, 1, 1, 1, 1, 1, 1, 1, 1, 1, 1, 1, 1, 1, 1, 1, 1, 1, ],]
best_mc_result_fixed_tau =   [0.0268706, ]
evolved_state_fixed_tau =   [[-0.0209799, 0.0118712, -0.064912, 0.00599886, -0.0382541, -0.00124647, -0.0111632, 0.0120353, -0.03719, 0.00977342, -0.125806, 0.00145524, -0.03719, 0.00977342, -0.131692, -0.00549935, -0.096485, 0.0181206, -0.03719, 0.00977342, -0.0111632, 0.0120353, -0.0382541, -0.00124647, -0.064912, 0.00599886, -0.0755105, 0.0117647, -0.247533, 0.0651647, -0.0755105, 0.0117647, -0.03719, 0.00977342, -0.096485, 0.0181206, -0.131692, -0.00549935, -0.0883407, 0.0136467, -0.0382541, -0.00124647, -0.054536, 0.00540887, -0.0560434, 0.0164304, -0.121452, 0.0253991, -0.21663, 0.0657476, -0.0560434, 0.0164304, -0.125806, 0.00145524, -0.131692, -0.00549935, -0.183655, 0.00610882, -0.131692, -0.00549935, -0.0209799, 0.0118712, -0.064912, 0.00599886, -0.0560434, 0.0164304, -0.0755105, 0.0117647, -0.03719, 0.00977342, -0.0755105, 0.0117647, -0.121452, 0.0253991, -0.0755105, 0.0117647, -0.21663, 0.0657476, -0.247533, 0.0651647, -0.064912, 0.00599886, -0.131692, -0.00549935, -0.0883407, 0.0136467, -0.131692, -0.00549935, -0.096485, 0.0181206, -0.064912, 0.00599886, -0.247533, 0.0651647, -0.21663, 0.0657476, -0.247533, 0.0651647, -0.096485, 0.0181206, -0.0382541, -0.00124647, -0.0755105, 0.0117647, -0.0560434, 0.0164304, -0.064912, 0.00599886, -0.03719, 0.00977342, -0.0111632, 0.0120353, -0.0560434, 0.0164304, -0.054536, 0.00540887, -0.0382541, -0.00124647, -0.0560434, 0.0164304, -0.064912, 0.00599886, -0.0209799, 0.0118712, -0.183655, 0.00610882, -0.131692, -0.00549935, -0.125806, 0.00145524, -0.03719, 0.00977342, -0.0560434, 0.0164304, -0.21663, 0.0657476, -0.121452, 0.0253991, -0.0755105, 0.0117647, -0.131692, -0.00549935, -0.054536, 0.00540887, -0.121452, 0.0253991, -0.054536, 0.00540887, -0.0382541, -0.00124647, -0.125806, 0.00145524, -0.0382541, -0.00124647, -0.0560434, 0.0164304, -0.0755105, 0.0117647, -0.0382541, -0.00124647, -0.0111632, 0.0120353, -0.03719, 0.00977342, -0.064912, 0.00599886, -0.0209799, 0.0118712, ],]
##############################################################################
clock_duration  =         8225.16
tau =                     1.19371
total_steps =             256
time_step =               0.00466294
best_mc_result =          0.0189419
evolved_target_dot_squared =  0.981058
best_evolved_state = [-0.0231552, 0.007582, -0.0669937, -0.0170109, -0.0393119, -0.0125376, -0.0065764, 0.00867661, -0.0350987, -0.00384358, -0.113017, -0.0410092, -0.0350987, -0.00384358, -0.124194, -0.0523798, -0.104823, -0.0193169, -0.0350987, -0.00384358, -0.0065764, 0.00867661, -0.0393119, -0.0125376, -0.0669937, -0.0170109, -0.0779626, -0.0157524, -0.251753, -0.0413844, -0.0779626, -0.0157524, -0.0350987, -0.00384358, -0.104823, -0.0193169, -0.124194, -0.0523798, -0.0944782, -0.0346011, -0.0393119, -0.0125376, -0.051102, -0.0121878, -0.0599423, -0.00694775, -0.120917, -0.0212439, -0.220035, -0.0193347, -0.0599423, -0.00694775, -0.113017, -0.0410092, -0.124194, -0.0523798, -0.164932, -0.0523645, -0.124194, -0.0523798, -0.0231552, 0.007582, -0.0669937, -0.0170109, -0.0599423, -0.00694775, -0.0779626, -0.0157524, -0.0350987, -0.00384358, -0.0779626, -0.0157524, -0.120917, -0.0212439, -0.0779626, -0.0157524, -0.220035, -0.0193347, -0.251753, -0.0413844, -0.0669937, -0.0170109, -0.124194, -0.0523798, -0.0944782, -0.0346011, -0.124194, -0.0523798, -0.104823, -0.0193169, -0.0669937, -0.0170109, -0.251753, -0.0413844, -0.220035, -0.0193347, -0.251753, -0.0413844, -0.104823, -0.0193169, -0.0393119, -0.0125376, -0.0779626, -0.0157524, -0.0599423, -0.00694775, -0.0669937, -0.0170109, -0.0350987, -0.00384358, -0.0065764, 0.00867661, -0.0599423, -0.00694775, -0.051102, -0.0121878, -0.0393119, -0.0125376, -0.0599423, -0.00694775, -0.0669937, -0.0170109, -0.0231552, 0.007582, -0.164932, -0.0523645, -0.124194, -0.0523798, -0.113017, -0.0410092, -0.0350987, -0.00384358, -0.0599423, -0.00694775, -0.220035, -0.0193347, -0.120917, -0.0212439, -0.0779626, -0.0157524, -0.124194, -0.0523798, -0.051102, -0.0121878, -0.120917, -0.0212439, -0.051102, -0.0121878, -0.0393119, -0.0125376, -0.113017, -0.0410092, -0.0393119, -0.0125376, -0.0599423, -0.00694775, -0.0779626, -0.0157524, -0.0393119, -0.0125376, -0.0065764, 0.00867661, -0.0350987, -0.00384358, -0.0669937, -0.0170109, -0.0231552, 0.007582, ]
distance =          0.0578942
j_protocol =  [[1, 1, 1, 1, 1, 1, 1, 1, 1, 1, 1, 1, 1, 1, 1, 1, 1, 1, 1, 1, 1, 1, 1, 1, 1, 1, 1, 1, 1, 1, 1, 1, 0, 0, 1, 1, 1, 0, 0, 0, 0, 0, 0, 0, 0, 0, 1, 0, 1, 0, 1, 0, 1, 1, 1, 0, 0, 0, 1, 0, 1, 0, 0, 1, 1, 1, 1, 1, 1, 0, 1, 1, 0, 1, 0, 1, 1, 1, 1, 1, 1, 1, 1, 1, 1, 1, 1, 1, 1, 1, 1, 1, 1, 1, 1, 1, 1, 1, 1, 1, 1, 1, 1, 1, 1, 1, 1, 1, 1, 1, 1, 1, 1, 1, 1, 0, 1, 1, 1, 1, 0, 1, 1, 1, 1, 1, 1, 1, 1, 1, 0, 1, 1, 1, 1, 0, 1, 1, 1, 1, 1, 0, 0, 1, 0, 0, 1, 0, 0, 0, 1, 0, 1, 0, 0, 1, 1, 0, 1, 1, 1, 1, 1, 0, 1, 1, 1, 1, 1, 1, 1, 1, 1, 1, 1, 1, 1, 1, 1, 1, 1, 1, 1, 1, 1, 1, 1, 1, 1, 1, 1, 1, 1, 1, 1, 1, 1, 1, 1, 1, 1, 1, 1, 1, 1, 1, 1, 1, 1, 1, 1, 1, 1, 1, 1, 1, 1, 1, 1, 1, 1, 1, 1, 1, 1, 1, 1, 1, 1, 1, 1, 1, 1, 1, 1, 1, 1, 1, 1, 1, 1, 1, 1, 1, 1, 1, 0, 0, 0, 0, 0, 0, 0, 0, 0, 0, ],]
k_protocol =  [[0, 0, 0, 0, 0, 0, 1, 1, 1, 1, 1, 1, 1, 1, 1, 1, 1, 1, 1, 1, 1, 1, 1, 1, 1, 1, 1, 1, 1, 1, 1, 1, 1, 1, 1, 1, 1, 1, 1, 1, 1, 1, 1, 1, 1, 1, 1, 1, 1, 1, 1, 1, 1, 1, 1, 1, 1, 1, 1, 1, 1, 1, 1, 1, 1, 1, 1, 1, 1, 1, 1, 1, 1, 1, 1, 1, 1, 1, 1, 1, 1, 1, 1, 1, 1, 1, 1, 1, 1, 1, 1, 1, 1, 1, 1, 1, 1, 1, 1, 1, 1, 1, 1, 1, 1, 1, 1, 1, 1, 1, 1, 1, 1, 1, 1, 1, 1, 1, 1, 1, 1, 1, 1, 1, 1, 1, 1, 1, 1, 1, 1, 1, 1, 1, 1, 1, 1, 1, 1, 1, 1, 1, 1, 1, 1, 1, 1, 1, 1, 1, 1, 1, 1, 1, 1, 1, 1, 1, 1, 1, 1, 1, 1, 1, 1, 1, 1, 1, 1, 1, 1, 1, 1, 1, 1, 1, 1, 1, 1, 1, 1, 1, 1, 1, 1, 1, 1, 1, 1, 1, 1, 1, 1, 1, 1, 1, 1, 1, 1, 1, 1, 1, 1, 1, 1, 1, 1, 1, 1, 1, 1, 1, 1, 1, 1, 1, 1, 1, 1, 1, 1, 1, 1, 1, 1, 1, 1, 1, 1, 1, 1, 1, 1, 1, 1, 1, 1, 1, 1, 1, 1, 1, 1, 1, 1, 1, 1, 1, 1, 1, 1, 1, 1, 1, 1, 1, ],]
b_protocol =  [[1, 1, 1, 1, 1, 1, 1, 1, 1, 1, 1, 1, 1, 1, 1, 1, 1, 1, 1, 1, 1, 1, 1, 1, 1, 1, 1, 1, 1, 1, 1, 1, 1, 1, 1, 1, 1, 1, 1, 1, 1, 1, 1, 1, 1, 1, 1, 1, 1, 1, 1, 1, 1, 1, 1, 1, 1, 1, 1, 1, 1, 1, 1, 1, 1, 1, 1, 1, 1, 1, 1, 1, 1, 1, 1, 1, 1, 1, 1, 1, 1, 1, 1, 1, 1, 1, 1, 1, 1, 1, 1, 1, 1, 1, 1, 1, 1, 1, 1, 1, 1, 1, 1, 1, 1, 1, 1, 1, 1, 1, 1, 1, 1, 1, 1, 1, 1, 1, 1, 1, 1, 1, 1, 1, 1, 1, 1, 1, 1, 1, 1, 1, 1, 1, 1, 1, 1, 1, 1, 1, 1, 1, 1, 1, 1, 1, 1, 1, 1, 1, 1, 1, 1, 1, 1, 1, 1, 1, 1, 1, 1, 1, 1, 1, 1, 1, 1, 1, 1, 1, 1, 1, 1, 1, 1, 1, 1, 1, 1, 1, 1, 1, 1, 1, 1, 1, 1, 1, 1, 1, 1, 1, 1, 1, 1, 1, 1, 1, 1, 1, 1, 1, 1, 1, 1, 1, 1, 1, 1, 1, 1, 1, 1, 1, 1, 1, 1, 1, 1, 1, 1, 1, 1, 1, 1, 1, 1, 1, 1, 1, 1, 1, 1, 1, 1, 1, 1, 1, 1, 1, 1, 1, 1, 1, 1, 1, 1, 1, 1, 1, 1, 1, 1, 1, 1, 1, ],]
best_mc_result_fixed_tau =   [0.0189419, ]
evolved_state_fixed_tau =   [[-0.0231552, 0.007582, -0.0669937, -0.0170109, -0.0393119, -0.0125376, -0.0065764, 0.00867661, -0.0350987, -0.00384358, -0.113017, -0.0410092, -0.0350987, -0.00384358, -0.124194, -0.0523798, -0.104823, -0.0193169, -0.0350987, -0.00384358, -0.0065764, 0.00867661, -0.0393119, -0.0125376, -0.0669937, -0.0170109, -0.0779626, -0.0157524, -0.251753, -0.0413844, -0.0779626, -0.0157524, -0.0350987, -0.00384358, -0.104823, -0.0193169, -0.124194, -0.0523798, -0.0944782, -0.0346011, -0.0393119, -0.0125376, -0.051102, -0.0121878, -0.0599423, -0.00694775, -0.120917, -0.0212439, -0.220035, -0.0193347, -0.0599423, -0.00694775, -0.113017, -0.0410092, -0.124194, -0.0523798, -0.164932, -0.0523645, -0.124194, -0.0523798, -0.0231552, 0.007582, -0.0669937, -0.0170109, -0.0599423, -0.00694775, -0.0779626, -0.0157524, -0.0350987, -0.00384358, -0.0779626, -0.0157524, -0.120917, -0.0212439, -0.0779626, -0.0157524, -0.220035, -0.0193347, -0.251753, -0.0413844, -0.0669937, -0.0170109, -0.124194, -0.0523798, -0.0944782, -0.0346011, -0.124194, -0.0523798, -0.104823, -0.0193169, -0.0669937, -0.0170109, -0.251753, -0.0413844, -0.220035, -0.0193347, -0.251753, -0.0413844, -0.104823, -0.0193169, -0.0393119, -0.0125376, -0.0779626, -0.0157524, -0.0599423, -0.00694775, -0.0669937, -0.0170109, -0.0350987, -0.00384358, -0.0065764, 0.00867661, -0.0599423, -0.00694775, -0.051102, -0.0121878, -0.0393119, -0.0125376, -0.0599423, -0.00694775, -0.0669937, -0.0170109, -0.0231552, 0.007582, -0.164932, -0.0523645, -0.124194, -0.0523798, -0.113017, -0.0410092, -0.0350987, -0.00384358, -0.0599423, -0.00694775, -0.220035, -0.0193347, -0.120917, -0.0212439, -0.0779626, -0.0157524, -0.124194, -0.0523798, -0.051102, -0.0121878, -0.120917, -0.0212439, -0.051102, -0.0121878, -0.0393119, -0.0125376, -0.113017, -0.0410092, -0.0393119, -0.0125376, -0.0599423, -0.00694775, -0.0779626, -0.0157524, -0.0393119, -0.0125376, -0.0065764, 0.00867661, -0.0350987, -0.00384358, -0.0669937, -0.0170109, -0.0231552, 0.007582, ],]
##############################################################################
clock_duration  =         12067.4
tau =                     1.2534
total_steps =             256
time_step =               0.00489609
best_mc_result =          0.0139734
evolved_target_dot_squared =  0.986027
best_evolved_state = [-0.0214718, -0.003352, -0.0551951, -0.0442336, -0.032343, -0.0251389, -0.00366602, 0.00195875, -0.028124, -0.0194942, -0.0831597, -0.0819657, -0.028124, -0.0194942, -0.0918372, -0.101898, -0.0892826, -0.0647193, -0.028124, -0.0194942, -0.00366602, 0.00195875, -0.032343, -0.0251389, -0.0551951, -0.0442336, -0.0642622, -0.0486047, -0.203758, -0.15659, -0.0642622, -0.0486047, -0.028124, -0.0194942, -0.0892826, -0.0647193, -0.0918372, -0.101898, -0.0733991, -0.086045, -0.032343, -0.0251389, -0.0392417, -0.0324901, -0.052284, -0.0329674, -0.0982161, -0.0714073, -0.182607, -0.114212, -0.052284, -0.0329674, -0.0831597, -0.0819657, -0.0918372, -0.101898, -0.122224, -0.110629, -0.0918372, -0.101898, -0.0214718, -0.003352, -0.0551951, -0.0442336, -0.052284, -0.0329674, -0.0642622, -0.0486047, -0.028124, -0.0194942, -0.0642622, -0.0486047, -0.0982161, -0.0714073, -0.0642622, -0.0486047, -0.182607, -0.114212, -0.203758, -0.15659, -0.0551951, -0.0442336, -0.0918372, -0.101898, -0.0733991, -0.086045, -0.0918372, -0.101898, -0.0892826, -0.0647193, -0.0551951, -0.0442336, -0.203758, -0.15659, -0.182607, -0.114212, -0.203758, -0.15659, -0.0892826, -0.0647193, -0.032343, -0.0251389, -0.0642622, -0.0486047, -0.052284, -0.0329674, -0.0551951, -0.0442336, -0.028124, -0.0194942, -0.00366602, 0.00195875, -0.052284, -0.0329674, -0.0392417, -0.0324901, -0.032343, -0.0251389, -0.052284, -0.0329674, -0.0551951, -0.0442336, -0.0214718, -0.003352, -0.122224, -0.110629, -0.0918372, -0.101898, -0.0831597, -0.0819657, -0.028124, -0.0194942, -0.052284, -0.0329674, -0.182607, -0.114212, -0.0982161, -0.0714073, -0.0642622, -0.0486047, -0.0918372, -0.101898, -0.0392417, -0.0324901, -0.0982161, -0.0714073, -0.0392417, -0.0324901, -0.032343, -0.0251389, -0.0831597, -0.0819657, -0.032343, -0.0251389, -0.052284, -0.0329674, -0.0642622, -0.0486047, -0.032343, -0.0251389, -0.00366602, 0.00195875, -0.028124, -0.0194942, -0.0551951, -0.0442336, -0.0214718, -0.003352, ]
distance =          0.0427084
j_protocol =  [[1, 1, 1, 1, 1, 1, 1, 1, 1, 1, 1, 1, 1, 1, 1, 1, 1, 1, 1, 1, 1, 1, 1, 1, 1, 1, 1, 1, 0, 0, 0, 0, 0, 0, 0, 1, 1, 1, 1, 0, 0, 0, 1, 0, 0, 0, 0, 1, 0, 1, 1, 1, 0, 1, 1, 1, 1, 1, 1, 0, 1, 0, 0, 0, 1, 1, 1, 0, 1, 1, 1, 1, 1, 1, 1, 1, 1, 1, 1, 1, 1, 1, 1, 1, 1, 1, 0, 1, 1, 1, 1, 0, 1, 1, 1, 1, 1, 1, 1, 1, 1, 1, 1, 1, 1, 1, 1, 0, 0, 0, 1, 1, 1, 1, 0, 1, 1, 0, 1, 1, 1, 1, 1, 1, 1, 0, 1, 1, 0, 1, 1, 0, 1, 1, 1, 1, 1, 1, 1, 1, 1, 1, 0, 1, 1, 0, 1, 1, 1, 1, 1, 1, 1, 1, 0, 1, 1, 0, 1, 0, 0, 1, 0, 1, 0, 1, 1, 1, 1, 0, 1, 0, 0, 1, 1, 1, 1, 1, 1, 1, 1, 1, 1, 1, 1, 1, 1, 1, 1, 1, 1, 1, 1, 1, 1, 1, 1, 1, 1, 1, 1, 1, 1, 1, 1, 1, 1, 1, 1, 1, 1, 1, 1, 1, 1, 1, 1, 1, 1, 1, 1, 1, 1, 1, 1, 1, 1, 1, 1, 1, 1, 1, 1, 1, 1, 1, 1, 1, 1, 1, 1, 1, 1, 1, 1, 1, 1, 0, 0, 0, 0, 0, 0, 0, 0, 0, ],]
k_protocol =  [[0, 0, 0, 0, 0, 1, 1, 1, 1, 1, 1, 1, 1, 1, 1, 1, 1, 1, 1, 1, 1, 1, 1, 1, 1, 1, 1, 1, 1, 1, 1, 1, 1, 1, 1, 1, 1, 1, 1, 1, 1, 1, 1, 1, 1, 1, 1, 1, 1, 1, 1, 1, 1, 1, 1, 1, 1, 1, 1, 1, 1, 1, 1, 1, 1, 1, 1, 1, 1, 1, 1, 1, 1, 1, 1, 1, 1, 1, 1, 1, 1, 1, 1, 1, 1, 1, 1, 1, 1, 1, 1, 1, 1, 1, 1, 1, 1, 1, 1, 1, 1, 1, 1, 1, 1, 1, 1, 1, 1, 1, 1, 1, 1, 1, 1, 1, 1, 1, 1, 1, 1, 1, 1, 1, 1, 1, 1, 1, 1, 1, 1, 1, 1, 1, 1, 1, 1, 1, 1, 1, 1, 1, 1, 1, 1, 1, 1, 1, 1, 1, 1, 1, 1, 1, 1, 1, 1, 1, 1, 1, 1, 1, 1, 1, 1, 1, 1, 1, 1, 1, 1, 1, 1, 1, 1, 1, 1, 1, 1, 1, 1, 1, 1, 1, 1, 1, 1, 1, 1, 1, 1, 1, 1, 1, 1, 1, 1, 1, 1, 1, 1, 1, 1, 1, 1, 1, 1, 1, 1, 1, 1, 1, 1, 1, 1, 1, 1, 1, 1, 1, 1, 1, 1, 1, 1, 1, 1, 1, 1, 1, 1, 1, 1, 1, 1, 1, 1, 1, 1, 1, 1, 1, 1, 1, 1, 1, 1, 1, 1, 1, 1, 1, 1, 1, 1, 1, ],]
b_protocol =  [[1, 1, 1, 1, 1, 1, 1, 1, 1, 1, 1, 1, 1, 1, 1, 1, 1, 1, 1, 1, 1, 1, 1, 1, 1, 1, 1, 1, 1, 1, 1, 1, 1, 1, 1, 1, 1, 1, 1, 1, 1, 1, 1, 1, 1, 1, 1, 1, 1, 1, 1, 1, 1, 1, 1, 1, 1, 1, 1, 1, 1, 1, 1, 1, 1, 1, 1, 1, 1, 1, 1, 1, 1, 1, 1, 1, 1, 1, 1, 1, 1, 1, 1, 1, 1, 1, 1, 1, 1, 1, 1, 1, 1, 1, 1, 1, 1, 1, 1, 1, 1, 1, 1, 1, 1, 1, 1, 1, 1, 1, 1, 1, 1, 1, 1, 1, 1, 1, 1, 1, 1, 1, 1, 1, 1, 1, 1, 1, 1, 1, 1, 1, 1, 1, 1, 1, 1, 1, 1, 1, 1, 1, 1, 1, 1, 1, 1, 1, 1, 1, 1, 1, 1, 1, 1, 1, 1, 1, 1, 1, 1, 1, 1, 1, 1, 1, 1, 1, 1, 1, 1, 1, 1, 1, 1, 1, 1, 1, 1, 1, 1, 1, 1, 1, 1, 1, 1, 1, 1, 1, 1, 1, 1, 1, 1, 1, 1, 1, 1, 1, 1, 1, 1, 1, 1, 1, 1, 1, 1, 1, 1, 1, 1, 1, 1, 1, 1, 1, 1, 1, 1, 1, 1, 1, 1, 1, 1, 1, 1, 1, 1, 1, 1, 1, 1, 1, 1, 1, 1, 1, 1, 1, 1, 1, 1, 1, 1, 1, 1, 1, 1, 1, 1, 1, 1, 1, ],]
best_mc_result_fixed_tau =   [0.0139734, ]
evolved_state_fixed_tau =   [[-0.0214718, -0.003352, -0.0551951, -0.0442336, -0.032343, -0.0251389, -0.00366602, 0.00195875, -0.028124, -0.0194942, -0.0831597, -0.0819657, -0.028124, -0.0194942, -0.0918372, -0.101898, -0.0892826, -0.0647193, -0.028124, -0.0194942, -0.00366602, 0.00195875, -0.032343, -0.0251389, -0.0551951, -0.0442336, -0.0642622, -0.0486047, -0.203758, -0.15659, -0.0642622, -0.0486047, -0.028124, -0.0194942, -0.0892826, -0.0647193, -0.0918372, -0.101898, -0.0733991, -0.086045, -0.032343, -0.0251389, -0.0392417, -0.0324901, -0.052284, -0.0329674, -0.0982161, -0.0714073, -0.182607, -0.114212, -0.052284, -0.0329674, -0.0831597, -0.0819657, -0.0918372, -0.101898, -0.122224, -0.110629, -0.0918372, -0.101898, -0.0214718, -0.003352, -0.0551951, -0.0442336, -0.052284, -0.0329674, -0.0642622, -0.0486047, -0.028124, -0.0194942, -0.0642622, -0.0486047, -0.0982161, -0.0714073, -0.0642622, -0.0486047, -0.182607, -0.114212, -0.203758, -0.15659, -0.0551951, -0.0442336, -0.0918372, -0.101898, -0.0733991, -0.086045, -0.0918372, -0.101898, -0.0892826, -0.0647193, -0.0551951, -0.0442336, -0.203758, -0.15659, -0.182607, -0.114212, -0.203758, -0.15659, -0.0892826, -0.0647193, -0.032343, -0.0251389, -0.0642622, -0.0486047, -0.052284, -0.0329674, -0.0551951, -0.0442336, -0.028124, -0.0194942, -0.00366602, 0.00195875, -0.052284, -0.0329674, -0.0392417, -0.0324901, -0.032343, -0.0251389, -0.052284, -0.0329674, -0.0551951, -0.0442336, -0.0214718, -0.003352, -0.122224, -0.110629, -0.0918372, -0.101898, -0.0831597, -0.0819657, -0.028124, -0.0194942, -0.052284, -0.0329674, -0.182607, -0.114212, -0.0982161, -0.0714073, -0.0642622, -0.0486047, -0.0918372, -0.101898, -0.0392417, -0.0324901, -0.0982161, -0.0714073, -0.0392417, -0.0324901, -0.032343, -0.0251389, -0.0831597, -0.0819657, -0.032343, -0.0251389, -0.052284, -0.0329674, -0.0642622, -0.0486047, -0.032343, -0.0251389, -0.00366602, 0.00195875, -0.028124, -0.0194942, -0.0551951, -0.0442336, -0.0214718, -0.003352, ],]
##############################################################################
clock_duration  =         15942.3
tau =                     1.31607
total_steps =             256
time_step =               0.00514089
best_mc_result =          0.0105272
evolved_target_dot_squared =  0.989473
best_evolved_state = [-0.0141062, -0.0150573, -0.0294689, -0.0639118, -0.018015, -0.033737, 0.000401728, -0.00363861, -0.0133862, -0.0304136, -0.0359476, -0.107779, -0.0133862, -0.0304136, -0.0376714, -0.133066, -0.0487811, -0.0994224, -0.0133862, -0.0304136, 0.000401728, -0.00363861, -0.018015, -0.033737, -0.0294689, -0.0639118, -0.0341839, -0.0729756, -0.106418, -0.240221, -0.0341839, -0.0729756, -0.0133862, -0.0304136, -0.0487811, -0.0994224, -0.0376714, -0.133066, -0.0243266, -0.123408, -0.018015, -0.033737, -0.0195868, -0.0465288, -0.0301987, -0.0530913, -0.0530528, -0.107339, -0.102848, -0.183874, -0.0301987, -0.0530913, -0.0359476, -0.107779, -0.0376714, -0.133066, -0.0552244, -0.14771, -0.0376714, -0.133066, -0.0141062, -0.0150573, -0.0294689, -0.0639118, -0.0301987, -0.0530913, -0.0341839, -0.0729756, -0.0133862, -0.0304136, -0.0341839, -0.0729756, -0.0530528, -0.107339, -0.0341839, -0.0729756, -0.102848, -0.183874, -0.106418, -0.240221, -0.0294689, -0.0639118, -0.0376714, -0.133066, -0.0243266, -0.123408, -0.0376714, -0.133066, -0.0487811, -0.0994224, -0.0294689, -0.0639118, -0.106418, -0.240221, -0.102848, -0.183874, -0.106418, -0.240221, -0.0487811, -0.0994224, -0.018015, -0.033737, -0.0341839, -0.0729756, -0.0301987, -0.0530913, -0.0294689, -0.0639118, -0.0133862, -0.0304136, 0.000401728, -0.00363861, -0.0301987, -0.0530913, -0.0195868, -0.0465288, -0.018015, -0.033737, -0.0301987, -0.0530913, -0.0294689, -0.0639118, -0.0141062, -0.0150573, -0.0552244, -0.14771, -0.0376714, -0.133066, -0.0359476, -0.107779, -0.0133862, -0.0304136, -0.0301987, -0.0530913, -0.102848, -0.183874, -0.0530528, -0.107339, -0.0341839, -0.0729756, -0.0376714, -0.133066, -0.0195868, -0.0465288, -0.0530528, -0.107339, -0.0195868, -0.0465288, -0.018015, -0.033737, -0.0359476, -0.107779, -0.018015, -0.033737, -0.0301987, -0.0530913, -0.0341839, -0.0729756, -0.018015, -0.033737, 0.000401728, -0.00363861, -0.0133862, -0.0304136, -0.0294689, -0.0639118, -0.0141062, -0.0150573, ]
distance =          0.0321753
j_protocol =  [[1, 1, 1, 1, 1, 1, 1, 1, 1, 1, 1, 1, 1, 1, 1, 1, 1, 1, 1, 1, 1, 1, 1, 1, 1, 0, 1, 0, 0, 0, 0, 0, 0, 0, 0, 1, 0, 1, 0, 0, 0, 0, 1, 1, 1, 1, 0, 0, 0, 0, 1, 1, 1, 1, 1, 1, 1, 1, 1, 1, 0, 1, 1, 1, 1, 1, 1, 1, 0, 1, 1, 1, 1, 1, 1, 1, 1, 1, 1, 0, 1, 1, 0, 1, 1, 1, 0, 1, 1, 1, 1, 1, 1, 1, 1, 1, 1, 1, 1, 1, 0, 1, 1, 0, 0, 0, 1, 1, 1, 1, 1, 0, 0, 0, 0, 1, 1, 1, 1, 0, 1, 1, 1, 1, 0, 1, 1, 1, 1, 0, 1, 1, 0, 1, 1, 1, 1, 1, 1, 1, 1, 1, 1, 1, 1, 1, 1, 1, 1, 1, 1, 1, 1, 1, 1, 1, 0, 0, 1, 1, 1, 0, 1, 1, 1, 1, 0, 0, 0, 0, 1, 1, 1, 0, 1, 1, 1, 0, 1, 1, 0, 1, 1, 1, 1, 0, 1, 1, 1, 1, 1, 1, 1, 1, 1, 1, 1, 1, 1, 1, 1, 1, 1, 1, 1, 1, 1, 1, 1, 1, 1, 1, 1, 1, 1, 1, 1, 1, 1, 1, 1, 1, 1, 1, 1, 1, 1, 1, 1, 1, 1, 1, 1, 1, 1, 1, 1, 1, 1, 1, 1, 1, 1, 1, 1, 1, 1, 1, 1, 0, 0, 0, 0, 0, 0, 0, ],]
k_protocol =  [[0, 0, 0, 0, 1, 1, 1, 1, 1, 1, 1, 1, 1, 1, 1, 1, 1, 1, 1, 1, 1, 1, 1, 1, 1, 1, 1, 1, 1, 1, 1, 1, 1, 1, 1, 1, 1, 1, 1, 1, 1, 1, 1, 1, 1, 1, 1, 1, 1, 1, 1, 1, 1, 1, 1, 1, 1, 1, 1, 1, 1, 1, 1, 1, 1, 1, 1, 1, 1, 1, 1, 1, 1, 1, 1, 1, 1, 1, 1, 1, 1, 1, 1, 1, 1, 1, 1, 1, 1, 1, 1, 1, 1, 1, 1, 1, 1, 1, 1, 1, 1, 1, 1, 1, 1, 1, 1, 1, 1, 1, 1, 1, 1, 1, 1, 1, 1, 1, 1, 1, 1, 1, 1, 1, 1, 1, 1, 1, 1, 1, 1, 1, 1, 1, 1, 1, 1, 1, 1, 1, 1, 1, 1, 1, 1, 1, 1, 1, 1, 1, 1, 1, 1, 1, 1, 1, 1, 1, 1, 1, 1, 1, 1, 1, 1, 1, 1, 1, 1, 1, 1, 1, 1, 1, 1, 1, 1, 1, 1, 1, 1, 1, 1, 1, 1, 1, 1, 1, 1, 1, 1, 1, 1, 1, 1, 1, 1, 1, 1, 1, 1, 1, 1, 1, 1, 1, 1, 1, 1, 1, 1, 1, 1, 1, 1, 1, 1, 1, 1, 1, 1, 1, 1, 1, 1, 1, 1, 1, 1, 1, 1, 1, 1, 1, 1, 1, 1, 1, 1, 1, 1, 1, 1, 1, 1, 1, 1, 1, 1, 1, 1, 1, 1, 1, 1, 1, ],]
b_protocol =  [[1, 1, 1, 1, 1, 1, 1, 1, 1, 1, 1, 1, 1, 1, 1, 1, 1, 1, 1, 1, 1, 1, 1, 1, 1, 1, 1, 1, 1, 1, 1, 1, 1, 1, 1, 1, 1, 1, 1, 1, 1, 1, 1, 1, 1, 1, 1, 1, 1, 1, 1, 1, 1, 1, 1, 1, 1, 1, 1, 1, 1, 1, 1, 1, 1, 1, 1, 1, 1, 1, 1, 1, 1, 1, 1, 1, 1, 1, 1, 1, 1, 1, 1, 1, 1, 1, 1, 1, 1, 1, 1, 1, 1, 1, 1, 1, 1, 1, 1, 1, 1, 1, 1, 1, 1, 1, 1, 1, 1, 1, 1, 1, 1, 1, 1, 1, 1, 1, 1, 1, 1, 1, 1, 1, 1, 1, 1, 1, 1, 1, 1, 1, 1, 1, 1, 1, 1, 1, 1, 1, 1, 1, 1, 1, 1, 1, 1, 1, 1, 1, 1, 1, 1, 1, 1, 1, 1, 1, 1, 1, 1, 1, 1, 1, 1, 1, 1, 1, 1, 1, 1, 1, 1, 1, 1, 1, 1, 1, 1, 1, 1, 1, 1, 1, 1, 1, 1, 1, 1, 1, 1, 1, 1, 1, 1, 1, 1, 1, 1, 1, 1, 1, 1, 1, 1, 1, 1, 1, 1, 1, 1, 1, 1, 1, 1, 1, 1, 1, 1, 1, 1, 1, 1, 1, 1, 1, 1, 1, 1, 1, 1, 1, 1, 1, 1, 1, 1, 1, 1, 1, 1, 1, 1, 1, 1, 1, 1, 1, 1, 1, 1, 1, 1, 1, 1, 1, ],]
best_mc_result_fixed_tau =   [0.0105272, ]
evolved_state_fixed_tau =   [[-0.0141062, -0.0150573, -0.0294689, -0.0639118, -0.018015, -0.033737, 0.000401728, -0.00363861, -0.0133862, -0.0304136, -0.0359476, -0.107779, -0.0133862, -0.0304136, -0.0376714, -0.133066, -0.0487811, -0.0994224, -0.0133862, -0.0304136, 0.000401728, -0.00363861, -0.018015, -0.033737, -0.0294689, -0.0639118, -0.0341839, -0.0729756, -0.106418, -0.240221, -0.0341839, -0.0729756, -0.0133862, -0.0304136, -0.0487811, -0.0994224, -0.0376714, -0.133066, -0.0243266, -0.123408, -0.018015, -0.033737, -0.0195868, -0.0465288, -0.0301987, -0.0530913, -0.0530528, -0.107339, -0.102848, -0.183874, -0.0301987, -0.0530913, -0.0359476, -0.107779, -0.0376714, -0.133066, -0.0552244, -0.14771, -0.0376714, -0.133066, -0.0141062, -0.0150573, -0.0294689, -0.0639118, -0.0301987, -0.0530913, -0.0341839, -0.0729756, -0.0133862, -0.0304136, -0.0341839, -0.0729756, -0.0530528, -0.107339, -0.0341839, -0.0729756, -0.102848, -0.183874, -0.106418, -0.240221, -0.0294689, -0.0639118, -0.0376714, -0.133066, -0.0243266, -0.123408, -0.0376714, -0.133066, -0.0487811, -0.0994224, -0.0294689, -0.0639118, -0.106418, -0.240221, -0.102848, -0.183874, -0.106418, -0.240221, -0.0487811, -0.0994224, -0.018015, -0.033737, -0.0341839, -0.0729756, -0.0301987, -0.0530913, -0.0294689, -0.0639118, -0.0133862, -0.0304136, 0.000401728, -0.00363861, -0.0301987, -0.0530913, -0.0195868, -0.0465288, -0.018015, -0.033737, -0.0301987, -0.0530913, -0.0294689, -0.0639118, -0.0141062, -0.0150573, -0.0552244, -0.14771, -0.0376714, -0.133066, -0.0359476, -0.107779, -0.0133862, -0.0304136, -0.0301987, -0.0530913, -0.102848, -0.183874, -0.0530528, -0.107339, -0.0341839, -0.0729756, -0.0376714, -0.133066, -0.0195868, -0.0465288, -0.0530528, -0.107339, -0.0195868, -0.0465288, -0.018015, -0.033737, -0.0359476, -0.107779, -0.018015, -0.033737, -0.0301987, -0.0530913, -0.0341839, -0.0729756, -0.018015, -0.033737, 0.000401728, -0.00363861, -0.0133862, -0.0304136, -0.0294689, -0.0639118, -0.0141062, -0.0150573, ],]
##############################################################################
clock_duration  =         19805
tau =                     1.38187
total_steps =             256
time_step =               0.00539793
best_mc_result =          0.00803711
evolved_target_dot_squared =  0.991963
best_evolved_state = [-0.00298215, -0.0229796, 0.000910681, -0.0698689, -0.00193596, -0.0358746, 0.00497206, -0.00846996, 0.00247828, -0.0355218, 0.0113811, -0.111863, 0.00247828, -0.0355218, 0.0205051, -0.137802, 0.000185922, -0.111224, 0.00247828, -0.0355218, 0.00497206, -0.00846996, -0.00193596, -0.0358746, 0.000910681, -0.0698689, 0.00124856, -0.08127, 0.0070757, -0.261427, 0.00124856, -0.08127, 0.00247828, -0.0355218, 0.000185922, -0.111224, 0.0205051, -0.137802, 0.0305981, -0.132162, -0.00193596, -0.0358746, 0.00231121, -0.0513158, -0.00497447, -0.0614066, -0.00290919, -0.119096, -0.0107167, -0.207827, -0.00497447, -0.0614066, 0.0113811, -0.111863, 0.0205051, -0.137802, 0.012214, -0.155171, 0.0205051, -0.137802, -0.00298215, -0.0229796, 0.000910681, -0.0698689, -0.00497447, -0.0614066, 0.00124856, -0.08127, 0.00247828, -0.0355218, 0.00124856, -0.08127, -0.00290919, -0.119096, 0.00124856, -0.08127, -0.0107167, -0.207827, 0.0070757, -0.261427, 0.000910681, -0.0698689, 0.0205051, -0.137802, 0.0305981, -0.132162, 0.0205051, -0.137802, 0.000185922, -0.111224, 0.000910681, -0.0698689, 0.0070757, -0.261427, -0.0107167, -0.207827, 0.0070757, -0.261427, 0.000185922, -0.111224, -0.00193596, -0.0358746, 0.00124856, -0.08127, -0.00497447, -0.0614066, 0.000910681, -0.0698689, 0.00247828, -0.0355218, 0.00497206, -0.00846996, -0.00497447, -0.0614066, 0.00231121, -0.0513158, -0.00193596, -0.0358746, -0.00497447, -0.0614066, 0.000910681, -0.0698689, -0.00298215, -0.0229796, 0.012214, -0.155171, 0.0205051, -0.137802, 0.0113811, -0.111863, 0.00247828, -0.0355218, -0.00497447, -0.0614066, -0.0107167, -0.207827, -0.00290919, -0.119096, 0.00124856, -0.08127, 0.0205051, -0.137802, 0.00231121, -0.0513158, -0.00290919, -0.119096, 0.00231121, -0.0513158, -0.00193596, -0.0358746, 0.0113811, -0.111863, -0.00193596, -0.0358746, -0.00497447, -0.0614066, 0.00124856, -0.08127, -0.00193596, -0.0358746, 0.00497206, -0.00846996, 0.00247828, -0.0355218, 0.000910681, -0.0698689, -0.00298215, -0.0229796, ]
distance =          0.0245647
j_protocol =  [[1, 1, 1, 1, 1, 1, 1, 1, 1, 1, 1, 1, 1, 1, 1, 1, 1, 1, 0, 1, 1, 1, 0, 1, 0, 0, 0, 0, 0, 1, 0, 0, 0, 1, 0, 1, 1, 0, 1, 0, 1, 1, 0, 0, 0, 1, 1, 1, 1, 1, 1, 0, 1, 0, 1, 0, 0, 1, 1, 1, 1, 1, 1, 1, 1, 1, 1, 1, 1, 0, 0, 1, 1, 1, 1, 1, 1, 1, 1, 1, 1, 1, 1, 1, 1, 1, 1, 1, 1, 1, 1, 1, 0, 0, 1, 1, 1, 0, 1, 1, 0, 1, 1, 1, 1, 0, 1, 1, 1, 0, 1, 1, 0, 0, 0, 1, 1, 1, 1, 0, 0, 0, 0, 1, 1, 0, 1, 1, 1, 1, 1, 1, 1, 1, 1, 1, 1, 0, 1, 1, 1, 1, 1, 1, 0, 1, 1, 1, 1, 1, 1, 1, 1, 1, 1, 1, 1, 1, 1, 1, 0, 1, 1, 1, 1, 1, 1, 1, 1, 1, 0, 0, 1, 1, 1, 0, 1, 1, 1, 0, 0, 0, 1, 1, 1, 0, 0, 1, 1, 1, 1, 1, 1, 1, 1, 0, 1, 1, 1, 1, 1, 1, 1, 1, 1, 1, 1, 1, 1, 1, 1, 1, 1, 1, 1, 1, 1, 1, 1, 1, 1, 1, 1, 1, 1, 1, 1, 1, 1, 1, 1, 1, 1, 1, 1, 1, 1, 1, 1, 1, 1, 1, 1, 1, 1, 1, 1, 1, 1, 0, 0, 0, 0, 0, 0, 0, ],]
k_protocol =  [[0, 0, 0, 1, 1, 1, 1, 1, 1, 1, 1, 1, 1, 1, 1, 1, 1, 1, 1, 1, 1, 1, 1, 1, 1, 1, 1, 1, 1, 1, 1, 1, 1, 1, 1, 1, 1, 1, 1, 1, 1, 1, 1, 1, 1, 1, 1, 1, 1, 1, 1, 1, 1, 1, 1, 1, 1, 1, 1, 1, 1, 1, 1, 1, 1, 1, 1, 1, 1, 1, 1, 1, 1, 1, 1, 1, 1, 1, 1, 1, 1, 1, 1, 1, 1, 1, 1, 1, 1, 1, 1, 1, 1, 1, 1, 1, 1, 1, 1, 1, 1, 1, 1, 1, 1, 1, 1, 1, 1, 1, 1, 1, 1, 1, 1, 1, 1, 1, 1, 1, 1, 1, 1, 1, 1, 1, 1, 1, 1, 1, 1, 1, 1, 1, 1, 1, 1, 1, 1, 1, 1, 1, 1, 1, 1, 1, 1, 1, 1, 1, 1, 1, 1, 1, 1, 1, 1, 1, 1, 1, 1, 1, 1, 1, 1, 1, 1, 1, 1, 1, 1, 1, 1, 1, 1, 1, 1, 1, 1, 1, 1, 1, 1, 1, 1, 1, 1, 1, 1, 1, 1, 1, 1, 1, 1, 1, 1, 1, 1, 1, 1, 1, 1, 1, 1, 1, 1, 1, 1, 1, 1, 1, 1, 1, 1, 1, 1, 1, 1, 1, 1, 1, 1, 1, 1, 1, 1, 1, 1, 0, 0, 0, 1, 1, 1, 1, 1, 1, 1, 1, 1, 1, 1, 1, 1, 1, 1, 1, 1, 1, 1, 1, 1, 1, 1, 1, ],]
b_protocol =  [[1, 1, 1, 1, 1, 1, 1, 1, 1, 1, 1, 1, 1, 1, 1, 1, 1, 1, 1, 1, 1, 1, 1, 1, 1, 1, 1, 1, 1, 1, 1, 1, 1, 1, 1, 1, 1, 1, 1, 1, 1, 1, 1, 1, 1, 1, 1, 1, 1, 1, 1, 1, 1, 1, 1, 1, 1, 1, 1, 1, 1, 1, 1, 1, 1, 1, 1, 1, 1, 1, 1, 1, 1, 1, 1, 1, 1, 1, 1, 1, 1, 1, 1, 1, 1, 1, 1, 1, 1, 1, 1, 1, 1, 1, 1, 1, 1, 1, 1, 1, 1, 1, 1, 1, 1, 1, 1, 1, 1, 1, 1, 1, 1, 1, 1, 1, 1, 1, 1, 1, 1, 1, 1, 1, 1, 1, 1, 1, 1, 1, 1, 1, 1, 1, 1, 1, 1, 1, 1, 1, 1, 1, 1, 1, 1, 1, 1, 1, 1, 1, 1, 1, 1, 1, 1, 1, 1, 1, 1, 1, 1, 1, 1, 1, 1, 1, 1, 1, 1, 1, 1, 1, 1, 1, 1, 1, 1, 1, 1, 1, 1, 1, 1, 1, 1, 1, 1, 1, 1, 1, 1, 1, 1, 1, 1, 1, 1, 1, 1, 1, 1, 1, 1, 1, 1, 1, 1, 1, 1, 1, 1, 1, 1, 1, 1, 1, 1, 1, 1, 1, 1, 1, 1, 1, 1, 1, 1, 1, 1, 1, 1, 1, 1, 1, 1, 1, 1, 1, 1, 1, 1, 1, 1, 1, 1, 1, 1, 1, 1, 1, 1, 1, 1, 1, 1, 1, ],]
best_mc_result_fixed_tau =   [0.00803711, ]
evolved_state_fixed_tau =   [[-0.00298215, -0.0229796, 0.000910681, -0.0698689, -0.00193596, -0.0358746, 0.00497206, -0.00846996, 0.00247828, -0.0355218, 0.0113811, -0.111863, 0.00247828, -0.0355218, 0.0205051, -0.137802, 0.000185922, -0.111224, 0.00247828, -0.0355218, 0.00497206, -0.00846996, -0.00193596, -0.0358746, 0.000910681, -0.0698689, 0.00124856, -0.08127, 0.0070757, -0.261427, 0.00124856, -0.08127, 0.00247828, -0.0355218, 0.000185922, -0.111224, 0.0205051, -0.137802, 0.0305981, -0.132162, -0.00193596, -0.0358746, 0.00231121, -0.0513158, -0.00497447, -0.0614066, -0.00290919, -0.119096, -0.0107167, -0.207827, -0.00497447, -0.0614066, 0.0113811, -0.111863, 0.0205051, -0.137802, 0.012214, -0.155171, 0.0205051, -0.137802, -0.00298215, -0.0229796, 0.000910681, -0.0698689, -0.00497447, -0.0614066, 0.00124856, -0.08127, 0.00247828, -0.0355218, 0.00124856, -0.08127, -0.00290919, -0.119096, 0.00124856, -0.08127, -0.0107167, -0.207827, 0.0070757, -0.261427, 0.000910681, -0.0698689, 0.0205051, -0.137802, 0.0305981, -0.132162, 0.0205051, -0.137802, 0.000185922, -0.111224, 0.000910681, -0.0698689, 0.0070757, -0.261427, -0.0107167, -0.207827, 0.0070757, -0.261427, 0.000185922, -0.111224, -0.00193596, -0.0358746, 0.00124856, -0.08127, -0.00497447, -0.0614066, 0.000910681, -0.0698689, 0.00247828, -0.0355218, 0.00497206, -0.00846996, -0.00497447, -0.0614066, 0.00231121, -0.0513158, -0.00193596, -0.0358746, -0.00497447, -0.0614066, 0.000910681, -0.0698689, -0.00298215, -0.0229796, 0.012214, -0.155171, 0.0205051, -0.137802, 0.0113811, -0.111863, 0.00247828, -0.0355218, -0.00497447, -0.0614066, -0.0107167, -0.207827, -0.00290919, -0.119096, 0.00124856, -0.08127, 0.0205051, -0.137802, 0.00231121, -0.0513158, -0.00290919, -0.119096, 0.00231121, -0.0513158, -0.00193596, -0.0358746, 0.0113811, -0.111863, -0.00193596, -0.0358746, -0.00497447, -0.0614066, 0.00124856, -0.08127, -0.00193596, -0.0358746, 0.00497206, -0.00846996, 0.00247828, -0.0355218, 0.000910681, -0.0698689, -0.00298215, -0.0229796, ],]
