START_PARAMETERS
MAX_STEPS_MCDB =               32
MIN_STEPS_MCDB =               4
STEPS_CRUNCH_MCDB =            1
SWEEPS_MCDB =                  80
TOTAL_STEP_CHANGES =                  6
MCBB_SECONDARY =                  1
SWEEPS_MCBB_SECONDARY =                  150
NUMBER_OF_BANGS =                  6
GROUND_E =                -3.41953
INITIAL_E =               -2.49133
j_initial =               0.541
k_initial =               0.062
b_initial =               0
j_target =                0.243
k_target =                0.5
b_target =                0
init_target_dot_squared = 0.507432
init_state = [0.0398939, 0, 0.0882242, 0, 0.0623786, 0, 0.0366367, 0, 0.0673271, 0, 0.11517, 0, 0.0673271, 0, 0.139227, 0, 0.119104, 0, 0.0673271, 0, 0.0366367, 0, 0.0623786, 0, 0.0882242, 0, 0.102152, 0, 0.187814, 0, 0.102152, 0, 0.0673271, 0, 0.119104, 0, 0.139227, 0, 0.140819, 0, 0.0623786, 0, 0.0852, 0, 0.0876003, 0, 0.132128, 0, 0.177413, 0, 0.0876003, 0, 0.11517, 0, 0.139227, 0, 0.147199, 0, 0.139227, 0, 0.0398939, 0, 0.0882242, 0, 0.0876003, 0, 0.102152, 0, 0.0673271, 0, 0.102152, 0, 0.132128, 0, 0.102152, 0, 0.177413, 0, 0.187814, 0, 0.0882242, 0, 0.139227, 0, 0.140819, 0, 0.139227, 0, 0.119104, 0, 0.0882242, 0, 0.187814, 0, 0.177413, 0, 0.187814, 0, 0.119104, 0, 0.0623786, 0, 0.102152, 0, 0.0876003, 0, 0.0882242, 0, 0.0673271, 0, 0.0366367, 0, 0.0876003, 0, 0.0852, 0, 0.0623786, 0, 0.0876003, 0, 0.0882242, 0, 0.0398939, 0, 0.147199, 0, 0.139227, 0, 0.11517, 0, 0.0673271, 0, 0.0876003, 0, 0.177413, 0, 0.132128, 0, 0.102152, 0, 0.139227, 0, 0.0852, 0, 0.132128, 0, 0.0852, 0, 0.0623786, 0, 0.11517, 0, 0.0623786, 0, 0.0876003, 0, 0.102152, 0, 0.0623786, 0, 0.0366367, 0, 0.0673271, 0, 0.0882242, 0, 0.0398939, 0, ]
target_state = [0.00403245, 0, 0.0371803, 0, 0.00672137, 0, 0.00149869, 0, 0.00999098, 0, 0.032168, 0, 0.00999098, 0, 0.0493986, 0, 0.0702977, 0, 0.00999098, 0, 0.00149869, 0, 0.00672137, 0, 0.0371803, 0, 0.0405649, 0, 0.43523, 0, 0.0405649, 0, 0.00999098, 0, 0.0702977, 0, 0.0493986, 0, 0.0758985, 0, 0.00672137, 0, 0.0108321, 0, 0.0178325, 0, 0.0516614, 0, 0.189713, 0, 0.0178325, 0, 0.032168, 0, 0.0493986, 0, 0.0460353, 0, 0.0493986, 0, 0.00403245, 0, 0.0371803, 0, 0.0178325, 0, 0.0405649, 0, 0.00999098, 0, 0.0405649, 0, 0.0516614, 0, 0.0405649, 0, 0.189713, 0, 0.43523, 0, 0.0371803, 0, 0.0493986, 0, 0.0758985, 0, 0.0493986, 0, 0.0702977, 0, 0.0371803, 0, 0.43523, 0, 0.189713, 0, 0.43523, 0, 0.0702977, 0, 0.00672137, 0, 0.0405649, 0, 0.0178325, 0, 0.0371803, 0, 0.00999098, 0, 0.00149869, 0, 0.0178325, 0, 0.0108321, 0, 0.00672137, 0, 0.0178325, 0, 0.0371803, 0, 0.00403245, 0, 0.0460353, 0, 0.0493986, 0, 0.032168, 0, 0.00999098, 0, 0.0178325, 0, 0.189713, 0, 0.0516614, 0, 0.0405649, 0, 0.0493986, 0, 0.0108321, 0, 0.0516614, 0, 0.0108321, 0, 0.00672137, 0, 0.032168, 0, 0.00672137, 0, 0.0178325, 0, 0.0405649, 0, 0.00672137, 0, 0.00149869, 0, 0.00999098, 0, 0.0371803, 0, 0.00403245, 0, ]
USE_ENERGY_DISTANCE =     false
PERIODIC =                false
UNIFORM_SITES =           true
DEVICE_DIMENSION =        2
MAX_PARAM =               1
MIN_PARAM =               0
MIN_PARAM =               0
DIAG =                    true
NUM_SEEDS =               2
NUMBER_OF_BANGS =               6
DISTANCE_LIMIT =          0.05
TAU_INIT =                1
MAX_TAU =                 5
TAU_SCALAR =              1.3
TAU_SCALAR_TINY =         1.1
TAU_SCALAR_BIG =          1.5
ACCEPTANCE_PROB =         0.85
TEMP_EXP_DECAY =          0.8
MIN_TEMP_FRACTION =       0.01
TEMP_DECAY_ITERATIONS =   21
ZERO_TEMP_ITREATIONS =    15
RANDOM_STATES =           3
END_PARAMETERS
##############################################################################
clock_duration  =         169.673
tau =                     1
total_steps =             32
time_step =               0.03125
best_mc_result =          0.0705496
best_mc_result_non_secondary =          0.0719156
evolved_target_dot_squared =  0.92945
distance =          0.143228
j_protocol =  [[1, 1, 1, 1, 1, 1, 1, 1, 1, 1, 1, 1, 1, 1, 1, 1, 1, 1, 1, 1, 1, 1, 1, 1, 1, 0, 1, 1, 1, 1, 1, 1, ],[1, 1, 1, 1, 1, 1, 1, 1, 1, 1, 1, 1, 1, 1, 1, 1, 1, 1, 1, 1, 1, 1, 1, 1, 1, 0, 1, 1, 1, 1, 1, 1, ],]
k_protocol =  [[1, 1, 1, 1, 1, 1, 0, 0, 1, 1, 1, 1, 1, 1, 1, 1, 1, 1, 1, 1, 1, 1, 1, 1, 1, 1, 1, 1, 1, 1, 1, 0, ],[1, 1, 1, 1, 1, 1, 0, 0, 1, 1, 1, 1, 1, 1, 1, 1, 1, 1, 1, 1, 1, 1, 1, 1, 1, 1, 1, 1, 1, 1, 1, 0, ],]
j_protocol_secondary =  [0.0105606, 0.382024, 0.382024, 0.403139, 0.403139, 0.700636, 0.700636, 0.788121, 0.817217, 0.817217, 0.82496, 1, ]
k_protocol_secondary =  [0, 0.172148, 0.248625, 0.271696, 0.271696, 0.463005, 0.463005, 0.729152, 0.729152, 0.965754, 0.966597, 0.966597, ]
best_evolved_state = [0.00597854, 0.00396321, -0.0330209, 0.0551714, 0.000409581, 0.0207723, 0.00680881, 0.00582661, -0.00249354, 0.00211616, 0.000810088, 0.0119859, -0.00249354, 0.00211616, -0.00885328, 0.076146, -0.0726727, 0.0680935, -0.00249354, 0.00211616, 0.00680881, 0.00582661, 0.000409581, 0.0207723, -0.0330209, 0.0551714, -0.0432677, 0.0508755, -0.264806, 0.28597, -0.0432677, 0.0508755, -0.00249354, 0.00211616, -0.0726727, 0.0680935, -0.00885328, 0.076146, -0.0889399, 0.0625982, 0.000409581, 0.0207723, -0.0138626, 0.0336576, -0.0263039, 0.031355, -0.0542884, 0.0740018, -0.0960455, 0.164344, -0.0263039, 0.031355, 0.000810088, 0.0119859, -0.00885328, 0.076146, -0.00986445, 0.0745905, -0.00885328, 0.076146, 0.00597854, 0.00396321, -0.0330209, 0.0551714, -0.0263039, 0.031355, -0.0432677, 0.0508755, -0.00249354, 0.00211616, -0.0432677, 0.0508755, -0.0542884, 0.0740018, -0.0432677, 0.0508755, -0.0960455, 0.164344, -0.264806, 0.28597, -0.0330209, 0.0551714, -0.00885328, 0.076146, -0.0889399, 0.0625982, -0.00885328, 0.076146, -0.0726727, 0.0680935, -0.0330209, 0.0551714, -0.264806, 0.28597, -0.0960455, 0.164344, -0.264806, 0.28597, -0.0726727, 0.0680935, 0.000409581, 0.0207723, -0.0432677, 0.0508755, -0.0263039, 0.031355, -0.0330209, 0.0551714, -0.00249354, 0.00211616, 0.00680881, 0.00582661, -0.0263039, 0.031355, -0.0138626, 0.0336576, 0.000409581, 0.0207723, -0.0263039, 0.031355, -0.0330209, 0.0551714, 0.00597854, 0.00396321, -0.00986445, 0.0745905, -0.00885328, 0.076146, 0.000810088, 0.0119859, -0.00249354, 0.00211616, -0.0263039, 0.031355, -0.0960455, 0.164344, -0.0542884, 0.0740018, -0.0432677, 0.0508755, -0.00885328, 0.076146, -0.0138626, 0.0336576, -0.0542884, 0.0740018, -0.0138626, 0.0336576, 0.000409581, 0.0207723, 0.000810088, 0.0119859, 0.000409581, 0.0207723, -0.0263039, 0.031355, -0.0432677, 0.0508755, 0.000409581, 0.0207723, 0.00680881, 0.00582661, -0.00249354, 0.00211616, -0.0330209, 0.0551714, 0.00597854, 0.00396321, ]
best_mc_result_fixed_tau =   [0.0719156, 0.0719156, ]
evolved_state_fixed_tau =   [[0.00668377, 0.0043263, -0.0385529, 0.0526991, -0.0017772, 0.0206528, 0.00748139, 0.00735245, -0.000804987, 0.000350935, -0.00642597, 0.00279691, -0.000804987, 0.000350935, -0.0178431, 0.073775, -0.0823402, 0.0589103, -0.000804987, 0.000350935, 0.00748139, 0.00735245, -0.0017772, 0.0206528, -0.0385529, 0.0526991, -0.0499331, 0.0461304, -0.30439, 0.245539, -0.0499331, 0.0461304, -0.000804987, 0.000350935, -0.0823402, 0.0589103, -0.0178431, 0.073775, -0.102598, 0.0486551, -0.0017772, 0.0206528, -0.017526, 0.0333505, -0.0302122, 0.0263166, -0.0675778, 0.0663361, -0.119427, 0.140934, -0.0302122, 0.0263166, -0.00642597, 0.00279691, -0.0178431, 0.073775, -0.0237875, 0.0629154, -0.0178431, 0.073775, 0.00668377, 0.0043263, -0.0385529, 0.0526991, -0.0302122, 0.0263166, -0.0499331, 0.0461304, -0.000804987, 0.000350935, -0.0499331, 0.0461304, -0.0675778, 0.0663361, -0.0499331, 0.0461304, -0.119427, 0.140934, -0.30439, 0.245539, -0.0385529, 0.0526991, -0.0178431, 0.073775, -0.102598, 0.0486551, -0.0178431, 0.073775, -0.0823402, 0.0589103, -0.0385529, 0.0526991, -0.30439, 0.245539, -0.119427, 0.140934, -0.30439, 0.245539, -0.0823402, 0.0589103, -0.0017772, 0.0206528, -0.0499331, 0.0461304, -0.0302122, 0.0263166, -0.0385529, 0.0526991, -0.000804987, 0.000350935, 0.00748139, 0.00735245, -0.0302122, 0.0263166, -0.017526, 0.0333505, -0.0017772, 0.0206528, -0.0302122, 0.0263166, -0.0385529, 0.0526991, 0.00668377, 0.0043263, -0.0237875, 0.0629154, -0.0178431, 0.073775, -0.00642597, 0.00279691, -0.000804987, 0.000350935, -0.0302122, 0.0263166, -0.119427, 0.140934, -0.0675778, 0.0663361, -0.0499331, 0.0461304, -0.0178431, 0.073775, -0.017526, 0.0333505, -0.0675778, 0.0663361, -0.017526, 0.0333505, -0.0017772, 0.0206528, -0.00642597, 0.00279691, -0.0017772, 0.0206528, -0.0302122, 0.0263166, -0.0499331, 0.0461304, -0.0017772, 0.0206528, 0.00748139, 0.00735245, -0.000804987, 0.000350935, -0.0385529, 0.0526991, 0.00668377, 0.0043263, ],[0.00668377, 0.0043263, -0.0385529, 0.0526991, -0.0017772, 0.0206528, 0.00748139, 0.00735245, -0.000804987, 0.000350935, -0.00642597, 0.00279691, -0.000804987, 0.000350935, -0.0178431, 0.073775, -0.0823402, 0.0589103, -0.000804987, 0.000350935, 0.00748139, 0.00735245, -0.0017772, 0.0206528, -0.0385529, 0.0526991, -0.0499331, 0.0461304, -0.30439, 0.245539, -0.0499331, 0.0461304, -0.000804987, 0.000350935, -0.0823402, 0.0589103, -0.0178431, 0.073775, -0.102598, 0.0486551, -0.0017772, 0.0206528, -0.017526, 0.0333505, -0.0302122, 0.0263166, -0.0675778, 0.0663361, -0.119427, 0.140934, -0.0302122, 0.0263166, -0.00642597, 0.00279691, -0.0178431, 0.073775, -0.0237875, 0.0629154, -0.0178431, 0.073775, 0.00668377, 0.0043263, -0.0385529, 0.0526991, -0.0302122, 0.0263166, -0.0499331, 0.0461304, -0.000804987, 0.000350935, -0.0499331, 0.0461304, -0.0675778, 0.0663361, -0.0499331, 0.0461304, -0.119427, 0.140934, -0.30439, 0.245539, -0.0385529, 0.0526991, -0.0178431, 0.073775, -0.102598, 0.0486551, -0.0178431, 0.073775, -0.0823402, 0.0589103, -0.0385529, 0.0526991, -0.30439, 0.245539, -0.119427, 0.140934, -0.30439, 0.245539, -0.0823402, 0.0589103, -0.0017772, 0.0206528, -0.0499331, 0.0461304, -0.0302122, 0.0263166, -0.0385529, 0.0526991, -0.000804987, 0.000350935, 0.00748139, 0.00735245, -0.0302122, 0.0263166, -0.017526, 0.0333505, -0.0017772, 0.0206528, -0.0302122, 0.0263166, -0.0385529, 0.0526991, 0.00668377, 0.0043263, -0.0237875, 0.0629154, -0.0178431, 0.073775, -0.00642597, 0.00279691, -0.000804987, 0.000350935, -0.0302122, 0.0263166, -0.119427, 0.140934, -0.0675778, 0.0663361, -0.0499331, 0.0461304, -0.0178431, 0.073775, -0.017526, 0.0333505, -0.0675778, 0.0663361, -0.017526, 0.0333505, -0.0017772, 0.0206528, -0.00642597, 0.00279691, -0.0017772, 0.0206528, -0.0302122, 0.0263166, -0.0499331, 0.0461304, -0.0017772, 0.0206528, 0.00748139, 0.00735245, -0.000804987, 0.000350935, -0.0385529, 0.0526991, 0.00668377, 0.0043263, ],]
##############################################################################
clock_duration  =         832.154
tau =                     1.0375
total_steps =             32
time_step =               0.040625
best_mc_result =          0.0560485
best_mc_result_non_secondary =          0
evolved_target_dot_squared =  0.943952
distance =          0.113788
j_protocol =  [[0, 0, 0, 0, 0, 0, 0, 0, 0, 0, 0, 0, 0, 0, 0, 0, 0, 0, 0, 0, 0, 0, 0, 0, 0, 0, 0, 0, 0, 0, 0, 0, ],[0, 0, 0, 0, 0, 0, 0, 0, 0, 0, 0, 0, 0, 0, 0, 0, 0, 0, 0, 0, 0, 0, 0, 0, 0, 0, 0, 0, 0, 0, 0, 0, ],]
k_protocol =  [[0, 0, 0, 0, 0, 0, 0, 0, 0, 0, 0, 0, 0, 0, 0, 0, 0, 0, 0, 0, 0, 0, 0, 0, 0, 0, 0, 0, 0, 0, 0, 0, ],[0, 0, 0, 0, 0, 0, 0, 0, 0, 0, 0, 0, 0, 0, 0, 0, 0, 0, 0, 0, 0, 0, 0, 0, 0, 0, 0, 0, 0, 0, 0, 0, ],]
j_protocol_secondary =  [0.0110649, 0.169465, 0.169465, 0.384336, 0.384336, 0.572255, 0.572255, 0.822859, 0.862934, 0.911321, 0.911321, 1.0375, ]
k_protocol_secondary =  [0, 0.154541, 0.154541, 0.170866, 0.247949, 0.463666, 0.463666, 0.64374, 0.64374, 1.00156, 1.0375, 1.0375, ]
best_evolved_state = [0.00350311, -0.00116816, -0.0413275, 0.042449, -0.0026857, 0.0172012, 0.00623457, 0.00434016, -0.00807249, -0.00227101, -0.00977605, 0.0074191, -0.00807249, -0.00227101, -0.0296952, 0.0618953, -0.0853005, 0.0433711, -0.00807249, -0.00227101, 0.00623457, 0.00434016, -0.0026857, 0.0172012, -0.0413275, 0.042449, -0.0534839, 0.0356636, -0.34384, 0.200594, -0.0534839, 0.0356636, -0.00807249, -0.00227101, -0.0853005, 0.0433711, -0.0296952, 0.0618953, -0.105343, 0.0364788, -0.0026857, 0.0172012, -0.0216672, 0.0279561, -0.0327262, 0.0235594, -0.0738496, 0.0567532, -0.142666, 0.11901, -0.0327262, 0.0235594, -0.00977605, 0.0074191, -0.0296952, 0.0618953, -0.0351769, 0.0659187, -0.0296952, 0.0618953, 0.00350311, -0.00116816, -0.0413275, 0.042449, -0.0327262, 0.0235594, -0.0534839, 0.0356636, -0.00807249, -0.00227101, -0.0534839, 0.0356636, -0.0738496, 0.0567532, -0.0534839, 0.0356636, -0.142666, 0.11901, -0.34384, 0.200594, -0.0413275, 0.042449, -0.0296952, 0.0618953, -0.105343, 0.0364788, -0.0296952, 0.0618953, -0.0853005, 0.0433711, -0.0413275, 0.042449, -0.34384, 0.200594, -0.142666, 0.11901, -0.34384, 0.200594, -0.0853005, 0.0433711, -0.0026857, 0.0172012, -0.0534839, 0.0356636, -0.0327262, 0.0235594, -0.0413275, 0.042449, -0.00807249, -0.00227101, 0.00623457, 0.00434016, -0.0327262, 0.0235594, -0.0216672, 0.0279561, -0.0026857, 0.0172012, -0.0327262, 0.0235594, -0.0413275, 0.042449, 0.00350311, -0.00116816, -0.0351769, 0.0659187, -0.0296952, 0.0618953, -0.00977605, 0.0074191, -0.00807249, -0.00227101, -0.0327262, 0.0235594, -0.142666, 0.11901, -0.0738496, 0.0567532, -0.0534839, 0.0356636, -0.0296952, 0.0618953, -0.0216672, 0.0279561, -0.0738496, 0.0567532, -0.0216672, 0.0279561, -0.0026857, 0.0172012, -0.00977605, 0.0074191, -0.0026857, 0.0172012, -0.0327262, 0.0235594, -0.0534839, 0.0356636, -0.0026857, 0.0172012, 0.00623457, 0.00434016, -0.00807249, -0.00227101, -0.0413275, 0.042449, 0.00350311, -0.00116816, ]
best_mc_result_fixed_tau =   [0.0216927, 0.0201634, ]
evolved_state_fixed_tau =   [[-0.0100136, -0.00966095, -0.0174446, -0.0264014, 0.00123024, -0.00369782, 0.00206859, -0.00818672, -0.0163118, -0.0170219, -0.00788669, -0.0299613, -0.0163118, -0.0170219, -0.0321675, -0.0397288, -0.0318664, -0.0733594, -0.0163118, -0.0170219, 0.00206859, -0.00818672, 0.00123024, -0.00369782, -0.0174446, -0.0264014, -0.0296386, -0.040667, -0.193521, -0.374763, -0.0296386, -0.040667, -0.0163118, -0.0170219, -0.0318664, -0.0733594, -0.0321675, -0.0397288, -0.0498195, -0.0806595, 0.00123024, -0.00369782, -0.0274108, -0.00797458, -0.0223885, -0.00867447, -0.0597265, -0.0500256, -0.0911267, -0.164359, -0.0223885, -0.00867447, -0.00788669, -0.0299613, -0.0321675, -0.0397288, -0.0745547, -0.0288477, -0.0321675, -0.0397288, -0.0100136, -0.00966095, -0.0174446, -0.0264014, -0.0223885, -0.00867447, -0.0296386, -0.040667, -0.0163118, -0.0170219, -0.0296386, -0.040667, -0.0597265, -0.0500256, -0.0296386, -0.040667, -0.0911267, -0.164359, -0.193521, -0.374763, -0.0174446, -0.0264014, -0.0321675, -0.0397288, -0.0498195, -0.0806595, -0.0321675, -0.0397288, -0.0318664, -0.0733594, -0.0174446, -0.0264014, -0.193521, -0.374763, -0.0911267, -0.164359, -0.193521, -0.374763, -0.0318664, -0.0733594, 0.00123024, -0.00369782, -0.0296386, -0.040667, -0.0223885, -0.00867447, -0.0174446, -0.0264014, -0.0163118, -0.0170219, 0.00206859, -0.00818672, -0.0223885, -0.00867447, -0.0274108, -0.00797458, 0.00123024, -0.00369782, -0.0223885, -0.00867447, -0.0174446, -0.0264014, -0.0100136, -0.00966095, -0.0745547, -0.0288477, -0.0321675, -0.0397288, -0.00788669, -0.0299613, -0.0163118, -0.0170219, -0.0223885, -0.00867447, -0.0911267, -0.164359, -0.0597265, -0.0500256, -0.0296386, -0.040667, -0.0321675, -0.0397288, -0.0274108, -0.00797458, -0.0597265, -0.0500256, -0.0274108, -0.00797458, 0.00123024, -0.00369782, -0.00788669, -0.0299613, 0.00123024, -0.00369782, -0.0223885, -0.00867447, -0.0296386, -0.040667, 0.00123024, -0.00369782, 0.00206859, -0.00818672, -0.0163118, -0.0170219, -0.0174446, -0.0264014, -0.0100136, -0.00966095, ],[-0.00128283, -0.0104281, -0.0140834, -0.0276935, 0.0013104, -0.00427499, 0.00544843, -0.00635078, -0.0115069, -0.0246157, -0.0132176, -0.0300019, -0.0115069, -0.0246157, -0.0267048, -0.0494912, -0.0195354, -0.0687434, -0.0115069, -0.0246157, 0.00544843, -0.00635078, 0.0013104, -0.00427499, -0.0140834, -0.0276935, -0.02168, -0.0420462, -0.17121, -0.385581, -0.02168, -0.0420462, -0.0115069, -0.0246157, -0.0195354, -0.0687434, -0.0267048, -0.0494912, -0.0346329, -0.0773254, 0.0013104, -0.00427499, -0.0238245, -0.015349, -0.0219327, -0.0129266, -0.0506248, -0.0595186, -0.0803021, -0.171092, -0.0219327, -0.0129266, -0.0132176, -0.0300019, -0.0267048, -0.0494912, -0.0794325, -0.038312, -0.0267048, -0.0494912, -0.00128283, -0.0104281, -0.0140834, -0.0276935, -0.0219327, -0.0129266, -0.02168, -0.0420462, -0.0115069, -0.0246157, -0.02168, -0.0420462, -0.0506248, -0.0595186, -0.02168, -0.0420462, -0.0803021, -0.171092, -0.17121, -0.385581, -0.0140834, -0.0276935, -0.0267048, -0.0494912, -0.0346329, -0.0773254, -0.0267048, -0.0494912, -0.0195354, -0.0687434, -0.0140834, -0.0276935, -0.17121, -0.385581, -0.0803021, -0.171092, -0.17121, -0.385581, -0.0195354, -0.0687434, 0.0013104, -0.00427499, -0.02168, -0.0420462, -0.0219327, -0.0129266, -0.0140834, -0.0276935, -0.0115069, -0.0246157, 0.00544843, -0.00635078, -0.0219327, -0.0129266, -0.0238245, -0.015349, 0.0013104, -0.00427499, -0.0219327, -0.0129266, -0.0140834, -0.0276935, -0.00128283, -0.0104281, -0.0794325, -0.038312, -0.0267048, -0.0494912, -0.0132176, -0.0300019, -0.0115069, -0.0246157, -0.0219327, -0.0129266, -0.0803021, -0.171092, -0.0506248, -0.0595186, -0.02168, -0.0420462, -0.0267048, -0.0494912, -0.0238245, -0.015349, -0.0506248, -0.0595186, -0.0238245, -0.015349, 0.0013104, -0.00427499, -0.0132176, -0.0300019, 0.0013104, -0.00427499, -0.0219327, -0.0129266, -0.02168, -0.0420462, 0.0013104, -0.00427499, 0.00544843, -0.00635078, -0.0115069, -0.0246157, -0.0140834, -0.0276935, -0.00128283, -0.0104281, ],]
##############################################################################
clock_duration  =         1027.59
tau =                     1.04688
total_steps =             32
time_step =               0.040625
best_mc_result =          0.0526574
best_mc_result_non_secondary =          0
evolved_target_dot_squared =  0.947343
distance =          0.106904
j_protocol =  [[0, 0, 0, 0, 0, 0, 0, 0, 0, 0, 0, 0, 0, 0, 0, 0, 0, 0, 0, 0, 0, 0, 0, 0, 0, 0, 0, 0, 0, 0, 0, 0, ],[0, 0, 0, 0, 0, 0, 0, 0, 0, 0, 0, 0, 0, 0, 0, 0, 0, 0, 0, 0, 0, 0, 0, 0, 0, 0, 0, 0, 0, 0, 0, 0, ],]
k_protocol =  [[0, 0, 0, 0, 0, 0, 0, 0, 0, 0, 0, 0, 0, 0, 0, 0, 0, 0, 0, 0, 0, 0, 0, 0, 0, 0, 0, 0, 0, 0, 0, 0, ],[0, 0, 0, 0, 0, 0, 0, 0, 0, 0, 0, 0, 0, 0, 0, 0, 0, 0, 0, 0, 0, 0, 0, 0, 0, 0, 0, 0, 0, 0, 0, 0, ],]
j_protocol_secondary =  [0.0114094, 0.170997, 0.170997, 0.387809, 0.387809, 0.577426, 0.577426, 0.829693, 0.870538, 0.919555, 0.919555, 1.04688, ]
k_protocol_secondary =  [0, 0.155937, 0.155937, 0.17067, 0.248159, 0.467856, 0.467856, 0.649557, 0.649557, 1.01083, 1.04687, 1.04688, ]
best_evolved_state = [0.00292667, -0.00245319, -0.0426656, 0.0387762, -0.00321239, 0.0161684, 0.00615496, 0.00385015, -0.00922845, -0.00356611, -0.0119323, 0.00584438, -0.00922845, -0.00356611, -0.0338218, 0.0574008, -0.0872224, 0.0364911, -0.00922845, -0.00356611, 0.00615496, 0.00385015, -0.00321239, 0.0161684, -0.0426656, 0.0387762, -0.0552242, 0.031344, -0.359248, 0.176078, -0.0552242, 0.031344, -0.00922845, -0.00356611, -0.0872224, 0.0364911, -0.0338218, 0.0574008, -0.108101, 0.0292373, -0.00321239, 0.0161684, -0.023226, 0.026197, -0.033906, 0.0213808, -0.0776084, 0.0516769, -0.15177, 0.105748, -0.033906, 0.0213808, -0.0119323, 0.00584438, -0.0338218, 0.0574008, -0.0407414, 0.062853, -0.0338218, 0.0574008, 0.00292667, -0.00245319, -0.0426656, 0.0387762, -0.033906, 0.0213808, -0.0552242, 0.031344, -0.00922845, -0.00356611, -0.0552242, 0.031344, -0.0776084, 0.0516769, -0.0552242, 0.031344, -0.15177, 0.105748, -0.359248, 0.176078, -0.0426656, 0.0387762, -0.0338218, 0.0574008, -0.108101, 0.0292373, -0.0338218, 0.0574008, -0.0872224, 0.0364911, -0.0426656, 0.0387762, -0.359248, 0.176078, -0.15177, 0.105748, -0.359248, 0.176078, -0.0872224, 0.0364911, -0.00321239, 0.0161684, -0.0552242, 0.031344, -0.033906, 0.0213808, -0.0426656, 0.0387762, -0.00922845, -0.00356611, 0.00615496, 0.00385015, -0.033906, 0.0213808, -0.023226, 0.026197, -0.00321239, 0.0161684, -0.033906, 0.0213808, -0.0426656, 0.0387762, 0.00292667, -0.00245319, -0.0407414, 0.062853, -0.0338218, 0.0574008, -0.0119323, 0.00584438, -0.00922845, -0.00356611, -0.033906, 0.0213808, -0.15177, 0.105748, -0.0776084, 0.0516769, -0.0552242, 0.031344, -0.0338218, 0.0574008, -0.023226, 0.026197, -0.0776084, 0.0516769, -0.023226, 0.026197, -0.00321239, 0.0161684, -0.0119323, 0.00584438, -0.00321239, 0.0161684, -0.033906, 0.0213808, -0.0552242, 0.031344, -0.00321239, 0.0161684, 0.00615496, 0.00385015, -0.00922845, -0.00356611, -0.0426656, 0.0387762, 0.00292667, -0.00245319, ]
best_mc_result_fixed_tau =   [0.0216927, 0.0201634, ]
evolved_state_fixed_tau =   [[-0.0100136, -0.00966095, -0.0174446, -0.0264014, 0.00123024, -0.00369782, 0.00206859, -0.00818672, -0.0163118, -0.0170219, -0.00788669, -0.0299613, -0.0163118, -0.0170219, -0.0321675, -0.0397288, -0.0318664, -0.0733594, -0.0163118, -0.0170219, 0.00206859, -0.00818672, 0.00123024, -0.00369782, -0.0174446, -0.0264014, -0.0296386, -0.040667, -0.193521, -0.374763, -0.0296386, -0.040667, -0.0163118, -0.0170219, -0.0318664, -0.0733594, -0.0321675, -0.0397288, -0.0498195, -0.0806595, 0.00123024, -0.00369782, -0.0274108, -0.00797458, -0.0223885, -0.00867447, -0.0597265, -0.0500256, -0.0911267, -0.164359, -0.0223885, -0.00867447, -0.00788669, -0.0299613, -0.0321675, -0.0397288, -0.0745547, -0.0288477, -0.0321675, -0.0397288, -0.0100136, -0.00966095, -0.0174446, -0.0264014, -0.0223885, -0.00867447, -0.0296386, -0.040667, -0.0163118, -0.0170219, -0.0296386, -0.040667, -0.0597265, -0.0500256, -0.0296386, -0.040667, -0.0911267, -0.164359, -0.193521, -0.374763, -0.0174446, -0.0264014, -0.0321675, -0.0397288, -0.0498195, -0.0806595, -0.0321675, -0.0397288, -0.0318664, -0.0733594, -0.0174446, -0.0264014, -0.193521, -0.374763, -0.0911267, -0.164359, -0.193521, -0.374763, -0.0318664, -0.0733594, 0.00123024, -0.00369782, -0.0296386, -0.040667, -0.0223885, -0.00867447, -0.0174446, -0.0264014, -0.0163118, -0.0170219, 0.00206859, -0.00818672, -0.0223885, -0.00867447, -0.0274108, -0.00797458, 0.00123024, -0.00369782, -0.0223885, -0.00867447, -0.0174446, -0.0264014, -0.0100136, -0.00966095, -0.0745547, -0.0288477, -0.0321675, -0.0397288, -0.00788669, -0.0299613, -0.0163118, -0.0170219, -0.0223885, -0.00867447, -0.0911267, -0.164359, -0.0597265, -0.0500256, -0.0296386, -0.040667, -0.0321675, -0.0397288, -0.0274108, -0.00797458, -0.0597265, -0.0500256, -0.0274108, -0.00797458, 0.00123024, -0.00369782, -0.00788669, -0.0299613, 0.00123024, -0.00369782, -0.0223885, -0.00867447, -0.0296386, -0.040667, 0.00123024, -0.00369782, 0.00206859, -0.00818672, -0.0163118, -0.0170219, -0.0174446, -0.0264014, -0.0100136, -0.00966095, ],[-0.00128283, -0.0104281, -0.0140834, -0.0276935, 0.0013104, -0.00427499, 0.00544843, -0.00635078, -0.0115069, -0.0246157, -0.0132176, -0.0300019, -0.0115069, -0.0246157, -0.0267048, -0.0494912, -0.0195354, -0.0687434, -0.0115069, -0.0246157, 0.00544843, -0.00635078, 0.0013104, -0.00427499, -0.0140834, -0.0276935, -0.02168, -0.0420462, -0.17121, -0.385581, -0.02168, -0.0420462, -0.0115069, -0.0246157, -0.0195354, -0.0687434, -0.0267048, -0.0494912, -0.0346329, -0.0773254, 0.0013104, -0.00427499, -0.0238245, -0.015349, -0.0219327, -0.0129266, -0.0506248, -0.0595186, -0.0803021, -0.171092, -0.0219327, -0.0129266, -0.0132176, -0.0300019, -0.0267048, -0.0494912, -0.0794325, -0.038312, -0.0267048, -0.0494912, -0.00128283, -0.0104281, -0.0140834, -0.0276935, -0.0219327, -0.0129266, -0.02168, -0.0420462, -0.0115069, -0.0246157, -0.02168, -0.0420462, -0.0506248, -0.0595186, -0.02168, -0.0420462, -0.0803021, -0.171092, -0.17121, -0.385581, -0.0140834, -0.0276935, -0.0267048, -0.0494912, -0.0346329, -0.0773254, -0.0267048, -0.0494912, -0.0195354, -0.0687434, -0.0140834, -0.0276935, -0.17121, -0.385581, -0.0803021, -0.171092, -0.17121, -0.385581, -0.0195354, -0.0687434, 0.0013104, -0.00427499, -0.02168, -0.0420462, -0.0219327, -0.0129266, -0.0140834, -0.0276935, -0.0115069, -0.0246157, 0.00544843, -0.00635078, -0.0219327, -0.0129266, -0.0238245, -0.015349, 0.0013104, -0.00427499, -0.0219327, -0.0129266, -0.0140834, -0.0276935, -0.00128283, -0.0104281, -0.0794325, -0.038312, -0.0267048, -0.0494912, -0.0132176, -0.0300019, -0.0115069, -0.0246157, -0.0219327, -0.0129266, -0.0803021, -0.171092, -0.0506248, -0.0595186, -0.02168, -0.0420462, -0.0267048, -0.0494912, -0.0238245, -0.015349, -0.0506248, -0.0595186, -0.0238245, -0.015349, 0.0013104, -0.00427499, -0.0132176, -0.0300019, 0.0013104, -0.00427499, -0.0219327, -0.0129266, -0.02168, -0.0420462, 0.0013104, -0.00427499, 0.00544843, -0.00635078, -0.0115069, -0.0246157, -0.0140834, -0.0276935, -0.00128283, -0.0104281, ],]
##############################################################################
clock_duration  =         1122.99
tau =                     1.05156
total_steps =             32
time_step =               0.040625
best_mc_result =          0.0510073
best_mc_result_non_secondary =          0
evolved_target_dot_squared =  0.948993
distance =          0.103554
j_protocol =  [[0, 0, 0, 0, 0, 0, 0, 0, 0, 0, 0, 0, 0, 0, 0, 0, 0, 0, 0, 0, 0, 0, 0, 0, 0, 0, 0, 0, 0, 0, 0, 0, ],[0, 0, 0, 0, 0, 0, 0, 0, 0, 0, 0, 0, 0, 0, 0, 0, 0, 0, 0, 0, 0, 0, 0, 0, 0, 0, 0, 0, 0, 0, 0, 0, ],]
k_protocol =  [[0, 0, 0, 0, 0, 0, 0, 0, 0, 0, 0, 0, 0, 0, 0, 0, 0, 0, 0, 0, 0, 0, 0, 0, 0, 0, 0, 0, 0, 0, 0, 0, ],[0, 0, 0, 0, 0, 0, 0, 0, 0, 0, 0, 0, 0, 0, 0, 0, 0, 0, 0, 0, 0, 0, 0, 0, 0, 0, 0, 0, 0, 0, 0, 0, ],]
j_protocol_secondary =  [0.0112288, 0.171762, 0.171762, 0.389545, 0.389545, 0.580011, 0.580011, 0.833408, 0.8746, 0.923673, 0.923673, 1.05156, ]
k_protocol_secondary =  [0, 0.156635, 0.156635, 0.170796, 0.248576, 0.46995, 0.46995, 0.652466, 0.652466, 1.0156, 1.05156, 1.05156, ]
best_evolved_state = [0.00267008, -0.00309565, -0.0432883, 0.0367978, -0.00347297, 0.0156294, 0.00612237, 0.0035921, -0.00978512, -0.0042688, -0.0130003, 0.00499845, -0.00978512, -0.0042688, -0.0358717, 0.0549276, -0.0880183, 0.0328317, -0.00978512, -0.0042688, 0.00612237, 0.0035921, -0.00347297, 0.0156294, -0.0432883, 0.0367978, -0.0560118, 0.0290232, -0.366729, 0.162326, -0.0560118, 0.0290232, -0.00978512, -0.0042688, -0.0880183, 0.0328317, -0.0358717, 0.0549276, -0.109269, 0.0253785, -0.00347297, 0.0156294, -0.0240053, 0.0252147, -0.0344687, 0.0202158, -0.0794234, 0.0488645, -0.156192, 0.0984947, -0.0344687, 0.0202158, -0.0130003, 0.00499845, -0.0358717, 0.0549276, -0.0436347, 0.061123, -0.0358717, 0.0549276, 0.00267008, -0.00309565, -0.0432883, 0.0367978, -0.0344687, 0.0202158, -0.0560118, 0.0290232, -0.00978512, -0.0042688, -0.0560118, 0.0290232, -0.0794234, 0.0488645, -0.0560118, 0.0290232, -0.156192, 0.0984947, -0.366729, 0.162326, -0.0432883, 0.0367978, -0.0358717, 0.0549276, -0.109269, 0.0253785, -0.0358717, 0.0549276, -0.0880183, 0.0328317, -0.0432883, 0.0367978, -0.366729, 0.162326, -0.156192, 0.0984947, -0.366729, 0.162326, -0.0880183, 0.0328317, -0.00347297, 0.0156294, -0.0560118, 0.0290232, -0.0344687, 0.0202158, -0.0432883, 0.0367978, -0.00978512, -0.0042688, 0.00612237, 0.0035921, -0.0344687, 0.0202158, -0.0240053, 0.0252147, -0.00347297, 0.0156294, -0.0344687, 0.0202158, -0.0432883, 0.0367978, 0.00267008, -0.00309565, -0.0436347, 0.061123, -0.0358717, 0.0549276, -0.0130003, 0.00499845, -0.00978512, -0.0042688, -0.0344687, 0.0202158, -0.156192, 0.0984947, -0.0794234, 0.0488645, -0.0560118, 0.0290232, -0.0358717, 0.0549276, -0.0240053, 0.0252147, -0.0794234, 0.0488645, -0.0240053, 0.0252147, -0.00347297, 0.0156294, -0.0130003, 0.00499845, -0.00347297, 0.0156294, -0.0344687, 0.0202158, -0.0560118, 0.0290232, -0.00347297, 0.0156294, 0.00612237, 0.0035921, -0.00978512, -0.0042688, -0.0432883, 0.0367978, 0.00267008, -0.00309565, ]
best_mc_result_fixed_tau =   [0.0216927, 0.0201634, ]
evolved_state_fixed_tau =   [[-0.0100136, -0.00966095, -0.0174446, -0.0264014, 0.00123024, -0.00369782, 0.00206859, -0.00818672, -0.0163118, -0.0170219, -0.00788669, -0.0299613, -0.0163118, -0.0170219, -0.0321675, -0.0397288, -0.0318664, -0.0733594, -0.0163118, -0.0170219, 0.00206859, -0.00818672, 0.00123024, -0.00369782, -0.0174446, -0.0264014, -0.0296386, -0.040667, -0.193521, -0.374763, -0.0296386, -0.040667, -0.0163118, -0.0170219, -0.0318664, -0.0733594, -0.0321675, -0.0397288, -0.0498195, -0.0806595, 0.00123024, -0.00369782, -0.0274108, -0.00797458, -0.0223885, -0.00867447, -0.0597265, -0.0500256, -0.0911267, -0.164359, -0.0223885, -0.00867447, -0.00788669, -0.0299613, -0.0321675, -0.0397288, -0.0745547, -0.0288477, -0.0321675, -0.0397288, -0.0100136, -0.00966095, -0.0174446, -0.0264014, -0.0223885, -0.00867447, -0.0296386, -0.040667, -0.0163118, -0.0170219, -0.0296386, -0.040667, -0.0597265, -0.0500256, -0.0296386, -0.040667, -0.0911267, -0.164359, -0.193521, -0.374763, -0.0174446, -0.0264014, -0.0321675, -0.0397288, -0.0498195, -0.0806595, -0.0321675, -0.0397288, -0.0318664, -0.0733594, -0.0174446, -0.0264014, -0.193521, -0.374763, -0.0911267, -0.164359, -0.193521, -0.374763, -0.0318664, -0.0733594, 0.00123024, -0.00369782, -0.0296386, -0.040667, -0.0223885, -0.00867447, -0.0174446, -0.0264014, -0.0163118, -0.0170219, 0.00206859, -0.00818672, -0.0223885, -0.00867447, -0.0274108, -0.00797458, 0.00123024, -0.00369782, -0.0223885, -0.00867447, -0.0174446, -0.0264014, -0.0100136, -0.00966095, -0.0745547, -0.0288477, -0.0321675, -0.0397288, -0.00788669, -0.0299613, -0.0163118, -0.0170219, -0.0223885, -0.00867447, -0.0911267, -0.164359, -0.0597265, -0.0500256, -0.0296386, -0.040667, -0.0321675, -0.0397288, -0.0274108, -0.00797458, -0.0597265, -0.0500256, -0.0274108, -0.00797458, 0.00123024, -0.00369782, -0.00788669, -0.0299613, 0.00123024, -0.00369782, -0.0223885, -0.00867447, -0.0296386, -0.040667, 0.00123024, -0.00369782, 0.00206859, -0.00818672, -0.0163118, -0.0170219, -0.0174446, -0.0264014, -0.0100136, -0.00966095, ],[-0.00128283, -0.0104281, -0.0140834, -0.0276935, 0.0013104, -0.00427499, 0.00544843, -0.00635078, -0.0115069, -0.0246157, -0.0132176, -0.0300019, -0.0115069, -0.0246157, -0.0267048, -0.0494912, -0.0195354, -0.0687434, -0.0115069, -0.0246157, 0.00544843, -0.00635078, 0.0013104, -0.00427499, -0.0140834, -0.0276935, -0.02168, -0.0420462, -0.17121, -0.385581, -0.02168, -0.0420462, -0.0115069, -0.0246157, -0.0195354, -0.0687434, -0.0267048, -0.0494912, -0.0346329, -0.0773254, 0.0013104, -0.00427499, -0.0238245, -0.015349, -0.0219327, -0.0129266, -0.0506248, -0.0595186, -0.0803021, -0.171092, -0.0219327, -0.0129266, -0.0132176, -0.0300019, -0.0267048, -0.0494912, -0.0794325, -0.038312, -0.0267048, -0.0494912, -0.00128283, -0.0104281, -0.0140834, -0.0276935, -0.0219327, -0.0129266, -0.02168, -0.0420462, -0.0115069, -0.0246157, -0.02168, -0.0420462, -0.0506248, -0.0595186, -0.02168, -0.0420462, -0.0803021, -0.171092, -0.17121, -0.385581, -0.0140834, -0.0276935, -0.0267048, -0.0494912, -0.0346329, -0.0773254, -0.0267048, -0.0494912, -0.0195354, -0.0687434, -0.0140834, -0.0276935, -0.17121, -0.385581, -0.0803021, -0.171092, -0.17121, -0.385581, -0.0195354, -0.0687434, 0.0013104, -0.00427499, -0.02168, -0.0420462, -0.0219327, -0.0129266, -0.0140834, -0.0276935, -0.0115069, -0.0246157, 0.00544843, -0.00635078, -0.0219327, -0.0129266, -0.0238245, -0.015349, 0.0013104, -0.00427499, -0.0219327, -0.0129266, -0.0140834, -0.0276935, -0.00128283, -0.0104281, -0.0794325, -0.038312, -0.0267048, -0.0494912, -0.0132176, -0.0300019, -0.0115069, -0.0246157, -0.0219327, -0.0129266, -0.0803021, -0.171092, -0.0506248, -0.0595186, -0.02168, -0.0420462, -0.0267048, -0.0494912, -0.0238245, -0.015349, -0.0506248, -0.0595186, -0.0238245, -0.015349, 0.0013104, -0.00427499, -0.0132176, -0.0300019, 0.0013104, -0.00427499, -0.0219327, -0.0129266, -0.02168, -0.0420462, 0.0013104, -0.00427499, 0.00544843, -0.00635078, -0.0115069, -0.0246157, -0.0140834, -0.0276935, -0.00128283, -0.0104281, ],]
##############################################################################
clock_duration  =         1218.38
tau =                     1.05391
total_steps =             32
time_step =               0.040625
best_mc_result =          0.0501943
best_mc_result_non_secondary =          0
evolved_target_dot_squared =  0.949806
distance =          0.101903
j_protocol =  [[0, 0, 0, 0, 0, 0, 0, 0, 0, 0, 0, 0, 0, 0, 0, 0, 0, 0, 0, 0, 0, 0, 0, 0, 0, 0, 0, 0, 0, 0, 0, 0, ],[0, 0, 0, 0, 0, 0, 0, 0, 0, 0, 0, 0, 0, 0, 0, 0, 0, 0, 0, 0, 0, 0, 0, 0, 0, 0, 0, 0, 0, 0, 0, 0, ],]
k_protocol =  [[0, 0, 0, 0, 0, 0, 0, 0, 0, 0, 0, 0, 0, 0, 0, 0, 0, 0, 0, 0, 0, 0, 0, 0, 0, 0, 0, 0, 0, 0, 0, 0, ],[0, 0, 0, 0, 0, 0, 0, 0, 0, 0, 0, 0, 0, 0, 0, 0, 0, 0, 0, 0, 0, 0, 0, 0, 0, 0, 0, 0, 0, 0, 0, 0, ],]
j_protocol_secondary =  [0.0113033, 0.172145, 0.172145, 0.390413, 0.390413, 0.581304, 0.581304, 0.83535, 0.87683, 0.925732, 0.925732, 1.05391, ]
k_protocol_secondary =  [0, 0.156984, 0.156984, 0.170883, 0.248793, 0.470998, 0.470998, 0.65392, 0.65392, 1.01777, 1.05391, 1.05391, ]
best_evolved_state = [0.00255682, -0.00341198, -0.0434922, 0.0358849, -0.00356854, 0.0153755, 0.00611878, 0.00346223, -0.0100321, -0.00460377, -0.0134965, 0.00459113, -0.0100321, -0.00460377, -0.036722, 0.0537827, -0.0882827, 0.031144, -0.0100321, -0.00460377, 0.00611878, 0.00346223, -0.00356854, 0.0153755, -0.0434922, 0.0358849, -0.0563037, 0.0279573, -0.369857, 0.156314, -0.0563037, 0.0279573, -0.0100321, -0.00460377, -0.0882827, 0.031144, -0.036722, 0.0537827, -0.109728, 0.02361, -0.00356854, 0.0153755, -0.0243246, 0.0247706, -0.0346955, 0.0196702, -0.080183, 0.0476121, -0.158046, 0.095197, -0.0346955, 0.0196702, -0.0134965, 0.00459113, -0.036722, 0.0537827, -0.0449072, 0.0603301, -0.036722, 0.0537827, 0.00255682, -0.00341198, -0.0434922, 0.0358849, -0.0346955, 0.0196702, -0.0563037, 0.0279573, -0.0100321, -0.00460377, -0.0563037, 0.0279573, -0.080183, 0.0476121, -0.0563037, 0.0279573, -0.158046, 0.095197, -0.369857, 0.156314, -0.0434922, 0.0358849, -0.036722, 0.0537827, -0.109728, 0.02361, -0.036722, 0.0537827, -0.0882827, 0.031144, -0.0434922, 0.0358849, -0.369857, 0.156314, -0.158046, 0.095197, -0.369857, 0.156314, -0.0882827, 0.031144, -0.00356854, 0.0153755, -0.0563037, 0.0279573, -0.0346955, 0.0196702, -0.0434922, 0.0358849, -0.0100321, -0.00460377, 0.00611878, 0.00346223, -0.0346955, 0.0196702, -0.0243246, 0.0247706, -0.00356854, 0.0153755, -0.0346955, 0.0196702, -0.0434922, 0.0358849, 0.00255682, -0.00341198, -0.0449072, 0.0603301, -0.036722, 0.0537827, -0.0134965, 0.00459113, -0.0100321, -0.00460377, -0.0346955, 0.0196702, -0.158046, 0.095197, -0.080183, 0.0476121, -0.0563037, 0.0279573, -0.036722, 0.0537827, -0.0243246, 0.0247706, -0.080183, 0.0476121, -0.0243246, 0.0247706, -0.00356854, 0.0153755, -0.0134965, 0.00459113, -0.00356854, 0.0153755, -0.0346955, 0.0196702, -0.0563037, 0.0279573, -0.00356854, 0.0153755, 0.00611878, 0.00346223, -0.0100321, -0.00460377, -0.0434922, 0.0358849, 0.00255682, -0.00341198, ]
best_mc_result_fixed_tau =   [0.0216927, 0.0201634, ]
evolved_state_fixed_tau =   [[-0.0100136, -0.00966095, -0.0174446, -0.0264014, 0.00123024, -0.00369782, 0.00206859, -0.00818672, -0.0163118, -0.0170219, -0.00788669, -0.0299613, -0.0163118, -0.0170219, -0.0321675, -0.0397288, -0.0318664, -0.0733594, -0.0163118, -0.0170219, 0.00206859, -0.00818672, 0.00123024, -0.00369782, -0.0174446, -0.0264014, -0.0296386, -0.040667, -0.193521, -0.374763, -0.0296386, -0.040667, -0.0163118, -0.0170219, -0.0318664, -0.0733594, -0.0321675, -0.0397288, -0.0498195, -0.0806595, 0.00123024, -0.00369782, -0.0274108, -0.00797458, -0.0223885, -0.00867447, -0.0597265, -0.0500256, -0.0911267, -0.164359, -0.0223885, -0.00867447, -0.00788669, -0.0299613, -0.0321675, -0.0397288, -0.0745547, -0.0288477, -0.0321675, -0.0397288, -0.0100136, -0.00966095, -0.0174446, -0.0264014, -0.0223885, -0.00867447, -0.0296386, -0.040667, -0.0163118, -0.0170219, -0.0296386, -0.040667, -0.0597265, -0.0500256, -0.0296386, -0.040667, -0.0911267, -0.164359, -0.193521, -0.374763, -0.0174446, -0.0264014, -0.0321675, -0.0397288, -0.0498195, -0.0806595, -0.0321675, -0.0397288, -0.0318664, -0.0733594, -0.0174446, -0.0264014, -0.193521, -0.374763, -0.0911267, -0.164359, -0.193521, -0.374763, -0.0318664, -0.0733594, 0.00123024, -0.00369782, -0.0296386, -0.040667, -0.0223885, -0.00867447, -0.0174446, -0.0264014, -0.0163118, -0.0170219, 0.00206859, -0.00818672, -0.0223885, -0.00867447, -0.0274108, -0.00797458, 0.00123024, -0.00369782, -0.0223885, -0.00867447, -0.0174446, -0.0264014, -0.0100136, -0.00966095, -0.0745547, -0.0288477, -0.0321675, -0.0397288, -0.00788669, -0.0299613, -0.0163118, -0.0170219, -0.0223885, -0.00867447, -0.0911267, -0.164359, -0.0597265, -0.0500256, -0.0296386, -0.040667, -0.0321675, -0.0397288, -0.0274108, -0.00797458, -0.0597265, -0.0500256, -0.0274108, -0.00797458, 0.00123024, -0.00369782, -0.00788669, -0.0299613, 0.00123024, -0.00369782, -0.0223885, -0.00867447, -0.0296386, -0.040667, 0.00123024, -0.00369782, 0.00206859, -0.00818672, -0.0163118, -0.0170219, -0.0174446, -0.0264014, -0.0100136, -0.00966095, ],[-0.00128283, -0.0104281, -0.0140834, -0.0276935, 0.0013104, -0.00427499, 0.00544843, -0.00635078, -0.0115069, -0.0246157, -0.0132176, -0.0300019, -0.0115069, -0.0246157, -0.0267048, -0.0494912, -0.0195354, -0.0687434, -0.0115069, -0.0246157, 0.00544843, -0.00635078, 0.0013104, -0.00427499, -0.0140834, -0.0276935, -0.02168, -0.0420462, -0.17121, -0.385581, -0.02168, -0.0420462, -0.0115069, -0.0246157, -0.0195354, -0.0687434, -0.0267048, -0.0494912, -0.0346329, -0.0773254, 0.0013104, -0.00427499, -0.0238245, -0.015349, -0.0219327, -0.0129266, -0.0506248, -0.0595186, -0.0803021, -0.171092, -0.0219327, -0.0129266, -0.0132176, -0.0300019, -0.0267048, -0.0494912, -0.0794325, -0.038312, -0.0267048, -0.0494912, -0.00128283, -0.0104281, -0.0140834, -0.0276935, -0.0219327, -0.0129266, -0.02168, -0.0420462, -0.0115069, -0.0246157, -0.02168, -0.0420462, -0.0506248, -0.0595186, -0.02168, -0.0420462, -0.0803021, -0.171092, -0.17121, -0.385581, -0.0140834, -0.0276935, -0.0267048, -0.0494912, -0.0346329, -0.0773254, -0.0267048, -0.0494912, -0.0195354, -0.0687434, -0.0140834, -0.0276935, -0.17121, -0.385581, -0.0803021, -0.171092, -0.17121, -0.385581, -0.0195354, -0.0687434, 0.0013104, -0.00427499, -0.02168, -0.0420462, -0.0219327, -0.0129266, -0.0140834, -0.0276935, -0.0115069, -0.0246157, 0.00544843, -0.00635078, -0.0219327, -0.0129266, -0.0238245, -0.015349, 0.0013104, -0.00427499, -0.0219327, -0.0129266, -0.0140834, -0.0276935, -0.00128283, -0.0104281, -0.0794325, -0.038312, -0.0267048, -0.0494912, -0.0132176, -0.0300019, -0.0115069, -0.0246157, -0.0219327, -0.0129266, -0.0803021, -0.171092, -0.0506248, -0.0595186, -0.02168, -0.0420462, -0.0267048, -0.0494912, -0.0238245, -0.015349, -0.0506248, -0.0595186, -0.0238245, -0.015349, 0.0013104, -0.00427499, -0.0132176, -0.0300019, 0.0013104, -0.00427499, -0.0219327, -0.0129266, -0.02168, -0.0420462, 0.0013104, -0.00427499, 0.00544843, -0.00635078, -0.0115069, -0.0246157, -0.0140834, -0.0276935, -0.00128283, -0.0104281, ],]
