START_PARAMETERS
MAX_STEPS_MCDB =               32
MIN_STEPS_MCDB =               4
STEPS_CRUNCH_MCDB =            1
SWEEPS_MCDB =                  100
TOTAL_STEP_CHANGES =                  6
MCBB_SECONDARY =                  1
SWEEPS_MCBB_SECONDARY =                  250
NUMBER_OF_BANGS =                  7
GROUND_E =                -1.87655
INITIAL_E =               -1.74971
j_initial =               0.6
k_initial =               0.5
b_initial =               0
j_target =                0.543
k_target =                0.125
b_target =                0
init_target_dot_squared = 0.924278
init_state = [-0.00614943, 0, -0.0161523, 0, -0.0226569, 0, -0.00759183, 0, -0.0161523, 0, -0.00614943, 0, -0.0235525, 0, -0.0528162, 0, -0.0292095, 0, -0.00614943, 0, -0.0528162, 0, -0.102342, 0, -0.0451158, 0, -0.0292095, 0, -0.0451158, 0, -0.0292095, 0, -0.0451158, 0, -0.102342, 0, -0.0528162, 0, -0.13361, 0, -0.166912, 0, -0.00614943, 0, -0.0292095, 0, -0.0528162, 0, -0.0235525, 0, -0.0651522, 0, -0.13361, 0, -0.0451158, 0, -0.0161523, 0, -0.0528162, 0, -0.0715305, 0, -0.0287257, 0, -0.0749925, 0, -0.173341, 0, -0.102342, 0, -0.0226569, 0, -0.0528162, 0, -0.13361, 0, -0.173341, 0, -0.0715305, 0, -0.173341, 0, -0.358802, 0, -0.166912, 0, -0.102342, 0, -0.0451158, 0, -0.0715305, 0, -0.173341, 0, -0.13361, 0, -0.0528162, 0, -0.102342, 0, -0.166912, 0, -0.358802, 0, -0.173341, 0, -0.13361, 0, -0.166912, 0, -0.0287257, 0, -0.0715305, 0, -0.0528162, 0, -0.0161523, 0, -0.0226569, 0, -0.102342, 0, -0.173341, 0, -0.0749925, 0, -0.0651522, 0, -0.13361, 0, -0.0451158, 0, -0.0109851, 0, -0.0287257, 0, -0.0235525, 0, -0.00759183, 0, -0.0161523, 0, -0.0528162, 0, -0.0715305, 0, -0.0287257, 0, -0.0235525, 0, -0.0528162, 0, -0.0292095, 0, -0.00614943, 0, -0.0287257, 0, -0.0749925, 0, -0.0651522, 0, -0.0235525, 0, -0.0528162, 0, -0.13361, 0, -0.173341, 0, -0.0715305, 0, -0.0528162, 0, -0.102342, 0, -0.0451158, 0, -0.0292095, 0, -0.00614943, 0, -0.0235525, 0, -0.0651522, 0, -0.0749925, 0, -0.0287257, 0, -0.0715305, 0, -0.173341, 0, -0.13361, 0, -0.0528162, 0, -0.0292095, 0, -0.0451158, 0, -0.102342, 0, -0.0528162, 0, -0.0161523, 0, -0.0226569, 0, -0.00759183, 0, -0.0235525, 0, -0.0287257, 0, -0.0109851, 0, -0.0287257, 0, -0.0715305, 0, -0.0528162, 0, -0.0161523, 0, -0.00614943, 0, -0.0292095, 0, -0.0528162, 0, -0.0235525, 0, -0.00759183, 0, -0.0161523, 0, -0.00614943, 0, ]
target_state = [-0.0185509, 0, -0.0352706, 0, -0.0411648, 0, -0.0232648, 0, -0.0352706, 0, -0.0185509, 0, -0.0477747, 0, -0.076291, 0, -0.0528537, 0, -0.0185509, 0, -0.076291, 0, -0.11167, 0, -0.0694888, 0, -0.0528537, 0, -0.0694888, 0, -0.0528537, 0, -0.0694888, 0, -0.11167, 0, -0.076291, 0, -0.135049, 0, -0.154701, 0, -0.0185509, 0, -0.0528537, 0, -0.076291, 0, -0.0477747, 0, -0.0897102, 0, -0.135049, 0, -0.0694888, 0, -0.0352706, 0, -0.076291, 0, -0.0917832, 0, -0.053517, 0, -0.0960992, 0, -0.15556, 0, -0.11167, 0, -0.0411648, 0, -0.076291, 0, -0.135049, 0, -0.15556, 0, -0.0917832, 0, -0.15556, 0, -0.234269, 0, -0.154701, 0, -0.11167, 0, -0.0694888, 0, -0.0917832, 0, -0.15556, 0, -0.135049, 0, -0.076291, 0, -0.11167, 0, -0.154701, 0, -0.234269, 0, -0.15556, 0, -0.135049, 0, -0.154701, 0, -0.053517, 0, -0.0917832, 0, -0.076291, 0, -0.0352706, 0, -0.0411648, 0, -0.11167, 0, -0.15556, 0, -0.0960992, 0, -0.0897102, 0, -0.135049, 0, -0.0694888, 0, -0.0299852, 0, -0.053517, 0, -0.0477747, 0, -0.0232648, 0, -0.0352706, 0, -0.076291, 0, -0.0917832, 0, -0.053517, 0, -0.0477747, 0, -0.076291, 0, -0.0528537, 0, -0.0185509, 0, -0.053517, 0, -0.0960992, 0, -0.0897102, 0, -0.0477747, 0, -0.076291, 0, -0.135049, 0, -0.15556, 0, -0.0917832, 0, -0.076291, 0, -0.11167, 0, -0.0694888, 0, -0.0528537, 0, -0.0185509, 0, -0.0477747, 0, -0.0897102, 0, -0.0960992, 0, -0.053517, 0, -0.0917832, 0, -0.15556, 0, -0.135049, 0, -0.076291, 0, -0.0528537, 0, -0.0694888, 0, -0.11167, 0, -0.076291, 0, -0.0352706, 0, -0.0411648, 0, -0.0232648, 0, -0.0477747, 0, -0.053517, 0, -0.0299852, 0, -0.053517, 0, -0.0917832, 0, -0.076291, 0, -0.0352706, 0, -0.0185509, 0, -0.0528537, 0, -0.076291, 0, -0.0477747, 0, -0.0232648, 0, -0.0352706, 0, -0.0185509, 0, ]
USE_ENERGY_DISTANCE =     false
PERIODIC =                false
UNIFORM_SITES =           true
DEVICE_DIMENSION =        2
MAX_PARAM =               1
MIN_PARAM =               0
MIN_PARAM =               0
DIAG =                    true
NUM_SEEDS =               2
NUMBER_OF_BANGS =               7
DISTANCE_LIMIT =          0.02
TAU_SCALAR =              1.2
TAU_SCALAR_TINY =         1.1
TAU_SCALAR_BIG =          1.4
ACCEPTANCE_PROB =         0.85
TEMP_EXP_DECAY =          0.8
MIN_TEMP_FRACTION =       0.01
TEMP_DECAY_ITERATIONS =   21
ZERO_TEMP_ITREATIONS =    15
RANDOM_STATES =           3
END_PARAMETERS
##############################################################################
clock_duration  =         750.845
tau =                     1
total_steps =             32
time_step =               0.03125
best_mc_result =          0.0048374
best_mc_result_non_secondary =          0.00655202
evolved_target_dot_squared =  0.995163
distance =          1
j_protocol =  [[1, 1, 1, 1, 1, 1, 1, 1, 1, 1, 1, 1, 1, 1, 1, 1, 1, 1, 1, 1, 1, 1, 1, 1, 1, 1, 1, 1, 1, 1, 1, 1, ],[1, 1, 1, 1, 1, 1, 1, 1, 1, 1, 1, 1, 1, 1, 1, 1, 1, 1, 1, 1, 1, 1, 1, 1, 1, 1, 1, 1, 1, 1, 1, 1, ],]
k_protocol =  [[0, 0, 1, 1, 1, 0, 0, 1, 1, 0, 1, 0, 0, 1, 1, 1, 0, 0, 0, 1, 1, 1, 1, 0, 0, 0, 1, 0, 0, 1, 1, 1, ],[0, 0, 0, 1, 1, 1, 1, 0, 0, 0, 1, 1, 1, 0, 0, 0, 1, 1, 1, 1, 0, 0, 0, 1, 1, 1, 0, 1, 0, 0, 1, 1, ],]
j_protocol_secondary =  [0, 0.467889, 0.467889, 0.732445, 0.732445, 0.737639, 0.737639, 0.92201, 0.92201, 0.951364, 0.951364, 0.980572, 0.980572, 0.987999, ]
k_protocol_secondary =  [0.10155, 0.175802, 0.18733, 0.280763, 0.333877, 0.333877, 0.413215, 0.502238, 0.587919, 0.7218, 0.816191, 0.838655, 0.897561, 1, ]
best_evolved_state = [-0.0187125, -0.00943342, -0.0292038, -0.0106403, -0.0360247, -0.00984407, -0.0245368, -0.0094404, -0.0292038, -0.0106403, -0.0187125, -0.00943342, -0.0410981, -0.00949831, -0.0723511, -0.0285449, -0.0476982, -0.0199694, -0.0187125, -0.00943342, -0.0723511, -0.0285449, -0.103254, -0.0358088, -0.0635821, -0.0206523, -0.0476982, -0.0199694, -0.0635821, -0.0206523, -0.0476982, -0.0199694, -0.0635821, -0.0206523, -0.103254, -0.0358088, -0.0723511, -0.0285449, -0.128748, -0.0479945, -0.142391, -0.0354335, -0.0187125, -0.00943342, -0.0476982, -0.0199694, -0.0723511, -0.0285449, -0.0410981, -0.00949831, -0.0853929, -0.0289396, -0.128748, -0.0479945, -0.0635821, -0.0206523, -0.0292038, -0.0106403, -0.0723511, -0.0285449, -0.0854472, -0.029801, -0.0443844, -0.0146201, -0.0900311, -0.0270232, -0.15765, -0.0517716, -0.103254, -0.0358088, -0.0360247, -0.00984407, -0.0723511, -0.0285449, -0.128748, -0.0479945, -0.15765, -0.0517716, -0.0854472, -0.029801, -0.15765, -0.0517716, -0.224681, -0.0599824, -0.142391, -0.0354335, -0.103254, -0.0358088, -0.0635821, -0.0206523, -0.0854472, -0.029801, -0.15765, -0.0517716, -0.128748, -0.0479945, -0.0723511, -0.0285449, -0.103254, -0.0358088, -0.142391, -0.0354335, -0.224681, -0.0599824, -0.15765, -0.0517716, -0.128748, -0.0479945, -0.142391, -0.0354335, -0.0443844, -0.0146201, -0.0854472, -0.029801, -0.0723511, -0.0285449, -0.0292038, -0.0106403, -0.0360247, -0.00984407, -0.103254, -0.0358088, -0.15765, -0.0517716, -0.0900311, -0.0270232, -0.0853929, -0.0289396, -0.128748, -0.0479945, -0.0635821, -0.0206523, -0.0114007, 0.000143422, -0.0443844, -0.0146201, -0.0410981, -0.00949831, -0.0245368, -0.0094404, -0.0292038, -0.0106403, -0.0723511, -0.0285449, -0.0854472, -0.029801, -0.0443844, -0.0146201, -0.0410981, -0.00949831, -0.0723511, -0.0285449, -0.0476982, -0.0199694, -0.0187125, -0.00943342, -0.0443844, -0.0146201, -0.0900311, -0.0270232, -0.0853929, -0.0289396, -0.0410981, -0.00949831, -0.0723511, -0.0285449, -0.128748, -0.0479945, -0.15765, -0.0517716, -0.0854472, -0.029801, -0.0723511, -0.0285449, -0.103254, -0.0358088, -0.0635821, -0.0206523, -0.0476982, -0.0199694, -0.0187125, -0.00943342, -0.0410981, -0.00949831, -0.0853929, -0.0289396, -0.0900311, -0.0270232, -0.0443844, -0.0146201, -0.0854472, -0.029801, -0.15765, -0.0517716, -0.128748, -0.0479945, -0.0723511, -0.0285449, -0.0476982, -0.0199694, -0.0635821, -0.0206523, -0.103254, -0.0358088, -0.0723511, -0.0285449, -0.0292038, -0.0106403, -0.0360247, -0.00984407, -0.0245368, -0.0094404, -0.0410981, -0.00949831, -0.0443844, -0.0146201, -0.0114007, 0.000143422, -0.0443844, -0.0146201, -0.0854472, -0.029801, -0.0723511, -0.0285449, -0.0292038, -0.0106403, -0.0187125, -0.00943342, -0.0476982, -0.0199694, -0.0723511, -0.0285449, -0.0410981, -0.00949831, -0.0245368, -0.0094404, -0.0292038, -0.0106403, -0.0187125, -0.00943342, ]
best_mc_result_fixed_tau =   [0.00655202, 0.00668082, ]
evolved_state_fixed_tau =   [[-0.0161557, -0.00758338, -0.0305078, -0.0108882, -0.0357892, -0.00581324, -0.0212367, -0.00940862, -0.0305078, -0.0108882, -0.0161557, -0.00758338, -0.0427483, -0.00827147, -0.0712848, -0.0209314, -0.048497, -0.0193757, -0.0161557, -0.00758338, -0.0712848, -0.0209314, -0.105553, -0.0300966, -0.0641263, -0.0136626, -0.048497, -0.0193757, -0.0641263, -0.0136626, -0.048497, -0.0193757, -0.0641263, -0.0136626, -0.105553, -0.0300966, -0.0712848, -0.0209314, -0.132898, -0.0389927, -0.150462, -0.0197874, -0.0161557, -0.00758338, -0.048497, -0.0193757, -0.0712848, -0.0209314, -0.0427483, -0.00827147, -0.0839699, -0.0218266, -0.132898, -0.0389927, -0.0641263, -0.0136626, -0.0305078, -0.0108882, -0.0712848, -0.0209314, -0.0885185, -0.0252472, -0.0419151, -0.0131887, -0.0927855, -0.0219741, -0.161677, -0.0333455, -0.105553, -0.0300966, -0.0357892, -0.00581324, -0.0712848, -0.0209314, -0.132898, -0.0389927, -0.161677, -0.0333455, -0.0885185, -0.0252472, -0.161677, -0.0333455, -0.233561, -0.0376678, -0.150462, -0.0197874, -0.105553, -0.0300966, -0.0641263, -0.0136626, -0.0885185, -0.0252472, -0.161677, -0.0333455, -0.132898, -0.0389927, -0.0712848, -0.0209314, -0.105553, -0.0300966, -0.150462, -0.0197874, -0.233561, -0.0376678, -0.161677, -0.0333455, -0.132898, -0.0389927, -0.150462, -0.0197874, -0.0419151, -0.0131887, -0.0885185, -0.0252472, -0.0712848, -0.0209314, -0.0305078, -0.0108882, -0.0357892, -0.00581324, -0.105553, -0.0300966, -0.161677, -0.0333455, -0.0927855, -0.0219741, -0.0839699, -0.0218266, -0.132898, -0.0389927, -0.0641263, -0.0136626, -0.0128167, 0.00184656, -0.0419151, -0.0131887, -0.0427483, -0.00827147, -0.0212367, -0.00940862, -0.0305078, -0.0108882, -0.0712848, -0.0209314, -0.0885185, -0.0252472, -0.0419151, -0.0131887, -0.0427483, -0.00827147, -0.0712848, -0.0209314, -0.048497, -0.0193757, -0.0161557, -0.00758338, -0.0419151, -0.0131887, -0.0927855, -0.0219741, -0.0839699, -0.0218266, -0.0427483, -0.00827147, -0.0712848, -0.0209314, -0.132898, -0.0389927, -0.161677, -0.0333455, -0.0885185, -0.0252472, -0.0712848, -0.0209314, -0.105553, -0.0300966, -0.0641263, -0.0136626, -0.048497, -0.0193757, -0.0161557, -0.00758338, -0.0427483, -0.00827147, -0.0839699, -0.0218266, -0.0927855, -0.0219741, -0.0419151, -0.0131887, -0.0885185, -0.0252472, -0.161677, -0.0333455, -0.132898, -0.0389927, -0.0712848, -0.0209314, -0.048497, -0.0193757, -0.0641263, -0.0136626, -0.105553, -0.0300966, -0.0712848, -0.0209314, -0.0305078, -0.0108882, -0.0357892, -0.00581324, -0.0212367, -0.00940862, -0.0427483, -0.00827147, -0.0419151, -0.0131887, -0.0128167, 0.00184656, -0.0419151, -0.0131887, -0.0885185, -0.0252472, -0.0712848, -0.0209314, -0.0305078, -0.0108882, -0.0161557, -0.00758338, -0.048497, -0.0193757, -0.0712848, -0.0209314, -0.0427483, -0.00827147, -0.0212367, -0.00940862, -0.0305078, -0.0108882, -0.0161557, -0.00758338, ],[-0.0162644, -0.00838553, -0.0303861, -0.00793587, -0.032401, -0.00759511, -0.0228116, -0.00795168, -0.0303861, -0.00793587, -0.0162644, -0.00838553, -0.0404928, -0.00447134, -0.0711751, -0.0199095, -0.0506301, -0.0148296, -0.0162644, -0.00838553, -0.0711751, -0.0199095, -0.108661, -0.0265308, -0.0600959, -0.0150923, -0.0506301, -0.0148296, -0.0600959, -0.0150923, -0.0506301, -0.0148296, -0.0600959, -0.0150923, -0.108661, -0.0265308, -0.0711751, -0.0199095, -0.136252, -0.0370648, -0.143123, -0.0280519, -0.0162644, -0.00838553, -0.0506301, -0.0148296, -0.0711751, -0.0199095, -0.0404928, -0.00447134, -0.083312, -0.0204196, -0.136252, -0.0370648, -0.0600959, -0.0150923, -0.0303861, -0.00793587, -0.0711751, -0.0199095, -0.0884597, -0.0230616, -0.0407979, -0.0126562, -0.0916757, -0.0191658, -0.162446, -0.0348087, -0.108661, -0.0265308, -0.032401, -0.00759511, -0.0711751, -0.0199095, -0.136252, -0.0370648, -0.162446, -0.0348087, -0.0884597, -0.0230616, -0.162446, -0.0348087, -0.238762, -0.0414632, -0.143123, -0.0280519, -0.108661, -0.0265308, -0.0600959, -0.0150923, -0.0884597, -0.0230616, -0.162446, -0.0348087, -0.136252, -0.0370648, -0.0711751, -0.0199095, -0.108661, -0.0265308, -0.143123, -0.0280519, -0.238762, -0.0414632, -0.162446, -0.0348087, -0.136252, -0.0370648, -0.143123, -0.0280519, -0.0407979, -0.0126562, -0.0884597, -0.0230616, -0.0711751, -0.0199095, -0.0303861, -0.00793587, -0.032401, -0.00759511, -0.108661, -0.0265308, -0.162446, -0.0348087, -0.0916757, -0.0191658, -0.083312, -0.0204196, -0.136252, -0.0370648, -0.0600959, -0.0150923, -0.0070565, 0.00160758, -0.0407979, -0.0126562, -0.0404928, -0.00447134, -0.0228116, -0.00795168, -0.0303861, -0.00793587, -0.0711751, -0.0199095, -0.0884597, -0.0230616, -0.0407979, -0.0126562, -0.0404928, -0.00447134, -0.0711751, -0.0199095, -0.0506301, -0.0148296, -0.0162644, -0.00838553, -0.0407979, -0.0126562, -0.0916757, -0.0191658, -0.083312, -0.0204196, -0.0404928, -0.00447134, -0.0711751, -0.0199095, -0.136252, -0.0370648, -0.162446, -0.0348087, -0.0884597, -0.0230616, -0.0711751, -0.0199095, -0.108661, -0.0265308, -0.0600959, -0.0150923, -0.0506301, -0.0148296, -0.0162644, -0.00838553, -0.0404928, -0.00447134, -0.083312, -0.0204196, -0.0916757, -0.0191658, -0.0407979, -0.0126562, -0.0884597, -0.0230616, -0.162446, -0.0348087, -0.136252, -0.0370648, -0.0711751, -0.0199095, -0.0506301, -0.0148296, -0.0600959, -0.0150923, -0.108661, -0.0265308, -0.0711751, -0.0199095, -0.0303861, -0.00793587, -0.032401, -0.00759511, -0.0228116, -0.00795168, -0.0404928, -0.00447134, -0.0407979, -0.0126562, -0.0070565, 0.00160758, -0.0407979, -0.0126562, -0.0884597, -0.0230616, -0.0711751, -0.0199095, -0.0303861, -0.00793587, -0.0162644, -0.00838553, -0.0506301, -0.0148296, -0.0711751, -0.0199095, -0.0404928, -0.00447134, -0.0228116, -0.00795168, -0.0303861, -0.00793587, -0.0162644, -0.00838553, ],]
