START_PARAMETERS
MAX_STEPS_MCDB =               32
MIN_STEPS_MCDB =               4
STEPS_CRUNCH_MCDB =            1
SWEEPS_MCDB =                  100
TOTAL_STEP_CHANGES =                  6
MCBB_SECONDARY =                  1
SWEEPS_MCBB_SECONDARY =                  250
NUMBER_OF_BANGS =                  7
GROUND_E =                -3.27331
INITIAL_E =               -0.240249
j_initial =               0.069
k_initial =               0.5
b_initial =               0
j_target =                0.66
k_target =                0.062
b_target =                0
init_target_dot_squared = 0.156882
init_state = [2.73531e-06, 0, 3.60742e-05, 0, 0.000227428, 0, 3.16444e-06, 0, 3.60742e-05, 0, 2.73531e-06, 0, 5.65298e-05, 0, 0.000677602, 0, 8.18299e-05, 0, 2.73531e-06, 0, 0.000677602, 0, 0.00661936, 0, 0.000528389, 0, 8.18299e-05, 0, 0.000528389, 0, 8.18299e-05, 0, 0.000528389, 0, 0.00661936, 0, 0.000677602, 0, 0.00986532, 0, 0.0482734, 0, 2.73531e-06, 0, 8.18299e-05, 0, 0.000677602, 0, 5.65298e-05, 0, 0.000900116, 0, 0.00986532, 0, 0.000528389, 0, 3.60742e-05, 0, 0.000677602, 0, 0.00335888, 0, 0.000230816, 0, 0.00337394, 0, 0.0487063, 0, 0.00661936, 0, 0.000227428, 0, 0.000677602, 0, 0.00986532, 0, 0.0487063, 0, 0.00335888, 0, 0.0487063, 0, 0.696571, 0, 0.0482734, 0, 0.00661936, 0, 0.000528389, 0, 0.00335888, 0, 0.0487063, 0, 0.00986532, 0, 0.000677602, 0, 0.00661936, 0, 0.0482734, 0, 0.696571, 0, 0.0487063, 0, 0.00986532, 0, 0.0482734, 0, 0.000230816, 0, 0.00335888, 0, 0.000677602, 0, 3.60742e-05, 0, 0.000227428, 0, 0.00661936, 0, 0.0487063, 0, 0.00337394, 0, 0.000900116, 0, 0.00986532, 0, 0.000528389, 0, 1.57747e-05, 0, 0.000230816, 0, 5.65298e-05, 0, 3.16444e-06, 0, 3.60742e-05, 0, 0.000677602, 0, 0.00335888, 0, 0.000230816, 0, 5.65298e-05, 0, 0.000677602, 0, 8.18299e-05, 0, 2.73531e-06, 0, 0.000230816, 0, 0.00337394, 0, 0.000900116, 0, 5.65298e-05, 0, 0.000677602, 0, 0.00986532, 0, 0.0487063, 0, 0.00335888, 0, 0.000677602, 0, 0.00661936, 0, 0.000528389, 0, 8.18299e-05, 0, 2.73531e-06, 0, 5.65298e-05, 0, 0.000900116, 0, 0.00337394, 0, 0.000230816, 0, 0.00335888, 0, 0.0487063, 0, 0.00986532, 0, 0.000677602, 0, 8.18299e-05, 0, 0.000528389, 0, 0.00661936, 0, 0.000677602, 0, 3.60742e-05, 0, 0.000227428, 0, 3.16444e-06, 0, 5.65298e-05, 0, 0.000230816, 0, 1.57747e-05, 0, 0.000230816, 0, 0.00335888, 0, 0.000677602, 0, 3.60742e-05, 0, 2.73531e-06, 0, 8.18299e-05, 0, 0.000677602, 0, 5.65298e-05, 0, 3.16444e-06, 0, 3.60742e-05, 0, 2.73531e-06, 0, ]
target_state = [-0.0242064, 0, -0.0421505, 0, -0.047459, 0, -0.0302075, 0, -0.0421505, 0, -0.0242064, 0, -0.0554589, 0, -0.0813047, 0, -0.0594167, 0, -0.0242064, 0, -0.0813047, 0, -0.111204, 0, -0.0753188, 0, -0.0594167, 0, -0.0753188, 0, -0.0594167, 0, -0.0753188, 0, -0.111204, 0, -0.0813047, 0, -0.131364, 0, -0.147656, 0, -0.0242064, 0, -0.0594167, 0, -0.0813047, 0, -0.0554589, 0, -0.0940766, 0, -0.131364, 0, -0.0753188, 0, -0.0421505, 0, -0.0813047, 0, -0.0952954, 0, -0.0610954, 0, -0.0994919, 0, -0.147624, 0, -0.111204, 0, -0.047459, 0, -0.0813047, 0, -0.131364, 0, -0.147624, 0, -0.0952954, 0, -0.147624, 0, -0.206812, 0, -0.147656, 0, -0.111204, 0, -0.0753188, 0, -0.0952954, 0, -0.147624, 0, -0.131364, 0, -0.0813047, 0, -0.111204, 0, -0.147656, 0, -0.206812, 0, -0.147624, 0, -0.131364, 0, -0.147656, 0, -0.0610954, 0, -0.0952954, 0, -0.0813047, 0, -0.0421505, 0, -0.047459, 0, -0.111204, 0, -0.147624, 0, -0.0994919, 0, -0.0940766, 0, -0.131364, 0, -0.0753188, 0, -0.0378148, 0, -0.0610954, 0, -0.0554589, 0, -0.0302075, 0, -0.0421505, 0, -0.0813047, 0, -0.0952954, 0, -0.0610954, 0, -0.0554589, 0, -0.0813047, 0, -0.0594167, 0, -0.0242064, 0, -0.0610954, 0, -0.0994919, 0, -0.0940766, 0, -0.0554589, 0, -0.0813047, 0, -0.131364, 0, -0.147624, 0, -0.0952954, 0, -0.0813047, 0, -0.111204, 0, -0.0753188, 0, -0.0594167, 0, -0.0242064, 0, -0.0554589, 0, -0.0940766, 0, -0.0994919, 0, -0.0610954, 0, -0.0952954, 0, -0.147624, 0, -0.131364, 0, -0.0813047, 0, -0.0594167, 0, -0.0753188, 0, -0.111204, 0, -0.0813047, 0, -0.0421505, 0, -0.047459, 0, -0.0302075, 0, -0.0554589, 0, -0.0610954, 0, -0.0378148, 0, -0.0610954, 0, -0.0952954, 0, -0.0813047, 0, -0.0421505, 0, -0.0242064, 0, -0.0594167, 0, -0.0813047, 0, -0.0554589, 0, -0.0302075, 0, -0.0421505, 0, -0.0242064, 0, ]
USE_ENERGY_DISTANCE =     false
PERIODIC =                false
UNIFORM_SITES =           true
DEVICE_DIMENSION =        2
MAX_PARAM =               1
MIN_PARAM =               0
MIN_PARAM =               0
DIAG =                    true
NUM_SEEDS =               2
NUMBER_OF_BANGS =               7
DISTANCE_LIMIT =          0.02
TAU_SCALAR =              1.2
TAU_SCALAR_TINY =         1.1
TAU_SCALAR_BIG =          1.4
ACCEPTANCE_PROB =         0.85
TEMP_EXP_DECAY =          0.8
MIN_TEMP_FRACTION =       0.01
TEMP_DECAY_ITERATIONS =   21
ZERO_TEMP_ITREATIONS =    15
RANDOM_STATES =           3
END_PARAMETERS
##############################################################################
clock_duration  =         735.134
tau =                     1
total_steps =             32
time_step =               0.03125
best_mc_result =          0.24556
best_mc_result_non_secondary =          0.246974
evolved_target_dot_squared =  0.75444
distance =          1
j_protocol =  [[1, 1, 1, 1, 1, 1, 1, 1, 1, 1, 1, 1, 1, 1, 1, 1, 1, 1, 1, 1, 1, 1, 1, 1, 0, 0, 1, 1, 1, 1, 0, 0, ],[1, 1, 1, 1, 1, 1, 0, 1, 1, 1, 1, 1, 1, 1, 1, 1, 1, 1, 1, 1, 1, 1, 1, 1, 1, 0, 1, 1, 1, 0, 0, 0, ],]
k_protocol =  [[1, 1, 1, 1, 1, 1, 1, 1, 1, 1, 1, 1, 1, 1, 1, 1, 1, 1, 1, 1, 1, 1, 1, 1, 1, 1, 1, 1, 1, 1, 1, 1, ],[1, 1, 1, 1, 1, 1, 1, 1, 1, 1, 1, 1, 1, 1, 1, 1, 1, 1, 1, 1, 1, 1, 1, 1, 1, 1, 1, 1, 1, 1, 1, 1, ],]
j_protocol_secondary =  [0, 0.0958772, 0.0958772, 0.143432, 0.143432, 0.201791, 0.22595, 0.444007, 0.444007, 0.584925, 0.584925, 0.745979, 0.775939, 0.897511, ]
k_protocol_secondary =  [0.0140638, 0.306118, 0.306118, 0.39636, 0.39636, 0.459962, 0.459962, 0.51297, 0.51297, 0.683517, 0.683517, 0.949953, 0.949953, 1, ]
best_evolved_state = [0.00811691, 0.0365479, 0.00706358, 0.0490734, 0.00561891, 0.00487819, 0.00148049, 0.0538427, 0.00706358, 0.0490734, 0.00811691, 0.0365479, 0.0247166, 0.0765782, 0.0156385, 0.0850598, -0.0261834, 0.109434, 0.00811691, 0.0365479, 0.0156385, 0.0850598, 0.0307087, 0.0883056, 0.036224, 0.0189672, -0.0261834, 0.109434, 0.036224, 0.0189672, -0.0261834, 0.109434, 0.036224, 0.0189672, 0.0307087, 0.0883056, 0.0156385, 0.0850598, 0.0450848, 0.110941, 0.0318165, 0.0771951, 0.00811691, 0.0365479, -0.0261834, 0.109434, 0.0156385, 0.0850598, 0.0247166, 0.0765782, 0.0468258, 0.105464, 0.0450848, 0.110941, 0.036224, 0.0189672, 0.00706358, 0.0490734, 0.0156385, 0.0850598, 0.00896696, 0.0767192, -0.00150321, 0.0259136, 0.00951125, 0.102999, 0.0876253, 0.134402, 0.0307087, 0.0883056, 0.00561891, 0.00487819, 0.0156385, 0.0850598, 0.0450848, 0.110941, 0.0876253, 0.134402, 0.00896696, 0.0767192, 0.0876253, 0.134402, 0.226761, -0.00398101, 0.0318165, 0.0771951, 0.0307087, 0.0883056, 0.036224, 0.0189672, 0.00896696, 0.0767192, 0.0876253, 0.134402, 0.0450848, 0.110941, 0.0156385, 0.0850598, 0.0307087, 0.0883056, 0.0318165, 0.0771951, 0.226761, -0.00398101, 0.0876253, 0.134402, 0.0450848, 0.110941, 0.0318165, 0.0771951, -0.00150321, 0.0259136, 0.00896696, 0.0767192, 0.0156385, 0.0850598, 0.00706358, 0.0490734, 0.00561891, 0.00487819, 0.0307087, 0.0883056, 0.0876253, 0.134402, 0.00951125, 0.102999, 0.0468258, 0.105464, 0.0450848, 0.110941, 0.036224, 0.0189672, 0.0147667, -0.00981158, -0.00150321, 0.0259136, 0.0247166, 0.0765782, 0.00148049, 0.0538427, 0.00706358, 0.0490734, 0.0156385, 0.0850598, 0.00896696, 0.0767192, -0.00150321, 0.0259136, 0.0247166, 0.0765782, 0.0156385, 0.0850598, -0.0261834, 0.109434, 0.00811691, 0.0365479, -0.00150321, 0.0259136, 0.00951125, 0.102999, 0.0468258, 0.105464, 0.0247166, 0.0765782, 0.0156385, 0.0850598, 0.0450848, 0.110941, 0.0876253, 0.134402, 0.00896696, 0.0767192, 0.0156385, 0.0850598, 0.0307087, 0.0883056, 0.036224, 0.0189672, -0.0261834, 0.109434, 0.00811691, 0.0365479, 0.0247166, 0.0765782, 0.0468258, 0.105464, 0.00951125, 0.102999, -0.00150321, 0.0259136, 0.00896696, 0.0767192, 0.0876253, 0.134402, 0.0450848, 0.110941, 0.0156385, 0.0850598, -0.0261834, 0.109434, 0.036224, 0.0189672, 0.0307087, 0.0883056, 0.0156385, 0.0850598, 0.00706358, 0.0490734, 0.00561891, 0.00487819, 0.00148049, 0.0538427, 0.0247166, 0.0765782, -0.00150321, 0.0259136, 0.0147667, -0.00981158, -0.00150321, 0.0259136, 0.00896696, 0.0767192, 0.0156385, 0.0850598, 0.00706358, 0.0490734, 0.00811691, 0.0365479, -0.0261834, 0.109434, 0.0156385, 0.0850598, 0.0247166, 0.0765782, 0.00148049, 0.0538427, 0.00706358, 0.0490734, 0.00811691, 0.0365479, ]
best_mc_result_fixed_tau =   [0.248919, 0.246974, ]
evolved_state_fixed_tau =   [[0.0080742, 0.0347594, 0.0100594, 0.0499289, -0.00243469, 0.00658434, 0.0072424, 0.0569922, 0.0100594, 0.0499289, 0.0080742, 0.0347594, 0.0315116, 0.0755498, 0.016258, 0.0855837, -0.0154325, 0.119376, 0.0080742, 0.0347594, 0.016258, 0.0855837, 0.0314365, 0.0872935, 0.0252157, 0.0131525, -0.0154325, 0.119376, 0.0252157, 0.0131525, -0.0154325, 0.119376, 0.0252157, 0.0131525, 0.0314365, 0.0872935, 0.016258, 0.0855837, 0.0411849, 0.108772, 0.0233521, 0.0953892, 0.0080742, 0.0347594, -0.0154325, 0.119376, 0.016258, 0.0855837, 0.0315116, 0.0755498, 0.0502391, 0.101797, 0.0411849, 0.108772, 0.0252157, 0.0131525, 0.0100594, 0.0499289, 0.016258, 0.0855837, 0.0042926, 0.0800058, -0.00602337, 0.0258192, 0.00845052, 0.108835, 0.0855753, 0.135458, 0.0314365, 0.0872935, -0.00243469, 0.00658434, 0.016258, 0.0855837, 0.0411849, 0.108772, 0.0855753, 0.135458, 0.0042926, 0.0800058, 0.0855753, 0.135458, 0.1997, -0.0159271, 0.0233521, 0.0953892, 0.0314365, 0.0872935, 0.0252157, 0.0131525, 0.0042926, 0.0800058, 0.0855753, 0.135458, 0.0411849, 0.108772, 0.016258, 0.0855837, 0.0314365, 0.0872935, 0.0233521, 0.0953892, 0.1997, -0.0159271, 0.0855753, 0.135458, 0.0411849, 0.108772, 0.0233521, 0.0953892, -0.00602337, 0.0258192, 0.0042926, 0.0800058, 0.016258, 0.0855837, 0.0100594, 0.0499289, -0.00243469, 0.00658434, 0.0314365, 0.0872935, 0.0855753, 0.135458, 0.00845052, 0.108835, 0.0502391, 0.101797, 0.0411849, 0.108772, 0.0252157, 0.0131525, 0.0112133, -0.0158336, -0.00602337, 0.0258192, 0.0315116, 0.0755498, 0.0072424, 0.0569922, 0.0100594, 0.0499289, 0.016258, 0.0855837, 0.0042926, 0.0800058, -0.00602337, 0.0258192, 0.0315116, 0.0755498, 0.016258, 0.0855837, -0.0154325, 0.119376, 0.0080742, 0.0347594, -0.00602337, 0.0258192, 0.00845052, 0.108835, 0.0502391, 0.101797, 0.0315116, 0.0755498, 0.016258, 0.0855837, 0.0411849, 0.108772, 0.0855753, 0.135458, 0.0042926, 0.0800058, 0.016258, 0.0855837, 0.0314365, 0.0872935, 0.0252157, 0.0131525, -0.0154325, 0.119376, 0.0080742, 0.0347594, 0.0315116, 0.0755498, 0.0502391, 0.101797, 0.00845052, 0.108835, -0.00602337, 0.0258192, 0.0042926, 0.0800058, 0.0855753, 0.135458, 0.0411849, 0.108772, 0.016258, 0.0855837, -0.0154325, 0.119376, 0.0252157, 0.0131525, 0.0314365, 0.0872935, 0.016258, 0.0855837, 0.0100594, 0.0499289, -0.00243469, 0.00658434, 0.0072424, 0.0569922, 0.0315116, 0.0755498, -0.00602337, 0.0258192, 0.0112133, -0.0158336, -0.00602337, 0.0258192, 0.0042926, 0.0800058, 0.016258, 0.0855837, 0.0100594, 0.0499289, 0.0080742, 0.0347594, -0.0154325, 0.119376, 0.016258, 0.0855837, 0.0315116, 0.0755498, 0.0072424, 0.0569922, 0.0100594, 0.0499289, 0.0080742, 0.0347594, ],[0.010317, 0.035542, 0.010435, 0.0481171, 0.00680883, 0.00426889, 0.00463146, 0.0529138, 0.010435, 0.0481171, 0.010317, 0.035542, 0.0296234, 0.0741456, 0.0229522, 0.0833623, -0.0169399, 0.109983, 0.010317, 0.035542, 0.0229522, 0.0833623, 0.0396917, 0.0855291, 0.038349, 0.0168775, -0.0169399, 0.109983, 0.038349, 0.0168775, -0.0169399, 0.109983, 0.038349, 0.0168775, 0.0396917, 0.0855291, 0.0229522, 0.0833623, 0.0571983, 0.107052, 0.0413173, 0.0691954, 0.010317, 0.035542, -0.0169399, 0.109983, 0.0229522, 0.0833623, 0.0296234, 0.0741456, 0.0553721, 0.101441, 0.0571983, 0.107052, 0.038349, 0.0168775, 0.010435, 0.0481171, 0.0229522, 0.0833623, 0.0173625, 0.0753576, 0.00142231, 0.0267764, 0.0199555, 0.101105, 0.101724, 0.123573, 0.0396917, 0.0855291, 0.00680883, 0.00426889, 0.0229522, 0.0833623, 0.0571983, 0.107052, 0.101724, 0.123573, 0.0173625, 0.0753576, 0.101724, 0.123573, 0.226765, -0.0279001, 0.0413173, 0.0691954, 0.0396917, 0.0855291, 0.038349, 0.0168775, 0.0173625, 0.0753576, 0.101724, 0.123573, 0.0571983, 0.107052, 0.0229522, 0.0833623, 0.0396917, 0.0855291, 0.0413173, 0.0691954, 0.226765, -0.0279001, 0.101724, 0.123573, 0.0571983, 0.107052, 0.0413173, 0.0691954, 0.00142231, 0.0267764, 0.0173625, 0.0753576, 0.0229522, 0.0833623, 0.010435, 0.0481171, 0.00680883, 0.00426889, 0.0396917, 0.0855291, 0.101724, 0.123573, 0.0199555, 0.101105, 0.0553721, 0.101441, 0.0571983, 0.107052, 0.038349, 0.0168775, 0.0140968, -0.0092961, 0.00142231, 0.0267764, 0.0296234, 0.0741456, 0.00463146, 0.0529138, 0.010435, 0.0481171, 0.0229522, 0.0833623, 0.0173625, 0.0753576, 0.00142231, 0.0267764, 0.0296234, 0.0741456, 0.0229522, 0.0833623, -0.0169399, 0.109983, 0.010317, 0.035542, 0.00142231, 0.0267764, 0.0199555, 0.101105, 0.0553721, 0.101441, 0.0296234, 0.0741456, 0.0229522, 0.0833623, 0.0571983, 0.107052, 0.101724, 0.123573, 0.0173625, 0.0753576, 0.0229522, 0.0833623, 0.0396917, 0.0855291, 0.038349, 0.0168775, -0.0169399, 0.109983, 0.010317, 0.035542, 0.0296234, 0.0741456, 0.0553721, 0.101441, 0.0199555, 0.101105, 0.00142231, 0.0267764, 0.0173625, 0.0753576, 0.101724, 0.123573, 0.0571983, 0.107052, 0.0229522, 0.0833623, -0.0169399, 0.109983, 0.038349, 0.0168775, 0.0396917, 0.0855291, 0.0229522, 0.0833623, 0.010435, 0.0481171, 0.00680883, 0.00426889, 0.00463146, 0.0529138, 0.0296234, 0.0741456, 0.00142231, 0.0267764, 0.0140968, -0.0092961, 0.00142231, 0.0267764, 0.0173625, 0.0753576, 0.0229522, 0.0833623, 0.010435, 0.0481171, 0.010317, 0.035542, -0.0169399, 0.109983, 0.0229522, 0.0833623, 0.0296234, 0.0741456, 0.00463146, 0.0529138, 0.010435, 0.0481171, 0.010317, 0.035542, ],]
