START_PARAMETERS
MAX_STEPS_MCDB =               32
MIN_STEPS_MCDB =               4
STEPS_CRUNCH_MCDB =            1
SWEEPS_MCDB =                  100
TOTAL_STEP_CHANGES =                  6
MCBB_SECONDARY =                  1
SWEEPS_MCBB_SECONDARY =                  250
NUMBER_OF_BANGS =                  7
GROUND_E =                1.72408
INITIAL_E =               1.99345
j_initial =               0.905
k_initial =               0.062
b_initial =               0
j_target =                0.6
k_target =                0.5
b_target =                0
init_target_dot_squared = 0.872494
init_state = [-0.0254664, 0, -0.0435819, 0, -0.0487587, 0, -0.0317252, 0, -0.0435819, 0, -0.0254664, 0, -0.0569859, 0, -0.0821924, 0, -0.0606812, 0, -0.0254664, 0, -0.0821924, 0, -0.110982, 0, -0.0763843, 0, -0.0606812, 0, -0.0763843, 0, -0.0606812, 0, -0.0763843, 0, -0.110982, 0, -0.0821924, 0, -0.13048, 0, -0.146123, 0, -0.0254664, 0, -0.0606812, 0, -0.0821924, 0, -0.0569859, 0, -0.094785, 0, -0.13048, 0, -0.0763843, 0, -0.0435819, 0, -0.0821924, 0, -0.0958601, 0, -0.0625841, 0, -0.100012, 0, -0.145963, 0, -0.110982, 0, -0.0487587, 0, -0.0821924, 0, -0.13048, 0, -0.145963, 0, -0.0958601, 0, -0.145963, 0, -0.201721, 0, -0.146123, 0, -0.110982, 0, -0.0763843, 0, -0.0958601, 0, -0.145963, 0, -0.13048, 0, -0.0821924, 0, -0.110982, 0, -0.146123, 0, -0.201721, 0, -0.145963, 0, -0.13048, 0, -0.146123, 0, -0.0625841, 0, -0.0958601, 0, -0.0821924, 0, -0.0435819, 0, -0.0487587, 0, -0.110982, 0, -0.145963, 0, -0.100012, 0, -0.094785, 0, -0.13048, 0, -0.0763843, 0, -0.0394856, 0, -0.0625841, 0, -0.0569859, 0, -0.0317252, 0, -0.0435819, 0, -0.0821924, 0, -0.0958601, 0, -0.0625841, 0, -0.0569859, 0, -0.0821924, 0, -0.0606812, 0, -0.0254664, 0, -0.0625841, 0, -0.100012, 0, -0.094785, 0, -0.0569859, 0, -0.0821924, 0, -0.13048, 0, -0.145963, 0, -0.0958601, 0, -0.0821924, 0, -0.110982, 0, -0.0763843, 0, -0.0606812, 0, -0.0254664, 0, -0.0569859, 0, -0.094785, 0, -0.100012, 0, -0.0625841, 0, -0.0958601, 0, -0.145963, 0, -0.13048, 0, -0.0821924, 0, -0.0606812, 0, -0.0763843, 0, -0.110982, 0, -0.0821924, 0, -0.0435819, 0, -0.0487587, 0, -0.0317252, 0, -0.0569859, 0, -0.0625841, 0, -0.0394856, 0, -0.0625841, 0, -0.0958601, 0, -0.0821924, 0, -0.0435819, 0, -0.0254664, 0, -0.0606812, 0, -0.0821924, 0, -0.0569859, 0, -0.0317252, 0, -0.0435819, 0, -0.0254664, 0, ]
target_state = [-0.00614943, 0, -0.0161523, 0, -0.0226569, 0, -0.00759183, 0, -0.0161523, 0, -0.00614943, 0, -0.0235525, 0, -0.0528162, 0, -0.0292095, 0, -0.00614943, 0, -0.0528162, 0, -0.102342, 0, -0.0451158, 0, -0.0292095, 0, -0.0451158, 0, -0.0292095, 0, -0.0451158, 0, -0.102342, 0, -0.0528162, 0, -0.13361, 0, -0.166912, 0, -0.00614943, 0, -0.0292095, 0, -0.0528162, 0, -0.0235525, 0, -0.0651522, 0, -0.13361, 0, -0.0451158, 0, -0.0161523, 0, -0.0528162, 0, -0.0715305, 0, -0.0287257, 0, -0.0749925, 0, -0.173341, 0, -0.102342, 0, -0.0226569, 0, -0.0528162, 0, -0.13361, 0, -0.173341, 0, -0.0715305, 0, -0.173341, 0, -0.358802, 0, -0.166912, 0, -0.102342, 0, -0.0451158, 0, -0.0715305, 0, -0.173341, 0, -0.13361, 0, -0.0528162, 0, -0.102342, 0, -0.166912, 0, -0.358802, 0, -0.173341, 0, -0.13361, 0, -0.166912, 0, -0.0287257, 0, -0.0715305, 0, -0.0528162, 0, -0.0161523, 0, -0.0226569, 0, -0.102342, 0, -0.173341, 0, -0.0749925, 0, -0.0651522, 0, -0.13361, 0, -0.0451158, 0, -0.0109851, 0, -0.0287257, 0, -0.0235525, 0, -0.00759183, 0, -0.0161523, 0, -0.0528162, 0, -0.0715305, 0, -0.0287257, 0, -0.0235525, 0, -0.0528162, 0, -0.0292095, 0, -0.00614943, 0, -0.0287257, 0, -0.0749925, 0, -0.0651522, 0, -0.0235525, 0, -0.0528162, 0, -0.13361, 0, -0.173341, 0, -0.0715305, 0, -0.0528162, 0, -0.102342, 0, -0.0451158, 0, -0.0292095, 0, -0.00614943, 0, -0.0235525, 0, -0.0651522, 0, -0.0749925, 0, -0.0287257, 0, -0.0715305, 0, -0.173341, 0, -0.13361, 0, -0.0528162, 0, -0.0292095, 0, -0.0451158, 0, -0.102342, 0, -0.0528162, 0, -0.0161523, 0, -0.0226569, 0, -0.00759183, 0, -0.0235525, 0, -0.0287257, 0, -0.0109851, 0, -0.0287257, 0, -0.0715305, 0, -0.0528162, 0, -0.0161523, 0, -0.00614943, 0, -0.0292095, 0, -0.0528162, 0, -0.0235525, 0, -0.00759183, 0, -0.0161523, 0, -0.00614943, 0, ]
USE_ENERGY_DISTANCE =     false
PERIODIC =                false
UNIFORM_SITES =           true
DEVICE_DIMENSION =        2
MAX_PARAM =               1
MIN_PARAM =               0
MIN_PARAM =               0
DIAG =                    true
NUM_SEEDS =               2
NUMBER_OF_BANGS =               7
DISTANCE_LIMIT =          0.02
TAU_SCALAR =              1.2
TAU_SCALAR_TINY =         1.1
TAU_SCALAR_BIG =          1.4
ACCEPTANCE_PROB =         0.85
TEMP_EXP_DECAY =          0.8
MIN_TEMP_FRACTION =       0.01
TEMP_DECAY_ITERATIONS =   21
ZERO_TEMP_ITREATIONS =    15
RANDOM_STATES =           3
END_PARAMETERS
##############################################################################
clock_duration  =         781.158
tau =                     1
total_steps =             32
time_step =               0.03125
best_mc_result =          0.00961884
best_mc_result_non_secondary =          0.0113334
evolved_target_dot_squared =  0.990381
distance =          1
j_protocol =  [[1, 1, 1, 1, 1, 1, 1, 1, 1, 1, 1, 1, 1, 1, 1, 1, 1, 1, 1, 1, 1, 1, 1, 1, 1, 1, 1, 1, 1, 1, 1, 1, ],[1, 1, 1, 1, 1, 1, 1, 1, 1, 1, 1, 1, 1, 1, 1, 1, 1, 1, 1, 1, 1, 1, 1, 1, 1, 1, 1, 1, 1, 1, 1, 1, ],]
k_protocol =  [[1, 1, 0, 0, 1, 1, 0, 0, 0, 0, 1, 1, 1, 1, 0, 0, 0, 0, 1, 1, 0, 0, 0, 0, 1, 1, 1, 1, 0, 0, 0, 0, ],[1, 1, 0, 0, 1, 1, 0, 0, 0, 0, 1, 1, 1, 1, 0, 0, 0, 0, 1, 1, 0, 0, 0, 0, 1, 1, 1, 1, 0, 0, 0, 0, ],]
j_protocol_secondary =  [0.00481927, 0.265727, 0.265727, 0.331544, 0.331544, 0.70279, 0.70279, 0.721869, 0.721869, 0.879574, 0.879574, 0.884989, 0.884989, 1, ]
k_protocol_secondary =  [0, 0.0216131, 0.0216131, 0.115805, 0.165217, 0.165217, 0.30911, 0.45423, 0.575724, 0.601415, 0.722848, 0.863554, 0.919662, 0.919662, ]
best_evolved_state = [-0.00437958, -0.00567596, -0.00683342, -0.0169329, -0.00695903, -0.0219694, -0.00667873, -0.00525324, -0.00683342, -0.0169329, -0.00437958, -0.00567596, -0.000551275, -0.0279693, -0.0168398, -0.0489674, -0.0143039, -0.0273947, -0.00437958, -0.00567596, -0.0168398, -0.0489674, -0.0342136, -0.101161, -0.0173664, -0.0433923, -0.0143039, -0.0273947, -0.0173664, -0.0433923, -0.0143039, -0.0273947, -0.0173664, -0.0433923, -0.0342136, -0.101161, -0.0168398, -0.0489674, -0.0499397, -0.122673, -0.035968, -0.17612, -0.00437958, -0.00567596, -0.0143039, -0.0273947, -0.0168398, -0.0489674, -0.000551275, -0.0279693, -0.0246621, -0.0653518, -0.0499397, -0.122673, -0.0173664, -0.0433923, -0.00683342, -0.0169329, -0.0168398, -0.0489674, -0.0221626, -0.0673892, -0.0114671, -0.0349249, -0.0195187, -0.0843667, -0.0472872, -0.154541, -0.0342136, -0.101161, -0.00695903, -0.0219694, -0.0168398, -0.0489674, -0.0499397, -0.122673, -0.0472872, -0.154541, -0.0221626, -0.0673892, -0.0472872, -0.154541, -0.0772423, -0.342945, -0.035968, -0.17612, -0.0342136, -0.101161, -0.0173664, -0.0433923, -0.0221626, -0.0673892, -0.0472872, -0.154541, -0.0499397, -0.122673, -0.0168398, -0.0489674, -0.0342136, -0.101161, -0.035968, -0.17612, -0.0772423, -0.342945, -0.0472872, -0.154541, -0.0499397, -0.122673, -0.035968, -0.17612, -0.0114671, -0.0349249, -0.0221626, -0.0673892, -0.0168398, -0.0489674, -0.00683342, -0.0169329, -0.00695903, -0.0219694, -0.0342136, -0.101161, -0.0472872, -0.154541, -0.0195187, -0.0843667, -0.0246621, -0.0653518, -0.0499397, -0.122673, -0.0173664, -0.0433923, -0.000608233, -0.0368653, -0.0114671, -0.0349249, -0.000551275, -0.0279693, -0.00667873, -0.00525324, -0.00683342, -0.0169329, -0.0168398, -0.0489674, -0.0221626, -0.0673892, -0.0114671, -0.0349249, -0.000551275, -0.0279693, -0.0168398, -0.0489674, -0.0143039, -0.0273947, -0.00437958, -0.00567596, -0.0114671, -0.0349249, -0.0195187, -0.0843667, -0.0246621, -0.0653518, -0.000551275, -0.0279693, -0.0168398, -0.0489674, -0.0499397, -0.122673, -0.0472872, -0.154541, -0.0221626, -0.0673892, -0.0168398, -0.0489674, -0.0342136, -0.101161, -0.0173664, -0.0433923, -0.0143039, -0.0273947, -0.00437958, -0.00567596, -0.000551275, -0.0279693, -0.0246621, -0.0653518, -0.0195187, -0.0843667, -0.0114671, -0.0349249, -0.0221626, -0.0673892, -0.0472872, -0.154541, -0.0499397, -0.122673, -0.0168398, -0.0489674, -0.0143039, -0.0273947, -0.0173664, -0.0433923, -0.0342136, -0.101161, -0.0168398, -0.0489674, -0.00683342, -0.0169329, -0.00695903, -0.0219694, -0.00667873, -0.00525324, -0.000551275, -0.0279693, -0.0114671, -0.0349249, -0.000608233, -0.0368653, -0.0114671, -0.0349249, -0.0221626, -0.0673892, -0.0168398, -0.0489674, -0.00683342, -0.0169329, -0.00437958, -0.00567596, -0.0143039, -0.0273947, -0.0168398, -0.0489674, -0.000551275, -0.0279693, -0.00667873, -0.00525324, -0.00683342, -0.0169329, -0.00437958, -0.00567596, ]
best_mc_result_fixed_tau =   [0.0113334, 0.0113334, ]
evolved_state_fixed_tau =   [[-0.00385638, -0.00684651, -0.00898168, -0.0141377, -0.00829119, -0.0223179, -0.00780758, -0.00726359, -0.00898168, -0.0141377, -0.00385638, -0.00684651, -0.00200201, -0.023099, -0.0190394, -0.0473245, -0.0176666, -0.0236165, -0.00385638, -0.00684651, -0.0190394, -0.0473245, -0.0419066, -0.095934, -0.0201552, -0.0424518, -0.0176666, -0.0236165, -0.0201552, -0.0424518, -0.0176666, -0.0236165, -0.0201552, -0.0424518, -0.0419066, -0.095934, -0.0190394, -0.0473245, -0.0606404, -0.11707, -0.0470564, -0.178229, -0.00385638, -0.00684651, -0.0176666, -0.0236165, -0.0190394, -0.0473245, -0.00200201, -0.023099, -0.0284342, -0.0642723, -0.0606404, -0.11707, -0.0201552, -0.0424518, -0.00898168, -0.0141377, -0.0190394, -0.0473245, -0.02836, -0.0629179, -0.0135176, -0.0359433, -0.0245139, -0.0789044, -0.0579643, -0.151438, -0.0419066, -0.095934, -0.00829119, -0.0223179, -0.0190394, -0.0473245, -0.0606404, -0.11707, -0.0579643, -0.151438, -0.02836, -0.0629179, -0.0579643, -0.151438, -0.0976129, -0.341106, -0.0470564, -0.178229, -0.0419066, -0.095934, -0.0201552, -0.0424518, -0.02836, -0.0629179, -0.0579643, -0.151438, -0.0606404, -0.11707, -0.0190394, -0.0473245, -0.0419066, -0.095934, -0.0470564, -0.178229, -0.0976129, -0.341106, -0.0579643, -0.151438, -0.0606404, -0.11707, -0.0470564, -0.178229, -0.0135176, -0.0359433, -0.02836, -0.0629179, -0.0190394, -0.0473245, -0.00898168, -0.0141377, -0.00829119, -0.0223179, -0.0419066, -0.095934, -0.0579643, -0.151438, -0.0245139, -0.0789044, -0.0284342, -0.0642723, -0.0606404, -0.11707, -0.0201552, -0.0424518, 0.00271917, -0.0333987, -0.0135176, -0.0359433, -0.00200201, -0.023099, -0.00780758, -0.00726359, -0.00898168, -0.0141377, -0.0190394, -0.0473245, -0.02836, -0.0629179, -0.0135176, -0.0359433, -0.00200201, -0.023099, -0.0190394, -0.0473245, -0.0176666, -0.0236165, -0.00385638, -0.00684651, -0.0135176, -0.0359433, -0.0245139, -0.0789044, -0.0284342, -0.0642723, -0.00200201, -0.023099, -0.0190394, -0.0473245, -0.0606404, -0.11707, -0.0579643, -0.151438, -0.02836, -0.0629179, -0.0190394, -0.0473245, -0.0419066, -0.095934, -0.0201552, -0.0424518, -0.0176666, -0.0236165, -0.00385638, -0.00684651, -0.00200201, -0.023099, -0.0284342, -0.0642723, -0.0245139, -0.0789044, -0.0135176, -0.0359433, -0.02836, -0.0629179, -0.0579643, -0.151438, -0.0606404, -0.11707, -0.0190394, -0.0473245, -0.0176666, -0.0236165, -0.0201552, -0.0424518, -0.0419066, -0.095934, -0.0190394, -0.0473245, -0.00898168, -0.0141377, -0.00829119, -0.0223179, -0.00780758, -0.00726359, -0.00200201, -0.023099, -0.0135176, -0.0359433, 0.00271917, -0.0333987, -0.0135176, -0.0359433, -0.02836, -0.0629179, -0.0190394, -0.0473245, -0.00898168, -0.0141377, -0.00385638, -0.00684651, -0.0176666, -0.0236165, -0.0190394, -0.0473245, -0.00200201, -0.023099, -0.00780758, -0.00726359, -0.00898168, -0.0141377, -0.00385638, -0.00684651, ],[-0.00385638, -0.00684651, -0.00898168, -0.0141377, -0.00829119, -0.0223179, -0.00780758, -0.00726359, -0.00898168, -0.0141377, -0.00385638, -0.00684651, -0.00200201, -0.023099, -0.0190394, -0.0473245, -0.0176666, -0.0236165, -0.00385638, -0.00684651, -0.0190394, -0.0473245, -0.0419066, -0.095934, -0.0201552, -0.0424518, -0.0176666, -0.0236165, -0.0201552, -0.0424518, -0.0176666, -0.0236165, -0.0201552, -0.0424518, -0.0419066, -0.095934, -0.0190394, -0.0473245, -0.0606404, -0.11707, -0.0470564, -0.178229, -0.00385638, -0.00684651, -0.0176666, -0.0236165, -0.0190394, -0.0473245, -0.00200201, -0.023099, -0.0284342, -0.0642723, -0.0606404, -0.11707, -0.0201552, -0.0424518, -0.00898168, -0.0141377, -0.0190394, -0.0473245, -0.02836, -0.0629179, -0.0135176, -0.0359433, -0.0245139, -0.0789044, -0.0579643, -0.151438, -0.0419066, -0.095934, -0.00829119, -0.0223179, -0.0190394, -0.0473245, -0.0606404, -0.11707, -0.0579643, -0.151438, -0.02836, -0.0629179, -0.0579643, -0.151438, -0.0976129, -0.341106, -0.0470564, -0.178229, -0.0419066, -0.095934, -0.0201552, -0.0424518, -0.02836, -0.0629179, -0.0579643, -0.151438, -0.0606404, -0.11707, -0.0190394, -0.0473245, -0.0419066, -0.095934, -0.0470564, -0.178229, -0.0976129, -0.341106, -0.0579643, -0.151438, -0.0606404, -0.11707, -0.0470564, -0.178229, -0.0135176, -0.0359433, -0.02836, -0.0629179, -0.0190394, -0.0473245, -0.00898168, -0.0141377, -0.00829119, -0.0223179, -0.0419066, -0.095934, -0.0579643, -0.151438, -0.0245139, -0.0789044, -0.0284342, -0.0642723, -0.0606404, -0.11707, -0.0201552, -0.0424518, 0.00271917, -0.0333987, -0.0135176, -0.0359433, -0.00200201, -0.023099, -0.00780758, -0.00726359, -0.00898168, -0.0141377, -0.0190394, -0.0473245, -0.02836, -0.0629179, -0.0135176, -0.0359433, -0.00200201, -0.023099, -0.0190394, -0.0473245, -0.0176666, -0.0236165, -0.00385638, -0.00684651, -0.0135176, -0.0359433, -0.0245139, -0.0789044, -0.0284342, -0.0642723, -0.00200201, -0.023099, -0.0190394, -0.0473245, -0.0606404, -0.11707, -0.0579643, -0.151438, -0.02836, -0.0629179, -0.0190394, -0.0473245, -0.0419066, -0.095934, -0.0201552, -0.0424518, -0.0176666, -0.0236165, -0.00385638, -0.00684651, -0.00200201, -0.023099, -0.0284342, -0.0642723, -0.0245139, -0.0789044, -0.0135176, -0.0359433, -0.02836, -0.0629179, -0.0579643, -0.151438, -0.0606404, -0.11707, -0.0190394, -0.0473245, -0.0176666, -0.0236165, -0.0201552, -0.0424518, -0.0419066, -0.095934, -0.0190394, -0.0473245, -0.00898168, -0.0141377, -0.00829119, -0.0223179, -0.00780758, -0.00726359, -0.00200201, -0.023099, -0.0135176, -0.0359433, 0.00271917, -0.0333987, -0.0135176, -0.0359433, -0.02836, -0.0629179, -0.0190394, -0.0473245, -0.00898168, -0.0141377, -0.00385638, -0.00684651, -0.0176666, -0.0236165, -0.0190394, -0.0473245, -0.00200201, -0.023099, -0.00780758, -0.00726359, -0.00898168, -0.0141377, -0.00385638, -0.00684651, ],]
