START_PARAMETERS
MAX_STEPS_MCDB =               32
MIN_STEPS_MCDB =               4
STEPS_CRUNCH_MCDB =            1
SWEEPS_MCDB =                  100
TOTAL_STEP_CHANGES =                  6
MCBB_SECONDARY =                  1
SWEEPS_MCBB_SECONDARY =                  250
NUMBER_OF_BANGS =                  7
GROUND_E =                -4.31888
INITIAL_E =               -3.61983
j_initial =               0.399
k_initial =               0.5
b_initial =               0
j_target =                0.834
k_target =                0.062
b_target =                0
init_target_dot_squared = 0.74996
init_state = [0.00293322, 0, 0.00929869, 0, 0.0150112, 0, 0.00355898, 0, 0.00929869, 0, 0.00293322, 0, 0.0138971, 0, 0.0382005, 0, 0.0181438, 0, 0.00293322, 0, 0.0382005, 0, 0.0885374, 0, 0.0316462, 0, 0.0181438, 0, 0.0316462, 0, 0.0181438, 0, 0.0316462, 0, 0.0885374, 0, 0.0382005, 0, 0.119834, 0, 0.162495, 0, 0.00293322, 0, 0.0181438, 0, 0.0382005, 0, 0.0138971, 0, 0.0481029, 0, 0.119834, 0, 0.0316462, 0, 0.00929869, 0, 0.0382005, 0, 0.056754, 0, 0.0182575, 0, 0.0592227, 0, 0.171198, 0, 0.0885374, 0, 0.0150112, 0, 0.0382005, 0, 0.119834, 0, 0.171198, 0, 0.056754, 0, 0.171198, 0, 0.443443, 0, 0.162495, 0, 0.0885374, 0, 0.0316462, 0, 0.056754, 0, 0.171198, 0, 0.119834, 0, 0.0382005, 0, 0.0885374, 0, 0.162495, 0, 0.443443, 0, 0.171198, 0, 0.119834, 0, 0.162495, 0, 0.0182575, 0, 0.056754, 0, 0.0382005, 0, 0.00929869, 0, 0.0150112, 0, 0.0885374, 0, 0.171198, 0, 0.0592227, 0, 0.0481029, 0, 0.119834, 0, 0.0316462, 0, 0.00560258, 0, 0.0182575, 0, 0.0138971, 0, 0.00355898, 0, 0.00929869, 0, 0.0382005, 0, 0.056754, 0, 0.0182575, 0, 0.0138971, 0, 0.0382005, 0, 0.0181438, 0, 0.00293322, 0, 0.0182575, 0, 0.0592227, 0, 0.0481029, 0, 0.0138971, 0, 0.0382005, 0, 0.119834, 0, 0.171198, 0, 0.056754, 0, 0.0382005, 0, 0.0885374, 0, 0.0316462, 0, 0.0181438, 0, 0.00293322, 0, 0.0138971, 0, 0.0481029, 0, 0.0592227, 0, 0.0182575, 0, 0.056754, 0, 0.171198, 0, 0.119834, 0, 0.0382005, 0, 0.0181438, 0, 0.0316462, 0, 0.0885374, 0, 0.0382005, 0, 0.00929869, 0, 0.0150112, 0, 0.00355898, 0, 0.0138971, 0, 0.0182575, 0, 0.00560258, 0, 0.0182575, 0, 0.056754, 0, 0.0382005, 0, 0.00929869, 0, 0.00293322, 0, 0.0181438, 0, 0.0382005, 0, 0.0138971, 0, 0.00355898, 0, 0.00929869, 0, 0.00293322, 0, ]
target_state = [-0.0251709, 0, -0.0432492, 0, -0.0484569, 0, -0.0313703, 0, -0.0432492, 0, -0.0251709, 0, -0.0566333, 0, -0.0819905, 0, -0.0603902, 0, -0.0251709, 0, -0.0819905, 0, -0.111037, 0, -0.076141, 0, -0.0603902, 0, -0.076141, 0, -0.0603902, 0, -0.076141, 0, -0.111037, 0, -0.0819905, 0, -0.130688, 0, -0.146481, 0, -0.0251709, 0, -0.0603902, 0, -0.0819905, 0, -0.0566333, 0, -0.094626, 0, -0.130688, 0, -0.076141, 0, -0.0432492, 0, -0.0819905, 0, -0.0957335, 0, -0.0622408, 0, -0.0998964, 0, -0.146349, 0, -0.111037, 0, -0.0484569, 0, -0.0819905, 0, -0.130688, 0, -0.146349, 0, -0.0957335, 0, -0.146349, 0, -0.202887, 0, -0.146481, 0, -0.111037, 0, -0.076141, 0, -0.0957335, 0, -0.146349, 0, -0.130688, 0, -0.0819905, 0, -0.111037, 0, -0.146481, 0, -0.202887, 0, -0.146349, 0, -0.130688, 0, -0.146481, 0, -0.0622408, 0, -0.0957335, 0, -0.0819905, 0, -0.0432492, 0, -0.0484569, 0, -0.111037, 0, -0.146349, 0, -0.0998964, 0, -0.094626, 0, -0.130688, 0, -0.076141, 0, -0.0390962, 0, -0.0622408, 0, -0.0566333, 0, -0.0313703, 0, -0.0432492, 0, -0.0819905, 0, -0.0957335, 0, -0.0622408, 0, -0.0566333, 0, -0.0819905, 0, -0.0603902, 0, -0.0251709, 0, -0.0622408, 0, -0.0998964, 0, -0.094626, 0, -0.0566333, 0, -0.0819905, 0, -0.130688, 0, -0.146349, 0, -0.0957335, 0, -0.0819905, 0, -0.111037, 0, -0.076141, 0, -0.0603902, 0, -0.0251709, 0, -0.0566333, 0, -0.094626, 0, -0.0998964, 0, -0.0622408, 0, -0.0957335, 0, -0.146349, 0, -0.130688, 0, -0.0819905, 0, -0.0603902, 0, -0.076141, 0, -0.111037, 0, -0.0819905, 0, -0.0432492, 0, -0.0484569, 0, -0.0313703, 0, -0.0566333, 0, -0.0622408, 0, -0.0390962, 0, -0.0622408, 0, -0.0957335, 0, -0.0819905, 0, -0.0432492, 0, -0.0251709, 0, -0.0603902, 0, -0.0819905, 0, -0.0566333, 0, -0.0313703, 0, -0.0432492, 0, -0.0251709, 0, ]
USE_ENERGY_DISTANCE =     false
PERIODIC =                false
UNIFORM_SITES =           true
DEVICE_DIMENSION =        2
MAX_PARAM =               1
MIN_PARAM =               0
MIN_PARAM =               0
DIAG =                    true
NUM_SEEDS =               2
NUMBER_OF_BANGS =               7
DISTANCE_LIMIT =          0.02
TAU_SCALAR =              1.2
TAU_SCALAR_TINY =         1.1
TAU_SCALAR_BIG =          1.4
ACCEPTANCE_PROB =         0.85
TEMP_EXP_DECAY =          0.8
MIN_TEMP_FRACTION =       0.01
TEMP_DECAY_ITERATIONS =   21
ZERO_TEMP_ITREATIONS =    15
RANDOM_STATES =           3
END_PARAMETERS
##############################################################################
clock_duration  =         814.035
tau =                     1
total_steps =             32
time_step =               0.03125
best_mc_result =          0.0199603
best_mc_result_non_secondary =          0.0211486
evolved_target_dot_squared =  0.98004
distance =          1
j_protocol =  [[1, 1, 1, 1, 1, 1, 1, 1, 1, 1, 1, 1, 1, 1, 1, 1, 1, 1, 1, 1, 1, 1, 1, 1, 1, 1, 1, 1, 1, 1, 1, 1, ],[1, 1, 1, 1, 1, 1, 1, 1, 1, 1, 1, 1, 1, 1, 1, 1, 1, 1, 1, 1, 1, 1, 1, 1, 1, 1, 1, 1, 1, 1, 1, 1, ],]
k_protocol =  [[0, 0, 0, 0, 1, 1, 1, 1, 1, 1, 1, 1, 0, 0, 0, 0, 1, 1, 1, 1, 1, 1, 1, 1, 0, 0, 0, 0, 1, 1, 1, 1, ],[0, 0, 0, 1, 1, 1, 1, 1, 1, 0, 1, 0, 0, 1, 0, 0, 1, 1, 1, 1, 1, 1, 0, 0, 0, 1, 1, 0, 1, 1, 1, 1, ],]
j_protocol_secondary =  [0, 0.0630021, 0.0630021, 0.156572, 0.156572, 0.26589, 0.26589, 0.588979, 0.588979, 0.634529, 0.634529, 0.642091, 0.642091, 0.99293, ]
k_protocol_secondary =  [0.103389, 0.316097, 0.323833, 0.330369, 0.418004, 0.418004, 0.482759, 0.491073, 0.491073, 0.702485, 0.803534, 0.820393, 0.846906, 1, ]
best_evolved_state = [0.0256614, -0.0125349, 0.0303267, -0.0176787, 0.0270475, -0.0223689, 0.0293638, -0.0190446, 0.0303267, -0.0176787, 0.0256614, -0.0125349, 0.0344918, -0.0314189, 0.0716818, -0.0427188, 0.0566791, -0.0282938, 0.0256614, -0.0125349, 0.0716818, -0.0427188, 0.0902369, -0.0638851, 0.0521226, -0.0395742, 0.0566791, -0.0282938, 0.0521226, -0.0395742, 0.0566791, -0.0282938, 0.0521226, -0.0395742, 0.0902369, -0.0638851, 0.0716818, -0.0427188, 0.115089, -0.0764012, 0.0944272, -0.0864166, 0.0256614, -0.0125349, 0.0566791, -0.0282938, 0.0716818, -0.0427188, 0.0344918, -0.0314189, 0.0765964, -0.0572519, 0.115089, -0.0764012, 0.0521226, -0.0395742, 0.0303267, -0.0176787, 0.0716818, -0.0427188, 0.0778979, -0.0503144, 0.0382502, -0.0241145, 0.079467, -0.0598725, 0.130382, -0.103103, 0.0902369, -0.0638851, 0.0270475, -0.0223689, 0.0716818, -0.0427188, 0.115089, -0.0764012, 0.130382, -0.103103, 0.0778979, -0.0503144, 0.130382, -0.103103, 0.139202, -0.143971, 0.0944272, -0.0864166, 0.0902369, -0.0638851, 0.0521226, -0.0395742, 0.0778979, -0.0503144, 0.130382, -0.103103, 0.115089, -0.0764012, 0.0716818, -0.0427188, 0.0902369, -0.0638851, 0.0944272, -0.0864166, 0.139202, -0.143971, 0.130382, -0.103103, 0.115089, -0.0764012, 0.0944272, -0.0864166, 0.0382502, -0.0241145, 0.0778979, -0.0503144, 0.0716818, -0.0427188, 0.0303267, -0.0176787, 0.0270475, -0.0223689, 0.0902369, -0.0638851, 0.130382, -0.103103, 0.079467, -0.0598725, 0.0765964, -0.0572519, 0.115089, -0.0764012, 0.0521226, -0.0395742, -0.000609538, -0.0036624, 0.0382502, -0.0241145, 0.0344918, -0.0314189, 0.0293638, -0.0190446, 0.0303267, -0.0176787, 0.0716818, -0.0427188, 0.0778979, -0.0503144, 0.0382502, -0.0241145, 0.0344918, -0.0314189, 0.0716818, -0.0427188, 0.0566791, -0.0282938, 0.0256614, -0.0125349, 0.0382502, -0.0241145, 0.079467, -0.0598725, 0.0765964, -0.0572519, 0.0344918, -0.0314189, 0.0716818, -0.0427188, 0.115089, -0.0764012, 0.130382, -0.103103, 0.0778979, -0.0503144, 0.0716818, -0.0427188, 0.0902369, -0.0638851, 0.0521226, -0.0395742, 0.0566791, -0.0282938, 0.0256614, -0.0125349, 0.0344918, -0.0314189, 0.0765964, -0.0572519, 0.079467, -0.0598725, 0.0382502, -0.0241145, 0.0778979, -0.0503144, 0.130382, -0.103103, 0.115089, -0.0764012, 0.0716818, -0.0427188, 0.0566791, -0.0282938, 0.0521226, -0.0395742, 0.0902369, -0.0638851, 0.0716818, -0.0427188, 0.0303267, -0.0176787, 0.0270475, -0.0223689, 0.0293638, -0.0190446, 0.0344918, -0.0314189, 0.0382502, -0.0241145, -0.000609538, -0.0036624, 0.0382502, -0.0241145, 0.0778979, -0.0503144, 0.0716818, -0.0427188, 0.0303267, -0.0176787, 0.0256614, -0.0125349, 0.0566791, -0.0282938, 0.0716818, -0.0427188, 0.0344918, -0.0314189, 0.0293638, -0.0190446, 0.0303267, -0.0176787, 0.0256614, -0.0125349, ]
best_mc_result_fixed_tau =   [0.0252013, 0.0211486, ]
evolved_state_fixed_tau =   [[0.0281879, -0.0139741, 0.024085, -0.0211769, 0.0278767, -0.0196038, 0.0289759, -0.0227968, 0.024085, -0.0211769, 0.0281879, -0.0139741, 0.0236882, -0.0315697, 0.0634421, -0.046446, 0.0461309, -0.0370479, 0.0281879, -0.0139741, 0.0634421, -0.046446, 0.0804616, -0.0754858, 0.0490102, -0.0386857, 0.0461309, -0.0370479, 0.0490102, -0.0386857, 0.0461309, -0.0370479, 0.0490102, -0.0386857, 0.0804616, -0.0754858, 0.0634421, -0.046446, 0.106922, -0.0941179, 0.0955555, -0.105594, 0.0281879, -0.0139741, 0.0461309, -0.0370479, 0.0634421, -0.046446, 0.0236882, -0.0315697, 0.0678301, -0.0592647, 0.106922, -0.0941179, 0.0490102, -0.0386857, 0.024085, -0.0211769, 0.0634421, -0.046446, 0.0715801, -0.0627516, 0.0408597, -0.0216821, 0.0697591, -0.0704709, 0.111723, -0.121133, 0.0804616, -0.0754858, 0.0278767, -0.0196038, 0.0634421, -0.046446, 0.106922, -0.0941179, 0.111723, -0.121133, 0.0715801, -0.0627516, 0.111723, -0.121133, 0.127745, -0.159496, 0.0955555, -0.105594, 0.0804616, -0.0754858, 0.0490102, -0.0386857, 0.0715801, -0.0627516, 0.111723, -0.121133, 0.106922, -0.0941179, 0.0634421, -0.046446, 0.0804616, -0.0754858, 0.0955555, -0.105594, 0.127745, -0.159496, 0.111723, -0.121133, 0.106922, -0.0941179, 0.0955555, -0.105594, 0.0408597, -0.0216821, 0.0715801, -0.0627516, 0.0634421, -0.046446, 0.024085, -0.0211769, 0.0278767, -0.0196038, 0.0804616, -0.0754858, 0.111723, -0.121133, 0.0697591, -0.0704709, 0.0678301, -0.0592647, 0.106922, -0.0941179, 0.0490102, -0.0386857, -0.00180257, 0.0104979, 0.0408597, -0.0216821, 0.0236882, -0.0315697, 0.0289759, -0.0227968, 0.024085, -0.0211769, 0.0634421, -0.046446, 0.0715801, -0.0627516, 0.0408597, -0.0216821, 0.0236882, -0.0315697, 0.0634421, -0.046446, 0.0461309, -0.0370479, 0.0281879, -0.0139741, 0.0408597, -0.0216821, 0.0697591, -0.0704709, 0.0678301, -0.0592647, 0.0236882, -0.0315697, 0.0634421, -0.046446, 0.106922, -0.0941179, 0.111723, -0.121133, 0.0715801, -0.0627516, 0.0634421, -0.046446, 0.0804616, -0.0754858, 0.0490102, -0.0386857, 0.0461309, -0.0370479, 0.0281879, -0.0139741, 0.0236882, -0.0315697, 0.0678301, -0.0592647, 0.0697591, -0.0704709, 0.0408597, -0.0216821, 0.0715801, -0.0627516, 0.111723, -0.121133, 0.106922, -0.0941179, 0.0634421, -0.046446, 0.0461309, -0.0370479, 0.0490102, -0.0386857, 0.0804616, -0.0754858, 0.0634421, -0.046446, 0.024085, -0.0211769, 0.0278767, -0.0196038, 0.0289759, -0.0227968, 0.0236882, -0.0315697, 0.0408597, -0.0216821, -0.00180257, 0.0104979, 0.0408597, -0.0216821, 0.0715801, -0.0627516, 0.0634421, -0.046446, 0.024085, -0.0211769, 0.0281879, -0.0139741, 0.0461309, -0.0370479, 0.0634421, -0.046446, 0.0236882, -0.0315697, 0.0289759, -0.0227968, 0.024085, -0.0211769, 0.0281879, -0.0139741, ],[0.0226297, -0.014315, 0.0279582, -0.0210958, 0.0231957, -0.0234422, 0.0257293, -0.021416, 0.0279582, -0.0210958, 0.0226297, -0.014315, 0.029931, -0.0340798, 0.0648022, -0.0496011, 0.0529533, -0.0350423, 0.0226297, -0.014315, 0.0648022, -0.0496011, 0.084184, -0.0750725, 0.0457076, -0.0433645, 0.0529533, -0.0350423, 0.0457076, -0.0433645, 0.0529533, -0.0350423, 0.0457076, -0.0433645, 0.084184, -0.0750725, 0.0648022, -0.0496011, 0.10723, -0.0907344, 0.0831715, -0.09741, 0.0226297, -0.014315, 0.0529533, -0.0350423, 0.0648022, -0.0496011, 0.029931, -0.0340798, 0.0681248, -0.0641321, 0.10723, -0.0907344, 0.0457076, -0.0433645, 0.0279582, -0.0210958, 0.0648022, -0.0496011, 0.0713144, -0.0591887, 0.0349447, -0.0268888, 0.0714448, -0.0684902, 0.116298, -0.117844, 0.084184, -0.0750725, 0.0231957, -0.0234422, 0.0648022, -0.0496011, 0.10723, -0.0907344, 0.116298, -0.117844, 0.0713144, -0.0591887, 0.116298, -0.117844, 0.127671, -0.162738, 0.0831715, -0.09741, 0.084184, -0.0750725, 0.0457076, -0.0433645, 0.0713144, -0.0591887, 0.116298, -0.117844, 0.10723, -0.0907344, 0.0648022, -0.0496011, 0.084184, -0.0750725, 0.0831715, -0.09741, 0.127671, -0.162738, 0.116298, -0.117844, 0.10723, -0.0907344, 0.0831715, -0.09741, 0.0349447, -0.0268888, 0.0713144, -0.0591887, 0.0648022, -0.0496011, 0.0279582, -0.0210958, 0.0231957, -0.0234422, 0.084184, -0.0750725, 0.116298, -0.117844, 0.0714448, -0.0684902, 0.0681248, -0.0641321, 0.10723, -0.0907344, 0.0457076, -0.0433645, -0.000137303, -0.00217025, 0.0349447, -0.0268888, 0.029931, -0.0340798, 0.0257293, -0.021416, 0.0279582, -0.0210958, 0.0648022, -0.0496011, 0.0713144, -0.0591887, 0.0349447, -0.0268888, 0.029931, -0.0340798, 0.0648022, -0.0496011, 0.0529533, -0.0350423, 0.0226297, -0.014315, 0.0349447, -0.0268888, 0.0714448, -0.0684902, 0.0681248, -0.0641321, 0.029931, -0.0340798, 0.0648022, -0.0496011, 0.10723, -0.0907344, 0.116298, -0.117844, 0.0713144, -0.0591887, 0.0648022, -0.0496011, 0.084184, -0.0750725, 0.0457076, -0.0433645, 0.0529533, -0.0350423, 0.0226297, -0.014315, 0.029931, -0.0340798, 0.0681248, -0.0641321, 0.0714448, -0.0684902, 0.0349447, -0.0268888, 0.0713144, -0.0591887, 0.116298, -0.117844, 0.10723, -0.0907344, 0.0648022, -0.0496011, 0.0529533, -0.0350423, 0.0457076, -0.0433645, 0.084184, -0.0750725, 0.0648022, -0.0496011, 0.0279582, -0.0210958, 0.0231957, -0.0234422, 0.0257293, -0.021416, 0.029931, -0.0340798, 0.0349447, -0.0268888, -0.000137303, -0.00217025, 0.0349447, -0.0268888, 0.0713144, -0.0591887, 0.0648022, -0.0496011, 0.0279582, -0.0210958, 0.0226297, -0.014315, 0.0529533, -0.0350423, 0.0648022, -0.0496011, 0.029931, -0.0340798, 0.0257293, -0.021416, 0.0279582, -0.0210958, 0.0226297, -0.014315, ],]
