START_PARAMETERS
MAX_STEPS_MCDB =               32
MIN_STEPS_MCDB =               4
STEPS_CRUNCH_MCDB =            1
SWEEPS_MCDB =                  100
TOTAL_STEP_CHANGES =                  6
MCBB_SECONDARY =                  1
SWEEPS_MCBB_SECONDARY =                  250
NUMBER_OF_BANGS =                  7
GROUND_E =                3.99073
INITIAL_E =               5.35647
j_initial =               0.554
k_initial =               0.062
b_initial =               0
j_target =                0.034
k_target =                0.5
b_target =                0
init_target_dot_squared = 0.118738
init_state = [-0.0233588, 0, -0.0411683, 0, -0.0465656, 0, -0.0291802, 0, -0.0411683, 0, -0.0233588, 0, -0.0543967, 0, -0.0806666, 0, -0.05853, 0, -0.0233588, 0, -0.0806666, 0, -0.111334, 0, -0.0745597, 0, -0.05853, 0, -0.0745597, 0, -0.05853, 0, -0.0745597, 0, -0.111334, 0, -0.0806666, 0, -0.13195, 0, -0.148697, 0, -0.0233588, 0, -0.05853, 0, -0.0806666, 0, -0.0543967, 0, -0.0935531, 0, -0.13195, 0, -0.0745597, 0, -0.0411683, 0, -0.0806666, 0, -0.0948768, 0, -0.0600563, 0, -0.0991003, 0, -0.148763, 0, -0.111334, 0, -0.0465656, 0, -0.0806666, 0, -0.13195, 0, -0.148763, 0, -0.0948768, 0, -0.148763, 0, -0.210416, 0, -0.148697, 0, -0.111334, 0, -0.0745597, 0, -0.0948768, 0, -0.148763, 0, -0.13195, 0, -0.0806666, 0, -0.111334, 0, -0.148697, 0, -0.210416, 0, -0.148763, 0, -0.13195, 0, -0.148697, 0, -0.0600563, 0, -0.0948768, 0, -0.0806666, 0, -0.0411683, 0, -0.0465656, 0, -0.111334, 0, -0.148763, 0, -0.0991003, 0, -0.0935531, 0, -0.13195, 0, -0.0745597, 0, -0.0366756, 0, -0.0600563, 0, -0.0543967, 0, -0.0291802, 0, -0.0411683, 0, -0.0806666, 0, -0.0948768, 0, -0.0600563, 0, -0.0543967, 0, -0.0806666, 0, -0.05853, 0, -0.0233588, 0, -0.0600563, 0, -0.0991003, 0, -0.0935531, 0, -0.0543967, 0, -0.0806666, 0, -0.13195, 0, -0.148763, 0, -0.0948768, 0, -0.0806666, 0, -0.111334, 0, -0.0745597, 0, -0.05853, 0, -0.0233588, 0, -0.0543967, 0, -0.0935531, 0, -0.0991003, 0, -0.0600563, 0, -0.0948768, 0, -0.148763, 0, -0.13195, 0, -0.0806666, 0, -0.05853, 0, -0.0745597, 0, -0.111334, 0, -0.0806666, 0, -0.0411683, 0, -0.0465656, 0, -0.0291802, 0, -0.0543967, 0, -0.0600563, 0, -0.0366756, 0, -0.0600563, 0, -0.0948768, 0, -0.0806666, 0, -0.0411683, 0, -0.0233588, 0, -0.05853, 0, -0.0806666, 0, -0.0543967, 0, -0.0291802, 0, -0.0411683, 0, -0.0233588, 0, ]
target_state = [8.25579e-08, 0, 2.18651e-06, 0, 2.76604e-05, 0, 9.53205e-08, 0, 2.18651e-06, 0, 8.25579e-08, 0, 3.43357e-06, 0, 8.28426e-05, 0, 4.98843e-06, 0, 8.25579e-08, 0, 8.28426e-05, 0, 0.00162866, 0, 6.44734e-05, 0, 4.98843e-06, 0, 6.44734e-05, 0, 4.98843e-06, 0, 6.44734e-05, 0, 0.00162866, 0, 8.28426e-05, 0, 0.0024391, 0, 0.0239845, 0, 8.25579e-08, 0, 4.98843e-06, 0, 8.28426e-05, 0, 3.43357e-06, 0, 0.000110355, 0, 0.0024391, 0, 6.44734e-05, 0, 2.18651e-06, 0, 8.28426e-05, 0, 0.000817303, 0, 2.77627e-05, 0, 0.000818234, 0, 0.0240391, 0, 0.00162866, 0, 2.76604e-05, 0, 8.28426e-05, 0, 0.0024391, 0, 0.0240391, 0, 0.000817303, 0, 0.0240391, 0, 0.704627, 0, 0.0239845, 0, 0.00162866, 0, 6.44734e-05, 0, 0.000817303, 0, 0.0240391, 0, 0.0024391, 0, 8.28426e-05, 0, 0.00162866, 0, 0.0239845, 0, 0.704627, 0, 0.0240391, 0, 0.0024391, 0, 0.0239845, 0, 2.77627e-05, 0, 0.000817303, 0, 8.28426e-05, 0, 2.18651e-06, 0, 2.76604e-05, 0, 0.00162866, 0, 0.0240391, 0, 0.000818234, 0, 0.000110355, 0, 0.0024391, 0, 6.44734e-05, 0, 9.41749e-07, 0, 2.77627e-05, 0, 3.43357e-06, 0, 9.53205e-08, 0, 2.18651e-06, 0, 8.28426e-05, 0, 0.000817303, 0, 2.77627e-05, 0, 3.43357e-06, 0, 8.28426e-05, 0, 4.98843e-06, 0, 8.25579e-08, 0, 2.77627e-05, 0, 0.000818234, 0, 0.000110355, 0, 3.43357e-06, 0, 8.28426e-05, 0, 0.0024391, 0, 0.0240391, 0, 0.000817303, 0, 8.28426e-05, 0, 0.00162866, 0, 6.44734e-05, 0, 4.98843e-06, 0, 8.25579e-08, 0, 3.43357e-06, 0, 0.000110355, 0, 0.000818234, 0, 2.77627e-05, 0, 0.000817303, 0, 0.0240391, 0, 0.0024391, 0, 8.28426e-05, 0, 4.98843e-06, 0, 6.44734e-05, 0, 0.00162866, 0, 8.28426e-05, 0, 2.18651e-06, 0, 2.76604e-05, 0, 9.53205e-08, 0, 3.43357e-06, 0, 2.77627e-05, 0, 9.41749e-07, 0, 2.77627e-05, 0, 0.000817303, 0, 8.28426e-05, 0, 2.18651e-06, 0, 8.25579e-08, 0, 4.98843e-06, 0, 8.28426e-05, 0, 3.43357e-06, 0, 9.53205e-08, 0, 2.18651e-06, 0, 8.25579e-08, 0, ]
USE_ENERGY_DISTANCE =     false
PERIODIC =                false
UNIFORM_SITES =           true
DEVICE_DIMENSION =        2
MAX_PARAM =               1
MIN_PARAM =               0
MIN_PARAM =               0
DIAG =                    true
NUM_SEEDS =               2
NUMBER_OF_BANGS =               7
DISTANCE_LIMIT =          0.02
TAU_SCALAR =              1.2
TAU_SCALAR_TINY =         1.1
TAU_SCALAR_BIG =          1.4
ACCEPTANCE_PROB =         0.85
TEMP_EXP_DECAY =          0.8
MIN_TEMP_FRACTION =       0.01
TEMP_DECAY_ITERATIONS =   21
ZERO_TEMP_ITREATIONS =    15
RANDOM_STATES =           3
END_PARAMETERS
##############################################################################
clock_duration  =         1037.39
tau =                     1
total_steps =             32
time_step =               0.03125
best_mc_result =          0.30655
best_mc_result_non_secondary =          0.307027
evolved_target_dot_squared =  0.69345
distance =          1
j_protocol =  [[0, 0, 0, 0, 1, 1, 1, 1, 0, 1, 1, 1, 1, 1, 1, 1, 1, 1, 1, 1, 1, 1, 1, 1, 0, 1, 1, 1, 1, 1, 1, 1, ],[0, 0, 0, 0, 1, 1, 1, 0, 1, 1, 1, 1, 1, 1, 1, 1, 1, 1, 1, 1, 1, 1, 1, 1, 0, 1, 1, 1, 1, 1, 1, 1, ],]
k_protocol =  [[1, 1, 1, 1, 1, 1, 1, 1, 1, 1, 1, 1, 1, 1, 1, 1, 1, 1, 1, 1, 1, 1, 1, 1, 1, 1, 1, 1, 1, 1, 1, 1, ],[1, 1, 1, 1, 1, 1, 1, 1, 1, 1, 1, 1, 1, 1, 1, 1, 1, 1, 1, 1, 1, 1, 1, 1, 1, 1, 1, 1, 1, 1, 1, 1, ],]
j_protocol_secondary =  [0.0462122, 0.0462122, 0.0984889, 0.0984889, 0.134379, 0.257276, 0.280876, 0.754483, 0.793156, 0.941136, 0.941136, 0.948193, 0.948193, 1, ]
k_protocol_secondary =  [0, 0.184897, 0.184897, 0.207107, 0.207107, 0.451818, 0.451818, 0.505027, 0.505027, 0.707133, 0.707133, 0.837188, 0.837188, 0.992769, ]
best_evolved_state = [-0.0228353, 0.0181232, 0.0130435, 0.0130867, -0.0111695, -0.0138517, -0.00556068, 0.0301556, 0.0130435, 0.0130867, -0.0228353, 0.0181232, 0.00686237, -0.0123289, -0.019031, -0.0230882, -0.00361389, 0.0080921, -0.0228353, 0.0181232, -0.019031, -0.0230882, -0.0549958, -0.0019475, 0.00180732, -0.00523074, -0.00361389, 0.0080921, 0.00180732, -0.00523074, -0.00361389, 0.0080921, 0.00180732, -0.00523074, -0.0549958, -0.0019475, -0.019031, -0.0230882, -0.0880703, 0.00213621, -0.122615, -0.104514, -0.0228353, 0.0181232, -0.00361389, 0.0080921, -0.019031, -0.0230882, 0.00686237, -0.0123289, -0.0291414, -0.0268997, -0.0880703, 0.00213621, 0.00180732, -0.00523074, 0.0130435, 0.0130867, -0.019031, -0.0230882, -0.0361363, -0.0148128, -0.0287729, -0.0108191, -0.0434663, -0.0276767, -0.0952459, -0.0626615, -0.0549958, -0.0019475, -0.0111695, -0.0138517, -0.019031, -0.0230882, -0.0880703, 0.00213621, -0.0952459, -0.0626615, -0.0361363, -0.0148128, -0.0952459, -0.0626615, -0.345764, -0.445596, -0.122615, -0.104514, -0.0549958, -0.0019475, 0.00180732, -0.00523074, -0.0361363, -0.0148128, -0.0952459, -0.0626615, -0.0880703, 0.00213621, -0.019031, -0.0230882, -0.0549958, -0.0019475, -0.122615, -0.104514, -0.345764, -0.445596, -0.0952459, -0.0626615, -0.0880703, 0.00213621, -0.122615, -0.104514, -0.0287729, -0.0108191, -0.0361363, -0.0148128, -0.019031, -0.0230882, 0.0130435, 0.0130867, -0.0111695, -0.0138517, -0.0549958, -0.0019475, -0.0952459, -0.0626615, -0.0434663, -0.0276767, -0.0291414, -0.0268997, -0.0880703, 0.00213621, 0.00180732, -0.00523074, -0.0197194, -0.0206416, -0.0287729, -0.0108191, 0.00686237, -0.0123289, -0.00556068, 0.0301556, 0.0130435, 0.0130867, -0.019031, -0.0230882, -0.0361363, -0.0148128, -0.0287729, -0.0108191, 0.00686237, -0.0123289, -0.019031, -0.0230882, -0.00361389, 0.0080921, -0.0228353, 0.0181232, -0.0287729, -0.0108191, -0.0434663, -0.0276767, -0.0291414, -0.0268997, 0.00686237, -0.0123289, -0.019031, -0.0230882, -0.0880703, 0.00213621, -0.0952459, -0.0626615, -0.0361363, -0.0148128, -0.019031, -0.0230882, -0.0549958, -0.0019475, 0.00180732, -0.00523074, -0.00361389, 0.0080921, -0.0228353, 0.0181232, 0.00686237, -0.0123289, -0.0291414, -0.0268997, -0.0434663, -0.0276767, -0.0287729, -0.0108191, -0.0361363, -0.0148128, -0.0952459, -0.0626615, -0.0880703, 0.00213621, -0.019031, -0.0230882, -0.00361389, 0.0080921, 0.00180732, -0.00523074, -0.0549958, -0.0019475, -0.019031, -0.0230882, 0.0130435, 0.0130867, -0.0111695, -0.0138517, -0.00556068, 0.0301556, 0.00686237, -0.0123289, -0.0287729, -0.0108191, -0.0197194, -0.0206416, -0.0287729, -0.0108191, -0.0361363, -0.0148128, -0.019031, -0.0230882, 0.0130435, 0.0130867, -0.0228353, 0.0181232, -0.00361389, 0.0080921, -0.019031, -0.0230882, 0.00686237, -0.0123289, -0.00556068, 0.0301556, 0.0130435, 0.0130867, -0.0228353, 0.0181232, ]
best_mc_result_fixed_tau =   [0.307027, 0.307159, ]
evolved_state_fixed_tau =   [[-0.0206782, 0.0197156, 0.0134607, 0.0117306, -0.0121516, -0.0119831, -0.00304557, 0.0302084, 0.0134607, 0.0117306, -0.0206782, 0.0197156, 0.00591495, -0.0132465, -0.0203144, -0.0223998, -0.00327944, 0.00738308, -0.0206782, 0.0197156, -0.0203144, -0.0223998, -0.0533562, -0.00153847, 0.00105485, -0.00479804, -0.00327944, 0.00738308, 0.00105485, -0.00479804, -0.00327944, 0.00738308, 0.00105485, -0.00479804, -0.0533562, -0.00153847, -0.0203144, -0.0223998, -0.0854459, 0.00352275, -0.129735, -0.102735, -0.0206782, 0.0197156, -0.00327944, 0.00738308, -0.0203144, -0.0223998, 0.00591495, -0.0132465, -0.0304346, -0.0261929, -0.0854459, 0.00352275, 0.00105485, -0.00479804, 0.0134607, 0.0117306, -0.0203144, -0.0223998, -0.0366521, -0.014546, -0.0290476, -0.00981708, -0.0445023, -0.0271019, -0.0959716, -0.0617415, -0.0533562, -0.00153847, -0.0121516, -0.0119831, -0.0203144, -0.0223998, -0.0854459, 0.00352275, -0.0959716, -0.0617415, -0.0366521, -0.014546, -0.0959716, -0.0617415, -0.354199, -0.438281, -0.129735, -0.102735, -0.0533562, -0.00153847, 0.00105485, -0.00479804, -0.0366521, -0.014546, -0.0959716, -0.0617415, -0.0854459, 0.00352275, -0.0203144, -0.0223998, -0.0533562, -0.00153847, -0.129735, -0.102735, -0.354199, -0.438281, -0.0959716, -0.0617415, -0.0854459, 0.00352275, -0.129735, -0.102735, -0.0290476, -0.00981708, -0.0366521, -0.014546, -0.0203144, -0.0223998, 0.0134607, 0.0117306, -0.0121516, -0.0119831, -0.0533562, -0.00153847, -0.0959716, -0.0617415, -0.0445023, -0.0271019, -0.0304346, -0.0261929, -0.0854459, 0.00352275, 0.00105485, -0.00479804, -0.0210815, -0.0195012, -0.0290476, -0.00981708, 0.00591495, -0.0132465, -0.00304557, 0.0302084, 0.0134607, 0.0117306, -0.0203144, -0.0223998, -0.0366521, -0.014546, -0.0290476, -0.00981708, 0.00591495, -0.0132465, -0.0203144, -0.0223998, -0.00327944, 0.00738308, -0.0206782, 0.0197156, -0.0290476, -0.00981708, -0.0445023, -0.0271019, -0.0304346, -0.0261929, 0.00591495, -0.0132465, -0.0203144, -0.0223998, -0.0854459, 0.00352275, -0.0959716, -0.0617415, -0.0366521, -0.014546, -0.0203144, -0.0223998, -0.0533562, -0.00153847, 0.00105485, -0.00479804, -0.00327944, 0.00738308, -0.0206782, 0.0197156, 0.00591495, -0.0132465, -0.0304346, -0.0261929, -0.0445023, -0.0271019, -0.0290476, -0.00981708, -0.0366521, -0.014546, -0.0959716, -0.0617415, -0.0854459, 0.00352275, -0.0203144, -0.0223998, -0.00327944, 0.00738308, 0.00105485, -0.00479804, -0.0533562, -0.00153847, -0.0203144, -0.0223998, 0.0134607, 0.0117306, -0.0121516, -0.0119831, -0.00304557, 0.0302084, 0.00591495, -0.0132465, -0.0290476, -0.00981708, -0.0210815, -0.0195012, -0.0290476, -0.00981708, -0.0366521, -0.014546, -0.0203144, -0.0223998, 0.0134607, 0.0117306, -0.0206782, 0.0197156, -0.00327944, 0.00738308, -0.0203144, -0.0223998, 0.00591495, -0.0132465, -0.00304557, 0.0302084, 0.0134607, 0.0117306, -0.0206782, 0.0197156, ],[-0.0209135, 0.0212838, 0.0144081, 0.0111885, -0.0130433, -0.012731, -0.00232631, 0.0312367, 0.0144081, 0.0111885, -0.0209135, 0.0212838, 0.00603385, -0.0139304, -0.0210662, -0.022768, -0.00284291, 0.00763902, -0.0209135, 0.0212838, -0.0210662, -0.022768, -0.0533665, -0.00148287, 0.000878192, -0.00625091, -0.00284291, 0.00763902, 0.000878192, -0.00625091, -0.00284291, 0.00763902, 0.000878192, -0.00625091, -0.0533665, -0.00148287, -0.0210662, -0.022768, -0.0851893, 0.00387477, -0.128843, -0.101845, -0.0209135, 0.0212838, -0.00284291, 0.00763902, -0.0210662, -0.022768, 0.00603385, -0.0139304, -0.0310186, -0.0262537, -0.0851893, 0.00387477, 0.000878192, -0.00625091, 0.0144081, 0.0111885, -0.0210662, -0.022768, -0.0362479, -0.013987, -0.0295927, -0.00908355, -0.044547, -0.0264519, -0.0956475, -0.0622092, -0.0533665, -0.00148287, -0.0130433, -0.012731, -0.0210662, -0.022768, -0.0851893, 0.00387477, -0.0956475, -0.0622092, -0.0362479, -0.013987, -0.0956475, -0.0622092, -0.356594, -0.436298, -0.128843, -0.101845, -0.0533665, -0.00148287, 0.000878192, -0.00625091, -0.0362479, -0.013987, -0.0956475, -0.0622092, -0.0851893, 0.00387477, -0.0210662, -0.022768, -0.0533665, -0.00148287, -0.128843, -0.101845, -0.356594, -0.436298, -0.0956475, -0.0622092, -0.0851893, 0.00387477, -0.128843, -0.101845, -0.0295927, -0.00908355, -0.0362479, -0.013987, -0.0210662, -0.022768, 0.0144081, 0.0111885, -0.0130433, -0.012731, -0.0533665, -0.00148287, -0.0956475, -0.0622092, -0.044547, -0.0264519, -0.0310186, -0.0262537, -0.0851893, 0.00387477, 0.000878192, -0.00625091, -0.0220253, -0.0196038, -0.0295927, -0.00908355, 0.00603385, -0.0139304, -0.00232631, 0.0312367, 0.0144081, 0.0111885, -0.0210662, -0.022768, -0.0362479, -0.013987, -0.0295927, -0.00908355, 0.00603385, -0.0139304, -0.0210662, -0.022768, -0.00284291, 0.00763902, -0.0209135, 0.0212838, -0.0295927, -0.00908355, -0.044547, -0.0264519, -0.0310186, -0.0262537, 0.00603385, -0.0139304, -0.0210662, -0.022768, -0.0851893, 0.00387477, -0.0956475, -0.0622092, -0.0362479, -0.013987, -0.0210662, -0.022768, -0.0533665, -0.00148287, 0.000878192, -0.00625091, -0.00284291, 0.00763902, -0.0209135, 0.0212838, 0.00603385, -0.0139304, -0.0310186, -0.0262537, -0.044547, -0.0264519, -0.0295927, -0.00908355, -0.0362479, -0.013987, -0.0956475, -0.0622092, -0.0851893, 0.00387477, -0.0210662, -0.022768, -0.00284291, 0.00763902, 0.000878192, -0.00625091, -0.0533665, -0.00148287, -0.0210662, -0.022768, 0.0144081, 0.0111885, -0.0130433, -0.012731, -0.00232631, 0.0312367, 0.00603385, -0.0139304, -0.0295927, -0.00908355, -0.0220253, -0.0196038, -0.0295927, -0.00908355, -0.0362479, -0.013987, -0.0210662, -0.022768, 0.0144081, 0.0111885, -0.0209135, 0.0212838, -0.00284291, 0.00763902, -0.0210662, -0.022768, 0.00603385, -0.0139304, -0.00232631, 0.0312367, 0.0144081, 0.0111885, -0.0209135, 0.0212838, ],]
