START_PARAMETERS
MAX_STEPS_MCDB =               32
MIN_STEPS_MCDB =               4
STEPS_CRUNCH_MCDB =            1
SWEEPS_MCDB =                  100
TOTAL_STEP_CHANGES =                  6
MCBB_SECONDARY =                  1
SWEEPS_MCBB_SECONDARY =                  250
NUMBER_OF_BANGS =                  7
GROUND_E =                -2.997
INITIAL_E =               -2.92204
j_initial =               0.98
k_initial =               0.5
b_initial =               0
j_target =                0.614
k_target =                0.062
b_target =                0
init_target_dot_squared = 0.95745
init_state = [-0.010991, 0, -0.0245349, 0, -0.0310619, 0, -0.0137385, 0, -0.0245349, 0, -0.010991, 0, -0.034678, 0, -0.0653318, 0, -0.0407116, 0, -0.010991, 0, -0.0653318, 0, -0.109342, 0, -0.0576018, 0, -0.0407116, 0, -0.0576018, 0, -0.0407116, 0, -0.0576018, 0, -0.109342, 0, -0.0653318, 0, -0.137643, 0, -0.163732, 0, -0.010991, 0, -0.0407116, 0, -0.0653318, 0, -0.034678, 0, -0.0788388, 0, -0.137643, 0, -0.0576018, 0, -0.0245349, 0, -0.0653318, 0, -0.0829205, 0, -0.0402976, 0, -0.0870265, 0, -0.167145, 0, -0.109342, 0, -0.0310619, 0, -0.0653318, 0, -0.137643, 0, -0.167145, 0, -0.0829205, 0, -0.167145, 0, -0.291627, 0, -0.163732, 0, -0.109342, 0, -0.0576018, 0, -0.0829205, 0, -0.167145, 0, -0.137643, 0, -0.0653318, 0, -0.109342, 0, -0.163732, 0, -0.291627, 0, -0.167145, 0, -0.137643, 0, -0.163732, 0, -0.0402976, 0, -0.0829205, 0, -0.0653318, 0, -0.0245349, 0, -0.0310619, 0, -0.109342, 0, -0.167145, 0, -0.0870265, 0, -0.0788388, 0, -0.137643, 0, -0.0576018, 0, -0.0186996, 0, -0.0402976, 0, -0.034678, 0, -0.0137385, 0, -0.0245349, 0, -0.0653318, 0, -0.0829205, 0, -0.0402976, 0, -0.034678, 0, -0.0653318, 0, -0.0407116, 0, -0.010991, 0, -0.0402976, 0, -0.0870265, 0, -0.0788388, 0, -0.034678, 0, -0.0653318, 0, -0.137643, 0, -0.167145, 0, -0.0829205, 0, -0.0653318, 0, -0.109342, 0, -0.0576018, 0, -0.0407116, 0, -0.010991, 0, -0.034678, 0, -0.0788388, 0, -0.0870265, 0, -0.0402976, 0, -0.0829205, 0, -0.167145, 0, -0.137643, 0, -0.0653318, 0, -0.0407116, 0, -0.0576018, 0, -0.109342, 0, -0.0653318, 0, -0.0245349, 0, -0.0310619, 0, -0.0137385, 0, -0.034678, 0, -0.0402976, 0, -0.0186996, 0, -0.0402976, 0, -0.0829205, 0, -0.0653318, 0, -0.0245349, 0, -0.010991, 0, -0.0407116, 0, -0.0653318, 0, -0.034678, 0, -0.0137385, 0, -0.0245349, 0, -0.010991, 0, ]
target_state = [0.0238704, 0, 0.041763, 0, 0.0471067, 0, 0.0298009, 0, 0.041763, 0, 0.0238704, 0, 0.0550413, 0, 0.0810559, 0, 0.0590688, 0, 0.0238704, 0, 0.0810559, 0, 0.111257, 0, 0.0750221, 0, 0.0590688, 0, 0.0750221, 0, 0.0590688, 0, 0.0750221, 0, 0.111257, 0, 0.0810559, 0, 0.131597, 0, 0.148068, 0, 0.0238704, 0, 0.0590688, 0, 0.0810559, 0, 0.0550413, 0, 0.0938738, 0, 0.131597, 0, 0.0750221, 0, 0.041763, 0, 0.0810559, 0, 0.0951333, 0, 0.0606872, 0, 0.0993409, 0, 0.148073, 0, 0.111257, 0, 0.0471067, 0, 0.0810559, 0, 0.131597, 0, 0.148073, 0, 0.0951333, 0, 0.148073, 0, 0.208222, 0, 0.148068, 0, 0.111257, 0, 0.0750221, 0, 0.0951333, 0, 0.148073, 0, 0.131597, 0, 0.0810559, 0, 0.111257, 0, 0.148068, 0, 0.208222, 0, 0.148073, 0, 0.131597, 0, 0.148068, 0, 0.0606872, 0, 0.0951333, 0, 0.0810559, 0, 0.041763, 0, 0.0471067, 0, 0.111257, 0, 0.148073, 0, 0.0993409, 0, 0.0938738, 0, 0.131597, 0, 0.0750221, 0, 0.0373647, 0, 0.0606872, 0, 0.0550413, 0, 0.0298009, 0, 0.041763, 0, 0.0810559, 0, 0.0951333, 0, 0.0606872, 0, 0.0550413, 0, 0.0810559, 0, 0.0590688, 0, 0.0238704, 0, 0.0606872, 0, 0.0993409, 0, 0.0938738, 0, 0.0550413, 0, 0.0810559, 0, 0.131597, 0, 0.148073, 0, 0.0951333, 0, 0.0810559, 0, 0.111257, 0, 0.0750221, 0, 0.0590688, 0, 0.0238704, 0, 0.0550413, 0, 0.0938738, 0, 0.0993409, 0, 0.0606872, 0, 0.0951333, 0, 0.148073, 0, 0.131597, 0, 0.0810559, 0, 0.0590688, 0, 0.0750221, 0, 0.111257, 0, 0.0810559, 0, 0.041763, 0, 0.0471067, 0, 0.0298009, 0, 0.0550413, 0, 0.0606872, 0, 0.0373647, 0, 0.0606872, 0, 0.0951333, 0, 0.0810559, 0, 0.041763, 0, 0.0238704, 0, 0.0590688, 0, 0.0810559, 0, 0.0550413, 0, 0.0298009, 0, 0.041763, 0, 0.0238704, 0, ]
USE_ENERGY_DISTANCE =     false
PERIODIC =                false
UNIFORM_SITES =           true
DEVICE_DIMENSION =        2
MAX_PARAM =               1
MIN_PARAM =               0
MIN_PARAM =               0
DIAG =                    true
NUM_SEEDS =               2
NUMBER_OF_BANGS =               7
DISTANCE_LIMIT =          0.02
TAU_SCALAR =              1.2
TAU_SCALAR_TINY =         1.1
TAU_SCALAR_BIG =          1.4
ACCEPTANCE_PROB =         0.85
TEMP_EXP_DECAY =          0.8
MIN_TEMP_FRACTION =       0.01
TEMP_DECAY_ITERATIONS =   21
ZERO_TEMP_ITREATIONS =    15
RANDOM_STATES =           3
END_PARAMETERS
##############################################################################
clock_duration  =         827.982
tau =                     1
total_steps =             32
time_step =               0.03125
best_mc_result =          0.00311293
best_mc_result_non_secondary =          0.00398951
evolved_target_dot_squared =  0.996887
distance =          1
j_protocol =  [[1, 1, 1, 1, 1, 1, 0, 1, 1, 1, 1, 1, 1, 1, 1, 0, 1, 1, 1, 1, 1, 1, 1, 1, 1, 1, 1, 1, 1, 1, 1, 1, ],[1, 1, 1, 1, 1, 1, 1, 1, 1, 1, 1, 1, 1, 1, 1, 1, 1, 1, 1, 1, 1, 1, 1, 1, 1, 1, 1, 1, 1, 1, 1, 1, ],]
k_protocol =  [[0, 0, 0, 1, 0, 1, 1, 0, 0, 0, 0, 0, 0, 0, 0, 1, 1, 0, 0, 0, 1, 0, 1, 0, 0, 0, 1, 0, 0, 0, 1, 1, ],[0, 0, 0, 0, 1, 0, 1, 1, 0, 0, 0, 1, 0, 0, 0, 0, 0, 1, 1, 1, 0, 0, 0, 0, 0, 0, 1, 0, 0, 1, 0, 1, ],]
j_protocol_secondary =  [0, 0.14587, 0.14587, 0.546904, 0.546904, 0.581206, 0.581206, 0.602987, 0.602987, 0.711125, 0.711125, 0.892482, 0.892482, 0.997546, ]
k_protocol_secondary =  [0.137203, 0.149204, 0.175982, 0.26733, 0.366284, 0.366284, 0.526555, 0.62865, 0.809136, 0.838987, 0.913912, 0.93822, 0.96102, 1, ]
best_evolved_state = [0.0212682, -0.00810037, 0.0352348, -0.0156035, 0.038178, -0.0211164, 0.0282103, -0.0109892, 0.0352348, -0.0156035, 0.0212682, -0.00810037, 0.0451976, -0.0253854, 0.0760231, -0.0327669, 0.0533622, -0.0220508, 0.0212682, -0.00810037, 0.0760231, -0.0327669, 0.0982219, -0.0469046, 0.0651117, -0.0328675, 0.0533622, -0.0220508, 0.0651117, -0.0328675, 0.0533622, -0.0220508, 0.0651117, -0.0328675, 0.0982219, -0.0469046, 0.0760231, -0.0327669, 0.121248, -0.05501, 0.122761, -0.0725572, 0.0212682, -0.00810037, 0.0533622, -0.0220508, 0.0760231, -0.0327669, 0.0451976, -0.0253854, 0.086083, -0.0397662, 0.121248, -0.05501, 0.0651117, -0.0328675, 0.0352348, -0.0156035, 0.0760231, -0.0327669, 0.0863702, -0.0404844, 0.0513729, -0.0251004, 0.0864328, -0.0454872, 0.140198, -0.0683419, 0.0982219, -0.0469046, 0.038178, -0.0211164, 0.0760231, -0.0327669, 0.121248, -0.05501, 0.140198, -0.0683419, 0.0863702, -0.0404844, 0.140198, -0.0683419, 0.180971, -0.0998855, 0.122761, -0.0725572, 0.0982219, -0.0469046, 0.0651117, -0.0328675, 0.0863702, -0.0404844, 0.140198, -0.0683419, 0.121248, -0.05501, 0.0760231, -0.0327669, 0.0982219, -0.0469046, 0.122761, -0.0725572, 0.180971, -0.0998855, 0.140198, -0.0683419, 0.121248, -0.05501, 0.122761, -0.0725572, 0.0513729, -0.0251004, 0.0863702, -0.0404844, 0.0760231, -0.0327669, 0.0352348, -0.0156035, 0.038178, -0.0211164, 0.0982219, -0.0469046, 0.140198, -0.0683419, 0.0864328, -0.0454872, 0.086083, -0.0397662, 0.121248, -0.05501, 0.0651117, -0.0328675, 0.0174772, -0.0178504, 0.0513729, -0.0251004, 0.0451976, -0.0253854, 0.0282103, -0.0109892, 0.0352348, -0.0156035, 0.0760231, -0.0327669, 0.0863702, -0.0404844, 0.0513729, -0.0251004, 0.0451976, -0.0253854, 0.0760231, -0.0327669, 0.0533622, -0.0220508, 0.0212682, -0.00810037, 0.0513729, -0.0251004, 0.0864328, -0.0454872, 0.086083, -0.0397662, 0.0451976, -0.0253854, 0.0760231, -0.0327669, 0.121248, -0.05501, 0.140198, -0.0683419, 0.0863702, -0.0404844, 0.0760231, -0.0327669, 0.0982219, -0.0469046, 0.0651117, -0.0328675, 0.0533622, -0.0220508, 0.0212682, -0.00810037, 0.0451976, -0.0253854, 0.086083, -0.0397662, 0.0864328, -0.0454872, 0.0513729, -0.0251004, 0.0863702, -0.0404844, 0.140198, -0.0683419, 0.121248, -0.05501, 0.0760231, -0.0327669, 0.0533622, -0.0220508, 0.0651117, -0.0328675, 0.0982219, -0.0469046, 0.0760231, -0.0327669, 0.0352348, -0.0156035, 0.038178, -0.0211164, 0.0282103, -0.0109892, 0.0451976, -0.0253854, 0.0513729, -0.0251004, 0.0174772, -0.0178504, 0.0513729, -0.0251004, 0.0863702, -0.0404844, 0.0760231, -0.0327669, 0.0352348, -0.0156035, 0.0212682, -0.00810037, 0.0533622, -0.0220508, 0.0760231, -0.0327669, 0.0451976, -0.0253854, 0.0282103, -0.0109892, 0.0352348, -0.0156035, 0.0212682, -0.00810037, ]
best_mc_result_fixed_tau =   [0.00526389, 0.00398951, ]
evolved_state_fixed_tau =   [[0.0120907, -0.0154621, 0.0227839, -0.0278198, 0.0221063, -0.0352497, 0.0157295, -0.0196372, 0.0227839, -0.0278198, 0.0120907, -0.0154621, 0.0296097, -0.0416542, 0.0492643, -0.0641735, 0.035636, -0.0416505, 0.0120907, -0.0154621, 0.0492643, -0.0641735, 0.0641226, -0.0895142, 0.0403137, -0.0584617, 0.035636, -0.0416505, 0.0403137, -0.0584617, 0.035636, -0.0416505, 0.0403137, -0.0584617, 0.0641226, -0.0895142, 0.0492643, -0.0641735, 0.0795331, -0.105945, 0.0739031, -0.124763, 0.0120907, -0.0154621, 0.035636, -0.0416505, 0.0492643, -0.0641735, 0.0296097, -0.0416542, 0.0530698, -0.0753921, 0.0795331, -0.105945, 0.0403137, -0.0584617, 0.0227839, -0.0278198, 0.0492643, -0.0641735, 0.0555977, -0.0725109, 0.0278777, -0.0447125, 0.0553853, -0.0791266, 0.0931188, -0.129462, 0.0641226, -0.0895142, 0.0221063, -0.0352497, 0.0492643, -0.0641735, 0.0795331, -0.105945, 0.0931188, -0.129462, 0.0555977, -0.0725109, 0.0931188, -0.129462, 0.117206, -0.190302, 0.0739031, -0.124763, 0.0641226, -0.0895142, 0.0403137, -0.0584617, 0.0555977, -0.0725109, 0.0931188, -0.129462, 0.0795331, -0.105945, 0.0492643, -0.0641735, 0.0641226, -0.0895142, 0.0739031, -0.124763, 0.117206, -0.190302, 0.0931188, -0.129462, 0.0795331, -0.105945, 0.0739031, -0.124763, 0.0278777, -0.0447125, 0.0555977, -0.0725109, 0.0492643, -0.0641735, 0.0227839, -0.0278198, 0.0221063, -0.0352497, 0.0641226, -0.0895142, 0.0931188, -0.129462, 0.0553853, -0.0791266, 0.0530698, -0.0753921, 0.0795331, -0.105945, 0.0403137, -0.0584617, 0.00975534, -0.0295669, 0.0278777, -0.0447125, 0.0296097, -0.0416542, 0.0157295, -0.0196372, 0.0227839, -0.0278198, 0.0492643, -0.0641735, 0.0555977, -0.0725109, 0.0278777, -0.0447125, 0.0296097, -0.0416542, 0.0492643, -0.0641735, 0.035636, -0.0416505, 0.0120907, -0.0154621, 0.0278777, -0.0447125, 0.0553853, -0.0791266, 0.0530698, -0.0753921, 0.0296097, -0.0416542, 0.0492643, -0.0641735, 0.0795331, -0.105945, 0.0931188, -0.129462, 0.0555977, -0.0725109, 0.0492643, -0.0641735, 0.0641226, -0.0895142, 0.0403137, -0.0584617, 0.035636, -0.0416505, 0.0120907, -0.0154621, 0.0296097, -0.0416542, 0.0530698, -0.0753921, 0.0553853, -0.0791266, 0.0278777, -0.0447125, 0.0555977, -0.0725109, 0.0931188, -0.129462, 0.0795331, -0.105945, 0.0492643, -0.0641735, 0.035636, -0.0416505, 0.0403137, -0.0584617, 0.0641226, -0.0895142, 0.0492643, -0.0641735, 0.0227839, -0.0278198, 0.0221063, -0.0352497, 0.0157295, -0.0196372, 0.0296097, -0.0416542, 0.0278777, -0.0447125, 0.00975534, -0.0295669, 0.0278777, -0.0447125, 0.0555977, -0.0725109, 0.0492643, -0.0641735, 0.0227839, -0.0278198, 0.0120907, -0.0154621, 0.035636, -0.0416505, 0.0492643, -0.0641735, 0.0296097, -0.0416542, 0.0157295, -0.0196372, 0.0227839, -0.0278198, 0.0120907, -0.0154621, ],[0.0187821, -0.00987278, 0.032882, -0.0193935, 0.0337479, -0.0254409, 0.0257718, -0.0127242, 0.032882, -0.0193935, 0.0187821, -0.00987278, 0.0405458, -0.0298744, 0.0685462, -0.040701, 0.0501889, -0.0275974, 0.0187821, -0.00987278, 0.0685462, -0.040701, 0.0938448, -0.0583537, 0.0582628, -0.0407916, 0.0501889, -0.0275974, 0.0582628, -0.0407916, 0.0501889, -0.0275974, 0.0582628, -0.0407916, 0.0938448, -0.0583537, 0.0685462, -0.040701, 0.115366, -0.0713977, 0.11267, -0.0927574, 0.0187821, -0.00987278, 0.0501889, -0.0275974, 0.0685462, -0.040701, 0.0405458, -0.0298744, 0.0790309, -0.0486367, 0.115366, -0.0713977, 0.0582628, -0.0407916, 0.032882, -0.0193935, 0.0685462, -0.040701, 0.0805072, -0.0524508, 0.0479766, -0.0290987, 0.0799179, -0.0565481, 0.127691, -0.0870146, 0.0938448, -0.0583537, 0.0337479, -0.0254409, 0.0685462, -0.040701, 0.115366, -0.0713977, 0.127691, -0.0870146, 0.0805072, -0.0524508, 0.127691, -0.0870146, 0.174045, -0.124518, 0.11267, -0.0927574, 0.0938448, -0.0583537, 0.0582628, -0.0407916, 0.0805072, -0.0524508, 0.127691, -0.0870146, 0.115366, -0.0713977, 0.0685462, -0.040701, 0.0938448, -0.0583537, 0.11267, -0.0927574, 0.174045, -0.124518, 0.127691, -0.0870146, 0.115366, -0.0713977, 0.11267, -0.0927574, 0.0479766, -0.0290987, 0.0805072, -0.0524508, 0.0685462, -0.040701, 0.032882, -0.0193935, 0.0337479, -0.0254409, 0.0938448, -0.0583537, 0.127691, -0.0870146, 0.0799179, -0.0565481, 0.0790309, -0.0486367, 0.115366, -0.0713977, 0.0582628, -0.0407916, 0.0150061, -0.0169289, 0.0479766, -0.0290987, 0.0405458, -0.0298744, 0.0257718, -0.0127242, 0.032882, -0.0193935, 0.0685462, -0.040701, 0.0805072, -0.0524508, 0.0479766, -0.0290987, 0.0405458, -0.0298744, 0.0685462, -0.040701, 0.0501889, -0.0275974, 0.0187821, -0.00987278, 0.0479766, -0.0290987, 0.0799179, -0.0565481, 0.0790309, -0.0486367, 0.0405458, -0.0298744, 0.0685462, -0.040701, 0.115366, -0.0713977, 0.127691, -0.0870146, 0.0805072, -0.0524508, 0.0685462, -0.040701, 0.0938448, -0.0583537, 0.0582628, -0.0407916, 0.0501889, -0.0275974, 0.0187821, -0.00987278, 0.0405458, -0.0298744, 0.0790309, -0.0486367, 0.0799179, -0.0565481, 0.0479766, -0.0290987, 0.0805072, -0.0524508, 0.127691, -0.0870146, 0.115366, -0.0713977, 0.0685462, -0.040701, 0.0501889, -0.0275974, 0.0582628, -0.0407916, 0.0938448, -0.0583537, 0.0685462, -0.040701, 0.032882, -0.0193935, 0.0337479, -0.0254409, 0.0257718, -0.0127242, 0.0405458, -0.0298744, 0.0479766, -0.0290987, 0.0150061, -0.0169289, 0.0479766, -0.0290987, 0.0805072, -0.0524508, 0.0685462, -0.040701, 0.032882, -0.0193935, 0.0187821, -0.00987278, 0.0501889, -0.0275974, 0.0685462, -0.040701, 0.0405458, -0.0298744, 0.0257718, -0.0127242, 0.032882, -0.0193935, 0.0187821, -0.00987278, ],]
