START_PARAMETERS
MAX_STEPS_MCDB =               32
MIN_STEPS_MCDB =               4
STEPS_CRUNCH_MCDB =            1
SWEEPS_MCDB =                  80
TOTAL_STEP_CHANGES =                  6
MCBB_SECONDARY =                  1
SWEEPS_MCBB_SECONDARY =                  150
NUMBER_OF_BANGS =                  6
GROUND_E =                -3.62322
INITIAL_E =               -3.53215
j_initial =               0.579
k_initial =               0.25
b_initial =               0
j_target =                0.556
k_target =                0.031
b_target =                0
init_target_dot_squared = 0.966699
init_state = [0.0266467, 0, 0.076997, 0, 0.0446827, 0, 0.0210209, 0, 0.0505543, 0, 0.110467, 0, 0.0505543, 0, 0.13669, 0, 0.115004, 0, 0.0505543, 0, 0.0210209, 0, 0.0446827, 0, 0.076997, 0, 0.0909368, 0, 0.234478, 0, 0.0909368, 0, 0.0505543, 0, 0.115004, 0, 0.13669, 0, 0.138493, 0, 0.0446827, 0, 0.0668701, 0, 0.0716499, 0, 0.128882, 0, 0.203925, 0, 0.0716499, 0, 0.110467, 0, 0.13669, 0, 0.14863, 0, 0.13669, 0, 0.0266467, 0, 0.076997, 0, 0.0716499, 0, 0.0909368, 0, 0.0505543, 0, 0.0909368, 0, 0.128882, 0, 0.0909368, 0, 0.203925, 0, 0.234478, 0, 0.076997, 0, 0.13669, 0, 0.138493, 0, 0.13669, 0, 0.115004, 0, 0.076997, 0, 0.234478, 0, 0.203925, 0, 0.234478, 0, 0.115004, 0, 0.0446827, 0, 0.0909368, 0, 0.0716499, 0, 0.076997, 0, 0.0505543, 0, 0.0210209, 0, 0.0716499, 0, 0.0668701, 0, 0.0446827, 0, 0.0716499, 0, 0.076997, 0, 0.0266467, 0, 0.14863, 0, 0.13669, 0, 0.110467, 0, 0.0505543, 0, 0.0716499, 0, 0.203925, 0, 0.128882, 0, 0.0909368, 0, 0.13669, 0, 0.0668701, 0, 0.128882, 0, 0.0668701, 0, 0.0446827, 0, 0.110467, 0, 0.0446827, 0, 0.0716499, 0, 0.0909368, 0, 0.0446827, 0, 0.0210209, 0, 0.0505543, 0, 0.076997, 0, 0.0266467, 0, ]
target_state = [-0.0432255, 0, -0.090391, 0, -0.0662293, 0, -0.0406884, 0, -0.0708824, 0, -0.115361, 0, -0.0708824, 0, -0.13841, 0, -0.119397, 0, -0.0708824, 0, -0.0406884, 0, -0.0662293, 0, -0.090391, 0, -0.103977, 0, -0.179739, 0, -0.103977, 0, -0.0708824, 0, -0.119397, 0, -0.13841, 0, -0.140122, 0, -0.0662293, 0, -0.0885566, 0, -0.0905538, 0, -0.13176, 0, -0.171751, 0, -0.0905538, 0, -0.115361, 0, -0.13841, 0, -0.145522, 0, -0.13841, 0, -0.0432255, 0, -0.090391, 0, -0.0905538, 0, -0.103977, 0, -0.0708824, 0, -0.103977, 0, -0.13176, 0, -0.103977, 0, -0.171751, 0, -0.179739, 0, -0.090391, 0, -0.13841, 0, -0.140122, 0, -0.13841, 0, -0.119397, 0, -0.090391, 0, -0.179739, 0, -0.171751, 0, -0.179739, 0, -0.119397, 0, -0.0662293, 0, -0.103977, 0, -0.0905538, 0, -0.090391, 0, -0.0708824, 0, -0.0406884, 0, -0.0905538, 0, -0.0885566, 0, -0.0662293, 0, -0.0905538, 0, -0.090391, 0, -0.0432255, 0, -0.145522, 0, -0.13841, 0, -0.115361, 0, -0.0708824, 0, -0.0905538, 0, -0.171751, 0, -0.13176, 0, -0.103977, 0, -0.13841, 0, -0.0885566, 0, -0.13176, 0, -0.0885566, 0, -0.0662293, 0, -0.115361, 0, -0.0662293, 0, -0.0905538, 0, -0.103977, 0, -0.0662293, 0, -0.0406884, 0, -0.0708824, 0, -0.090391, 0, -0.0432255, 0, ]
USE_ENERGY_DISTANCE =     false
PERIODIC =                false
UNIFORM_SITES =           true
DEVICE_DIMENSION =        2
MAX_PARAM =               1
MIN_PARAM =               0
MIN_PARAM =               0
DIAG =                    true
NUM_SEEDS =               2
NUMBER_OF_BANGS =               6
DISTANCE_LIMIT =          0.02
TAU_INIT =                1
MAX_TAU =                 5
TAU_SCALAR =              1.3
TAU_SCALAR_TINY =         1.1
TAU_SCALAR_BIG =          1.5
ACCEPTANCE_PROB =         0.85
TEMP_EXP_DECAY =          0.8
MIN_TEMP_FRACTION =       0.01
TEMP_DECAY_ITERATIONS =   21
ZERO_TEMP_ITREATIONS =    15
RANDOM_STATES =           3
END_PARAMETERS
##############################################################################
clock_duration  =         874.423
tau =                     0.15625
total_steps =             32
time_step =               0.03125
best_mc_result =          0.0199358
best_mc_result_non_secondary =          0
evolved_target_dot_squared =  0.980064
distance =          0.598662
j_protocol =  [[0, 0, 0, 0, 0, 0, 0, 0, 0, 0, 0, 0, 0, 0, 0, 0, 0, 0, 0, 0, 0, 0, 0, 0, 0, 0, 0, 0, 0, 0, 0, 0, ],[0, 0, 0, 0, 0, 0, 0, 0, 0, 0, 0, 0, 0, 0, 0, 0, 0, 0, 0, 0, 0, 0, 0, 0, 0, 0, 0, 0, 0, 0, 0, 0, ],]
k_protocol =  [[0, 0, 0, 0, 0, 0, 0, 0, 0, 0, 0, 0, 0, 0, 0, 0, 0, 0, 0, 0, 0, 0, 0, 0, 0, 0, 0, 0, 0, 0, 0, 0, ],[0, 0, 0, 0, 0, 0, 0, 0, 0, 0, 0, 0, 0, 0, 0, 0, 0, 0, 0, 0, 0, 0, 0, 0, 0, 0, 0, 0, 0, 0, 0, 0, ],]
j_protocol_secondary =  [0, 0.0282314, 0.0282314, 0.0428343, 0.0428343, 0.0494945, 0.0494945, 0.099827, 0.099827, 0.128011, 0.128011, 0.153825, ]
k_protocol_secondary =  [0.00613773, 0.00613773, 0.0286609, 0.0286609, 0.0644668, 0.0644668, 0.0845636, 0.0845636, 0.1103, 0.127786, 0.127786, 0.15625, ]
best_evolved_state = [0.0152563, 0.0292897, 0.0367174, 0.0724006, 0.0208301, 0.0437614, 0.00813506, 0.0215454, 0.0232878, 0.0501268, 0.0478985, 0.0905201, 0.0232878, 0.0501268, 0.0636676, 0.121895, 0.0603649, 0.109341, 0.0232878, 0.0501268, 0.00813506, 0.0215454, 0.0208301, 0.0437614, 0.0367174, 0.0724006, 0.0441745, 0.0857643, 0.109793, 0.185851, 0.0441745, 0.0857643, 0.0232878, 0.0501268, 0.0603649, 0.109341, 0.0636676, 0.121895, 0.0730646, 0.132011, 0.0208301, 0.0437614, 0.0279841, 0.0621875, 0.0366452, 0.0714795, 0.0614276, 0.114791, 0.099898, 0.172581, 0.0366452, 0.0714795, 0.0478985, 0.0905201, 0.0636676, 0.121895, 0.0647978, 0.122633, 0.0636676, 0.121895, 0.0152563, 0.0292897, 0.0367174, 0.0724006, 0.0366452, 0.0714795, 0.0441745, 0.0857643, 0.0232878, 0.0501268, 0.0441745, 0.0857643, 0.0614276, 0.114791, 0.0441745, 0.0857643, 0.099898, 0.172581, 0.109793, 0.185851, 0.0367174, 0.0724006, 0.0636676, 0.121895, 0.0730646, 0.132011, 0.0636676, 0.121895, 0.0603649, 0.109341, 0.0367174, 0.0724006, 0.109793, 0.185851, 0.099898, 0.172581, 0.109793, 0.185851, 0.0603649, 0.109341, 0.0208301, 0.0437614, 0.0441745, 0.0857643, 0.0366452, 0.0714795, 0.0367174, 0.0724006, 0.0232878, 0.0501268, 0.00813506, 0.0215454, 0.0366452, 0.0714795, 0.0279841, 0.0621875, 0.0208301, 0.0437614, 0.0366452, 0.0714795, 0.0367174, 0.0724006, 0.0152563, 0.0292897, 0.0647978, 0.122633, 0.0636676, 0.121895, 0.0478985, 0.0905201, 0.0232878, 0.0501268, 0.0366452, 0.0714795, 0.099898, 0.172581, 0.0614276, 0.114791, 0.0441745, 0.0857643, 0.0636676, 0.121895, 0.0279841, 0.0621875, 0.0614276, 0.114791, 0.0279841, 0.0621875, 0.0208301, 0.0437614, 0.0478985, 0.0905201, 0.0208301, 0.0437614, 0.0366452, 0.0714795, 0.0441745, 0.0857643, 0.0208301, 0.0437614, 0.00813506, 0.0215454, 0.0232878, 0.0501268, 0.0367174, 0.0724006, 0.0152563, 0.0292897, ]
best_mc_result_fixed_tau =   [0.0028658, 0.00228045, ]
evolved_state_fixed_tau =   [[0.0482057, -0.00313232, 0.0849425, -0.00460721, 0.0689872, -0.00648308, 0.0362199, -0.000301624, 0.0671374, -0.00244498, 0.122077, -0.00129065, 0.0671374, -0.00244498, 0.138882, -0.00549331, 0.122012, -0.0152796, 0.0671374, -0.00244498, 0.0362199, -0.000301624, 0.0689872, -0.00648308, 0.0849425, -0.00460721, 0.10103, -0.00642017, 0.170576, -0.0128949, 0.10103, -0.00642017, 0.0671374, -0.00244498, 0.122012, -0.0152796, 0.138882, -0.00549331, 0.143628, -0.0172349, 0.0689872, -0.00648308, 0.0800479, 0.00243923, 0.0941445, -0.00830542, 0.134037, -0.00591291, 0.177013, -0.00864788, 0.0941445, -0.00830542, 0.122077, -0.00129065, 0.138882, -0.00549331, 0.145463, -0.014272, 0.138882, -0.00549331, 0.0482057, -0.00313232, 0.0849425, -0.00460721, 0.0941445, -0.00830542, 0.10103, -0.00642017, 0.0671374, -0.00244498, 0.10103, -0.00642017, 0.134037, -0.00591291, 0.10103, -0.00642017, 0.177013, -0.00864788, 0.170576, -0.0128949, 0.0849425, -0.00460721, 0.138882, -0.00549331, 0.143628, -0.0172349, 0.138882, -0.00549331, 0.122012, -0.0152796, 0.0849425, -0.00460721, 0.170576, -0.0128949, 0.177013, -0.00864788, 0.170576, -0.0128949, 0.122012, -0.0152796, 0.0689872, -0.00648308, 0.10103, -0.00642017, 0.0941445, -0.00830542, 0.0849425, -0.00460721, 0.0671374, -0.00244498, 0.0362199, -0.000301624, 0.0941445, -0.00830542, 0.0800479, 0.00243923, 0.0689872, -0.00648308, 0.0941445, -0.00830542, 0.0849425, -0.00460721, 0.0482057, -0.00313232, 0.145463, -0.014272, 0.138882, -0.00549331, 0.122077, -0.00129065, 0.0671374, -0.00244498, 0.0941445, -0.00830542, 0.177013, -0.00864788, 0.134037, -0.00591291, 0.10103, -0.00642017, 0.138882, -0.00549331, 0.0800479, 0.00243923, 0.134037, -0.00591291, 0.0800479, 0.00243923, 0.0689872, -0.00648308, 0.122077, -0.00129065, 0.0689872, -0.00648308, 0.0941445, -0.00830542, 0.10103, -0.00642017, 0.0689872, -0.00648308, 0.0362199, -0.000301624, 0.0671374, -0.00244498, 0.0849425, -0.00460721, 0.0482057, -0.00313232, ],[0.0355319, 0.0199629, 0.0764723, 0.0383929, 0.0547808, 0.0306272, 0.0287914, 0.0156402, 0.0574757, 0.0297811, 0.102236, 0.0582201, 0.0574757, 0.0297811, 0.124527, 0.0633784, 0.108548, 0.053018, 0.0574757, 0.0297811, 0.0287914, 0.0156402, 0.0547808, 0.0306272, 0.0764723, 0.0383929, 0.0895347, 0.0451499, 0.166435, 0.080124, 0.0895347, 0.0451499, 0.0574757, 0.0297811, 0.108548, 0.053018, 0.124527, 0.0633784, 0.12987, 0.0631836, 0.0547808, 0.0306272, 0.0705218, 0.0372818, 0.0787098, 0.0404601, 0.117946, 0.0641586, 0.16146, 0.083255, 0.0787098, 0.0404601, 0.102236, 0.0582201, 0.124527, 0.0633784, 0.133065, 0.0679865, 0.124527, 0.0633784, 0.0355319, 0.0199629, 0.0764723, 0.0383929, 0.0787098, 0.0404601, 0.0895347, 0.0451499, 0.0574757, 0.0297811, 0.0895347, 0.0451499, 0.117946, 0.0641586, 0.0895347, 0.0451499, 0.16146, 0.083255, 0.166435, 0.080124, 0.0764723, 0.0383929, 0.124527, 0.0633784, 0.12987, 0.0631836, 0.124527, 0.0633784, 0.108548, 0.053018, 0.0764723, 0.0383929, 0.166435, 0.080124, 0.16146, 0.083255, 0.166435, 0.080124, 0.108548, 0.053018, 0.0547808, 0.0306272, 0.0895347, 0.0451499, 0.0787098, 0.0404601, 0.0764723, 0.0383929, 0.0574757, 0.0297811, 0.0287914, 0.0156402, 0.0787098, 0.0404601, 0.0705218, 0.0372818, 0.0547808, 0.0306272, 0.0787098, 0.0404601, 0.0764723, 0.0383929, 0.0355319, 0.0199629, 0.133065, 0.0679865, 0.124527, 0.0633784, 0.102236, 0.0582201, 0.0574757, 0.0297811, 0.0787098, 0.0404601, 0.16146, 0.083255, 0.117946, 0.0641586, 0.0895347, 0.0451499, 0.124527, 0.0633784, 0.0705218, 0.0372818, 0.117946, 0.0641586, 0.0705218, 0.0372818, 0.0547808, 0.0306272, 0.102236, 0.0582201, 0.0547808, 0.0306272, 0.0787098, 0.0404601, 0.0895347, 0.0451499, 0.0547808, 0.0306272, 0.0287914, 0.0156402, 0.0574757, 0.0297811, 0.0764723, 0.0383929, 0.0355319, 0.0199629, ],]
