START_PARAMETERS
MAX_STEPS_MCDB =               32
MIN_STEPS_MCDB =               4
STEPS_CRUNCH_MCDB =            1
SWEEPS_MCDB =                  80
TOTAL_STEP_CHANGES =                  6
MCBB_SECONDARY =                  1
SWEEPS_MCBB_SECONDARY =                  150
NUMBER_OF_BANGS =                  6
GROUND_E =                -4.28713
INITIAL_E =               -4.0161
j_initial =               0.215
k_initial =               0.5
b_initial =               0
j_target =                0.443
k_target =                0.5
b_target =                0
init_target_dot_squared = 0.858037
init_state = [0.00311547, 0, 0.0334958, 0, 0.00513482, 0, 0.00105275, 0, 0.00791541, 0, 0.0247394, 0, 0.00791541, 0, 0.0404505, 0, 0.064071, 0, 0.00791541, 0, 0.00105275, 0, 0.00513482, 0, 0.0334958, 0, 0.0360685, 0, 0.447872, 0, 0.0360685, 0, 0.00791541, 0, 0.064071, 0, 0.0404505, 0, 0.0682717, 0, 0.00513482, 0, 0.00806609, 0, 0.0143699, 0, 0.0429681, 0, 0.176363, 0, 0.0143699, 0, 0.0247394, 0, 0.0404505, 0, 0.0354371, 0, 0.0404505, 0, 0.00311547, 0, 0.0334958, 0, 0.0143699, 0, 0.0360685, 0, 0.00791541, 0, 0.0360685, 0, 0.0429681, 0, 0.0360685, 0, 0.176363, 0, 0.447872, 0, 0.0334958, 0, 0.0404505, 0, 0.0682717, 0, 0.0404505, 0, 0.064071, 0, 0.0334958, 0, 0.447872, 0, 0.176363, 0, 0.447872, 0, 0.064071, 0, 0.00513482, 0, 0.0360685, 0, 0.0143699, 0, 0.0334958, 0, 0.00791541, 0, 0.00105275, 0, 0.0143699, 0, 0.00806609, 0, 0.00513482, 0, 0.0143699, 0, 0.0334958, 0, 0.00311547, 0, 0.0354371, 0, 0.0404505, 0, 0.0247394, 0, 0.00791541, 0, 0.0143699, 0, 0.176363, 0, 0.0429681, 0, 0.0360685, 0, 0.0404505, 0, 0.00806609, 0, 0.0429681, 0, 0.00806609, 0, 0.00513482, 0, 0.0247394, 0, 0.00513482, 0, 0.0143699, 0, 0.0360685, 0, 0.00513482, 0, 0.00105275, 0, 0.00791541, 0, 0.0334958, 0, 0.00311547, 0, ]
target_state = [0.0115598, 0, 0.0562147, 0, 0.0199707, 0, 0.00639077, 0, 0.0253788, 0, 0.0777231, 0, 0.0253788, 0, 0.100513, 0, 0.0974177, 0, 0.0253788, 0, 0.00639077, 0, 0.0199707, 0, 0.0562147, 0, 0.0651454, 0, 0.345488, 0, 0.0651454, 0, 0.0253788, 0, 0.0974177, 0, 0.100513, 0, 0.112945, 0, 0.0199707, 0, 0.032873, 0, 0.0411076, 0, 0.0979861, 0, 0.226657, 0, 0.0411076, 0, 0.0777231, 0, 0.100513, 0, 0.109724, 0, 0.100513, 0, 0.0115598, 0, 0.0562147, 0, 0.0411076, 0, 0.0651454, 0, 0.0253788, 0, 0.0651454, 0, 0.0979861, 0, 0.0651454, 0, 0.226657, 0, 0.345488, 0, 0.0562147, 0, 0.100513, 0, 0.112945, 0, 0.100513, 0, 0.0974177, 0, 0.0562147, 0, 0.345488, 0, 0.226657, 0, 0.345488, 0, 0.0974177, 0, 0.0199707, 0, 0.0651454, 0, 0.0411076, 0, 0.0562147, 0, 0.0253788, 0, 0.00639077, 0, 0.0411076, 0, 0.032873, 0, 0.0199707, 0, 0.0411076, 0, 0.0562147, 0, 0.0115598, 0, 0.109724, 0, 0.100513, 0, 0.0777231, 0, 0.0253788, 0, 0.0411076, 0, 0.226657, 0, 0.0979861, 0, 0.0651454, 0, 0.100513, 0, 0.032873, 0, 0.0979861, 0, 0.032873, 0, 0.0199707, 0, 0.0777231, 0, 0.0199707, 0, 0.0411076, 0, 0.0651454, 0, 0.0199707, 0, 0.00639077, 0, 0.0253788, 0, 0.0562147, 0, 0.0115598, 0, ]
USE_ENERGY_DISTANCE =     false
PERIODIC =                false
UNIFORM_SITES =           true
DEVICE_DIMENSION =        2
MAX_PARAM =               1
MIN_PARAM =               0
MIN_PARAM =               0
DIAG =                    true
NUM_SEEDS =               2
NUMBER_OF_BANGS =               6
DISTANCE_LIMIT =          0.02
TAU_INIT =                1
MAX_TAU =                 5
TAU_SCALAR =              1.3
TAU_SCALAR_TINY =         1.1
TAU_SCALAR_BIG =          1.5
ACCEPTANCE_PROB =         0.85
TEMP_EXP_DECAY =          0.8
MIN_TEMP_FRACTION =       0.01
TEMP_DECAY_ITERATIONS =   21
ZERO_TEMP_ITREATIONS =    15
RANDOM_STATES =           3
END_PARAMETERS
##############################################################################
clock_duration  =         254.963
tau =                     1
total_steps =             32
time_step =               0.03125
best_mc_result =          0.0304336
best_mc_result_non_secondary =          0.0361404
evolved_target_dot_squared =  0.969566
distance =          0.214377
j_protocol =  [[1, 1, 1, 0, 0, 1, 0, 0, 0, 0, 1, 1, 1, 1, 1, 1, 0, 0, 1, 1, 0, 1, 1, 1, 0, 0, 1, 1, 1, 1, 0, 0, ],[1, 1, 1, 0, 0, 1, 0, 0, 0, 1, 1, 1, 1, 1, 0, 0, 1, 1, 1, 0, 0, 0, 1, 1, 1, 1, 1, 1, 0, 0, 0, 0, ],]
k_protocol =  [[0, 0, 1, 1, 1, 1, 1, 1, 1, 1, 1, 1, 1, 1, 1, 1, 1, 1, 1, 1, 1, 1, 1, 1, 1, 1, 1, 0, 1, 1, 1, 1, ],[0, 1, 1, 1, 1, 1, 1, 1, 1, 1, 1, 1, 1, 1, 1, 1, 1, 1, 1, 1, 1, 1, 1, 1, 1, 1, 1, 0, 1, 1, 1, 1, ],]
j_protocol_secondary =  [0, 0.109436, 0.15331, 0.182811, 0.286308, 0.45733, 0.498059, 0.587259, 0.654121, 0.654121, 0.690483, 0.914711, ]
k_protocol_secondary =  [0.0215556, 0.03125, 0.03125, 0.372574, 0.372574, 0.843656, 0.843656, 0.853785, 0.853785, 0.876459, 0.876459, 1, ]
best_evolved_state = [0.00714787, 0.0114938, 0.0293769, 0.0349847, 0.00553045, 0.0144893, -0.00102899, 0.0107587, 0.00912645, 0.0230007, 0.0107147, 0.0793001, 0.00912645, 0.0230007, 0.0314699, 0.0660418, 0.0634985, 0.0628991, 0.00912645, 0.0230007, -0.00102899, 0.0107587, 0.00553045, 0.0144893, 0.0293769, 0.0349847, 0.0354747, 0.042366, 0.227267, 0.276512, 0.0354747, 0.042366, 0.00912645, 0.0230007, 0.0634985, 0.0628991, 0.0314699, 0.0660418, 0.0839131, 0.0695167, 0.00553045, 0.0144893, 0.00745095, 0.0218329, 0.0247447, 0.0342984, 0.0477126, 0.0807268, 0.140494, 0.197954, 0.0247447, 0.0342984, 0.0107147, 0.0793001, 0.0314699, 0.0660418, 0.0131037, 0.115405, 0.0314699, 0.0660418, 0.00714787, 0.0114938, 0.0293769, 0.0349847, 0.0247447, 0.0342984, 0.0354747, 0.042366, 0.00912645, 0.0230007, 0.0354747, 0.042366, 0.0477126, 0.0807268, 0.0354747, 0.042366, 0.140494, 0.197954, 0.227267, 0.276512, 0.0293769, 0.0349847, 0.0314699, 0.0660418, 0.0839131, 0.0695167, 0.0314699, 0.0660418, 0.0634985, 0.0628991, 0.0293769, 0.0349847, 0.227267, 0.276512, 0.140494, 0.197954, 0.227267, 0.276512, 0.0634985, 0.0628991, 0.00553045, 0.0144893, 0.0354747, 0.042366, 0.0247447, 0.0342984, 0.0293769, 0.0349847, 0.00912645, 0.0230007, -0.00102899, 0.0107587, 0.0247447, 0.0342984, 0.00745095, 0.0218329, 0.00553045, 0.0144893, 0.0247447, 0.0342984, 0.0293769, 0.0349847, 0.00714787, 0.0114938, 0.0131037, 0.115405, 0.0314699, 0.0660418, 0.0107147, 0.0793001, 0.00912645, 0.0230007, 0.0247447, 0.0342984, 0.140494, 0.197954, 0.0477126, 0.0807268, 0.0354747, 0.042366, 0.0314699, 0.0660418, 0.00745095, 0.0218329, 0.0477126, 0.0807268, 0.00745095, 0.0218329, 0.00553045, 0.0144893, 0.0107147, 0.0793001, 0.00553045, 0.0144893, 0.0247447, 0.0342984, 0.0354747, 0.042366, 0.00553045, 0.0144893, -0.00102899, 0.0107587, 0.00912645, 0.0230007, 0.0293769, 0.0349847, 0.00714787, 0.0114938, ]
best_mc_result_fixed_tau =   [0.0389279, 0.0361404, ]
evolved_state_fixed_tau =   [[0.00717335, 0.00638838, 0.0435998, 0.0194642, 0.0117487, 0.0118986, 0.00119721, 0.0137865, 0.0215878, 0.0205604, 0.0343187, 0.0631426, 0.0215878, 0.0205604, 0.0564345, 0.0558093, 0.0875867, 0.026149, 0.0215878, 0.0205604, 0.00119721, 0.0137865, 0.0117487, 0.0118986, 0.0435998, 0.0194642, 0.0507457, 0.0242168, 0.331639, 0.136343, 0.0507457, 0.0242168, 0.0215878, 0.0205604, 0.0875867, 0.026149, 0.0564345, 0.0558093, 0.108077, 0.0254237, 0.0117487, 0.0118986, 0.0139046, 0.0222846, 0.0367838, 0.0201192, 0.0744073, 0.0576996, 0.208754, 0.115329, 0.0367838, 0.0201192, 0.0343187, 0.0631426, 0.0564345, 0.0558093, 0.0487075, 0.0949098, 0.0564345, 0.0558093, 0.00717335, 0.00638838, 0.0435998, 0.0194642, 0.0367838, 0.0201192, 0.0507457, 0.0242168, 0.0215878, 0.0205604, 0.0507457, 0.0242168, 0.0744073, 0.0576996, 0.0507457, 0.0242168, 0.208754, 0.115329, 0.331639, 0.136343, 0.0435998, 0.0194642, 0.0564345, 0.0558093, 0.108077, 0.0254237, 0.0564345, 0.0558093, 0.0875867, 0.026149, 0.0435998, 0.0194642, 0.331639, 0.136343, 0.208754, 0.115329, 0.331639, 0.136343, 0.0875867, 0.026149, 0.0117487, 0.0118986, 0.0507457, 0.0242168, 0.0367838, 0.0201192, 0.0435998, 0.0194642, 0.0215878, 0.0205604, 0.00119721, 0.0137865, 0.0367838, 0.0201192, 0.0139046, 0.0222846, 0.0117487, 0.0118986, 0.0367838, 0.0201192, 0.0435998, 0.0194642, 0.00717335, 0.00638838, 0.0487075, 0.0949098, 0.0564345, 0.0558093, 0.0343187, 0.0631426, 0.0215878, 0.0205604, 0.0367838, 0.0201192, 0.208754, 0.115329, 0.0744073, 0.0576996, 0.0507457, 0.0242168, 0.0564345, 0.0558093, 0.0139046, 0.0222846, 0.0744073, 0.0576996, 0.0139046, 0.0222846, 0.0117487, 0.0118986, 0.0343187, 0.0631426, 0.0117487, 0.0118986, 0.0367838, 0.0201192, 0.0507457, 0.0242168, 0.0117487, 0.0118986, 0.00119721, 0.0137865, 0.0215878, 0.0205604, 0.0435998, 0.0194642, 0.00717335, 0.00638838, ],[0.00965272, 0.00473673, 0.0430527, 0.0148948, 0.0105766, 0.00865394, 0.000331381, 0.00797006, 0.0151791, 0.0150165, 0.0352468, 0.0579002, 0.0151791, 0.0150165, 0.0549004, 0.0383755, 0.0872991, 0.0248945, 0.0151791, 0.0150165, 0.000331381, 0.00797006, 0.0105766, 0.00865394, 0.0430527, 0.0148948, 0.0507737, 0.0185449, 0.334561, 0.165412, 0.0507737, 0.0185449, 0.0151791, 0.0150165, 0.0872991, 0.0248945, 0.0549004, 0.0383755, 0.10791, 0.0262248, 0.0105766, 0.00865394, 0.0142484, 0.0121953, 0.0345321, 0.0173108, 0.071348, 0.0473733, 0.204223, 0.118757, 0.0345321, 0.0173108, 0.0352468, 0.0579002, 0.0549004, 0.0383755, 0.0483114, 0.0851484, 0.0549004, 0.0383755, 0.00965272, 0.00473673, 0.0430527, 0.0148948, 0.0345321, 0.0173108, 0.0507737, 0.0185449, 0.0151791, 0.0150165, 0.0507737, 0.0185449, 0.071348, 0.0473733, 0.0507737, 0.0185449, 0.204223, 0.118757, 0.334561, 0.165412, 0.0430527, 0.0148948, 0.0549004, 0.0383755, 0.10791, 0.0262248, 0.0549004, 0.0383755, 0.0872991, 0.0248945, 0.0430527, 0.0148948, 0.334561, 0.165412, 0.204223, 0.118757, 0.334561, 0.165412, 0.0872991, 0.0248945, 0.0105766, 0.00865394, 0.0507737, 0.0185449, 0.0345321, 0.0173108, 0.0430527, 0.0148948, 0.0151791, 0.0150165, 0.000331381, 0.00797006, 0.0345321, 0.0173108, 0.0142484, 0.0121953, 0.0105766, 0.00865394, 0.0345321, 0.0173108, 0.0430527, 0.0148948, 0.00965272, 0.00473673, 0.0483114, 0.0851484, 0.0549004, 0.0383755, 0.0352468, 0.0579002, 0.0151791, 0.0150165, 0.0345321, 0.0173108, 0.204223, 0.118757, 0.071348, 0.0473733, 0.0507737, 0.0185449, 0.0549004, 0.0383755, 0.0142484, 0.0121953, 0.071348, 0.0473733, 0.0142484, 0.0121953, 0.0105766, 0.00865394, 0.0352468, 0.0579002, 0.0105766, 0.00865394, 0.0345321, 0.0173108, 0.0507737, 0.0185449, 0.0105766, 0.00865394, 0.000331381, 0.00797006, 0.0151791, 0.0150165, 0.0430527, 0.0148948, 0.00965272, 0.00473673, ],]
##############################################################################
clock_duration  =         893.419
tau =                     1.075
total_steps =             32
time_step =               0.040625
best_mc_result =          0.0234363
best_mc_result_non_secondary =          0
evolved_target_dot_squared =  0.976564
distance =          0.165087
j_protocol =  [[0, 0, 0, 0, 0, 0, 0, 0, 0, 0, 0, 0, 0, 0, 0, 0, 0, 0, 0, 0, 0, 0, 0, 0, 0, 0, 0, 0, 0, 0, 0, 0, ],[0, 0, 0, 0, 0, 0, 0, 0, 0, 0, 0, 0, 0, 0, 0, 0, 0, 0, 0, 0, 0, 0, 0, 0, 0, 0, 0, 0, 0, 0, 0, 0, ],]
k_protocol =  [[0, 0, 0, 0, 0, 0, 0, 0, 0, 0, 0, 0, 0, 0, 0, 0, 0, 0, 0, 0, 0, 0, 0, 0, 0, 0, 0, 0, 0, 0, 0, 0, ],[0, 0, 0, 0, 0, 0, 0, 0, 0, 0, 0, 0, 0, 0, 0, 0, 0, 0, 0, 0, 0, 0, 0, 0, 0, 0, 0, 0, 0, 0, 0, 0, ],]
j_protocol_secondary =  [0, 0.1266, 0.225979, 0.274545, 0.342657, 0.578848, 0.69988, 0.72399, 0.747592, 0.985014, 1.075, 1.075, ]
k_protocol_secondary =  [0.0209459, 0.208861, 0.208861, 0.233029, 0.233029, 0.494515, 0.494515, 0.624685, 0.624685, 0.774977, 0.774977, 1.075, ]
best_evolved_state = [0.00177363, 0.0177105, 0.00392535, 0.0480351, -0.00324573, 0.0160274, 0.000524855, 0.0133404, 0.00163662, 0.0249497, -0.0275181, 0.0777452, 0.00163662, 0.0249497, -0.0103345, 0.0766703, 0.0166258, 0.0883877, 0.00163662, 0.0249497, 0.000524855, 0.0133404, -0.00324573, 0.0160274, 0.00392535, 0.0480351, 0.00576698, 0.0574124, 0.045594, 0.349967, 0.00576698, 0.0574124, 0.00163662, 0.0249497, 0.0166258, 0.0883877, -0.0103345, 0.0766703, 0.0313974, 0.0948909, -0.00324573, 0.0160274, -0.00509183, 0.0264371, 0.0046606, 0.0413191, 0.00180426, 0.0952462, 0.0240066, 0.242841, 0.0046606, 0.0413191, -0.0275181, 0.0777452, -0.0103345, 0.0766703, -0.0397657, 0.1132, -0.0103345, 0.0766703, 0.00177363, 0.0177105, 0.00392535, 0.0480351, 0.0046606, 0.0413191, 0.00576698, 0.0574124, 0.00163662, 0.0249497, 0.00576698, 0.0574124, 0.00180426, 0.0952462, 0.00576698, 0.0574124, 0.0240066, 0.242841, 0.045594, 0.349967, 0.00392535, 0.0480351, -0.0103345, 0.0766703, 0.0313974, 0.0948909, -0.0103345, 0.0766703, 0.0166258, 0.0883877, 0.00392535, 0.0480351, 0.045594, 0.349967, 0.0240066, 0.242841, 0.045594, 0.349967, 0.0166258, 0.0883877, -0.00324573, 0.0160274, 0.00576698, 0.0574124, 0.0046606, 0.0413191, 0.00392535, 0.0480351, 0.00163662, 0.0249497, 0.000524855, 0.0133404, 0.0046606, 0.0413191, -0.00509183, 0.0264371, -0.00324573, 0.0160274, 0.0046606, 0.0413191, 0.00392535, 0.0480351, 0.00177363, 0.0177105, -0.0397657, 0.1132, -0.0103345, 0.0766703, -0.0275181, 0.0777452, 0.00163662, 0.0249497, 0.0046606, 0.0413191, 0.0240066, 0.242841, 0.00180426, 0.0952462, 0.00576698, 0.0574124, -0.0103345, 0.0766703, -0.00509183, 0.0264371, 0.00180426, 0.0952462, -0.00509183, 0.0264371, -0.00324573, 0.0160274, -0.0275181, 0.0777452, -0.00324573, 0.0160274, 0.0046606, 0.0413191, 0.00576698, 0.0574124, -0.00324573, 0.0160274, 0.000524855, 0.0133404, 0.00163662, 0.0249497, 0.00392535, 0.0480351, 0.00177363, 0.0177105, ]
best_mc_result_fixed_tau =   [0.0166375, 0.0197873, ]
evolved_state_fixed_tau =   [[-0.00205656, 0.025546, -0.0357866, 0.043138, -0.0151153, 0.0111742, 0.00777897, 0.0113318, -0.0083069, 0.0148823, -0.0650663, 0.0486956, -0.0083069, 0.0148823, -0.058472, 0.0486977, -0.0601692, 0.085635, -0.0083069, 0.0148823, 0.00777897, 0.0113318, -0.0151153, 0.0111742, -0.0357866, 0.043138, -0.0389419, 0.0523697, -0.214519, 0.270363, -0.0389419, 0.0523697, -0.0083069, 0.0148823, -0.0601692, 0.085635, -0.058472, 0.0486977, -0.0527904, 0.0841259, -0.0151153, 0.0111742, -0.0177146, 0.0191044, -0.0268663, 0.0369436, -0.0578498, 0.0739869, -0.139574, 0.200979, -0.0268663, 0.0369436, -0.0650663, 0.0486956, -0.058472, 0.0486977, -0.087301, 0.0710254, -0.058472, 0.0486977, -0.00205656, 0.025546, -0.0357866, 0.043138, -0.0268663, 0.0369436, -0.0389419, 0.0523697, -0.0083069, 0.0148823, -0.0389419, 0.0523697, -0.0578498, 0.0739869, -0.0389419, 0.0523697, -0.139574, 0.200979, -0.214519, 0.270363, -0.0357866, 0.043138, -0.058472, 0.0486977, -0.0527904, 0.0841259, -0.058472, 0.0486977, -0.0601692, 0.085635, -0.0357866, 0.043138, -0.214519, 0.270363, -0.139574, 0.200979, -0.214519, 0.270363, -0.0601692, 0.085635, -0.0151153, 0.0111742, -0.0389419, 0.0523697, -0.0268663, 0.0369436, -0.0357866, 0.043138, -0.0083069, 0.0148823, 0.00777897, 0.0113318, -0.0268663, 0.0369436, -0.0177146, 0.0191044, -0.0151153, 0.0111742, -0.0268663, 0.0369436, -0.0357866, 0.043138, -0.00205656, 0.025546, -0.087301, 0.0710254, -0.058472, 0.0486977, -0.0650663, 0.0486956, -0.0083069, 0.0148823, -0.0268663, 0.0369436, -0.139574, 0.200979, -0.0578498, 0.0739869, -0.0389419, 0.0523697, -0.058472, 0.0486977, -0.0177146, 0.0191044, -0.0578498, 0.0739869, -0.0177146, 0.0191044, -0.0151153, 0.0111742, -0.0650663, 0.0486956, -0.0151153, 0.0111742, -0.0268663, 0.0369436, -0.0389419, 0.0523697, -0.0151153, 0.0111742, 0.00777897, 0.0113318, -0.0083069, 0.0148823, -0.0357866, 0.043138, -0.00205656, 0.025546, ],[-0.00205656, 0.025546, -0.0357866, 0.043138, -0.0151153, 0.0111742, 0.00777897, 0.0113318, -0.0083069, 0.0148823, -0.0650663, 0.0486956, -0.0083069, 0.0148823, -0.058472, 0.0486977, -0.0601692, 0.085635, -0.0083069, 0.0148823, 0.00777897, 0.0113318, -0.0151153, 0.0111742, -0.0357866, 0.043138, -0.0389419, 0.0523697, -0.214519, 0.270363, -0.0389419, 0.0523697, -0.0083069, 0.0148823, -0.0601692, 0.085635, -0.058472, 0.0486977, -0.0527904, 0.0841259, -0.0151153, 0.0111742, -0.0177146, 0.0191044, -0.0268663, 0.0369436, -0.0578498, 0.0739869, -0.139574, 0.200979, -0.0268663, 0.0369436, -0.0650663, 0.0486956, -0.058472, 0.0486977, -0.087301, 0.0710254, -0.058472, 0.0486977, -0.00205656, 0.025546, -0.0357866, 0.043138, -0.0268663, 0.0369436, -0.0389419, 0.0523697, -0.0083069, 0.0148823, -0.0389419, 0.0523697, -0.0578498, 0.0739869, -0.0389419, 0.0523697, -0.139574, 0.200979, -0.214519, 0.270363, -0.0357866, 0.043138, -0.058472, 0.0486977, -0.0527904, 0.0841259, -0.058472, 0.0486977, -0.0601692, 0.085635, -0.0357866, 0.043138, -0.214519, 0.270363, -0.139574, 0.200979, -0.214519, 0.270363, -0.0601692, 0.085635, -0.0151153, 0.0111742, -0.0389419, 0.0523697, -0.0268663, 0.0369436, -0.0357866, 0.043138, -0.0083069, 0.0148823, 0.00777897, 0.0113318, -0.0268663, 0.0369436, -0.0177146, 0.0191044, -0.0151153, 0.0111742, -0.0268663, 0.0369436, -0.0357866, 0.043138, -0.00205656, 0.025546, -0.087301, 0.0710254, -0.058472, 0.0486977, -0.0650663, 0.0486956, -0.0083069, 0.0148823, -0.0268663, 0.0369436, -0.139574, 0.200979, -0.0578498, 0.0739869, -0.0389419, 0.0523697, -0.058472, 0.0486977, -0.0177146, 0.0191044, -0.0578498, 0.0739869, -0.0177146, 0.0191044, -0.0151153, 0.0111742, -0.0650663, 0.0486956, -0.0151153, 0.0111742, -0.0268663, 0.0369436, -0.0389419, 0.0523697, -0.0151153, 0.0111742, 0.00777897, 0.0113318, -0.0083069, 0.0148823, -0.0357866, 0.043138, -0.00205656, 0.025546, ],]
##############################################################################
clock_duration  =         1074.48
tau =                     1.1125
total_steps =             32
time_step =               0.040625
best_mc_result =          0.0202168
best_mc_result_non_secondary =          0
evolved_target_dot_squared =  0.979783
distance =          0.142409
j_protocol =  [[0, 0, 0, 0, 0, 0, 0, 0, 0, 0, 0, 0, 0, 0, 0, 0, 0, 0, 0, 0, 0, 0, 0, 0, 0, 0, 0, 0, 0, 0, 0, 0, ],[0, 0, 0, 0, 0, 0, 0, 0, 0, 0, 0, 0, 0, 0, 0, 0, 0, 0, 0, 0, 0, 0, 0, 0, 0, 0, 0, 0, 0, 0, 0, 0, ],]
k_protocol =  [[0, 0, 0, 0, 0, 0, 0, 0, 0, 0, 0, 0, 0, 0, 0, 0, 0, 0, 0, 0, 0, 0, 0, 0, 0, 0, 0, 0, 0, 0, 0, 0, ],[0, 0, 0, 0, 0, 0, 0, 0, 0, 0, 0, 0, 0, 0, 0, 0, 0, 0, 0, 0, 0, 0, 0, 0, 0, 0, 0, 0, 0, 0, 0, 0, ],]
j_protocol_secondary =  [0, 0.131157, 0.234776, 0.284243, 0.352304, 0.596849, 0.723759, 0.748951, 0.773333, 1.01912, 1.1125, 1.1125, ]
k_protocol_secondary =  [0.020542, 0.216147, 0.216147, 0.241158, 0.241158, 0.511766, 0.511766, 0.646477, 0.646477, 0.802011, 0.802011, 1.1125, ]
best_evolved_state = [-0.00128069, 0.0196419, -0.0101679, 0.0490432, -0.00778977, 0.0152226, 0.00157477, 0.0140384, -0.00223679, 0.0237573, -0.0452663, 0.0701603, -0.00223679, 0.0237573, -0.0312095, 0.0730623, -0.00991173, 0.090986, -0.00223679, 0.0237573, 0.00157477, 0.0140384, -0.00778977, 0.0152226, -0.0101679, 0.0490432, -0.010589, 0.0585541, -0.0512585, 0.346942, -0.010589, 0.0585541, -0.00223679, 0.0237573, -0.00991173, 0.090986, -0.0312095, 0.0730623, 0.00194635, 0.0959218, -0.00778977, 0.0152226, -0.0112663, 0.0261223, -0.00633048, 0.0407619, -0.021953, 0.0929874, -0.0377592, 0.240702, -0.00633048, 0.0407619, -0.0452663, 0.0701603, -0.0312095, 0.0730623, -0.0640473, 0.102608, -0.0312095, 0.0730623, -0.00128069, 0.0196419, -0.0101679, 0.0490432, -0.00633048, 0.0407619, -0.010589, 0.0585541, -0.00223679, 0.0237573, -0.010589, 0.0585541, -0.021953, 0.0929874, -0.010589, 0.0585541, -0.0377592, 0.240702, -0.0512585, 0.346942, -0.0101679, 0.0490432, -0.0312095, 0.0730623, 0.00194635, 0.0959218, -0.0312095, 0.0730623, -0.00991173, 0.090986, -0.0101679, 0.0490432, -0.0512585, 0.346942, -0.0377592, 0.240702, -0.0512585, 0.346942, -0.00991173, 0.090986, -0.00778977, 0.0152226, -0.010589, 0.0585541, -0.00633048, 0.0407619, -0.0101679, 0.0490432, -0.00223679, 0.0237573, 0.00157477, 0.0140384, -0.00633048, 0.0407619, -0.0112663, 0.0261223, -0.00778977, 0.0152226, -0.00633048, 0.0407619, -0.0101679, 0.0490432, -0.00128069, 0.0196419, -0.0640473, 0.102608, -0.0312095, 0.0730623, -0.0452663, 0.0701603, -0.00223679, 0.0237573, -0.00633048, 0.0407619, -0.0377592, 0.240702, -0.021953, 0.0929874, -0.010589, 0.0585541, -0.0312095, 0.0730623, -0.0112663, 0.0261223, -0.021953, 0.0929874, -0.0112663, 0.0261223, -0.00778977, 0.0152226, -0.0452663, 0.0701603, -0.00778977, 0.0152226, -0.00633048, 0.0407619, -0.010589, 0.0585541, -0.00778977, 0.0152226, 0.00157477, 0.0140384, -0.00223679, 0.0237573, -0.0101679, 0.0490432, -0.00128069, 0.0196419, ]
best_mc_result_fixed_tau =   [0.0166375, 0.0197873, ]
evolved_state_fixed_tau =   [[-0.00205656, 0.025546, -0.0357866, 0.043138, -0.0151153, 0.0111742, 0.00777897, 0.0113318, -0.0083069, 0.0148823, -0.0650663, 0.0486956, -0.0083069, 0.0148823, -0.058472, 0.0486977, -0.0601692, 0.085635, -0.0083069, 0.0148823, 0.00777897, 0.0113318, -0.0151153, 0.0111742, -0.0357866, 0.043138, -0.0389419, 0.0523697, -0.214519, 0.270363, -0.0389419, 0.0523697, -0.0083069, 0.0148823, -0.0601692, 0.085635, -0.058472, 0.0486977, -0.0527904, 0.0841259, -0.0151153, 0.0111742, -0.0177146, 0.0191044, -0.0268663, 0.0369436, -0.0578498, 0.0739869, -0.139574, 0.200979, -0.0268663, 0.0369436, -0.0650663, 0.0486956, -0.058472, 0.0486977, -0.087301, 0.0710254, -0.058472, 0.0486977, -0.00205656, 0.025546, -0.0357866, 0.043138, -0.0268663, 0.0369436, -0.0389419, 0.0523697, -0.0083069, 0.0148823, -0.0389419, 0.0523697, -0.0578498, 0.0739869, -0.0389419, 0.0523697, -0.139574, 0.200979, -0.214519, 0.270363, -0.0357866, 0.043138, -0.058472, 0.0486977, -0.0527904, 0.0841259, -0.058472, 0.0486977, -0.0601692, 0.085635, -0.0357866, 0.043138, -0.214519, 0.270363, -0.139574, 0.200979, -0.214519, 0.270363, -0.0601692, 0.085635, -0.0151153, 0.0111742, -0.0389419, 0.0523697, -0.0268663, 0.0369436, -0.0357866, 0.043138, -0.0083069, 0.0148823, 0.00777897, 0.0113318, -0.0268663, 0.0369436, -0.0177146, 0.0191044, -0.0151153, 0.0111742, -0.0268663, 0.0369436, -0.0357866, 0.043138, -0.00205656, 0.025546, -0.087301, 0.0710254, -0.058472, 0.0486977, -0.0650663, 0.0486956, -0.0083069, 0.0148823, -0.0268663, 0.0369436, -0.139574, 0.200979, -0.0578498, 0.0739869, -0.0389419, 0.0523697, -0.058472, 0.0486977, -0.0177146, 0.0191044, -0.0578498, 0.0739869, -0.0177146, 0.0191044, -0.0151153, 0.0111742, -0.0650663, 0.0486956, -0.0151153, 0.0111742, -0.0268663, 0.0369436, -0.0389419, 0.0523697, -0.0151153, 0.0111742, 0.00777897, 0.0113318, -0.0083069, 0.0148823, -0.0357866, 0.043138, -0.00205656, 0.025546, ],[-0.00205656, 0.025546, -0.0357866, 0.043138, -0.0151153, 0.0111742, 0.00777897, 0.0113318, -0.0083069, 0.0148823, -0.0650663, 0.0486956, -0.0083069, 0.0148823, -0.058472, 0.0486977, -0.0601692, 0.085635, -0.0083069, 0.0148823, 0.00777897, 0.0113318, -0.0151153, 0.0111742, -0.0357866, 0.043138, -0.0389419, 0.0523697, -0.214519, 0.270363, -0.0389419, 0.0523697, -0.0083069, 0.0148823, -0.0601692, 0.085635, -0.058472, 0.0486977, -0.0527904, 0.0841259, -0.0151153, 0.0111742, -0.0177146, 0.0191044, -0.0268663, 0.0369436, -0.0578498, 0.0739869, -0.139574, 0.200979, -0.0268663, 0.0369436, -0.0650663, 0.0486956, -0.058472, 0.0486977, -0.087301, 0.0710254, -0.058472, 0.0486977, -0.00205656, 0.025546, -0.0357866, 0.043138, -0.0268663, 0.0369436, -0.0389419, 0.0523697, -0.0083069, 0.0148823, -0.0389419, 0.0523697, -0.0578498, 0.0739869, -0.0389419, 0.0523697, -0.139574, 0.200979, -0.214519, 0.270363, -0.0357866, 0.043138, -0.058472, 0.0486977, -0.0527904, 0.0841259, -0.058472, 0.0486977, -0.0601692, 0.085635, -0.0357866, 0.043138, -0.214519, 0.270363, -0.139574, 0.200979, -0.214519, 0.270363, -0.0601692, 0.085635, -0.0151153, 0.0111742, -0.0389419, 0.0523697, -0.0268663, 0.0369436, -0.0357866, 0.043138, -0.0083069, 0.0148823, 0.00777897, 0.0113318, -0.0268663, 0.0369436, -0.0177146, 0.0191044, -0.0151153, 0.0111742, -0.0268663, 0.0369436, -0.0357866, 0.043138, -0.00205656, 0.025546, -0.087301, 0.0710254, -0.058472, 0.0486977, -0.0650663, 0.0486956, -0.0083069, 0.0148823, -0.0268663, 0.0369436, -0.139574, 0.200979, -0.0578498, 0.0739869, -0.0389419, 0.0523697, -0.058472, 0.0486977, -0.0177146, 0.0191044, -0.0578498, 0.0739869, -0.0177146, 0.0191044, -0.0151153, 0.0111742, -0.0650663, 0.0486956, -0.0151153, 0.0111742, -0.0268663, 0.0369436, -0.0389419, 0.0523697, -0.0151153, 0.0111742, 0.00777897, 0.0113318, -0.0083069, 0.0148823, -0.0357866, 0.043138, -0.00205656, 0.025546, ],]
##############################################################################
clock_duration  =         1626.51
tau =                     1.11719
total_steps =             32
time_step =               0.040625
best_mc_result =          0.0198306
best_mc_result_non_secondary =          0
evolved_target_dot_squared =  0.980169
distance =          0.139688
j_protocol =  [[0, 0, 0, 0, 0, 0, 0, 0, 0, 0, 0, 0, 0, 0, 0, 0, 0, 0, 0, 0, 0, 0, 0, 0, 0, 0, 0, 0, 0, 0, 0, 0, ],[0, 0, 0, 0, 0, 0, 0, 0, 0, 0, 0, 0, 0, 0, 0, 0, 0, 0, 0, 0, 0, 0, 0, 0, 0, 0, 0, 0, 0, 0, 0, 0, ],]
k_protocol =  [[0, 0, 0, 0, 0, 0, 0, 0, 0, 0, 0, 0, 0, 0, 0, 0, 0, 0, 0, 0, 0, 0, 0, 0, 0, 0, 0, 0, 0, 0, 0, 0, ],[0, 0, 0, 0, 0, 0, 0, 0, 0, 0, 0, 0, 0, 0, 0, 0, 0, 0, 0, 0, 0, 0, 0, 0, 0, 0, 0, 0, 0, 0, 0, 0, ],]
j_protocol_secondary =  [0, 0.132087, 0.2372, 0.285592, 0.352495, 0.598683, 0.726629, 0.751331, 0.775679, 1.02328, 1.11719, 1.11719, ]
k_protocol_secondary =  [0.0208153, 0.217058, 0.217058, 0.242174, 0.242174, 0.513922, 0.513922, 0.649201, 0.649201, 0.80539, 0.80539, 1.11719, ]
best_evolved_state = [-0.00159398, 0.0199018, -0.0118309, 0.048945, -0.00832929, 0.0150632, 0.00183802, 0.0140912, -0.00262242, 0.0234432, -0.0472303, 0.0690481, -0.00262242, 0.0234432, -0.0334997, 0.0723174, -0.0131184, 0.0908799, -0.00262242, 0.0234432, 0.00183802, 0.0140912, -0.00832929, 0.0150632, -0.0118309, 0.048945, -0.012511, 0.0584567, -0.0622791, 0.344779, -0.012511, 0.0584567, -0.00262242, 0.0234432, -0.0131184, 0.0908799, -0.0334997, 0.0723174, -0.00164327, 0.0955051, -0.00832929, 0.0150632, -0.0119036, 0.0260334, -0.00766819, 0.0405167, -0.0246279, 0.09238, -0.04476, 0.239451, -0.00766819, 0.0405167, -0.0472303, 0.0690481, -0.0334997, 0.0723174, -0.066669, 0.101043, -0.0334997, 0.0723174, -0.00159398, 0.0199018, -0.0118309, 0.048945, -0.00766819, 0.0405167, -0.012511, 0.0584567, -0.00262242, 0.0234432, -0.012511, 0.0584567, -0.0246279, 0.09238, -0.012511, 0.0584567, -0.04476, 0.239451, -0.0622791, 0.344779, -0.0118309, 0.048945, -0.0334997, 0.0723174, -0.00164327, 0.0955051, -0.0334997, 0.0723174, -0.0131184, 0.0908799, -0.0118309, 0.048945, -0.0622791, 0.344779, -0.04476, 0.239451, -0.0622791, 0.344779, -0.0131184, 0.0908799, -0.00832929, 0.0150632, -0.012511, 0.0584567, -0.00766819, 0.0405167, -0.0118309, 0.048945, -0.00262242, 0.0234432, 0.00183802, 0.0140912, -0.00766819, 0.0405167, -0.0119036, 0.0260334, -0.00832929, 0.0150632, -0.00766819, 0.0405167, -0.0118309, 0.048945, -0.00159398, 0.0199018, -0.066669, 0.101043, -0.0334997, 0.0723174, -0.0472303, 0.0690481, -0.00262242, 0.0234432, -0.00766819, 0.0405167, -0.04476, 0.239451, -0.0246279, 0.09238, -0.012511, 0.0584567, -0.0334997, 0.0723174, -0.0119036, 0.0260334, -0.0246279, 0.09238, -0.0119036, 0.0260334, -0.00832929, 0.0150632, -0.0472303, 0.0690481, -0.00832929, 0.0150632, -0.00766819, 0.0405167, -0.012511, 0.0584567, -0.00832929, 0.0150632, 0.00183802, 0.0140912, -0.00262242, 0.0234432, -0.0118309, 0.048945, -0.00159398, 0.0199018, ]
best_mc_result_fixed_tau =   [0.0166375, 0.0197873, ]
evolved_state_fixed_tau =   [[-0.00205656, 0.025546, -0.0357866, 0.043138, -0.0151153, 0.0111742, 0.00777897, 0.0113318, -0.0083069, 0.0148823, -0.0650663, 0.0486956, -0.0083069, 0.0148823, -0.058472, 0.0486977, -0.0601692, 0.085635, -0.0083069, 0.0148823, 0.00777897, 0.0113318, -0.0151153, 0.0111742, -0.0357866, 0.043138, -0.0389419, 0.0523697, -0.214519, 0.270363, -0.0389419, 0.0523697, -0.0083069, 0.0148823, -0.0601692, 0.085635, -0.058472, 0.0486977, -0.0527904, 0.0841259, -0.0151153, 0.0111742, -0.0177146, 0.0191044, -0.0268663, 0.0369436, -0.0578498, 0.0739869, -0.139574, 0.200979, -0.0268663, 0.0369436, -0.0650663, 0.0486956, -0.058472, 0.0486977, -0.087301, 0.0710254, -0.058472, 0.0486977, -0.00205656, 0.025546, -0.0357866, 0.043138, -0.0268663, 0.0369436, -0.0389419, 0.0523697, -0.0083069, 0.0148823, -0.0389419, 0.0523697, -0.0578498, 0.0739869, -0.0389419, 0.0523697, -0.139574, 0.200979, -0.214519, 0.270363, -0.0357866, 0.043138, -0.058472, 0.0486977, -0.0527904, 0.0841259, -0.058472, 0.0486977, -0.0601692, 0.085635, -0.0357866, 0.043138, -0.214519, 0.270363, -0.139574, 0.200979, -0.214519, 0.270363, -0.0601692, 0.085635, -0.0151153, 0.0111742, -0.0389419, 0.0523697, -0.0268663, 0.0369436, -0.0357866, 0.043138, -0.0083069, 0.0148823, 0.00777897, 0.0113318, -0.0268663, 0.0369436, -0.0177146, 0.0191044, -0.0151153, 0.0111742, -0.0268663, 0.0369436, -0.0357866, 0.043138, -0.00205656, 0.025546, -0.087301, 0.0710254, -0.058472, 0.0486977, -0.0650663, 0.0486956, -0.0083069, 0.0148823, -0.0268663, 0.0369436, -0.139574, 0.200979, -0.0578498, 0.0739869, -0.0389419, 0.0523697, -0.058472, 0.0486977, -0.0177146, 0.0191044, -0.0578498, 0.0739869, -0.0177146, 0.0191044, -0.0151153, 0.0111742, -0.0650663, 0.0486956, -0.0151153, 0.0111742, -0.0268663, 0.0369436, -0.0389419, 0.0523697, -0.0151153, 0.0111742, 0.00777897, 0.0113318, -0.0083069, 0.0148823, -0.0357866, 0.043138, -0.00205656, 0.025546, ],[-0.00205656, 0.025546, -0.0357866, 0.043138, -0.0151153, 0.0111742, 0.00777897, 0.0113318, -0.0083069, 0.0148823, -0.0650663, 0.0486956, -0.0083069, 0.0148823, -0.058472, 0.0486977, -0.0601692, 0.085635, -0.0083069, 0.0148823, 0.00777897, 0.0113318, -0.0151153, 0.0111742, -0.0357866, 0.043138, -0.0389419, 0.0523697, -0.214519, 0.270363, -0.0389419, 0.0523697, -0.0083069, 0.0148823, -0.0601692, 0.085635, -0.058472, 0.0486977, -0.0527904, 0.0841259, -0.0151153, 0.0111742, -0.0177146, 0.0191044, -0.0268663, 0.0369436, -0.0578498, 0.0739869, -0.139574, 0.200979, -0.0268663, 0.0369436, -0.0650663, 0.0486956, -0.058472, 0.0486977, -0.087301, 0.0710254, -0.058472, 0.0486977, -0.00205656, 0.025546, -0.0357866, 0.043138, -0.0268663, 0.0369436, -0.0389419, 0.0523697, -0.0083069, 0.0148823, -0.0389419, 0.0523697, -0.0578498, 0.0739869, -0.0389419, 0.0523697, -0.139574, 0.200979, -0.214519, 0.270363, -0.0357866, 0.043138, -0.058472, 0.0486977, -0.0527904, 0.0841259, -0.058472, 0.0486977, -0.0601692, 0.085635, -0.0357866, 0.043138, -0.214519, 0.270363, -0.139574, 0.200979, -0.214519, 0.270363, -0.0601692, 0.085635, -0.0151153, 0.0111742, -0.0389419, 0.0523697, -0.0268663, 0.0369436, -0.0357866, 0.043138, -0.0083069, 0.0148823, 0.00777897, 0.0113318, -0.0268663, 0.0369436, -0.0177146, 0.0191044, -0.0151153, 0.0111742, -0.0268663, 0.0369436, -0.0357866, 0.043138, -0.00205656, 0.025546, -0.087301, 0.0710254, -0.058472, 0.0486977, -0.0650663, 0.0486956, -0.0083069, 0.0148823, -0.0268663, 0.0369436, -0.139574, 0.200979, -0.0578498, 0.0739869, -0.0389419, 0.0523697, -0.058472, 0.0486977, -0.0177146, 0.0191044, -0.0578498, 0.0739869, -0.0177146, 0.0191044, -0.0151153, 0.0111742, -0.0650663, 0.0486956, -0.0151153, 0.0111742, -0.0268663, 0.0369436, -0.0389419, 0.0523697, -0.0151153, 0.0111742, 0.00777897, 0.0113318, -0.0083069, 0.0148823, -0.0357866, 0.043138, -0.00205656, 0.025546, ],]
