START_PARAMETERS
MAX_STEPS_MCDB =               32
MIN_STEPS_MCDB =               4
STEPS_CRUNCH_MCDB =            1
SWEEPS_MCDB =                  80
TOTAL_STEP_CHANGES =                  6
MCBB_SECONDARY =                  1
SWEEPS_MCBB_SECONDARY =                  150
NUMBER_OF_BANGS =                  6
GROUND_E =                -4.04016
INITIAL_E =               -3.4129
j_initial =               0.776
k_initial =               0.062
b_initial =               0
j_target =                0.393
k_target =                0.5
b_target =                0
init_target_dot_squared = 0.727331
init_state = [0.0418153, 0, 0.0895006, 0, 0.0646271, 0, 0.038972, 0, 0.0694067, 0, 0.115306, 0, 0.0694067, 0, 0.138796, 0, 0.119299, 0, 0.0694067, 0, 0.038972, 0, 0.0646271, 0, 0.0895006, 0, 0.103243, 0, 0.183032, 0, 0.103243, 0, 0.0694067, 0, 0.119299, 0, 0.138796, 0, 0.140458, 0, 0.0646271, 0, 0.087187, 0, 0.0893467, 0, 0.131951, 0, 0.174098, 0, 0.0893467, 0, 0.115306, 0, 0.138796, 0, 0.146262, 0, 0.138796, 0, 0.0418153, 0, 0.0895006, 0, 0.0893467, 0, 0.103243, 0, 0.0694067, 0, 0.103243, 0, 0.131951, 0, 0.103243, 0, 0.174098, 0, 0.183032, 0, 0.0895006, 0, 0.138796, 0, 0.140458, 0, 0.138796, 0, 0.119299, 0, 0.0895006, 0, 0.183032, 0, 0.174098, 0, 0.183032, 0, 0.119299, 0, 0.0646271, 0, 0.103243, 0, 0.0893467, 0, 0.0895006, 0, 0.0694067, 0, 0.038972, 0, 0.0893467, 0, 0.087187, 0, 0.0646271, 0, 0.0893467, 0, 0.0895006, 0, 0.0418153, 0, 0.146262, 0, 0.138796, 0, 0.115306, 0, 0.0694067, 0, 0.0893467, 0, 0.174098, 0, 0.131951, 0, 0.103243, 0, 0.138796, 0, 0.087187, 0, 0.131951, 0, 0.087187, 0, 0.0646271, 0, 0.115306, 0, 0.0646271, 0, 0.0893467, 0, 0.103243, 0, 0.0646271, 0, 0.038972, 0, 0.0694067, 0, 0.0895006, 0, 0.0418153, 0, ]
target_state = [0.00972589, 0, 0.0525892, 0, 0.0167447, 0, 0.00502037, 0, 0.0218353, 0, 0.0690503, 0, 0.0218353, 0, 0.0909507, 0, 0.0930083, 0, 0.0218353, 0, 0.00502037, 0, 0.0167447, 0, 0.0525892, 0, 0.0603656, 0, 0.365291, 0, 0.0603656, 0, 0.0218353, 0, 0.0930083, 0, 0.0909507, 0, 0.106454, 0, 0.0167447, 0, 0.027723, 0, 0.036085, 0, 0.0896706, 0, 0.224222, 0, 0.036085, 0, 0.0690503, 0, 0.0909507, 0, 0.0978844, 0, 0.0909507, 0, 0.00972589, 0, 0.0525892, 0, 0.036085, 0, 0.0603656, 0, 0.0218353, 0, 0.0603656, 0, 0.0896706, 0, 0.0603656, 0, 0.224222, 0, 0.365291, 0, 0.0525892, 0, 0.0909507, 0, 0.106454, 0, 0.0909507, 0, 0.0930083, 0, 0.0525892, 0, 0.365291, 0, 0.224222, 0, 0.365291, 0, 0.0930083, 0, 0.0167447, 0, 0.0603656, 0, 0.036085, 0, 0.0525892, 0, 0.0218353, 0, 0.00502037, 0, 0.036085, 0, 0.027723, 0, 0.0167447, 0, 0.036085, 0, 0.0525892, 0, 0.00972589, 0, 0.0978844, 0, 0.0909507, 0, 0.0690503, 0, 0.0218353, 0, 0.036085, 0, 0.224222, 0, 0.0896706, 0, 0.0603656, 0, 0.0909507, 0, 0.027723, 0, 0.0896706, 0, 0.027723, 0, 0.0167447, 0, 0.0690503, 0, 0.0167447, 0, 0.036085, 0, 0.0603656, 0, 0.0167447, 0, 0.00502037, 0, 0.0218353, 0, 0.0525892, 0, 0.00972589, 0, ]
USE_ENERGY_DISTANCE =     false
PERIODIC =                false
UNIFORM_SITES =           true
DEVICE_DIMENSION =        2
MAX_PARAM =               1
MIN_PARAM =               0
MIN_PARAM =               0
DIAG =                    true
NUM_SEEDS =               2
NUMBER_OF_BANGS =               6
DISTANCE_LIMIT =          0.02
TAU_INIT =                1
MAX_TAU =                 5
TAU_SCALAR =              1.3
TAU_SCALAR_TINY =         1.1
TAU_SCALAR_BIG =          1.5
ACCEPTANCE_PROB =         0.85
TEMP_EXP_DECAY =          0.8
MIN_TEMP_FRACTION =       0.01
TEMP_DECAY_ITERATIONS =   21
ZERO_TEMP_ITREATIONS =    15
RANDOM_STATES =           3
END_PARAMETERS
##############################################################################
clock_duration  =         271.592
tau =                     1
total_steps =             32
time_step =               0.03125
best_mc_result =          0.0225449
best_mc_result_non_secondary =          0.0261576
evolved_target_dot_squared =  0.977455
distance =          0.0826825
j_protocol =  [[1, 1, 1, 1, 1, 1, 1, 1, 1, 1, 1, 1, 1, 1, 1, 1, 1, 1, 1, 1, 1, 1, 1, 1, 1, 1, 1, 1, 1, 1, 1, 1, ],[1, 1, 1, 1, 1, 1, 1, 1, 1, 1, 1, 1, 1, 1, 1, 1, 1, 1, 1, 1, 1, 1, 1, 1, 1, 1, 1, 1, 1, 1, 1, 1, ],]
k_protocol =  [[1, 1, 1, 0, 0, 0, 0, 0, 1, 1, 1, 1, 0, 0, 1, 1, 0, 1, 1, 0, 0, 1, 1, 1, 1, 1, 1, 1, 1, 1, 0, 0, ],[1, 1, 1, 1, 0, 0, 0, 0, 1, 1, 1, 1, 0, 0, 1, 1, 1, 1, 0, 0, 1, 1, 1, 1, 1, 1, 1, 1, 1, 1, 0, 0, ],]
j_protocol_secondary =  [0.00606053, 0.299983, 0.299983, 0.392406, 0.392406, 0.547603, 0.547603, 0.686158, 0.686158, 0.85301, 0.85301, 1, ]
k_protocol_secondary =  [0, 0.121219, 0.289875, 0.415332, 0.419613, 0.493949, 0.534768, 0.577021, 0.612052, 0.614717, 0.639344, 0.946892, ]
best_evolved_state = [-0.00182793, 0.0134923, -0.012898, 0.0640175, 0.000269257, 0.0279491, 0.00267611, 0.00909258, -0.00369798, 0.0192568, -0.00335331, 0.0533564, -0.00369798, 0.0192568, 0.0102076, 0.0971578, -0.0275114, 0.0975854, -0.00369798, 0.0192568, 0.00267611, 0.00909258, 0.000269257, 0.0279491, -0.012898, 0.0640175, -0.0155364, 0.0698118, -0.0714501, 0.33915, -0.0155364, 0.0698118, -0.00369798, 0.0192568, -0.0275114, 0.0975854, 0.0102076, 0.0971578, -0.0226371, 0.104025, 0.000269257, 0.0279491, -0.00356145, 0.0420381, -0.0127775, 0.0466562, -0.00543273, 0.0990569, -0.00797958, 0.214308, -0.0127775, 0.0466562, -0.00335331, 0.0533564, 0.0102076, 0.0971578, 0.00823651, 0.128736, 0.0102076, 0.0971578, -0.00182793, 0.0134923, -0.012898, 0.0640175, -0.0127775, 0.0466562, -0.0155364, 0.0698118, -0.00369798, 0.0192568, -0.0155364, 0.0698118, -0.00543273, 0.0990569, -0.0155364, 0.0698118, -0.00797958, 0.214308, -0.0714501, 0.33915, -0.012898, 0.0640175, 0.0102076, 0.0971578, -0.0226371, 0.104025, 0.0102076, 0.0971578, -0.0275114, 0.0975854, -0.012898, 0.0640175, -0.0714501, 0.33915, -0.00797958, 0.214308, -0.0714501, 0.33915, -0.0275114, 0.0975854, 0.000269257, 0.0279491, -0.0155364, 0.0698118, -0.0127775, 0.0466562, -0.012898, 0.0640175, -0.00369798, 0.0192568, 0.00267611, 0.00909258, -0.0127775, 0.0466562, -0.00356145, 0.0420381, 0.000269257, 0.0279491, -0.0127775, 0.0466562, -0.012898, 0.0640175, -0.00182793, 0.0134923, 0.00823651, 0.128736, 0.0102076, 0.0971578, -0.00335331, 0.0533564, -0.00369798, 0.0192568, -0.0127775, 0.0466562, -0.00797958, 0.214308, -0.00543273, 0.0990569, -0.0155364, 0.0698118, 0.0102076, 0.0971578, -0.00356145, 0.0420381, -0.00543273, 0.0990569, -0.00356145, 0.0420381, 0.000269257, 0.0279491, -0.00335331, 0.0533564, 0.000269257, 0.0279491, -0.0127775, 0.0466562, -0.0155364, 0.0698118, 0.000269257, 0.0279491, 0.00267611, 0.00909258, -0.00369798, 0.0192568, -0.012898, 0.0640175, -0.00182793, 0.0134923, ]
best_mc_result_fixed_tau =   [0.0261576, 0.0280417, ]
evolved_state_fixed_tau =   [[-0.00694026, 0.0163181, -0.00775794, 0.0621585, -0.00027437, 0.0294219, 0.00344147, 0.010657, 0.00271722, 0.0217613, 0.00349164, 0.0602209, 0.00271722, 0.0217613, 0.0225837, 0.104092, -0.0227871, 0.0949006, 0.00271722, 0.0217613, 0.00344147, 0.010657, -0.00027437, 0.0294219, -0.00775794, 0.0621585, -0.00938966, 0.0692933, -0.0322737, 0.337152, -0.00938966, 0.0692933, 0.00271722, 0.0217613, -0.0227871, 0.0949006, 0.0225837, 0.104092, -0.0160258, 0.102273, -0.00027437, 0.0294219, 0.00400775, 0.0436861, -0.0106862, 0.0445994, 0.0053852, 0.10191, 0.0103234, 0.217278, -0.0106862, 0.0445994, 0.00349164, 0.0602209, 0.0225837, 0.104092, 0.0176639, 0.13635, 0.0225837, 0.104092, -0.00694026, 0.0163181, -0.00775794, 0.0621585, -0.0106862, 0.0445994, -0.00938966, 0.0692933, 0.00271722, 0.0217613, -0.00938966, 0.0692933, 0.0053852, 0.10191, -0.00938966, 0.0692933, 0.0103234, 0.217278, -0.0322737, 0.337152, -0.00775794, 0.0621585, 0.0225837, 0.104092, -0.0160258, 0.102273, 0.0225837, 0.104092, -0.0227871, 0.0949006, -0.00775794, 0.0621585, -0.0322737, 0.337152, 0.0103234, 0.217278, -0.0322737, 0.337152, -0.0227871, 0.0949006, -0.00027437, 0.0294219, -0.00938966, 0.0692933, -0.0106862, 0.0445994, -0.00775794, 0.0621585, 0.00271722, 0.0217613, 0.00344147, 0.010657, -0.0106862, 0.0445994, 0.00400775, 0.0436861, -0.00027437, 0.0294219, -0.0106862, 0.0445994, -0.00775794, 0.0621585, -0.00694026, 0.0163181, 0.0176639, 0.13635, 0.0225837, 0.104092, 0.00349164, 0.0602209, 0.00271722, 0.0217613, -0.0106862, 0.0445994, 0.0103234, 0.217278, 0.0053852, 0.10191, -0.00938966, 0.0692933, 0.0225837, 0.104092, 0.00400775, 0.0436861, 0.0053852, 0.10191, 0.00400775, 0.0436861, -0.00027437, 0.0294219, 0.00349164, 0.0602209, -0.00027437, 0.0294219, -0.0106862, 0.0445994, -0.00938966, 0.0692933, -0.00027437, 0.0294219, 0.00344147, 0.010657, 0.00271722, 0.0217613, -0.00775794, 0.0621585, -0.00694026, 0.0163181, ],[-0.00456379, 0.0185628, -0.0175681, 0.0612437, -0.00252971, 0.0296104, 0.00539784, 0.00948905, 0.000218813, 0.0127572, -0.0191083, 0.0506387, 0.000218813, 0.0127572, 0.0109927, 0.0936433, -0.0444982, 0.0930933, 0.000218813, 0.0127572, 0.00539784, 0.00948905, -0.00252971, 0.0296104, -0.0175681, 0.0612437, -0.0229433, 0.0674081, -0.0885817, 0.340501, -0.0229433, 0.0674081, 0.000218813, 0.0127572, -0.0444982, 0.0930933, 0.0109927, 0.0936433, -0.0465792, 0.0969902, -0.00252971, 0.0296104, -0.00138837, 0.0417228, -0.023371, 0.0412391, -0.0160229, 0.0994362, -0.025658, 0.206859, -0.023371, 0.0412391, -0.0191083, 0.0506387, 0.0109927, 0.0936433, -0.00795242, 0.129392, 0.0109927, 0.0936433, -0.00456379, 0.0185628, -0.0175681, 0.0612437, -0.023371, 0.0412391, -0.0229433, 0.0674081, 0.000218813, 0.0127572, -0.0229433, 0.0674081, -0.0160229, 0.0994362, -0.0229433, 0.0674081, -0.025658, 0.206859, -0.0885817, 0.340501, -0.0175681, 0.0612437, 0.0109927, 0.0936433, -0.0465792, 0.0969902, 0.0109927, 0.0936433, -0.0444982, 0.0930933, -0.0175681, 0.0612437, -0.0885817, 0.340501, -0.025658, 0.206859, -0.0885817, 0.340501, -0.0444982, 0.0930933, -0.00252971, 0.0296104, -0.0229433, 0.0674081, -0.023371, 0.0412391, -0.0175681, 0.0612437, 0.000218813, 0.0127572, 0.00539784, 0.00948905, -0.023371, 0.0412391, -0.00138837, 0.0417228, -0.00252971, 0.0296104, -0.023371, 0.0412391, -0.0175681, 0.0612437, -0.00456379, 0.0185628, -0.00795242, 0.129392, 0.0109927, 0.0936433, -0.0191083, 0.0506387, 0.000218813, 0.0127572, -0.023371, 0.0412391, -0.025658, 0.206859, -0.0160229, 0.0994362, -0.0229433, 0.0674081, 0.0109927, 0.0936433, -0.00138837, 0.0417228, -0.0160229, 0.0994362, -0.00138837, 0.0417228, -0.00252971, 0.0296104, -0.0191083, 0.0506387, -0.00252971, 0.0296104, -0.023371, 0.0412391, -0.0229433, 0.0674081, -0.00252971, 0.0296104, 0.00539784, 0.00948905, 0.000218813, 0.0127572, -0.0175681, 0.0612437, -0.00456379, 0.0185628, ],]
##############################################################################
clock_duration  =         1590.45
tau =                     1.00937
total_steps =             32
time_step =               0.040625
best_mc_result =          0.0210214
best_mc_result_non_secondary =          0
evolved_target_dot_squared =  0.978979
distance =          0.0770952
j_protocol =  [[0, 0, 0, 0, 0, 0, 0, 0, 0, 0, 0, 0, 0, 0, 0, 0, 0, 0, 0, 0, 0, 0, 0, 0, 0, 0, 0, 0, 0, 0, 0, 0, ],[0, 0, 0, 0, 0, 0, 0, 0, 0, 0, 0, 0, 0, 0, 0, 0, 0, 0, 0, 0, 0, 0, 0, 0, 0, 0, 0, 0, 0, 0, 0, 0, ],]
k_protocol =  [[0, 0, 0, 0, 0, 0, 0, 0, 0, 0, 0, 0, 0, 0, 0, 0, 0, 0, 0, 0, 0, 0, 0, 0, 0, 0, 0, 0, 0, 0, 0, 0, ],[0, 0, 0, 0, 0, 0, 0, 0, 0, 0, 0, 0, 0, 0, 0, 0, 0, 0, 0, 0, 0, 0, 0, 0, 0, 0, 0, 0, 0, 0, 0, 0, ],]
j_protocol_secondary =  [0.00568605, 0.0441737, 0.0441737, 0.241023, 0.241023, 0.387521, 0.387521, 0.682345, 0.682345, 0.882831, 0.882831, 1.00937, ]
k_protocol_secondary =  [0, 0.124455, 0.298061, 0.361112, 0.361112, 0.526065, 0.62599, 0.72738, 0.72738, 0.796186, 0.796186, 0.955298, ]
best_evolved_state = [-0.00223698, 0.011973, -0.017326, 0.0625681, -0.00124582, 0.0272259, 0.00199616, 0.00874573, -0.0065608, 0.0186303, -0.00897706, 0.0539116, -0.0065608, 0.0186303, 0.0015474, 0.0961676, -0.0340112, 0.0943638, -0.0065608, 0.0186303, 0.00199616, 0.00874573, -0.00124582, 0.0272259, -0.017326, 0.0625681, -0.0205888, 0.068097, -0.096726, 0.334887, -0.0205888, 0.068097, -0.0065608, 0.0186303, -0.0340112, 0.0943638, 0.0015474, 0.0961676, -0.0301983, 0.100961, -0.00124582, 0.0272259, -0.00716638, 0.0418303, -0.0162212, 0.0458656, -0.0131667, 0.098231, -0.0246125, 0.212126, -0.0162212, 0.0458656, -0.00897706, 0.0539116, 0.0015474, 0.0961676, -0.00129417, 0.129496, 0.0015474, 0.0961676, -0.00223698, 0.011973, -0.017326, 0.0625681, -0.0162212, 0.0458656, -0.0205888, 0.068097, -0.0065608, 0.0186303, -0.0205888, 0.068097, -0.0131667, 0.098231, -0.0205888, 0.068097, -0.0246125, 0.212126, -0.096726, 0.334887, -0.017326, 0.0625681, 0.0015474, 0.0961676, -0.0301983, 0.100961, 0.0015474, 0.0961676, -0.0340112, 0.0943638, -0.017326, 0.0625681, -0.096726, 0.334887, -0.0246125, 0.212126, -0.096726, 0.334887, -0.0340112, 0.0943638, -0.00124582, 0.0272259, -0.0205888, 0.068097, -0.0162212, 0.0458656, -0.017326, 0.0625681, -0.0065608, 0.0186303, 0.00199616, 0.00874573, -0.0162212, 0.0458656, -0.00716638, 0.0418303, -0.00124582, 0.0272259, -0.0162212, 0.0458656, -0.017326, 0.0625681, -0.00223698, 0.011973, -0.00129417, 0.129496, 0.0015474, 0.0961676, -0.00897706, 0.0539116, -0.0065608, 0.0186303, -0.0162212, 0.0458656, -0.0246125, 0.212126, -0.0131667, 0.098231, -0.0205888, 0.068097, 0.0015474, 0.0961676, -0.00716638, 0.0418303, -0.0131667, 0.098231, -0.00716638, 0.0418303, -0.00124582, 0.0272259, -0.00897706, 0.0539116, -0.00124582, 0.0272259, -0.0162212, 0.0458656, -0.0205888, 0.068097, -0.00124582, 0.0272259, 0.00199616, 0.00874573, -0.0065608, 0.0186303, -0.017326, 0.0625681, -0.00223698, 0.011973, ]
best_mc_result_fixed_tau =   [0.0107593, 0.0110137, ]
evolved_state_fixed_tau =   [[-0.00694425, 0.000338932, -0.060299, -0.00402711, -0.0180457, 0.00161927, -0.00267509, -3.04175e-05, -0.0267168, -0.0114851, -0.0675641, -0.0145852, -0.0267168, -0.0114851, -0.0874716, -0.00768323, -0.0994885, -0.0166665, -0.0267168, -0.0114851, -0.00267509, -3.04175e-05, -0.0180457, 0.00161927, -0.060299, -0.00402711, -0.0697882, -0.00713439, -0.35541, -0.0424764, -0.0697882, -0.00713439, -0.0267168, -0.0114851, -0.0994885, -0.0166665, -0.0874716, -0.00768323, -0.109845, -0.0216145, -0.0180457, 0.00161927, -0.0400879, 0.00239767, -0.0502043, -9.28283e-06, -0.0952838, -0.00640356, -0.205245, -0.0181423, -0.0502043, -9.28283e-06, -0.0675641, -0.0145852, -0.0874716, -0.00768323, -0.12015, 0.0220149, -0.0874716, -0.00768323, -0.00694425, 0.000338932, -0.060299, -0.00402711, -0.0502043, -9.28283e-06, -0.0697882, -0.00713439, -0.0267168, -0.0114851, -0.0697882, -0.00713439, -0.0952838, -0.00640356, -0.0697882, -0.00713439, -0.205245, -0.0181423, -0.35541, -0.0424764, -0.060299, -0.00402711, -0.0874716, -0.00768323, -0.109845, -0.0216145, -0.0874716, -0.00768323, -0.0994885, -0.0166665, -0.060299, -0.00402711, -0.35541, -0.0424764, -0.205245, -0.0181423, -0.35541, -0.0424764, -0.0994885, -0.0166665, -0.0180457, 0.00161927, -0.0697882, -0.00713439, -0.0502043, -9.28283e-06, -0.060299, -0.00402711, -0.0267168, -0.0114851, -0.00267509, -3.04175e-05, -0.0502043, -9.28283e-06, -0.0400879, 0.00239767, -0.0180457, 0.00161927, -0.0502043, -9.28283e-06, -0.060299, -0.00402711, -0.00694425, 0.000338932, -0.12015, 0.0220149, -0.0874716, -0.00768323, -0.0675641, -0.0145852, -0.0267168, -0.0114851, -0.0502043, -9.28283e-06, -0.205245, -0.0181423, -0.0952838, -0.00640356, -0.0697882, -0.00713439, -0.0874716, -0.00768323, -0.0400879, 0.00239767, -0.0952838, -0.00640356, -0.0400879, 0.00239767, -0.0180457, 0.00161927, -0.0675641, -0.0145852, -0.0180457, 0.00161927, -0.0502043, -9.28283e-06, -0.0697882, -0.00713439, -0.0180457, 0.00161927, -0.00267509, -3.04175e-05, -0.0267168, -0.0114851, -0.060299, -0.00402711, -0.00694425, 0.000338932, ],[-0.00608386, -0.00979604, -0.0569432, -0.0192338, -0.0167738, -0.00634892, -0.00629451, -0.00254599, -0.0297714, -0.0124737, -0.0562819, -0.0338444, -0.0297714, -0.0124737, -0.0925017, -0.029918, -0.0819464, -0.043632, -0.0297714, -0.0124737, -0.00629451, -0.00254599, -0.0167738, -0.00634892, -0.0569432, -0.0192338, -0.0642787, -0.025753, -0.337059, -0.125988, -0.0642787, -0.025753, -0.0297714, -0.0124737, -0.0819464, -0.043632, -0.0925017, -0.029918, -0.0860196, -0.0495888, -0.0167738, -0.00634892, -0.046611, -0.00787394, -0.0425319, -0.0105556, -0.0903384, -0.0331577, -0.192284, -0.068992, -0.0425319, -0.0105556, -0.0562819, -0.0338444, -0.0925017, -0.029918, -0.117219, -0.0136871, -0.0925017, -0.029918, -0.00608386, -0.00979604, -0.0569432, -0.0192338, -0.0425319, -0.0105556, -0.0642787, -0.025753, -0.0297714, -0.0124737, -0.0642787, -0.025753, -0.0903384, -0.0331577, -0.0642787, -0.025753, -0.192284, -0.068992, -0.337059, -0.125988, -0.0569432, -0.0192338, -0.0925017, -0.029918, -0.0860196, -0.0495888, -0.0925017, -0.029918, -0.0819464, -0.043632, -0.0569432, -0.0192338, -0.337059, -0.125988, -0.192284, -0.068992, -0.337059, -0.125988, -0.0819464, -0.043632, -0.0167738, -0.00634892, -0.0642787, -0.025753, -0.0425319, -0.0105556, -0.0569432, -0.0192338, -0.0297714, -0.0124737, -0.00629451, -0.00254599, -0.0425319, -0.0105556, -0.046611, -0.00787394, -0.0167738, -0.00634892, -0.0425319, -0.0105556, -0.0569432, -0.0192338, -0.00608386, -0.00979604, -0.117219, -0.0136871, -0.0925017, -0.029918, -0.0562819, -0.0338444, -0.0297714, -0.0124737, -0.0425319, -0.0105556, -0.192284, -0.068992, -0.0903384, -0.0331577, -0.0642787, -0.025753, -0.0925017, -0.029918, -0.046611, -0.00787394, -0.0903384, -0.0331577, -0.046611, -0.00787394, -0.0167738, -0.00634892, -0.0562819, -0.0338444, -0.0167738, -0.00634892, -0.0425319, -0.0105556, -0.0642787, -0.025753, -0.0167738, -0.00634892, -0.00629451, -0.00254599, -0.0297714, -0.0124737, -0.0569432, -0.0192338, -0.00608386, -0.00979604, ],]
##############################################################################
clock_duration  =         1786.02
tau =                     1.01406
total_steps =             32
time_step =               0.040625
best_mc_result =          0.0203847
best_mc_result_non_secondary =          0
evolved_target_dot_squared =  0.979615
distance =          0.0747598
j_protocol =  [[0, 0, 0, 0, 0, 0, 0, 0, 0, 0, 0, 0, 0, 0, 0, 0, 0, 0, 0, 0, 0, 0, 0, 0, 0, 0, 0, 0, 0, 0, 0, 0, ],[0, 0, 0, 0, 0, 0, 0, 0, 0, 0, 0, 0, 0, 0, 0, 0, 0, 0, 0, 0, 0, 0, 0, 0, 0, 0, 0, 0, 0, 0, 0, 0, ],]
k_protocol =  [[0, 0, 0, 0, 0, 0, 0, 0, 0, 0, 0, 0, 0, 0, 0, 0, 0, 0, 0, 0, 0, 0, 0, 0, 0, 0, 0, 0, 0, 0, 0, 0, ],[0, 0, 0, 0, 0, 0, 0, 0, 0, 0, 0, 0, 0, 0, 0, 0, 0, 0, 0, 0, 0, 0, 0, 0, 0, 0, 0, 0, 0, 0, 0, 0, ],]
j_protocol_secondary =  [0.00576254, 0.0443788, 0.0443788, 0.242142, 0.242142, 0.389321, 0.389321, 0.685514, 0.685514, 0.886931, 0.886931, 1.01406, ]
k_protocol_secondary =  [0, 0.125033, 0.299006, 0.362789, 0.362789, 0.528717, 0.628881, 0.730758, 0.730758, 0.799884, 0.799884, 0.960007, ]
best_evolved_state = [-0.00245976, 0.0114209, -0.0194437, 0.0618595, -0.00201177, 0.026902, 0.00169934, 0.00862096, -0.00782137, 0.0183175, -0.011916, 0.0536676, -0.00782137, 0.0183175, -0.00277415, 0.0955071, -0.0372357, 0.0928761, -0.00782137, 0.0183175, 0.00169934, 0.00862096, -0.00201177, 0.026902, -0.0194437, 0.0618595, -0.023067, 0.0672623, -0.109546, 0.331835, -0.023067, 0.0672623, -0.00782137, 0.0183175, -0.0372357, 0.0928761, -0.00277415, 0.0955071, -0.0340395, 0.0994521, -0.00201177, 0.026902, -0.00889818, 0.0416484, -0.0178453, 0.0453794, -0.0171484, 0.0975096, -0.0330903, 0.210322, -0.0178453, 0.0453794, -0.011916, 0.0536676, -0.00277415, 0.0955071, -0.00627618, 0.129314, -0.00277415, 0.0955071, -0.00245976, 0.0114209, -0.0194437, 0.0618595, -0.0178453, 0.0453794, -0.023067, 0.0672623, -0.00782137, 0.0183175, -0.023067, 0.0672623, -0.0171484, 0.0975096, -0.023067, 0.0672623, -0.0330903, 0.210322, -0.109546, 0.331835, -0.0194437, 0.0618595, -0.00277415, 0.0955071, -0.0340395, 0.0994521, -0.00277415, 0.0955071, -0.0372357, 0.0928761, -0.0194437, 0.0618595, -0.109546, 0.331835, -0.0330903, 0.210322, -0.109546, 0.331835, -0.0372357, 0.0928761, -0.00201177, 0.026902, -0.023067, 0.0672623, -0.0178453, 0.0453794, -0.0194437, 0.0618595, -0.00782137, 0.0183175, 0.00169934, 0.00862096, -0.0178453, 0.0453794, -0.00889818, 0.0416484, -0.00201177, 0.026902, -0.0178453, 0.0453794, -0.0194437, 0.0618595, -0.00245976, 0.0114209, -0.00627618, 0.129314, -0.00277415, 0.0955071, -0.011916, 0.0536676, -0.00782137, 0.0183175, -0.0178453, 0.0453794, -0.0330903, 0.210322, -0.0171484, 0.0975096, -0.023067, 0.0672623, -0.00277415, 0.0955071, -0.00889818, 0.0416484, -0.0171484, 0.0975096, -0.00889818, 0.0416484, -0.00201177, 0.026902, -0.011916, 0.0536676, -0.00201177, 0.026902, -0.0178453, 0.0453794, -0.023067, 0.0672623, -0.00201177, 0.026902, 0.00169934, 0.00862096, -0.00782137, 0.0183175, -0.0194437, 0.0618595, -0.00245976, 0.0114209, ]
best_mc_result_fixed_tau =   [0.0107593, 0.0110137, ]
evolved_state_fixed_tau =   [[-0.00694425, 0.000338932, -0.060299, -0.00402711, -0.0180457, 0.00161927, -0.00267509, -3.04175e-05, -0.0267168, -0.0114851, -0.0675641, -0.0145852, -0.0267168, -0.0114851, -0.0874716, -0.00768323, -0.0994885, -0.0166665, -0.0267168, -0.0114851, -0.00267509, -3.04175e-05, -0.0180457, 0.00161927, -0.060299, -0.00402711, -0.0697882, -0.00713439, -0.35541, -0.0424764, -0.0697882, -0.00713439, -0.0267168, -0.0114851, -0.0994885, -0.0166665, -0.0874716, -0.00768323, -0.109845, -0.0216145, -0.0180457, 0.00161927, -0.0400879, 0.00239767, -0.0502043, -9.28283e-06, -0.0952838, -0.00640356, -0.205245, -0.0181423, -0.0502043, -9.28283e-06, -0.0675641, -0.0145852, -0.0874716, -0.00768323, -0.12015, 0.0220149, -0.0874716, -0.00768323, -0.00694425, 0.000338932, -0.060299, -0.00402711, -0.0502043, -9.28283e-06, -0.0697882, -0.00713439, -0.0267168, -0.0114851, -0.0697882, -0.00713439, -0.0952838, -0.00640356, -0.0697882, -0.00713439, -0.205245, -0.0181423, -0.35541, -0.0424764, -0.060299, -0.00402711, -0.0874716, -0.00768323, -0.109845, -0.0216145, -0.0874716, -0.00768323, -0.0994885, -0.0166665, -0.060299, -0.00402711, -0.35541, -0.0424764, -0.205245, -0.0181423, -0.35541, -0.0424764, -0.0994885, -0.0166665, -0.0180457, 0.00161927, -0.0697882, -0.00713439, -0.0502043, -9.28283e-06, -0.060299, -0.00402711, -0.0267168, -0.0114851, -0.00267509, -3.04175e-05, -0.0502043, -9.28283e-06, -0.0400879, 0.00239767, -0.0180457, 0.00161927, -0.0502043, -9.28283e-06, -0.060299, -0.00402711, -0.00694425, 0.000338932, -0.12015, 0.0220149, -0.0874716, -0.00768323, -0.0675641, -0.0145852, -0.0267168, -0.0114851, -0.0502043, -9.28283e-06, -0.205245, -0.0181423, -0.0952838, -0.00640356, -0.0697882, -0.00713439, -0.0874716, -0.00768323, -0.0400879, 0.00239767, -0.0952838, -0.00640356, -0.0400879, 0.00239767, -0.0180457, 0.00161927, -0.0675641, -0.0145852, -0.0180457, 0.00161927, -0.0502043, -9.28283e-06, -0.0697882, -0.00713439, -0.0180457, 0.00161927, -0.00267509, -3.04175e-05, -0.0267168, -0.0114851, -0.060299, -0.00402711, -0.00694425, 0.000338932, ],[-0.00608386, -0.00979604, -0.0569432, -0.0192338, -0.0167738, -0.00634892, -0.00629451, -0.00254599, -0.0297714, -0.0124737, -0.0562819, -0.0338444, -0.0297714, -0.0124737, -0.0925017, -0.029918, -0.0819464, -0.043632, -0.0297714, -0.0124737, -0.00629451, -0.00254599, -0.0167738, -0.00634892, -0.0569432, -0.0192338, -0.0642787, -0.025753, -0.337059, -0.125988, -0.0642787, -0.025753, -0.0297714, -0.0124737, -0.0819464, -0.043632, -0.0925017, -0.029918, -0.0860196, -0.0495888, -0.0167738, -0.00634892, -0.046611, -0.00787394, -0.0425319, -0.0105556, -0.0903384, -0.0331577, -0.192284, -0.068992, -0.0425319, -0.0105556, -0.0562819, -0.0338444, -0.0925017, -0.029918, -0.117219, -0.0136871, -0.0925017, -0.029918, -0.00608386, -0.00979604, -0.0569432, -0.0192338, -0.0425319, -0.0105556, -0.0642787, -0.025753, -0.0297714, -0.0124737, -0.0642787, -0.025753, -0.0903384, -0.0331577, -0.0642787, -0.025753, -0.192284, -0.068992, -0.337059, -0.125988, -0.0569432, -0.0192338, -0.0925017, -0.029918, -0.0860196, -0.0495888, -0.0925017, -0.029918, -0.0819464, -0.043632, -0.0569432, -0.0192338, -0.337059, -0.125988, -0.192284, -0.068992, -0.337059, -0.125988, -0.0819464, -0.043632, -0.0167738, -0.00634892, -0.0642787, -0.025753, -0.0425319, -0.0105556, -0.0569432, -0.0192338, -0.0297714, -0.0124737, -0.00629451, -0.00254599, -0.0425319, -0.0105556, -0.046611, -0.00787394, -0.0167738, -0.00634892, -0.0425319, -0.0105556, -0.0569432, -0.0192338, -0.00608386, -0.00979604, -0.117219, -0.0136871, -0.0925017, -0.029918, -0.0562819, -0.0338444, -0.0297714, -0.0124737, -0.0425319, -0.0105556, -0.192284, -0.068992, -0.0903384, -0.0331577, -0.0642787, -0.025753, -0.0925017, -0.029918, -0.046611, -0.00787394, -0.0903384, -0.0331577, -0.046611, -0.00787394, -0.0167738, -0.00634892, -0.0562819, -0.0338444, -0.0167738, -0.00634892, -0.0425319, -0.0105556, -0.0642787, -0.025753, -0.0167738, -0.00634892, -0.00629451, -0.00254599, -0.0297714, -0.0124737, -0.0569432, -0.0192338, -0.00608386, -0.00979604, ],]
##############################################################################
clock_duration  =         1979.81
tau =                     1.01641
total_steps =             32
time_step =               0.040625
best_mc_result =          0.0200723
best_mc_result_non_secondary =          0
evolved_target_dot_squared =  0.979928
distance =          0.0736142
j_protocol =  [[0, 0, 0, 0, 0, 0, 0, 0, 0, 0, 0, 0, 0, 0, 0, 0, 0, 0, 0, 0, 0, 0, 0, 0, 0, 0, 0, 0, 0, 0, 0, 0, ],[0, 0, 0, 0, 0, 0, 0, 0, 0, 0, 0, 0, 0, 0, 0, 0, 0, 0, 0, 0, 0, 0, 0, 0, 0, 0, 0, 0, 0, 0, 0, 0, ],]
k_protocol =  [[0, 0, 0, 0, 0, 0, 0, 0, 0, 0, 0, 0, 0, 0, 0, 0, 0, 0, 0, 0, 0, 0, 0, 0, 0, 0, 0, 0, 0, 0, 0, 0, ],[0, 0, 0, 0, 0, 0, 0, 0, 0, 0, 0, 0, 0, 0, 0, 0, 0, 0, 0, 0, 0, 0, 0, 0, 0, 0, 0, 0, 0, 0, 0, 0, ],]
j_protocol_secondary =  [0.00582606, 0.0444814, 0.0444814, 0.242701, 0.242701, 0.390221, 0.390221, 0.687098, 0.687098, 0.888981, 0.888981, 1.01641, ]
k_protocol_secondary =  [0, 0.125322, 0.299562, 0.363627, 0.363627, 0.530078, 0.630335, 0.732447, 0.732447, 0.801732, 0.801732, 0.962369, ]
best_evolved_state = [-0.00255307, 0.0111403, -0.0204822, 0.0614644, -0.00237426, 0.0267251, 0.00155207, 0.00854354, -0.00845814, 0.0181356, -0.0133276, 0.0535477, -0.00845814, 0.0181356, -0.00490024, 0.0950962, -0.0388095, 0.092096, -0.00845814, 0.0181356, 0.00155207, 0.00854354, -0.00237426, 0.0267251, -0.0204822, 0.0614644, -0.0242772, 0.0668041, -0.115813, 0.330149, -0.0242772, 0.0668041, -0.00845814, 0.0181356, -0.0388095, 0.092096, -0.00490024, 0.0950962, -0.0359148, 0.098668, -0.00237426, 0.0267251, -0.00974486, 0.0415122, -0.0186415, 0.0451292, -0.0190781, 0.0970908, -0.0372491, 0.209323, -0.0186415, 0.0451292, -0.0133276, 0.0535477, -0.00490024, 0.0950962, -0.00868426, 0.129191, -0.00490024, 0.0950962, -0.00255307, 0.0111403, -0.0204822, 0.0614644, -0.0186415, 0.0451292, -0.0242772, 0.0668041, -0.00845814, 0.0181356, -0.0242772, 0.0668041, -0.0190781, 0.0970908, -0.0242772, 0.0668041, -0.0372491, 0.209323, -0.115813, 0.330149, -0.0204822, 0.0614644, -0.00490024, 0.0950962, -0.0359148, 0.098668, -0.00490024, 0.0950962, -0.0388095, 0.092096, -0.0204822, 0.0614644, -0.115813, 0.330149, -0.0372491, 0.209323, -0.115813, 0.330149, -0.0388095, 0.092096, -0.00237426, 0.0267251, -0.0242772, 0.0668041, -0.0186415, 0.0451292, -0.0204822, 0.0614644, -0.00845814, 0.0181356, 0.00155207, 0.00854354, -0.0186415, 0.0451292, -0.00974486, 0.0415122, -0.00237426, 0.0267251, -0.0186415, 0.0451292, -0.0204822, 0.0614644, -0.00255307, 0.0111403, -0.00868426, 0.129191, -0.00490024, 0.0950962, -0.0133276, 0.0535477, -0.00845814, 0.0181356, -0.0186415, 0.0451292, -0.0372491, 0.209323, -0.0190781, 0.0970908, -0.0242772, 0.0668041, -0.00490024, 0.0950962, -0.00974486, 0.0415122, -0.0190781, 0.0970908, -0.00974486, 0.0415122, -0.00237426, 0.0267251, -0.0133276, 0.0535477, -0.00237426, 0.0267251, -0.0186415, 0.0451292, -0.0242772, 0.0668041, -0.00237426, 0.0267251, 0.00155207, 0.00854354, -0.00845814, 0.0181356, -0.0204822, 0.0614644, -0.00255307, 0.0111403, ]
best_mc_result_fixed_tau =   [0.0107593, 0.0110137, ]
evolved_state_fixed_tau =   [[-0.00694425, 0.000338932, -0.060299, -0.00402711, -0.0180457, 0.00161927, -0.00267509, -3.04175e-05, -0.0267168, -0.0114851, -0.0675641, -0.0145852, -0.0267168, -0.0114851, -0.0874716, -0.00768323, -0.0994885, -0.0166665, -0.0267168, -0.0114851, -0.00267509, -3.04175e-05, -0.0180457, 0.00161927, -0.060299, -0.00402711, -0.0697882, -0.00713439, -0.35541, -0.0424764, -0.0697882, -0.00713439, -0.0267168, -0.0114851, -0.0994885, -0.0166665, -0.0874716, -0.00768323, -0.109845, -0.0216145, -0.0180457, 0.00161927, -0.0400879, 0.00239767, -0.0502043, -9.28283e-06, -0.0952838, -0.00640356, -0.205245, -0.0181423, -0.0502043, -9.28283e-06, -0.0675641, -0.0145852, -0.0874716, -0.00768323, -0.12015, 0.0220149, -0.0874716, -0.00768323, -0.00694425, 0.000338932, -0.060299, -0.00402711, -0.0502043, -9.28283e-06, -0.0697882, -0.00713439, -0.0267168, -0.0114851, -0.0697882, -0.00713439, -0.0952838, -0.00640356, -0.0697882, -0.00713439, -0.205245, -0.0181423, -0.35541, -0.0424764, -0.060299, -0.00402711, -0.0874716, -0.00768323, -0.109845, -0.0216145, -0.0874716, -0.00768323, -0.0994885, -0.0166665, -0.060299, -0.00402711, -0.35541, -0.0424764, -0.205245, -0.0181423, -0.35541, -0.0424764, -0.0994885, -0.0166665, -0.0180457, 0.00161927, -0.0697882, -0.00713439, -0.0502043, -9.28283e-06, -0.060299, -0.00402711, -0.0267168, -0.0114851, -0.00267509, -3.04175e-05, -0.0502043, -9.28283e-06, -0.0400879, 0.00239767, -0.0180457, 0.00161927, -0.0502043, -9.28283e-06, -0.060299, -0.00402711, -0.00694425, 0.000338932, -0.12015, 0.0220149, -0.0874716, -0.00768323, -0.0675641, -0.0145852, -0.0267168, -0.0114851, -0.0502043, -9.28283e-06, -0.205245, -0.0181423, -0.0952838, -0.00640356, -0.0697882, -0.00713439, -0.0874716, -0.00768323, -0.0400879, 0.00239767, -0.0952838, -0.00640356, -0.0400879, 0.00239767, -0.0180457, 0.00161927, -0.0675641, -0.0145852, -0.0180457, 0.00161927, -0.0502043, -9.28283e-06, -0.0697882, -0.00713439, -0.0180457, 0.00161927, -0.00267509, -3.04175e-05, -0.0267168, -0.0114851, -0.060299, -0.00402711, -0.00694425, 0.000338932, ],[-0.00608386, -0.00979604, -0.0569432, -0.0192338, -0.0167738, -0.00634892, -0.00629451, -0.00254599, -0.0297714, -0.0124737, -0.0562819, -0.0338444, -0.0297714, -0.0124737, -0.0925017, -0.029918, -0.0819464, -0.043632, -0.0297714, -0.0124737, -0.00629451, -0.00254599, -0.0167738, -0.00634892, -0.0569432, -0.0192338, -0.0642787, -0.025753, -0.337059, -0.125988, -0.0642787, -0.025753, -0.0297714, -0.0124737, -0.0819464, -0.043632, -0.0925017, -0.029918, -0.0860196, -0.0495888, -0.0167738, -0.00634892, -0.046611, -0.00787394, -0.0425319, -0.0105556, -0.0903384, -0.0331577, -0.192284, -0.068992, -0.0425319, -0.0105556, -0.0562819, -0.0338444, -0.0925017, -0.029918, -0.117219, -0.0136871, -0.0925017, -0.029918, -0.00608386, -0.00979604, -0.0569432, -0.0192338, -0.0425319, -0.0105556, -0.0642787, -0.025753, -0.0297714, -0.0124737, -0.0642787, -0.025753, -0.0903384, -0.0331577, -0.0642787, -0.025753, -0.192284, -0.068992, -0.337059, -0.125988, -0.0569432, -0.0192338, -0.0925017, -0.029918, -0.0860196, -0.0495888, -0.0925017, -0.029918, -0.0819464, -0.043632, -0.0569432, -0.0192338, -0.337059, -0.125988, -0.192284, -0.068992, -0.337059, -0.125988, -0.0819464, -0.043632, -0.0167738, -0.00634892, -0.0642787, -0.025753, -0.0425319, -0.0105556, -0.0569432, -0.0192338, -0.0297714, -0.0124737, -0.00629451, -0.00254599, -0.0425319, -0.0105556, -0.046611, -0.00787394, -0.0167738, -0.00634892, -0.0425319, -0.0105556, -0.0569432, -0.0192338, -0.00608386, -0.00979604, -0.117219, -0.0136871, -0.0925017, -0.029918, -0.0562819, -0.0338444, -0.0297714, -0.0124737, -0.0425319, -0.0105556, -0.192284, -0.068992, -0.0903384, -0.0331577, -0.0642787, -0.025753, -0.0925017, -0.029918, -0.046611, -0.00787394, -0.0903384, -0.0331577, -0.046611, -0.00787394, -0.0167738, -0.00634892, -0.0562819, -0.0338444, -0.0167738, -0.00634892, -0.0425319, -0.0105556, -0.0642787, -0.025753, -0.0167738, -0.00634892, -0.00629451, -0.00254599, -0.0297714, -0.0124737, -0.0569432, -0.0192338, -0.00608386, -0.00979604, ],]
