START_PARAMETERS
MAX_STEPS_MCDB =               32
MIN_STEPS_MCDB =               4
STEPS_CRUNCH_MCDB =            1
SWEEPS_MCDB =                  100
TOTAL_STEP_CHANGES =                  6
MCBB_SECONDARY =                  1
SWEEPS_MCBB_SECONDARY =                  200
NUMBER_OF_BANGS =                  7
GROUND_E =                -5.9767
INITIAL_E =               -3.47539
j_initial =               0.045
k_initial =               0.5
b_initial =               0
j_target =                0.745
k_target =                0.5
b_target =                0
init_target_dot_squared = 0.366487
init_state = [-0.000114328, 0, -0.0074743, 0, -0.000172822, 0, -9.18529e-06, 0, -0.000338985, 0, -0.000332856, 0, -0.000338985, 0, -0.00201551, 0, -0.0149199, 0, -0.000338985, 0, -9.18529e-06, 0, -0.000172822, 0, -0.0074743, 0, -0.00750748, 0, -0.497434, 0, -0.00750748, 0, -0.000338985, 0, -0.0149199, 0, -0.00201551, 0, -0.01497, 0, -0.000172822, 0, -9.50539e-05, 0, -0.000673792, 0, -0.00233751, 0, -0.0445608, 0, -0.000673792, 0, -0.000332856, 0, -0.00201551, 0, -0.000477002, 0, -0.00201551, 0, -0.000114328, 0, -0.0074743, 0, -0.000673792, 0, -0.00750748, 0, -0.000338985, 0, -0.00750748, 0, -0.00233751, 0, -0.00750748, 0, -0.0445608, 0, -0.497434, 0, -0.0074743, 0, -0.00201551, 0, -0.01497, 0, -0.00201551, 0, -0.0149199, 0, -0.0074743, 0, -0.497434, 0, -0.0445608, 0, -0.497434, 0, -0.0149199, 0, -0.000172822, 0, -0.00750748, 0, -0.000673792, 0, -0.0074743, 0, -0.000338985, 0, -9.18529e-06, 0, -0.000673792, 0, -9.50539e-05, 0, -0.000172822, 0, -0.000673792, 0, -0.0074743, 0, -0.000114328, 0, -0.000477002, 0, -0.00201551, 0, -0.000332856, 0, -0.000338985, 0, -0.000673792, 0, -0.0445608, 0, -0.00233751, 0, -0.00750748, 0, -0.00201551, 0, -9.50539e-05, 0, -0.00233751, 0, -9.50539e-05, 0, -0.000172822, 0, -0.000332856, 0, -0.000172822, 0, -0.000673792, 0, -0.00750748, 0, -0.000172822, 0, -9.18529e-06, 0, -0.000338985, 0, -0.0074743, 0, -0.000114328, 0, ]
target_state = [0.0199876, 0, 0.0692539, 0, 0.0342978, 0, 0.0139335, 0, 0.040295, 0, 0.102329, 0, 0.040295, 0, 0.127894, 0, 0.109958, 0, 0.040295, 0, 0.0139335, 0, 0.0342978, 0, 0.0692539, 0, 0.0818768, 0, 0.272876, 0, 0.0818768, 0, 0.040295, 0, 0.109958, 0, 0.127894, 0, 0.131797, 0, 0.0342978, 0, 0.0537955, 0, 0.0602329, 0, 0.121254, 0, 0.218161, 0, 0.0602329, 0, 0.102329, 0, 0.127894, 0, 0.140976, 0, 0.127894, 0, 0.0199876, 0, 0.0692539, 0, 0.0602329, 0, 0.0818768, 0, 0.040295, 0, 0.0818768, 0, 0.121254, 0, 0.0818768, 0, 0.218161, 0, 0.272876, 0, 0.0692539, 0, 0.127894, 0, 0.131797, 0, 0.127894, 0, 0.109958, 0, 0.0692539, 0, 0.272876, 0, 0.218161, 0, 0.272876, 0, 0.109958, 0, 0.0342978, 0, 0.0818768, 0, 0.0602329, 0, 0.0692539, 0, 0.040295, 0, 0.0139335, 0, 0.0602329, 0, 0.0537955, 0, 0.0342978, 0, 0.0602329, 0, 0.0692539, 0, 0.0199876, 0, 0.140976, 0, 0.127894, 0, 0.102329, 0, 0.040295, 0, 0.0602329, 0, 0.218161, 0, 0.121254, 0, 0.0818768, 0, 0.127894, 0, 0.0537955, 0, 0.121254, 0, 0.0537955, 0, 0.0342978, 0, 0.102329, 0, 0.0342978, 0, 0.0602329, 0, 0.0818768, 0, 0.0342978, 0, 0.0139335, 0, 0.040295, 0, 0.0692539, 0, 0.0199876, 0, ]
USE_ENERGY_DISTANCE =     false
PERIODIC =                false
UNIFORM_SITES =           true
DEVICE_DIMENSION =        2
MAX_PARAM =               1
MIN_PARAM =               0
MIN_PARAM =               0
DIAG =                    true
NUM_SEEDS =               2
NUMBER_OF_BANGS =               7
DISTANCE_LIMIT =          0.1
TAU_INIT =                1
MAX_TAU =                 5
TAU_SCALAR =              1.2
TAU_SCALAR_TINY =         1.1
TAU_SCALAR_BIG =          1.3
ACCEPTANCE_PROB =         0.85
TEMP_EXP_DECAY =          0.8
MIN_TEMP_FRACTION =       0.01
TEMP_DECAY_ITERATIONS =   21
ZERO_TEMP_ITREATIONS =    15
RANDOM_STATES =           3
END_PARAMETERS
##############################################################################
clock_duration  =         418.522
tau =                     1
total_steps =             32
time_step =               0.03125
best_mc_result =          0.220863
best_mc_result_non_secondary =          0.223505
evolved_target_dot_squared =  0.779137
distance =          0.348633
j_protocol =  [[1, 1, 1, 1, 0, 0, 0, 1, 0, 0, 1, 1, 0, 1, 1, 0, 0, 1, 1, 1, 1, 0, 0, 1, 1, 1, 1, 1, 1, 0, 0, 0, ],[1, 1, 1, 1, 0, 0, 1, 1, 0, 0, 0, 0, 0, 1, 1, 1, 1, 1, 1, 1, 0, 0, 1, 1, 1, 1, 1, 1, 0, 0, 0, 0, ],]
k_protocol =  [[1, 1, 1, 1, 1, 1, 1, 1, 1, 1, 1, 1, 1, 1, 1, 1, 1, 1, 1, 1, 1, 1, 1, 1, 1, 1, 1, 1, 1, 1, 1, 1, ],[1, 1, 1, 1, 1, 1, 1, 1, 1, 1, 1, 1, 1, 1, 1, 1, 1, 1, 1, 1, 1, 1, 1, 1, 1, 1, 1, 1, 1, 1, 1, 1, ],]
j_protocol_secondary =  [0, 0.13707, 0.230466, 0.242027, 0.322331, 0.378532, 0.406917, 0.49237, 0.538006, 0.633865, 0.69628, 0.895519, 0.902932, 0.902932, ]
k_protocol_secondary =  [0.00610285, 0.109958, 0.109958, 0.490186, 0.490186, 0.603488, 0.603488, 0.757609, 0.757609, 0.901178, 0.901178, 0.989387, 0.989387, 1, ]
best_evolved_state = [-0.00914125, -0.00403412, -0.0288257, -0.0151187, 0.000573088, -0.022852, 0.0238031, -0.0118043, 0.00932516, -0.0334852, 0.0370568, -0.0873184, 0.00932516, -0.0334852, -0.0241268, -0.0624407, -0.0729306, -0.032383, 0.00932516, -0.0334852, 0.0238031, -0.0118043, 0.000573088, -0.022852, -0.0288257, -0.0151187, -0.0353716, -0.0334711, -0.226023, -0.176663, -0.0353716, -0.0334711, 0.00932516, -0.0334852, -0.0729306, -0.032383, -0.0241268, -0.0624407, -0.113495, -0.0609154, 0.000573088, -0.022852, 0.00218746, -0.0345592, -0.026441, -0.0547011, -0.0447104, -0.135204, -0.173878, -0.230425, -0.026441, -0.0547011, 0.0370568, -0.0873184, -0.0241268, -0.0624407, 0.0594602, -0.141377, -0.0241268, -0.0624407, -0.00914125, -0.00403412, -0.0288257, -0.0151187, -0.026441, -0.0547011, -0.0353716, -0.0334711, 0.00932516, -0.0334852, -0.0353716, -0.0334711, -0.0447104, -0.135204, -0.0353716, -0.0334711, -0.173878, -0.230425, -0.226023, -0.176663, -0.0288257, -0.0151187, -0.0241268, -0.0624407, -0.113495, -0.0609154, -0.0241268, -0.0624407, -0.0729306, -0.032383, -0.0288257, -0.0151187, -0.226023, -0.176663, -0.173878, -0.230425, -0.226023, -0.176663, -0.0729306, -0.032383, 0.000573088, -0.022852, -0.0353716, -0.0334711, -0.026441, -0.0547011, -0.0288257, -0.0151187, 0.00932516, -0.0334852, 0.0238031, -0.0118043, -0.026441, -0.0547011, 0.00218746, -0.0345592, 0.000573088, -0.022852, -0.026441, -0.0547011, -0.0288257, -0.0151187, -0.00914125, -0.00403412, 0.0594602, -0.141377, -0.0241268, -0.0624407, 0.0370568, -0.0873184, 0.00932516, -0.0334852, -0.026441, -0.0547011, -0.173878, -0.230425, -0.0447104, -0.135204, -0.0353716, -0.0334711, -0.0241268, -0.0624407, 0.00218746, -0.0345592, -0.0447104, -0.135204, 0.00218746, -0.0345592, 0.000573088, -0.022852, 0.0370568, -0.0873184, 0.000573088, -0.022852, -0.026441, -0.0547011, -0.0353716, -0.0334711, 0.000573088, -0.022852, 0.0238031, -0.0118043, 0.00932516, -0.0334852, -0.0288257, -0.0151187, -0.00914125, -0.00403412, ]
best_mc_result_fixed_tau =   [0.223505, 0.228029, ]
evolved_state_fixed_tau =   [[-0.00855181, -0.00588456, -0.0242182, -0.0181615, 0.00384267, -0.0229786, 0.0262535, -0.00786667, 0.0168216, -0.0323752, 0.0407972, -0.0902543, 0.0168216, -0.0323752, -0.0183006, -0.0594546, -0.0637898, -0.0423862, 0.0168216, -0.0323752, 0.0262535, -0.00786667, 0.00384267, -0.0229786, -0.0242182, -0.0181615, -0.030012, -0.0372546, -0.212649, -0.19053, -0.030012, -0.0372546, 0.0168216, -0.0323752, -0.0637898, -0.0423862, -0.0183006, -0.0594546, -0.104296, -0.0750953, 0.00384267, -0.0229786, 0.00376575, -0.0321231, -0.0175748, -0.0593048, -0.03463, -0.138444, -0.157666, -0.2433, -0.0175748, -0.0593048, 0.0407972, -0.0902543, -0.0183006, -0.0594546, 0.0654637, -0.145109, -0.0183006, -0.0594546, -0.00855181, -0.00588456, -0.0242182, -0.0181615, -0.0175748, -0.0593048, -0.030012, -0.0372546, 0.0168216, -0.0323752, -0.030012, -0.0372546, -0.03463, -0.138444, -0.030012, -0.0372546, -0.157666, -0.2433, -0.212649, -0.19053, -0.0242182, -0.0181615, -0.0183006, -0.0594546, -0.104296, -0.0750953, -0.0183006, -0.0594546, -0.0637898, -0.0423862, -0.0242182, -0.0181615, -0.212649, -0.19053, -0.157666, -0.2433, -0.212649, -0.19053, -0.0637898, -0.0423862, 0.00384267, -0.0229786, -0.030012, -0.0372546, -0.0175748, -0.0593048, -0.0242182, -0.0181615, 0.0168216, -0.0323752, 0.0262535, -0.00786667, -0.0175748, -0.0593048, 0.00376575, -0.0321231, 0.00384267, -0.0229786, -0.0175748, -0.0593048, -0.0242182, -0.0181615, -0.00855181, -0.00588456, 0.0654637, -0.145109, -0.0183006, -0.0594546, 0.0407972, -0.0902543, 0.0168216, -0.0323752, -0.0175748, -0.0593048, -0.157666, -0.2433, -0.03463, -0.138444, -0.030012, -0.0372546, -0.0183006, -0.0594546, 0.00376575, -0.0321231, -0.03463, -0.138444, 0.00376575, -0.0321231, 0.00384267, -0.0229786, 0.0407972, -0.0902543, 0.00384267, -0.0229786, -0.0175748, -0.0593048, -0.030012, -0.0372546, 0.00384267, -0.0229786, 0.0262535, -0.00786667, 0.0168216, -0.0323752, -0.0242182, -0.0181615, -0.00855181, -0.00588456, ],[-0.0113173, 0.000944698, -0.0299559, -0.0099822, -0.00305322, -0.0238904, 0.0266248, -0.0149082, 0.00613727, -0.0358527, 0.0425979, -0.0896652, 0.00613727, -0.0358527, -0.0264723, -0.0663098, -0.0772924, -0.020421, 0.00613727, -0.0358527, 0.0266248, -0.0149082, -0.00305322, -0.0238904, -0.0299559, -0.0099822, -0.0380386, -0.0289713, -0.204903, -0.184384, -0.0380386, -0.0289713, 0.00613727, -0.0358527, -0.0772924, -0.020421, -0.0264723, -0.0663098, -0.121432, -0.0505311, -0.00305322, -0.0238904, 0.0012153, -0.0375215, -0.0356198, -0.0529749, -0.0480046, -0.140974, -0.1674, -0.234102, -0.0356198, -0.0529749, 0.0425979, -0.0896652, -0.0264723, -0.0663098, 0.0700398, -0.144752, -0.0264723, -0.0663098, -0.0113173, 0.000944698, -0.0299559, -0.0099822, -0.0356198, -0.0529749, -0.0380386, -0.0289713, 0.00613727, -0.0358527, -0.0380386, -0.0289713, -0.0480046, -0.140974, -0.0380386, -0.0289713, -0.1674, -0.234102, -0.204903, -0.184384, -0.0299559, -0.0099822, -0.0264723, -0.0663098, -0.121432, -0.0505311, -0.0264723, -0.0663098, -0.0772924, -0.020421, -0.0299559, -0.0099822, -0.204903, -0.184384, -0.1674, -0.234102, -0.204903, -0.184384, -0.0772924, -0.020421, -0.00305322, -0.0238904, -0.0380386, -0.0289713, -0.0356198, -0.0529749, -0.0299559, -0.0099822, 0.00613727, -0.0358527, 0.0266248, -0.0149082, -0.0356198, -0.0529749, 0.0012153, -0.0375215, -0.00305322, -0.0238904, -0.0356198, -0.0529749, -0.0299559, -0.0099822, -0.0113173, 0.000944698, 0.0700398, -0.144752, -0.0264723, -0.0663098, 0.0425979, -0.0896652, 0.00613727, -0.0358527, -0.0356198, -0.0529749, -0.1674, -0.234102, -0.0480046, -0.140974, -0.0380386, -0.0289713, -0.0264723, -0.0663098, 0.0012153, -0.0375215, -0.0480046, -0.140974, 0.0012153, -0.0375215, -0.00305322, -0.0238904, 0.0425979, -0.0896652, -0.00305322, -0.0238904, -0.0356198, -0.0529749, -0.0380386, -0.0289713, -0.00305322, -0.0238904, 0.0266248, -0.0149082, 0.00613727, -0.0358527, -0.0299559, -0.0099822, -0.0113173, 0.000944698, ],]
##############################################################################
clock_duration  =         835.829
tau =                     1.2
total_steps =             32
time_step =               0.0375
best_mc_result =          0.150745
best_mc_result_non_secondary =          0.154846
evolved_target_dot_squared =  0.849255
distance =          0.237951
j_protocol =  [[1, 1, 1, 1, 0, 0, 0, 0, 1, 1, 0, 0, 1, 1, 1, 1, 1, 1, 0, 0, 0, 0, 1, 1, 1, 1, 1, 1, 1, 1, 0, 0, ],[1, 1, 1, 1, 0, 0, 0, 0, 1, 1, 0, 0, 1, 1, 1, 1, 1, 1, 0, 0, 0, 0, 1, 1, 1, 1, 1, 1, 1, 1, 0, 0, ],]
k_protocol =  [[1, 1, 1, 1, 1, 1, 1, 1, 1, 1, 1, 1, 1, 1, 1, 1, 1, 1, 1, 1, 1, 1, 1, 1, 1, 1, 1, 1, 1, 1, 1, 1, ],[1, 1, 1, 1, 1, 1, 1, 1, 1, 1, 1, 1, 1, 1, 1, 1, 1, 1, 1, 1, 1, 1, 1, 1, 1, 1, 1, 1, 1, 1, 1, 1, ],]
j_protocol_secondary =  [0, 0.138239, 0.213671, 0.221337, 0.320181, 0.380904, 0.429367, 0.520102, 0.532662, 0.674906, 0.812933, 1.10714, 1.10714, 1.10838, ]
k_protocol_secondary =  [0.00578453, 0.207231, 0.207231, 0.462841, 0.462841, 0.695578, 0.695578, 0.938446, 0.938446, 1.08959, 1.08959, 1.1242, 1.1242, 1.2, ]
best_evolved_state = [0.0209594, -0.00808949, 0.0368878, -0.0186213, 0.0281748, -0.00340207, 0.0193495, -0.0192065, 0.0326508, -0.0176894, 0.11787, 0.0110472, 0.0326508, -0.0176894, 0.0865786, -0.0154051, 0.0501345, -0.0522673, 0.0326508, -0.0176894, 0.0193495, -0.0192065, 0.0281748, -0.00340207, 0.0368878, -0.0186213, 0.0531323, -0.0341899, 0.174447, -0.19304, 0.0531323, -0.0341899, 0.0326508, -0.0176894, 0.0501345, -0.0522673, 0.0865786, -0.0154051, 0.0234881, -0.0784903, 0.0281748, -0.00340207, 0.0561302, -0.0161124, 0.0460997, -0.0421183, 0.120466, -0.0938212, 0.178291, -0.211011, 0.0460997, -0.0421183, 0.11787, 0.0110472, 0.0865786, -0.0154051, 0.180899, -0.00357964, 0.0865786, -0.0154051, 0.0209594, -0.00808949, 0.0368878, -0.0186213, 0.0460997, -0.0421183, 0.0531323, -0.0341899, 0.0326508, -0.0176894, 0.0531323, -0.0341899, 0.120466, -0.0938212, 0.0531323, -0.0341899, 0.178291, -0.211011, 0.174447, -0.19304, 0.0368878, -0.0186213, 0.0865786, -0.0154051, 0.0234881, -0.0784903, 0.0865786, -0.0154051, 0.0501345, -0.0522673, 0.0368878, -0.0186213, 0.174447, -0.19304, 0.178291, -0.211011, 0.174447, -0.19304, 0.0501345, -0.0522673, 0.0281748, -0.00340207, 0.0531323, -0.0341899, 0.0460997, -0.0421183, 0.0368878, -0.0186213, 0.0326508, -0.0176894, 0.0193495, -0.0192065, 0.0460997, -0.0421183, 0.0561302, -0.0161124, 0.0281748, -0.00340207, 0.0460997, -0.0421183, 0.0368878, -0.0186213, 0.0209594, -0.00808949, 0.180899, -0.00357964, 0.0865786, -0.0154051, 0.11787, 0.0110472, 0.0326508, -0.0176894, 0.0460997, -0.0421183, 0.178291, -0.211011, 0.120466, -0.0938212, 0.0531323, -0.0341899, 0.0865786, -0.0154051, 0.0561302, -0.0161124, 0.120466, -0.0938212, 0.0561302, -0.0161124, 0.0281748, -0.00340207, 0.11787, 0.0110472, 0.0281748, -0.00340207, 0.0460997, -0.0421183, 0.0531323, -0.0341899, 0.0281748, -0.00340207, 0.0193495, -0.0192065, 0.0326508, -0.0176894, 0.0368878, -0.0186213, 0.0209594, -0.00808949, ]
best_mc_result_fixed_tau =   [0.154846, 0.154846, ]
evolved_state_fixed_tau =   [[0.0245835, -0.00393239, 0.0440261, -0.0108309, 0.0291801, 0.00128502, 0.0242836, -0.0190502, 0.038847, -0.0159663, 0.115626, 0.0132313, 0.038847, -0.0159663, 0.0907998, 0.0025348, 0.0627343, -0.043658, 0.038847, -0.0159663, 0.0242836, -0.0190502, 0.0291801, 0.00128502, 0.0440261, -0.0108309, 0.060315, -0.0246807, 0.187072, -0.178294, 0.060315, -0.0246807, 0.038847, -0.0159663, 0.0627343, -0.043658, 0.0907998, 0.0025348, 0.0283322, -0.0705794, 0.0291801, 0.00128502, 0.0578958, -0.00570333, 0.0527391, -0.0375597, 0.124909, -0.0827349, 0.188415, -0.198712, 0.0527391, -0.0375597, 0.115626, 0.0132313, 0.0907998, 0.0025348, 0.177868, -0.00201748, 0.0907998, 0.0025348, 0.0245835, -0.00393239, 0.0440261, -0.0108309, 0.0527391, -0.0375597, 0.060315, -0.0246807, 0.038847, -0.0159663, 0.060315, -0.0246807, 0.124909, -0.0827349, 0.060315, -0.0246807, 0.188415, -0.198712, 0.187072, -0.178294, 0.0440261, -0.0108309, 0.0907998, 0.0025348, 0.0283322, -0.0705794, 0.0907998, 0.0025348, 0.0627343, -0.043658, 0.0440261, -0.0108309, 0.187072, -0.178294, 0.188415, -0.198712, 0.187072, -0.178294, 0.0627343, -0.043658, 0.0291801, 0.00128502, 0.060315, -0.0246807, 0.0527391, -0.0375597, 0.0440261, -0.0108309, 0.038847, -0.0159663, 0.0242836, -0.0190502, 0.0527391, -0.0375597, 0.0578958, -0.00570333, 0.0291801, 0.00128502, 0.0527391, -0.0375597, 0.0440261, -0.0108309, 0.0245835, -0.00393239, 0.177868, -0.00201748, 0.0907998, 0.0025348, 0.115626, 0.0132313, 0.038847, -0.0159663, 0.0527391, -0.0375597, 0.188415, -0.198712, 0.124909, -0.0827349, 0.060315, -0.0246807, 0.0907998, 0.0025348, 0.0578958, -0.00570333, 0.124909, -0.0827349, 0.0578958, -0.00570333, 0.0291801, 0.00128502, 0.115626, 0.0132313, 0.0291801, 0.00128502, 0.0527391, -0.0375597, 0.060315, -0.0246807, 0.0291801, 0.00128502, 0.0242836, -0.0190502, 0.038847, -0.0159663, 0.0440261, -0.0108309, 0.0245835, -0.00393239, ],[0.0245835, -0.00393239, 0.0440261, -0.0108309, 0.0291801, 0.00128502, 0.0242836, -0.0190502, 0.038847, -0.0159663, 0.115626, 0.0132313, 0.038847, -0.0159663, 0.0907998, 0.0025348, 0.0627343, -0.043658, 0.038847, -0.0159663, 0.0242836, -0.0190502, 0.0291801, 0.00128502, 0.0440261, -0.0108309, 0.060315, -0.0246807, 0.187072, -0.178294, 0.060315, -0.0246807, 0.038847, -0.0159663, 0.0627343, -0.043658, 0.0907998, 0.0025348, 0.0283322, -0.0705794, 0.0291801, 0.00128502, 0.0578958, -0.00570333, 0.0527391, -0.0375597, 0.124909, -0.0827349, 0.188415, -0.198712, 0.0527391, -0.0375597, 0.115626, 0.0132313, 0.0907998, 0.0025348, 0.177868, -0.00201748, 0.0907998, 0.0025348, 0.0245835, -0.00393239, 0.0440261, -0.0108309, 0.0527391, -0.0375597, 0.060315, -0.0246807, 0.038847, -0.0159663, 0.060315, -0.0246807, 0.124909, -0.0827349, 0.060315, -0.0246807, 0.188415, -0.198712, 0.187072, -0.178294, 0.0440261, -0.0108309, 0.0907998, 0.0025348, 0.0283322, -0.0705794, 0.0907998, 0.0025348, 0.0627343, -0.043658, 0.0440261, -0.0108309, 0.187072, -0.178294, 0.188415, -0.198712, 0.187072, -0.178294, 0.0627343, -0.043658, 0.0291801, 0.00128502, 0.060315, -0.0246807, 0.0527391, -0.0375597, 0.0440261, -0.0108309, 0.038847, -0.0159663, 0.0242836, -0.0190502, 0.0527391, -0.0375597, 0.0578958, -0.00570333, 0.0291801, 0.00128502, 0.0527391, -0.0375597, 0.0440261, -0.0108309, 0.0245835, -0.00393239, 0.177868, -0.00201748, 0.0907998, 0.0025348, 0.115626, 0.0132313, 0.038847, -0.0159663, 0.0527391, -0.0375597, 0.188415, -0.198712, 0.124909, -0.0827349, 0.060315, -0.0246807, 0.0907998, 0.0025348, 0.0578958, -0.00570333, 0.124909, -0.0827349, 0.0578958, -0.00570333, 0.0291801, 0.00128502, 0.115626, 0.0132313, 0.0291801, 0.00128502, 0.0527391, -0.0375597, 0.060315, -0.0246807, 0.0291801, 0.00128502, 0.0242836, -0.0190502, 0.038847, -0.0159663, 0.0440261, -0.0108309, 0.0245835, -0.00393239, ],]
##############################################################################
clock_duration  =         1268.52
tau =                     1.44
total_steps =             32
time_step =               0.045
best_mc_result =          0.0869026
best_mc_result_non_secondary =          0.0941289
evolved_target_dot_squared =  0.913097
distance =          0.137176
j_protocol =  [[1, 1, 1, 0, 0, 0, 0, 1, 1, 0, 1, 0, 1, 1, 1, 1, 1, 0, 0, 0, 0, 1, 1, 1, 1, 1, 1, 1, 0, 1, 1, 0, ],[1, 1, 0, 0, 0, 1, 0, 1, 1, 0, 0, 1, 1, 1, 0, 1, 1, 0, 0, 1, 1, 1, 0, 0, 1, 1, 1, 1, 1, 1, 0, 0, ],]
k_protocol =  [[1, 1, 1, 1, 1, 1, 1, 1, 1, 1, 1, 1, 1, 1, 1, 1, 1, 1, 1, 1, 1, 1, 1, 1, 1, 1, 1, 1, 1, 1, 1, 1, ],[1, 1, 1, 1, 1, 1, 1, 1, 1, 1, 1, 1, 1, 1, 1, 1, 1, 1, 1, 1, 1, 1, 1, 1, 1, 1, 1, 1, 1, 1, 1, 1, ],]
j_protocol_secondary =  [0, 0.118887, 0.230623, 0.25569, 0.328835, 0.400963, 0.482609, 0.627073, 0.686123, 0.768535, 0.856794, 0.977248, 1.06348, 1.35653, ]
k_protocol_secondary =  [0, 0, 0.00518501, 0.0884421, 0.0884421, 0.121337, 0.121337, 0.530645, 0.530645, 0.923319, 0.923319, 1.38096, 1.38096, 1.44, ]
best_evolved_state = [0.0208737, 0.0149957, 0.0303987, 0.0553487, 0.0129808, 0.0352142, -0.00252637, -0.012527, 0.00929035, 0.0219883, 0.00390781, 0.123583, 0.00929035, 0.0219883, 0.0176661, 0.117813, 0.0563301, 0.0795397, 0.00929035, 0.0219883, -0.00252637, -0.012527, 0.0129808, 0.0352142, 0.0303987, 0.0553487, 0.0462234, 0.0638332, 0.154523, 0.216607, 0.0462234, 0.0638332, 0.00929035, 0.0219883, 0.0563301, 0.0795397, 0.0176661, 0.117813, 0.0158677, 0.077276, 0.0129808, 0.0352142, 0.0361167, 0.0481268, 0.041035, 0.0476038, 0.0941749, 0.0994585, 0.181321, 0.146449, 0.041035, 0.0476038, 0.00390781, 0.123583, 0.0176661, 0.117813, 0.0275046, 0.159738, 0.0176661, 0.117813, 0.0208737, 0.0149957, 0.0303987, 0.0553487, 0.041035, 0.0476038, 0.0462234, 0.0638332, 0.00929035, 0.0219883, 0.0462234, 0.0638332, 0.0941749, 0.0994585, 0.0462234, 0.0638332, 0.181321, 0.146449, 0.154523, 0.216607, 0.0303987, 0.0553487, 0.0176661, 0.117813, 0.0158677, 0.077276, 0.0176661, 0.117813, 0.0563301, 0.0795397, 0.0303987, 0.0553487, 0.154523, 0.216607, 0.181321, 0.146449, 0.154523, 0.216607, 0.0563301, 0.0795397, 0.0129808, 0.0352142, 0.0462234, 0.0638332, 0.041035, 0.0476038, 0.0303987, 0.0553487, 0.00929035, 0.0219883, -0.00252637, -0.012527, 0.041035, 0.0476038, 0.0361167, 0.0481268, 0.0129808, 0.0352142, 0.041035, 0.0476038, 0.0303987, 0.0553487, 0.0208737, 0.0149957, 0.0275046, 0.159738, 0.0176661, 0.117813, 0.00390781, 0.123583, 0.00929035, 0.0219883, 0.041035, 0.0476038, 0.181321, 0.146449, 0.0941749, 0.0994585, 0.0462234, 0.0638332, 0.0176661, 0.117813, 0.0361167, 0.0481268, 0.0941749, 0.0994585, 0.0361167, 0.0481268, 0.0129808, 0.0352142, 0.00390781, 0.123583, 0.0129808, 0.0352142, 0.041035, 0.0476038, 0.0462234, 0.0638332, 0.0129808, 0.0352142, -0.00252637, -0.012527, 0.00929035, 0.0219883, 0.0303987, 0.0553487, 0.0208737, 0.0149957, ]
best_mc_result_fixed_tau =   [0.0984097, 0.0941289, ]
evolved_state_fixed_tau =   [[0.0224467, 0.00604631, 0.0158385, 0.062695, 0.0102996, 0.0395129, -0.0148446, -0.0103801, 0.000329364, 0.0337155, -0.00484319, 0.131659, 0.000329364, 0.0337155, -0.00769142, 0.124141, 0.0431807, 0.0887341, 0.000329364, 0.0337155, -0.0148446, -0.0103801, 0.0102996, 0.0395129, 0.0158385, 0.062695, 0.0333854, 0.0700207, 0.103853, 0.227343, 0.0333854, 0.0700207, 0.000329364, 0.0337155, 0.0431807, 0.0887341, -0.00769142, 0.124141, 0.00395492, 0.0840311, 0.0102996, 0.0395129, 0.02359, 0.0513073, 0.0412168, 0.0602013, 0.0861922, 0.111714, 0.156055, 0.162918, 0.0412168, 0.0602013, -0.00484319, 0.131659, -0.00769142, 0.124141, 0.0138428, 0.16938, -0.00769142, 0.124141, 0.0224467, 0.00604631, 0.0158385, 0.062695, 0.0412168, 0.0602013, 0.0333854, 0.0700207, 0.000329364, 0.0337155, 0.0333854, 0.0700207, 0.0861922, 0.111714, 0.0333854, 0.0700207, 0.156055, 0.162918, 0.103853, 0.227343, 0.0158385, 0.062695, -0.00769142, 0.124141, 0.00395492, 0.0840311, -0.00769142, 0.124141, 0.0431807, 0.0887341, 0.0158385, 0.062695, 0.103853, 0.227343, 0.156055, 0.162918, 0.103853, 0.227343, 0.0431807, 0.0887341, 0.0102996, 0.0395129, 0.0333854, 0.0700207, 0.0412168, 0.0602013, 0.0158385, 0.062695, 0.000329364, 0.0337155, -0.0148446, -0.0103801, 0.0412168, 0.0602013, 0.02359, 0.0513073, 0.0102996, 0.0395129, 0.0412168, 0.0602013, 0.0158385, 0.062695, 0.0224467, 0.00604631, 0.0138428, 0.16938, -0.00769142, 0.124141, -0.00484319, 0.131659, 0.000329364, 0.0337155, 0.0412168, 0.0602013, 0.156055, 0.162918, 0.0861922, 0.111714, 0.0333854, 0.0700207, -0.00769142, 0.124141, 0.02359, 0.0513073, 0.0861922, 0.111714, 0.02359, 0.0513073, 0.0102996, 0.0395129, -0.00484319, 0.131659, 0.0102996, 0.0395129, 0.0412168, 0.0602013, 0.0333854, 0.0700207, 0.0102996, 0.0395129, -0.0148446, -0.0103801, 0.000329364, 0.0337155, 0.0158385, 0.062695, 0.0224467, 0.00604631, ],[0.0181119, 0.0175494, 0.0217481, 0.0553414, 0.0111638, 0.0337549, 0.00384753, -0.00263673, 0.0139801, 0.0291756, 0.00662324, 0.129621, 0.0139801, 0.0291756, 0.00656326, 0.111831, 0.0474073, 0.0787956, 0.0139801, 0.0291756, 0.00384753, -0.00263673, 0.0111638, 0.0337549, 0.0217481, 0.0553414, 0.0389243, 0.0631951, 0.138329, 0.221538, 0.0389243, 0.0631951, 0.0139801, 0.0291756, 0.0474073, 0.0787956, 0.00656326, 0.111831, 0.0239406, 0.0601674, 0.0111638, 0.0337549, 0.0304413, 0.0475946, 0.0441492, 0.0477743, 0.097061, 0.100857, 0.18136, 0.160636, 0.0441492, 0.0477743, 0.00662324, 0.129621, 0.00656326, 0.111831, 0.0334157, 0.175612, 0.00656326, 0.111831, 0.0181119, 0.0175494, 0.0217481, 0.0553414, 0.0441492, 0.0477743, 0.0389243, 0.0631951, 0.0139801, 0.0291756, 0.0389243, 0.0631951, 0.097061, 0.100857, 0.0389243, 0.0631951, 0.18136, 0.160636, 0.138329, 0.221538, 0.0217481, 0.0553414, 0.00656326, 0.111831, 0.0239406, 0.0601674, 0.00656326, 0.111831, 0.0474073, 0.0787956, 0.0217481, 0.0553414, 0.138329, 0.221538, 0.18136, 0.160636, 0.138329, 0.221538, 0.0474073, 0.0787956, 0.0111638, 0.0337549, 0.0389243, 0.0631951, 0.0441492, 0.0477743, 0.0217481, 0.0553414, 0.0139801, 0.0291756, 0.00384753, -0.00263673, 0.0441492, 0.0477743, 0.0304413, 0.0475946, 0.0111638, 0.0337549, 0.0441492, 0.0477743, 0.0217481, 0.0553414, 0.0181119, 0.0175494, 0.0334157, 0.175612, 0.00656326, 0.111831, 0.00662324, 0.129621, 0.0139801, 0.0291756, 0.0441492, 0.0477743, 0.18136, 0.160636, 0.097061, 0.100857, 0.0389243, 0.0631951, 0.00656326, 0.111831, 0.0304413, 0.0475946, 0.097061, 0.100857, 0.0304413, 0.0475946, 0.0111638, 0.0337549, 0.00662324, 0.129621, 0.0111638, 0.0337549, 0.0441492, 0.0477743, 0.0389243, 0.0631951, 0.0111638, 0.0337549, 0.00384753, -0.00263673, 0.0139801, 0.0291756, 0.0217481, 0.0553414, 0.0181119, 0.0175494, ],]
##############################################################################
clock_duration  =         1702.09
tau =                     1.584
total_steps =             32
time_step =               0.0495
best_mc_result =          0.0662653
best_mc_result_non_secondary =          0.0710163
evolved_target_dot_squared =  0.933735
distance =          0.1046
j_protocol =  [[1, 1, 0, 0, 0, 0, 1, 1, 0, 1, 0, 0, 1, 1, 1, 1, 0, 0, 1, 0, 0, 1, 1, 1, 1, 0, 1, 1, 1, 1, 1, 0, ],[1, 1, 0, 0, 1, 0, 0, 1, 0, 0, 1, 1, 1, 0, 0, 1, 1, 1, 0, 0, 0, 1, 1, 1, 1, 1, 0, 1, 1, 1, 1, 0, ],]
k_protocol =  [[0, 1, 1, 1, 1, 1, 1, 1, 1, 1, 1, 1, 1, 1, 1, 1, 1, 1, 1, 1, 1, 1, 1, 1, 1, 1, 1, 1, 1, 1, 1, 1, ],[1, 1, 1, 1, 1, 1, 1, 1, 1, 1, 1, 1, 1, 1, 1, 1, 1, 1, 1, 1, 1, 1, 1, 1, 1, 1, 1, 1, 1, 1, 1, 1, ],]
j_protocol_secondary =  [0, 0.102749, 0.209894, 0.238424, 0.340348, 0.42241, 0.494975, 0.630765, 0.756959, 0.923307, 1.05378, 1.23322, 1.28822, 1.52255, ]
k_protocol_secondary =  [0.00501395, 0.567616, 0.567616, 0.726011, 0.726011, 0.734455, 0.734455, 0.753013, 0.753013, 0.956227, 0.956227, 1.464, 1.464, 1.584, ]
best_evolved_state = [-0.00335272, 0.0175201, -0.0281314, 0.0579214, -0.0171859, 0.0300879, -0.0149362, -0.0079788, -0.0242801, 0.0189594, -0.0964566, 0.0803027, -0.0242801, 0.0189594, -0.09089, 0.0939791, -0.0411252, 0.0902663, -0.0242801, 0.0189594, -0.0149362, -0.0079788, -0.0171859, 0.0300879, -0.0281314, 0.0579214, -0.0265375, 0.0719601, -0.116339, 0.253175, -0.0265375, 0.0719601, -0.0242801, 0.0189594, -0.0411252, 0.0902663, -0.09089, 0.0939791, -0.0958978, 0.0818225, -0.0171859, 0.0300879, -0.0119498, 0.053654, -0.0134437, 0.0584425, -0.02225, 0.124407, -0.029267, 0.201073, -0.0134437, 0.0584425, -0.0964566, 0.0803027, -0.09089, 0.0939791, -0.11384, 0.107047, -0.09089, 0.0939791, -0.00335272, 0.0175201, -0.0281314, 0.0579214, -0.0134437, 0.0584425, -0.0265375, 0.0719601, -0.0242801, 0.0189594, -0.0265375, 0.0719601, -0.02225, 0.124407, -0.0265375, 0.0719601, -0.029267, 0.201073, -0.116339, 0.253175, -0.0281314, 0.0579214, -0.09089, 0.0939791, -0.0958978, 0.0818225, -0.09089, 0.0939791, -0.0411252, 0.0902663, -0.0281314, 0.0579214, -0.116339, 0.253175, -0.029267, 0.201073, -0.116339, 0.253175, -0.0411252, 0.0902663, -0.0171859, 0.0300879, -0.0265375, 0.0719601, -0.0134437, 0.0584425, -0.0281314, 0.0579214, -0.0242801, 0.0189594, -0.0149362, -0.0079788, -0.0134437, 0.0584425, -0.0119498, 0.053654, -0.0171859, 0.0300879, -0.0134437, 0.0584425, -0.0281314, 0.0579214, -0.00335272, 0.0175201, -0.11384, 0.107047, -0.09089, 0.0939791, -0.0964566, 0.0803027, -0.0242801, 0.0189594, -0.0134437, 0.0584425, -0.029267, 0.201073, -0.02225, 0.124407, -0.0265375, 0.0719601, -0.09089, 0.0939791, -0.0119498, 0.053654, -0.02225, 0.124407, -0.0119498, 0.053654, -0.0171859, 0.0300879, -0.0964566, 0.0803027, -0.0171859, 0.0300879, -0.0134437, 0.0584425, -0.0265375, 0.0719601, -0.0171859, 0.0300879, -0.0149362, -0.0079788, -0.0242801, 0.0189594, -0.0281314, 0.0579214, -0.00335272, 0.0175201, ]
best_mc_result_fixed_tau =   [0.0758916, 0.0710163, ]
evolved_state_fixed_tau =   [[0.00100274, 0.012704, -0.022322, 0.0648199, -0.013238, 0.0347459, -0.0245144, -0.00348161, -0.0253622, 0.032531, -0.0751942, 0.096188, -0.0253622, 0.032531, -0.0836808, 0.108787, -0.0210954, 0.0997061, -0.0253622, 0.032531, -0.0245144, -0.00348161, -0.013238, 0.0347459, -0.022322, 0.0648199, -0.0171491, 0.0771257, -0.0595803, 0.259619, -0.0171491, 0.0771257, -0.0253622, 0.032531, -0.0210954, 0.0997061, -0.0836808, 0.108787, -0.070516, 0.098404, -0.013238, 0.0347459, -0.0132029, 0.0545454, 0.00271897, 0.067881, 0.00184624, 0.127104, 0.0141008, 0.198472, 0.00271897, 0.067881, -0.0751942, 0.096188, -0.0836808, 0.108787, -0.0895094, 0.124823, -0.0836808, 0.108787, 0.00100274, 0.012704, -0.022322, 0.0648199, 0.00271897, 0.067881, -0.0171491, 0.0771257, -0.0253622, 0.032531, -0.0171491, 0.0771257, 0.00184624, 0.127104, -0.0171491, 0.0771257, 0.0141008, 0.198472, -0.0595803, 0.259619, -0.022322, 0.0648199, -0.0836808, 0.108787, -0.070516, 0.098404, -0.0836808, 0.108787, -0.0210954, 0.0997061, -0.022322, 0.0648199, -0.0595803, 0.259619, 0.0141008, 0.198472, -0.0595803, 0.259619, -0.0210954, 0.0997061, -0.013238, 0.0347459, -0.0171491, 0.0771257, 0.00271897, 0.067881, -0.022322, 0.0648199, -0.0253622, 0.032531, -0.0245144, -0.00348161, 0.00271897, 0.067881, -0.0132029, 0.0545454, -0.013238, 0.0347459, 0.00271897, 0.067881, -0.022322, 0.0648199, 0.00100274, 0.012704, -0.0895094, 0.124823, -0.0836808, 0.108787, -0.0751942, 0.096188, -0.0253622, 0.032531, 0.00271897, 0.067881, 0.0141008, 0.198472, 0.00184624, 0.127104, -0.0171491, 0.0771257, -0.0836808, 0.108787, -0.0132029, 0.0545454, 0.00184624, 0.127104, -0.0132029, 0.0545454, -0.013238, 0.0347459, -0.0751942, 0.096188, -0.013238, 0.0347459, 0.00271897, 0.067881, -0.0171491, 0.0771257, -0.013238, 0.0347459, -0.0245144, -0.00348161, -0.0253622, 0.032531, -0.022322, 0.0648199, 0.00100274, 0.012704, ],[-0.00177719, 0.0104784, -0.0297675, 0.0559372, -0.0183436, 0.0302511, -0.0210196, -0.0152357, -0.0303851, 0.016258, -0.108047, 0.0691485, -0.0303851, 0.016258, -0.0981957, 0.0904945, -0.0416503, 0.0865538, -0.0303851, 0.016258, -0.0210196, -0.0152357, -0.0183436, 0.0302511, -0.0297675, 0.0559372, -0.0297101, 0.0700118, -0.132655, 0.240689, -0.0297101, 0.0700118, -0.0303851, 0.016258, -0.0416503, 0.0865538, -0.0981957, 0.0904945, -0.104556, 0.0837921, -0.0183436, 0.0302511, -0.01777, 0.0534699, -0.0176276, 0.058284, -0.0355242, 0.124446, -0.0482617, 0.191474, -0.0176276, 0.058284, -0.108047, 0.0691485, -0.0981957, 0.0904945, -0.130738, 0.089542, -0.0981957, 0.0904945, -0.00177719, 0.0104784, -0.0297675, 0.0559372, -0.0176276, 0.058284, -0.0297101, 0.0700118, -0.0303851, 0.016258, -0.0297101, 0.0700118, -0.0355242, 0.124446, -0.0297101, 0.0700118, -0.0482617, 0.191474, -0.132655, 0.240689, -0.0297675, 0.0559372, -0.0981957, 0.0904945, -0.104556, 0.0837921, -0.0981957, 0.0904945, -0.0416503, 0.0865538, -0.0297675, 0.0559372, -0.132655, 0.240689, -0.0482617, 0.191474, -0.132655, 0.240689, -0.0416503, 0.0865538, -0.0183436, 0.0302511, -0.0297101, 0.0700118, -0.0176276, 0.058284, -0.0297675, 0.0559372, -0.0303851, 0.016258, -0.0210196, -0.0152357, -0.0176276, 0.058284, -0.01777, 0.0534699, -0.0183436, 0.0302511, -0.0176276, 0.058284, -0.0297675, 0.0559372, -0.00177719, 0.0104784, -0.130738, 0.089542, -0.0981957, 0.0904945, -0.108047, 0.0691485, -0.0303851, 0.016258, -0.0176276, 0.058284, -0.0482617, 0.191474, -0.0355242, 0.124446, -0.0297101, 0.0700118, -0.0981957, 0.0904945, -0.01777, 0.0534699, -0.0355242, 0.124446, -0.01777, 0.0534699, -0.0183436, 0.0302511, -0.108047, 0.0691485, -0.0183436, 0.0302511, -0.0176276, 0.058284, -0.0297101, 0.0700118, -0.0183436, 0.0302511, -0.0210196, -0.0152357, -0.0303851, 0.016258, -0.0297675, 0.0559372, -0.00177719, 0.0104784, ],]
##############################################################################
clock_duration  =         3416.37
tau =                     1.5939
total_steps =             32
time_step =               0.05445
best_mc_result =          0.0632983
best_mc_result_non_secondary =          0
evolved_target_dot_squared =  0.936702
distance =          0.0999164
j_protocol =  [[0, 0, 0, 0, 0, 0, 0, 0, 0, 0, 0, 0, 0, 0, 0, 0, 0, 0, 0, 0, 0, 0, 0, 0, 0, 0, 0, 0, 0, 0, 0, 0, ],[0, 0, 0, 0, 0, 0, 0, 0, 0, 0, 0, 0, 0, 0, 0, 0, 0, 0, 0, 0, 0, 0, 0, 0, 0, 0, 0, 0, 0, 0, 0, 0, ],]
k_protocol =  [[0, 0, 0, 0, 0, 0, 0, 0, 0, 0, 0, 0, 0, 0, 0, 0, 0, 0, 0, 0, 0, 0, 0, 0, 0, 0, 0, 0, 0, 0, 0, 0, ],[0, 0, 0, 0, 0, 0, 0, 0, 0, 0, 0, 0, 0, 0, 0, 0, 0, 0, 0, 0, 0, 0, 0, 0, 0, 0, 0, 0, 0, 0, 0, 0, ],]
j_protocol_secondary =  [0, 0.112571, 0.315991, 0.41752, 0.49832, 0.623643, 0.717541, 0.796877, 0.874292, 0.997532, 1.07338, 1.18102, 1.2449, 1.52663, ]
k_protocol_secondary =  [0, 0, 0.00498921, 0.329809, 0.329809, 0.525271, 0.525271, 0.849063, 0.849063, 1.0182, 1.0182, 1.33996, 1.33996, 1.5939, ]
best_evolved_state = [-0.00649392, 0.0208616, -0.0312113, 0.0564831, -0.0189038, 0.0289407, -0.0146189, -0.00554666, -0.0252484, 0.0184992, -0.100525, 0.0744832, -0.0252484, 0.0184992, -0.0954416, 0.0885568, -0.0478495, 0.0894696, -0.0252484, 0.0184992, -0.0146189, -0.00554666, -0.0189038, 0.0289407, -0.0312113, 0.0564831, -0.0308091, 0.0708673, -0.130618, 0.246404, -0.0308091, 0.0708673, -0.0252484, 0.0184992, -0.0478495, 0.0894696, -0.0954416, 0.0885568, -0.101481, 0.0805122, -0.0189038, 0.0289407, -0.0137688, 0.052265, -0.0167766, 0.0577465, -0.0289731, 0.121288, -0.0427065, 0.197106, -0.0167766, 0.0577465, -0.100525, 0.0744832, -0.0954416, 0.0885568, -0.120147, 0.100445, -0.0954416, 0.0885568, -0.00649392, 0.0208616, -0.0312113, 0.0564831, -0.0167766, 0.0577465, -0.0308091, 0.0708673, -0.0252484, 0.0184992, -0.0308091, 0.0708673, -0.0289731, 0.121288, -0.0308091, 0.0708673, -0.0427065, 0.197106, -0.130618, 0.246404, -0.0312113, 0.0564831, -0.0954416, 0.0885568, -0.101481, 0.0805122, -0.0954416, 0.0885568, -0.0478495, 0.0894696, -0.0312113, 0.0564831, -0.130618, 0.246404, -0.0427065, 0.197106, -0.130618, 0.246404, -0.0478495, 0.0894696, -0.0189038, 0.0289407, -0.0308091, 0.0708673, -0.0167766, 0.0577465, -0.0312113, 0.0564831, -0.0252484, 0.0184992, -0.0146189, -0.00554666, -0.0167766, 0.0577465, -0.0137688, 0.052265, -0.0189038, 0.0289407, -0.0167766, 0.0577465, -0.0312113, 0.0564831, -0.00649392, 0.0208616, -0.120147, 0.100445, -0.0954416, 0.0885568, -0.100525, 0.0744832, -0.0252484, 0.0184992, -0.0167766, 0.0577465, -0.0427065, 0.197106, -0.0289731, 0.121288, -0.0308091, 0.0708673, -0.0954416, 0.0885568, -0.0137688, 0.052265, -0.0289731, 0.121288, -0.0137688, 0.052265, -0.0189038, 0.0289407, -0.100525, 0.0744832, -0.0189038, 0.0289407, -0.0167766, 0.0577465, -0.0308091, 0.0708673, -0.0189038, 0.0289407, -0.0146189, -0.00554666, -0.0252484, 0.0184992, -0.0312113, 0.0564831, -0.00649392, 0.0208616, ]
best_mc_result_fixed_tau =   [0.0694286, 0.0694286, ]
evolved_state_fixed_tau =   [[-0.00166148, 0.0256588, -0.0281737, 0.0597852, -0.0197036, 0.0251911, -0.0152877, -0.0113218, -0.0311983, 0.0151148, -0.0759023, 0.05806, -0.0311983, 0.0151148, -0.0883372, 0.0726404, -0.0455098, 0.110589, -0.0311983, 0.0151148, -0.0152877, -0.0113218, -0.0197036, 0.0251911, -0.0281737, 0.0597852, -0.0302891, 0.0738899, -0.118788, 0.269341, -0.0302891, 0.0738899, -0.0311983, 0.0151148, -0.0455098, 0.110589, -0.0883372, 0.0726404, -0.0967855, 0.107129, -0.0197036, 0.0251911, -0.0150685, 0.0371913, -0.0184954, 0.0648796, -0.0330403, 0.113215, -0.0406088, 0.208017, -0.0184954, 0.0648796, -0.0759023, 0.05806, -0.0883372, 0.0726404, -0.0930713, 0.0706177, -0.0883372, 0.0726404, -0.00166148, 0.0256588, -0.0281737, 0.0597852, -0.0184954, 0.0648796, -0.0302891, 0.0738899, -0.0311983, 0.0151148, -0.0302891, 0.0738899, -0.0330403, 0.113215, -0.0302891, 0.0738899, -0.0406088, 0.208017, -0.118788, 0.269341, -0.0281737, 0.0597852, -0.0883372, 0.0726404, -0.0967855, 0.107129, -0.0883372, 0.0726404, -0.0455098, 0.110589, -0.0281737, 0.0597852, -0.118788, 0.269341, -0.0406088, 0.208017, -0.118788, 0.269341, -0.0455098, 0.110589, -0.0197036, 0.0251911, -0.0302891, 0.0738899, -0.0184954, 0.0648796, -0.0281737, 0.0597852, -0.0311983, 0.0151148, -0.0152877, -0.0113218, -0.0184954, 0.0648796, -0.0150685, 0.0371913, -0.0197036, 0.0251911, -0.0184954, 0.0648796, -0.0281737, 0.0597852, -0.00166148, 0.0256588, -0.0930713, 0.0706177, -0.0883372, 0.0726404, -0.0759023, 0.05806, -0.0311983, 0.0151148, -0.0184954, 0.0648796, -0.0406088, 0.208017, -0.0330403, 0.113215, -0.0302891, 0.0738899, -0.0883372, 0.0726404, -0.0150685, 0.0371913, -0.0330403, 0.113215, -0.0150685, 0.0371913, -0.0197036, 0.0251911, -0.0759023, 0.05806, -0.0197036, 0.0251911, -0.0184954, 0.0648796, -0.0302891, 0.0738899, -0.0197036, 0.0251911, -0.0152877, -0.0113218, -0.0311983, 0.0151148, -0.0281737, 0.0597852, -0.00166148, 0.0256588, ],[-0.00166148, 0.0256588, -0.0281737, 0.0597852, -0.0197036, 0.0251911, -0.0152877, -0.0113218, -0.0311983, 0.0151148, -0.0759023, 0.05806, -0.0311983, 0.0151148, -0.0883372, 0.0726404, -0.0455098, 0.110589, -0.0311983, 0.0151148, -0.0152877, -0.0113218, -0.0197036, 0.0251911, -0.0281737, 0.0597852, -0.0302891, 0.0738899, -0.118788, 0.269341, -0.0302891, 0.0738899, -0.0311983, 0.0151148, -0.0455098, 0.110589, -0.0883372, 0.0726404, -0.0967855, 0.107129, -0.0197036, 0.0251911, -0.0150685, 0.0371913, -0.0184954, 0.0648796, -0.0330403, 0.113215, -0.0406088, 0.208017, -0.0184954, 0.0648796, -0.0759023, 0.05806, -0.0883372, 0.0726404, -0.0930713, 0.0706177, -0.0883372, 0.0726404, -0.00166148, 0.0256588, -0.0281737, 0.0597852, -0.0184954, 0.0648796, -0.0302891, 0.0738899, -0.0311983, 0.0151148, -0.0302891, 0.0738899, -0.0330403, 0.113215, -0.0302891, 0.0738899, -0.0406088, 0.208017, -0.118788, 0.269341, -0.0281737, 0.0597852, -0.0883372, 0.0726404, -0.0967855, 0.107129, -0.0883372, 0.0726404, -0.0455098, 0.110589, -0.0281737, 0.0597852, -0.118788, 0.269341, -0.0406088, 0.208017, -0.118788, 0.269341, -0.0455098, 0.110589, -0.0197036, 0.0251911, -0.0302891, 0.0738899, -0.0184954, 0.0648796, -0.0281737, 0.0597852, -0.0311983, 0.0151148, -0.0152877, -0.0113218, -0.0184954, 0.0648796, -0.0150685, 0.0371913, -0.0197036, 0.0251911, -0.0184954, 0.0648796, -0.0281737, 0.0597852, -0.00166148, 0.0256588, -0.0930713, 0.0706177, -0.0883372, 0.0726404, -0.0759023, 0.05806, -0.0311983, 0.0151148, -0.0184954, 0.0648796, -0.0406088, 0.208017, -0.0330403, 0.113215, -0.0302891, 0.0738899, -0.0883372, 0.0726404, -0.0150685, 0.0371913, -0.0330403, 0.113215, -0.0150685, 0.0371913, -0.0197036, 0.0251911, -0.0759023, 0.05806, -0.0197036, 0.0251911, -0.0184954, 0.0648796, -0.0302891, 0.0738899, -0.0197036, 0.0251911, -0.0152877, -0.0113218, -0.0311983, 0.0151148, -0.0281737, 0.0597852, -0.00166148, 0.0256588, ],]
