START_PARAMETERS
MAX_STEPS_MCDB =               32
MIN_STEPS_MCDB =               4
STEPS_CRUNCH_MCDB =            1
SWEEPS_MCDB =                  100
TOTAL_STEP_CHANGES =                  6
MCBB_SECONDARY =                  1
SWEEPS_MCBB_SECONDARY =                  250
NUMBER_OF_BANGS =                  7
GROUND_E =                -1.97273
INITIAL_E =               -1.86105
j_initial =               0.229
k_initial =               0.5
b_initial =               0
j_target =                0.53
k_target =                0.5
b_target =                0
init_target_dot_squared = 0.972535
init_state = [-0.0336654, 0, -0.0278541, 0, -0.0336654, 0, -0.126208, 0, -0.252807, 0, -0.0336654, 0, -0.252807, 0, -0.187196, 0, -0.252807, 0, -0.187196, 0, -0.0336654, 0, -0.252807, 0, -0.126208, 0, -0.320215, 0, -0.187196, 0, -0.0278541, 0, -0.126208, 0, -0.0439774, 0, -0.126208, 0, -0.252807, 0, -0.0336654, 0, -0.126208, 0, -0.320215, 0, -0.126208, 0, -0.252807, 0, -0.187196, 0, -0.252807, 0, -0.0336654, 0, -0.0439774, 0, -0.126208, 0, -0.0278541, 0, -0.0336654, 0, -0.252807, 0, -0.126208, 0, -0.0278541, 0, -0.0336654, 0, ]
target_state = [0.0544913, 0, 0.0562554, 0, 0.0544913, 0, 0.156346, 0, 0.227505, 0, 0.0544913, 0, 0.227505, 0, 0.212564, 0, 0.227505, 0, 0.212564, 0, 0.0544913, 0, 0.227505, 0, 0.156346, 0, 0.282234, 0, 0.212564, 0, 0.0562554, 0, 0.156346, 0, 0.0834321, 0, 0.156346, 0, 0.227505, 0, 0.0544913, 0, 0.156346, 0, 0.282234, 0, 0.156346, 0, 0.227505, 0, 0.212564, 0, 0.227505, 0, 0.0544913, 0, 0.0834321, 0, 0.156346, 0, 0.0562554, 0, 0.0544913, 0, 0.227505, 0, 0.156346, 0, 0.0562554, 0, 0.0544913, 0, ]
USE_ENERGY_DISTANCE =     false
PERIODIC =                false
UNIFORM_SITES =           true
DEVICE_DIMENSION =        2
MAX_PARAM =               1
MIN_PARAM =               0
MIN_PARAM =               0
DIAG =                    true
NUM_SEEDS =               2
NUMBER_OF_BANGS =               7
DISTANCE_LIMIT =          0.01
TAU_INIT =                0.4
MAX_TAU =                 5
TAU_SCALAR =              1.2
TAU_SCALAR_TINY =         1.1
TAU_SCALAR_BIG =          1.4
ACCEPTANCE_PROB =         0.85
TEMP_EXP_DECAY =          0.8
MIN_TEMP_FRACTION =       0.01
TEMP_DECAY_ITERATIONS =   21
ZERO_TEMP_ITREATIONS =    30
RANDOM_STATES =           3
END_PARAMETERS
##############################################################################
clock_duration  =         763.953
tau =                     0.196875
total_steps =             32
time_step =               0.0125
best_mc_result =          0.0099016
best_mc_result_non_secondary =          0
evolved_target_dot_squared =  0.990098
distance =          0.360512
j_protocol =  [[0, 0, 0, 0, 0, 0, 0, 0, 0, 0, 0, 0, 0, 0, 0, 0, 0, 0, 0, 0, 0, 0, 0, 0, 0, 0, 0, 0, 0, 0, 0, 0, ],[0, 0, 0, 0, 0, 0, 0, 0, 0, 0, 0, 0, 0, 0, 0, 0, 0, 0, 0, 0, 0, 0, 0, 0, 0, 0, 0, 0, 0, 0, 0, 0, ],]
k_protocol =  [[0, 0, 0, 0, 0, 0, 0, 0, 0, 0, 0, 0, 0, 0, 0, 0, 0, 0, 0, 0, 0, 0, 0, 0, 0, 0, 0, 0, 0, 0, 0, 0, ],[0, 0, 0, 0, 0, 0, 0, 0, 0, 0, 0, 0, 0, 0, 0, 0, 0, 0, 0, 0, 0, 0, 0, 0, 0, 0, 0, 0, 0, 0, 0, 0, ],]
j_protocol_secondary =  [0, 0.0437848, 0.0437848, 0.046911, 0.046911, 0.0820174, 0.0820174, 0.103461, 0.103461, 0.112396, 0.113249, 0.113249, 0.15069, 0.15069, ]
k_protocol_secondary =  [0.0328405, 0.0328405, 0.0330578, 0.0330578, 0.0330604, 0.0330604, 0.0330696, 0.104972, 0.104972, 0.122473, 0.122473, 0.179348, 0.179348, 0.196875, ]
best_evolved_state = [-0.0524383, -0.0173326, -0.0272759, -0.0200393, -0.0524383, -0.0173326, -0.127628, -0.0565561, -0.223821, -0.0765242, -0.0524383, -0.0173326, -0.223821, -0.0765242, -0.193892, -0.0834143, -0.223821, -0.0765242, -0.193892, -0.0834143, -0.0524383, -0.0173326, -0.223821, -0.0765242, -0.127628, -0.0565561, -0.286986, -0.0963093, -0.193892, -0.0834143, -0.0272759, -0.0200393, -0.127628, -0.0565561, -0.0465861, -0.0289839, -0.127628, -0.0565561, -0.223821, -0.0765242, -0.0524383, -0.0173326, -0.127628, -0.0565561, -0.286986, -0.0963093, -0.127628, -0.0565561, -0.223821, -0.0765242, -0.193892, -0.0834143, -0.223821, -0.0765242, -0.0524383, -0.0173326, -0.0465861, -0.0289839, -0.127628, -0.0565561, -0.0272759, -0.0200393, -0.0524383, -0.0173326, -0.223821, -0.0765242, -0.127628, -0.0565561, -0.0272759, -0.0200393, -0.0524383, -0.0173326, ]
best_mc_result_fixed_tau =   [0.00550021, 0.00550021, ]
evolved_state_fixed_tau =   [[-0.039193, -0.0289088, -0.019833, -0.04784, -0.039193, -0.0289088, -0.0864878, -0.119829, -0.144414, -0.177787, -0.039193, -0.0289088, -0.144414, -0.177787, -0.141638, -0.173183, -0.144414, -0.177787, -0.141638, -0.173183, -0.039193, -0.0289088, -0.144414, -0.177787, -0.0864878, -0.119829, -0.187208, -0.218285, -0.141638, -0.173183, -0.019833, -0.04784, -0.0864878, -0.119829, -0.0302246, -0.0649732, -0.0864878, -0.119829, -0.144414, -0.177787, -0.039193, -0.0289088, -0.0864878, -0.119829, -0.187208, -0.218285, -0.0864878, -0.119829, -0.144414, -0.177787, -0.141638, -0.173183, -0.144414, -0.177787, -0.039193, -0.0289088, -0.0302246, -0.0649732, -0.0864878, -0.119829, -0.019833, -0.04784, -0.039193, -0.0289088, -0.144414, -0.177787, -0.0864878, -0.119829, -0.019833, -0.04784, -0.039193, -0.0289088, ],[-0.039193, -0.0289088, -0.019833, -0.04784, -0.039193, -0.0289088, -0.0864878, -0.119829, -0.144414, -0.177787, -0.039193, -0.0289088, -0.144414, -0.177787, -0.141638, -0.173183, -0.144414, -0.177787, -0.141638, -0.173183, -0.039193, -0.0289088, -0.144414, -0.177787, -0.0864878, -0.119829, -0.187208, -0.218285, -0.141638, -0.173183, -0.019833, -0.04784, -0.0864878, -0.119829, -0.0302246, -0.0649732, -0.0864878, -0.119829, -0.144414, -0.177787, -0.039193, -0.0289088, -0.0864878, -0.119829, -0.187208, -0.218285, -0.0864878, -0.119829, -0.144414, -0.177787, -0.141638, -0.173183, -0.144414, -0.177787, -0.039193, -0.0289088, -0.0302246, -0.0649732, -0.0864878, -0.119829, -0.019833, -0.04784, -0.039193, -0.0289088, -0.144414, -0.177787, -0.0864878, -0.119829, -0.019833, -0.04784, -0.039193, -0.0289088, ],]
