START_PARAMETERS
MAX_STEPS_MCDB =               32
MIN_STEPS_MCDB =               4
STEPS_CRUNCH_MCDB =            1
SWEEPS_MCDB =                  100
TOTAL_STEP_CHANGES =                  6
MCBB_SECONDARY =                  1
SWEEPS_MCBB_SECONDARY =                  250
NUMBER_OF_BANGS =                  7
GROUND_E =                -0.749279
INITIAL_E =               -0.672555
j_initial =               0.125
k_initial =               0.5
b_initial =               0
j_target =                0.258
k_target =                0.5
b_target =                0
init_target_dot_squared = 0.967758
init_state = [-0.021579, 0, -0.0128759, 0, -0.021579, 0, -0.0937204, 0, -0.273111, 0, -0.021579, 0, -0.273111, 0, -0.145431, 0, -0.273111, 0, -0.145431, 0, -0.021579, 0, -0.273111, 0, -0.0937204, 0, -0.348678, 0, -0.145431, 0, -0.0128759, 0, -0.0937204, 0, -0.0209322, 0, -0.0937204, 0, -0.273111, 0, -0.021579, 0, -0.0937204, 0, -0.348678, 0, -0.0937204, 0, -0.273111, 0, -0.145431, 0, -0.273111, 0, -0.021579, 0, -0.0209322, 0, -0.0937204, 0, -0.0128759, 0, -0.021579, 0, -0.273111, 0, -0.0937204, 0, -0.0128759, 0, -0.021579, 0, ]
target_state = [-0.0364048, 0, -0.0315475, 0, -0.0364048, 0, -0.131682, 0, -0.248745, 0, -0.0364048, 0, -0.248745, 0, -0.193114, 0, -0.248745, 0, -0.193114, 0, -0.0364048, 0, -0.248745, 0, -0.131682, 0, -0.314359, 0, -0.193114, 0, -0.0315475, 0, -0.131682, 0, -0.0494298, 0, -0.131682, 0, -0.248745, 0, -0.0364048, 0, -0.131682, 0, -0.314359, 0, -0.131682, 0, -0.248745, 0, -0.193114, 0, -0.248745, 0, -0.0364048, 0, -0.0494298, 0, -0.131682, 0, -0.0315475, 0, -0.0364048, 0, -0.248745, 0, -0.131682, 0, -0.0315475, 0, -0.0364048, 0, ]
USE_ENERGY_DISTANCE =     false
PERIODIC =                false
UNIFORM_SITES =           true
DEVICE_DIMENSION =        2
MAX_PARAM =               1
MIN_PARAM =               0
MIN_PARAM =               0
DIAG =                    true
NUM_SEEDS =               2
NUMBER_OF_BANGS =               7
DISTANCE_LIMIT =          0.01
TAU_INIT =                0.4
MAX_TAU =                 5
TAU_SCALAR =              1.2
TAU_SCALAR_TINY =         1.1
TAU_SCALAR_BIG =          1.4
ACCEPTANCE_PROB =         0.85
TEMP_EXP_DECAY =          0.8
MIN_TEMP_FRACTION =       0.01
TEMP_DECAY_ITERATIONS =   21
ZERO_TEMP_ITREATIONS =    30
RANDOM_STATES =           3
END_PARAMETERS
##############################################################################
clock_duration  =         860.126
tau =                     0.28125
total_steps =             32
time_step =               0.0125
best_mc_result =          0.0100236
best_mc_result_non_secondary =          0
evolved_target_dot_squared =  0.989976
distance =          0.310891
j_protocol =  [[0, 0, 0, 0, 0, 0, 0, 0, 0, 0, 0, 0, 0, 0, 0, 0, 0, 0, 0, 0, 0, 0, 0, 0, 0, 0, 0, 0, 0, 0, 0, 0, ],[0, 0, 0, 0, 0, 0, 0, 0, 0, 0, 0, 0, 0, 0, 0, 0, 0, 0, 0, 0, 0, 0, 0, 0, 0, 0, 0, 0, 0, 0, 0, 0, ],]
k_protocol =  [[0, 0, 0, 0, 0, 0, 0, 0, 0, 0, 0, 0, 0, 0, 0, 0, 0, 0, 0, 0, 0, 0, 0, 0, 0, 0, 0, 0, 0, 0, 0, 0, ],[0, 0, 0, 0, 0, 0, 0, 0, 0, 0, 0, 0, 0, 0, 0, 0, 0, 0, 0, 0, 0, 0, 0, 0, 0, 0, 0, 0, 0, 0, 0, 0, ],]
j_protocol_secondary =  [0, 0.0140459, 0.0140459, 0.0790709, 0.0790709, 0.096555, 0.163169, 0.163169, 0.185773, 0.185773, 0.20697, 0.20697, 0.20697, 0.20697, ]
k_protocol_secondary =  [0.0126621, 0.0169746, 0.0169746, 0.131647, 0.131647, 0.137376, 0.137376, 0.176451, 0.176451, 0.193057, 0.193057, 0.250271, 0.250271, 0.28125, ]
best_evolved_state = [-0.04838, 0.00714629, -0.0167277, -0.0107326, -0.04838, 0.00714629, -0.110054, -0.0337964, -0.250546, -0.0504265, -0.04838, 0.00714629, -0.250546, -0.0504265, -0.173985, -0.0516858, -0.250546, -0.0504265, -0.173985, -0.0516858, -0.04838, 0.00714629, -0.250546, -0.0504265, -0.110054, -0.0337964, -0.323063, -0.0637244, -0.173985, -0.0516858, -0.0167277, -0.0107326, -0.110054, -0.0337964, -0.0292283, -0.0138418, -0.110054, -0.0337964, -0.250546, -0.0504265, -0.04838, 0.00714629, -0.110054, -0.0337964, -0.323063, -0.0637244, -0.110054, -0.0337964, -0.250546, -0.0504265, -0.173985, -0.0516858, -0.250546, -0.0504265, -0.04838, 0.00714629, -0.0292283, -0.0138418, -0.110054, -0.0337964, -0.0167277, -0.0107326, -0.04838, 0.00714629, -0.250546, -0.0504265, -0.110054, -0.0337964, -0.0167277, -0.0107326, -0.04838, 0.00714629, ]
best_mc_result_fixed_tau =   [0.00820555, 0.00820555, ]
evolved_state_fixed_tau =   [[-0.0433473, 0.00675923, -0.0197211, -0.0180902, -0.0433473, 0.00675923, -0.109351, -0.0534587, -0.236951, -0.083754, -0.0433473, 0.00675923, -0.236951, -0.083754, -0.17467, -0.0804347, -0.236951, -0.083754, -0.17467, -0.0804347, -0.0433473, 0.00675923, -0.236951, -0.083754, -0.109351, -0.0534587, -0.304791, -0.103257, -0.17467, -0.0804347, -0.0197211, -0.0180902, -0.109351, -0.0534587, -0.030099, -0.0232512, -0.109351, -0.0534587, -0.236951, -0.083754, -0.0433473, 0.00675923, -0.109351, -0.0534587, -0.304791, -0.103257, -0.109351, -0.0534587, -0.236951, -0.083754, -0.17467, -0.0804347, -0.236951, -0.083754, -0.0433473, 0.00675923, -0.030099, -0.0232512, -0.109351, -0.0534587, -0.0197211, -0.0180902, -0.0433473, 0.00675923, -0.236951, -0.083754, -0.109351, -0.0534587, -0.0197211, -0.0180902, -0.0433473, 0.00675923, ],[-0.0433473, 0.00675923, -0.0197211, -0.0180902, -0.0433473, 0.00675923, -0.109351, -0.0534587, -0.236951, -0.083754, -0.0433473, 0.00675923, -0.236951, -0.083754, -0.17467, -0.0804347, -0.236951, -0.083754, -0.17467, -0.0804347, -0.0433473, 0.00675923, -0.236951, -0.083754, -0.109351, -0.0534587, -0.304791, -0.103257, -0.17467, -0.0804347, -0.0197211, -0.0180902, -0.109351, -0.0534587, -0.030099, -0.0232512, -0.109351, -0.0534587, -0.236951, -0.083754, -0.0433473, 0.00675923, -0.109351, -0.0534587, -0.304791, -0.103257, -0.109351, -0.0534587, -0.236951, -0.083754, -0.17467, -0.0804347, -0.236951, -0.083754, -0.0433473, 0.00675923, -0.030099, -0.0232512, -0.109351, -0.0534587, -0.0197211, -0.0180902, -0.0433473, 0.00675923, -0.236951, -0.083754, -0.109351, -0.0534587, -0.0197211, -0.0180902, -0.0433473, 0.00675923, ],]
