START_PARAMETERS
MAX_STEPS_MCDB =               32
MIN_STEPS_MCDB =               4
STEPS_CRUNCH_MCDB =            1
SWEEPS_MCDB =                  100
TOTAL_STEP_CHANGES =                  6
MCBB_SECONDARY =                  1
SWEEPS_MCBB_SECONDARY =                  250
NUMBER_OF_BANGS =                  7
GROUND_E =                -0.216165
INITIAL_E =               0.208534
j_initial =               0.611
k_initial =               0.062
b_initial =               0
j_target =                0.118
k_target =                0.5
b_target =                0
init_target_dot_squared = 0.7638
init_state = [0.0936642, 0, 0.10403, 0, 0.0936642, 0, 0.175688, 0, 0.200002, 0, 0.0936642, 0, 0.200002, 0, 0.2079, 0, 0.200002, 0, 0.2079, 0, 0.0936642, 0, 0.200002, 0, 0.175688, 0, 0.234376, 0, 0.2079, 0, 0.10403, 0, 0.175688, 0, 0.13571, 0, 0.175688, 0, 0.200002, 0, 0.0936642, 0, 0.175688, 0, 0.234376, 0, 0.175688, 0, 0.200002, 0, 0.2079, 0, 0.200002, 0, 0.0936642, 0, 0.13571, 0, 0.175688, 0, 0.10403, 0, 0.0936642, 0, 0.200002, 0, 0.175688, 0, 0.10403, 0, 0.0936642, 0, ]
target_state = [-0.0206005, 0, -0.0118212, 0, -0.0206005, 0, -0.0904067, 0, -0.274829, 0, -0.0206005, 0, -0.274829, 0, -0.140723, 0, -0.274829, 0, -0.140723, 0, -0.0206005, 0, -0.274829, 0, -0.0904067, 0, -0.351041, 0, -0.140723, 0, -0.0118212, 0, -0.0904067, 0, -0.0192549, 0, -0.0904067, 0, -0.274829, 0, -0.0206005, 0, -0.0904067, 0, -0.351041, 0, -0.0904067, 0, -0.274829, 0, -0.140723, 0, -0.274829, 0, -0.0206005, 0, -0.0192549, 0, -0.0904067, 0, -0.0118212, 0, -0.0206005, 0, -0.274829, 0, -0.0904067, 0, -0.0118212, 0, -0.0206005, 0, ]
USE_ENERGY_DISTANCE =     false
PERIODIC =                false
UNIFORM_SITES =           true
DEVICE_DIMENSION =        2
MAX_PARAM =               1
MIN_PARAM =               0
MIN_PARAM =               0
DIAG =                    true
NUM_SEEDS =               2
NUMBER_OF_BANGS =               7
DISTANCE_LIMIT =          0.01
TAU_INIT =                0.4
MAX_TAU =                 5
TAU_SCALAR =              1.2
TAU_SCALAR_TINY =         1.1
TAU_SCALAR_BIG =          1.4
ACCEPTANCE_PROB =         0.85
TEMP_EXP_DECAY =          0.8
MIN_TEMP_FRACTION =       0.01
TEMP_DECAY_ITERATIONS =   21
ZERO_TEMP_ITREATIONS =    30
RANDOM_STATES =           3
END_PARAMETERS
##############################################################################
clock_duration  =         208.148
tau =                     0.4
total_steps =             32
time_step =               0.0125
best_mc_result =          0.0703564
best_mc_result_non_secondary =          0.0704022
evolved_target_dot_squared =  0.929644
distance =          0.297867
j_protocol =  [[0, 1, 1, 1, 1, 1, 1, 1, 1, 1, 1, 1, 1, 0, 1, 1, 1, 0, 0, 0, 0, 1, 1, 1, 1, 1, 1, 1, 1, 1, 1, 1, ],[0, 1, 1, 1, 1, 1, 1, 1, 1, 1, 1, 1, 1, 1, 1, 0, 0, 1, 0, 0, 0, 1, 1, 1, 1, 1, 1, 1, 1, 1, 1, 1, ],]
k_protocol =  [[1, 1, 1, 1, 1, 1, 1, 1, 1, 1, 1, 1, 1, 1, 1, 1, 1, 1, 1, 1, 1, 1, 1, 1, 1, 1, 1, 1, 1, 1, 1, 0, ],[1, 1, 1, 1, 1, 1, 1, 1, 1, 1, 1, 1, 1, 1, 1, 1, 1, 1, 1, 1, 1, 1, 1, 1, 1, 1, 1, 1, 1, 1, 1, 0, ],]
j_protocol_secondary =  [0.020952, 0.191803, 0.212565, 0.227715, 0.26698, 0.290458, 0.290458, 0.300154, 0.300154, 0.335176, 0.335176, 0.370908, 0.370908, 0.4, ]
k_protocol_secondary =  [0, 0.0524717, 0.0524717, 0.139957, 0.139957, 0.15096, 0.15096, 0.258878, 0.258878, 0.264112, 0.264112, 0.366809, 0.366809, 0.386623, ]
best_evolved_state = [-0.0126438, 0.0144577, 0.0594649, -0.0184977, -0.0126438, 0.0144577, 0.0893493, 0.118815, 0.115269, 0.222987, -0.0126438, 0.0144577, 0.115269, 0.222987, 0.0487914, 0.158452, 0.115269, 0.222987, 0.0487914, 0.158452, -0.0126438, 0.0144577, 0.115269, 0.222987, 0.0893493, 0.118815, 0.103497, 0.284714, 0.0487914, 0.158452, 0.0594649, -0.0184977, 0.0893493, 0.118815, 0.0580886, 0.0142094, 0.0893493, 0.118815, 0.115269, 0.222987, -0.0126438, 0.0144577, 0.0893493, 0.118815, 0.103497, 0.284714, 0.0893493, 0.118815, 0.115269, 0.222987, 0.0487914, 0.158452, 0.115269, 0.222987, -0.0126438, 0.0144577, 0.0580886, 0.0142094, 0.0893493, 0.118815, 0.0594649, -0.0184977, -0.0126438, 0.0144577, 0.115269, 0.222987, 0.0893493, 0.118815, 0.0594649, -0.0184977, -0.0126438, 0.0144577, ]
best_mc_result_fixed_tau =   [0.0704188, 0.0704022, ]
evolved_state_fixed_tau =   [[-0.0135433, 0.0137108, 0.060331, -0.0169773, -0.0135433, 0.0137108, 0.0858855, 0.121102, 0.108934, 0.226363, -0.0135433, 0.0137108, 0.108934, 0.226363, 0.0441554, 0.159234, 0.108934, 0.226363, 0.0441554, 0.159234, -0.0135433, 0.0137108, 0.108934, 0.226363, 0.0858855, 0.121102, 0.0953454, 0.287697, 0.0441554, 0.159234, 0.060331, -0.0169773, 0.0858855, 0.121102, 0.0578793, 0.015568, 0.0858855, 0.121102, 0.108934, 0.226363, -0.0135433, 0.0137108, 0.0858855, 0.121102, 0.0953454, 0.287697, 0.0858855, 0.121102, 0.108934, 0.226363, 0.0441554, 0.159234, 0.108934, 0.226363, -0.0135433, 0.0137108, 0.0578793, 0.015568, 0.0858855, 0.121102, 0.060331, -0.0169773, -0.0135433, 0.0137108, 0.108934, 0.226363, 0.0858855, 0.121102, 0.060331, -0.0169773, -0.0135433, 0.0137108, ],[-0.0133221, 0.0132896, 0.0605234, -0.0168266, -0.0133221, 0.0132896, 0.0859772, 0.121036, 0.108667, 0.22657, -0.0133221, 0.0132896, 0.108667, 0.22657, 0.0444207, 0.158989, 0.108667, 0.22657, 0.0444207, 0.158989, -0.0133221, 0.0132896, 0.108667, 0.22657, 0.0859772, 0.121036, 0.0950438, 0.287757, 0.0444207, 0.158989, 0.0605234, -0.0168266, 0.0859772, 0.121036, 0.0580887, 0.0155586, 0.0859772, 0.121036, 0.108667, 0.22657, -0.0133221, 0.0132896, 0.0859772, 0.121036, 0.0950438, 0.287757, 0.0859772, 0.121036, 0.108667, 0.22657, 0.0444207, 0.158989, 0.108667, 0.22657, -0.0133221, 0.0132896, 0.0580887, 0.0155586, 0.0859772, 0.121036, 0.0605234, -0.0168266, -0.0133221, 0.0132896, 0.108667, 0.22657, 0.0859772, 0.121036, 0.0605234, -0.0168266, -0.0133221, 0.0132896, ],]
##############################################################################
clock_duration  =         405.52
tau =                     0.48
total_steps =             32
time_step =               0.015
best_mc_result =          0.0619167
best_mc_result_non_secondary =          0.062252
evolved_target_dot_squared =  0.938083
distance =          0.262136
j_protocol =  [[1, 1, 1, 1, 1, 1, 1, 1, 1, 1, 1, 1, 1, 1, 1, 1, 1, 1, 0, 0, 0, 0, 0, 0, 1, 1, 1, 1, 1, 1, 1, 1, ],[1, 1, 1, 1, 1, 1, 1, 1, 1, 1, 1, 1, 1, 1, 1, 1, 1, 1, 0, 0, 0, 0, 0, 0, 1, 1, 1, 1, 1, 1, 1, 1, ],]
k_protocol =  [[1, 1, 1, 1, 1, 1, 1, 1, 1, 1, 1, 1, 1, 1, 1, 1, 1, 1, 1, 1, 1, 1, 1, 1, 1, 1, 1, 1, 1, 1, 1, 1, ],[1, 1, 1, 1, 1, 1, 1, 1, 1, 1, 1, 1, 1, 1, 1, 1, 1, 1, 1, 1, 1, 1, 1, 1, 1, 1, 1, 1, 1, 1, 1, 1, ],]
j_protocol_secondary =  [0.00949039, 0.0277989, 0.0277989, 0.104767, 0.104767, 0.166019, 0.166019, 0.271048, 0.303992, 0.305412, 0.325249, 0.325249, 0.368929, 0.48, ]
k_protocol_secondary =  [0, 0.010452, 0.010452, 0.0557083, 0.0557083, 0.180714, 0.180714, 0.329123, 0.329123, 0.36823, 0.36823, 0.43196, 0.43196, 0.467955, ]
best_evolved_state = [-0.0199103, 0.0196558, 0.0432074, -0.0240419, -0.0199103, 0.0196558, 0.0707696, 0.122829, 0.0716274, 0.242228, -0.0199103, 0.0196558, 0.0716274, 0.242228, 0.0164394, 0.167448, 0.0716274, 0.242228, 0.0164394, 0.167448, -0.0199103, 0.0196558, 0.0716274, 0.242228, 0.0707696, 0.122829, 0.0477442, 0.309003, 0.0164394, 0.167448, 0.0432074, -0.0240419, 0.0707696, 0.122829, 0.0425851, 0.0135893, 0.0707696, 0.122829, 0.0716274, 0.242228, -0.0199103, 0.0196558, 0.0707696, 0.122829, 0.0477442, 0.309003, 0.0707696, 0.122829, 0.0716274, 0.242228, 0.0164394, 0.167448, 0.0716274, 0.242228, -0.0199103, 0.0196558, 0.0425851, 0.0135893, 0.0707696, 0.122829, 0.0432074, -0.0240419, -0.0199103, 0.0196558, 0.0716274, 0.242228, 0.0707696, 0.122829, 0.0432074, -0.0240419, -0.0199103, 0.0196558, ]
best_mc_result_fixed_tau =   [0.062252, 0.062252, ]
evolved_state_fixed_tau =   [[-0.0213693, 0.0220729, 0.0416931, -0.0229824, -0.0213693, 0.0220729, 0.0631153, 0.12669, 0.0555098, 0.245598, -0.0213693, 0.0220729, 0.0555098, 0.245598, 0.00517589, 0.170391, 0.0555098, 0.245598, 0.00517589, 0.170391, -0.0213693, 0.0220729, 0.0555098, 0.245598, 0.0631153, 0.12669, 0.027058, 0.311866, 0.00517589, 0.170391, 0.0416931, -0.0229824, 0.0631153, 0.12669, 0.039955, 0.0157797, 0.0631153, 0.12669, 0.0555098, 0.245598, -0.0213693, 0.0220729, 0.0631153, 0.12669, 0.027058, 0.311866, 0.0631153, 0.12669, 0.0555098, 0.245598, 0.00517589, 0.170391, 0.0555098, 0.245598, -0.0213693, 0.0220729, 0.039955, 0.0157797, 0.0631153, 0.12669, 0.0416931, -0.0229824, -0.0213693, 0.0220729, 0.0555098, 0.245598, 0.0631153, 0.12669, 0.0416931, -0.0229824, -0.0213693, 0.0220729, ],[-0.0213693, 0.0220729, 0.0416931, -0.0229824, -0.0213693, 0.0220729, 0.0631153, 0.12669, 0.0555098, 0.245598, -0.0213693, 0.0220729, 0.0555098, 0.245598, 0.00517589, 0.170391, 0.0555098, 0.245598, 0.00517589, 0.170391, -0.0213693, 0.0220729, 0.0555098, 0.245598, 0.0631153, 0.12669, 0.027058, 0.311866, 0.00517589, 0.170391, 0.0416931, -0.0229824, 0.0631153, 0.12669, 0.039955, 0.0157797, 0.0631153, 0.12669, 0.0555098, 0.245598, -0.0213693, 0.0220729, 0.0631153, 0.12669, 0.027058, 0.311866, 0.0631153, 0.12669, 0.0555098, 0.245598, 0.00517589, 0.170391, 0.0555098, 0.245598, -0.0213693, 0.0220729, 0.039955, 0.0157797, 0.0631153, 0.12669, 0.0416931, -0.0229824, -0.0213693, 0.0220729, 0.0555098, 0.245598, 0.0631153, 0.12669, 0.0416931, -0.0229824, -0.0213693, 0.0220729, ],]
##############################################################################
clock_duration  =         616.296
tau =                     0.672
total_steps =             32
time_step =               0.021
best_mc_result =          0.0406231
best_mc_result_non_secondary =          0.0413751
evolved_target_dot_squared =  0.959377
distance =          0.171986
j_protocol =  [[1, 1, 1, 1, 1, 1, 1, 1, 1, 1, 1, 1, 1, 1, 1, 1, 1, 0, 1, 0, 0, 0, 0, 0, 0, 0, 1, 1, 1, 1, 1, 1, ],[1, 1, 1, 1, 1, 1, 1, 1, 1, 1, 1, 1, 1, 1, 1, 1, 1, 0, 0, 0, 0, 0, 0, 1, 1, 0, 0, 0, 1, 1, 1, 1, ],]
k_protocol =  [[1, 1, 1, 1, 1, 1, 0, 1, 1, 1, 1, 1, 1, 1, 1, 1, 1, 1, 1, 1, 1, 1, 1, 1, 1, 1, 1, 1, 1, 1, 1, 1, ],[1, 1, 1, 1, 1, 1, 1, 1, 1, 1, 1, 1, 1, 1, 1, 1, 1, 1, 1, 1, 1, 1, 1, 1, 1, 1, 1, 1, 1, 1, 1, 0, ],]
j_protocol_secondary =  [0.00788325, 0.300252, 0.300252, 0.329571, 0.329571, 0.360598, 0.374893, 0.37654, 0.384831, 0.391279, 0.556815, 0.660521, 0.660521, 0.672, ]
k_protocol_secondary =  [0, 0.0569618, 0.0569618, 0.0641277, 0.0641277, 0.141661, 0.141661, 0.215877, 0.215877, 0.544546, 0.544546, 0.608293, 0.608293, 0.657523, ]
best_evolved_state = [-0.0181528, 0.0247518, -0.00338566, -0.0253994, -0.0181528, 0.0247518, 0.0404325, 0.108939, -0.00347005, 0.256736, -0.0181528, 0.0247518, -0.00347005, 0.256736, -0.0367784, 0.174712, -0.00347005, 0.256736, -0.0367784, 0.174712, -0.0181528, 0.0247518, -0.00347005, 0.256736, 0.0404325, 0.108939, -0.0473653, 0.332949, -0.0367784, 0.174712, -0.00338566, -0.0253994, 0.0404325, 0.108939, 0.010109, 0.0158763, 0.0404325, 0.108939, -0.00347005, 0.256736, -0.0181528, 0.0247518, 0.0404325, 0.108939, -0.0473653, 0.332949, 0.0404325, 0.108939, -0.00347005, 0.256736, -0.0367784, 0.174712, -0.00347005, 0.256736, -0.0181528, 0.0247518, 0.010109, 0.0158763, 0.0404325, 0.108939, -0.00338566, -0.0253994, -0.0181528, 0.0247518, -0.00347005, 0.256736, 0.0404325, 0.108939, -0.00338566, -0.0253994, -0.0181528, 0.0247518, ]
best_mc_result_fixed_tau =   [0.0413751, 0.0417539, ]
evolved_state_fixed_tau =   [[-0.021715, 0.0227839, 0.000458442, -0.0202439, -0.021715, 0.0227839, 0.0233082, 0.116163, -0.0386958, 0.251399, -0.021715, 0.0227839, -0.0386958, 0.251399, -0.0594396, 0.174049, -0.0386958, 0.251399, -0.0594396, 0.174049, -0.021715, 0.0227839, -0.0386958, 0.251399, 0.0233082, 0.116163, -0.0924297, 0.321699, -0.0594396, 0.174049, 0.000458442, -0.0202439, 0.0233082, 0.116163, 0.00814415, 0.0228513, 0.0233082, 0.116163, -0.0386958, 0.251399, -0.021715, 0.0227839, 0.0233082, 0.116163, -0.0924297, 0.321699, 0.0233082, 0.116163, -0.0386958, 0.251399, -0.0594396, 0.174049, -0.0386958, 0.251399, -0.021715, 0.0227839, 0.00814415, 0.0228513, 0.0233082, 0.116163, 0.000458442, -0.0202439, -0.021715, 0.0227839, -0.0386958, 0.251399, 0.0233082, 0.116163, 0.000458442, -0.0202439, -0.021715, 0.0227839, ],[-0.0192659, 0.0266692, -0.00171324, -0.025485, -0.0192659, 0.0266692, 0.0354204, 0.112142, -0.0144116, 0.255402, -0.0192659, 0.0266692, -0.0144116, 0.255402, -0.0444308, 0.174125, -0.0144116, 0.255402, -0.0444308, 0.174125, -0.0192659, 0.0266692, -0.0144116, 0.255402, 0.0354204, 0.112142, -0.0607784, 0.329587, -0.0444308, 0.174125, -0.00171324, -0.025485, 0.0354204, 0.112142, 0.00973023, 0.0169789, 0.0354204, 0.112142, -0.0144116, 0.255402, -0.0192659, 0.0266692, 0.0354204, 0.112142, -0.0607784, 0.329587, 0.0354204, 0.112142, -0.0144116, 0.255402, -0.0444308, 0.174125, -0.0144116, 0.255402, -0.0192659, 0.0266692, 0.00973023, 0.0169789, 0.0354204, 0.112142, -0.00171324, -0.025485, -0.0192659, 0.0266692, -0.0144116, 0.255402, 0.0354204, 0.112142, -0.00171324, -0.025485, -0.0192659, 0.0266692, ],]
##############################################################################
clock_duration  =         829.822
tau =                     0.7392
total_steps =             32
time_step =               0.0231
best_mc_result =          0.0337431
best_mc_result_non_secondary =          0.0344654
evolved_target_dot_squared =  0.966257
distance =          0.142858
j_protocol =  [[1, 1, 1, 1, 1, 1, 1, 1, 1, 1, 1, 1, 1, 1, 1, 1, 1, 0, 0, 0, 0, 0, 0, 0, 0, 1, 0, 1, 1, 1, 1, 1, ],[1, 1, 1, 1, 1, 1, 1, 1, 1, 1, 1, 1, 1, 1, 1, 1, 0, 0, 0, 1, 1, 0, 0, 0, 0, 0, 0, 1, 1, 1, 1, 1, ],]
k_protocol =  [[1, 1, 1, 1, 1, 1, 1, 1, 1, 1, 1, 1, 1, 1, 1, 1, 1, 1, 1, 1, 1, 1, 1, 1, 1, 1, 1, 1, 1, 1, 1, 1, ],[1, 1, 1, 1, 1, 1, 0, 1, 1, 1, 1, 1, 1, 1, 1, 1, 1, 1, 1, 1, 1, 1, 1, 1, 1, 1, 1, 1, 1, 1, 1, 1, ],]
j_protocol_secondary =  [0.00752443, 0.0345805, 0.0345805, 0.39156, 0.461728, 0.476473, 0.615346, 0.620627, 0.621705, 0.723248, 0.723248, 0.734412, 0.734412, 0.7392, ]
k_protocol_secondary =  [0, 0.0959543, 0.0959543, 0.141279, 0.152432, 0.165512, 0.165512, 0.253725, 0.253725, 0.718285, 0.718285, 0.723968, 0.727705, 0.727705, ]
best_evolved_state = [-0.0172434, 0.0170973, -0.0144383, -0.0163679, -0.0172434, 0.0170973, 0.0216101, 0.10344, -0.0427444, 0.25424, -0.0172434, 0.0170973, -0.0427444, 0.25424, -0.0625433, 0.172814, -0.0427444, 0.25424, -0.0625433, 0.172814, -0.0172434, 0.0170973, -0.0427444, 0.25424, 0.0216101, 0.10344, -0.0976048, 0.329482, -0.0625433, 0.172814, -0.0144383, -0.0163679, 0.0216101, 0.10344, 0.0016779, 0.0228146, 0.0216101, 0.10344, -0.0427444, 0.25424, -0.0172434, 0.0170973, 0.0216101, 0.10344, -0.0976048, 0.329482, 0.0216101, 0.10344, -0.0427444, 0.25424, -0.0625433, 0.172814, -0.0427444, 0.25424, -0.0172434, 0.0170973, 0.0016779, 0.0228146, 0.0216101, 0.10344, -0.0144383, -0.0163679, -0.0172434, 0.0170973, -0.0427444, 0.25424, 0.0216101, 0.10344, -0.0144383, -0.0163679, -0.0172434, 0.0170973, ]
best_mc_result_fixed_tau =   [0.0344667, 0.0344654, ]
evolved_state_fixed_tau =   [[-0.0190173, 0.0214726, -0.0202301, -0.017183, -0.0190173, 0.0214726, 0.0182176, 0.0999405, -0.0476262, 0.253055, -0.0190173, 0.0214726, -0.0476262, 0.253055, -0.0697186, 0.172538, -0.0476262, 0.253055, -0.0697186, 0.172538, -0.0190173, 0.0214726, -0.0476262, 0.253055, 0.0182176, 0.0999405, -0.103629, 0.329134, -0.0697186, 0.172538, -0.0202301, -0.017183, 0.0182176, 0.0999405, -0.00158672, 0.0216485, 0.0182176, 0.0999405, -0.0476262, 0.253055, -0.0190173, 0.0214726, 0.0182176, 0.0999405, -0.103629, 0.329134, 0.0182176, 0.0999405, -0.0476262, 0.253055, -0.0697186, 0.172538, -0.0476262, 0.253055, -0.0190173, 0.0214726, -0.00158672, 0.0216485, 0.0182176, 0.0999405, -0.0202301, -0.017183, -0.0190173, 0.0214726, -0.0476262, 0.253055, 0.0182176, 0.0999405, -0.0202301, -0.017183, -0.0190173, 0.0214726, ],[-0.0191079, 0.017995, -0.0108141, -0.0163693, -0.0191079, 0.017995, 0.0181684, 0.105947, -0.0586622, 0.250827, -0.0191079, 0.017995, -0.0586622, 0.250827, -0.0668856, 0.170056, -0.0586622, 0.250827, -0.0668856, 0.170056, -0.0191079, 0.017995, -0.0586622, 0.250827, 0.0181684, 0.105947, -0.117534, 0.321971, -0.0668856, 0.170056, -0.0108141, -0.0163693, 0.0181684, 0.105947, 0.0035361, 0.0235764, 0.0181684, 0.105947, -0.0586622, 0.250827, -0.0191079, 0.017995, 0.0181684, 0.105947, -0.117534, 0.321971, 0.0181684, 0.105947, -0.0586622, 0.250827, -0.0668856, 0.170056, -0.0586622, 0.250827, -0.0191079, 0.017995, 0.0035361, 0.0235764, 0.0181684, 0.105947, -0.0108141, -0.0163693, -0.0191079, 0.017995, -0.0586622, 0.250827, 0.0181684, 0.105947, -0.0108141, -0.0163693, -0.0191079, 0.017995, ],]
##############################################################################
clock_duration  =         1058.34
tau =                     0.81312
total_steps =             32
time_step =               0.02541
best_mc_result =          0.0280306
best_mc_result_non_secondary =          0.028504
evolved_target_dot_squared =  0.971969
distance =          0.118673
j_protocol =  [[1, 1, 1, 1, 1, 1, 1, 1, 1, 1, 1, 1, 1, 1, 1, 1, 0, 1, 0, 1, 0, 0, 0, 1, 0, 0, 0, 1, 1, 1, 1, 1, ],[1, 1, 1, 1, 1, 1, 1, 1, 1, 1, 1, 1, 1, 1, 1, 1, 1, 1, 0, 0, 0, 1, 0, 0, 0, 0, 0, 1, 1, 1, 1, 1, ],]
k_protocol =  [[1, 1, 1, 1, 1, 0, 0, 1, 1, 1, 1, 1, 1, 1, 1, 1, 1, 1, 1, 1, 1, 1, 1, 1, 1, 1, 1, 1, 1, 1, 1, 1, ],[1, 1, 1, 1, 0, 1, 0, 1, 1, 1, 1, 1, 1, 1, 1, 1, 1, 1, 1, 1, 1, 1, 1, 1, 1, 1, 1, 1, 1, 1, 1, 0, ],]
j_protocol_secondary =  [0.00649672, 0.191997, 0.191997, 0.402182, 0.408658, 0.415098, 0.433584, 0.458403, 0.483233, 0.518226, 0.59588, 0.609201, 0.691929, 0.81312, ]
k_protocol_secondary =  [0, 0.00407181, 0.00407181, 0.113039, 0.16479, 0.335948, 0.335948, 0.466408, 0.466408, 0.740754, 0.740754, 0.799321, 0.81312, 0.81312, ]
best_evolved_state = [-0.0216774, 0.00454036, -0.0159314, -0.004324, -0.0216774, 0.00454036, -0.0153375, 0.0973314, -0.119768, 0.227715, -0.0216774, 0.00454036, -0.119768, 0.227715, -0.108124, 0.153623, -0.119768, 0.227715, -0.108124, 0.153623, -0.0216774, 0.00454036, -0.119768, 0.227715, -0.0153375, 0.0973314, -0.194901, 0.290049, -0.108124, 0.153623, -0.0159314, -0.004324, -0.0153375, 0.0973314, -0.00490553, 0.03383, -0.0153375, 0.0973314, -0.119768, 0.227715, -0.0216774, 0.00454036, -0.0153375, 0.0973314, -0.194901, 0.290049, -0.0153375, 0.0973314, -0.119768, 0.227715, -0.108124, 0.153623, -0.119768, 0.227715, -0.0216774, 0.00454036, -0.00490553, 0.03383, -0.0153375, 0.0973314, -0.0159314, -0.004324, -0.0216774, 0.00454036, -0.119768, 0.227715, -0.0153375, 0.0973314, -0.0159314, -0.004324, -0.0216774, 0.00454036, ]
best_mc_result_fixed_tau =   [0.028504, 0.028518, ]
evolved_state_fixed_tau =   [[-0.02539, 0.00518127, -0.018431, -0.00346705, -0.02539, 0.00518127, -0.0215311, 0.0942337, -0.129612, 0.221047, -0.02539, 0.00518127, -0.129612, 0.221047, -0.117243, 0.150468, -0.129612, 0.221047, -0.117243, 0.150468, -0.02539, 0.00518127, -0.129612, 0.221047, -0.0215311, 0.0942337, -0.207675, 0.281841, -0.117243, 0.150468, -0.018431, -0.00346705, -0.0215311, 0.0942337, -0.00724148, 0.0346869, -0.0215311, 0.0942337, -0.129612, 0.221047, -0.02539, 0.00518127, -0.0215311, 0.0942337, -0.207675, 0.281841, -0.0215311, 0.0942337, -0.129612, 0.221047, -0.117243, 0.150468, -0.129612, 0.221047, -0.02539, 0.00518127, -0.00724148, 0.0346869, -0.0215311, 0.0942337, -0.018431, -0.00346705, -0.02539, 0.00518127, -0.129612, 0.221047, -0.0215311, 0.0942337, -0.018431, -0.00346705, -0.02539, 0.00518127, ],[-0.0188135, 0.00158174, -0.0171795, -0.00304465, -0.0188135, 0.00158174, -0.0240573, 0.0966348, -0.13314, 0.218913, -0.0188135, 0.00158174, -0.13314, 0.218913, -0.120047, 0.148167, -0.13314, 0.218913, -0.120047, 0.148167, -0.0188135, 0.00158174, -0.13314, 0.218913, -0.0240573, 0.0966348, -0.212046, 0.276872, -0.120047, 0.148167, -0.0171795, -0.00304465, -0.0240573, 0.0966348, -0.00929168, 0.0355294, -0.0240573, 0.0966348, -0.13314, 0.218913, -0.0188135, 0.00158174, -0.0240573, 0.0966348, -0.212046, 0.276872, -0.0240573, 0.0966348, -0.13314, 0.218913, -0.120047, 0.148167, -0.13314, 0.218913, -0.0188135, 0.00158174, -0.00929168, 0.0355294, -0.0240573, 0.0966348, -0.0171795, -0.00304465, -0.0188135, 0.00158174, -0.13314, 0.218913, -0.0240573, 0.0966348, -0.0171795, -0.00304465, -0.0188135, 0.00158174, ],]
##############################################################################
clock_duration  =         1291.97
tau =                     0.894432
total_steps =             32
time_step =               0.027951
best_mc_result =          0.0225977
best_mc_result_non_secondary =          0.0229443
evolved_target_dot_squared =  0.977402
distance =          0.0956716
j_protocol =  [[1, 1, 1, 1, 1, 1, 1, 1, 1, 1, 1, 1, 1, 1, 1, 1, 1, 1, 1, 0, 1, 0, 0, 0, 0, 0, 1, 1, 0, 1, 1, 1, ],[1, 1, 1, 1, 1, 1, 1, 1, 1, 1, 1, 1, 1, 1, 1, 1, 1, 1, 1, 0, 1, 0, 0, 1, 0, 0, 0, 0, 1, 1, 1, 1, ],]
k_protocol =  [[1, 1, 1, 0, 0, 0, 0, 1, 1, 1, 1, 1, 1, 1, 1, 1, 1, 1, 1, 1, 1, 1, 1, 1, 1, 1, 1, 1, 1, 1, 1, 1, ],[1, 1, 1, 0, 0, 0, 0, 1, 1, 1, 1, 1, 1, 1, 1, 1, 1, 1, 1, 1, 1, 1, 1, 1, 1, 1, 1, 1, 1, 1, 1, 0, ],]
j_protocol_secondary =  [0.00691357, 0.259183, 0.259183, 0.517073, 0.553052, 0.592412, 0.643478, 0.671425, 0.716676, 0.718188, 0.779229, 0.865621, 0.865621, 0.894432, ]
k_protocol_secondary =  [0, 0.092579, 0.185589, 0.185589, 0.202539, 0.278185, 0.278185, 0.513615, 0.513615, 0.532768, 0.532768, 0.658151, 0.658151, 0.880673, ]
best_evolved_state = [-0.0243646, -0.00742999, -0.0134047, 0.00426291, -0.0243646, -0.00742999, -0.0612473, 0.0754349, -0.205873, 0.153495, -0.0243646, -0.00742999, -0.205873, 0.153495, -0.155851, 0.100915, -0.205873, 0.153495, -0.155851, 0.100915, -0.0243646, -0.00742999, -0.205873, 0.153495, -0.0612473, 0.0754349, -0.300089, 0.186481, -0.155851, 0.100915, -0.0134047, 0.00426291, -0.0612473, 0.0754349, -0.0112947, 0.0395199, -0.0612473, 0.0754349, -0.205873, 0.153495, -0.0243646, -0.00742999, -0.0612473, 0.0754349, -0.300089, 0.186481, -0.0612473, 0.0754349, -0.205873, 0.153495, -0.155851, 0.100915, -0.205873, 0.153495, -0.0243646, -0.00742999, -0.0112947, 0.0395199, -0.0612473, 0.0754349, -0.0134047, 0.00426291, -0.0243646, -0.00742999, -0.205873, 0.153495, -0.0612473, 0.0754349, -0.0134047, 0.00426291, -0.0243646, -0.00742999, ]
best_mc_result_fixed_tau =   [0.0233394, 0.0229443, ]
evolved_state_fixed_tau =   [[-0.0256746, -0.00660953, -0.0112167, 0.00147931, -0.0256746, -0.00660953, -0.0603231, 0.0764464, -0.209704, 0.148914, -0.0256746, -0.00660953, -0.209704, 0.148914, -0.15647, 0.0982302, -0.209704, 0.148914, -0.15647, 0.0982302, -0.0256746, -0.00660953, -0.209704, 0.148914, -0.0603231, 0.0764464, -0.30509, 0.177676, -0.15647, 0.0982302, -0.0112167, 0.00147931, -0.0603231, 0.0764464, -0.0100801, 0.0371814, -0.0603231, 0.0764464, -0.209704, 0.148914, -0.0256746, -0.00660953, -0.0603231, 0.0764464, -0.30509, 0.177676, -0.0603231, 0.0764464, -0.209704, 0.148914, -0.15647, 0.0982302, -0.209704, 0.148914, -0.0256746, -0.00660953, -0.0100801, 0.0371814, -0.0603231, 0.0764464, -0.0112167, 0.00147931, -0.0256746, -0.00660953, -0.209704, 0.148914, -0.0603231, 0.0764464, -0.0112167, 0.00147931, -0.0256746, -0.00660953, ],[-0.0216562, -0.0066499, -0.0127039, 0.00158265, -0.0216562, -0.0066499, -0.064804, 0.0752044, -0.211007, 0.146023, -0.0216562, -0.0066499, -0.211007, 0.146023, -0.161305, 0.0934022, -0.211007, 0.146023, -0.161305, 0.0934022, -0.0216562, -0.0066499, -0.211007, 0.146023, -0.064804, 0.0752044, -0.305721, 0.173882, -0.161305, 0.0934022, -0.0127039, 0.00158265, -0.064804, 0.0752044, -0.0144911, 0.0376154, -0.064804, 0.0752044, -0.211007, 0.146023, -0.0216562, -0.0066499, -0.064804, 0.0752044, -0.305721, 0.173882, -0.064804, 0.0752044, -0.211007, 0.146023, -0.161305, 0.0934022, -0.211007, 0.146023, -0.0216562, -0.0066499, -0.0144911, 0.0376154, -0.064804, 0.0752044, -0.0127039, 0.00158265, -0.0216562, -0.0066499, -0.211007, 0.146023, -0.064804, 0.0752044, -0.0127039, 0.00158265, -0.0216562, -0.0066499, ],]
##############################################################################
clock_duration  =         1518
tau =                     0.983875
total_steps =             32
time_step =               0.0307461
best_mc_result =          0.0166545
best_mc_result_non_secondary =          0.018283
evolved_target_dot_squared =  0.983346
distance =          0.07051
j_protocol =  [[0, 1, 1, 1, 1, 1, 1, 1, 1, 1, 1, 1, 1, 1, 1, 1, 1, 1, 1, 1, 1, 0, 0, 0, 0, 1, 0, 0, 1, 1, 1, 1, ],[0, 1, 1, 1, 1, 1, 1, 1, 1, 1, 1, 1, 1, 1, 1, 1, 1, 0, 1, 0, 1, 1, 1, 0, 0, 1, 0, 0, 0, 1, 1, 1, ],]
k_protocol =  [[1, 1, 1, 0, 0, 0, 0, 1, 0, 1, 1, 1, 1, 1, 1, 1, 1, 1, 1, 1, 1, 1, 1, 1, 1, 1, 1, 1, 1, 1, 1, 1, ],[1, 1, 1, 0, 0, 0, 0, 0, 1, 1, 1, 1, 1, 1, 1, 1, 1, 1, 1, 1, 1, 1, 1, 1, 1, 1, 1, 1, 1, 1, 1, 1, ],]
j_protocol_secondary =  [0.00705976, 0.0307461, 0.0307461, 0.096934, 0.096934, 0.534922, 0.550247, 0.594351, 0.620047, 0.694832, 0.791013, 0.799078, 0.874752, 0.983875, ]
k_protocol_secondary =  [0, 0.00160289, 0.00160289, 0.0923066, 0.214954, 0.214954, 0.236168, 0.510578, 0.510578, 0.859609, 0.859609, 0.884374, 0.884374, 0.969382, ]
best_evolved_state = [-0.0241673, -0.0112676, -0.0125706, 0.00549903, -0.0241673, -0.0112676, -0.0810816, 0.0492675, -0.242278, 0.0898734, -0.0241673, -0.0112676, -0.242278, 0.0898734, -0.170455, 0.0569226, -0.242278, 0.0898734, -0.170455, 0.0569226, -0.0241673, -0.0112676, -0.242278, 0.0898734, -0.0810816, 0.0492675, -0.342377, 0.102647, -0.170455, 0.0569226, -0.0125706, 0.00549903, -0.0810816, 0.0492675, -0.00936097, 0.0351272, -0.0810816, 0.0492675, -0.242278, 0.0898734, -0.0241673, -0.0112676, -0.0810816, 0.0492675, -0.342377, 0.102647, -0.0810816, 0.0492675, -0.242278, 0.0898734, -0.170455, 0.0569226, -0.242278, 0.0898734, -0.0241673, -0.0112676, -0.00936097, 0.0351272, -0.0810816, 0.0492675, -0.0125706, 0.00549903, -0.0241673, -0.0112676, -0.242278, 0.0898734, -0.0810816, 0.0492675, -0.0125706, 0.00549903, -0.0241673, -0.0112676, ]
best_mc_result_fixed_tau =   [0.0185627, 0.018283, ]
evolved_state_fixed_tau =   [[-0.0278458, -0.0161528, -0.0143617, 0.0103752, -0.0278458, -0.0161528, -0.0863356, 0.043798, -0.240183, 0.0895521, -0.0278458, -0.0161528, -0.240183, 0.0895521, -0.173025, 0.0567761, -0.240183, 0.0895521, -0.173025, 0.0567761, -0.0278458, -0.0161528, -0.240183, 0.0895521, -0.0863356, 0.043798, -0.340431, 0.106295, -0.173025, 0.0567761, -0.0143617, 0.0103752, -0.0863356, 0.043798, -0.00906324, 0.0362188, -0.0863356, 0.043798, -0.240183, 0.0895521, -0.0278458, -0.0161528, -0.0863356, 0.043798, -0.340431, 0.106295, -0.0863356, 0.043798, -0.240183, 0.0895521, -0.173025, 0.0567761, -0.240183, 0.0895521, -0.0278458, -0.0161528, -0.00906324, 0.0362188, -0.0863356, 0.043798, -0.0143617, 0.0103752, -0.0278458, -0.0161528, -0.240183, 0.0895521, -0.0863356, 0.043798, -0.0143617, 0.0103752, -0.0278458, -0.0161528, ],[-0.0350438, -0.00364154, -0.00877558, 0.00426298, -0.0350438, -0.00364154, -0.074407, 0.0599125, -0.228695, 0.117739, -0.0350438, -0.00364154, -0.228695, 0.117739, -0.163101, 0.0768544, -0.228695, 0.117739, -0.163101, 0.0768544, -0.0350438, -0.00364154, -0.228695, 0.117739, -0.074407, 0.0599125, -0.327085, 0.142949, -0.163101, 0.0768544, -0.00877558, 0.00426298, -0.074407, 0.0599125, -0.00256686, 0.0352556, -0.074407, 0.0599125, -0.228695, 0.117739, -0.0350438, -0.00364154, -0.074407, 0.0599125, -0.327085, 0.142949, -0.074407, 0.0599125, -0.228695, 0.117739, -0.163101, 0.0768544, -0.228695, 0.117739, -0.0350438, -0.00364154, -0.00256686, 0.0352556, -0.074407, 0.0599125, -0.00877558, 0.00426298, -0.0350438, -0.00364154, -0.228695, 0.117739, -0.074407, 0.0599125, -0.00877558, 0.00426298, -0.0350438, -0.00364154, ],]
##############################################################################
clock_duration  =         1762.6
tau =                     1.08226
total_steps =             32
time_step =               0.0338207
best_mc_result =          0.0107989
best_mc_result_non_secondary =          0.0126326
evolved_target_dot_squared =  0.989201
distance =          0.0457193
j_protocol =  [[1, 0, 1, 1, 1, 1, 1, 1, 1, 1, 1, 1, 1, 1, 1, 1, 1, 1, 1, 1, 1, 1, 0, 0, 0, 0, 0, 1, 0, 1, 1, 1, ],[1, 1, 1, 1, 1, 1, 1, 1, 1, 1, 1, 1, 1, 1, 1, 0, 1, 1, 1, 1, 0, 1, 0, 0, 0, 1, 0, 0, 1, 0, 1, 1, ],]
k_protocol =  [[1, 1, 1, 0, 0, 0, 0, 0, 0, 1, 1, 1, 1, 1, 1, 1, 1, 1, 1, 1, 1, 1, 1, 1, 1, 1, 1, 1, 1, 1, 1, 1, ],[1, 1, 1, 0, 0, 0, 0, 0, 1, 1, 1, 1, 1, 1, 1, 1, 1, 1, 1, 1, 1, 1, 1, 1, 1, 1, 1, 1, 1, 1, 1, 1, ],]
j_protocol_secondary =  [0.00763803, 0.524995, 0.549172, 0.648336, 0.654528, 0.687096, 0.701342, 0.756378, 0.857558, 0.864936, 0.957559, 0.983341, 0.996262, 1.08226, ]
k_protocol_secondary =  [0, 0.0999506, 0.265772, 0.320824, 0.320824, 0.518967, 0.518967, 0.941558, 0.941558, 1.00888, 1.00888, 1.06322, 1.06322, 1.07005, ]
best_evolved_state = [-0.0230173, -0.0110415, -0.0104322, 0.00381101, -0.0230173, -0.0110415, -0.0890639, 0.025433, -0.257965, 0.0379506, -0.0230173, -0.0110415, -0.257965, 0.0379506, -0.170964, 0.0223325, -0.257965, 0.0379506, -0.170964, 0.0223325, -0.0230173, -0.0110415, -0.257965, 0.0379506, -0.0890639, 0.025433, -0.359761, 0.0368437, -0.170964, 0.0223325, -0.0104322, 0.00381101, -0.0890639, 0.025433, -0.00132083, 0.0253473, -0.0890639, 0.025433, -0.257965, 0.0379506, -0.0230173, -0.0110415, -0.0890639, 0.025433, -0.359761, 0.0368437, -0.0890639, 0.025433, -0.257965, 0.0379506, -0.170964, 0.0223325, -0.257965, 0.0379506, -0.0230173, -0.0110415, -0.00132083, 0.0253473, -0.0890639, 0.025433, -0.0104322, 0.00381101, -0.0230173, -0.0110415, -0.257965, 0.0379506, -0.0890639, 0.025433, -0.0104322, 0.00381101, -0.0230173, -0.0110415, ]
best_mc_result_fixed_tau =   [0.012897, 0.0126326, ]
evolved_state_fixed_tau =   [[-0.0242281, -0.0152244, -0.00874025, 0.00728795, -0.0242281, -0.0152244, -0.1008, 0.0133831, -0.258056, 0.00689458, -0.0242281, -0.0152244, -0.258056, 0.00689458, -0.173832, 0.00152996, -0.258056, 0.00689458, -0.173832, 0.00152996, -0.0242281, -0.0152244, -0.258056, 0.00689458, -0.1008, 0.0133831, -0.357014, -0.00224774, -0.173832, 0.00152996, -0.00874025, 0.00728795, -0.1008, 0.0133831, -0.0022064, 0.0252294, -0.1008, 0.0133831, -0.258056, 0.00689458, -0.0242281, -0.0152244, -0.1008, 0.0133831, -0.357014, -0.00224774, -0.1008, 0.0133831, -0.258056, 0.00689458, -0.173832, 0.00152996, -0.258056, 0.00689458, -0.0242281, -0.0152244, -0.0022064, 0.0252294, -0.1008, 0.0133831, -0.00874025, 0.00728795, -0.0242281, -0.0152244, -0.258056, 0.00689458, -0.1008, 0.0133831, -0.00874025, 0.00728795, -0.0242281, -0.0152244, ],[-0.032157, -0.0127201, -0.00377076, 0.00221138, -0.032157, -0.0127201, -0.0825983, 0.0322457, -0.257634, 0.0492277, -0.032157, -0.0127201, -0.257634, 0.0492277, -0.163914, 0.0280431, -0.257634, 0.0492277, -0.163914, 0.0280431, -0.032157, -0.0127201, -0.257634, 0.0492277, -0.0825983, 0.0322457, -0.360566, 0.0503441, -0.163914, 0.0280431, -0.00377076, 0.00221138, -0.0825983, 0.0322457, 0.00416732, 0.0258043, -0.0825983, 0.0322457, -0.257634, 0.0492277, -0.032157, -0.0127201, -0.0825983, 0.0322457, -0.360566, 0.0503441, -0.0825983, 0.0322457, -0.257634, 0.0492277, -0.163914, 0.0280431, -0.257634, 0.0492277, -0.032157, -0.0127201, 0.00416732, 0.0258043, -0.0825983, 0.0322457, -0.00377076, 0.00221138, -0.032157, -0.0127201, -0.257634, 0.0492277, -0.0825983, 0.0322457, -0.00377076, 0.00221138, -0.032157, -0.0127201, ],]
##############################################################################
clock_duration  =         2415.75
tau =                     1.09579
total_steps =             32
time_step =               0.0372028
best_mc_result =          0.0100672
best_mc_result_non_secondary =          0
evolved_target_dot_squared =  0.989933
distance =          0.0426216
j_protocol =  [[0, 0, 0, 0, 0, 0, 0, 0, 0, 0, 0, 0, 0, 0, 0, 0, 0, 0, 0, 0, 0, 0, 0, 0, 0, 0, 0, 0, 0, 0, 0, 0, ],[0, 0, 0, 0, 0, 0, 0, 0, 0, 0, 0, 0, 0, 0, 0, 0, 0, 0, 0, 0, 0, 0, 0, 0, 0, 0, 0, 0, 0, 0, 0, 0, ],]
k_protocol =  [[0, 0, 0, 0, 0, 0, 0, 0, 0, 0, 0, 0, 0, 0, 0, 0, 0, 0, 0, 0, 0, 0, 0, 0, 0, 0, 0, 0, 0, 0, 0, 0, ],[0, 0, 0, 0, 0, 0, 0, 0, 0, 0, 0, 0, 0, 0, 0, 0, 0, 0, 0, 0, 0, 0, 0, 0, 0, 0, 0, 0, 0, 0, 0, 0, ],]
j_protocol_secondary =  [0.00763663, 0.396103, 0.396103, 0.485533, 0.499678, 0.559273, 0.576582, 0.728678, 0.789084, 0.81561, 0.972305, 0.992829, 1.00514, 1.09579, ]
k_protocol_secondary =  [0, 0.0027973, 0.0027973, 0.102887, 0.191785, 0.191785, 0.191785, 0.191785, 0.270458, 0.862771, 0.862771, 0.97839, 0.97839, 1.08233, ]
best_evolved_state = [-0.0226115, -0.0101649, -0.0100288, 0.00364996, -0.0226115, -0.0101649, -0.0889413, 0.0239904, -0.258687, 0.0358705, -0.0226115, -0.0101649, -0.258687, 0.0358705, -0.169922, 0.0210941, -0.258687, 0.0358705, -0.169922, 0.0210941, -0.0226115, -0.0101649, -0.258687, 0.0358705, -0.0889413, 0.0239904, -0.360731, 0.0346152, -0.169922, 0.0210941, -0.0100288, 0.00364996, -0.0889413, 0.0239904, 0.000330145, 0.024176, -0.0889413, 0.0239904, -0.258687, 0.0358705, -0.0226115, -0.0101649, -0.0889413, 0.0239904, -0.360731, 0.0346152, -0.0889413, 0.0239904, -0.258687, 0.0358705, -0.169922, 0.0210941, -0.258687, 0.0358705, -0.0226115, -0.0101649, 0.000330145, 0.024176, -0.0889413, 0.0239904, -0.0100288, 0.00364996, -0.0226115, -0.0101649, -0.258687, 0.0358705, -0.0889413, 0.0239904, -0.0100288, 0.00364996, -0.0226115, -0.0101649, ]
best_mc_result_fixed_tau =   [0.00724623, 0.00750152, ]
evolved_state_fixed_tau =   [[-0.0258605, -0.00396647, -0.0132204, 0.000139241, -0.0258605, -0.00396647, -0.0830335, 0.0119083, -0.261432, 0.0295898, -0.0258605, -0.00396647, -0.261432, 0.0295898, -0.167045, 0.0177345, -0.261432, 0.0295898, -0.167045, 0.0177345, -0.0258605, -0.00396647, -0.261432, 0.0295898, -0.0830335, 0.0119083, -0.366451, 0.0314281, -0.167045, 0.0177345, -0.0132204, 0.000139241, -0.0830335, 0.0119083, 0.00700086, 0.0108567, -0.0830335, 0.0119083, -0.261432, 0.0295898, -0.0258605, -0.00396647, -0.0830335, 0.0119083, -0.366451, 0.0314281, -0.0830335, 0.0119083, -0.261432, 0.0295898, -0.167045, 0.0177345, -0.261432, 0.0295898, -0.0258605, -0.00396647, 0.00700086, 0.0108567, -0.0830335, 0.0119083, -0.0132204, 0.000139241, -0.0258605, -0.00396647, -0.261432, 0.0295898, -0.0830335, 0.0119083, -0.0132204, 0.000139241, -0.0258605, -0.00396647, ],[-0.0152353, -0.00952952, -0.0139269, 0.0047967, -0.0152353, -0.00952952, -0.0843626, 0.011575, -0.262838, 0.0246183, -0.0152353, -0.00952952, -0.262838, 0.0246183, -0.165149, 0.0156281, -0.262838, 0.0246183, -0.165149, 0.0156281, -0.0152353, -0.00952952, -0.262838, 0.0246183, -0.0843626, 0.011575, -0.366979, 0.0225653, -0.165149, 0.0156281, -0.0139269, 0.0047967, -0.0843626, 0.011575, 0.00497908, 0.0163259, -0.0843626, 0.011575, -0.262838, 0.0246183, -0.0152353, -0.00952952, -0.0843626, 0.011575, -0.366979, 0.0225653, -0.0843626, 0.011575, -0.262838, 0.0246183, -0.165149, 0.0156281, -0.262838, 0.0246183, -0.0152353, -0.00952952, 0.00497908, 0.0163259, -0.0843626, 0.011575, -0.0139269, 0.0047967, -0.0152353, -0.00952952, -0.262838, 0.0246183, -0.0843626, 0.011575, -0.0139269, 0.0047967, -0.0152353, -0.00952952, ],]
