START_PARAMETERS
MAX_STEPS_MCDB =               32
MIN_STEPS_MCDB =               4
STEPS_CRUNCH_MCDB =            1
SWEEPS_MCDB =                  100
TOTAL_STEP_CHANGES =                  6
MCBB_SECONDARY =                  1
SWEEPS_MCBB_SECONDARY =                  250
NUMBER_OF_BANGS =                  7
GROUND_E =                -0.0316853
INITIAL_E =               0.592617
j_initial =               0.731
k_initial =               0.062
b_initial =               0
j_target =                0.042
k_target =                0.5
b_target =                0
init_target_dot_squared = 0.575477
init_state = [0.0949596, 0, 0.105432, 0, 0.0949596, 0, 0.175906, 0, 0.1993, 0, 0.0949596, 0, 0.1993, 0, 0.207349, 0, 0.1993, 0, 0.207349, 0, 0.0949596, 0, 0.1993, 0, 0.175906, 0, 0.233035, 0, 0.207349, 0, 0.105432, 0, 0.175906, 0, 0.13694, 0, 0.175906, 0, 0.1993, 0, 0.0949596, 0, 0.175906, 0, 0.233035, 0, 0.175906, 0, 0.1993, 0, 0.207349, 0, 0.1993, 0, 0.0949596, 0, 0.13694, 0, 0.175906, 0, 0.105432, 0, 0.0949596, 0, 0.1993, 0, 0.175906, 0, 0.105432, 0, 0.0949596, 0, ]
target_state = [-0.00815346, 0, -0.00196629, 0, -0.00815346, 0, -0.0394048, 0, -0.293287, 0, -0.00815346, 0, -0.293287, 0, -0.0630716, 0, -0.293287, 0, -0.0630716, 0, -0.00815346, 0, -0.293287, 0, -0.0394048, 0, -0.376137, 0, -0.0630716, 0, -0.00196629, 0, -0.0394048, 0, -0.00325838, 0, -0.0394048, 0, -0.293287, 0, -0.00815346, 0, -0.0394048, 0, -0.376137, 0, -0.0394048, 0, -0.293287, 0, -0.0630716, 0, -0.293287, 0, -0.00815346, 0, -0.00325838, 0, -0.0394048, 0, -0.00196629, 0, -0.00815346, 0, -0.293287, 0, -0.0394048, 0, -0.00196629, 0, -0.00815346, 0, ]
USE_ENERGY_DISTANCE =     false
PERIODIC =                false
UNIFORM_SITES =           true
DEVICE_DIMENSION =        2
MAX_PARAM =               1
MIN_PARAM =               0
MIN_PARAM =               0
DIAG =                    true
NUM_SEEDS =               2
NUMBER_OF_BANGS =               7
DISTANCE_LIMIT =          0.01
TAU_INIT =                0.4
MAX_TAU =                 5
TAU_SCALAR =              1.2
TAU_SCALAR_TINY =         1.1
TAU_SCALAR_BIG =          1.4
ACCEPTANCE_PROB =         0.85
TEMP_EXP_DECAY =          0.8
MIN_TEMP_FRACTION =       0.01
TEMP_DECAY_ITERATIONS =   21
ZERO_TEMP_ITREATIONS =    30
RANDOM_STATES =           3
END_PARAMETERS
##############################################################################
clock_duration  =         227.677
tau =                     0.4
total_steps =             32
time_step =               0.0125
best_mc_result =          0.171201
best_mc_result_non_secondary =          0.171289
evolved_target_dot_squared =  0.828799
distance =          0.403278
j_protocol =  [[0, 0, 0, 0, 0, 1, 1, 0, 0, 1, 0, 1, 0, 0, 1, 0, 1, 0, 0, 0, 1, 1, 1, 1, 1, 1, 1, 1, 1, 1, 1, 1, ],[0, 0, 0, 0, 0, 1, 0, 1, 1, 0, 0, 1, 0, 1, 0, 0, 1, 0, 0, 0, 1, 1, 1, 1, 1, 1, 1, 1, 1, 1, 1, 1, ],]
k_protocol =  [[1, 1, 1, 1, 1, 1, 1, 1, 1, 1, 1, 1, 1, 1, 1, 1, 1, 1, 1, 1, 1, 1, 1, 1, 1, 1, 1, 1, 1, 1, 1, 1, ],[1, 1, 1, 1, 1, 1, 1, 1, 1, 1, 1, 1, 1, 1, 1, 1, 1, 1, 1, 1, 1, 1, 1, 1, 1, 1, 1, 1, 1, 1, 1, 1, ],]
j_protocol_secondary =  [0.0621964, 0.0756023, 0.0898288, 0.112999, 0.13677, 0.149789, 0.162816, 0.174824, 0.199981, 0.211835, 0.249754, 0.275076, 0.275076, 0.4, ]
k_protocol_secondary =  [0, 0.0147954, 0.0147954, 0.0295093, 0.0295093, 0.176171, 0.176171, 0.195951, 0.195951, 0.261221, 0.261221, 0.311633, 0.311633, 0.393613, ]
best_evolved_state = [-0.0261152, 0.0093834, 0.051787, -0.057154, -0.0261152, 0.0093834, 0.131045, 0.0561458, 0.20416, 0.155072, -0.0261152, 0.0093834, 0.20416, 0.155072, 0.10573, 0.0983911, 0.20416, 0.155072, 0.10573, 0.0983911, -0.0261152, 0.0093834, 0.20416, 0.155072, 0.131045, 0.0561458, 0.218478, 0.216564, 0.10573, 0.0983911, 0.051787, -0.057154, 0.131045, 0.0561458, 0.0601352, -0.0289867, 0.131045, 0.0561458, 0.20416, 0.155072, -0.0261152, 0.0093834, 0.131045, 0.0561458, 0.218478, 0.216564, 0.131045, 0.0561458, 0.20416, 0.155072, 0.10573, 0.0983911, 0.20416, 0.155072, -0.0261152, 0.0093834, 0.0601352, -0.0289867, 0.131045, 0.0561458, 0.051787, -0.057154, -0.0261152, 0.0093834, 0.20416, 0.155072, 0.131045, 0.0561458, 0.051787, -0.057154, -0.0261152, 0.0093834, ]
best_mc_result_fixed_tau =   [0.171302, 0.171289, ]
evolved_state_fixed_tau =   [[-0.025676, 0.0109861, 0.0502381, -0.0581176, -0.025676, 0.0109861, 0.131326, 0.0555077, 0.203517, 0.155784, -0.025676, 0.0109861, 0.203517, 0.155784, 0.106189, 0.0983977, 0.203517, 0.155784, 0.106189, 0.0983977, -0.025676, 0.0109861, 0.203517, 0.155784, 0.131326, 0.0555077, 0.217609, 0.217586, 0.106189, 0.0983977, 0.0502381, -0.0581176, 0.131326, 0.0555077, 0.0592543, -0.0298344, 0.131326, 0.0555077, 0.203517, 0.155784, -0.025676, 0.0109861, 0.131326, 0.0555077, 0.217609, 0.217586, 0.131326, 0.0555077, 0.203517, 0.155784, 0.106189, 0.0983977, 0.203517, 0.155784, -0.025676, 0.0109861, 0.0592543, -0.0298344, 0.131326, 0.0555077, 0.0502381, -0.0581176, -0.025676, 0.0109861, 0.203517, 0.155784, 0.131326, 0.0555077, 0.0502381, -0.0581176, -0.025676, 0.0109861, ],[-0.0255462, 0.0105478, 0.0504403, -0.0580229, -0.0255462, 0.0105478, 0.131381, 0.0554499, 0.203294, 0.156146, -0.0255462, 0.0105478, 0.203294, 0.156146, 0.10633, 0.0981402, 0.203294, 0.156146, 0.10633, 0.0981402, -0.0255462, 0.0105478, 0.203294, 0.156146, 0.131381, 0.0554499, 0.217294, 0.217765, 0.10633, 0.0981402, 0.0504403, -0.0580229, 0.131381, 0.0554499, 0.0594186, -0.0299217, 0.131381, 0.0554499, 0.203294, 0.156146, -0.0255462, 0.0105478, 0.131381, 0.0554499, 0.217294, 0.217765, 0.131381, 0.0554499, 0.203294, 0.156146, 0.10633, 0.0981402, 0.203294, 0.156146, -0.0255462, 0.0105478, 0.0594186, -0.0299217, 0.131381, 0.0554499, 0.0504403, -0.0580229, -0.0255462, 0.0105478, 0.203294, 0.156146, 0.131381, 0.0554499, 0.0504403, -0.0580229, -0.0255462, 0.0105478, ],]
##############################################################################
clock_duration  =         450.767
tau =                     0.48
total_steps =             32
time_step =               0.015
best_mc_result =          0.151721
best_mc_result_non_secondary =          0.151808
evolved_target_dot_squared =  0.848279
distance =          0.357392
j_protocol =  [[0, 0, 0, 0, 1, 1, 1, 1, 1, 0, 1, 1, 1, 0, 0, 1, 0, 0, 0, 0, 1, 0, 0, 0, 1, 1, 1, 1, 1, 1, 1, 1, ],[0, 0, 0, 1, 0, 1, 1, 1, 1, 1, 1, 0, 0, 1, 0, 0, 1, 0, 0, 1, 0, 0, 0, 0, 1, 1, 1, 1, 1, 1, 1, 1, ],]
k_protocol =  [[1, 1, 1, 1, 1, 1, 1, 1, 1, 1, 1, 1, 1, 1, 1, 1, 1, 1, 1, 1, 1, 1, 1, 1, 1, 1, 1, 1, 1, 1, 1, 1, ],[1, 1, 1, 1, 1, 1, 1, 1, 1, 1, 1, 1, 1, 1, 1, 1, 1, 1, 1, 1, 1, 1, 1, 1, 1, 1, 1, 1, 1, 1, 1, 1, ],]
j_protocol_secondary =  [0.0552594, 0.134145, 0.153842, 0.193907, 0.222694, 0.242985, 0.3016, 0.312257, 0.358979, 0.359754, 0.359754, 0.385594, 0.385594, 0.48, ]
k_protocol_secondary =  [0, 0.0210071, 0.0210071, 0.0486932, 0.0486932, 0.0626502, 0.0626502, 0.374854, 0.374854, 0.429073, 0.429073, 0.474648, 0.478129, 0.478129, ]
best_evolved_state = [-0.0365336, 0.01953, 0.0351209, -0.0607523, -0.0365336, 0.01953, 0.118009, 0.0616748, 0.178988, 0.188549, -0.0365336, 0.01953, 0.178988, 0.188549, 0.0811974, 0.110784, 0.178988, 0.188549, 0.0811974, 0.110784, -0.0365336, 0.01953, 0.178988, 0.188549, 0.118009, 0.0616748, 0.186614, 0.25804, 0.0811974, 0.110784, 0.0351209, -0.0607523, 0.118009, 0.0616748, 0.0452177, -0.0288164, 0.118009, 0.0616748, 0.178988, 0.188549, -0.0365336, 0.01953, 0.118009, 0.0616748, 0.186614, 0.25804, 0.118009, 0.0616748, 0.178988, 0.188549, 0.0811974, 0.110784, 0.178988, 0.188549, -0.0365336, 0.01953, 0.0452177, -0.0288164, 0.118009, 0.0616748, 0.0351209, -0.0607523, -0.0365336, 0.01953, 0.178988, 0.188549, 0.118009, 0.0616748, 0.0351209, -0.0607523, -0.0365336, 0.01953, ]
best_mc_result_fixed_tau =   [0.151808, 0.151822, ]
evolved_state_fixed_tau =   [[-0.0355298, 0.0216829, 0.0329587, -0.0615654, -0.0355298, 0.0216829, 0.118817, 0.0600513, 0.180246, 0.18719, -0.0355298, 0.0216829, 0.180246, 0.18719, 0.0826625, 0.110297, 0.180246, 0.18719, 0.0826625, 0.110297, -0.0355298, 0.0216829, 0.180246, 0.18719, 0.118817, 0.0600513, 0.188381, 0.256906, 0.0826625, 0.110297, 0.0329587, -0.0615654, 0.118817, 0.0600513, 0.0440952, -0.0296396, 0.118817, 0.0600513, 0.180246, 0.18719, -0.0355298, 0.0216829, 0.118817, 0.0600513, 0.188381, 0.256906, 0.118817, 0.0600513, 0.180246, 0.18719, 0.0826625, 0.110297, 0.180246, 0.18719, -0.0355298, 0.0216829, 0.0440952, -0.0296396, 0.118817, 0.0600513, 0.0329587, -0.0615654, -0.0355298, 0.0216829, 0.180246, 0.18719, 0.118817, 0.0600513, 0.0329587, -0.0615654, -0.0355298, 0.0216829, ],[-0.0363247, 0.0210041, 0.0335876, -0.0619074, -0.0363247, 0.0210041, 0.11882, 0.0597201, 0.179887, 0.187747, -0.0363247, 0.0210041, 0.179887, 0.187747, 0.082577, 0.109187, 0.179887, 0.187747, 0.082577, 0.109187, -0.0363247, 0.0210041, 0.179887, 0.187747, 0.11882, 0.0597201, 0.187873, 0.257295, 0.082577, 0.109187, 0.0335876, -0.0619074, 0.11882, 0.0597201, 0.0444236, -0.0301939, 0.11882, 0.0597201, 0.179887, 0.187747, -0.0363247, 0.0210041, 0.11882, 0.0597201, 0.187873, 0.257295, 0.11882, 0.0597201, 0.179887, 0.187747, 0.082577, 0.109187, 0.179887, 0.187747, -0.0363247, 0.0210041, 0.0444236, -0.0301939, 0.11882, 0.0597201, 0.0335876, -0.0619074, -0.0363247, 0.0210041, 0.179887, 0.187747, 0.11882, 0.0597201, 0.0335876, -0.0619074, -0.0363247, 0.0210041, ],]
##############################################################################
clock_duration  =         661.742
tau =                     0.672
total_steps =             32
time_step =               0.021
best_mc_result =          0.107688
best_mc_result_non_secondary =          0.108263
evolved_target_dot_squared =  0.892312
distance =          0.253669
j_protocol =  [[0, 0, 1, 1, 1, 1, 1, 1, 1, 0, 1, 1, 1, 0, 0, 1, 0, 1, 0, 0, 0, 0, 0, 0, 0, 0, 0, 1, 1, 1, 1, 1, ],[0, 0, 1, 1, 1, 1, 1, 1, 0, 1, 1, 1, 0, 1, 1, 0, 0, 1, 0, 0, 0, 0, 0, 0, 0, 0, 0, 1, 1, 1, 1, 1, ],]
k_protocol =  [[1, 1, 1, 1, 1, 1, 1, 1, 1, 1, 1, 1, 1, 1, 1, 1, 1, 1, 1, 1, 1, 1, 1, 1, 1, 1, 1, 1, 1, 1, 1, 1, ],[1, 1, 1, 1, 1, 1, 1, 1, 1, 1, 1, 1, 1, 1, 1, 1, 1, 1, 1, 1, 1, 1, 1, 1, 1, 1, 1, 1, 1, 1, 1, 1, ],]
j_protocol_secondary =  [0.0559932, 0.176167, 0.176167, 0.252647, 0.274968, 0.310418, 0.362585, 0.37519, 0.445366, 0.445366, 0.520694, 0.520694, 0.559519, 0.672, ]
k_protocol_secondary =  [0, 0.0862925, 0.0862925, 0.0935374, 0.0935374, 0.106948, 0.106948, 0.239793, 0.239793, 0.45844, 0.45844, 0.562262, 0.562262, 0.666408, ]
best_evolved_state = [-0.0318148, 0.0337657, -0.0120619, -0.0514479, -0.0318148, 0.0337657, 0.0941058, 0.0545147, 0.129012, 0.234012, -0.0318148, 0.0337657, 0.129012, 0.234012, 0.0445805, 0.12756, 0.129012, 0.234012, 0.0445805, 0.12756, -0.0318148, 0.0337657, 0.129012, 0.234012, 0.0941058, 0.0545147, 0.125371, 0.31634, 0.0445805, 0.12756, -0.0120619, -0.0514479, 0.0941058, 0.0545147, 0.0123034, -0.020349, 0.0941058, 0.0545147, 0.129012, 0.234012, -0.0318148, 0.0337657, 0.0941058, 0.0545147, 0.125371, 0.31634, 0.0941058, 0.0545147, 0.129012, 0.234012, 0.0445805, 0.12756, 0.129012, 0.234012, -0.0318148, 0.0337657, 0.0123034, -0.020349, 0.0941058, 0.0545147, -0.0120619, -0.0514479, -0.0318148, 0.0337657, 0.129012, 0.234012, 0.0941058, 0.0545147, -0.0120619, -0.0514479, -0.0318148, 0.0337657, ]
best_mc_result_fixed_tau =   [0.108285, 0.108263, ]
evolved_state_fixed_tau =   [[-0.0321247, 0.0355257, -0.0115392, -0.0538158, -0.0321247, 0.0355257, 0.0952599, 0.0526771, 0.126052, 0.236262, -0.0321247, 0.0355257, 0.126052, 0.236262, 0.0455034, 0.12287, 0.126052, 0.236262, 0.0455034, 0.12287, -0.0321247, 0.0355257, 0.126052, 0.236262, 0.0952599, 0.0526771, 0.121785, 0.317273, 0.0455034, 0.12287, -0.0115392, -0.0538158, 0.0952599, 0.0526771, 0.0125019, -0.023382, 0.0952599, 0.0526771, 0.126052, 0.236262, -0.0321247, 0.0355257, 0.0952599, 0.0526771, 0.121785, 0.317273, 0.0952599, 0.0526771, 0.126052, 0.236262, 0.0455034, 0.12287, 0.126052, 0.236262, -0.0321247, 0.0355257, 0.0125019, -0.023382, 0.0952599, 0.0526771, -0.0115392, -0.0538158, -0.0321247, 0.0355257, 0.126052, 0.236262, 0.0952599, 0.0526771, -0.0115392, -0.0538158, -0.0321247, 0.0355257, ],[-0.0305607, 0.0362357, -0.0122752, -0.0533392, -0.0305607, 0.0362357, 0.0951333, 0.0531389, 0.126534, 0.23579, -0.0305607, 0.0362357, 0.126534, 0.23579, 0.045386, 0.124218, 0.126534, 0.23579, 0.045386, 0.124218, -0.0305607, 0.0362357, 0.126534, 0.23579, 0.0951333, 0.0531389, 0.122423, 0.316943, 0.045386, 0.124218, -0.0122752, -0.0533392, 0.0951333, 0.0531389, 0.0122285, -0.0228798, 0.0951333, 0.0531389, 0.126534, 0.23579, -0.0305607, 0.0362357, 0.0951333, 0.0531389, 0.122423, 0.316943, 0.0951333, 0.0531389, 0.126534, 0.23579, 0.045386, 0.124218, 0.126534, 0.23579, -0.0305607, 0.0362357, 0.0122285, -0.0228798, 0.0951333, 0.0531389, -0.0122752, -0.0533392, -0.0305607, 0.0362357, 0.126534, 0.23579, 0.0951333, 0.0531389, -0.0122752, -0.0533392, -0.0305607, 0.0362357, ],]
##############################################################################
clock_duration  =         880.147
tau =                     0.8064
total_steps =             32
time_step =               0.0252
best_mc_result =          0.0752712
best_mc_result_non_secondary =          0.0761826
evolved_target_dot_squared =  0.924729
distance =          0.177308
j_protocol =  [[0, 0, 0, 1, 1, 1, 1, 1, 1, 1, 1, 0, 0, 1, 1, 0, 0, 0, 0, 0, 1, 0, 0, 0, 0, 0, 0, 0, 1, 1, 1, 1, ],[0, 0, 0, 1, 1, 1, 1, 1, 1, 1, 0, 1, 0, 1, 1, 0, 0, 0, 0, 1, 0, 0, 0, 0, 0, 0, 0, 0, 1, 1, 1, 1, ],]
k_protocol =  [[1, 1, 1, 1, 1, 1, 1, 1, 1, 1, 1, 1, 1, 1, 1, 1, 1, 1, 1, 1, 1, 1, 1, 1, 1, 1, 1, 1, 1, 1, 1, 1, ],[1, 1, 1, 1, 1, 1, 1, 1, 1, 1, 1, 1, 1, 1, 1, 1, 1, 1, 1, 1, 1, 1, 1, 1, 1, 1, 1, 1, 1, 1, 1, 1, ],]
j_protocol_secondary =  [0.0865577, 0.110894, 0.110894, 0.254633, 0.269834, 0.306321, 0.328137, 0.381667, 0.486542, 0.491663, 0.537542, 0.537542, 0.693191, 0.8064, ]
k_protocol_secondary =  [0, 0.125895, 0.125895, 0.218681, 0.218681, 0.30071, 0.30071, 0.427267, 0.427267, 0.453311, 0.453311, 0.54238, 0.54238, 0.800371, ]
best_evolved_state = [-0.0169664, 0.0341575, -0.0435909, -0.0257369, -0.0169664, 0.0341575, 0.0799749, 0.0281197, 0.13935, 0.236102, -0.0169664, 0.0341575, 0.13935, 0.236102, 0.0408005, 0.124004, 0.13935, 0.236102, 0.0408005, 0.124004, -0.0169664, 0.0341575, 0.13935, 0.236102, 0.0799749, 0.0281197, 0.142402, 0.324267, 0.0408005, 0.124004, -0.0435909, -0.0257369, 0.0799749, 0.0281197, -0.00692062, -0.0100729, 0.0799749, 0.0281197, 0.13935, 0.236102, -0.0169664, 0.0341575, 0.0799749, 0.0281197, 0.142402, 0.324267, 0.0799749, 0.0281197, 0.13935, 0.236102, 0.0408005, 0.124004, 0.13935, 0.236102, -0.0169664, 0.0341575, -0.00692062, -0.0100729, 0.0799749, 0.0281197, -0.0435909, -0.0257369, -0.0169664, 0.0341575, 0.13935, 0.236102, 0.0799749, 0.0281197, -0.0435909, -0.0257369, -0.0169664, 0.0341575, ]
best_mc_result_fixed_tau =   [0.0763491, 0.0761826, ]
evolved_state_fixed_tau =   [[-0.0160086, 0.0367901, -0.0430607, -0.0272648, -0.0160086, 0.0367901, 0.0814185, 0.0272939, 0.132996, 0.24, -0.0160086, 0.0367901, 0.132996, 0.24, 0.0417373, 0.120361, 0.132996, 0.24, 0.0417373, 0.120361, -0.0160086, 0.0367901, 0.132996, 0.24, 0.0814185, 0.0272939, 0.134658, 0.327024, 0.0417373, 0.120361, -0.0430607, -0.0272648, 0.0814185, 0.0272939, -0.00652735, -0.0118649, 0.0814185, 0.0272939, 0.132996, 0.24, -0.0160086, 0.0367901, 0.0814185, 0.0272939, 0.134658, 0.327024, 0.0814185, 0.0272939, 0.132996, 0.24, 0.0417373, 0.120361, 0.132996, 0.24, -0.0160086, 0.0367901, -0.00652735, -0.0118649, 0.0814185, 0.0272939, -0.0430607, -0.0272648, -0.0160086, 0.0367901, 0.132996, 0.24, 0.0814185, 0.0272939, -0.0430607, -0.0272648, -0.0160086, 0.0367901, ],[-0.0133008, 0.0360781, -0.0433124, -0.0264796, -0.0133008, 0.0360781, 0.0817282, 0.0279706, 0.132836, 0.239933, -0.0133008, 0.0360781, 0.132836, 0.239933, 0.0423903, 0.121672, 0.132836, 0.239933, 0.0423903, 0.121672, -0.0133008, 0.0360781, 0.132836, 0.239933, 0.0817282, 0.0279706, 0.134338, 0.326816, 0.0423903, 0.121672, -0.0433124, -0.0264796, 0.0817282, 0.0279706, -0.00642603, -0.0115333, 0.0817282, 0.0279706, 0.132836, 0.239933, -0.0133008, 0.0360781, 0.0817282, 0.0279706, 0.134338, 0.326816, 0.0817282, 0.0279706, 0.132836, 0.239933, 0.0423903, 0.121672, 0.132836, 0.239933, -0.0133008, 0.0360781, -0.00642603, -0.0115333, 0.0817282, 0.0279706, -0.0433124, -0.0264796, -0.0133008, 0.0360781, 0.132836, 0.239933, 0.0817282, 0.0279706, -0.0433124, -0.0264796, -0.0133008, 0.0360781, ],]
##############################################################################
clock_duration  =         1100.96
tau =                     0.88704
total_steps =             32
time_step =               0.02772
best_mc_result =          0.0592344
best_mc_result_non_secondary =          0.0594796
evolved_target_dot_squared =  0.940766
distance =          0.139532
j_protocol =  [[0, 0, 0, 1, 1, 1, 0, 1, 1, 1, 1, 1, 0, 0, 1, 0, 0, 1, 0, 0, 0, 0, 0, 0, 0, 0, 0, 0, 1, 1, 1, 1, ],[0, 0, 0, 1, 1, 1, 1, 1, 0, 1, 1, 1, 0, 0, 1, 0, 1, 0, 0, 0, 0, 0, 0, 0, 0, 0, 0, 0, 1, 1, 1, 1, ],]
k_protocol =  [[1, 1, 1, 1, 1, 1, 1, 1, 1, 1, 1, 1, 1, 1, 1, 1, 1, 1, 1, 1, 1, 1, 1, 1, 1, 1, 1, 1, 1, 1, 1, 1, ],[1, 1, 1, 1, 1, 1, 1, 1, 1, 1, 1, 1, 1, 1, 1, 1, 1, 1, 1, 1, 1, 1, 1, 1, 1, 1, 1, 1, 1, 1, 1, 1, ],]
j_protocol_secondary =  [0.0966996, 0.181503, 0.192594, 0.29832, 0.312837, 0.335523, 0.382867, 0.422623, 0.422623, 0.423747, 0.475814, 0.494976, 0.775791, 0.88704, ]
k_protocol_secondary =  [0, 0.137914, 0.137914, 0.230451, 0.230451, 0.381272, 0.381272, 0.748233, 0.748233, 0.792108, 0.792108, 0.841024, 0.841024, 0.880903, ]
best_evolved_state = [-0.00986023, 0.0280644, -0.0523206, -0.00445084, -0.00986023, 0.0280644, 0.0671433, 0.0131958, 0.148469, 0.235741, -0.00986023, 0.0280644, 0.148469, 0.235741, 0.0380944, 0.119362, 0.148469, 0.235741, 0.0380944, 0.119362, -0.00986023, 0.0280644, 0.148469, 0.235741, 0.0671433, 0.0131958, 0.156097, 0.325267, 0.0380944, 0.119362, -0.0523206, -0.00445084, 0.0671433, 0.0131958, -0.013588, -0.00180363, 0.0671433, 0.0131958, 0.148469, 0.235741, -0.00986023, 0.0280644, 0.0671433, 0.0131958, 0.156097, 0.325267, 0.0671433, 0.0131958, 0.148469, 0.235741, 0.0380944, 0.119362, 0.148469, 0.235741, -0.00986023, 0.0280644, -0.013588, -0.00180363, 0.0671433, 0.0131958, -0.0523206, -0.00445084, -0.00986023, 0.0280644, 0.148469, 0.235741, 0.0671433, 0.0131958, -0.0523206, -0.00445084, -0.00986023, 0.0280644, ]
best_mc_result_fixed_tau =   [0.0594796, 0.0595024, ]
evolved_state_fixed_tau =   [[-0.00854872, 0.0294864, -0.0529469, -0.00421715, -0.00854872, 0.0294864, 0.0664468, 0.0137056, 0.144303, 0.238306, -0.00854872, 0.0294864, 0.144303, 0.238306, 0.0362217, 0.120026, 0.144303, 0.238306, 0.0362217, 0.120026, -0.00854872, 0.0294864, 0.144303, 0.238306, 0.0664468, 0.0137056, 0.150821, 0.32763, 0.0362217, 0.120026, -0.0529469, -0.00421715, 0.0664468, 0.0137056, -0.014001, -0.00170509, 0.0664468, 0.0137056, 0.144303, 0.238306, -0.00854872, 0.0294864, 0.0664468, 0.0137056, 0.150821, 0.32763, 0.0664468, 0.0137056, 0.144303, 0.238306, 0.0362217, 0.120026, 0.144303, 0.238306, -0.00854872, 0.0294864, -0.014001, -0.00170509, 0.0664468, 0.0137056, -0.0529469, -0.00421715, -0.00854872, 0.0294864, 0.144303, 0.238306, 0.0664468, 0.0137056, -0.0529469, -0.00421715, -0.00854872, 0.0294864, ],[-0.0121078, 0.0298227, -0.0520771, -0.00718554, -0.0121078, 0.0298227, 0.0676356, 0.0122322, 0.142323, 0.240182, -0.0121078, 0.0298227, 0.142323, 0.240182, 0.0363914, 0.115683, 0.142323, 0.240182, 0.0363914, 0.115683, -0.0121078, 0.0298227, 0.142323, 0.240182, 0.0676356, 0.0122322, 0.147695, 0.328969, 0.0363914, 0.115683, -0.0520771, -0.00718554, 0.0676356, 0.0122322, -0.014049, -0.00350639, 0.0676356, 0.0122322, 0.142323, 0.240182, -0.0121078, 0.0298227, 0.0676356, 0.0122322, 0.147695, 0.328969, 0.0676356, 0.0122322, 0.142323, 0.240182, 0.0363914, 0.115683, 0.142323, 0.240182, -0.0121078, 0.0298227, -0.014049, -0.00350639, 0.0676356, 0.0122322, -0.0520771, -0.00718554, -0.0121078, 0.0298227, 0.142323, 0.240182, 0.0676356, 0.0122322, -0.0520771, -0.00718554, -0.0121078, 0.0298227, ],]
##############################################################################
clock_duration  =         1322.97
tau =                     0.975744
total_steps =             32
time_step =               0.030492
best_mc_result =          0.0474413
best_mc_result_non_secondary =          0.0487004
evolved_target_dot_squared =  0.952559
distance =          0.111752
j_protocol =  [[0, 1, 1, 1, 1, 1, 1, 1, 1, 0, 0, 0, 0, 1, 0, 1, 1, 0, 0, 0, 0, 0, 1, 0, 0, 0, 0, 0, 0, 1, 1, 1, ],[1, 0, 1, 1, 1, 1, 1, 0, 1, 1, 0, 0, 1, 0, 1, 1, 0, 0, 0, 0, 0, 0, 0, 0, 1, 0, 0, 0, 0, 1, 1, 1, ],]
k_protocol =  [[1, 1, 1, 1, 1, 1, 1, 1, 1, 1, 1, 1, 1, 1, 1, 1, 1, 1, 1, 1, 1, 1, 1, 1, 1, 1, 1, 1, 1, 1, 1, 1, ],[1, 1, 1, 1, 1, 1, 1, 1, 1, 1, 1, 1, 1, 1, 1, 1, 1, 1, 1, 1, 1, 1, 1, 1, 1, 1, 1, 1, 1, 1, 1, 1, ],]
j_protocol_secondary =  [0.0199654, 0.060984, 0.060984, 0.212076, 0.254131, 0.301779, 0.365053, 0.399913, 0.429241, 0.507123, 0.751891, 0.754338, 0.868756, 0.975744, ]
k_protocol_secondary =  [0, 0.128943, 0.128943, 0.518412, 0.518412, 0.631106, 0.631106, 0.744571, 0.744571, 0.819803, 0.819803, 0.95879, 0.95879, 0.969479, ]
best_evolved_state = [-0.0151837, 0.0170424, -0.0504552, -0.000682005, -0.0151837, 0.0170424, 0.0488257, 0.0194002, 0.070614, 0.273186, -0.0151837, 0.0170424, 0.070614, 0.273186, -0.000137751, 0.120964, 0.070614, 0.273186, -0.000137751, 0.120964, -0.0151837, 0.0170424, 0.070614, 0.273186, 0.0488257, 0.0194002, 0.0522105, 0.362122, -0.000137751, 0.120964, -0.0504552, -0.000682005, 0.0488257, 0.0194002, -0.0137425, 0.00145981, 0.0488257, 0.0194002, 0.070614, 0.273186, -0.0151837, 0.0170424, 0.0488257, 0.0194002, 0.0522105, 0.362122, 0.0488257, 0.0194002, 0.070614, 0.273186, -0.000137751, 0.120964, 0.070614, 0.273186, -0.0151837, 0.0170424, -0.0137425, 0.00145981, 0.0488257, 0.0194002, -0.0504552, -0.000682005, -0.0151837, 0.0170424, 0.070614, 0.273186, 0.0488257, 0.0194002, -0.0504552, -0.000682005, -0.0151837, 0.0170424, ]
best_mc_result_fixed_tau =   [0.0491723, 0.0487004, ]
evolved_state_fixed_tau =   [[-0.0121867, 0.0280917, -0.0509913, 0.00155465, -0.0121867, 0.0280917, 0.0490365, 0.0180687, 0.0725327, 0.271797, -0.0121867, 0.0280917, 0.0725327, 0.271797, 0.0039515, 0.121003, 0.0725327, 0.271797, 0.0039515, 0.121003, -0.0121867, 0.0280917, 0.0725327, 0.271797, 0.0490365, 0.0180687, 0.0583943, 0.361521, 0.0039515, 0.121003, -0.0509913, 0.00155465, 0.0490365, 0.0180687, -0.0124247, 0.0022555, 0.0490365, 0.0180687, 0.0725327, 0.271797, -0.0121867, 0.0280917, 0.0490365, 0.0180687, 0.0583943, 0.361521, 0.0490365, 0.0180687, 0.0725327, 0.271797, 0.0039515, 0.121003, 0.0725327, 0.271797, -0.0121867, 0.0280917, -0.0124247, 0.0022555, 0.0490365, 0.0180687, -0.0509913, 0.00155465, -0.0121867, 0.0280917, 0.0725327, 0.271797, 0.0490365, 0.0180687, -0.0509913, 0.00155465, -0.0121867, 0.0280917, ],[-0.0148695, 0.0222991, -0.0517655, 0.00208364, -0.0148695, 0.0222991, 0.0483929, 0.0174603, 0.0750107, 0.271668, -0.0148695, 0.0222991, 0.0750107, 0.271668, 0.0018037, 0.121046, 0.0750107, 0.271668, 0.0018037, 0.121046, -0.0148695, 0.0222991, 0.0750107, 0.271668, 0.0483929, 0.0174603, 0.0599093, 0.361026, 0.0018037, 0.121046, -0.0517655, 0.00208364, 0.0483929, 0.0174603, -0.0142672, 0.00263085, 0.0483929, 0.0174603, 0.0750107, 0.271668, -0.0148695, 0.0222991, 0.0483929, 0.0174603, 0.0599093, 0.361026, 0.0483929, 0.0174603, 0.0750107, 0.271668, 0.0018037, 0.121046, 0.0750107, 0.271668, -0.0148695, 0.0222991, -0.0142672, 0.00263085, 0.0483929, 0.0174603, -0.0517655, 0.00208364, -0.0148695, 0.0222991, 0.0750107, 0.271668, 0.0483929, 0.0174603, -0.0517655, 0.00208364, -0.0148695, 0.0222991, ],]
##############################################################################
clock_duration  =         1553.39
tau =                     1.07332
total_steps =             32
time_step =               0.0335412
best_mc_result =          0.0402193
best_mc_result_non_secondary =          0.0412579
evolved_target_dot_squared =  0.959781
distance =          0.0947401
j_protocol =  [[1, 1, 1, 1, 1, 1, 1, 1, 0, 0, 0, 1, 0, 0, 1, 0, 0, 1, 1, 0, 0, 0, 0, 0, 0, 0, 0, 0, 0, 1, 1, 1, ],[1, 1, 1, 1, 1, 1, 1, 1, 0, 0, 0, 0, 1, 1, 1, 0, 0, 0, 0, 0, 1, 0, 0, 0, 0, 0, 0, 1, 0, 0, 1, 1, ],]
k_protocol =  [[1, 1, 1, 1, 1, 1, 1, 1, 1, 1, 1, 1, 1, 1, 1, 1, 1, 1, 1, 1, 1, 1, 1, 1, 1, 1, 1, 1, 1, 1, 1, 0, ],[1, 1, 1, 1, 1, 1, 1, 1, 1, 1, 1, 1, 1, 1, 1, 1, 1, 1, 1, 1, 1, 1, 1, 1, 1, 1, 1, 1, 1, 1, 1, 1, ],]
j_protocol_secondary =  [0.00424947, 0.00621887, 0.00621887, 0.284083, 0.391825, 0.392406, 0.419069, 0.508189, 0.657556, 0.705943, 0.916374, 0.929327, 0.99219, 1.07332, ]
k_protocol_secondary =  [0, 0.000413948, 0.000413948, 0.0936728, 0.0936728, 0.536798, 0.536798, 0.799786, 0.799786, 0.881682, 0.881682, 0.997372, 0.997372, 1.06742, ]
best_evolved_state = [-0.0144747, 0.0117461, -0.0463584, 0.0146823, -0.0144747, 0.0117461, 0.0338596, 0.0152574, 0.020779, 0.282959, -0.0144747, 0.0117461, 0.020779, 0.282959, -0.0151264, 0.11838, 0.020779, 0.282959, -0.0151264, 0.11838, -0.0144747, 0.0117461, 0.020779, 0.282959, 0.0338596, 0.0152574, -0.0103219, 0.370965, -0.0151264, 0.11838, -0.0463584, 0.0146823, 0.0338596, 0.0152574, -0.0103195, 0.00774265, 0.0338596, 0.0152574, 0.020779, 0.282959, -0.0144747, 0.0117461, 0.0338596, 0.0152574, -0.0103219, 0.370965, 0.0338596, 0.0152574, 0.020779, 0.282959, -0.0151264, 0.11838, 0.020779, 0.282959, -0.0144747, 0.0117461, -0.0103195, 0.00774265, 0.0338596, 0.0152574, -0.0463584, 0.0146823, -0.0144747, 0.0117461, 0.020779, 0.282959, 0.0338596, 0.0152574, -0.0463584, 0.0146823, -0.0144747, 0.0117461, ]
best_mc_result_fixed_tau =   [0.0413655, 0.0412579, ]
evolved_state_fixed_tau =   [[-0.0162098, 0.0141978, -0.0514033, 0.00720725, -0.0162098, 0.0141978, 0.0311958, 0.0111987, 0.0343007, 0.283024, -0.0162098, 0.0141978, 0.0343007, 0.283024, -0.0256719, 0.110579, 0.0343007, 0.283024, -0.0256719, 0.110579, -0.0162098, 0.0141978, 0.0343007, 0.283024, 0.0311958, 0.0111987, 0.00798134, 0.370358, -0.0256719, 0.110579, -0.0514033, 0.00720725, 0.0311958, 0.0111987, -0.0147789, 0.00486694, 0.0311958, 0.0111987, 0.0343007, 0.283024, -0.0162098, 0.0141978, 0.0311958, 0.0111987, 0.00798134, 0.370358, 0.0311958, 0.0111987, 0.0343007, 0.283024, -0.0256719, 0.110579, 0.0343007, 0.283024, -0.0162098, 0.0141978, -0.0147789, 0.00486694, 0.0311958, 0.0111987, -0.0514033, 0.00720725, -0.0162098, 0.0141978, 0.0343007, 0.283024, 0.0311958, 0.0111987, -0.0514033, 0.00720725, -0.0162098, 0.0141978, ],[-0.0145138, 0.0148551, -0.0487221, 0.0142249, -0.0145138, 0.0148551, 0.0359448, 0.0104232, 0.0294115, 0.283228, -0.0145138, 0.0148551, 0.0294115, 0.283228, -0.011817, 0.112688, 0.0294115, 0.283228, -0.011817, 0.112688, -0.0145138, 0.0148551, 0.0294115, 0.283228, 0.0359448, 0.0104232, 0.00136065, 0.370536, -0.011817, 0.112688, -0.0487221, 0.0142249, 0.0359448, 0.0104232, -0.0128005, 0.00684188, 0.0359448, 0.0104232, 0.0294115, 0.283228, -0.0145138, 0.0148551, 0.0359448, 0.0104232, 0.00136065, 0.370536, 0.0359448, 0.0104232, 0.0294115, 0.283228, -0.011817, 0.112688, 0.0294115, 0.283228, -0.0145138, 0.0148551, -0.0128005, 0.00684188, 0.0359448, 0.0104232, -0.0487221, 0.0142249, -0.0145138, 0.0148551, 0.0294115, 0.283228, 0.0359448, 0.0104232, -0.0487221, 0.0142249, -0.0145138, 0.0148551, ],]
##############################################################################
clock_duration  =         1802.85
tau =                     1.18065
total_steps =             32
time_step =               0.0368953
best_mc_result =          0.0316138
best_mc_result_non_secondary =          0.0340162
evolved_target_dot_squared =  0.968386
distance =          0.0744691
j_protocol =  [[1, 1, 1, 1, 1, 1, 1, 1, 0, 0, 1, 1, 0, 1, 0, 0, 0, 1, 0, 0, 1, 0, 0, 1, 0, 0, 0, 0, 0, 0, 1, 1, ],[1, 1, 1, 1, 1, 1, 1, 1, 0, 0, 1, 0, 0, 1, 0, 1, 1, 0, 1, 0, 0, 0, 0, 0, 0, 0, 0, 1, 0, 0, 1, 1, ],]
k_protocol =  [[1, 1, 1, 0, 0, 1, 1, 1, 1, 1, 1, 1, 1, 1, 1, 1, 1, 1, 1, 1, 1, 1, 1, 1, 1, 1, 1, 1, 1, 1, 1, 1, ],[1, 1, 1, 0, 0, 1, 1, 1, 1, 1, 1, 1, 1, 1, 1, 1, 1, 1, 1, 1, 1, 1, 1, 1, 1, 1, 1, 1, 1, 1, 1, 1, ],]
j_protocol_secondary =  [0.0052048, 0.349996, 0.378159, 0.400932, 0.488088, 0.517473, 0.571439, 0.627689, 0.659143, 0.726838, 1.01496, 1.02595, 1.08841, 1.18065, ]
k_protocol_secondary =  [0, 0.0909564, 0.133223, 0.133223, 0.18204, 0.408403, 0.408403, 0.472843, 0.472843, 0.58262, 0.58262, 0.906622, 0.906622, 1.17452, ]
best_evolved_state = [-0.0243116, 0.00573308, -0.031365, -0.00345923, -0.0243116, 0.00573308, 0.0153132, 0.0328157, -0.114593, 0.257855, -0.0243116, 0.00573308, -0.114593, 0.257855, -0.0597, 0.104099, -0.114593, 0.257855, -0.0597, 0.104099, -0.0243116, 0.00573308, -0.114593, 0.257855, 0.0153132, 0.0328157, -0.187143, 0.328549, -0.0597, 0.104099, -0.031365, -0.00345923, 0.0153132, 0.0328157, 0.00324857, 0.00220399, 0.0153132, 0.0328157, -0.114593, 0.257855, -0.0243116, 0.00573308, 0.0153132, 0.0328157, -0.187143, 0.328549, 0.0153132, 0.0328157, -0.114593, 0.257855, -0.0597, 0.104099, -0.114593, 0.257855, -0.0243116, 0.00573308, 0.00324857, 0.00220399, 0.0153132, 0.0328157, -0.031365, -0.00345923, -0.0243116, 0.00573308, -0.114593, 0.257855, 0.0153132, 0.0328157, -0.031365, -0.00345923, -0.0243116, 0.00573308, ]
best_mc_result_fixed_tau =   [0.0348652, 0.0340162, ]
evolved_state_fixed_tau =   [[-0.0197364, 0.0165741, -0.0360152, 0.00543239, -0.0197364, 0.0165741, 0.0251002, 0.0275012, -0.0798353, 0.270963, -0.0197364, 0.0165741, -0.0798353, 0.270963, -0.0377979, 0.112906, -0.0798353, 0.270963, -0.0377979, 0.112906, -0.0197364, 0.0165741, -0.0798353, 0.270963, 0.0251002, 0.0275012, -0.140057, 0.349255, -0.0377979, 0.112906, -0.0360152, 0.00543239, 0.0251002, 0.0275012, 0.000582722, 0.00407721, 0.0251002, 0.0275012, -0.0798353, 0.270963, -0.0197364, 0.0165741, 0.0251002, 0.0275012, -0.140057, 0.349255, 0.0251002, 0.0275012, -0.0798353, 0.270963, -0.0377979, 0.112906, -0.0798353, 0.270963, -0.0197364, 0.0165741, 0.000582722, 0.00407721, 0.0251002, 0.0275012, -0.0360152, 0.00543239, -0.0197364, 0.0165741, -0.0798353, 0.270963, 0.0251002, 0.0275012, -0.0360152, 0.00543239, -0.0197364, 0.0165741, ],[-0.019061, 0.00649801, -0.0386078, 0.00818433, -0.019061, 0.00649801, 0.0197484, 0.0246713, -0.0691998, 0.274187, -0.019061, 0.00649801, -0.0691998, 0.274187, -0.0459215, 0.113072, -0.0691998, 0.274187, -0.0459215, 0.113072, -0.019061, 0.00649801, -0.0691998, 0.274187, 0.0197484, 0.0246713, -0.128691, 0.353578, -0.0459215, 0.113072, -0.0386078, 0.00818433, 0.0197484, 0.0246713, -0.00233795, 0.00529439, 0.0197484, 0.0246713, -0.0691998, 0.274187, -0.019061, 0.00649801, 0.0197484, 0.0246713, -0.128691, 0.353578, 0.0197484, 0.0246713, -0.0691998, 0.274187, -0.0459215, 0.113072, -0.0691998, 0.274187, -0.019061, 0.00649801, -0.00233795, 0.00529439, 0.0197484, 0.0246713, -0.0386078, 0.00818433, -0.019061, 0.00649801, -0.0691998, 0.274187, 0.0197484, 0.0246713, -0.0386078, 0.00818433, -0.019061, 0.00649801, ],]
##############################################################################
clock_duration  =         2039.92
tau =                     1.29872
total_steps =             32
time_step =               0.0405849
best_mc_result =          0.0187434
best_mc_result_non_secondary =          0.0224346
evolved_target_dot_squared =  0.981257
distance =          0.0441516
j_protocol =  [[1, 1, 1, 1, 1, 1, 1, 1, 1, 1, 1, 0, 0, 1, 1, 0, 0, 0, 1, 0, 1, 1, 0, 0, 0, 0, 0, 0, 0, 0, 1, 1, ],[0, 1, 1, 1, 1, 1, 1, 1, 1, 1, 0, 0, 0, 1, 0, 1, 1, 0, 0, 0, 1, 0, 1, 0, 0, 0, 0, 0, 0, 0, 1, 1, ],]
k_protocol =  [[1, 1, 1, 0, 0, 0, 1, 1, 1, 1, 1, 1, 1, 1, 1, 1, 1, 1, 1, 1, 1, 1, 1, 1, 1, 1, 1, 1, 1, 1, 1, 1, ],[1, 1, 1, 0, 0, 0, 1, 1, 1, 1, 1, 1, 1, 1, 1, 1, 1, 1, 1, 1, 1, 1, 1, 1, 1, 1, 1, 1, 1, 1, 1, 1, ],]
j_protocol_secondary =  [0.0073376, 0.0557095, 0.0557095, 0.452256, 0.543653, 0.62291, 0.703821, 0.779691, 0.823352, 0.867534, 1.16431, 1.16762, 1.20202, 1.29872, ]
k_protocol_secondary =  [0, 0.10875, 0.262828, 0.418144, 0.418144, 0.651188, 0.651188, 0.785104, 0.785104, 0.928001, 0.928001, 1.08548, 1.08548, 1.29261, ]
best_evolved_state = [-0.0244585, -0.00127357, -0.0076323, -0.00842328, -0.0244585, -0.00127357, -0.0147226, 0.0317816, -0.224708, 0.170057, -0.0244585, -0.00127357, -0.224708, 0.170057, -0.0887122, 0.0650141, -0.224708, 0.170057, -0.0887122, 0.0650141, -0.0244585, -0.00127357, -0.224708, 0.170057, -0.0147226, 0.0317816, -0.325762, 0.209742, -0.0887122, 0.0650141, -0.0076323, -0.00842328, -0.0147226, 0.0317816, 0.0212585, -0.00489167, -0.0147226, 0.0317816, -0.224708, 0.170057, -0.0244585, -0.00127357, -0.0147226, 0.0317816, -0.325762, 0.209742, -0.0147226, 0.0317816, -0.224708, 0.170057, -0.0887122, 0.0650141, -0.224708, 0.170057, -0.0244585, -0.00127357, 0.0212585, -0.00489167, -0.0147226, 0.0317816, -0.0076323, -0.00842328, -0.0244585, -0.00127357, -0.224708, 0.170057, -0.0147226, 0.0317816, -0.0076323, -0.00842328, -0.0244585, -0.00127357, ]
best_mc_result_fixed_tau =   [0.0224346, 0.0228766, ]
evolved_state_fixed_tau =   [[-0.0244857, 0.0069837, -0.00792225, 0.00101672, -0.0244857, 0.0069837, -0.00950141, 0.0349842, -0.213461, 0.182301, -0.0244857, 0.0069837, -0.213461, 0.182301, -0.0752145, 0.08694, -0.213461, 0.182301, -0.0752145, 0.08694, -0.0244857, 0.0069837, -0.213461, 0.182301, -0.00950141, 0.0349842, -0.312364, 0.228776, -0.0752145, 0.08694, -0.00792225, 0.00101672, -0.00950141, 0.0349842, 0.0219703, -0.00123246, -0.00950141, 0.0349842, -0.213461, 0.182301, -0.0244857, 0.0069837, -0.00950141, 0.0349842, -0.312364, 0.228776, -0.00950141, 0.0349842, -0.213461, 0.182301, -0.0752145, 0.08694, -0.213461, 0.182301, -0.0244857, 0.0069837, 0.0219703, -0.00123246, -0.00950141, 0.0349842, -0.00792225, 0.00101672, -0.0244857, 0.0069837, -0.213461, 0.182301, -0.00950141, 0.0349842, -0.00792225, 0.00101672, -0.0244857, 0.0069837, ],[-0.0193334, 0.0161552, -0.0180816, 0.00721319, -0.0193334, 0.0161552, 0.00737497, 0.0271257, -0.12908, 0.250989, -0.0193334, 0.0161552, -0.12908, 0.250989, -0.0452074, 0.103162, -0.12908, 0.250989, -0.0452074, 0.103162, -0.0193334, 0.0161552, -0.12908, 0.250989, 0.00737497, 0.0271257, -0.204903, 0.327611, -0.0452074, 0.103162, -0.0180816, 0.00721319, 0.00737497, 0.0271257, 0.0147061, -0.00322336, 0.00737497, 0.0271257, -0.12908, 0.250989, -0.0193334, 0.0161552, 0.00737497, 0.0271257, -0.204903, 0.327611, 0.00737497, 0.0271257, -0.12908, 0.250989, -0.0452074, 0.103162, -0.12908, 0.250989, -0.0193334, 0.0161552, 0.0147061, -0.00322336, 0.00737497, 0.0271257, -0.0180816, 0.00721319, -0.0193334, 0.0161552, -0.12908, 0.250989, 0.00737497, 0.0271257, -0.0180816, 0.00721319, -0.0193334, 0.0161552, ],]
##############################################################################
clock_duration  =         2422.57
tau =                     1.36365
total_steps =             32
time_step =               0.0446433
best_mc_result =          0.0130601
best_mc_result_non_secondary =          0
evolved_target_dot_squared =  0.98694
distance =          0.0307642
j_protocol =  [[0, 0, 0, 0, 0, 0, 0, 0, 0, 0, 0, 0, 0, 0, 0, 0, 0, 0, 0, 0, 0, 0, 0, 0, 0, 0, 0, 0, 0, 0, 0, 0, ],[0, 0, 0, 0, 0, 0, 0, 0, 0, 0, 0, 0, 0, 0, 0, 0, 0, 0, 0, 0, 0, 0, 0, 0, 0, 0, 0, 0, 0, 0, 0, 0, ],]
k_protocol =  [[0, 0, 0, 0, 0, 0, 0, 0, 0, 0, 0, 0, 0, 0, 0, 0, 0, 0, 0, 0, 0, 0, 0, 0, 0, 0, 0, 0, 0, 0, 0, 0, ],[0, 0, 0, 0, 0, 0, 0, 0, 0, 0, 0, 0, 0, 0, 0, 0, 0, 0, 0, 0, 0, 0, 0, 0, 0, 0, 0, 0, 0, 0, 0, 0, ],]
j_protocol_secondary =  [0.00805189, 0.261103, 0.261103, 0.439578, 0.439578, 0.490499, 0.619156, 0.72891, 0.791687, 0.863988, 0.988215, 1.00603, 1.26621, 1.36365, ]
k_protocol_secondary =  [0, 0.123031, 0.287625, 0.290531, 0.290531, 0.352356, 0.352356, 0.434219, 0.434219, 0.732574, 0.732574, 1.03428, 1.03428, 1.3573, ]
best_evolved_state = [-0.0188261, -0.000489115, -0.0013951, -0.00835329, -0.0188261, -0.000489115, -0.0210604, 0.0243463, -0.243808, 0.143427, -0.0188261, -0.000489115, -0.243808, 0.143427, -0.086867, 0.050838, -0.243808, 0.143427, -0.086867, 0.050838, -0.0188261, -0.000489115, -0.243808, 0.143427, -0.0210604, 0.0243463, -0.349538, 0.176014, -0.086867, 0.050838, -0.0013951, -0.00835329, -0.0210604, 0.0243463, 0.0257255, -0.0125349, -0.0210604, 0.0243463, -0.243808, 0.143427, -0.0188261, -0.000489115, -0.0210604, 0.0243463, -0.349538, 0.176014, -0.0210604, 0.0243463, -0.243808, 0.143427, -0.086867, 0.050838, -0.243808, 0.143427, -0.0188261, -0.000489115, 0.0257255, -0.0125349, -0.0210604, 0.0243463, -0.0013951, -0.00835329, -0.0188261, -0.000489115, -0.243808, 0.143427, -0.0210604, 0.0243463, -0.0013951, -0.00835329, -0.0188261, -0.000489115, ]
best_mc_result_fixed_tau =   [0.0125137, 0.0107928, ]
evolved_state_fixed_tau =   [[-0.00688787, 0.00192837, -0.00387387, -0.00321189, -0.00688787, 0.00192837, -0.0290897, 0.0204364, -0.251158, 0.127473, -0.00688787, 0.00192837, -0.251158, 0.127473, -0.0924409, 0.0529617, -0.251158, 0.127473, -0.0924409, 0.0529617, -0.00688787, 0.00192837, -0.251158, 0.127473, -0.0290897, 0.0204364, -0.360168, 0.15543, -0.0924409, 0.0529617, -0.00387387, -0.00321189, -0.0290897, 0.0204364, 0.0236739, -0.015149, -0.0290897, 0.0204364, -0.251158, 0.127473, -0.00688787, 0.00192837, -0.0290897, 0.0204364, -0.360168, 0.15543, -0.0290897, 0.0204364, -0.251158, 0.127473, -0.0924409, 0.0529617, -0.251158, 0.127473, -0.00688787, 0.00192837, 0.0236739, -0.015149, -0.0290897, 0.0204364, -0.00387387, -0.00321189, -0.00688787, 0.00192837, -0.251158, 0.127473, -0.0290897, 0.0204364, -0.00387387, -0.00321189, -0.00688787, 0.00192837, ],[-0.0172927, 0.00655009, 0.000319969, -0.0127992, -0.0172927, 0.00655009, -0.0200237, 0.0156033, -0.256022, 0.123917, -0.0172927, 0.00655009, -0.256022, 0.123917, -0.0807849, 0.0350893, -0.256022, 0.123917, -0.0807849, 0.0350893, -0.0172927, 0.00655009, -0.256022, 0.123917, -0.0200237, 0.0156033, -0.363679, 0.152184, -0.0807849, 0.0350893, 0.000319969, -0.0127992, -0.0200237, 0.0156033, 0.0265544, -0.0217405, -0.0200237, 0.0156033, -0.256022, 0.123917, -0.0172927, 0.00655009, -0.0200237, 0.0156033, -0.363679, 0.152184, -0.0200237, 0.0156033, -0.256022, 0.123917, -0.0807849, 0.0350893, -0.256022, 0.123917, -0.0172927, 0.00655009, 0.0265544, -0.0217405, -0.0200237, 0.0156033, 0.000319969, -0.0127992, -0.0172927, 0.00655009, -0.256022, 0.123917, -0.0200237, 0.0156033, 0.000319969, -0.0127992, -0.0172927, 0.00655009, ],]
##############################################################################
clock_duration  =         2566.62
tau =                     1.39612
total_steps =             32
time_step =               0.0446433
best_mc_result =          0.0109358
best_mc_result_non_secondary =          0
evolved_target_dot_squared =  0.989064
distance =          0.0257603
j_protocol =  [[0, 0, 0, 0, 0, 0, 0, 0, 0, 0, 0, 0, 0, 0, 0, 0, 0, 0, 0, 0, 0, 0, 0, 0, 0, 0, 0, 0, 0, 0, 0, 0, ],[0, 0, 0, 0, 0, 0, 0, 0, 0, 0, 0, 0, 0, 0, 0, 0, 0, 0, 0, 0, 0, 0, 0, 0, 0, 0, 0, 0, 0, 0, 0, 0, ],]
k_protocol =  [[0, 0, 0, 0, 0, 0, 0, 0, 0, 0, 0, 0, 0, 0, 0, 0, 0, 0, 0, 0, 0, 0, 0, 0, 0, 0, 0, 0, 0, 0, 0, 0, ],[0, 0, 0, 0, 0, 0, 0, 0, 0, 0, 0, 0, 0, 0, 0, 0, 0, 0, 0, 0, 0, 0, 0, 0, 0, 0, 0, 0, 0, 0, 0, 0, ],]
j_protocol_secondary =  [0.00774117, 0.26732, 0.26732, 0.450044, 0.450044, 0.506662, 0.641295, 0.746451, 0.809289, 0.887369, 1.01506, 1.0296, 1.29771, 1.39612, ]
k_protocol_secondary =  [0, 0.131465, 0.294509, 0.29732, 0.29732, 0.360745, 0.360745, 0.444557, 0.444557, 0.750017, 0.750017, 1.05891, 1.05891, 1.39098, ]
best_evolved_state = [-0.0157804, -0.000121669, 0.00178849, -0.00793218, -0.0157804, -0.000121669, -0.0232482, 0.0198683, -0.24974, 0.134077, -0.0157804, -0.000121669, -0.24974, 0.134077, -0.0840127, 0.0452169, -0.24974, 0.134077, -0.0840127, 0.0452169, -0.0157804, -0.000121669, -0.24974, 0.134077, -0.0232482, 0.0198683, -0.356964, 0.164612, -0.0840127, 0.0452169, 0.00178849, -0.00793218, -0.0232482, 0.0198683, 0.0269487, -0.0170925, -0.0232482, 0.0198683, -0.24974, 0.134077, -0.0157804, -0.000121669, -0.0232482, 0.0198683, -0.356964, 0.164612, -0.0232482, 0.0198683, -0.24974, 0.134077, -0.0840127, 0.0452169, -0.24974, 0.134077, -0.0157804, -0.000121669, 0.0269487, -0.0170925, -0.0232482, 0.0198683, 0.00178849, -0.00793218, -0.0157804, -0.000121669, -0.24974, 0.134077, -0.0232482, 0.0198683, 0.00178849, -0.00793218, -0.0157804, -0.000121669, ]
best_mc_result_fixed_tau =   [0.0125137, 0.0107928, ]
evolved_state_fixed_tau =   [[-0.00688787, 0.00192837, -0.00387387, -0.00321189, -0.00688787, 0.00192837, -0.0290897, 0.0204364, -0.251158, 0.127473, -0.00688787, 0.00192837, -0.251158, 0.127473, -0.0924409, 0.0529617, -0.251158, 0.127473, -0.0924409, 0.0529617, -0.00688787, 0.00192837, -0.251158, 0.127473, -0.0290897, 0.0204364, -0.360168, 0.15543, -0.0924409, 0.0529617, -0.00387387, -0.00321189, -0.0290897, 0.0204364, 0.0236739, -0.015149, -0.0290897, 0.0204364, -0.251158, 0.127473, -0.00688787, 0.00192837, -0.0290897, 0.0204364, -0.360168, 0.15543, -0.0290897, 0.0204364, -0.251158, 0.127473, -0.0924409, 0.0529617, -0.251158, 0.127473, -0.00688787, 0.00192837, 0.0236739, -0.015149, -0.0290897, 0.0204364, -0.00387387, -0.00321189, -0.00688787, 0.00192837, -0.251158, 0.127473, -0.0290897, 0.0204364, -0.00387387, -0.00321189, -0.00688787, 0.00192837, ],[-0.0172927, 0.00655009, 0.000319969, -0.0127992, -0.0172927, 0.00655009, -0.0200237, 0.0156033, -0.256022, 0.123917, -0.0172927, 0.00655009, -0.256022, 0.123917, -0.0807849, 0.0350893, -0.256022, 0.123917, -0.0807849, 0.0350893, -0.0172927, 0.00655009, -0.256022, 0.123917, -0.0200237, 0.0156033, -0.363679, 0.152184, -0.0807849, 0.0350893, 0.000319969, -0.0127992, -0.0200237, 0.0156033, 0.0265544, -0.0217405, -0.0200237, 0.0156033, -0.256022, 0.123917, -0.0172927, 0.00655009, -0.0200237, 0.0156033, -0.363679, 0.152184, -0.0200237, 0.0156033, -0.256022, 0.123917, -0.0807849, 0.0350893, -0.256022, 0.123917, -0.0172927, 0.00655009, 0.0265544, -0.0217405, -0.0200237, 0.0156033, 0.000319969, -0.0127992, -0.0172927, 0.00655009, -0.256022, 0.123917, -0.0200237, 0.0156033, 0.000319969, -0.0127992, -0.0172927, 0.00655009, ],]
##############################################################################
clock_duration  =         2716.7
tau =                     1.41235
total_steps =             32
time_step =               0.0446433
best_mc_result =          0.0101137
best_mc_result_non_secondary =          0
evolved_target_dot_squared =  0.989886
distance =          0.0238238
j_protocol =  [[0, 0, 0, 0, 0, 0, 0, 0, 0, 0, 0, 0, 0, 0, 0, 0, 0, 0, 0, 0, 0, 0, 0, 0, 0, 0, 0, 0, 0, 0, 0, 0, ],[0, 0, 0, 0, 0, 0, 0, 0, 0, 0, 0, 0, 0, 0, 0, 0, 0, 0, 0, 0, 0, 0, 0, 0, 0, 0, 0, 0, 0, 0, 0, 0, ],]
k_protocol =  [[0, 0, 0, 0, 0, 0, 0, 0, 0, 0, 0, 0, 0, 0, 0, 0, 0, 0, 0, 0, 0, 0, 0, 0, 0, 0, 0, 0, 0, 0, 0, 0, ],[0, 0, 0, 0, 0, 0, 0, 0, 0, 0, 0, 0, 0, 0, 0, 0, 0, 0, 0, 0, 0, 0, 0, 0, 0, 0, 0, 0, 0, 0, 0, 0, ],]
j_protocol_secondary =  [0.00719048, 0.270428, 0.270428, 0.455277, 0.455277, 0.518015, 0.654767, 0.754802, 0.818218, 0.897869, 1.02658, 1.04185, 1.3148, 1.41235, ]
k_protocol_secondary =  [0, 0.13416, 0.294605, 0.300564, 0.300564, 0.36494, 0.36494, 0.449726, 0.449726, 0.758738, 0.758738, 1.07122, 1.07122, 1.40737, ]
best_evolved_state = [-0.0142778, 0.00016061, 0.00318414, -0.00778697, -0.0142778, 0.00016061, -0.0242939, 0.0177525, -0.253203, 0.128047, -0.0142778, 0.00016061, -0.253203, 0.128047, -0.0826749, 0.0425584, -0.253203, 0.128047, -0.0826749, 0.0425584, -0.0142778, 0.00016061, -0.253203, 0.128047, -0.0242939, 0.0177525, -0.360969, 0.157159, -0.0826749, 0.0425584, 0.00318414, -0.00778697, -0.0242939, 0.0177525, 0.0269819, -0.0192784, -0.0242939, 0.0177525, -0.253203, 0.128047, -0.0142778, 0.00016061, -0.0242939, 0.0177525, -0.360969, 0.157159, -0.0242939, 0.0177525, -0.253203, 0.128047, -0.0826749, 0.0425584, -0.253203, 0.128047, -0.0142778, 0.00016061, 0.0269819, -0.0192784, -0.0242939, 0.0177525, 0.00318414, -0.00778697, -0.0142778, 0.00016061, -0.253203, 0.128047, -0.0242939, 0.0177525, 0.00318414, -0.00778697, -0.0142778, 0.00016061, ]
best_mc_result_fixed_tau =   [0.0125137, 0.0107928, ]
evolved_state_fixed_tau =   [[-0.00688787, 0.00192837, -0.00387387, -0.00321189, -0.00688787, 0.00192837, -0.0290897, 0.0204364, -0.251158, 0.127473, -0.00688787, 0.00192837, -0.251158, 0.127473, -0.0924409, 0.0529617, -0.251158, 0.127473, -0.0924409, 0.0529617, -0.00688787, 0.00192837, -0.251158, 0.127473, -0.0290897, 0.0204364, -0.360168, 0.15543, -0.0924409, 0.0529617, -0.00387387, -0.00321189, -0.0290897, 0.0204364, 0.0236739, -0.015149, -0.0290897, 0.0204364, -0.251158, 0.127473, -0.00688787, 0.00192837, -0.0290897, 0.0204364, -0.360168, 0.15543, -0.0290897, 0.0204364, -0.251158, 0.127473, -0.0924409, 0.0529617, -0.251158, 0.127473, -0.00688787, 0.00192837, 0.0236739, -0.015149, -0.0290897, 0.0204364, -0.00387387, -0.00321189, -0.00688787, 0.00192837, -0.251158, 0.127473, -0.0290897, 0.0204364, -0.00387387, -0.00321189, -0.00688787, 0.00192837, ],[-0.0172927, 0.00655009, 0.000319969, -0.0127992, -0.0172927, 0.00655009, -0.0200237, 0.0156033, -0.256022, 0.123917, -0.0172927, 0.00655009, -0.256022, 0.123917, -0.0807849, 0.0350893, -0.256022, 0.123917, -0.0807849, 0.0350893, -0.0172927, 0.00655009, -0.256022, 0.123917, -0.0200237, 0.0156033, -0.363679, 0.152184, -0.0807849, 0.0350893, 0.000319969, -0.0127992, -0.0200237, 0.0156033, 0.0265544, -0.0217405, -0.0200237, 0.0156033, -0.256022, 0.123917, -0.0172927, 0.00655009, -0.0200237, 0.0156033, -0.363679, 0.152184, -0.0200237, 0.0156033, -0.256022, 0.123917, -0.0807849, 0.0350893, -0.256022, 0.123917, -0.0172927, 0.00655009, 0.0265544, -0.0217405, -0.0200237, 0.0156033, 0.000319969, -0.0127992, -0.0172927, 0.00655009, -0.256022, 0.123917, -0.0200237, 0.0156033, 0.000319969, -0.0127992, -0.0172927, 0.00655009, ],]
##############################################################################
clock_duration  =         3018.87
tau =                     1.41641
total_steps =             32
time_step =               0.0446433
best_mc_result =          0.0099257
best_mc_result_non_secondary =          0
evolved_target_dot_squared =  0.990074
distance =          0.0233808
j_protocol =  [[0, 0, 0, 0, 0, 0, 0, 0, 0, 0, 0, 0, 0, 0, 0, 0, 0, 0, 0, 0, 0, 0, 0, 0, 0, 0, 0, 0, 0, 0, 0, 0, ],[0, 0, 0, 0, 0, 0, 0, 0, 0, 0, 0, 0, 0, 0, 0, 0, 0, 0, 0, 0, 0, 0, 0, 0, 0, 0, 0, 0, 0, 0, 0, 0, ],]
k_protocol =  [[0, 0, 0, 0, 0, 0, 0, 0, 0, 0, 0, 0, 0, 0, 0, 0, 0, 0, 0, 0, 0, 0, 0, 0, 0, 0, 0, 0, 0, 0, 0, 0, ],[0, 0, 0, 0, 0, 0, 0, 0, 0, 0, 0, 0, 0, 0, 0, 0, 0, 0, 0, 0, 0, 0, 0, 0, 0, 0, 0, 0, 0, 0, 0, 0, ],]
j_protocol_secondary =  [0.00688432, 0.271205, 0.271205, 0.456585, 0.456585, 0.523239, 0.66075, 0.756823, 0.819821, 0.900482, 1.02903, 1.04505, 1.31954, 1.41641, ]
k_protocol_secondary =  [0, 0.134185, 0.292909, 0.301428, 0.301428, 0.365989, 0.365989, 0.451019, 0.451019, 0.760918, 0.760918, 1.0743, 1.0743, 1.4111, ]
best_evolved_state = [-0.0140244, 0.000323696, 0.00347263, -0.00763068, -0.0140244, 0.000323696, -0.0247416, 0.0171868, -0.254403, 0.125738, -0.0140244, 0.000323696, -0.254403, 0.125738, -0.0826127, 0.0419428, -0.254403, 0.125738, -0.0826127, 0.0419428, -0.0140244, 0.000323696, -0.254403, 0.125738, -0.0247416, 0.0171868, -0.36227, 0.154288, -0.0826127, 0.0419428, 0.00347263, -0.00763068, -0.0247416, 0.0171868, 0.0268221, -0.0196698, -0.0247416, 0.0171868, -0.254403, 0.125738, -0.0140244, 0.000323696, -0.0247416, 0.0171868, -0.36227, 0.154288, -0.0247416, 0.0171868, -0.254403, 0.125738, -0.0826127, 0.0419428, -0.254403, 0.125738, -0.0140244, 0.000323696, 0.0268221, -0.0196698, -0.0247416, 0.0171868, 0.00347263, -0.00763068, -0.0140244, 0.000323696, -0.254403, 0.125738, -0.0247416, 0.0171868, 0.00347263, -0.00763068, -0.0140244, 0.000323696, ]
best_mc_result_fixed_tau =   [0.0125137, 0.0107928, ]
evolved_state_fixed_tau =   [[-0.00688787, 0.00192837, -0.00387387, -0.00321189, -0.00688787, 0.00192837, -0.0290897, 0.0204364, -0.251158, 0.127473, -0.00688787, 0.00192837, -0.251158, 0.127473, -0.0924409, 0.0529617, -0.251158, 0.127473, -0.0924409, 0.0529617, -0.00688787, 0.00192837, -0.251158, 0.127473, -0.0290897, 0.0204364, -0.360168, 0.15543, -0.0924409, 0.0529617, -0.00387387, -0.00321189, -0.0290897, 0.0204364, 0.0236739, -0.015149, -0.0290897, 0.0204364, -0.251158, 0.127473, -0.00688787, 0.00192837, -0.0290897, 0.0204364, -0.360168, 0.15543, -0.0290897, 0.0204364, -0.251158, 0.127473, -0.0924409, 0.0529617, -0.251158, 0.127473, -0.00688787, 0.00192837, 0.0236739, -0.015149, -0.0290897, 0.0204364, -0.00387387, -0.00321189, -0.00688787, 0.00192837, -0.251158, 0.127473, -0.0290897, 0.0204364, -0.00387387, -0.00321189, -0.00688787, 0.00192837, ],[-0.0172927, 0.00655009, 0.000319969, -0.0127992, -0.0172927, 0.00655009, -0.0200237, 0.0156033, -0.256022, 0.123917, -0.0172927, 0.00655009, -0.256022, 0.123917, -0.0807849, 0.0350893, -0.256022, 0.123917, -0.0807849, 0.0350893, -0.0172927, 0.00655009, -0.256022, 0.123917, -0.0200237, 0.0156033, -0.363679, 0.152184, -0.0807849, 0.0350893, 0.000319969, -0.0127992, -0.0200237, 0.0156033, 0.0265544, -0.0217405, -0.0200237, 0.0156033, -0.256022, 0.123917, -0.0172927, 0.00655009, -0.0200237, 0.0156033, -0.363679, 0.152184, -0.0200237, 0.0156033, -0.256022, 0.123917, -0.0807849, 0.0350893, -0.256022, 0.123917, -0.0172927, 0.00655009, 0.0265544, -0.0217405, -0.0200237, 0.0156033, 0.000319969, -0.0127992, -0.0172927, 0.00655009, -0.256022, 0.123917, -0.0200237, 0.0156033, 0.000319969, -0.0127992, -0.0172927, 0.00655009, ],]
