START_PARAMETERS
MAX_STEPS_MCDB =               32
MIN_STEPS_MCDB =               4
STEPS_CRUNCH_MCDB =            1
SWEEPS_MCDB =                  100
TOTAL_STEP_CHANGES =                  6
MCBB_SECONDARY =                  1
SWEEPS_MCBB_SECONDARY =                  250
NUMBER_OF_BANGS =                  7
GROUND_E =                -2.73618
INITIAL_E =               -2.49724
j_initial =               0.309
k_initial =               0.5
b_initial =               0
j_target =                0.594
k_target =                0.125
b_target =                0
init_target_dot_squared = 0.931869
init_state = [-0.0407337, 0, -0.0374667, 0, -0.0407337, 0, -0.139217, 0, -0.242821, 0, -0.0407337, 0, -0.242821, 0, -0.200476, 0, -0.242821, 0, -0.200476, 0, -0.0407337, 0, -0.242821, 0, -0.139217, 0, -0.305681, 0, -0.200476, 0, -0.0374667, 0, -0.139217, 0, -0.0579714, 0, -0.139217, 0, -0.242821, 0, -0.0407337, 0, -0.139217, 0, -0.305681, 0, -0.139217, 0, -0.242821, 0, -0.200476, 0, -0.242821, 0, -0.0407337, 0, -0.0579714, 0, -0.139217, 0, -0.0374667, 0, -0.0407337, 0, -0.242821, 0, -0.139217, 0, -0.0374667, 0, -0.0407337, 0, ]
target_state = [0.0859062, 0, 0.095396, 0, 0.0859062, 0, 0.173958, 0, 0.204393, 0, 0.0859062, 0, 0.204393, 0, 0.210891, 0, 0.204393, 0, 0.210891, 0, 0.0859062, 0, 0.204393, 0, 0.173958, 0, 0.242624, 0, 0.210891, 0, 0.095396, 0, 0.173958, 0, 0.12772, 0, 0.173958, 0, 0.204393, 0, 0.0859062, 0, 0.173958, 0, 0.242624, 0, 0.173958, 0, 0.204393, 0, 0.210891, 0, 0.204393, 0, 0.0859062, 0, 0.12772, 0, 0.173958, 0, 0.095396, 0, 0.0859062, 0, 0.204393, 0, 0.173958, 0, 0.095396, 0, 0.0859062, 0, ]
USE_ENERGY_DISTANCE =     false
PERIODIC =                false
UNIFORM_SITES =           true
DEVICE_DIMENSION =        2
MAX_PARAM =               1
MIN_PARAM =               0
MIN_PARAM =               0
DIAG =                    true
NUM_SEEDS =               2
NUMBER_OF_BANGS =               7
DISTANCE_LIMIT =          0.01
TAU_INIT =                0.4
MAX_TAU =                 5
TAU_SCALAR =              1.2
TAU_SCALAR_TINY =         1.1
TAU_SCALAR_BIG =          1.4
ACCEPTANCE_PROB =         0.85
TEMP_EXP_DECAY =          0.8
MIN_TEMP_FRACTION =       0.01
TEMP_DECAY_ITERATIONS =   21
ZERO_TEMP_ITREATIONS =    30
RANDOM_STATES =           3
END_PARAMETERS
##############################################################################
clock_duration  =         189.163
tau =                     0.4
total_steps =             32
time_step =               0.0125
best_mc_result =          0.0165748
best_mc_result_non_secondary =          0.0167915
evolved_target_dot_squared =  0.983425
distance =          0.24328
j_protocol =  [[1, 1, 1, 1, 1, 1, 1, 1, 1, 0, 1, 1, 1, 1, 1, 1, 1, 1, 1, 1, 1, 1, 1, 1, 1, 1, 1, 1, 1, 1, 1, 0, ],[1, 1, 1, 1, 1, 1, 1, 1, 1, 1, 1, 1, 1, 1, 1, 1, 1, 1, 1, 1, 1, 1, 1, 1, 1, 1, 1, 1, 1, 1, 1, 0, ],]
k_protocol =  [[1, 0, 0, 0, 1, 1, 1, 1, 1, 1, 1, 1, 1, 1, 1, 1, 1, 1, 1, 1, 0, 0, 0, 0, 1, 1, 1, 1, 1, 1, 1, 1, ],[0, 0, 0, 1, 1, 1, 1, 1, 1, 1, 1, 1, 1, 1, 1, 1, 1, 0, 1, 1, 1, 1, 0, 0, 0, 0, 1, 1, 1, 1, 1, 1, ],]
j_protocol_secondary =  [0, 0.00573201, 0.00573201, 0.0739126, 0.0739126, 0.0883752, 0.0883752, 0.366181, 0.366181, 0.390147, 0.392859, 0.392859, 0.392859, 0.392859, ]
k_protocol_secondary =  [0.0324915, 0.0663699, 0.0663699, 0.107871, 0.107871, 0.144756, 0.144756, 0.174755, 0.174755, 0.22433, 0.22433, 0.249122, 0.312266, 0.4, ]
best_evolved_state = [-0.010655, -0.0669376, 0.0227824, -0.0810859, -0.010655, -0.0669376, -0.000757689, -0.161844, -0.00786167, -0.207206, -0.010655, -0.0669376, -0.00786167, -0.207206, -0.0348131, -0.235989, -0.00786167, -0.207206, -0.0348131, -0.235989, -0.010655, -0.0669376, -0.00786167, -0.207206, -0.000757689, -0.161844, -0.025264, -0.252196, -0.0348131, -0.235989, 0.0227824, -0.0810859, -0.000757689, -0.161844, 0.0234934, -0.109898, -0.000757689, -0.161844, -0.00786167, -0.207206, -0.010655, -0.0669376, -0.000757689, -0.161844, -0.025264, -0.252196, -0.000757689, -0.161844, -0.00786167, -0.207206, -0.0348131, -0.235989, -0.00786167, -0.207206, -0.010655, -0.0669376, 0.0234934, -0.109898, -0.000757689, -0.161844, 0.0227824, -0.0810859, -0.010655, -0.0669376, -0.00786167, -0.207206, -0.000757689, -0.161844, 0.0227824, -0.0810859, -0.010655, -0.0669376, ]
best_mc_result_fixed_tau =   [0.0173441, 0.0167915, ]
evolved_state_fixed_tau =   [[-0.0179863, -0.063518, 0.014339, -0.0792441, -0.0179863, -0.063518, -0.0147979, -0.160215, -0.024243, -0.207982, -0.0179863, -0.063518, -0.024243, -0.207982, -0.0518985, -0.23182, -0.024243, -0.207982, -0.0518985, -0.23182, -0.0179863, -0.063518, -0.024243, -0.207982, -0.0147979, -0.160215, -0.0443941, -0.253348, -0.0518985, -0.23182, 0.014339, -0.0792441, -0.0147979, -0.160215, 0.012186, -0.107223, -0.0147979, -0.160215, -0.024243, -0.207982, -0.0179863, -0.063518, -0.0147979, -0.160215, -0.0443941, -0.253348, -0.0147979, -0.160215, -0.024243, -0.207982, -0.0518985, -0.23182, -0.024243, -0.207982, -0.0179863, -0.063518, 0.012186, -0.107223, -0.0147979, -0.160215, 0.014339, -0.0792441, -0.0179863, -0.063518, -0.024243, -0.207982, -0.0147979, -0.160215, 0.014339, -0.0792441, -0.0179863, -0.063518, ],[-0.0122411, -0.0655464, 0.0213763, -0.0823313, -0.0122411, -0.0655464, -0.00249175, -0.161315, -0.00864699, -0.208099, -0.0122411, -0.0655464, -0.00864699, -0.208099, -0.038022, -0.234503, -0.00864699, -0.208099, -0.038022, -0.234503, -0.0122411, -0.0655464, -0.00864699, -0.208099, -0.00249175, -0.161315, -0.0264437, -0.25261, -0.038022, -0.234503, 0.0213763, -0.0823313, -0.00249175, -0.161315, 0.0214954, -0.110732, -0.00249175, -0.161315, -0.00864699, -0.208099, -0.0122411, -0.0655464, -0.00249175, -0.161315, -0.0264437, -0.25261, -0.00249175, -0.161315, -0.00864699, -0.208099, -0.038022, -0.234503, -0.00864699, -0.208099, -0.0122411, -0.0655464, 0.0214954, -0.110732, -0.00249175, -0.161315, 0.0213763, -0.0823313, -0.0122411, -0.0655464, -0.00864699, -0.208099, -0.00249175, -0.161315, 0.0213763, -0.0823313, -0.0122411, -0.0655464, ],]
##############################################################################
clock_duration  =         350.821
tau =                     0.48
total_steps =             32
time_step =               0.015
best_mc_result =          0.0131232
best_mc_result_non_secondary =          0.0134194
evolved_target_dot_squared =  0.986877
distance =          0.192618
j_protocol =  [[1, 1, 1, 1, 1, 0, 0, 1, 1, 1, 1, 1, 1, 1, 1, 1, 1, 1, 1, 1, 1, 1, 1, 1, 1, 1, 1, 1, 1, 1, 1, 0, ],[1, 1, 1, 1, 1, 1, 1, 1, 0, 1, 1, 1, 1, 1, 1, 1, 1, 1, 1, 1, 1, 1, 1, 1, 1, 1, 1, 1, 1, 1, 1, 0, ],]
k_protocol =  [[0, 0, 0, 1, 1, 1, 1, 1, 1, 1, 1, 1, 1, 1, 1, 0, 1, 1, 1, 0, 0, 1, 1, 1, 0, 0, 0, 1, 1, 1, 1, 1, ],[0, 0, 1, 1, 1, 1, 1, 1, 1, 1, 1, 1, 1, 1, 1, 1, 1, 1, 1, 0, 0, 0, 1, 0, 0, 0, 1, 1, 1, 1, 1, 1, ],]
j_protocol_secondary =  [0, 0.075349, 0.075349, 0.0800596, 0.0800596, 0.128999, 0.128999, 0.251395, 0.251395, 0.371523, 0.371523, 0.44979, 0.44979, 0.469143, ]
k_protocol_secondary =  [0.0307766, 0.29693, 0.313431, 0.313431, 0.338905, 0.338905, 0.344946, 0.344946, 0.378333, 0.378333, 0.392899, 0.398815, 0.398815, 0.48, ]
best_evolved_state = [0.0159424, -0.0645348, 0.0426369, -0.0800342, 0.0159424, -0.0645348, 0.0538384, -0.155021, 0.0586859, -0.200011, 0.0159424, -0.0645348, 0.0586859, -0.200011, 0.0340282, -0.229835, 0.0586859, -0.200011, 0.0340282, -0.229835, 0.0159424, -0.0645348, 0.0586859, -0.200011, 0.0538384, -0.155021, 0.0571225, -0.241953, 0.0340282, -0.229835, 0.0426369, -0.0800342, 0.0538384, -0.155021, 0.0553099, -0.107405, 0.0538384, -0.155021, 0.0586859, -0.200011, 0.0159424, -0.0645348, 0.0538384, -0.155021, 0.0571225, -0.241953, 0.0538384, -0.155021, 0.0586859, -0.200011, 0.0340282, -0.229835, 0.0586859, -0.200011, 0.0159424, -0.0645348, 0.0553099, -0.107405, 0.0538384, -0.155021, 0.0426369, -0.0800342, 0.0159424, -0.0645348, 0.0586859, -0.200011, 0.0538384, -0.155021, 0.0426369, -0.0800342, 0.0159424, -0.0645348, ]
best_mc_result_fixed_tau =   [0.0144229, 0.0134194, ]
evolved_state_fixed_tau =   [[0.0027151, -0.0672991, 0.0323791, -0.0799962, 0.0027151, -0.0672991, 0.0274323, -0.160794, 0.0281794, -0.205767, 0.0027151, -0.0672991, 0.0281794, -0.205767, 0.00195241, -0.235991, 0.0281794, -0.205767, 0.00195241, -0.235991, 0.0027151, -0.0672991, 0.0281794, -0.205767, 0.0274323, -0.160794, 0.0198041, -0.250568, 0.00195241, -0.235991, 0.0323791, -0.0799962, 0.0274323, -0.160794, 0.0392753, -0.109009, 0.0274323, -0.160794, 0.0281794, -0.205767, 0.0027151, -0.0672991, 0.0274323, -0.160794, 0.0198041, -0.250568, 0.0274323, -0.160794, 0.0281794, -0.205767, 0.00195241, -0.235991, 0.0281794, -0.205767, 0.0027151, -0.0672991, 0.0392753, -0.109009, 0.0274323, -0.160794, 0.0323791, -0.0799962, 0.0027151, -0.0672991, 0.0281794, -0.205767, 0.0274323, -0.160794, 0.0323791, -0.0799962, 0.0027151, -0.0672991, ],[0.0085048, -0.0666032, 0.0345433, -0.0785679, 0.0085048, -0.0666032, 0.0372886, -0.159655, 0.0381931, -0.204294, 0.0085048, -0.0666032, 0.0381931, -0.204294, 0.0154464, -0.234565, 0.0381931, -0.204294, 0.0154464, -0.234565, 0.0085048, -0.0666032, 0.0381931, -0.204294, 0.0372886, -0.159655, 0.0332937, -0.248693, 0.0154464, -0.234565, 0.0345433, -0.0785679, 0.0372886, -0.159655, 0.0442234, -0.107253, 0.0372886, -0.159655, 0.0381931, -0.204294, 0.0085048, -0.0666032, 0.0372886, -0.159655, 0.0332937, -0.248693, 0.0372886, -0.159655, 0.0381931, -0.204294, 0.0154464, -0.234565, 0.0381931, -0.204294, 0.0085048, -0.0666032, 0.0442234, -0.107253, 0.0372886, -0.159655, 0.0345433, -0.0785679, 0.0085048, -0.0666032, 0.0381931, -0.204294, 0.0372886, -0.159655, 0.0345433, -0.0785679, 0.0085048, -0.0666032, ],]
##############################################################################
clock_duration  =         559.944
tau =                     0.528
total_steps =             32
time_step =               0.0165
best_mc_result =          0.0107765
best_mc_result_non_secondary =          0.0113614
evolved_target_dot_squared =  0.989224
distance =          0.158174
j_protocol =  [[1, 1, 1, 1, 1, 1, 1, 1, 1, 1, 1, 1, 1, 1, 1, 1, 1, 1, 1, 1, 1, 1, 1, 1, 1, 1, 1, 1, 1, 1, 1, 0, ],[1, 1, 1, 1, 1, 1, 1, 1, 1, 0, 1, 1, 1, 1, 1, 1, 1, 1, 1, 1, 1, 1, 1, 1, 1, 1, 1, 1, 1, 1, 1, 0, ],]
k_protocol =  [[0, 0, 1, 1, 1, 1, 1, 1, 1, 1, 1, 1, 1, 1, 1, 1, 1, 1, 0, 0, 0, 1, 1, 0, 0, 0, 1, 0, 1, 1, 1, 1, ],[0, 0, 1, 1, 1, 1, 1, 1, 1, 1, 1, 1, 1, 1, 1, 1, 0, 1, 1, 1, 0, 0, 0, 0, 0, 1, 1, 1, 0, 1, 1, 1, ],]
j_protocol_secondary =  [0, 0.0895025, 0.0895025, 0.0965213, 0.0965213, 0.165383, 0.166748, 0.259348, 0.259348, 0.353973, 0.353973, 0.5115, 0.5115, 0.515765, ]
k_protocol_secondary =  [0.0161648, 0.0161648, 0.0334773, 0.217333, 0.217333, 0.23106, 0.23106, 0.320869, 0.356445, 0.356445, 0.43513, 0.441215, 0.441215, 0.528, ]
best_evolved_state = [0.0312353, -0.0601961, 0.0517292, -0.075755, 0.0312353, -0.0601961, 0.083964, -0.144102, 0.0939004, -0.186283, 0.0312353, -0.0601961, 0.0939004, -0.186283, 0.0716395, -0.215994, 0.0939004, -0.186283, 0.0716395, -0.215994, 0.0312353, -0.0601961, 0.0939004, -0.186283, 0.083964, -0.144102, 0.101485, -0.224172, 0.0716395, -0.215994, 0.0517292, -0.075755, 0.083964, -0.144102, 0.0714343, -0.101055, 0.083964, -0.144102, 0.0939004, -0.186283, 0.0312353, -0.0601961, 0.083964, -0.144102, 0.101485, -0.224172, 0.083964, -0.144102, 0.0939004, -0.186283, 0.0716395, -0.215994, 0.0939004, -0.186283, 0.0312353, -0.0601961, 0.0714343, -0.101055, 0.083964, -0.144102, 0.0517292, -0.075755, 0.0312353, -0.0601961, 0.0939004, -0.186283, 0.083964, -0.144102, 0.0517292, -0.075755, 0.0312353, -0.0601961, ]
best_mc_result_fixed_tau =   [0.0113614, 0.0114844, ]
evolved_state_fixed_tau =   [[0.0284846, -0.0600292, 0.0509578, -0.0775334, 0.0284846, -0.0600292, 0.0812835, -0.144448, 0.093597, -0.18795, 0.0284846, -0.0600292, 0.093597, -0.18795, 0.067238, -0.216167, 0.093597, -0.18795, 0.067238, -0.216167, 0.0284846, -0.0600292, 0.093597, -0.18795, 0.0812835, -0.144448, 0.100057, -0.225866, 0.067238, -0.216167, 0.0509578, -0.0775334, 0.0812835, -0.144448, 0.0693087, -0.10278, 0.0812835, -0.144448, 0.093597, -0.18795, 0.0284846, -0.0600292, 0.0812835, -0.144448, 0.100057, -0.225866, 0.0812835, -0.144448, 0.093597, -0.18795, 0.067238, -0.216167, 0.093597, -0.18795, 0.0284846, -0.0600292, 0.0693087, -0.10278, 0.0812835, -0.144448, 0.0509578, -0.0775334, 0.0284846, -0.0600292, 0.093597, -0.18795, 0.0812835, -0.144448, 0.0509578, -0.0775334, 0.0284846, -0.0600292, ],[0.0241946, -0.062951, 0.0460344, -0.0763549, 0.0241946, -0.062951, 0.069109, -0.150675, 0.0768759, -0.193738, 0.0241946, -0.062951, 0.0768759, -0.193738, 0.0545108, -0.223748, 0.0768759, -0.193738, 0.0545108, -0.223748, 0.0241946, -0.062951, 0.0768759, -0.193738, 0.069109, -0.150675, 0.0809843, -0.2345, 0.0545108, -0.223748, 0.0460344, -0.0763549, 0.069109, -0.150675, 0.062699, -0.103275, 0.069109, -0.150675, 0.0768759, -0.193738, 0.0241946, -0.062951, 0.069109, -0.150675, 0.0809843, -0.2345, 0.069109, -0.150675, 0.0768759, -0.193738, 0.0545108, -0.223748, 0.0768759, -0.193738, 0.0241946, -0.062951, 0.062699, -0.103275, 0.069109, -0.150675, 0.0460344, -0.0763549, 0.0241946, -0.062951, 0.0768759, -0.193738, 0.069109, -0.150675, 0.0460344, -0.0763549, 0.0241946, -0.062951, ],]
##############################################################################
clock_duration  =         966.429
tau =                     0.5412
total_steps =             32
time_step =               0.01815
best_mc_result =          0.0101133
best_mc_result_non_secondary =          0
evolved_target_dot_squared =  0.989887
distance =          0.148439
j_protocol =  [[0, 0, 0, 0, 0, 0, 0, 0, 0, 0, 0, 0, 0, 0, 0, 0, 0, 0, 0, 0, 0, 0, 0, 0, 0, 0, 0, 0, 0, 0, 0, 0, ],[0, 0, 0, 0, 0, 0, 0, 0, 0, 0, 0, 0, 0, 0, 0, 0, 0, 0, 0, 0, 0, 0, 0, 0, 0, 0, 0, 0, 0, 0, 0, 0, ],]
k_protocol =  [[0, 0, 0, 0, 0, 0, 0, 0, 0, 0, 0, 0, 0, 0, 0, 0, 0, 0, 0, 0, 0, 0, 0, 0, 0, 0, 0, 0, 0, 0, 0, 0, ],[0, 0, 0, 0, 0, 0, 0, 0, 0, 0, 0, 0, 0, 0, 0, 0, 0, 0, 0, 0, 0, 0, 0, 0, 0, 0, 0, 0, 0, 0, 0, 0, ],]
j_protocol_secondary =  [0, 0.0698795, 0.0698795, 0.10481, 0.10481, 0.162108, 0.164402, 0.200048, 0.200048, 0.253479, 0.253479, 0.337537, 0.337537, 0.528622, ]
k_protocol_secondary =  [0.018862, 0.018862, 0.0346255, 0.0471728, 0.0471728, 0.327167, 0.340889, 0.340889, 0.400492, 0.400492, 0.445767, 0.459828, 0.459828, 0.5412, ]
best_evolved_state = [0.0351545, -0.0588394, 0.0535962, -0.0741146, 0.0351545, -0.0588394, 0.091467, -0.140585, 0.102455, -0.181602, 0.0351545, -0.0588394, 0.102455, -0.181602, 0.0810267, -0.211253, 0.102455, -0.181602, 0.0810267, -0.211253, 0.0351545, -0.0588394, 0.102455, -0.181602, 0.091467, -0.140585, 0.11246, -0.218198, 0.0810267, -0.211253, 0.0535962, -0.0741146, 0.091467, -0.140585, 0.0751563, -0.0987855, 0.091467, -0.140585, 0.102455, -0.181602, 0.0351545, -0.0588394, 0.091467, -0.140585, 0.11246, -0.218198, 0.091467, -0.140585, 0.102455, -0.181602, 0.0810267, -0.211253, 0.102455, -0.181602, 0.0351545, -0.0588394, 0.0751563, -0.0987855, 0.091467, -0.140585, 0.0535962, -0.0741146, 0.0351545, -0.0588394, 0.102455, -0.181602, 0.091467, -0.140585, 0.0535962, -0.0741146, 0.0351545, -0.0588394, ]
best_mc_result_fixed_tau =   [0.00886254, 0.00883298, ]
evolved_state_fixed_tau =   [[0.0382563, -0.0609267, 0.0518179, -0.0740475, 0.0382563, -0.0609267, 0.0935331, -0.141768, 0.100358, -0.179464, 0.0382563, -0.0609267, 0.100358, -0.179464, 0.0835829, -0.211954, 0.100358, -0.179464, 0.0835829, -0.211954, 0.0382563, -0.0609267, 0.100358, -0.179464, 0.0935331, -0.141768, 0.112008, -0.21564, 0.0835829, -0.211954, 0.0518179, -0.0740475, 0.0935331, -0.141768, 0.0751986, -0.0996772, 0.0935331, -0.141768, 0.100358, -0.179464, 0.0382563, -0.0609267, 0.0935331, -0.141768, 0.112008, -0.21564, 0.0935331, -0.141768, 0.100358, -0.179464, 0.0835829, -0.211954, 0.100358, -0.179464, 0.0382563, -0.0609267, 0.0751986, -0.0996772, 0.0935331, -0.141768, 0.0518179, -0.0740475, 0.0382563, -0.0609267, 0.100358, -0.179464, 0.0935331, -0.141768, 0.0518179, -0.0740475, 0.0382563, -0.0609267, ],[0.0484657, -0.0536386, 0.0636684, -0.0678128, 0.0484657, -0.0536386, 0.115546, -0.125376, 0.128533, -0.162197, 0.0484657, -0.0536386, 0.128533, -0.162197, 0.110735, -0.193643, 0.128533, -0.162197, 0.110735, -0.193643, 0.0484657, -0.0536386, 0.128533, -0.162197, 0.115546, -0.125376, 0.144269, -0.193961, 0.110735, -0.193643, 0.0636684, -0.0678128, 0.115546, -0.125376, 0.0906216, -0.0896174, 0.115546, -0.125376, 0.128533, -0.162197, 0.0484657, -0.0536386, 0.115546, -0.125376, 0.144269, -0.193961, 0.115546, -0.125376, 0.128533, -0.162197, 0.110735, -0.193643, 0.128533, -0.162197, 0.0484657, -0.0536386, 0.0906216, -0.0896174, 0.115546, -0.125376, 0.0636684, -0.0678128, 0.0484657, -0.0536386, 0.128533, -0.162197, 0.115546, -0.125376, 0.0636684, -0.0678128, 0.0484657, -0.0536386, ],]
##############################################################################
clock_duration  =         1227.18
tau =                     0.5445
total_steps =             32
time_step =               0.01815
best_mc_result =          0.00994799
best_mc_result_non_secondary =          0
evolved_target_dot_squared =  0.990052
distance =          0.146014
j_protocol =  [[0, 0, 0, 0, 0, 0, 0, 0, 0, 0, 0, 0, 0, 0, 0, 0, 0, 0, 0, 0, 0, 0, 0, 0, 0, 0, 0, 0, 0, 0, 0, 0, ],[0, 0, 0, 0, 0, 0, 0, 0, 0, 0, 0, 0, 0, 0, 0, 0, 0, 0, 0, 0, 0, 0, 0, 0, 0, 0, 0, 0, 0, 0, 0, 0, ],]
k_protocol =  [[0, 0, 0, 0, 0, 0, 0, 0, 0, 0, 0, 0, 0, 0, 0, 0, 0, 0, 0, 0, 0, 0, 0, 0, 0, 0, 0, 0, 0, 0, 0, 0, ],[0, 0, 0, 0, 0, 0, 0, 0, 0, 0, 0, 0, 0, 0, 0, 0, 0, 0, 0, 0, 0, 0, 0, 0, 0, 0, 0, 0, 0, 0, 0, 0, ],]
j_protocol_secondary =  [0, 0.0703056, 0.0703056, 0.105449, 0.105449, 0.162591, 0.16486, 0.201268, 0.201268, 0.255024, 0.255024, 0.339595, 0.339595, 0.531795, ]
k_protocol_secondary =  [0.018977, 0.018977, 0.0348373, 0.0474604, 0.0474604, 0.32882, 0.342968, 0.342968, 0.402934, 0.402934, 0.448577, 0.462632, 0.462632, 0.5445, ]
best_evolved_state = [0.0362054, -0.0584437, 0.0541262, -0.0736595, 0.0362054, -0.0584437, 0.0934788, -0.13956, 0.104732, -0.180263, 0.0362054, -0.0584437, 0.104732, -0.180263, 0.0835293, -0.209888, 0.104732, -0.180263, 0.0835293, -0.209888, 0.0362054, -0.0584437, 0.104732, -0.180263, 0.0934788, -0.13956, 0.115363, -0.216484, 0.0835293, -0.209888, 0.0541262, -0.0736595, 0.0934788, -0.13956, 0.0761752, -0.0981392, 0.0934788, -0.13956, 0.104732, -0.180263, 0.0362054, -0.0584437, 0.0934788, -0.13956, 0.115363, -0.216484, 0.0934788, -0.13956, 0.104732, -0.180263, 0.0835293, -0.209888, 0.104732, -0.180263, 0.0362054, -0.0584437, 0.0761752, -0.0981392, 0.0934788, -0.13956, 0.0541262, -0.0736595, 0.0362054, -0.0584437, 0.104732, -0.180263, 0.0934788, -0.13956, 0.0541262, -0.0736595, 0.0362054, -0.0584437, ]
best_mc_result_fixed_tau =   [0.00886254, 0.00883298, ]
evolved_state_fixed_tau =   [[0.0382563, -0.0609267, 0.0518179, -0.0740475, 0.0382563, -0.0609267, 0.0935331, -0.141768, 0.100358, -0.179464, 0.0382563, -0.0609267, 0.100358, -0.179464, 0.0835829, -0.211954, 0.100358, -0.179464, 0.0835829, -0.211954, 0.0382563, -0.0609267, 0.100358, -0.179464, 0.0935331, -0.141768, 0.112008, -0.21564, 0.0835829, -0.211954, 0.0518179, -0.0740475, 0.0935331, -0.141768, 0.0751986, -0.0996772, 0.0935331, -0.141768, 0.100358, -0.179464, 0.0382563, -0.0609267, 0.0935331, -0.141768, 0.112008, -0.21564, 0.0935331, -0.141768, 0.100358, -0.179464, 0.0835829, -0.211954, 0.100358, -0.179464, 0.0382563, -0.0609267, 0.0751986, -0.0996772, 0.0935331, -0.141768, 0.0518179, -0.0740475, 0.0382563, -0.0609267, 0.100358, -0.179464, 0.0935331, -0.141768, 0.0518179, -0.0740475, 0.0382563, -0.0609267, ],[0.0484657, -0.0536386, 0.0636684, -0.0678128, 0.0484657, -0.0536386, 0.115546, -0.125376, 0.128533, -0.162197, 0.0484657, -0.0536386, 0.128533, -0.162197, 0.110735, -0.193643, 0.128533, -0.162197, 0.110735, -0.193643, 0.0484657, -0.0536386, 0.128533, -0.162197, 0.115546, -0.125376, 0.144269, -0.193961, 0.110735, -0.193643, 0.0636684, -0.0678128, 0.115546, -0.125376, 0.0906216, -0.0896174, 0.115546, -0.125376, 0.128533, -0.162197, 0.0484657, -0.0536386, 0.115546, -0.125376, 0.144269, -0.193961, 0.115546, -0.125376, 0.128533, -0.162197, 0.110735, -0.193643, 0.128533, -0.162197, 0.0484657, -0.0536386, 0.0906216, -0.0896174, 0.115546, -0.125376, 0.0636684, -0.0678128, 0.0484657, -0.0536386, 0.128533, -0.162197, 0.115546, -0.125376, 0.0636684, -0.0678128, 0.0484657, -0.0536386, ],]
