START_PARAMETERS
MAX_STEPS_MCDB =               32
MIN_STEPS_MCDB =               4
STEPS_CRUNCH_MCDB =            1
SWEEPS_MCDB =                  100
TOTAL_STEP_CHANGES =                  6
MCBB_SECONDARY =                  1
SWEEPS_MCBB_SECONDARY =                  250
NUMBER_OF_BANGS =                  7
GROUND_E =                -0.0461458
INITIAL_E =               0.490203
j_initial =               0.631
k_initial =               0.125
b_initial =               0
j_target =                0.051
k_target =                0.5
b_target =                0
init_target_dot_squared = 0.630393
init_state = [0.0867263, 0, 0.0963282, 0, 0.0867263, 0, 0.174177, 0, 0.203913, 0, 0.0867263, 0, 0.203913, 0, 0.210602, 0, 0.203913, 0, 0.210602, 0, 0.0867263, 0, 0.203913, 0, 0.174177, 0, 0.241733, 0, 0.210602, 0, 0.0963282, 0, 0.174177, 0, 0.128616, 0, 0.174177, 0, 0.203913, 0, 0.0867263, 0, 0.174177, 0, 0.241733, 0, 0.174177, 0, 0.203913, 0, 0.210602, 0, 0.203913, 0, 0.0867263, 0, 0.128616, 0, 0.174177, 0, 0.0963282, 0, 0.0867263, 0, 0.203913, 0, 0.174177, 0, 0.0963282, 0, 0.0867263, 0, ]
target_state = [0.00980741, 0, 0.00283199, 0, 0.00980741, 0, 0.047003, 0, 0.291474, 0, 0.00980741, 0, 0.291474, 0, 0.0750555, 0, 0.291474, 0, 0.0750555, 0, 0.00980741, 0, 0.291474, 0, 0.047003, 0, 0.373691, 0, 0.0750555, 0, 0.00283199, 0, 0.047003, 0, 0.00468618, 0, 0.047003, 0, 0.291474, 0, 0.00980741, 0, 0.047003, 0, 0.373691, 0, 0.047003, 0, 0.291474, 0, 0.0750555, 0, 0.291474, 0, 0.00980741, 0, 0.00468618, 0, 0.047003, 0, 0.00283199, 0, 0.00980741, 0, 0.291474, 0, 0.047003, 0, 0.00283199, 0, 0.00980741, 0, ]
USE_ENERGY_DISTANCE =     false
PERIODIC =                false
UNIFORM_SITES =           true
DEVICE_DIMENSION =        2
MAX_PARAM =               1
MIN_PARAM =               0
MIN_PARAM =               0
DIAG =                    true
NUM_SEEDS =               2
NUMBER_OF_BANGS =               7
DISTANCE_LIMIT =          0.01
TAU_INIT =                0.4
MAX_TAU =                 5
TAU_SCALAR =              1.2
TAU_SCALAR_TINY =         1.1
TAU_SCALAR_BIG =          1.4
ACCEPTANCE_PROB =         0.85
TEMP_EXP_DECAY =          0.8
MIN_TEMP_FRACTION =       0.01
TEMP_DECAY_ITERATIONS =   21
ZERO_TEMP_ITREATIONS =    30
RANDOM_STATES =           3
END_PARAMETERS
##############################################################################
clock_duration  =         213.591
tau =                     0.4
total_steps =             32
time_step =               0.0125
best_mc_result =          0.140328
best_mc_result_non_secondary =          0.140464
evolved_target_dot_squared =  0.859672
distance =          0.379667
j_protocol =  [[0, 0, 0, 0, 0, 0, 1, 0, 1, 0, 0, 1, 1, 0, 0, 1, 0, 0, 0, 0, 1, 1, 1, 1, 1, 1, 1, 1, 1, 1, 1, 1, ],[0, 0, 0, 0, 0, 0, 0, 1, 1, 0, 0, 1, 0, 1, 0, 0, 1, 1, 0, 0, 0, 1, 1, 1, 1, 1, 1, 1, 1, 1, 1, 1, ],]
k_protocol =  [[1, 1, 1, 1, 1, 1, 1, 1, 1, 1, 1, 1, 1, 1, 1, 1, 1, 1, 1, 1, 1, 1, 1, 1, 1, 1, 1, 1, 1, 1, 1, 1, ],[1, 1, 1, 1, 1, 1, 1, 1, 1, 1, 1, 1, 1, 1, 1, 1, 1, 1, 1, 1, 1, 1, 1, 1, 1, 1, 1, 1, 1, 1, 1, 0, ],]
j_protocol_secondary =  [0.0126964, 0.0126964, 0.0606841, 0.0606841, 0.091745, 0.113921, 0.13656, 0.150837, 0.162148, 0.172753, 0.20717, 0.225287, 0.256241, 0.4, ]
k_protocol_secondary =  [0, 0.0281604, 0.0281604, 0.05403, 0.05403, 0.172533, 0.172533, 0.173487, 0.173487, 0.208189, 0.208189, 0.267093, 0.267093, 0.392355, ]
best_evolved_state = [-0.0231833, 0.0153361, 0.0451332, -0.0516301, -0.0231833, 0.0153361, 0.130905, 0.0480717, 0.214923, 0.141742, -0.0231833, 0.0153361, 0.214923, 0.141742, 0.115762, 0.0890571, 0.214923, 0.141742, 0.115762, 0.0890571, -0.0231833, 0.0153361, 0.214923, 0.141742, 0.130905, 0.0480717, 0.239859, 0.200965, 0.115762, 0.0890571, 0.0451332, -0.0516301, 0.130905, 0.0480717, 0.0568482, -0.0277722, 0.130905, 0.0480717, 0.214923, 0.141742, -0.0231833, 0.0153361, 0.130905, 0.0480717, 0.239859, 0.200965, 0.130905, 0.0480717, 0.214923, 0.141742, 0.115762, 0.0890571, 0.214923, 0.141742, -0.0231833, 0.0153361, 0.0568482, -0.0277722, 0.130905, 0.0480717, 0.0451332, -0.0516301, -0.0231833, 0.0153361, 0.214923, 0.141742, 0.130905, 0.0480717, 0.0451332, -0.0516301, -0.0231833, 0.0153361, ]
best_mc_result_fixed_tau =   [0.140473, 0.140464, ]
evolved_state_fixed_tau =   [[-0.0222726, 0.0157261, 0.0445754, -0.0519141, -0.0222726, 0.0157261, 0.130846, 0.0485187, 0.212368, 0.145548, -0.0222726, 0.0157261, 0.212368, 0.145548, 0.115706, 0.0895076, 0.212368, 0.145548, 0.115706, 0.0895076, -0.0222726, 0.0157261, 0.212368, 0.145548, 0.130846, 0.0485187, 0.236247, 0.204955, 0.115706, 0.0895076, 0.0445754, -0.0519141, 0.130846, 0.0485187, 0.0566032, -0.0283292, 0.130846, 0.0485187, 0.212368, 0.145548, -0.0222726, 0.0157261, 0.130846, 0.0485187, 0.236247, 0.204955, 0.130846, 0.0485187, 0.212368, 0.145548, 0.115706, 0.0895076, 0.212368, 0.145548, -0.0222726, 0.0157261, 0.0566032, -0.0283292, 0.130846, 0.0485187, 0.0445754, -0.0519141, -0.0222726, 0.0157261, 0.212368, 0.145548, 0.130846, 0.0485187, 0.0445754, -0.0519141, -0.0222726, 0.0157261, ],[-0.0224241, 0.0144212, 0.0469832, -0.0493557, -0.0224241, 0.0144212, 0.129794, 0.052057, 0.212117, 0.145642, -0.0224241, 0.0144212, 0.212117, 0.145642, 0.113872, 0.0928743, 0.212117, 0.145642, 0.113872, 0.0928743, -0.0224241, 0.0144212, 0.212117, 0.145642, 0.129794, 0.052057, 0.235892, 0.20491, 0.113872, 0.0928743, 0.0469832, -0.0493557, 0.129794, 0.052057, 0.0580395, -0.0252377, 0.129794, 0.052057, 0.212117, 0.145642, -0.0224241, 0.0144212, 0.129794, 0.052057, 0.235892, 0.20491, 0.129794, 0.052057, 0.212117, 0.145642, 0.113872, 0.0928743, 0.212117, 0.145642, -0.0224241, 0.0144212, 0.0580395, -0.0252377, 0.129794, 0.052057, 0.0469832, -0.0493557, -0.0224241, 0.0144212, 0.212117, 0.145642, 0.129794, 0.052057, 0.0469832, -0.0493557, -0.0224241, 0.0144212, ],]
##############################################################################
clock_duration  =         448.915
tau =                     0.48
total_steps =             32
time_step =               0.015
best_mc_result =          0.122755
best_mc_result_non_secondary =          0.122933
evolved_target_dot_squared =  0.877245
distance =          0.332124
j_protocol =  [[0, 0, 0, 0, 1, 0, 1, 0, 1, 1, 1, 1, 1, 1, 0, 0, 0, 1, 0, 0, 0, 0, 0, 0, 1, 1, 1, 1, 1, 1, 1, 1, ],[0, 0, 0, 0, 0, 1, 1, 1, 1, 1, 0, 1, 1, 0, 1, 0, 0, 0, 0, 1, 0, 0, 0, 1, 0, 1, 1, 1, 1, 1, 1, 1, ],]
k_protocol =  [[1, 1, 1, 1, 1, 1, 1, 1, 1, 1, 1, 1, 1, 1, 1, 1, 1, 1, 1, 1, 1, 1, 1, 1, 1, 1, 1, 1, 1, 1, 1, 1, ],[1, 1, 1, 1, 1, 1, 1, 1, 1, 1, 1, 1, 1, 1, 1, 1, 1, 1, 1, 1, 1, 1, 1, 1, 1, 1, 1, 1, 1, 1, 1, 1, ],]
j_protocol_secondary =  [0.0765449, 0.148878, 0.165382, 0.19464, 0.209163, 0.227825, 0.286186, 0.296825, 0.349857, 0.360019, 0.366088, 0.369221, 0.369835, 0.48, ]
k_protocol_secondary =  [0, 0.0153414, 0.0153414, 0.0315473, 0.0315473, 0.204152, 0.204152, 0.359189, 0.359189, 0.389274, 0.389274, 0.444187, 0.444187, 0.473669, ]
best_evolved_state = [-0.0307812, 0.025271, 0.0298004, -0.0538082, -0.0307812, 0.025271, 0.118532, 0.0542218, 0.193855, 0.175015, -0.0307812, 0.025271, 0.193855, 0.175015, 0.0930348, 0.10269, 0.193855, 0.175015, 0.0930348, 0.10269, -0.0307812, 0.025271, 0.193855, 0.175015, 0.118532, 0.0542218, 0.213324, 0.242474, 0.0930348, 0.10269, 0.0298004, -0.0538082, 0.118532, 0.0542218, 0.043049, -0.0271086, 0.118532, 0.0542218, 0.193855, 0.175015, -0.0307812, 0.025271, 0.118532, 0.0542218, 0.213324, 0.242474, 0.118532, 0.0542218, 0.193855, 0.175015, 0.0930348, 0.10269, 0.193855, 0.175015, -0.0307812, 0.025271, 0.043049, -0.0271086, 0.118532, 0.0542218, 0.0298004, -0.0538082, -0.0307812, 0.025271, 0.193855, 0.175015, 0.118532, 0.0542218, 0.0298004, -0.0538082, -0.0307812, 0.025271, ]
best_mc_result_fixed_tau =   [0.123007, 0.122933, ]
evolved_state_fixed_tau =   [[-0.0283983, 0.0251934, 0.0289872, -0.0539868, -0.0283983, 0.0251934, 0.119629, 0.0532526, 0.192499, 0.176448, -0.0283983, 0.0251934, 0.192499, 0.176448, 0.0951848, 0.101695, 0.192499, 0.176448, 0.0951848, 0.101695, -0.0283983, 0.0251934, 0.192499, 0.176448, 0.119629, 0.0532526, 0.211353, 0.243462, 0.0951848, 0.101695, 0.0289872, -0.0539868, 0.119629, 0.0532526, 0.0429442, -0.0280462, 0.119629, 0.0532526, 0.192499, 0.176448, -0.0283983, 0.0251934, 0.119629, 0.0532526, 0.211353, 0.243462, 0.119629, 0.0532526, 0.192499, 0.176448, 0.0951848, 0.101695, 0.192499, 0.176448, -0.0283983, 0.0251934, 0.0429442, -0.0280462, 0.119629, 0.0532526, 0.0289872, -0.0539868, -0.0283983, 0.0251934, 0.192499, 0.176448, 0.119629, 0.0532526, 0.0289872, -0.0539868, -0.0283983, 0.0251934, ],[-0.029154, 0.0252893, 0.0291307, -0.0541599, -0.029154, 0.0252893, 0.119434, 0.0530911, 0.19256, 0.176513, -0.029154, 0.0252893, 0.19256, 0.176513, 0.0947991, 0.10133, 0.19256, 0.176513, 0.0947991, 0.10133, -0.029154, 0.0252893, 0.19256, 0.176513, 0.119434, 0.0530911, 0.21146, 0.243594, 0.0947991, 0.10133, 0.0291307, -0.0541599, 0.119434, 0.0530911, 0.042942, -0.0281909, 0.119434, 0.0530911, 0.19256, 0.176513, -0.029154, 0.0252893, 0.119434, 0.0530911, 0.21146, 0.243594, 0.119434, 0.0530911, 0.19256, 0.176513, 0.0947991, 0.10133, 0.19256, 0.176513, -0.029154, 0.0252893, 0.042942, -0.0281909, 0.119434, 0.0530911, 0.0291307, -0.0541599, -0.029154, 0.0252893, 0.19256, 0.176513, 0.119434, 0.0530911, 0.0291307, -0.0541599, -0.029154, 0.0252893, ],]
##############################################################################
clock_duration  =         672.67
tau =                     0.672
total_steps =             32
time_step =               0.021
best_mc_result =          0.0831757
best_mc_result_non_secondary =          0.0836976
evolved_target_dot_squared =  0.916824
distance =          0.225038
j_protocol =  [[0, 0, 0, 1, 1, 1, 1, 0, 1, 1, 1, 1, 0, 1, 1, 0, 1, 0, 0, 0, 0, 0, 0, 0, 0, 0, 0, 1, 1, 1, 1, 1, ],[0, 0, 0, 0, 1, 1, 1, 1, 1, 1, 1, 1, 1, 0, 1, 0, 0, 1, 0, 0, 0, 0, 0, 0, 0, 0, 0, 1, 1, 1, 1, 1, ],]
k_protocol =  [[1, 1, 1, 1, 1, 1, 1, 1, 1, 1, 1, 1, 1, 1, 1, 1, 1, 1, 1, 1, 1, 1, 1, 1, 1, 1, 1, 1, 1, 1, 1, 1, ],[1, 1, 1, 1, 1, 1, 1, 1, 1, 1, 1, 1, 1, 1, 1, 1, 1, 1, 1, 1, 1, 1, 1, 1, 1, 1, 1, 1, 1, 1, 1, 1, ],]
j_protocol_secondary =  [0.0841044, 0.272207, 0.29161, 0.294611, 0.299189, 0.317704, 0.341928, 0.343702, 0.359202, 0.369725, 0.381936, 0.381936, 0.560369, 0.672, ]
k_protocol_secondary =  [0, 0.141325, 0.141325, 0.308431, 0.308431, 0.395817, 0.395817, 0.430159, 0.430159, 0.578555, 0.578555, 0.601747, 0.601747, 0.665311, ]
best_evolved_state = [-0.022496, 0.0361663, -0.0129663, -0.0426041, -0.022496, 0.0361663, 0.0957533, 0.0478379, 0.155589, 0.218931, -0.022496, 0.0361663, 0.155589, 0.218931, 0.0606274, 0.120122, 0.155589, 0.218931, 0.0606274, 0.120122, -0.022496, 0.0361663, 0.155589, 0.218931, 0.0957533, 0.0478379, 0.16719, 0.299537, 0.0606274, 0.120122, -0.0129663, -0.0426041, 0.0957533, 0.0478379, 0.0120451, -0.0190532, 0.0957533, 0.0478379, 0.155589, 0.218931, -0.022496, 0.0361663, 0.0957533, 0.0478379, 0.16719, 0.299537, 0.0957533, 0.0478379, 0.155589, 0.218931, 0.0606274, 0.120122, 0.155589, 0.218931, -0.022496, 0.0361663, 0.0120451, -0.0190532, 0.0957533, 0.0478379, -0.0129663, -0.0426041, -0.022496, 0.0361663, 0.155589, 0.218931, 0.0957533, 0.0478379, -0.0129663, -0.0426041, -0.022496, 0.0361663, ]
best_mc_result_fixed_tau =   [0.0838343, 0.0836976, ]
evolved_state_fixed_tau =   [[-0.0210763, 0.0366184, -0.0122432, -0.0440397, -0.0210763, 0.0366184, 0.0966583, 0.0476062, 0.150494, 0.222873, -0.0210763, 0.0366184, 0.150494, 0.222873, 0.0610995, 0.117708, 0.150494, 0.222873, 0.0610995, 0.117708, -0.0210763, 0.0366184, 0.150494, 0.222873, 0.0966583, 0.0476062, 0.160215, 0.302514, 0.0610995, 0.117708, -0.0122432, -0.0440397, 0.0966583, 0.0476062, 0.012502, -0.0210598, 0.0966583, 0.0476062, 0.150494, 0.222873, -0.0210763, 0.0366184, 0.0966583, 0.0476062, 0.160215, 0.302514, 0.0966583, 0.0476062, 0.150494, 0.222873, 0.0610995, 0.117708, 0.150494, 0.222873, -0.0210763, 0.0366184, 0.012502, -0.0210598, 0.0966583, 0.0476062, -0.0122432, -0.0440397, -0.0210763, 0.0366184, 0.150494, 0.222873, 0.0966583, 0.0476062, -0.0122432, -0.0440397, -0.0210763, 0.0366184, ],[-0.0174626, 0.0350052, -0.0132092, -0.0407854, -0.0174626, 0.0350052, 0.0972699, 0.0487764, 0.151623, 0.22118, -0.0174626, 0.0350052, 0.151623, 0.22118, 0.0638413, 0.12156, 0.151623, 0.22118, 0.0638413, 0.12156, -0.0174626, 0.0350052, 0.151623, 0.22118, 0.0972699, 0.0487764, 0.161605, 0.30146, 0.0638413, 0.12156, -0.0132092, -0.0407854, 0.0972699, 0.0487764, 0.012743, -0.0183929, 0.0972699, 0.0487764, 0.151623, 0.22118, -0.0174626, 0.0350052, 0.0972699, 0.0487764, 0.161605, 0.30146, 0.0972699, 0.0487764, 0.151623, 0.22118, 0.0638413, 0.12156, 0.151623, 0.22118, -0.0174626, 0.0350052, 0.012743, -0.0183929, 0.0972699, 0.0487764, -0.0132092, -0.0407854, -0.0174626, 0.0350052, 0.151623, 0.22118, 0.0972699, 0.0487764, -0.0132092, -0.0407854, -0.0174626, 0.0350052, ],]
##############################################################################
clock_duration  =         883.982
tau =                     0.8064
total_steps =             32
time_step =               0.0252
best_mc_result =          0.0555928
best_mc_result_non_secondary =          0.0569735
evolved_target_dot_squared =  0.944407
distance =          0.15041
j_protocol =  [[0, 0, 0, 0, 1, 1, 1, 1, 1, 1, 0, 0, 1, 1, 0, 0, 1, 1, 0, 0, 0, 0, 0, 0, 0, 0, 0, 0, 1, 1, 1, 1, ],[0, 0, 0, 0, 1, 1, 1, 1, 1, 1, 0, 0, 1, 1, 0, 0, 1, 1, 0, 0, 0, 0, 0, 0, 0, 0, 0, 0, 1, 1, 1, 1, ],]
k_protocol =  [[1, 1, 1, 1, 1, 1, 1, 1, 1, 1, 1, 1, 1, 1, 1, 1, 1, 1, 1, 1, 1, 1, 1, 1, 1, 1, 1, 1, 1, 1, 1, 1, ],[1, 1, 1, 1, 1, 1, 1, 1, 1, 1, 1, 1, 1, 1, 1, 1, 1, 1, 1, 1, 1, 1, 1, 1, 1, 1, 1, 1, 1, 1, 1, 1, ],]
j_protocol_secondary =  [0.112249, 0.251738, 0.251738, 0.27706, 0.295055, 0.331463, 0.332499, 0.355642, 0.417325, 0.439216, 0.69489, 0.763587, 0.763587, 0.8064, ]
k_protocol_secondary =  [0, 0.0884174, 0.0884174, 0.527149, 0.527149, 0.546299, 0.546299, 0.662292, 0.662292, 0.743836, 0.743836, 0.757922, 0.757922, 0.799202, ]
best_evolved_state = [-0.00943338, 0.0322375, -0.0383873, -0.0180655, -0.00943338, 0.0322375, 0.0792352, 0.0271671, 0.160753, 0.223425, -0.00943338, 0.0322375, 0.160753, 0.223425, 0.0523812, 0.118895, 0.160753, 0.223425, 0.0523812, 0.118895, -0.00943338, 0.0322375, 0.160753, 0.223425, 0.0792352, 0.0271671, 0.177069, 0.309135, 0.0523812, 0.118895, -0.0383873, -0.0180655, 0.0792352, 0.0271671, -0.005448, -0.00861264, 0.0792352, 0.0271671, 0.160753, 0.223425, -0.00943338, 0.0322375, 0.0792352, 0.0271671, 0.177069, 0.309135, 0.0792352, 0.0271671, 0.160753, 0.223425, 0.0523812, 0.118895, 0.160753, 0.223425, -0.00943338, 0.0322375, -0.005448, -0.00861264, 0.0792352, 0.0271671, -0.0383873, -0.0180655, -0.00943338, 0.0322375, 0.160753, 0.223425, 0.0792352, 0.0271671, -0.0383873, -0.0180655, -0.00943338, 0.0322375, ]
best_mc_result_fixed_tau =   [0.0569735, 0.0569735, ]
evolved_state_fixed_tau =   [[-0.00286245, 0.0375114, -0.0407385, -0.0188751, -0.00286245, 0.0375114, 0.0803241, 0.0235988, 0.161842, 0.223, -0.00286245, 0.0375114, 0.161842, 0.223, 0.0539736, 0.114126, 0.161842, 0.223, 0.0539736, 0.114126, -0.00286245, 0.0375114, 0.161842, 0.223, 0.0803241, 0.0235988, 0.18001, 0.306824, 0.0539736, 0.114126, -0.0407385, -0.0188751, 0.0803241, 0.0235988, -0.00690398, -0.0107681, 0.0803241, 0.0235988, 0.161842, 0.223, -0.00286245, 0.0375114, 0.0803241, 0.0235988, 0.18001, 0.306824, 0.0803241, 0.0235988, 0.161842, 0.223, 0.0539736, 0.114126, 0.161842, 0.223, -0.00286245, 0.0375114, -0.00690398, -0.0107681, 0.0803241, 0.0235988, -0.0407385, -0.0188751, -0.00286245, 0.0375114, 0.161842, 0.223, 0.0803241, 0.0235988, -0.0407385, -0.0188751, -0.00286245, 0.0375114, ],[-0.00286245, 0.0375114, -0.0407385, -0.0188751, -0.00286245, 0.0375114, 0.0803241, 0.0235988, 0.161842, 0.223, -0.00286245, 0.0375114, 0.161842, 0.223, 0.0539736, 0.114126, 0.161842, 0.223, 0.0539736, 0.114126, -0.00286245, 0.0375114, 0.161842, 0.223, 0.0803241, 0.0235988, 0.18001, 0.306824, 0.0539736, 0.114126, -0.0407385, -0.0188751, 0.0803241, 0.0235988, -0.00690398, -0.0107681, 0.0803241, 0.0235988, 0.161842, 0.223, -0.00286245, 0.0375114, 0.0803241, 0.0235988, 0.18001, 0.306824, 0.0803241, 0.0235988, 0.161842, 0.223, 0.0539736, 0.114126, 0.161842, 0.223, -0.00286245, 0.0375114, -0.00690398, -0.0107681, 0.0803241, 0.0235988, -0.0407385, -0.0188751, -0.00286245, 0.0375114, 0.161842, 0.223, 0.0803241, 0.0235988, -0.0407385, -0.0188751, -0.00286245, 0.0375114, ],]
##############################################################################
clock_duration  =         1098.25
tau =                     0.88704
total_steps =             32
time_step =               0.02772
best_mc_result =          0.0431291
best_mc_result_non_secondary =          0.0432642
evolved_target_dot_squared =  0.956871
distance =          0.116689
j_protocol =  [[0, 0, 0, 0, 0, 1, 1, 1, 1, 1, 1, 0, 1, 1, 0, 0, 0, 1, 0, 0, 0, 0, 0, 0, 0, 0, 0, 0, 1, 1, 1, 1, ],[0, 0, 0, 0, 0, 1, 1, 1, 1, 1, 1, 0, 1, 1, 0, 0, 1, 0, 0, 0, 0, 0, 0, 0, 0, 0, 0, 0, 1, 1, 1, 1, ],]
k_protocol =  [[1, 1, 1, 1, 1, 1, 1, 1, 1, 1, 1, 1, 1, 1, 1, 1, 1, 1, 1, 1, 1, 1, 1, 1, 1, 1, 1, 1, 1, 1, 1, 1, ],[1, 1, 1, 1, 1, 1, 1, 1, 1, 1, 1, 1, 1, 1, 1, 1, 1, 1, 1, 1, 1, 1, 1, 1, 1, 1, 1, 1, 1, 1, 1, 1, ],]
j_protocol_secondary =  [0.125816, 0.268716, 0.276406, 0.304556, 0.336492, 0.393969, 0.46978, 0.499109, 0.550604, 0.550604, 0.706486, 0.706486, 0.777513, 0.88704, ]
k_protocol_secondary =  [0, 0.0863627, 0.0863627, 0.133435, 0.133435, 0.276919, 0.276919, 0.3781, 0.3781, 0.751716, 0.751716, 0.861148, 0.861148, 0.879729, ]
best_evolved_state = [-0.0042766, 0.0243577, -0.0445914, 0.00114119, -0.0042766, 0.0243577, 0.0660503, 0.0149899, 0.168306, 0.222961, -0.0042766, 0.0243577, 0.168306, 0.222961, 0.0481365, 0.115654, 0.168306, 0.222961, 0.0481365, 0.115654, -0.0042766, 0.0243577, 0.168306, 0.222961, 0.0660503, 0.0149899, 0.188459, 0.309897, 0.0481365, 0.115654, -0.0445914, 0.00114119, 0.0660503, 0.0149899, -0.0115132, -0.000763551, 0.0660503, 0.0149899, 0.168306, 0.222961, -0.0042766, 0.0243577, 0.0660503, 0.0149899, 0.188459, 0.309897, 0.0660503, 0.0149899, 0.168306, 0.222961, 0.0481365, 0.115654, 0.168306, 0.222961, -0.0042766, 0.0243577, -0.0115132, -0.000763551, 0.0660503, 0.0149899, -0.0445914, 0.00114119, -0.0042766, 0.0243577, 0.168306, 0.222961, 0.0660503, 0.0149899, -0.0445914, 0.00114119, -0.0042766, 0.0243577, ]
best_mc_result_fixed_tau =   [0.0432642, 0.0432758, ]
evolved_state_fixed_tau =   [[-0.00150757, 0.0250418, -0.0457788, 0.0042696, -0.00150757, 0.0250418, 0.0658021, 0.0112793, 0.176602, 0.216628, -0.00150757, 0.0250418, 0.176602, 0.216628, 0.0520248, 0.113106, 0.176602, 0.216628, 0.0520248, 0.113106, -0.00150757, 0.0250418, 0.176602, 0.216628, 0.0658021, 0.0112793, 0.200001, 0.302999, 0.0520248, 0.113106, -0.0457788, 0.0042696, 0.0658021, 0.0112793, -0.0124528, 7.77384e-05, 0.0658021, 0.0112793, 0.176602, 0.216628, -0.00150757, 0.0250418, 0.0658021, 0.0112793, 0.200001, 0.302999, 0.0658021, 0.0112793, 0.176602, 0.216628, 0.0520248, 0.113106, 0.176602, 0.216628, -0.00150757, 0.0250418, -0.0124528, 7.77384e-05, 0.0658021, 0.0112793, -0.0457788, 0.0042696, -0.00150757, 0.0250418, 0.176602, 0.216628, 0.0658021, 0.0112793, -0.0457788, 0.0042696, -0.00150757, 0.0250418, ],[-0.00215981, 0.0227168, -0.0450932, 0.00410393, -0.00215981, 0.0227168, 0.0671428, 0.011099, 0.176326, 0.216821, -0.00215981, 0.0227168, 0.176326, 0.216821, 0.0540516, 0.112364, 0.176326, 0.216821, 0.0540516, 0.112364, -0.00215981, 0.0227168, 0.176326, 0.216821, 0.0671428, 0.011099, 0.198775, 0.303531, 0.0540516, 0.112364, -0.0450932, 0.00410393, 0.0671428, 0.011099, -0.012067, -0.00013963, 0.0671428, 0.011099, 0.176326, 0.216821, -0.00215981, 0.0227168, 0.0671428, 0.011099, 0.198775, 0.303531, 0.0671428, 0.011099, 0.176326, 0.216821, 0.0540516, 0.112364, 0.176326, 0.216821, -0.00215981, 0.0227168, -0.012067, -0.00013963, 0.0671428, 0.011099, -0.0450932, 0.00410393, -0.00215981, 0.0227168, 0.176326, 0.216821, 0.0671428, 0.011099, -0.0450932, 0.00410393, -0.00215981, 0.0227168, ],]
##############################################################################
clock_duration  =         1336.74
tau =                     0.975744
total_steps =             32
time_step =               0.030492
best_mc_result =          0.0351782
best_mc_result_non_secondary =          0.035802
evolved_target_dot_squared =  0.964822
distance =          0.0951773
j_protocol =  [[0, 0, 1, 1, 1, 1, 0, 1, 1, 0, 1, 1, 0, 1, 0, 0, 0, 0, 1, 0, 0, 1, 0, 0, 0, 0, 0, 0, 0, 1, 1, 1, ],[0, 1, 1, 1, 1, 1, 1, 0, 0, 0, 1, 1, 1, 1, 0, 0, 0, 1, 0, 0, 0, 0, 1, 0, 0, 0, 0, 0, 0, 1, 1, 1, ],]
k_protocol =  [[1, 1, 1, 1, 1, 1, 1, 1, 1, 1, 1, 1, 1, 1, 1, 1, 1, 1, 1, 1, 1, 1, 1, 1, 1, 1, 1, 1, 1, 1, 1, 1, ],[1, 1, 1, 1, 1, 1, 1, 1, 1, 1, 1, 1, 1, 1, 1, 1, 1, 1, 1, 1, 1, 1, 1, 1, 1, 1, 1, 1, 1, 1, 1, 1, ],]
j_protocol_secondary =  [0.0554239, 0.197465, 0.219495, 0.265733, 0.31985, 0.364619, 0.394578, 0.444469, 0.538441, 0.579369, 0.651226, 0.661738, 0.877606, 0.975744, ]
k_protocol_secondary =  [0, 0.00874314, 0.00874314, 0.137654, 0.137654, 0.162033, 0.162033, 0.190911, 0.190911, 0.401155, 0.401155, 0.50199, 0.50199, 0.968452, ]
best_evolved_state = [-0.0093105, 0.0170453, -0.0412224, 0.00758345, -0.0093105, 0.0170453, 0.0496176, 0.0215976, 0.107549, 0.260607, -0.0093105, 0.0170453, 0.107549, 0.260607, 0.0193121, 0.122275, 0.107549, 0.260607, 0.0193121, 0.122275, -0.0093105, 0.0170453, 0.107549, 0.260607, 0.0496176, 0.0215976, 0.10826, 0.350484, 0.0193121, 0.122275, -0.0412224, 0.00758345, 0.0496176, 0.0215976, -0.0105613, 0.00362178, 0.0496176, 0.0215976, 0.107549, 0.260607, -0.0093105, 0.0170453, 0.0496176, 0.0215976, 0.10826, 0.350484, 0.0496176, 0.0215976, 0.107549, 0.260607, 0.0193121, 0.122275, 0.107549, 0.260607, -0.0093105, 0.0170453, -0.0105613, 0.00362178, 0.0496176, 0.0215976, -0.0412224, 0.00758345, -0.0093105, 0.0170453, 0.107549, 0.260607, 0.0496176, 0.0215976, -0.0412224, 0.00758345, -0.0093105, 0.0170453, ]
best_mc_result_fixed_tau =   [0.035802, 0.0360957, ]
evolved_state_fixed_tau =   [[-0.00793928, 0.0181341, -0.0406733, 0.0104804, -0.00793928, 0.0181341, 0.051282, 0.0196796, 0.113166, 0.257915, -0.00793928, 0.0181341, 0.113166, 0.257915, 0.0257366, 0.121647, 0.113166, 0.257915, 0.0257366, 0.121647, -0.00793928, 0.0181341, 0.113166, 0.257915, 0.051282, 0.0196796, 0.116128, 0.347851, 0.0257366, 0.121647, -0.0406733, 0.0104804, 0.051282, 0.0196796, -0.0100956, 0.00452988, 0.051282, 0.0196796, 0.113166, 0.257915, -0.00793928, 0.0181341, 0.051282, 0.0196796, 0.116128, 0.347851, 0.051282, 0.0196796, 0.113166, 0.257915, 0.0257366, 0.121647, 0.113166, 0.257915, -0.00793928, 0.0181341, -0.0100956, 0.00452988, 0.051282, 0.0196796, -0.0406733, 0.0104804, -0.00793928, 0.0181341, 0.113166, 0.257915, 0.051282, 0.0196796, -0.0406733, 0.0104804, -0.00793928, 0.0181341, ],[-0.00784454, 0.018168, -0.0414892, 0.00487409, -0.00784454, 0.018168, 0.0474324, 0.0293523, 0.0763955, 0.270188, -0.00784454, 0.018168, 0.0763955, 0.270188, 0.00838684, 0.128059, 0.0763955, 0.270188, 0.00838684, 0.128059, -0.00784454, 0.018168, 0.0763955, 0.270188, 0.0474324, 0.0293523, 0.0672658, 0.359968, 0.00838684, 0.128059, -0.0414892, 0.00487409, 0.0474324, 0.0293523, -0.00959609, 0.0035628, 0.0474324, 0.0293523, 0.0763955, 0.270188, -0.00784454, 0.018168, 0.0474324, 0.0293523, 0.0672658, 0.359968, 0.0474324, 0.0293523, 0.0763955, 0.270188, 0.00838684, 0.128059, 0.0763955, 0.270188, -0.00784454, 0.018168, -0.00959609, 0.0035628, 0.0474324, 0.0293523, -0.0414892, 0.00487409, -0.00784454, 0.018168, 0.0763955, 0.270188, 0.0474324, 0.0293523, -0.0414892, 0.00487409, -0.00784454, 0.018168, ],]
##############################################################################
clock_duration  =         1556.61
tau =                     1.07332
total_steps =             32
time_step =               0.0335412
best_mc_result =          0.0294869
best_mc_result_non_secondary =          0.0301847
evolved_target_dot_squared =  0.970513
distance =          0.079779
j_protocol =  [[1, 1, 1, 1, 1, 1, 1, 1, 0, 1, 0, 0, 0, 1, 1, 0, 0, 0, 1, 1, 0, 0, 0, 0, 0, 0, 0, 0, 0, 1, 1, 1, ],[1, 1, 1, 1, 1, 1, 1, 1, 1, 0, 0, 0, 0, 1, 1, 0, 0, 1, 0, 1, 0, 0, 0, 0, 0, 0, 0, 0, 0, 1, 1, 1, ],]
k_protocol =  [[1, 1, 1, 1, 1, 1, 1, 1, 1, 1, 1, 1, 1, 1, 1, 1, 1, 1, 1, 1, 1, 1, 1, 1, 1, 1, 1, 1, 1, 1, 1, 1, ],[1, 1, 1, 1, 1, 1, 1, 1, 1, 1, 1, 1, 1, 1, 1, 1, 1, 1, 1, 1, 1, 1, 1, 1, 1, 1, 1, 1, 1, 1, 1, 1, ],]
j_protocol_secondary =  [0.00899297, 0.269781, 0.305129, 0.332991, 0.440726, 0.503717, 0.601179, 0.674613, 0.834904, 0.834904, 0.864252, 0.864252, 0.981498, 1.07332, ]
k_protocol_secondary =  [0, 0.115447, 0.115447, 0.301525, 0.301525, 0.351419, 0.351419, 0.785381, 0.785381, 0.969987, 0.969987, 1.02314, 1.02314, 1.06747, ]
best_evolved_state = [-0.0133258, 0.0111906, -0.0370035, 0.0108179, -0.0133258, 0.0111906, 0.0312279, 0.0268979, 0.0180805, 0.28261, -0.0133258, 0.0111906, 0.0180805, 0.28261, -0.0150441, 0.121959, 0.0180805, 0.28261, -0.0150441, 0.121959, -0.0133258, 0.0111906, 0.0180805, 0.28261, 0.0312279, 0.0268979, -0.00880398, 0.371304, -0.0150441, 0.121959, -0.0370035, 0.0108179, 0.0312279, 0.0268979, -0.00755291, 0.00619009, 0.0312279, 0.0268979, 0.0180805, 0.28261, -0.0133258, 0.0111906, 0.0312279, 0.0268979, -0.00880398, 0.371304, 0.0312279, 0.0268979, 0.0180805, 0.28261, -0.0150441, 0.121959, 0.0180805, 0.28261, -0.0133258, 0.0111906, -0.00755291, 0.00619009, 0.0312279, 0.0268979, -0.0370035, 0.0108179, -0.0133258, 0.0111906, 0.0180805, 0.28261, 0.0312279, 0.0268979, -0.0370035, 0.0108179, -0.0133258, 0.0111906, ]
best_mc_result_fixed_tau =   [0.0301847, 0.030322, ]
evolved_state_fixed_tau =   [[-0.0199535, 0.00931055, -0.0361563, 0.00950816, -0.0199535, 0.00931055, 0.0247452, 0.0293286, -0.00217557, 0.282582, -0.0199535, 0.00931055, -0.00217557, 0.282582, -0.0286556, 0.122233, -0.00217557, 0.282582, -0.0286556, 0.122233, -0.0199535, 0.00931055, -0.00217557, 0.282582, 0.0247452, 0.0293286, -0.035528, 0.370214, -0.0286556, 0.122233, -0.0361563, 0.00950816, 0.0247452, 0.0293286, -0.00749639, 0.00678733, 0.0247452, 0.0293286, -0.00217557, 0.282582, -0.0199535, 0.00931055, 0.0247452, 0.0293286, -0.035528, 0.370214, 0.0247452, 0.0293286, -0.00217557, 0.282582, -0.0286556, 0.122233, -0.00217557, 0.282582, -0.0199535, 0.00931055, -0.00749639, 0.00678733, 0.0247452, 0.0293286, -0.0361563, 0.00950816, -0.0199535, 0.00931055, -0.00217557, 0.282582, 0.0247452, 0.0293286, -0.0361563, 0.00950816, -0.0199535, 0.00931055, ],[-0.0228109, 0.00743586, -0.0344449, 0.00812536, -0.0228109, 0.00743586, 0.0277638, 0.0287501, -0.00410959, 0.282929, -0.0228109, 0.00743586, -0.00410959, 0.282929, -0.0242493, 0.11947, -0.00410959, 0.282929, -0.0242493, 0.11947, -0.0228109, 0.00743586, -0.00410959, 0.282929, 0.0277638, 0.0287501, -0.0389772, 0.370433, -0.0242493, 0.11947, -0.0344449, 0.00812536, 0.0277638, 0.0287501, -0.00646106, 0.00607087, 0.0277638, 0.0287501, -0.00410959, 0.282929, -0.0228109, 0.00743586, 0.0277638, 0.0287501, -0.0389772, 0.370433, 0.0277638, 0.0287501, -0.00410959, 0.282929, -0.0242493, 0.11947, -0.00410959, 0.282929, -0.0228109, 0.00743586, -0.00646106, 0.00607087, 0.0277638, 0.0287501, -0.0344449, 0.00812536, -0.0228109, 0.00743586, -0.00410959, 0.282929, 0.0277638, 0.0287501, -0.0344449, 0.00812536, -0.0228109, 0.00743586, ],]
##############################################################################
clock_duration  =         1796.76
tau =                     1.18065
total_steps =             32
time_step =               0.0368953
best_mc_result =          0.0232618
best_mc_result_non_secondary =          0.0251024
evolved_target_dot_squared =  0.976738
distance =          0.0629365
j_protocol =  [[1, 1, 1, 1, 1, 1, 1, 1, 1, 0, 0, 1, 0, 0, 1, 1, 1, 0, 0, 1, 0, 0, 0, 0, 0, 0, 1, 0, 0, 0, 1, 1, ],[0, 1, 1, 1, 1, 1, 1, 1, 1, 1, 0, 1, 0, 0, 0, 0, 1, 0, 1, 1, 0, 0, 1, 0, 0, 0, 0, 0, 0, 0, 1, 1, ],]
k_protocol =  [[1, 1, 1, 0, 0, 1, 1, 1, 1, 1, 1, 1, 1, 1, 1, 1, 1, 1, 1, 1, 1, 1, 1, 1, 1, 1, 1, 1, 1, 1, 1, 1, ],[1, 1, 0, 0, 1, 1, 1, 1, 1, 1, 1, 1, 1, 1, 1, 1, 1, 1, 1, 1, 1, 1, 1, 1, 1, 1, 1, 1, 1, 1, 1, 1, ],]
j_protocol_secondary =  [0.0117416, 0.348986, 0.405139, 0.410144, 0.423441, 0.442197, 0.533787, 0.625646, 0.691446, 0.755404, 0.984929, 0.992372, 1.08912, 1.18065, ]
k_protocol_secondary =  [0, 0.00126892, 0.00126892, 0.00677102, 0.00677102, 0.098377, 0.174101, 0.550109, 0.550109, 0.912947, 0.912947, 1.17275, 1.17275, 1.17275, ]
best_evolved_state = [-0.0208796, 0.00861333, -0.0256661, -0.00151906, -0.0208796, 0.00861333, 0.0116826, 0.0399681, -0.0989476, 0.263951, -0.0208796, 0.00861333, -0.0989476, 0.263951, -0.0549503, 0.110043, -0.0989476, 0.263951, -0.0549503, 0.110043, -0.0208796, 0.00861333, -0.0989476, 0.263951, 0.0116826, 0.0399681, -0.161079, 0.340061, -0.0549503, 0.110043, -0.0256661, -0.00151906, 0.0116826, 0.0399681, 0.00263789, 0.00237117, 0.0116826, 0.0399681, -0.0989476, 0.263951, -0.0208796, 0.00861333, 0.0116826, 0.0399681, -0.161079, 0.340061, 0.0116826, 0.0399681, -0.0989476, 0.263951, -0.0549503, 0.110043, -0.0989476, 0.263951, -0.0208796, 0.00861333, 0.00263789, 0.00237117, 0.0116826, 0.0399681, -0.0256661, -0.00151906, -0.0208796, 0.00861333, -0.0989476, 0.263951, 0.0116826, 0.0399681, -0.0256661, -0.00151906, -0.0208796, 0.00861333, ]
best_mc_result_fixed_tau =   [0.0251024, 0.0268205, ]
evolved_state_fixed_tau =   [[-0.0232961, 0.00504028, -0.0238179, 0.000598056, -0.0232961, 0.00504028, 0.0106824, 0.0428326, -0.114394, 0.256645, -0.0232961, 0.00504028, -0.114394, 0.256645, -0.056158, 0.112509, -0.114394, 0.256645, -0.056158, 0.112509, -0.0232961, 0.00504028, -0.114394, 0.256645, 0.0106824, 0.0428326, -0.181066, 0.329463, -0.056158, 0.112509, -0.0238179, 0.000598056, 0.0106824, 0.0428326, 0.00377572, 0.00420054, 0.0106824, 0.0428326, -0.114394, 0.256645, -0.0232961, 0.00504028, 0.0106824, 0.0428326, -0.181066, 0.329463, 0.0106824, 0.0428326, -0.114394, 0.256645, -0.056158, 0.112509, -0.114394, 0.256645, -0.0232961, 0.00504028, 0.00377572, 0.00420054, 0.0106824, 0.0428326, -0.0238179, 0.000598056, -0.0232961, 0.00504028, -0.114394, 0.256645, 0.0106824, 0.0428326, -0.0238179, 0.000598056, -0.0232961, 0.00504028, ],[-0.013818, 0.0202534, -0.0268039, 0.00225779, -0.013818, 0.0202534, 0.0216563, 0.0411964, -0.0752156, 0.270681, -0.013818, 0.0202534, -0.0752156, 0.270681, -0.0341962, 0.120764, -0.0752156, 0.270681, -0.0341962, 0.120764, -0.013818, 0.0202534, -0.0752156, 0.270681, 0.0216563, 0.0411964, -0.129358, 0.35146, -0.0341962, 0.120764, -0.0268039, 0.00225779, 0.0216563, 0.0411964, 0.0031123, 0.0027664, 0.0216563, 0.0411964, -0.0752156, 0.270681, -0.013818, 0.0202534, 0.0216563, 0.0411964, -0.129358, 0.35146, 0.0216563, 0.0411964, -0.0752156, 0.270681, -0.0341962, 0.120764, -0.0752156, 0.270681, -0.013818, 0.0202534, 0.0031123, 0.0027664, 0.0216563, 0.0411964, -0.0268039, 0.00225779, -0.013818, 0.0202534, -0.0752156, 0.270681, 0.0216563, 0.0411964, -0.0268039, 0.00225779, -0.013818, 0.0202534, ],]
##############################################################################
clock_duration  =         2035.58
tau =                     1.29872
total_steps =             32
time_step =               0.0405849
best_mc_result =          0.0135737
best_mc_result_non_secondary =          0.0167469
evolved_target_dot_squared =  0.986426
distance =          0.0367246
j_protocol =  [[1, 1, 1, 1, 1, 1, 1, 1, 1, 1, 0, 0, 0, 1, 0, 1, 1, 0, 0, 0, 1, 0, 0, 1, 0, 0, 0, 0, 0, 0, 1, 1, ],[1, 1, 1, 1, 1, 1, 1, 1, 1, 1, 0, 1, 0, 0, 0, 1, 0, 0, 1, 0, 1, 1, 0, 0, 0, 0, 0, 0, 0, 0, 1, 1, ],]
k_protocol =  [[1, 1, 1, 0, 1, 0, 1, 1, 1, 1, 1, 1, 1, 1, 1, 1, 1, 1, 1, 1, 1, 1, 1, 1, 1, 1, 1, 1, 1, 1, 1, 1, ],[1, 1, 1, 0, 0, 1, 1, 1, 1, 1, 1, 1, 1, 1, 1, 1, 1, 1, 1, 1, 1, 1, 1, 1, 1, 1, 1, 1, 1, 1, 1, 1, ],]
j_protocol_secondary =  [0.0168594, 0.428065, 0.459411, 0.471585, 0.526945, 0.5503, 0.5973, 0.672674, 0.719764, 0.768151, 0.823473, 0.878975, 1.20112, 1.29872, ]
k_protocol_secondary =  [0, 0.117998, 0.172952, 0.172952, 0.243626, 0.451389, 0.451389, 0.467325, 0.467325, 0.746357, 0.746357, 1.27599, 1.27599, 1.29252, ]
best_evolved_state = [-0.0215134, 0.0038222, -0.00751417, -0.00643733, -0.0215134, 0.0038222, -0.0165899, 0.037651, -0.199942, 0.198686, -0.0215134, 0.0038222, -0.199942, 0.198686, -0.0844936, 0.07744, -0.199942, 0.198686, -0.0844936, 0.07744, -0.0215134, 0.0038222, -0.199942, 0.198686, -0.0165899, 0.037651, -0.288793, 0.251755, -0.0844936, 0.07744, -0.00751417, -0.00643733, -0.0165899, 0.037651, 0.0152408, -0.00493465, -0.0165899, 0.037651, -0.199942, 0.198686, -0.0215134, 0.0038222, -0.0165899, 0.037651, -0.288793, 0.251755, -0.0165899, 0.037651, -0.199942, 0.198686, -0.0844936, 0.07744, -0.199942, 0.198686, -0.0215134, 0.0038222, 0.0152408, -0.00493465, -0.0165899, 0.037651, -0.00751417, -0.00643733, -0.0215134, 0.0038222, -0.199942, 0.198686, -0.0165899, 0.037651, -0.00751417, -0.00643733, -0.0215134, 0.0038222, ]
best_mc_result_fixed_tau =   [0.0173224, 0.0167469, ]
evolved_state_fixed_tau =   [[-0.0280129, 0.00949167, -0.0119797, 0.00510747, -0.0280129, 0.00949167, -0.00546749, 0.0318138, -0.165051, 0.228889, -0.0280129, 0.00949167, -0.165051, 0.228889, -0.0643243, 0.0952052, -0.165051, 0.228889, -0.0643243, 0.0952052, -0.0280129, 0.00949167, -0.165051, 0.228889, -0.00546749, 0.0318138, -0.244235, 0.295418, -0.0643243, 0.0952052, -0.0119797, 0.00510747, -0.00546749, 0.0318138, 0.0117829, 0.000872375, -0.00546749, 0.0318138, -0.165051, 0.228889, -0.0280129, 0.00949167, -0.00546749, 0.0318138, -0.244235, 0.295418, -0.00546749, 0.0318138, -0.165051, 0.228889, -0.0643243, 0.0952052, -0.165051, 0.228889, -0.0280129, 0.00949167, 0.0117829, 0.000872375, -0.00546749, 0.0318138, -0.0119797, 0.00510747, -0.0280129, 0.00949167, -0.165051, 0.228889, -0.00546749, 0.0318138, -0.0119797, 0.00510747, -0.0280129, 0.00949167, ],[-0.0211724, 0.0181955, -0.0153419, 0.000883667, -0.0211724, 0.0181955, -0.00387604, 0.0323206, -0.166371, 0.228451, -0.0211724, 0.0181955, -0.166371, 0.228451, -0.0659601, 0.0933713, -0.166371, 0.228451, -0.0659601, 0.0933713, -0.0211724, 0.0181955, -0.166371, 0.228451, -0.00387604, 0.0323206, -0.24619, 0.292987, -0.0659601, 0.0933713, -0.0153419, 0.000883667, -0.00387604, 0.0323206, 0.0102265, -0.00132536, -0.00387604, 0.0323206, -0.166371, 0.228451, -0.0211724, 0.0181955, -0.00387604, 0.0323206, -0.24619, 0.292987, -0.00387604, 0.0323206, -0.166371, 0.228451, -0.0659601, 0.0933713, -0.166371, 0.228451, -0.0211724, 0.0181955, 0.0102265, -0.00132536, -0.00387604, 0.0323206, -0.0153419, 0.000883667, -0.0211724, 0.0181955, -0.166371, 0.228451, -0.00387604, 0.0323206, -0.0153419, 0.000883667, -0.0211724, 0.0181955, ],]
##############################################################################
clock_duration  =         2576.98
tau =                     1.33118
total_steps =             32
time_step =               0.0446433
best_mc_result =          0.0115203
best_mc_result_non_secondary =          0
evolved_target_dot_squared =  0.98848
distance =          0.031169
j_protocol =  [[0, 0, 0, 0, 0, 0, 0, 0, 0, 0, 0, 0, 0, 0, 0, 0, 0, 0, 0, 0, 0, 0, 0, 0, 0, 0, 0, 0, 0, 0, 0, 0, ],[0, 0, 0, 0, 0, 0, 0, 0, 0, 0, 0, 0, 0, 0, 0, 0, 0, 0, 0, 0, 0, 0, 0, 0, 0, 0, 0, 0, 0, 0, 0, 0, ],]
k_protocol =  [[0, 0, 0, 0, 0, 0, 0, 0, 0, 0, 0, 0, 0, 0, 0, 0, 0, 0, 0, 0, 0, 0, 0, 0, 0, 0, 0, 0, 0, 0, 0, 0, ],[0, 0, 0, 0, 0, 0, 0, 0, 0, 0, 0, 0, 0, 0, 0, 0, 0, 0, 0, 0, 0, 0, 0, 0, 0, 0, 0, 0, 0, 0, 0, 0, ],]
j_protocol_secondary =  [0.0170716, 0.451816, 0.486377, 0.488481, 0.552628, 0.573411, 0.616978, 0.616978, 0.621978, 0.754254, 0.87422, 0.930799, 1.23509, 1.33118, ]
k_protocol_secondary =  [0, 0.0930093, 0.0930093, 0.126203, 0.256968, 0.419294, 0.419294, 0.835664, 0.835664, 1.02014, 1.02014, 1.14037, 1.14037, 1.32441, ]
best_evolved_state = [-0.0196202, 0.00342289, -0.00483577, -0.00677229, -0.0196202, 0.00342289, -0.0206341, 0.0346932, -0.21222, 0.186007, -0.0196202, 0.00342289, -0.21222, 0.186007, -0.0856103, 0.0709218, -0.21222, 0.186007, -0.0856103, 0.0709218, -0.0196202, 0.00342289, -0.21222, 0.186007, -0.0206341, 0.0346932, -0.304399, 0.235565, -0.0856103, 0.0709218, -0.00483577, -0.00677229, -0.0206341, 0.0346932, 0.0169078, -0.00776795, -0.0206341, 0.0346932, -0.21222, 0.186007, -0.0196202, 0.00342289, -0.0206341, 0.0346932, -0.304399, 0.235565, -0.0206341, 0.0346932, -0.21222, 0.186007, -0.0856103, 0.0709218, -0.21222, 0.186007, -0.0196202, 0.00342289, 0.0169078, -0.00776795, -0.0206341, 0.0346932, -0.00483577, -0.00677229, -0.0196202, 0.00342289, -0.21222, 0.186007, -0.0206341, 0.0346932, -0.00483577, -0.00677229, -0.0196202, 0.00342289, ]
best_mc_result_fixed_tau =   [0.00911457, 0.00791113, ]
evolved_state_fixed_tau =   [[-0.0146061, 0.00295169, -0.00572461, -0.00114291, -0.0146061, 0.00295169, -0.0147821, 0.0240798, -0.175048, 0.224557, -0.0146061, 0.00295169, -0.175048, 0.224557, -0.0677382, 0.0737133, -0.175048, 0.224557, -0.0677382, 0.0737133, -0.0146061, 0.00295169, -0.175048, 0.224557, -0.0147821, 0.0240798, -0.256651, 0.292049, -0.0677382, 0.0737133, -0.00572461, -0.00114291, -0.0147821, 0.0240798, 0.014132, -0.0131062, -0.0147821, 0.0240798, -0.175048, 0.224557, -0.0146061, 0.00295169, -0.0147821, 0.0240798, -0.256651, 0.292049, -0.0147821, 0.0240798, -0.175048, 0.224557, -0.0677382, 0.0737133, -0.175048, 0.224557, -0.0146061, 0.00295169, 0.014132, -0.0131062, -0.0147821, 0.0240798, -0.00572461, -0.00114291, -0.0146061, 0.00295169, -0.175048, 0.224557, -0.0147821, 0.0240798, -0.00572461, -0.00114291, -0.0146061, 0.00295169, ],[-0.0178034, 0.00796921, -0.000153855, -0.00665185, -0.0178034, 0.00796921, -0.0260864, 0.0256061, -0.213166, 0.186637, -0.0178034, 0.00796921, -0.213166, 0.186637, -0.0783559, 0.0650771, -0.213166, 0.186637, -0.0783559, 0.0650771, -0.0178034, 0.00796921, -0.213166, 0.186637, -0.0260864, 0.0256061, -0.302671, 0.242952, -0.0783559, 0.0650771, -0.000153855, -0.00665185, -0.0260864, 0.0256061, 0.0142007, -0.0190954, -0.0260864, 0.0256061, -0.213166, 0.186637, -0.0178034, 0.00796921, -0.0260864, 0.0256061, -0.302671, 0.242952, -0.0260864, 0.0256061, -0.213166, 0.186637, -0.0783559, 0.0650771, -0.213166, 0.186637, -0.0178034, 0.00796921, 0.0142007, -0.0190954, -0.0260864, 0.0256061, -0.000153855, -0.00665185, -0.0178034, 0.00796921, -0.213166, 0.186637, -0.0260864, 0.0256061, -0.000153855, -0.00665185, -0.0178034, 0.00796921, ],]
##############################################################################
clock_duration  =         2730.23
tau =                     1.34742
total_steps =             32
time_step =               0.0446433
best_mc_result =          0.0104159
best_mc_result_non_secondary =          0
evolved_target_dot_squared =  0.989584
distance =          0.0281811
j_protocol =  [[0, 0, 0, 0, 0, 0, 0, 0, 0, 0, 0, 0, 0, 0, 0, 0, 0, 0, 0, 0, 0, 0, 0, 0, 0, 0, 0, 0, 0, 0, 0, 0, ],[0, 0, 0, 0, 0, 0, 0, 0, 0, 0, 0, 0, 0, 0, 0, 0, 0, 0, 0, 0, 0, 0, 0, 0, 0, 0, 0, 0, 0, 0, 0, 0, ],]
k_protocol =  [[0, 0, 0, 0, 0, 0, 0, 0, 0, 0, 0, 0, 0, 0, 0, 0, 0, 0, 0, 0, 0, 0, 0, 0, 0, 0, 0, 0, 0, 0, 0, 0, ],[0, 0, 0, 0, 0, 0, 0, 0, 0, 0, 0, 0, 0, 0, 0, 0, 0, 0, 0, 0, 0, 0, 0, 0, 0, 0, 0, 0, 0, 0, 0, 0, ],]
j_protocol_secondary =  [0.0178778, 0.460939, 0.492623, 0.498448, 0.560919, 0.579189, 0.624503, 0.624503, 0.633715, 0.767614, 0.883147, 0.938767, 1.25042, 1.34742, ]
k_protocol_secondary =  [0, 0.0941436, 0.0941436, 0.130966, 0.263039, 0.424408, 0.424408, 0.845855, 0.845855, 1.03258, 1.03258, 1.15428, 1.15428, 1.34078, ]
best_evolved_state = [-0.018795, 0.00288207, -0.00236076, -0.00700297, -0.018795, 0.00288207, -0.0231393, 0.0329211, -0.219103, 0.178227, -0.018795, 0.00288207, -0.219103, 0.178227, -0.0858607, 0.0667373, -0.219103, 0.178227, -0.0858607, 0.0667373, -0.018795, 0.00288207, -0.219103, 0.178227, -0.0231393, 0.0329211, -0.312864, 0.225662, -0.0858607, 0.0667373, -0.00236076, -0.00700297, -0.0231393, 0.0329211, 0.0181688, -0.00967027, -0.0231393, 0.0329211, -0.219103, 0.178227, -0.018795, 0.00288207, -0.0231393, 0.0329211, -0.312864, 0.225662, -0.0231393, 0.0329211, -0.219103, 0.178227, -0.0858607, 0.0667373, -0.219103, 0.178227, -0.018795, 0.00288207, 0.0181688, -0.00967027, -0.0231393, 0.0329211, -0.00236076, -0.00700297, -0.018795, 0.00288207, -0.219103, 0.178227, -0.0231393, 0.0329211, -0.00236076, -0.00700297, -0.018795, 0.00288207, ]
best_mc_result_fixed_tau =   [0.00911457, 0.00791113, ]
evolved_state_fixed_tau =   [[-0.0146061, 0.00295169, -0.00572461, -0.00114291, -0.0146061, 0.00295169, -0.0147821, 0.0240798, -0.175048, 0.224557, -0.0146061, 0.00295169, -0.175048, 0.224557, -0.0677382, 0.0737133, -0.175048, 0.224557, -0.0677382, 0.0737133, -0.0146061, 0.00295169, -0.175048, 0.224557, -0.0147821, 0.0240798, -0.256651, 0.292049, -0.0677382, 0.0737133, -0.00572461, -0.00114291, -0.0147821, 0.0240798, 0.014132, -0.0131062, -0.0147821, 0.0240798, -0.175048, 0.224557, -0.0146061, 0.00295169, -0.0147821, 0.0240798, -0.256651, 0.292049, -0.0147821, 0.0240798, -0.175048, 0.224557, -0.0677382, 0.0737133, -0.175048, 0.224557, -0.0146061, 0.00295169, 0.014132, -0.0131062, -0.0147821, 0.0240798, -0.00572461, -0.00114291, -0.0146061, 0.00295169, -0.175048, 0.224557, -0.0147821, 0.0240798, -0.00572461, -0.00114291, -0.0146061, 0.00295169, ],[-0.0178034, 0.00796921, -0.000153855, -0.00665185, -0.0178034, 0.00796921, -0.0260864, 0.0256061, -0.213166, 0.186637, -0.0178034, 0.00796921, -0.213166, 0.186637, -0.0783559, 0.0650771, -0.213166, 0.186637, -0.0783559, 0.0650771, -0.0178034, 0.00796921, -0.213166, 0.186637, -0.0260864, 0.0256061, -0.302671, 0.242952, -0.0783559, 0.0650771, -0.000153855, -0.00665185, -0.0260864, 0.0256061, 0.0142007, -0.0190954, -0.0260864, 0.0256061, -0.213166, 0.186637, -0.0178034, 0.00796921, -0.0260864, 0.0256061, -0.302671, 0.242952, -0.0260864, 0.0256061, -0.213166, 0.186637, -0.0783559, 0.0650771, -0.213166, 0.186637, -0.0178034, 0.00796921, 0.0142007, -0.0190954, -0.0260864, 0.0256061, -0.000153855, -0.00665185, -0.0178034, 0.00796921, -0.213166, 0.186637, -0.0260864, 0.0256061, -0.000153855, -0.00665185, -0.0178034, 0.00796921, ],]
##############################################################################
clock_duration  =         2893.01
tau =                     1.35553
total_steps =             32
time_step =               0.0446433
best_mc_result =          0.00990154
best_mc_result_non_secondary =          0
evolved_target_dot_squared =  0.990098
distance =          0.0267894
j_protocol =  [[0, 0, 0, 0, 0, 0, 0, 0, 0, 0, 0, 0, 0, 0, 0, 0, 0, 0, 0, 0, 0, 0, 0, 0, 0, 0, 0, 0, 0, 0, 0, 0, ],[0, 0, 0, 0, 0, 0, 0, 0, 0, 0, 0, 0, 0, 0, 0, 0, 0, 0, 0, 0, 0, 0, 0, 0, 0, 0, 0, 0, 0, 0, 0, 0, ],]
k_protocol =  [[0, 0, 0, 0, 0, 0, 0, 0, 0, 0, 0, 0, 0, 0, 0, 0, 0, 0, 0, 0, 0, 0, 0, 0, 0, 0, 0, 0, 0, 0, 0, 0, ],[0, 0, 0, 0, 0, 0, 0, 0, 0, 0, 0, 0, 0, 0, 0, 0, 0, 0, 0, 0, 0, 0, 0, 0, 0, 0, 0, 0, 0, 0, 0, 0, ],]
j_protocol_secondary =  [0.0175219, 0.465479, 0.495171, 0.499827, 0.564313, 0.582214, 0.628265, 0.628265, 0.639697, 0.774611, 0.887065, 0.942213, 1.25808, 1.35553, ]
k_protocol_secondary =  [0, 0.0947107, 0.0947107, 0.13343, 0.265351, 0.426964, 0.426964, 0.850951, 0.850951, 1.0388, 1.0388, 1.16123, 1.16123, 1.34867, ]
best_evolved_state = [-0.0179954, 0.00313941, -0.00185482, -0.00708874, -0.0179954, 0.00313941, -0.0241274, 0.0317809, -0.2212, 0.175799, -0.0179954, 0.00313941, -0.2212, 0.175799, -0.0861143, 0.0650171, -0.2212, 0.175799, -0.0861143, 0.0650171, -0.0179954, 0.00313941, -0.2212, 0.175799, -0.0241274, 0.0317809, -0.315548, 0.222589, -0.0861143, 0.0650171, -0.00185482, -0.00708874, -0.0241274, 0.0317809, 0.0183916, -0.01051, -0.0241274, 0.0317809, -0.2212, 0.175799, -0.0179954, 0.00313941, -0.0241274, 0.0317809, -0.315548, 0.222589, -0.0241274, 0.0317809, -0.2212, 0.175799, -0.0861143, 0.0650171, -0.2212, 0.175799, -0.0179954, 0.00313941, 0.0183916, -0.01051, -0.0241274, 0.0317809, -0.00185482, -0.00708874, -0.0179954, 0.00313941, -0.2212, 0.175799, -0.0241274, 0.0317809, -0.00185482, -0.00708874, -0.0179954, 0.00313941, ]
best_mc_result_fixed_tau =   [0.00911457, 0.00791113, ]
evolved_state_fixed_tau =   [[-0.0146061, 0.00295169, -0.00572461, -0.00114291, -0.0146061, 0.00295169, -0.0147821, 0.0240798, -0.175048, 0.224557, -0.0146061, 0.00295169, -0.175048, 0.224557, -0.0677382, 0.0737133, -0.175048, 0.224557, -0.0677382, 0.0737133, -0.0146061, 0.00295169, -0.175048, 0.224557, -0.0147821, 0.0240798, -0.256651, 0.292049, -0.0677382, 0.0737133, -0.00572461, -0.00114291, -0.0147821, 0.0240798, 0.014132, -0.0131062, -0.0147821, 0.0240798, -0.175048, 0.224557, -0.0146061, 0.00295169, -0.0147821, 0.0240798, -0.256651, 0.292049, -0.0147821, 0.0240798, -0.175048, 0.224557, -0.0677382, 0.0737133, -0.175048, 0.224557, -0.0146061, 0.00295169, 0.014132, -0.0131062, -0.0147821, 0.0240798, -0.00572461, -0.00114291, -0.0146061, 0.00295169, -0.175048, 0.224557, -0.0147821, 0.0240798, -0.00572461, -0.00114291, -0.0146061, 0.00295169, ],[-0.0178034, 0.00796921, -0.000153855, -0.00665185, -0.0178034, 0.00796921, -0.0260864, 0.0256061, -0.213166, 0.186637, -0.0178034, 0.00796921, -0.213166, 0.186637, -0.0783559, 0.0650771, -0.213166, 0.186637, -0.0783559, 0.0650771, -0.0178034, 0.00796921, -0.213166, 0.186637, -0.0260864, 0.0256061, -0.302671, 0.242952, -0.0783559, 0.0650771, -0.000153855, -0.00665185, -0.0260864, 0.0256061, 0.0142007, -0.0190954, -0.0260864, 0.0256061, -0.213166, 0.186637, -0.0178034, 0.00796921, -0.0260864, 0.0256061, -0.302671, 0.242952, -0.0260864, 0.0256061, -0.213166, 0.186637, -0.0783559, 0.0650771, -0.213166, 0.186637, -0.0178034, 0.00796921, 0.0142007, -0.0190954, -0.0260864, 0.0256061, -0.000153855, -0.00665185, -0.0178034, 0.00796921, -0.213166, 0.186637, -0.0260864, 0.0256061, -0.000153855, -0.00665185, -0.0178034, 0.00796921, ],]
