START_PARAMETERS
MAX_STEPS_MCDB =               32
MIN_STEPS_MCDB =               4
STEPS_CRUNCH_MCDB =            1
SWEEPS_MCDB =                  100
TOTAL_STEP_CHANGES =                  6
MCBB_SECONDARY =                  1
SWEEPS_MCBB_SECONDARY =                  250
NUMBER_OF_BANGS =                  7
GROUND_E =                -0.292464
INITIAL_E =               0.109385
j_initial =               0.824
k_initial =               0.062
b_initial =               0
j_target =                0.141
k_target =                0.5
b_target =                0
init_target_dot_squared = 0.791378
init_state = [-0.0957183, 0, -0.106247, 0, -0.0957183, 0, -0.176025, 0, -0.198892, 0, -0.0957183, 0, -0.198892, 0, -0.207021, 0, -0.198892, 0, -0.207021, 0, -0.0957183, 0, -0.198892, 0, -0.176025, 0, -0.232253, 0, -0.207021, 0, -0.106247, 0, -0.176025, 0, -0.137646, 0, -0.176025, 0, -0.198892, 0, -0.0957183, 0, -0.176025, 0, -0.232253, 0, -0.176025, 0, -0.198892, 0, -0.207021, 0, -0.198892, 0, -0.0957183, 0, -0.137646, 0, -0.176025, 0, -0.106247, 0, -0.0957183, 0, -0.198892, 0, -0.176025, 0, -0.106247, 0, -0.0957183, 0, ]
target_state = [0.0237235, 0, 0.0152938, 0, 0.0237235, 0, 0.100604, 0, 0.269335, 0, 0.0237235, 0, 0.269335, 0, 0.155001, 0, 0.269335, 0, 0.155001, 0, 0.0237235, 0, 0.269335, 0, 0.100604, 0, 0.343465, 0, 0.155001, 0, 0.0152938, 0, 0.100604, 0, 0.024751, 0, 0.100604, 0, 0.269335, 0, 0.0237235, 0, 0.100604, 0, 0.343465, 0, 0.100604, 0, 0.269335, 0, 0.155001, 0, 0.269335, 0, 0.0237235, 0, 0.024751, 0, 0.100604, 0, 0.0152938, 0, 0.0237235, 0, 0.269335, 0, 0.100604, 0, 0.0152938, 0, 0.0237235, 0, ]
USE_ENERGY_DISTANCE =     false
PERIODIC =                false
UNIFORM_SITES =           true
DEVICE_DIMENSION =        2
MAX_PARAM =               1
MIN_PARAM =               0
MIN_PARAM =               0
DIAG =                    true
NUM_SEEDS =               2
NUMBER_OF_BANGS =               7
DISTANCE_LIMIT =          0.01
TAU_INIT =                0.4
MAX_TAU =                 5
TAU_SCALAR =              1.2
TAU_SCALAR_TINY =         1.1
TAU_SCALAR_BIG =          1.4
ACCEPTANCE_PROB =         0.85
TEMP_EXP_DECAY =          0.8
MIN_TEMP_FRACTION =       0.01
TEMP_DECAY_ITERATIONS =   21
ZERO_TEMP_ITREATIONS =    30
RANDOM_STATES =           3
END_PARAMETERS
##############################################################################
clock_duration  =         189.168
tau =                     0.4
total_steps =             32
time_step =               0.0125
best_mc_result =          0.0596256
best_mc_result_non_secondary =          0.0597926
evolved_target_dot_squared =  0.940374
distance =          0.285807
j_protocol =  [[1, 1, 1, 1, 1, 1, 1, 1, 1, 1, 1, 1, 1, 1, 1, 1, 1, 1, 0, 0, 1, 1, 0, 0, 1, 1, 1, 1, 1, 1, 1, 1, ],[1, 1, 1, 1, 1, 1, 1, 1, 1, 1, 1, 1, 1, 1, 1, 1, 1, 1, 1, 0, 1, 0, 0, 1, 1, 1, 1, 1, 1, 1, 1, 1, ],]
k_protocol =  [[1, 1, 1, 1, 1, 1, 1, 1, 1, 1, 1, 1, 1, 1, 1, 1, 1, 1, 1, 1, 1, 1, 1, 1, 1, 1, 1, 1, 1, 1, 0, 0, ],[1, 1, 1, 1, 1, 1, 1, 1, 1, 1, 1, 1, 1, 1, 1, 1, 1, 1, 1, 1, 1, 1, 1, 1, 1, 1, 1, 1, 1, 1, 1, 0, ],]
j_protocol_secondary =  [0.00683269, 0.0451737, 0.0451737, 0.0930322, 0.0930322, 0.234057, 0.2522, 0.260334, 0.285921, 0.345245, 0.345245, 0.371841, 0.371841, 0.4, ]
k_protocol_secondary =  [0, 0.0351869, 0.0351869, 0.0382306, 0.0382306, 0.110627, 0.110627, 0.165472, 0.165472, 0.28503, 0.28503, 0.386016, 0.3875, 0.3875, ]
best_evolved_state = [0.0117415, -0.0175102, -0.0586384, 0.0102016, 0.0117415, -0.0175102, -0.0717503, -0.13328, -0.0821994, -0.23415, 0.0117415, -0.0175102, -0.0821994, -0.23415, -0.0236024, -0.170984, -0.0821994, -0.23415, -0.0236024, -0.170984, 0.0117415, -0.0175102, -0.0821994, -0.23415, -0.0717503, -0.13328, -0.0602744, -0.294187, -0.0236024, -0.170984, -0.0586384, 0.0102016, -0.0717503, -0.13328, -0.0526939, -0.0248306, -0.0717503, -0.13328, -0.0821994, -0.23415, 0.0117415, -0.0175102, -0.0717503, -0.13328, -0.0602744, -0.294187, -0.0717503, -0.13328, -0.0821994, -0.23415, -0.0236024, -0.170984, -0.0821994, -0.23415, 0.0117415, -0.0175102, -0.0526939, -0.0248306, -0.0717503, -0.13328, -0.0586384, 0.0102016, 0.0117415, -0.0175102, -0.0821994, -0.23415, -0.0717503, -0.13328, -0.0586384, 0.0102016, 0.0117415, -0.0175102, ]
best_mc_result_fixed_tau =   [0.0598407, 0.0597926, ]
evolved_state_fixed_tau =   [[0.0115184, -0.0145726, -0.0612749, 0.00651439, 0.0115184, -0.0145726, -0.0688717, -0.134848, -0.0792357, -0.235805, 0.0115184, -0.0145726, -0.0792357, -0.235805, -0.0211014, -0.169424, -0.0792357, -0.235805, -0.0211014, -0.169424, 0.0115184, -0.0145726, -0.0792357, -0.235805, -0.0688717, -0.134848, -0.0568221, -0.294343, -0.0211014, -0.169424, -0.0612749, 0.00651439, -0.0688717, -0.134848, -0.053797, -0.0269937, -0.0688717, -0.134848, -0.0792357, -0.235805, 0.0115184, -0.0145726, -0.0688717, -0.134848, -0.0568221, -0.294343, -0.0688717, -0.134848, -0.0792357, -0.235805, -0.0211014, -0.169424, -0.0792357, -0.235805, 0.0115184, -0.0145726, -0.053797, -0.0269937, -0.0688717, -0.134848, -0.0612749, 0.00651439, 0.0115184, -0.0145726, -0.0792357, -0.235805, -0.0688717, -0.134848, -0.0612749, 0.00651439, 0.0115184, -0.0145726, ],[0.0127183, -0.0194732, -0.0572112, 0.00691562, 0.0127183, -0.0194732, -0.0632746, -0.138164, -0.0685353, -0.237369, 0.0127183, -0.0194732, -0.0685353, -0.237369, -0.0123197, -0.17482, -0.0685353, -0.237369, -0.0123197, -0.17482, 0.0127183, -0.0194732, -0.0685353, -0.237369, -0.0632746, -0.138164, -0.0430743, -0.296822, -0.0123197, -0.17482, -0.0572112, 0.00691562, -0.0632746, -0.138164, -0.0494196, -0.0287971, -0.0632746, -0.138164, -0.0685353, -0.237369, 0.0127183, -0.0194732, -0.0632746, -0.138164, -0.0430743, -0.296822, -0.0632746, -0.138164, -0.0685353, -0.237369, -0.0123197, -0.17482, -0.0685353, -0.237369, 0.0127183, -0.0194732, -0.0494196, -0.0287971, -0.0632746, -0.138164, -0.0572112, 0.00691562, 0.0127183, -0.0194732, -0.0685353, -0.237369, -0.0632746, -0.138164, -0.0572112, 0.00691562, 0.0127183, -0.0194732, ],]
##############################################################################
clock_duration  =         366.621
tau =                     0.48
total_steps =             32
time_step =               0.015
best_mc_result =          0.0533802
best_mc_result_non_secondary =          0.0537317
evolved_target_dot_squared =  0.94662
distance =          0.25587
j_protocol =  [[1, 1, 1, 1, 1, 1, 1, 1, 1, 1, 1, 1, 1, 1, 1, 1, 1, 1, 1, 1, 0, 0, 0, 0, 0, 0, 1, 1, 1, 1, 1, 1, ],[1, 1, 1, 1, 1, 1, 1, 1, 1, 1, 1, 1, 1, 1, 1, 1, 1, 1, 1, 1, 0, 0, 0, 0, 0, 0, 1, 1, 1, 1, 1, 1, ],]
k_protocol =  [[1, 1, 1, 1, 1, 1, 1, 1, 1, 1, 1, 1, 1, 1, 1, 1, 1, 1, 1, 1, 1, 1, 1, 1, 1, 1, 1, 1, 1, 1, 0, 0, ],[1, 1, 1, 1, 1, 1, 1, 1, 1, 1, 1, 1, 1, 1, 1, 1, 1, 1, 1, 1, 1, 1, 1, 1, 1, 1, 1, 1, 1, 1, 0, 0, ],]
j_protocol_secondary =  [0.00420512, 0.260215, 0.260215, 0.297453, 0.378908, 0.407097, 0.407097, 0.435744, 0.435744, 0.458924, 0.458924, 0.471124, 0.471124, 0.48, ]
k_protocol_secondary =  [0, 0.0537765, 0.0537765, 0.0781632, 0.0781632, 0.0973705, 0.102596, 0.439639, 0.439639, 0.443379, 0.443379, 0.457536, 0.457536, 0.466546, ]
best_evolved_state = [0.0183804, -0.0223691, -0.04271, 0.0188306, 0.0183804, -0.0223691, -0.0581141, -0.132695, -0.0476454, -0.244659, 0.0183804, -0.0223691, -0.0476454, -0.244659, 0.00231611, -0.176011, -0.0476454, -0.244659, 0.00231611, -0.176011, 0.0183804, -0.0223691, -0.0476454, -0.244659, -0.0581141, -0.132695, -0.0158491, -0.309304, 0.00231611, -0.176011, -0.04271, 0.0188306, -0.0581141, -0.132695, -0.0385434, -0.0214429, -0.0581141, -0.132695, -0.0476454, -0.244659, 0.0183804, -0.0223691, -0.0581141, -0.132695, -0.0158491, -0.309304, -0.0581141, -0.132695, -0.0476454, -0.244659, 0.00231611, -0.176011, -0.0476454, -0.244659, 0.0183804, -0.0223691, -0.0385434, -0.0214429, -0.0581141, -0.132695, -0.04271, 0.0188306, 0.0183804, -0.0223691, -0.0476454, -0.244659, -0.0581141, -0.132695, -0.04271, 0.0188306, 0.0183804, -0.0223691, ]
best_mc_result_fixed_tau =   [0.0537317, 0.0537317, ]
evolved_state_fixed_tau =   [[0.0184099, -0.0200545, -0.0455233, 0.0177197, 0.0184099, -0.0200545, -0.0584646, -0.132948, -0.0507099, -0.244619, 0.0184099, -0.0200545, -0.0507099, -0.244619, 0.0011183, -0.174094, -0.0507099, -0.244619, 0.0011183, -0.174094, 0.0184099, -0.0200545, -0.0507099, -0.244619, -0.0584646, -0.132948, -0.0197751, -0.30848, 0.0011183, -0.174094, -0.0455233, 0.0177197, -0.0584646, -0.132948, -0.0402008, -0.0215286, -0.0584646, -0.132948, -0.0507099, -0.244619, 0.0184099, -0.0200545, -0.0584646, -0.132948, -0.0197751, -0.30848, -0.0584646, -0.132948, -0.0507099, -0.244619, 0.0011183, -0.174094, -0.0507099, -0.244619, 0.0184099, -0.0200545, -0.0402008, -0.0215286, -0.0584646, -0.132948, -0.0455233, 0.0177197, 0.0184099, -0.0200545, -0.0507099, -0.244619, -0.0584646, -0.132948, -0.0455233, 0.0177197, 0.0184099, -0.0200545, ],[0.0184099, -0.0200545, -0.0455233, 0.0177197, 0.0184099, -0.0200545, -0.0584646, -0.132948, -0.0507099, -0.244619, 0.0184099, -0.0200545, -0.0507099, -0.244619, 0.0011183, -0.174094, -0.0507099, -0.244619, 0.0011183, -0.174094, 0.0184099, -0.0200545, -0.0507099, -0.244619, -0.0584646, -0.132948, -0.0197751, -0.30848, 0.0011183, -0.174094, -0.0455233, 0.0177197, -0.0584646, -0.132948, -0.0402008, -0.0215286, -0.0584646, -0.132948, -0.0507099, -0.244619, 0.0184099, -0.0200545, -0.0584646, -0.132948, -0.0197751, -0.30848, -0.0584646, -0.132948, -0.0507099, -0.244619, 0.0011183, -0.174094, -0.0507099, -0.244619, 0.0184099, -0.0200545, -0.0402008, -0.0215286, -0.0584646, -0.132948, -0.0455233, 0.0177197, 0.0184099, -0.0200545, -0.0507099, -0.244619, -0.0584646, -0.132948, -0.0455233, 0.0177197, 0.0184099, -0.0200545, ],]
##############################################################################
clock_duration  =         566.217
tau =                     0.672
total_steps =             32
time_step =               0.021
best_mc_result =          0.0346177
best_mc_result_non_secondary =          0.0347998
evolved_target_dot_squared =  0.965382
distance =          0.165935
j_protocol =  [[1, 1, 1, 1, 1, 1, 1, 1, 1, 1, 1, 1, 1, 1, 1, 1, 1, 1, 1, 0, 0, 0, 0, 0, 0, 0, 1, 1, 1, 1, 1, 1, ],[1, 1, 1, 1, 1, 1, 1, 1, 1, 1, 1, 1, 1, 1, 1, 1, 1, 1, 0, 0, 1, 0, 0, 0, 1, 0, 1, 1, 1, 1, 1, 1, ],]
k_protocol =  [[1, 1, 1, 1, 1, 1, 0, 0, 1, 1, 1, 1, 1, 1, 1, 1, 1, 1, 1, 1, 1, 1, 1, 1, 1, 1, 1, 1, 1, 1, 1, 0, ],[1, 1, 1, 1, 1, 0, 0, 1, 0, 0, 1, 1, 1, 1, 1, 1, 1, 1, 1, 1, 1, 1, 1, 1, 1, 1, 1, 1, 1, 1, 1, 0, ],]
j_protocol_secondary =  [0.00566641, 0.0276394, 0.0276394, 0.209809, 0.209809, 0.251554, 0.251554, 0.257906, 0.257906, 0.276081, 0.276081, 0.405665, 0.541301, 0.672, ]
k_protocol_secondary =  [0, 0.0818585, 0.0818585, 0.121435, 0.180391, 0.433269, 0.433269, 0.440519, 0.440519, 0.465606, 0.465606, 0.603383, 0.603383, 0.654322, ]
best_evolved_state = [0.021499, -0.0164007, -0.00511363, 0.00849072, 0.021499, -0.0164007, 0.00225494, -0.12536, 0.0770381, -0.237006, 0.021499, -0.0164007, 0.0770381, -0.237006, 0.0894781, -0.171974, 0.0770381, -0.237006, 0.0894781, -0.171974, 0.021499, -0.0164007, 0.0770381, -0.237006, 0.00225494, -0.12536, 0.141948, -0.298124, 0.0894781, -0.171974, -0.00511363, 0.00849072, 0.00225494, -0.12536, -0.00154348, -0.0371248, 0.00225494, -0.12536, 0.0770381, -0.237006, 0.021499, -0.0164007, 0.00225494, -0.12536, 0.141948, -0.298124, 0.00225494, -0.12536, 0.0770381, -0.237006, 0.0894781, -0.171974, 0.0770381, -0.237006, 0.021499, -0.0164007, -0.00154348, -0.0371248, 0.00225494, -0.12536, -0.00511363, 0.00849072, 0.021499, -0.0164007, 0.0770381, -0.237006, 0.00225494, -0.12536, -0.00511363, 0.00849072, 0.021499, -0.0164007, ]
best_mc_result_fixed_tau =   [0.0347998, 0.0356426, ]
evolved_state_fixed_tau =   [[0.0218634, -0.0186236, -0.00311807, 0.0136553, 0.0218634, -0.0186236, -0.00380538, -0.123188, 0.067475, -0.241024, 0.0218634, -0.0186236, 0.067475, -0.241024, 0.0850195, -0.172589, 0.067475, -0.241024, 0.0850195, -0.172589, 0.0218634, -0.0186236, 0.067475, -0.241024, -0.00380538, -0.123188, 0.130279, -0.304815, 0.0850195, -0.172589, -0.00311807, 0.0136553, -0.00380538, -0.123188, -0.00218007, -0.0323563, -0.00380538, -0.123188, 0.067475, -0.241024, 0.0218634, -0.0186236, -0.00380538, -0.123188, 0.130279, -0.304815, -0.00380538, -0.123188, 0.067475, -0.241024, 0.0850195, -0.172589, 0.067475, -0.241024, 0.0218634, -0.0186236, -0.00218007, -0.0323563, -0.00380538, -0.123188, -0.00311807, 0.0136553, 0.0218634, -0.0186236, 0.067475, -0.241024, -0.00380538, -0.123188, -0.00311807, 0.0136553, 0.0218634, -0.0186236, ],[0.0268905, -0.0104111, -0.0103823, 0.00295434, 0.0268905, -0.0104111, 0.0189288, -0.126211, 0.0976823, -0.228487, 0.0268905, -0.0104111, 0.0976823, -0.228487, 0.107445, -0.160638, 0.0976823, -0.228487, 0.107445, -0.160638, 0.0268905, -0.0104111, 0.0976823, -0.228487, 0.0189288, -0.126211, 0.167626, -0.282537, 0.107445, -0.160638, -0.0103823, 0.00295434, 0.0189288, -0.126211, 0.00198049, -0.0408636, 0.0189288, -0.126211, 0.0976823, -0.228487, 0.0268905, -0.0104111, 0.0189288, -0.126211, 0.167626, -0.282537, 0.0189288, -0.126211, 0.0976823, -0.228487, 0.107445, -0.160638, 0.0976823, -0.228487, 0.0268905, -0.0104111, 0.00198049, -0.0408636, 0.0189288, -0.126211, -0.0103823, 0.00295434, 0.0268905, -0.0104111, 0.0976823, -0.228487, 0.0189288, -0.126211, -0.0103823, 0.00295434, 0.0268905, -0.0104111, ],]
##############################################################################
clock_duration  =         785.528
tau =                     0.7392
total_steps =             32
time_step =               0.0231
best_mc_result =          0.0277948
best_mc_result_non_secondary =          0.0283108
evolved_target_dot_squared =  0.972205
distance =          0.133231
j_protocol =  [[1, 1, 1, 1, 1, 1, 1, 1, 1, 1, 1, 1, 1, 1, 1, 1, 1, 1, 0, 0, 1, 1, 0, 0, 0, 0, 1, 1, 1, 1, 1, 1, ],[0, 1, 1, 1, 1, 1, 1, 1, 1, 1, 1, 1, 1, 1, 1, 1, 1, 1, 1, 0, 0, 1, 0, 1, 0, 0, 1, 1, 1, 1, 1, 1, ],]
k_protocol =  [[1, 1, 1, 1, 1, 1, 0, 0, 0, 0, 1, 1, 1, 1, 1, 1, 1, 1, 1, 1, 1, 1, 1, 1, 1, 1, 1, 1, 1, 1, 1, 0, ],[1, 1, 1, 1, 1, 0, 0, 0, 0, 0, 1, 1, 1, 1, 1, 1, 1, 1, 1, 1, 1, 1, 1, 1, 1, 1, 1, 1, 1, 1, 1, 1, ],]
j_protocol_secondary =  [0.00605234, 0.203381, 0.203381, 0.21468, 0.21468, 0.426799, 0.426799, 0.447322, 0.471059, 0.480637, 0.49306, 0.505816, 0.601333, 0.7392, ]
k_protocol_secondary =  [0, 0.0567263, 0.0567263, 0.119403, 0.185962, 0.185962, 0.209474, 0.475909, 0.475909, 0.502767, 0.502767, 0.58486, 0.58486, 0.721089, ]
best_evolved_state = [0.0231844, -0.00611667, 0.00660024, -0.00221838, 0.0231844, -0.00611667, 0.0385234, -0.109931, 0.142432, -0.204424, 0.0231844, -0.00611667, 0.142432, -0.204424, 0.132132, -0.147533, 0.142432, -0.204424, 0.132132, -0.147533, 0.0231844, -0.00611667, 0.142432, -0.204424, 0.0385234, -0.109931, 0.223202, -0.253872, 0.132132, -0.147533, 0.00660024, -0.00221838, 0.0385234, -0.109931, 0.0131814, -0.046154, 0.0385234, -0.109931, 0.142432, -0.204424, 0.0231844, -0.00611667, 0.0385234, -0.109931, 0.223202, -0.253872, 0.0385234, -0.109931, 0.142432, -0.204424, 0.132132, -0.147533, 0.142432, -0.204424, 0.0231844, -0.00611667, 0.0131814, -0.046154, 0.0385234, -0.109931, 0.00660024, -0.00221838, 0.0231844, -0.00611667, 0.142432, -0.204424, 0.0385234, -0.109931, 0.00660024, -0.00221838, 0.0231844, -0.00611667, ]
best_mc_result_fixed_tau =   [0.0283108, 0.028676, ]
evolved_state_fixed_tau =   [[0.0231157, -0.00462223, 0.00746277, -0.00245874, 0.0231157, -0.00462223, 0.0390453, -0.109879, 0.141244, -0.204854, 0.0231157, -0.00462223, 0.141244, -0.204854, 0.133249, -0.147316, 0.141244, -0.204854, 0.133249, -0.147316, 0.0231157, -0.00462223, 0.141244, -0.204854, 0.0390453, -0.109879, 0.222311, -0.254693, 0.133249, -0.147316, 0.00746277, -0.00245874, 0.0390453, -0.109879, 0.0152341, -0.0465238, 0.0390453, -0.109879, 0.141244, -0.204854, 0.0231157, -0.00462223, 0.0390453, -0.109879, 0.222311, -0.254693, 0.0390453, -0.109879, 0.141244, -0.204854, 0.133249, -0.147316, 0.141244, -0.204854, 0.0231157, -0.00462223, 0.0152341, -0.0465238, 0.0390453, -0.109879, 0.00746277, -0.00245874, 0.0231157, -0.00462223, 0.141244, -0.204854, 0.0390453, -0.109879, 0.00746277, -0.00245874, 0.0231157, -0.00462223, ],[0.0265724, -0.00618922, 0.00380265, -0.007295, 0.0265724, -0.00618922, 0.0405259, -0.111173, 0.143496, -0.202416, 0.0265724, -0.00618922, 0.143496, -0.202416, 0.129431, -0.14942, 0.143496, -0.202416, 0.129431, -0.14942, 0.0265724, -0.00618922, 0.143496, -0.202416, 0.0405259, -0.111173, 0.22422, -0.251896, 0.129431, -0.14942, 0.00380265, -0.007295, 0.0405259, -0.111173, 0.0105467, -0.0512886, 0.0405259, -0.111173, 0.143496, -0.202416, 0.0265724, -0.00618922, 0.0405259, -0.111173, 0.22422, -0.251896, 0.0405259, -0.111173, 0.143496, -0.202416, 0.129431, -0.14942, 0.143496, -0.202416, 0.0265724, -0.00618922, 0.0105467, -0.0512886, 0.0405259, -0.111173, 0.00380265, -0.007295, 0.0265724, -0.00618922, 0.143496, -0.202416, 0.0405259, -0.111173, 0.00380265, -0.007295, 0.0265724, -0.00618922, ],]
##############################################################################
clock_duration  =         1013
tau =                     0.81312
total_steps =             32
time_step =               0.02541
best_mc_result =          0.0218207
best_mc_result_non_secondary =          0.0222762
evolved_target_dot_squared =  0.978179
distance =          0.104594
j_protocol =  [[1, 1, 1, 1, 1, 1, 1, 1, 1, 1, 1, 1, 1, 1, 1, 1, 1, 1, 1, 1, 0, 0, 0, 0, 1, 1, 0, 0, 1, 1, 1, 1, ],[1, 1, 1, 1, 1, 1, 1, 1, 1, 1, 1, 1, 1, 1, 1, 1, 1, 1, 1, 1, 1, 0, 0, 1, 0, 0, 0, 1, 1, 1, 1, 1, ],]
k_protocol =  [[1, 1, 1, 1, 0, 0, 0, 0, 1, 1, 1, 1, 1, 1, 1, 1, 1, 1, 1, 1, 1, 1, 1, 1, 1, 1, 1, 1, 1, 1, 1, 1, ],[1, 1, 1, 1, 0, 0, 0, 0, 0, 1, 1, 1, 1, 1, 1, 1, 1, 1, 1, 1, 1, 1, 1, 1, 1, 1, 1, 1, 1, 1, 1, 1, ],]
j_protocol_secondary =  [0.0059539, 0.111038, 0.111038, 0.229602, 0.229602, 0.4852, 0.4852, 0.53352, 0.583436, 0.594576, 0.599751, 0.609252, 0.684462, 0.81312, ]
k_protocol_secondary =  [0, 0.0198614, 0.0198614, 0.033685, 0.033685, 0.109141, 0.227319, 0.496939, 0.496939, 0.543135, 0.543135, 0.557286, 0.557286, 0.796195, ]
best_evolved_state = [0.0246841, 0.00374878, 0.0148535, -0.00840392, 0.0246841, 0.00374878, 0.070094, -0.0828167, 0.199671, -0.151088, 0.0246841, 0.00374878, 0.199671, -0.151088, 0.164899, -0.106503, 0.199671, -0.151088, 0.164899, -0.106503, 0.0246841, 0.00374878, 0.199671, -0.151088, 0.070094, -0.0828167, 0.292569, -0.183186, 0.164899, -0.106503, 0.0148535, -0.00840392, 0.070094, -0.0828167, 0.0219942, -0.0484294, 0.070094, -0.0828167, 0.199671, -0.151088, 0.0246841, 0.00374878, 0.070094, -0.0828167, 0.292569, -0.183186, 0.070094, -0.0828167, 0.199671, -0.151088, 0.164899, -0.106503, 0.199671, -0.151088, 0.0246841, 0.00374878, 0.0219942, -0.0484294, 0.070094, -0.0828167, 0.0148535, -0.00840392, 0.0246841, 0.00374878, 0.199671, -0.151088, 0.070094, -0.0828167, 0.0148535, -0.00840392, 0.0246841, 0.00374878, ]
best_mc_result_fixed_tau =   [0.0228049, 0.0222762, ]
evolved_state_fixed_tau =   [[0.025256, -0.00178438, 0.0124065, -0.00290875, 0.025256, -0.00178438, 0.0549659, -0.091172, 0.187031, -0.168776, 0.025256, -0.00178438, 0.187031, -0.168776, 0.15214, -0.12183, 0.187031, -0.168776, 0.15214, -0.12183, 0.025256, -0.00178438, 0.187031, -0.168776, 0.0549659, -0.091172, 0.278213, -0.205767, 0.15214, -0.12183, 0.0124065, -0.00290875, 0.0549659, -0.091172, 0.0142559, -0.0445947, 0.0549659, -0.091172, 0.187031, -0.168776, 0.025256, -0.00178438, 0.0549659, -0.091172, 0.278213, -0.205767, 0.0549659, -0.091172, 0.187031, -0.168776, 0.15214, -0.12183, 0.187031, -0.168776, 0.025256, -0.00178438, 0.0142559, -0.0445947, 0.0549659, -0.091172, 0.0124065, -0.00290875, 0.025256, -0.00178438, 0.187031, -0.168776, 0.0549659, -0.091172, 0.0124065, -0.00290875, 0.025256, -0.00178438, ],[0.0269823, 0.00328717, 0.0109823, -0.00828794, 0.0269823, 0.00328717, 0.0729492, -0.0821915, 0.207676, -0.140405, 0.0269823, 0.00328717, 0.207676, -0.140405, 0.166663, -0.100044, 0.207676, -0.140405, 0.166663, -0.100044, 0.0269823, 0.00328717, 0.207676, -0.140405, 0.0729492, -0.0821915, 0.30177, -0.166304, 0.166663, -0.100044, 0.0109823, -0.00828794, 0.0729492, -0.0821915, 0.0197724, -0.0479843, 0.0729492, -0.0821915, 0.207676, -0.140405, 0.0269823, 0.00328717, 0.0729492, -0.0821915, 0.30177, -0.166304, 0.0729492, -0.0821915, 0.207676, -0.140405, 0.166663, -0.100044, 0.207676, -0.140405, 0.0269823, 0.00328717, 0.0197724, -0.0479843, 0.0729492, -0.0821915, 0.0109823, -0.00828794, 0.0269823, 0.00328717, 0.207676, -0.140405, 0.0729492, -0.0821915, 0.0109823, -0.00828794, 0.0269823, 0.00328717, ],]
##############################################################################
clock_duration  =         1229.82
tau =                     0.894432
total_steps =             32
time_step =               0.027951
best_mc_result =          0.0166595
best_mc_result_non_secondary =          0.0179931
evolved_target_dot_squared =  0.98334
distance =          0.0798551
j_protocol =  [[1, 1, 1, 1, 1, 1, 1, 1, 1, 1, 1, 1, 1, 1, 1, 1, 1, 1, 0, 0, 1, 1, 1, 1, 0, 0, 0, 0, 1, 1, 1, 1, ],[1, 1, 1, 1, 1, 1, 1, 1, 1, 1, 1, 1, 1, 1, 1, 1, 1, 1, 0, 0, 1, 1, 1, 1, 0, 0, 0, 0, 1, 1, 1, 1, ],]
k_protocol =  [[1, 1, 1, 1, 0, 0, 0, 0, 1, 1, 1, 1, 1, 1, 1, 1, 1, 1, 1, 1, 1, 1, 1, 1, 1, 1, 1, 1, 1, 1, 1, 1, ],[1, 1, 1, 1, 0, 0, 0, 0, 1, 1, 1, 1, 1, 1, 1, 1, 1, 1, 1, 1, 1, 1, 1, 1, 1, 1, 1, 1, 1, 1, 1, 1, ],]
j_protocol_secondary =  [0.00552947, 0.319643, 0.319643, 0.433821, 0.433821, 0.525237, 0.525237, 0.555098, 0.569261, 0.641734, 0.775487, 0.783613, 0.783613, 0.894432, ]
k_protocol_secondary =  [0, 0.100513, 0.233631, 0.233631, 0.242049, 0.300914, 0.300914, 0.407693, 0.407693, 0.438258, 0.438258, 0.859372, 0.859372, 0.877885, ]
best_evolved_state = [0.0258902, 0.00835406, 0.0173851, -0.00807228, 0.0258902, 0.00835406, 0.0878137, -0.0557129, 0.232951, -0.0964429, 0.0258902, 0.00835406, 0.232951, -0.0964429, 0.18034, -0.0659627, 0.232951, -0.0964429, 0.18034, -0.0659627, 0.0258902, 0.00835406, 0.232951, -0.0964429, 0.0878137, -0.0557129, 0.331865, -0.11184, 0.18034, -0.0659627, 0.0173851, -0.00807228, 0.0878137, -0.0557129, 0.0217121, -0.0437369, 0.0878137, -0.0557129, 0.232951, -0.0964429, 0.0258902, 0.00835406, 0.0878137, -0.0557129, 0.331865, -0.11184, 0.0878137, -0.0557129, 0.232951, -0.0964429, 0.18034, -0.0659627, 0.232951, -0.0964429, 0.0258902, 0.00835406, 0.0217121, -0.0437369, 0.0878137, -0.0557129, 0.0173851, -0.00807228, 0.0258902, 0.00835406, 0.232951, -0.0964429, 0.0878137, -0.0557129, 0.0173851, -0.00807228, 0.0258902, 0.00835406, ]
best_mc_result_fixed_tau =   [0.0179931, 0.0179931, ]
evolved_state_fixed_tau =   [[0.0307112, 0.00372075, 0.0224473, -0.00535425, 0.0307112, 0.00372075, 0.0763576, -0.060977, 0.220314, -0.121398, 0.0307112, 0.00372075, 0.220314, -0.121398, 0.176254, -0.0873855, 0.220314, -0.121398, 0.176254, -0.0873855, 0.0307112, 0.00372075, 0.220314, -0.121398, 0.0763576, -0.060977, 0.319495, -0.148938, 0.176254, -0.0873855, 0.0224473, -0.00535425, 0.0763576, -0.060977, 0.0184571, -0.0424897, 0.0763576, -0.060977, 0.220314, -0.121398, 0.0307112, 0.00372075, 0.0763576, -0.060977, 0.319495, -0.148938, 0.0763576, -0.060977, 0.220314, -0.121398, 0.176254, -0.0873855, 0.220314, -0.121398, 0.0307112, 0.00372075, 0.0184571, -0.0424897, 0.0763576, -0.060977, 0.0224473, -0.00535425, 0.0307112, 0.00372075, 0.220314, -0.121398, 0.0763576, -0.060977, 0.0224473, -0.00535425, 0.0307112, 0.00372075, ],[0.0307112, 0.00372075, 0.0224473, -0.00535425, 0.0307112, 0.00372075, 0.0763576, -0.060977, 0.220314, -0.121398, 0.0307112, 0.00372075, 0.220314, -0.121398, 0.176254, -0.0873855, 0.220314, -0.121398, 0.176254, -0.0873855, 0.0307112, 0.00372075, 0.220314, -0.121398, 0.0763576, -0.060977, 0.319495, -0.148938, 0.176254, -0.0873855, 0.0224473, -0.00535425, 0.0763576, -0.060977, 0.0184571, -0.0424897, 0.0763576, -0.060977, 0.220314, -0.121398, 0.0307112, 0.00372075, 0.0763576, -0.060977, 0.319495, -0.148938, 0.0763576, -0.060977, 0.220314, -0.121398, 0.176254, -0.0873855, 0.220314, -0.121398, 0.0307112, 0.00372075, 0.0184571, -0.0424897, 0.0763576, -0.060977, 0.0224473, -0.00535425, 0.0307112, 0.00372075, 0.220314, -0.121398, 0.0763576, -0.060977, 0.0224473, -0.00535425, 0.0307112, 0.00372075, ],]
##############################################################################
clock_duration  =         1444.27
tau =                     0.983875
total_steps =             32
time_step =               0.0307461
best_mc_result =          0.0116227
best_mc_result_non_secondary =          0.0140635
evolved_target_dot_squared =  0.988377
distance =          0.0557119
j_protocol =  [[0, 1, 1, 1, 1, 1, 1, 1, 1, 1, 1, 1, 1, 1, 1, 0, 1, 1, 1, 1, 1, 1, 1, 0, 0, 0, 0, 1, 0, 1, 1, 1, ],[1, 1, 1, 1, 1, 1, 1, 1, 1, 1, 1, 1, 1, 1, 0, 1, 1, 1, 1, 1, 1, 1, 1, 0, 0, 0, 0, 1, 0, 1, 1, 1, ],]
k_protocol =  [[1, 1, 1, 0, 0, 0, 0, 0, 1, 1, 1, 1, 1, 0, 1, 1, 1, 1, 1, 1, 1, 1, 1, 1, 1, 1, 1, 1, 1, 1, 1, 1, ],[1, 1, 0, 1, 0, 0, 0, 0, 1, 1, 0, 1, 1, 1, 1, 1, 1, 1, 1, 1, 1, 1, 1, 1, 1, 1, 1, 1, 1, 1, 1, 1, ],]
j_protocol_secondary =  [0.00535342, 0.0307461, 0.0307461, 0.38994, 0.38994, 0.493914, 0.493914, 0.690297, 0.839501, 0.861132, 0.882536, 0.955584, 0.955584, 0.983875, ]
k_protocol_secondary =  [0, 0.0230265, 0.0230265, 0.0970415, 0.263949, 0.410274, 0.410274, 0.526978, 0.526978, 0.633215, 0.633215, 0.913526, 0.913526, 0.968036, ]
best_evolved_state = [0.0245469, 0.0113165, 0.0170453, -0.00532366, 0.0245469, 0.0113165, 0.0992905, -0.025932, 0.25176, -0.0339779, 0.0245469, 0.0113165, 0.25176, -0.0339779, 0.185267, -0.0209879, 0.25176, -0.0339779, 0.185267, -0.0209879, 0.0245469, 0.0113165, 0.25176, -0.0339779, 0.0992905, -0.025932, 0.352444, -0.030753, 0.185267, -0.0209879, 0.0170453, -0.00532366, 0.0992905, -0.025932, 0.0169362, -0.0344626, 0.0992905, -0.025932, 0.25176, -0.0339779, 0.0245469, 0.0113165, 0.0992905, -0.025932, 0.352444, -0.030753, 0.0992905, -0.025932, 0.25176, -0.0339779, 0.185267, -0.0209879, 0.25176, -0.0339779, 0.0245469, 0.0113165, 0.0169362, -0.0344626, 0.0992905, -0.025932, 0.0170453, -0.00532366, 0.0245469, 0.0113165, 0.25176, -0.0339779, 0.0992905, -0.025932, 0.0170453, -0.00532366, 0.0245469, 0.0113165, ]
best_mc_result_fixed_tau =   [0.0140635, 0.0143289, ]
evolved_state_fixed_tau =   [[0.0277281, 0.00343167, 0.0198582, -0.00789614, 0.0277281, 0.00343167, 0.0918998, -0.0458877, 0.240237, -0.0763985, 0.0277281, 0.00343167, 0.240237, -0.0763985, 0.182545, -0.0597734, 0.240237, -0.0763985, 0.182545, -0.0597734, 0.0277281, 0.00343167, 0.240237, -0.0763985, 0.0918998, -0.0458877, 0.340296, -0.0902864, 0.182545, -0.0597734, 0.0198582, -0.00789614, 0.0918998, -0.0458877, 0.0152201, -0.0397563, 0.0918998, -0.0458877, 0.240237, -0.0763985, 0.0277281, 0.00343167, 0.0918998, -0.0458877, 0.340296, -0.0902864, 0.0918998, -0.0458877, 0.240237, -0.0763985, 0.182545, -0.0597734, 0.240237, -0.0763985, 0.0277281, 0.00343167, 0.0152201, -0.0397563, 0.0918998, -0.0458877, 0.0198582, -0.00789614, 0.0277281, 0.00343167, 0.240237, -0.0763985, 0.0918998, -0.0458877, 0.0198582, -0.00789614, 0.0277281, 0.00343167, ],[0.0328535, 0.00699882, 0.0149086, 0.000541433, 0.0328535, 0.00699882, 0.0977233, -0.0322636, 0.248661, -0.0403691, 0.0328535, 0.00699882, 0.248661, -0.0403691, 0.190436, -0.0244942, 0.248661, -0.0403691, 0.190436, -0.0244942, 0.0328535, 0.00699882, 0.248661, -0.0403691, 0.0977233, -0.0322636, 0.34976, -0.0366463, 0.190436, -0.0244942, 0.0149086, 0.000541433, 0.0977233, -0.0322636, 0.0191548, -0.0325088, 0.0977233, -0.0322636, 0.248661, -0.0403691, 0.0328535, 0.00699882, 0.0977233, -0.0322636, 0.34976, -0.0366463, 0.0977233, -0.0322636, 0.248661, -0.0403691, 0.190436, -0.0244942, 0.248661, -0.0403691, 0.0328535, 0.00699882, 0.0191548, -0.0325088, 0.0977233, -0.0322636, 0.0149086, 0.000541433, 0.0328535, 0.00699882, 0.248661, -0.0403691, 0.0977233, -0.0322636, 0.0149086, 0.000541433, 0.0328535, 0.00699882, ],]
##############################################################################
clock_duration  =         1939.5
tau =                     1.00847
total_steps =             32
time_step =               0.0338207
best_mc_result =          0.0103284
best_mc_result_non_secondary =          0
evolved_target_dot_squared =  0.989672
distance =          0.0495078
j_protocol =  [[0, 0, 0, 0, 0, 0, 0, 0, 0, 0, 0, 0, 0, 0, 0, 0, 0, 0, 0, 0, 0, 0, 0, 0, 0, 0, 0, 0, 0, 0, 0, 0, ],[0, 0, 0, 0, 0, 0, 0, 0, 0, 0, 0, 0, 0, 0, 0, 0, 0, 0, 0, 0, 0, 0, 0, 0, 0, 0, 0, 0, 0, 0, 0, 0, ],]
k_protocol =  [[0, 0, 0, 0, 0, 0, 0, 0, 0, 0, 0, 0, 0, 0, 0, 0, 0, 0, 0, 0, 0, 0, 0, 0, 0, 0, 0, 0, 0, 0, 0, 0, ],[0, 0, 0, 0, 0, 0, 0, 0, 0, 0, 0, 0, 0, 0, 0, 0, 0, 0, 0, 0, 0, 0, 0, 0, 0, 0, 0, 0, 0, 0, 0, 0, ],]
j_protocol_secondary =  [0.0055077, 0.284371, 0.284371, 0.395222, 0.395222, 0.69577, 0.757204, 0.776565, 0.894427, 0.913202, 0.913202, 0.936674, 0.936674, 1.00847, ]
k_protocol_secondary =  [0, 0.0973897, 0.26951, 0.484096, 0.484096, 0.743793, 0.743793, 0.796355, 0.796355, 0.879956, 0.879956, 0.992327, 1.00847, 1.00847, ]
best_evolved_state = [0.0240768, 0.0115362, 0.0166597, -0.00431279, 0.0240768, 0.0115362, 0.100463, -0.0189144, 0.253968, -0.019523, 0.0240768, 0.0115362, 0.253968, -0.019523, 0.184332, -0.010826, 0.253968, -0.019523, 0.184332, -0.010826, 0.0240768, 0.0115362, 0.253968, -0.019523, 0.100463, -0.0189144, 0.354502, -0.0124879, 0.184332, -0.010826, 0.0166597, -0.00431279, 0.100463, -0.0189144, 0.0147351, -0.0315441, 0.100463, -0.0189144, 0.253968, -0.019523, 0.0240768, 0.0115362, 0.100463, -0.0189144, 0.354502, -0.0124879, 0.100463, -0.0189144, 0.253968, -0.019523, 0.184332, -0.010826, 0.253968, -0.019523, 0.0240768, 0.0115362, 0.0147351, -0.0315441, 0.100463, -0.0189144, 0.0166597, -0.00431279, 0.0240768, 0.0115362, 0.253968, -0.019523, 0.100463, -0.0189144, 0.0166597, -0.00431279, 0.0240768, 0.0115362, ]
best_mc_result_fixed_tau =   [0.00883006, 0.00870621, ]
evolved_state_fixed_tau =   [[0.031912, 0.0123598, 0.0118852, -0.000327674, 0.031912, 0.0123598, 0.092977, -0.0119613, 0.257566, -0.0126874, 0.031912, 0.0123598, 0.257566, -0.0126874, 0.1771, -0.00370455, 0.257566, -0.0126874, 0.1771, -0.00370455, 0.031912, 0.0123598, 0.257566, -0.0126874, 0.092977, -0.0119613, 0.361325, -0.00566608, 0.1771, -0.00370455, 0.0118852, -0.000327674, 0.092977, -0.0119613, 0.0019266, -0.0229749, 0.092977, -0.0119613, 0.257566, -0.0126874, 0.031912, 0.0123598, 0.092977, -0.0119613, 0.361325, -0.00566608, 0.092977, -0.0119613, 0.257566, -0.0126874, 0.1771, -0.00370455, 0.257566, -0.0126874, 0.031912, 0.0123598, 0.0019266, -0.0229749, 0.092977, -0.0119613, 0.0118852, -0.000327674, 0.031912, 0.0123598, 0.257566, -0.0126874, 0.092977, -0.0119613, 0.0118852, -0.000327674, 0.031912, 0.0123598, ],[0.0185251, 0.0132535, 0.0186542, -0.0036942, 0.0185251, 0.0132535, 0.0994444, -0.00766595, 0.256482, -0.00166594, 0.0185251, 0.0132535, 0.256482, -0.00166594, 0.181127, 0.00255385, 0.256482, -0.00166594, 0.181127, 0.00255385, 0.0185251, 0.0132535, 0.256482, -0.00166594, 0.0994444, -0.00766595, 0.357175, 0.00989918, 0.181127, 0.00255385, 0.0186542, -0.0036942, 0.0994444, -0.00766595, 0.0132292, -0.0281586, 0.0994444, -0.00766595, 0.256482, -0.00166594, 0.0185251, 0.0132535, 0.0994444, -0.00766595, 0.357175, 0.00989918, 0.0994444, -0.00766595, 0.256482, -0.00166594, 0.181127, 0.00255385, 0.256482, -0.00166594, 0.0185251, 0.0132535, 0.0132292, -0.0281586, 0.0994444, -0.00766595, 0.0186542, -0.0036942, 0.0185251, 0.0132535, 0.256482, -0.00166594, 0.0994444, -0.00766595, 0.0186542, -0.0036942, 0.0185251, 0.0132535, ],]
##############################################################################
clock_duration  =         2218.09
tau =                     1.01462
total_steps =             32
time_step =               0.0338207
best_mc_result =          0.0100233
best_mc_result_non_secondary =          0
evolved_target_dot_squared =  0.989977
distance =          0.0480453
j_protocol =  [[0, 0, 0, 0, 0, 0, 0, 0, 0, 0, 0, 0, 0, 0, 0, 0, 0, 0, 0, 0, 0, 0, 0, 0, 0, 0, 0, 0, 0, 0, 0, 0, ],[0, 0, 0, 0, 0, 0, 0, 0, 0, 0, 0, 0, 0, 0, 0, 0, 0, 0, 0, 0, 0, 0, 0, 0, 0, 0, 0, 0, 0, 0, 0, 0, ],]
k_protocol =  [[0, 0, 0, 0, 0, 0, 0, 0, 0, 0, 0, 0, 0, 0, 0, 0, 0, 0, 0, 0, 0, 0, 0, 0, 0, 0, 0, 0, 0, 0, 0, 0, ],[0, 0, 0, 0, 0, 0, 0, 0, 0, 0, 0, 0, 0, 0, 0, 0, 0, 0, 0, 0, 0, 0, 0, 0, 0, 0, 0, 0, 0, 0, 0, 0, ],]
j_protocol_secondary =  [0.00546007, 0.286105, 0.286105, 0.397632, 0.397632, 0.702493, 0.763903, 0.780232, 0.899473, 0.91877, 0.91877, 0.942385, 0.942385, 1.01462, ]
k_protocol_secondary =  [0, 0.0977516, 0.271668, 0.487048, 0.487048, 0.748329, 0.748329, 0.801211, 0.801211, 0.885322, 0.885322, 0.998616, 1.01462, 1.01462, ]
best_evolved_state = [0.0237763, 0.0116335, 0.0165193, -0.00414395, 0.0237763, 0.0116335, 0.100999, -0.0167049, 0.2544, -0.0148937, 0.0237763, 0.0116335, 0.2544, -0.0148937, 0.184068, -0.00757617, 0.2544, -0.0148937, 0.184068, -0.00757617, 0.0237763, 0.0116335, 0.2544, -0.0148937, 0.100999, -0.0167049, 0.354778, -0.00653222, 0.184068, -0.00757617, 0.0165193, -0.00414395, 0.100999, -0.0167049, 0.0141899, -0.030734, 0.100999, -0.0167049, 0.2544, -0.0148937, 0.0237763, 0.0116335, 0.100999, -0.0167049, 0.354778, -0.00653222, 0.100999, -0.0167049, 0.2544, -0.0148937, 0.184068, -0.00757617, 0.2544, -0.0148937, 0.0237763, 0.0116335, 0.0141899, -0.030734, 0.100999, -0.0167049, 0.0165193, -0.00414395, 0.0237763, 0.0116335, 0.2544, -0.0148937, 0.100999, -0.0167049, 0.0165193, -0.00414395, 0.0237763, 0.0116335, ]
best_mc_result_fixed_tau =   [0.00883006, 0.00870621, ]
evolved_state_fixed_tau =   [[0.031912, 0.0123598, 0.0118852, -0.000327674, 0.031912, 0.0123598, 0.092977, -0.0119613, 0.257566, -0.0126874, 0.031912, 0.0123598, 0.257566, -0.0126874, 0.1771, -0.00370455, 0.257566, -0.0126874, 0.1771, -0.00370455, 0.031912, 0.0123598, 0.257566, -0.0126874, 0.092977, -0.0119613, 0.361325, -0.00566608, 0.1771, -0.00370455, 0.0118852, -0.000327674, 0.092977, -0.0119613, 0.0019266, -0.0229749, 0.092977, -0.0119613, 0.257566, -0.0126874, 0.031912, 0.0123598, 0.092977, -0.0119613, 0.361325, -0.00566608, 0.092977, -0.0119613, 0.257566, -0.0126874, 0.1771, -0.00370455, 0.257566, -0.0126874, 0.031912, 0.0123598, 0.0019266, -0.0229749, 0.092977, -0.0119613, 0.0118852, -0.000327674, 0.031912, 0.0123598, 0.257566, -0.0126874, 0.092977, -0.0119613, 0.0118852, -0.000327674, 0.031912, 0.0123598, ],[0.0185251, 0.0132535, 0.0186542, -0.0036942, 0.0185251, 0.0132535, 0.0994444, -0.00766595, 0.256482, -0.00166594, 0.0185251, 0.0132535, 0.256482, -0.00166594, 0.181127, 0.00255385, 0.256482, -0.00166594, 0.181127, 0.00255385, 0.0185251, 0.0132535, 0.256482, -0.00166594, 0.0994444, -0.00766595, 0.357175, 0.00989918, 0.181127, 0.00255385, 0.0186542, -0.0036942, 0.0994444, -0.00766595, 0.0132292, -0.0281586, 0.0994444, -0.00766595, 0.256482, -0.00166594, 0.0185251, 0.0132535, 0.0994444, -0.00766595, 0.357175, 0.00989918, 0.0994444, -0.00766595, 0.256482, -0.00166594, 0.181127, 0.00255385, 0.256482, -0.00166594, 0.0185251, 0.0132535, 0.0132292, -0.0281586, 0.0994444, -0.00766595, 0.0186542, -0.0036942, 0.0185251, 0.0132535, 0.256482, -0.00166594, 0.0994444, -0.00766595, 0.0186542, -0.0036942, 0.0185251, 0.0132535, ],]
