START_PARAMETERS
MAX_STEPS_MCDB =               32
MIN_STEPS_MCDB =               4
STEPS_CRUNCH_MCDB =            1
SWEEPS_MCDB =                  100
TOTAL_STEP_CHANGES =                  6
MCBB_SECONDARY =                  1
SWEEPS_MCBB_SECONDARY =                  200
NUMBER_OF_BANGS =                  6
GROUND_E =                -0.686521
INITIAL_E =               -0.604594
j_initial =               0.674
k_initial =               0.5
b_initial =               0
j_target =                0.243
k_target =                0.5
b_target =                0
init_target_dot_squared = 0.964492
init_state = [0.0606364, 0, 0.0644083, 0, 0.0606364, 0, 0.161599, 0, 0.221999, 0, 0.0606364, 0, 0.221999, 0, 0.21438, 0, 0.221999, 0, 0.21438, 0, 0.0606364, 0, 0.221999, 0, 0.161599, 0, 0.273335, 0, 0.21438, 0, 0.0644083, 0, 0.161599, 0, 0.0936694, 0, 0.161599, 0, 0.221999, 0, 0.0606364, 0, 0.161599, 0, 0.273335, 0, 0.161599, 0, 0.221999, 0, 0.21438, 0, 0.221999, 0, 0.0606364, 0, 0.0936694, 0, 0.161599, 0, 0.0644083, 0, 0.0606364, 0, 0.221999, 0, 0.161599, 0, 0.0644083, 0, 0.0606364, 0, ]
target_state = [0.0350155, 0, 0.0296673, 0, 0.0350155, 0, 0.12898, 0, 0.250774, 0, 0.0350155, 0, 0.250774, 0, 0.190247, 0, 0.250774, 0, 0.190247, 0, 0.0350155, 0, 0.250774, 0, 0.12898, 0, 0.317294, 0, 0.190247, 0, 0.0296673, 0, 0.12898, 0, 0.0466658, 0, 0.12898, 0, 0.250774, 0, 0.0350155, 0, 0.12898, 0, 0.317294, 0, 0.12898, 0, 0.250774, 0, 0.190247, 0, 0.250774, 0, 0.0350155, 0, 0.0466658, 0, 0.12898, 0, 0.0296673, 0, 0.0350155, 0, 0.250774, 0, 0.12898, 0, 0.0296673, 0, 0.0350155, 0, ]
USE_ENERGY_DISTANCE =     false
PERIODIC =                false
UNIFORM_SITES =           true
DEVICE_DIMENSION =        2
MAX_PARAM =               1
MIN_PARAM =               0
MIN_PARAM =               0
DIAG =                    true
NUM_SEEDS =               2
NUMBER_OF_BANGS =               6
DISTANCE_LIMIT =          0.02
TAU_INIT =                0.5
MAX_TAU =                 5
TAU_SCALAR =              1.2
TAU_SCALAR_TINY =         1.1
TAU_SCALAR_BIG =          1.3
ACCEPTANCE_PROB =         0.85
TEMP_EXP_DECAY =          0.8
MIN_TEMP_FRACTION =       0.01
TEMP_DECAY_ITERATIONS =   21
ZERO_TEMP_ITREATIONS =    25
RANDOM_STATES =           3
END_PARAMETERS
##############################################################################
clock_duration  =         241.352
tau =                     0.125
total_steps =             32
time_step =               0.015625
best_mc_result =          0.0240129
best_mc_result_non_secondary =          0
evolved_target_dot_squared =  0.975987
distance =          0.676278
j_protocol =  [[0, 0, 0, 0, 0, 0, 0, 0, 0, 0, 0, 0, 0, 0, 0, 0, 0, 0, 0, 0, 0, 0, 0, 0, 0, 0, 0, 0, 0, 0, 0, 0, ],[0, 0, 0, 0, 0, 0, 0, 0, 0, 0, 0, 0, 0, 0, 0, 0, 0, 0, 0, 0, 0, 0, 0, 0, 0, 0, 0, 0, 0, 0, 0, 0, ],]
k_protocol =  [[0, 0, 0, 0, 0, 0, 0, 0, 0, 0, 0, 0, 0, 0, 0, 0, 0, 0, 0, 0, 0, 0, 0, 0, 0, 0, 0, 0, 0, 0, 0, 0, ],[0, 0, 0, 0, 0, 0, 0, 0, 0, 0, 0, 0, 0, 0, 0, 0, 0, 0, 0, 0, 0, 0, 0, 0, 0, 0, 0, 0, 0, 0, 0, 0, ],]
j_protocol_secondary =  [0.0334946, 0.0334946, 0.0436492, 0.0720971, 0.0720971, 0.083545, 0.083545, 0.100514, 0.100514, 0.103329, 0.103329, 0.125, ]
k_protocol_secondary =  [0, 0.0299088, 0.0299088, 0.0518078, 0.0518078, 0.0624026, 0.0624026, 0.0701893, 0.0701893, 0.0917203, 0.0917203, 0.098675, ]
best_evolved_state = [0.0495099, 0.00723127, 0.0616463, 0.00945273, 0.0495099, 0.00723127, 0.15249, 0.0392535, 0.21942, 0.0685326, 0.0495099, 0.00723127, 0.21942, 0.0685326, 0.198956, 0.0527391, 0.21942, 0.0685326, 0.198956, 0.0527391, 0.0495099, 0.00723127, 0.21942, 0.0685326, 0.15249, 0.0392535, 0.267971, 0.0854662, 0.198956, 0.0527391, 0.0616463, 0.00945273, 0.15249, 0.0392535, 0.0871302, 0.0151484, 0.15249, 0.0392535, 0.21942, 0.0685326, 0.0495099, 0.00723127, 0.15249, 0.0392535, 0.267971, 0.0854662, 0.15249, 0.0392535, 0.21942, 0.0685326, 0.198956, 0.0527391, 0.21942, 0.0685326, 0.0495099, 0.00723127, 0.0871302, 0.0151484, 0.15249, 0.0392535, 0.0616463, 0.00945273, 0.0495099, 0.00723127, 0.21942, 0.0685326, 0.15249, 0.0392535, 0.0616463, 0.00945273, 0.0495099, 0.00723127, ]
best_mc_result_fixed_tau =   [0.00567311, 0.00567311, ]
evolved_state_fixed_tau =   [[0.00504782, 0.0379442, 0.0238355, 0.020475, 0.00504782, 0.0379442, 0.0637823, 0.127956, 0.0988724, 0.224383, 0.00504782, 0.0379442, 0.0988724, 0.224383, 0.0608462, 0.179593, 0.0988724, 0.224383, 0.0608462, 0.179593, 0.00504782, 0.0379442, 0.0988724, 0.224383, 0.0637823, 0.127956, 0.11263, 0.286757, 0.0608462, 0.179593, 0.0238355, 0.020475, 0.0637823, 0.127956, 0.0333529, 0.0443569, 0.0637823, 0.127956, 0.0988724, 0.224383, 0.00504782, 0.0379442, 0.0637823, 0.127956, 0.11263, 0.286757, 0.0637823, 0.127956, 0.0988724, 0.224383, 0.0608462, 0.179593, 0.0988724, 0.224383, 0.00504782, 0.0379442, 0.0333529, 0.0443569, 0.0637823, 0.127956, 0.0238355, 0.020475, 0.00504782, 0.0379442, 0.0988724, 0.224383, 0.0637823, 0.127956, 0.0238355, 0.020475, 0.00504782, 0.0379442, ],[0.00504782, 0.0379442, 0.0238355, 0.020475, 0.00504782, 0.0379442, 0.0637823, 0.127956, 0.0988724, 0.224383, 0.00504782, 0.0379442, 0.0988724, 0.224383, 0.0608462, 0.179593, 0.0988724, 0.224383, 0.0608462, 0.179593, 0.00504782, 0.0379442, 0.0988724, 0.224383, 0.0637823, 0.127956, 0.11263, 0.286757, 0.0608462, 0.179593, 0.0238355, 0.020475, 0.0637823, 0.127956, 0.0333529, 0.0443569, 0.0637823, 0.127956, 0.0988724, 0.224383, 0.00504782, 0.0379442, 0.0637823, 0.127956, 0.11263, 0.286757, 0.0637823, 0.127956, 0.0988724, 0.224383, 0.0608462, 0.179593, 0.0988724, 0.224383, 0.00504782, 0.0379442, 0.0333529, 0.0443569, 0.0637823, 0.127956, 0.0238355, 0.020475, 0.00504782, 0.0379442, 0.0988724, 0.224383, 0.0637823, 0.127956, 0.0238355, 0.020475, 0.00504782, 0.0379442, ],]
##############################################################################
clock_duration  =         479.107
tau =                     0.140625
total_steps =             32
time_step =               0.015625
best_mc_result =          0.0216092
best_mc_result_non_secondary =          0
evolved_target_dot_squared =  0.978391
distance =          0.60858
j_protocol =  [[0, 0, 0, 0, 0, 0, 0, 0, 0, 0, 0, 0, 0, 0, 0, 0, 0, 0, 0, 0, 0, 0, 0, 0, 0, 0, 0, 0, 0, 0, 0, 0, ],[0, 0, 0, 0, 0, 0, 0, 0, 0, 0, 0, 0, 0, 0, 0, 0, 0, 0, 0, 0, 0, 0, 0, 0, 0, 0, 0, 0, 0, 0, 0, 0, ],]
k_protocol =  [[0, 0, 0, 0, 0, 0, 0, 0, 0, 0, 0, 0, 0, 0, 0, 0, 0, 0, 0, 0, 0, 0, 0, 0, 0, 0, 0, 0, 0, 0, 0, 0, ],[0, 0, 0, 0, 0, 0, 0, 0, 0, 0, 0, 0, 0, 0, 0, 0, 0, 0, 0, 0, 0, 0, 0, 0, 0, 0, 0, 0, 0, 0, 0, 0, ],]
j_protocol_secondary =  [0.0376814, 0.0376814, 0.0496945, 0.0811092, 0.0811092, 0.0939882, 0.0939882, 0.113078, 0.113078, 0.116245, 0.116245, 0.140625, ]
k_protocol_secondary =  [0, 0.0336474, 0.0336474, 0.0582838, 0.0582838, 0.0702029, 0.0702029, 0.078963, 0.078963, 0.103185, 0.103185, 0.111327, ]
best_evolved_state = [0.0466919, 0.00826811, 0.060892, 0.00994091, 0.0466919, 0.00826811, 0.150282, 0.0435354, 0.218872, 0.0758797, 0.0466919, 0.00826811, 0.218872, 0.0758797, 0.195146, 0.0587051, 0.218872, 0.0758797, 0.195146, 0.0587051, 0.0466919, 0.00826811, 0.218872, 0.0758797, 0.150282, 0.0435354, 0.266784, 0.0949644, 0.195146, 0.0587051, 0.060892, 0.00994091, 0.150282, 0.0435354, 0.0854638, 0.0164384, 0.150282, 0.0435354, 0.218872, 0.0758797, 0.0466919, 0.00826811, 0.150282, 0.0435354, 0.266784, 0.0949644, 0.150282, 0.0435354, 0.218872, 0.0758797, 0.195146, 0.0587051, 0.218872, 0.0758797, 0.0466919, 0.00826811, 0.0854638, 0.0164384, 0.150282, 0.0435354, 0.060892, 0.00994091, 0.0466919, 0.00826811, 0.218872, 0.0758797, 0.150282, 0.0435354, 0.060892, 0.00994091, 0.0466919, 0.00826811, ]
best_mc_result_fixed_tau =   [0.00567311, 0.00567311, ]
evolved_state_fixed_tau =   [[0.00504782, 0.0379442, 0.0238355, 0.020475, 0.00504782, 0.0379442, 0.0637823, 0.127956, 0.0988724, 0.224383, 0.00504782, 0.0379442, 0.0988724, 0.224383, 0.0608462, 0.179593, 0.0988724, 0.224383, 0.0608462, 0.179593, 0.00504782, 0.0379442, 0.0988724, 0.224383, 0.0637823, 0.127956, 0.11263, 0.286757, 0.0608462, 0.179593, 0.0238355, 0.020475, 0.0637823, 0.127956, 0.0333529, 0.0443569, 0.0637823, 0.127956, 0.0988724, 0.224383, 0.00504782, 0.0379442, 0.0637823, 0.127956, 0.11263, 0.286757, 0.0637823, 0.127956, 0.0988724, 0.224383, 0.0608462, 0.179593, 0.0988724, 0.224383, 0.00504782, 0.0379442, 0.0333529, 0.0443569, 0.0637823, 0.127956, 0.0238355, 0.020475, 0.00504782, 0.0379442, 0.0988724, 0.224383, 0.0637823, 0.127956, 0.0238355, 0.020475, 0.00504782, 0.0379442, ],[0.00504782, 0.0379442, 0.0238355, 0.020475, 0.00504782, 0.0379442, 0.0637823, 0.127956, 0.0988724, 0.224383, 0.00504782, 0.0379442, 0.0988724, 0.224383, 0.0608462, 0.179593, 0.0988724, 0.224383, 0.0608462, 0.179593, 0.00504782, 0.0379442, 0.0988724, 0.224383, 0.0637823, 0.127956, 0.11263, 0.286757, 0.0608462, 0.179593, 0.0238355, 0.020475, 0.0637823, 0.127956, 0.0333529, 0.0443569, 0.0637823, 0.127956, 0.0988724, 0.224383, 0.00504782, 0.0379442, 0.0637823, 0.127956, 0.11263, 0.286757, 0.0637823, 0.127956, 0.0988724, 0.224383, 0.0608462, 0.179593, 0.0988724, 0.224383, 0.00504782, 0.0379442, 0.0333529, 0.0443569, 0.0637823, 0.127956, 0.0238355, 0.020475, 0.00504782, 0.0379442, 0.0988724, 0.224383, 0.0637823, 0.127956, 0.0238355, 0.020475, 0.00504782, 0.0379442, ],]
##############################################################################
clock_duration  =         558.902
tau =                     0.148438
total_steps =             32
time_step =               0.015625
best_mc_result =          0.0204072
best_mc_result_non_secondary =          0
evolved_target_dot_squared =  0.979593
distance =          0.57473
j_protocol =  [[0, 0, 0, 0, 0, 0, 0, 0, 0, 0, 0, 0, 0, 0, 0, 0, 0, 0, 0, 0, 0, 0, 0, 0, 0, 0, 0, 0, 0, 0, 0, 0, ],[0, 0, 0, 0, 0, 0, 0, 0, 0, 0, 0, 0, 0, 0, 0, 0, 0, 0, 0, 0, 0, 0, 0, 0, 0, 0, 0, 0, 0, 0, 0, 0, ],]
k_protocol =  [[0, 0, 0, 0, 0, 0, 0, 0, 0, 0, 0, 0, 0, 0, 0, 0, 0, 0, 0, 0, 0, 0, 0, 0, 0, 0, 0, 0, 0, 0, 0, 0, ],[0, 0, 0, 0, 0, 0, 0, 0, 0, 0, 0, 0, 0, 0, 0, 0, 0, 0, 0, 0, 0, 0, 0, 0, 0, 0, 0, 0, 0, 0, 0, 0, ],]
j_protocol_secondary =  [0.0397748, 0.0397748, 0.0527862, 0.0856153, 0.0856153, 0.0992097, 0.0992097, 0.11936, 0.11936, 0.122703, 0.122703, 0.148438, ]
k_protocol_secondary =  [0, 0.0355167, 0.0355167, 0.0615217, 0.0615217, 0.0741031, 0.0741031, 0.0833498, 0.0833498, 0.108918, 0.108918, 0.1177, ]
best_evolved_state = [0.0451823, 0.0088088, 0.060477, 0.0101028, 0.0451823, 0.0088088, 0.149115, 0.0456022, 0.218594, 0.079409, 0.0451823, 0.0088088, 0.218594, 0.079409, 0.19312, 0.0616166, 0.218594, 0.079409, 0.19312, 0.0616166, 0.0451823, 0.0088088, 0.218594, 0.079409, 0.149115, 0.0456022, 0.266175, 0.0995754, 0.19312, 0.0616166, 0.060477, 0.0101028, 0.149115, 0.0456022, 0.0845684, 0.0170139, 0.149115, 0.0456022, 0.218594, 0.079409, 0.0451823, 0.0088088, 0.149115, 0.0456022, 0.266175, 0.0995754, 0.149115, 0.0456022, 0.218594, 0.079409, 0.19312, 0.0616166, 0.218594, 0.079409, 0.0451823, 0.0088088, 0.0845684, 0.0170139, 0.149115, 0.0456022, 0.060477, 0.0101028, 0.0451823, 0.0088088, 0.218594, 0.079409, 0.149115, 0.0456022, 0.060477, 0.0101028, 0.0451823, 0.0088088, ]
best_mc_result_fixed_tau =   [0.00567311, 0.00567311, ]
evolved_state_fixed_tau =   [[0.00504782, 0.0379442, 0.0238355, 0.020475, 0.00504782, 0.0379442, 0.0637823, 0.127956, 0.0988724, 0.224383, 0.00504782, 0.0379442, 0.0988724, 0.224383, 0.0608462, 0.179593, 0.0988724, 0.224383, 0.0608462, 0.179593, 0.00504782, 0.0379442, 0.0988724, 0.224383, 0.0637823, 0.127956, 0.11263, 0.286757, 0.0608462, 0.179593, 0.0238355, 0.020475, 0.0637823, 0.127956, 0.0333529, 0.0443569, 0.0637823, 0.127956, 0.0988724, 0.224383, 0.00504782, 0.0379442, 0.0637823, 0.127956, 0.11263, 0.286757, 0.0637823, 0.127956, 0.0988724, 0.224383, 0.0608462, 0.179593, 0.0988724, 0.224383, 0.00504782, 0.0379442, 0.0333529, 0.0443569, 0.0637823, 0.127956, 0.0238355, 0.020475, 0.00504782, 0.0379442, 0.0988724, 0.224383, 0.0637823, 0.127956, 0.0238355, 0.020475, 0.00504782, 0.0379442, ],[0.00504782, 0.0379442, 0.0238355, 0.020475, 0.00504782, 0.0379442, 0.0637823, 0.127956, 0.0988724, 0.224383, 0.00504782, 0.0379442, 0.0988724, 0.224383, 0.0608462, 0.179593, 0.0988724, 0.224383, 0.0608462, 0.179593, 0.00504782, 0.0379442, 0.0988724, 0.224383, 0.0637823, 0.127956, 0.11263, 0.286757, 0.0608462, 0.179593, 0.0238355, 0.020475, 0.0637823, 0.127956, 0.0333529, 0.0443569, 0.0637823, 0.127956, 0.0988724, 0.224383, 0.00504782, 0.0379442, 0.0637823, 0.127956, 0.11263, 0.286757, 0.0637823, 0.127956, 0.0988724, 0.224383, 0.0608462, 0.179593, 0.0988724, 0.224383, 0.00504782, 0.0379442, 0.0333529, 0.0443569, 0.0637823, 0.127956, 0.0238355, 0.020475, 0.00504782, 0.0379442, 0.0988724, 0.224383, 0.0637823, 0.127956, 0.0238355, 0.020475, 0.00504782, 0.0379442, ],]
##############################################################################
clock_duration  =         640.489
tau =                     0.152344
total_steps =             32
time_step =               0.015625
best_mc_result =          0.0198107
best_mc_result_non_secondary =          0
evolved_target_dot_squared =  0.980189
distance =          0.55793
j_protocol =  [[0, 0, 0, 0, 0, 0, 0, 0, 0, 0, 0, 0, 0, 0, 0, 0, 0, 0, 0, 0, 0, 0, 0, 0, 0, 0, 0, 0, 0, 0, 0, 0, ],[0, 0, 0, 0, 0, 0, 0, 0, 0, 0, 0, 0, 0, 0, 0, 0, 0, 0, 0, 0, 0, 0, 0, 0, 0, 0, 0, 0, 0, 0, 0, 0, ],]
k_protocol =  [[0, 0, 0, 0, 0, 0, 0, 0, 0, 0, 0, 0, 0, 0, 0, 0, 0, 0, 0, 0, 0, 0, 0, 0, 0, 0, 0, 0, 0, 0, 0, 0, ],[0, 0, 0, 0, 0, 0, 0, 0, 0, 0, 0, 0, 0, 0, 0, 0, 0, 0, 0, 0, 0, 0, 0, 0, 0, 0, 0, 0, 0, 0, 0, 0, ],]
j_protocol_secondary =  [0.0408215, 0.0408215, 0.0543319, 0.0878683, 0.0878683, 0.10182, 0.10182, 0.122501, 0.122501, 0.125932, 0.125932, 0.152344, ]
k_protocol_secondary =  [0, 0.0364513, 0.0364513, 0.0631407, 0.0631407, 0.0760532, 0.0760532, 0.0855432, 0.0855432, 0.111784, 0.111784, 0.120929, ]
best_evolved_state = [0.0444027, 0.00908533, 0.0602592, 0.0101628, 0.0444027, 0.00908533, 0.148514, 0.0466223, 0.21845, 0.0811513, 0.0444027, 0.00908533, 0.21845, 0.0811513, 0.192075, 0.063062, 0.21845, 0.0811513, 0.192075, 0.063062, 0.0444027, 0.00908533, 0.21845, 0.0811513, 0.148514, 0.0466223, 0.265862, 0.101864, 0.192075, 0.063062, 0.0602592, 0.0101628, 0.148514, 0.0466223, 0.0841047, 0.0172843, 0.148514, 0.0466223, 0.21845, 0.0811513, 0.0444027, 0.00908533, 0.148514, 0.0466223, 0.265862, 0.101864, 0.148514, 0.0466223, 0.21845, 0.0811513, 0.192075, 0.063062, 0.21845, 0.0811513, 0.0444027, 0.00908533, 0.0841047, 0.0172843, 0.148514, 0.0466223, 0.0602592, 0.0101628, 0.0444027, 0.00908533, 0.21845, 0.0811513, 0.148514, 0.0466223, 0.0602592, 0.0101628, 0.0444027, 0.00908533, ]
best_mc_result_fixed_tau =   [0.00567311, 0.00567311, ]
evolved_state_fixed_tau =   [[0.00504782, 0.0379442, 0.0238355, 0.020475, 0.00504782, 0.0379442, 0.0637823, 0.127956, 0.0988724, 0.224383, 0.00504782, 0.0379442, 0.0988724, 0.224383, 0.0608462, 0.179593, 0.0988724, 0.224383, 0.0608462, 0.179593, 0.00504782, 0.0379442, 0.0988724, 0.224383, 0.0637823, 0.127956, 0.11263, 0.286757, 0.0608462, 0.179593, 0.0238355, 0.020475, 0.0637823, 0.127956, 0.0333529, 0.0443569, 0.0637823, 0.127956, 0.0988724, 0.224383, 0.00504782, 0.0379442, 0.0637823, 0.127956, 0.11263, 0.286757, 0.0637823, 0.127956, 0.0988724, 0.224383, 0.0608462, 0.179593, 0.0988724, 0.224383, 0.00504782, 0.0379442, 0.0333529, 0.0443569, 0.0637823, 0.127956, 0.0238355, 0.020475, 0.00504782, 0.0379442, 0.0988724, 0.224383, 0.0637823, 0.127956, 0.0238355, 0.020475, 0.00504782, 0.0379442, ],[0.00504782, 0.0379442, 0.0238355, 0.020475, 0.00504782, 0.0379442, 0.0637823, 0.127956, 0.0988724, 0.224383, 0.00504782, 0.0379442, 0.0988724, 0.224383, 0.0608462, 0.179593, 0.0988724, 0.224383, 0.0608462, 0.179593, 0.00504782, 0.0379442, 0.0988724, 0.224383, 0.0637823, 0.127956, 0.11263, 0.286757, 0.0608462, 0.179593, 0.0238355, 0.020475, 0.0637823, 0.127956, 0.0333529, 0.0443569, 0.0637823, 0.127956, 0.0988724, 0.224383, 0.00504782, 0.0379442, 0.0637823, 0.127956, 0.11263, 0.286757, 0.0637823, 0.127956, 0.0988724, 0.224383, 0.0608462, 0.179593, 0.0988724, 0.224383, 0.00504782, 0.0379442, 0.0333529, 0.0443569, 0.0637823, 0.127956, 0.0238355, 0.020475, 0.00504782, 0.0379442, 0.0988724, 0.224383, 0.0637823, 0.127956, 0.0238355, 0.020475, 0.00504782, 0.0379442, ],]
