START_PARAMETERS
MAX_STEPS_MCDB =               32
MIN_STEPS_MCDB =               4
STEPS_CRUNCH_MCDB =            1
SWEEPS_MCDB =                  100
TOTAL_STEP_CHANGES =                  6
MCBB_SECONDARY =                  1
SWEEPS_MCBB_SECONDARY =                  200
NUMBER_OF_BANGS =                  6
GROUND_E =                -3.53327
INITIAL_E =               -2.11861
j_initial =               0.098
k_initial =               0.5
b_initial =               0
j_target =                0.756
k_target =                0.125
b_target =                0
init_target_dot_squared = 0.742305
init_state = [-0.0176584, 0, -0.0088591, 0, -0.0176584, 0, -0.0797898, 0, -0.279902, 0, -0.0176584, 0, -0.279902, 0, -0.125268, 0, -0.279902, 0, -0.125268, 0, -0.0176584, 0, -0.279902, 0, -0.0797898, 0, -0.357987, 0, -0.125268, 0, -0.0088591, 0, -0.0797898, 0, -0.0145075, 0, -0.0797898, 0, -0.279902, 0, -0.0176584, 0, -0.0797898, 0, -0.357987, 0, -0.0797898, 0, -0.279902, 0, -0.125268, 0, -0.279902, 0, -0.0176584, 0, -0.0145075, 0, -0.0797898, 0, -0.0088591, 0, -0.0176584, 0, -0.279902, 0, -0.0797898, 0, -0.0088591, 0, -0.0176584, 0, ]
target_state = [-0.0889728, 0, -0.0988583, 0, -0.0889728, 0, -0.174733, 0, -0.202618, 0, -0.0889728, 0, -0.202618, 0, -0.209776, 0, -0.202618, 0, -0.209776, 0, -0.0889728, 0, -0.202618, 0, -0.174733, 0, -0.239317, 0, -0.209776, 0, -0.0988583, 0, -0.174733, 0, -0.131008, 0, -0.174733, 0, -0.202618, 0, -0.0889728, 0, -0.174733, 0, -0.239317, 0, -0.174733, 0, -0.202618, 0, -0.209776, 0, -0.202618, 0, -0.0889728, 0, -0.131008, 0, -0.174733, 0, -0.0988583, 0, -0.0889728, 0, -0.202618, 0, -0.174733, 0, -0.0988583, 0, -0.0889728, 0, ]
USE_ENERGY_DISTANCE =     false
PERIODIC =                false
UNIFORM_SITES =           true
DEVICE_DIMENSION =        2
MAX_PARAM =               1
MIN_PARAM =               0
MIN_PARAM =               0
DIAG =                    true
NUM_SEEDS =               2
NUMBER_OF_BANGS =               6
DISTANCE_LIMIT =          0.02
TAU_INIT =                0.5
MAX_TAU =                 5
TAU_SCALAR =              1.2
TAU_SCALAR_TINY =         1.1
TAU_SCALAR_BIG =          1.3
ACCEPTANCE_PROB =         0.85
TEMP_EXP_DECAY =          0.8
MIN_TEMP_FRACTION =       0.01
TEMP_DECAY_ITERATIONS =   21
ZERO_TEMP_ITREATIONS =    25
RANDOM_STATES =           3
END_PARAMETERS
##############################################################################
clock_duration  =         104.079
tau =                     0.5
total_steps =             32
time_step =               0.015625
best_mc_result =          0.0674193
best_mc_result_non_secondary =          0.0677051
evolved_target_dot_squared =  0.932581
distance =          0.261624
j_protocol =  [[1, 1, 1, 1, 1, 1, 1, 1, 0, 0, 0, 0, 0, 0, 0, 0, 1, 1, 1, 1, 1, 1, 1, 1, 1, 1, 1, 1, 1, 1, 1, 0, ],[1, 1, 1, 1, 1, 1, 1, 1, 0, 0, 0, 0, 0, 0, 0, 0, 1, 1, 1, 1, 1, 1, 1, 1, 1, 1, 1, 1, 1, 1, 1, 1, ],]
k_protocol =  [[1, 1, 1, 1, 1, 1, 1, 1, 1, 1, 1, 1, 1, 1, 1, 1, 1, 1, 1, 1, 1, 1, 1, 1, 1, 1, 1, 1, 1, 1, 1, 1, ],[1, 1, 1, 1, 1, 1, 1, 1, 1, 1, 1, 1, 1, 1, 1, 1, 1, 1, 1, 1, 1, 1, 1, 1, 1, 1, 1, 1, 1, 1, 1, 1, ],]
j_protocol_secondary =  [0, 0.0159647, 0.0159647, 0.0261935, 0.0261935, 0.119741, 0.243771, 0.282016, 0.282016, 0.406385, 0.406385, 0.471075, ]
k_protocol_secondary =  [0.0107634, 0.110844, 0.110844, 0.293652, 0.293652, 0.307638, 0.307638, 0.350403, 0.350403, 0.408669, 0.408669, 0.5, ]
best_evolved_state = [-0.0341832, -0.0273358, 0.00558968, -0.0814868, -0.0341832, -0.0273358, -0.0503461, -0.160319, -0.0858296, -0.171769, -0.0341832, -0.0273358, -0.0858296, -0.171769, -0.121417, -0.248927, -0.0858296, -0.171769, -0.121417, -0.248927, -0.0341832, -0.0273358, -0.0858296, -0.171769, -0.0503461, -0.160319, -0.115371, -0.198558, -0.121417, -0.248927, 0.00558968, -0.0814868, -0.0503461, -0.160319, 0.023297, -0.108952, -0.0503461, -0.160319, -0.0858296, -0.171769, -0.0341832, -0.0273358, -0.0503461, -0.160319, -0.115371, -0.198558, -0.0503461, -0.160319, -0.0858296, -0.171769, -0.121417, -0.248927, -0.0858296, -0.171769, -0.0341832, -0.0273358, 0.023297, -0.108952, -0.0503461, -0.160319, 0.00558968, -0.0814868, -0.0341832, -0.0273358, -0.0858296, -0.171769, -0.0503461, -0.160319, 0.00558968, -0.0814868, -0.0341832, -0.0273358, ]
best_mc_result_fixed_tau =   [0.0677051, 0.0680303, ]
evolved_state_fixed_tau =   [[-0.0287976, -0.0292198, 0.00979192, -0.0827633, -0.0287976, -0.0292198, -0.04179, -0.163011, -0.0768126, -0.176018, -0.0287976, -0.0292198, -0.0768126, -0.176018, -0.11058, -0.253932, -0.0768126, -0.176018, -0.11058, -0.253932, -0.0287976, -0.0292198, -0.0768126, -0.176018, -0.04179, -0.163011, -0.103387, -0.20329, -0.11058, -0.253932, 0.00979192, -0.0827633, -0.04179, -0.163011, 0.0306356, -0.110444, -0.04179, -0.163011, -0.0768126, -0.176018, -0.0287976, -0.0292198, -0.04179, -0.163011, -0.103387, -0.20329, -0.04179, -0.163011, -0.0768126, -0.176018, -0.11058, -0.253932, -0.0768126, -0.176018, -0.0287976, -0.0292198, 0.0306356, -0.110444, -0.04179, -0.163011, 0.00979192, -0.0827633, -0.0287976, -0.0292198, -0.0768126, -0.176018, -0.04179, -0.163011, 0.00979192, -0.0827633, -0.0287976, -0.0292198, ],[-0.0287976, -0.0292198, 0.00979192, -0.0827633, -0.0287976, -0.0292198, -0.04179, -0.163011, -0.0768126, -0.176018, -0.0287976, -0.0292198, -0.0768126, -0.176018, -0.11058, -0.253932, -0.0768126, -0.176018, -0.11058, -0.253932, -0.0287976, -0.0292198, -0.0768126, -0.176018, -0.04179, -0.163011, -0.103387, -0.20329, -0.11058, -0.253932, 0.00979192, -0.0827633, -0.04179, -0.163011, 0.0306356, -0.110444, -0.04179, -0.163011, -0.0768126, -0.176018, -0.0287976, -0.0292198, -0.04179, -0.163011, -0.103387, -0.20329, -0.04179, -0.163011, -0.0768126, -0.176018, -0.11058, -0.253932, -0.0768126, -0.176018, -0.0287976, -0.0292198, 0.0306356, -0.110444, -0.04179, -0.163011, 0.00979192, -0.0827633, -0.0287976, -0.0292198, -0.0768126, -0.176018, -0.04179, -0.163011, 0.00979192, -0.0827633, -0.0287976, -0.0292198, ],]
##############################################################################
clock_duration  =         219.756
tau =                     0.6
total_steps =             32
time_step =               0.01875
best_mc_result =          0.0543516
best_mc_result_non_secondary =          0.0554404
evolved_target_dot_squared =  0.945648
distance =          0.210914
j_protocol =  [[1, 0, 1, 1, 1, 1, 1, 0, 0, 0, 0, 0, 0, 1, 0, 0, 0, 1, 1, 1, 1, 1, 1, 1, 1, 1, 1, 1, 1, 1, 1, 0, ],[1, 1, 1, 1, 1, 0, 0, 0, 0, 0, 0, 1, 0, 0, 0, 1, 1, 0, 1, 1, 1, 1, 1, 1, 1, 1, 1, 1, 1, 1, 0, 0, ],]
k_protocol =  [[0, 1, 1, 1, 1, 1, 1, 1, 1, 1, 1, 1, 1, 1, 1, 1, 1, 1, 1, 1, 1, 1, 1, 1, 1, 1, 1, 1, 1, 1, 1, 1, ],[0, 1, 1, 1, 1, 1, 1, 1, 1, 1, 1, 1, 1, 1, 1, 1, 1, 1, 1, 1, 1, 1, 1, 1, 1, 1, 1, 1, 1, 1, 1, 1, ],]
j_protocol_secondary =  [0, 0.113619, 0.151288, 0.151288, 0.216306, 0.221086, 0.290847, 0.329975, 0.329975, 0.363901, 0.363901, 0.575784, ]
k_protocol_secondary =  [0.0114471, 0.018236, 0.018236, 0.121195, 0.121195, 0.158573, 0.158573, 0.493533, 0.493533, 0.496656, 0.496656, 0.6, ]
best_evolved_state = [-0.0098435, -0.0364751, 0.00661593, -0.0785765, -0.0098435, -0.0364751, -0.0278546, -0.167167, -0.0488264, -0.187624, -0.0098435, -0.0364751, -0.0488264, -0.187624, -0.0950195, -0.255596, -0.0488264, -0.187624, -0.0950195, -0.255596, -0.0098435, -0.0364751, -0.0488264, -0.187624, -0.0278546, -0.167167, -0.0623349, -0.221797, -0.0950195, -0.255596, 0.00661593, -0.0785765, -0.0278546, -0.167167, 0.0310855, -0.117741, -0.0278546, -0.167167, -0.0488264, -0.187624, -0.0098435, -0.0364751, -0.0278546, -0.167167, -0.0623349, -0.221797, -0.0278546, -0.167167, -0.0488264, -0.187624, -0.0950195, -0.255596, -0.0488264, -0.187624, -0.0098435, -0.0364751, 0.0310855, -0.117741, -0.0278546, -0.167167, 0.00661593, -0.0785765, -0.0098435, -0.0364751, -0.0488264, -0.187624, -0.0278546, -0.167167, 0.00661593, -0.0785765, -0.0098435, -0.0364751, ]
best_mc_result_fixed_tau =   [0.0569349, 0.0554404, ]
evolved_state_fixed_tau =   [[-0.0117963, -0.0352664, 0.00744352, -0.077616, -0.0117963, -0.0352664, -0.0303616, -0.166374, -0.0583174, -0.185702, -0.0117963, -0.0352664, -0.0583174, -0.185702, -0.0962231, -0.255266, -0.0583174, -0.185702, -0.0962231, -0.255266, -0.0117963, -0.0352664, -0.0583174, -0.185702, -0.0303616, -0.166374, -0.0749957, -0.218892, -0.0962231, -0.255266, 0.00744352, -0.077616, -0.0303616, -0.166374, 0.0316942, -0.113906, -0.0303616, -0.166374, -0.0583174, -0.185702, -0.0117963, -0.0352664, -0.0303616, -0.166374, -0.0749957, -0.218892, -0.0303616, -0.166374, -0.0583174, -0.185702, -0.0962231, -0.255266, -0.0583174, -0.185702, -0.0117963, -0.0352664, 0.0316942, -0.113906, -0.0303616, -0.166374, 0.00744352, -0.077616, -0.0117963, -0.0352664, -0.0583174, -0.185702, -0.0303616, -0.166374, 0.00744352, -0.077616, -0.0117963, -0.0352664, ],[-0.0206116, -0.0362589, 0.00295346, -0.0739118, -0.0206116, -0.0362589, -0.0439413, -0.16313, -0.0755593, -0.179119, -0.0206116, -0.0362589, -0.0755593, -0.179119, -0.111756, -0.249548, -0.0755593, -0.179119, -0.111756, -0.249548, -0.0206116, -0.0362589, -0.0755593, -0.179119, -0.0439413, -0.16313, -0.0978553, -0.212484, -0.111756, -0.249548, 0.00295346, -0.0739118, -0.0439413, -0.16313, 0.0213835, -0.109765, -0.0439413, -0.16313, -0.0755593, -0.179119, -0.0206116, -0.0362589, -0.0439413, -0.16313, -0.0978553, -0.212484, -0.0439413, -0.16313, -0.0755593, -0.179119, -0.111756, -0.249548, -0.0755593, -0.179119, -0.0206116, -0.0362589, 0.0213835, -0.109765, -0.0439413, -0.16313, 0.00295346, -0.0739118, -0.0206116, -0.0362589, -0.0755593, -0.179119, -0.0439413, -0.16313, 0.00295346, -0.0739118, -0.0206116, -0.0362589, ],]
##############################################################################
clock_duration  =         341.019
tau =                     0.78
total_steps =             32
time_step =               0.024375
best_mc_result =          0.0329236
best_mc_result_non_secondary =          0.0339568
evolved_target_dot_squared =  0.967076
distance =          0.127762
j_protocol =  [[1, 1, 1, 1, 1, 0, 0, 0, 0, 0, 0, 1, 0, 0, 0, 1, 1, 1, 0, 1, 1, 1, 1, 1, 1, 1, 1, 1, 1, 1, 1, 1, ],[1, 1, 1, 1, 0, 0, 0, 0, 0, 0, 0, 0, 1, 1, 1, 1, 0, 0, 0, 0, 1, 1, 1, 1, 1, 1, 1, 1, 1, 1, 1, 1, ],]
k_protocol =  [[1, 1, 1, 1, 1, 1, 1, 1, 1, 1, 1, 1, 1, 1, 1, 1, 1, 1, 1, 1, 1, 1, 1, 1, 1, 1, 1, 1, 1, 1, 1, 1, ],[1, 1, 1, 1, 1, 1, 1, 1, 1, 1, 1, 1, 1, 1, 1, 1, 1, 1, 1, 1, 1, 1, 1, 1, 1, 1, 1, 1, 1, 1, 1, 1, ],]
j_protocol_secondary =  [0, 0.116712, 0.2747, 0.2927, 0.328775, 0.337723, 0.381858, 0.439236, 0.462609, 0.486677, 0.486677, 0.758445, ]
k_protocol_secondary =  [0.0119599, 0.182112, 0.182112, 0.285985, 0.285985, 0.383849, 0.383849, 0.641807, 0.641807, 0.669924, 0.669924, 0.78, ]
best_evolved_state = [0.0180646, -0.0653248, 0.0184606, -0.0600003, 0.0180646, -0.0653248, 0.00839867, -0.167064, 0.0133483, -0.198576, 0.0180646, -0.0653248, 0.0133483, -0.198576, -0.0459068, -0.24467, 0.0133483, -0.198576, -0.0459068, -0.24467, 0.0180646, -0.0653248, 0.0133483, -0.198576, 0.00839867, -0.167064, 0.0203813, -0.251109, -0.0459068, -0.24467, 0.0184606, -0.0600003, 0.00839867, -0.167064, 0.0368167, -0.120866, 0.00839867, -0.167064, 0.0133483, -0.198576, 0.0180646, -0.0653248, 0.00839867, -0.167064, 0.0203813, -0.251109, 0.00839867, -0.167064, 0.0133483, -0.198576, -0.0459068, -0.24467, 0.0133483, -0.198576, 0.0180646, -0.0653248, 0.0368167, -0.120866, 0.00839867, -0.167064, 0.0184606, -0.0600003, 0.0180646, -0.0653248, 0.0133483, -0.198576, 0.00839867, -0.167064, 0.0184606, -0.0600003, 0.0180646, -0.0653248, ]
best_mc_result_fixed_tau =   [0.0339568, 0.0364016, ]
evolved_state_fixed_tau =   [[0.0330839, -0.0592971, 0.0261286, -0.0603121, 0.0330839, -0.0592971, 0.0365298, -0.161087, 0.0512004, -0.198486, 0.0330839, -0.0592971, 0.0512004, -0.198486, -0.0141258, -0.235871, 0.0512004, -0.198486, -0.0141258, -0.235871, 0.0330839, -0.0592971, 0.0512004, -0.198486, 0.0365298, -0.161087, 0.0687982, -0.248011, -0.0141258, -0.235871, 0.0261286, -0.0603121, 0.0365298, -0.161087, 0.0524609, -0.122662, 0.0365298, -0.161087, 0.0512004, -0.198486, 0.0330839, -0.0592971, 0.0365298, -0.161087, 0.0687982, -0.248011, 0.0365298, -0.161087, 0.0512004, -0.198486, -0.0141258, -0.235871, 0.0512004, -0.198486, 0.0330839, -0.0592971, 0.0524609, -0.122662, 0.0365298, -0.161087, 0.0261286, -0.0603121, 0.0330839, -0.0592971, 0.0512004, -0.198486, 0.0365298, -0.161087, 0.0261286, -0.0603121, 0.0330839, -0.0592971, ],[0.0330839, -0.0592971, 0.0261286, -0.0603121, 0.0330839, -0.0592971, 0.0365298, -0.161087, 0.0512004, -0.198486, 0.0330839, -0.0592971, 0.0512004, -0.198486, -0.0141258, -0.235871, 0.0512004, -0.198486, -0.0141258, -0.235871, 0.0330839, -0.0592971, 0.0512004, -0.198486, 0.0365298, -0.161087, 0.0687982, -0.248011, -0.0141258, -0.235871, 0.0261286, -0.0603121, 0.0365298, -0.161087, 0.0524609, -0.122662, 0.0365298, -0.161087, 0.0512004, -0.198486, 0.0330839, -0.0592971, 0.0365298, -0.161087, 0.0687982, -0.248011, 0.0365298, -0.161087, 0.0512004, -0.198486, -0.0141258, -0.235871, 0.0512004, -0.198486, 0.0330839, -0.0592971, 0.0524609, -0.122662, 0.0365298, -0.161087, 0.0261286, -0.0603121, 0.0330839, -0.0592971, 0.0512004, -0.198486, 0.0365298, -0.161087, 0.0261286, -0.0603121, 0.0330839, -0.0592971, ],]
##############################################################################
clock_duration  =         449.83
tau =                     0.858
total_steps =             32
time_step =               0.0268125
best_mc_result =          0.0280233
best_mc_result_non_secondary =          0.0288363
evolved_target_dot_squared =  0.971977
distance =          0.108746
j_protocol =  [[1, 1, 1, 1, 0, 0, 0, 0, 0, 0, 0, 0, 1, 1, 1, 1, 0, 0, 0, 0, 1, 1, 1, 1, 1, 1, 1, 1, 1, 1, 1, 0, ],[1, 1, 1, 1, 0, 0, 0, 0, 0, 0, 0, 0, 1, 1, 1, 1, 0, 0, 0, 0, 1, 1, 1, 1, 1, 1, 1, 1, 1, 1, 1, 1, ],]
k_protocol =  [[1, 1, 1, 1, 1, 1, 1, 1, 1, 1, 1, 1, 1, 1, 1, 1, 1, 1, 1, 1, 1, 1, 1, 1, 1, 1, 1, 1, 1, 1, 1, 1, ],[1, 1, 1, 1, 1, 1, 1, 1, 1, 1, 1, 1, 1, 1, 1, 1, 1, 1, 1, 1, 1, 1, 1, 1, 1, 1, 1, 1, 1, 1, 1, 1, ],]
j_protocol_secondary =  [0, 0.0569399, 0.0569399, 0.111528, 0.33312, 0.427885, 0.433316, 0.433316, 0.516743, 0.62056, 0.62056, 0.848607, ]
k_protocol_secondary =  [0, 0, 0.0114162, 0.20127, 0.20127, 0.371439, 0.371439, 0.576303, 0.576303, 0.682076, 0.682076, 0.858, ]
best_evolved_state = [0.0227577, -0.0729626, 0.0325606, -0.0536476, 0.0227577, -0.0729626, 0.0284035, -0.161247, 0.0418176, -0.199987, 0.0227577, -0.0729626, 0.0418176, -0.199987, -0.0155208, -0.234017, 0.0418176, -0.199987, -0.0155208, -0.234017, 0.0227577, -0.0729626, 0.0418176, -0.199987, 0.0284035, -0.161247, 0.0523615, -0.257743, -0.0155208, -0.234017, 0.0325606, -0.0536476, 0.0284035, -0.161247, 0.0443146, -0.115793, 0.0284035, -0.161247, 0.0418176, -0.199987, 0.0227577, -0.0729626, 0.0284035, -0.161247, 0.0523615, -0.257743, 0.0284035, -0.161247, 0.0418176, -0.199987, -0.0155208, -0.234017, 0.0418176, -0.199987, 0.0227577, -0.0729626, 0.0443146, -0.115793, 0.0284035, -0.161247, 0.0325606, -0.0536476, 0.0227577, -0.0729626, 0.0418176, -0.199987, 0.0284035, -0.161247, 0.0325606, -0.0536476, 0.0227577, -0.0729626, ]
best_mc_result_fixed_tau =   [0.0288363, 0.0289027, ]
evolved_state_fixed_tau =   [[0.0146328, -0.0698355, 0.0191904, -0.0544782, 0.0146328, -0.0698355, 0.00703924, -0.164409, 0.0112944, -0.204067, 0.0146328, -0.0698355, 0.0112944, -0.204067, -0.0414456, -0.23685, 0.0112944, -0.204067, -0.0414456, -0.23685, 0.0146328, -0.0698355, 0.0112944, -0.204067, 0.00703924, -0.164409, 0.0159946, -0.260534, -0.0414456, -0.23685, 0.0191904, -0.0544782, 0.00703924, -0.164409, 0.028984, -0.11382, 0.00703924, -0.164409, 0.0112944, -0.204067, 0.0146328, -0.0698355, 0.00703924, -0.164409, 0.0159946, -0.260534, 0.00703924, -0.164409, 0.0112944, -0.204067, -0.0414456, -0.23685, 0.0112944, -0.204067, 0.0146328, -0.0698355, 0.028984, -0.11382, 0.00703924, -0.164409, 0.0191904, -0.0544782, 0.0146328, -0.0698355, 0.0112944, -0.204067, 0.00703924, -0.164409, 0.0191904, -0.0544782, 0.0146328, -0.0698355, ],[0.0146328, -0.0698355, 0.0191904, -0.0544782, 0.0146328, -0.0698355, 0.00703924, -0.164409, 0.0112944, -0.204067, 0.0146328, -0.0698355, 0.0112944, -0.204067, -0.0414456, -0.23685, 0.0112944, -0.204067, -0.0414456, -0.23685, 0.0146328, -0.0698355, 0.0112944, -0.204067, 0.00703924, -0.164409, 0.0159946, -0.260534, -0.0414456, -0.23685, 0.0191904, -0.0544782, 0.00703924, -0.164409, 0.028984, -0.11382, 0.00703924, -0.164409, 0.0112944, -0.204067, 0.0146328, -0.0698355, 0.00703924, -0.164409, 0.0159946, -0.260534, 0.00703924, -0.164409, 0.0112944, -0.204067, -0.0414456, -0.23685, 0.0112944, -0.204067, 0.0146328, -0.0698355, 0.028984, -0.11382, 0.00703924, -0.164409, 0.0191904, -0.0544782, 0.0146328, -0.0698355, 0.0112944, -0.204067, 0.00703924, -0.164409, 0.0191904, -0.0544782, 0.0146328, -0.0698355, ],]
##############################################################################
clock_duration  =         560.609
tau =                     0.9438
total_steps =             32
time_step =               0.0294938
best_mc_result =          0.0240163
best_mc_result_non_secondary =          0.0262655
evolved_target_dot_squared =  0.975984
distance =          0.0931967
j_protocol =  [[1, 1, 1, 1, 0, 0, 0, 0, 0, 0, 0, 0, 1, 1, 1, 1, 0, 0, 0, 0, 1, 1, 1, 1, 1, 1, 1, 1, 1, 1, 1, 1, ],[1, 1, 1, 1, 0, 0, 0, 0, 0, 0, 0, 0, 1, 1, 1, 1, 0, 0, 0, 0, 1, 1, 1, 1, 1, 1, 1, 1, 1, 1, 1, 1, ],]
k_protocol =  [[1, 1, 1, 1, 1, 1, 1, 1, 1, 1, 1, 1, 1, 1, 1, 1, 1, 1, 1, 1, 1, 1, 1, 1, 1, 1, 1, 1, 1, 1, 1, 1, ],[1, 1, 1, 1, 1, 1, 1, 1, 1, 1, 1, 1, 1, 1, 1, 1, 1, 1, 1, 1, 1, 1, 1, 1, 1, 1, 1, 1, 1, 1, 1, 1, ],]
j_protocol_secondary =  [0, 0.0516037, 0.0516037, 0.0779318, 0.0780894, 0.112195, 0.343813, 0.486675, 0.574844, 0.883426, 0.883426, 0.934895, ]
k_protocol_secondary =  [0.00903858, 0.0240238, 0.0240238, 0.128134, 0.128134, 0.400023, 0.400023, 0.609256, 0.609256, 0.791212, 0.846354, 0.9438, ]
best_evolved_state = [0.0491114, -0.0682001, 0.0544431, -0.0462077, 0.0491114, -0.0682001, 0.0813007, -0.141283, 0.105578, -0.179449, 0.0491114, -0.0682001, 0.105578, -0.179449, 0.0504197, -0.208938, 0.105578, -0.179449, 0.0504197, -0.208938, 0.0491114, -0.0682001, 0.105578, -0.179449, 0.0813007, -0.141283, 0.13196, -0.233367, 0.0504197, -0.208938, 0.0544431, -0.0462077, 0.0813007, -0.141283, 0.0745011, -0.10979, 0.0813007, -0.141283, 0.105578, -0.179449, 0.0491114, -0.0682001, 0.0813007, -0.141283, 0.13196, -0.233367, 0.0813007, -0.141283, 0.105578, -0.179449, 0.0504197, -0.208938, 0.105578, -0.179449, 0.0491114, -0.0682001, 0.0745011, -0.10979, 0.0813007, -0.141283, 0.0544431, -0.0462077, 0.0491114, -0.0682001, 0.105578, -0.179449, 0.0813007, -0.141283, 0.0544431, -0.0462077, 0.0491114, -0.0682001, ]
best_mc_result_fixed_tau =   [0.0262655, 0.0262655, ]
evolved_state_fixed_tau =   [[0.0286017, -0.0778715, 0.0456743, -0.04429, 0.0286017, -0.0778715, 0.0519953, -0.150529, 0.0746411, -0.199472, 0.0286017, -0.0778715, 0.0746411, -0.199472, 0.02196, -0.212379, 0.0746411, -0.199472, 0.02196, -0.212379, 0.0286017, -0.0778715, 0.0746411, -0.199472, 0.0519953, -0.150529, 0.0901408, -0.262131, 0.02196, -0.212379, 0.0456743, -0.04429, 0.0519953, -0.150529, 0.0479318, -0.105709, 0.0519953, -0.150529, 0.0746411, -0.199472, 0.0286017, -0.0778715, 0.0519953, -0.150529, 0.0901408, -0.262131, 0.0519953, -0.150529, 0.0746411, -0.199472, 0.02196, -0.212379, 0.0746411, -0.199472, 0.0286017, -0.0778715, 0.0479318, -0.105709, 0.0519953, -0.150529, 0.0456743, -0.04429, 0.0286017, -0.0778715, 0.0746411, -0.199472, 0.0519953, -0.150529, 0.0456743, -0.04429, 0.0286017, -0.0778715, ],[0.0286017, -0.0778715, 0.0456743, -0.04429, 0.0286017, -0.0778715, 0.0519953, -0.150529, 0.0746411, -0.199472, 0.0286017, -0.0778715, 0.0746411, -0.199472, 0.02196, -0.212379, 0.0746411, -0.199472, 0.02196, -0.212379, 0.0286017, -0.0778715, 0.0746411, -0.199472, 0.0519953, -0.150529, 0.0901408, -0.262131, 0.02196, -0.212379, 0.0456743, -0.04429, 0.0519953, -0.150529, 0.0479318, -0.105709, 0.0519953, -0.150529, 0.0746411, -0.199472, 0.0286017, -0.0778715, 0.0519953, -0.150529, 0.0901408, -0.262131, 0.0519953, -0.150529, 0.0746411, -0.199472, 0.02196, -0.212379, 0.0746411, -0.199472, 0.0286017, -0.0778715, 0.0479318, -0.105709, 0.0519953, -0.150529, 0.0456743, -0.04429, 0.0286017, -0.0778715, 0.0746411, -0.199472, 0.0519953, -0.150529, 0.0456743, -0.04429, 0.0286017, -0.0778715, ],]
##############################################################################
clock_duration  =         796.963
tau =                     0.99099
total_steps =             32
time_step =               0.0324431
best_mc_result =          0.0212111
best_mc_result_non_secondary =          0
evolved_target_dot_squared =  0.978789
distance =          0.082311
j_protocol =  [[0, 0, 0, 0, 0, 0, 0, 0, 0, 0, 0, 0, 0, 0, 0, 0, 0, 0, 0, 0, 0, 0, 0, 0, 0, 0, 0, 0, 0, 0, 0, 0, ],[0, 0, 0, 0, 0, 0, 0, 0, 0, 0, 0, 0, 0, 0, 0, 0, 0, 0, 0, 0, 0, 0, 0, 0, 0, 0, 0, 0, 0, 0, 0, 0, ],]
k_protocol =  [[0, 0, 0, 0, 0, 0, 0, 0, 0, 0, 0, 0, 0, 0, 0, 0, 0, 0, 0, 0, 0, 0, 0, 0, 0, 0, 0, 0, 0, 0, 0, 0, ],[0, 0, 0, 0, 0, 0, 0, 0, 0, 0, 0, 0, 0, 0, 0, 0, 0, 0, 0, 0, 0, 0, 0, 0, 0, 0, 0, 0, 0, 0, 0, 0, ],]
j_protocol_secondary =  [0, 0.0848129, 0.090555, 0.1161, 0.197219, 0.199883, 0.347466, 0.499488, 0.572532, 0.627993, 0.63977, 0.980902, ]
k_protocol_secondary =  [0.0103044, 0.398861, 0.398861, 0.44049, 0.44049, 0.810402, 0.853659, 0.853659, 0.888976, 0.888976, 0.897009, 0.99099, ]
best_evolved_state = [0.0640706, -0.0605477, 0.0664814, -0.0380461, 0.0640706, -0.0605477, 0.111718, -0.120526, 0.13913, -0.156997, 0.0640706, -0.0605477, 0.13913, -0.156997, 0.0878435, -0.182839, 0.13913, -0.156997, 0.0878435, -0.182839, 0.0640706, -0.0605477, 0.13913, -0.156997, 0.111718, -0.120526, 0.1739, -0.205521, 0.0878435, -0.182839, 0.0664814, -0.0380461, 0.111718, -0.120526, 0.0914044, -0.10001, 0.111718, -0.120526, 0.13913, -0.156997, 0.0640706, -0.0605477, 0.111718, -0.120526, 0.1739, -0.205521, 0.111718, -0.120526, 0.13913, -0.156997, 0.0878435, -0.182839, 0.13913, -0.156997, 0.0640706, -0.0605477, 0.0914044, -0.10001, 0.111718, -0.120526, 0.0664814, -0.0380461, 0.0640706, -0.0605477, 0.13913, -0.156997, 0.111718, -0.120526, 0.0664814, -0.0380461, 0.0640706, -0.0605477, ]
best_mc_result_fixed_tau =   [0.0251069, 0.0214007, ]
evolved_state_fixed_tau =   [[0.0289056, -0.071662, 0.0463299, -0.0507975, 0.0289056, -0.071662, 0.0545248, -0.15142, 0.0765756, -0.196316, 0.0289056, -0.071662, 0.0765756, -0.196316, 0.021139, -0.219704, 0.0765756, -0.196316, 0.021139, -0.219704, 0.0289056, -0.071662, 0.0765756, -0.196316, 0.0545248, -0.15142, 0.0926134, -0.253336, 0.021139, -0.219704, 0.0463299, -0.0507975, 0.0545248, -0.15142, 0.0556825, -0.110238, 0.0545248, -0.15142, 0.0765756, -0.196316, 0.0289056, -0.071662, 0.0545248, -0.15142, 0.0926134, -0.253336, 0.0545248, -0.15142, 0.0765756, -0.196316, 0.021139, -0.219704, 0.0765756, -0.196316, 0.0289056, -0.071662, 0.0556825, -0.110238, 0.0545248, -0.15142, 0.0463299, -0.0507975, 0.0289056, -0.071662, 0.0765756, -0.196316, 0.0545248, -0.15142, 0.0463299, -0.0507975, 0.0289056, -0.071662, ],[0.0759236, -0.0613938, 0.0614918, -0.0332406, 0.0759236, -0.0613938, 0.123229, -0.116424, 0.147196, -0.14021, 0.0759236, -0.0613938, 0.147196, -0.14021, 0.100045, -0.176687, 0.147196, -0.14021, 0.100045, -0.176687, 0.0759236, -0.0613938, 0.147196, -0.14021, 0.123229, -0.116424, 0.191819, -0.182239, 0.100045, -0.176687, 0.0614918, -0.0332406, 0.123229, -0.116424, 0.0967438, -0.100057, 0.123229, -0.116424, 0.147196, -0.14021, 0.0759236, -0.0613938, 0.123229, -0.116424, 0.191819, -0.182239, 0.123229, -0.116424, 0.147196, -0.14021, 0.100045, -0.176687, 0.147196, -0.14021, 0.0759236, -0.0613938, 0.0967438, -0.100057, 0.123229, -0.116424, 0.0614918, -0.0332406, 0.0759236, -0.0613938, 0.147196, -0.14021, 0.123229, -0.116424, 0.0614918, -0.0332406, 0.0759236, -0.0613938, ],]
##############################################################################
clock_duration  =         1026.97
tau =                     1.00279
total_steps =             32
time_step =               0.0324431
best_mc_result =          0.0204404
best_mc_result_non_secondary =          0
evolved_target_dot_squared =  0.97956
distance =          0.0793201
j_protocol =  [[0, 0, 0, 0, 0, 0, 0, 0, 0, 0, 0, 0, 0, 0, 0, 0, 0, 0, 0, 0, 0, 0, 0, 0, 0, 0, 0, 0, 0, 0, 0, 0, ],[0, 0, 0, 0, 0, 0, 0, 0, 0, 0, 0, 0, 0, 0, 0, 0, 0, 0, 0, 0, 0, 0, 0, 0, 0, 0, 0, 0, 0, 0, 0, 0, ],]
k_protocol =  [[0, 0, 0, 0, 0, 0, 0, 0, 0, 0, 0, 0, 0, 0, 0, 0, 0, 0, 0, 0, 0, 0, 0, 0, 0, 0, 0, 0, 0, 0, 0, 0, ],[0, 0, 0, 0, 0, 0, 0, 0, 0, 0, 0, 0, 0, 0, 0, 0, 0, 0, 0, 0, 0, 0, 0, 0, 0, 0, 0, 0, 0, 0, 0, 0, ],]
j_protocol_secondary =  [0, 0.087212, 0.0888296, 0.111665, 0.199245, 0.201865, 0.347793, 0.505358, 0.577978, 0.635328, 0.645253, 0.992423, ]
k_protocol_secondary =  [0.0105092, 0.40361, 0.40361, 0.445734, 0.445734, 0.814273, 0.863822, 0.863822, 0.899559, 0.899559, 0.908697, 1.00279, ]
best_evolved_state = [0.0677085, -0.0580721, 0.0696625, -0.0354465, 0.0677085, -0.0580721, 0.119543, -0.113678, 0.147513, -0.149538, 0.0677085, -0.0580721, 0.147513, -0.149538, 0.0972498, -0.174199, 0.147513, -0.149538, 0.0972498, -0.174199, 0.0677085, -0.0580721, 0.147513, -0.149538, 0.119543, -0.113678, 0.184307, -0.196436, 0.0972498, -0.174199, 0.0696625, -0.0354465, 0.119543, -0.113678, 0.0954536, -0.0966504, 0.119543, -0.113678, 0.147513, -0.149538, 0.0677085, -0.0580721, 0.119543, -0.113678, 0.184307, -0.196436, 0.119543, -0.113678, 0.147513, -0.149538, 0.0972498, -0.174199, 0.147513, -0.149538, 0.0677085, -0.0580721, 0.0954536, -0.0966504, 0.119543, -0.113678, 0.0696625, -0.0354465, 0.0677085, -0.0580721, 0.147513, -0.149538, 0.119543, -0.113678, 0.0696625, -0.0354465, 0.0677085, -0.0580721, ]
best_mc_result_fixed_tau =   [0.0251069, 0.0214007, ]
evolved_state_fixed_tau =   [[0.0289056, -0.071662, 0.0463299, -0.0507975, 0.0289056, -0.071662, 0.0545248, -0.15142, 0.0765756, -0.196316, 0.0289056, -0.071662, 0.0765756, -0.196316, 0.021139, -0.219704, 0.0765756, -0.196316, 0.021139, -0.219704, 0.0289056, -0.071662, 0.0765756, -0.196316, 0.0545248, -0.15142, 0.0926134, -0.253336, 0.021139, -0.219704, 0.0463299, -0.0507975, 0.0545248, -0.15142, 0.0556825, -0.110238, 0.0545248, -0.15142, 0.0765756, -0.196316, 0.0289056, -0.071662, 0.0545248, -0.15142, 0.0926134, -0.253336, 0.0545248, -0.15142, 0.0765756, -0.196316, 0.021139, -0.219704, 0.0765756, -0.196316, 0.0289056, -0.071662, 0.0556825, -0.110238, 0.0545248, -0.15142, 0.0463299, -0.0507975, 0.0289056, -0.071662, 0.0765756, -0.196316, 0.0545248, -0.15142, 0.0463299, -0.0507975, 0.0289056, -0.071662, ],[0.0759236, -0.0613938, 0.0614918, -0.0332406, 0.0759236, -0.0613938, 0.123229, -0.116424, 0.147196, -0.14021, 0.0759236, -0.0613938, 0.147196, -0.14021, 0.100045, -0.176687, 0.147196, -0.14021, 0.100045, -0.176687, 0.0759236, -0.0613938, 0.147196, -0.14021, 0.123229, -0.116424, 0.191819, -0.182239, 0.100045, -0.176687, 0.0614918, -0.0332406, 0.123229, -0.116424, 0.0967438, -0.100057, 0.123229, -0.116424, 0.147196, -0.14021, 0.0759236, -0.0613938, 0.123229, -0.116424, 0.191819, -0.182239, 0.123229, -0.116424, 0.147196, -0.14021, 0.100045, -0.176687, 0.147196, -0.14021, 0.0759236, -0.0613938, 0.0967438, -0.100057, 0.123229, -0.116424, 0.0614918, -0.0332406, 0.0759236, -0.0613938, 0.147196, -0.14021, 0.123229, -0.116424, 0.0614918, -0.0332406, 0.0759236, -0.0613938, ],]
##############################################################################
clock_duration  =         1137.43
tau =                     1.00869
total_steps =             32
time_step =               0.0324431
best_mc_result =          0.0200545
best_mc_result_non_secondary =          0
evolved_target_dot_squared =  0.979946
distance =          0.0778224
j_protocol =  [[0, 0, 0, 0, 0, 0, 0, 0, 0, 0, 0, 0, 0, 0, 0, 0, 0, 0, 0, 0, 0, 0, 0, 0, 0, 0, 0, 0, 0, 0, 0, 0, ],[0, 0, 0, 0, 0, 0, 0, 0, 0, 0, 0, 0, 0, 0, 0, 0, 0, 0, 0, 0, 0, 0, 0, 0, 0, 0, 0, 0, 0, 0, 0, 0, ],]
k_protocol =  [[0, 0, 0, 0, 0, 0, 0, 0, 0, 0, 0, 0, 0, 0, 0, 0, 0, 0, 0, 0, 0, 0, 0, 0, 0, 0, 0, 0, 0, 0, 0, 0, ],[0, 0, 0, 0, 0, 0, 0, 0, 0, 0, 0, 0, 0, 0, 0, 0, 0, 0, 0, 0, 0, 0, 0, 0, 0, 0, 0, 0, 0, 0, 0, 0, ],]
j_protocol_secondary =  [0, 0.0881806, 0.0889973, 0.110669, 0.200019, 0.202762, 0.349018, 0.507869, 0.580447, 0.638274, 0.648523, 0.998274, ]
k_protocol_secondary =  [0.0104655, 0.405984, 0.405984, 0.448356, 0.448356, 0.818278, 0.868903, 0.868903, 0.904851, 0.904851, 0.914717, 1.00869, ]
best_evolved_state = [0.0684749, -0.0573957, 0.0707724, -0.0345979, 0.0684749, -0.0573957, 0.121766, -0.111539, 0.149829, -0.147468, 0.0684749, -0.0573957, 0.149829, -0.147468, 0.100265, -0.171367, 0.149829, -0.147468, 0.100265, -0.171367, 0.0684749, -0.0573957, 0.149829, -0.147468, 0.121766, -0.111539, 0.186979, -0.194001, 0.100265, -0.171367, 0.0707724, -0.0345979, 0.121766, -0.111539, 0.0963534, -0.0953009, 0.121766, -0.111539, 0.149829, -0.147468, 0.0684749, -0.0573957, 0.121766, -0.111539, 0.186979, -0.194001, 0.121766, -0.111539, 0.149829, -0.147468, 0.100265, -0.171367, 0.149829, -0.147468, 0.0684749, -0.0573957, 0.0963534, -0.0953009, 0.121766, -0.111539, 0.0707724, -0.0345979, 0.0684749, -0.0573957, 0.149829, -0.147468, 0.121766, -0.111539, 0.0707724, -0.0345979, 0.0684749, -0.0573957, ]
best_mc_result_fixed_tau =   [0.0251069, 0.0214007, ]
evolved_state_fixed_tau =   [[0.0289056, -0.071662, 0.0463299, -0.0507975, 0.0289056, -0.071662, 0.0545248, -0.15142, 0.0765756, -0.196316, 0.0289056, -0.071662, 0.0765756, -0.196316, 0.021139, -0.219704, 0.0765756, -0.196316, 0.021139, -0.219704, 0.0289056, -0.071662, 0.0765756, -0.196316, 0.0545248, -0.15142, 0.0926134, -0.253336, 0.021139, -0.219704, 0.0463299, -0.0507975, 0.0545248, -0.15142, 0.0556825, -0.110238, 0.0545248, -0.15142, 0.0765756, -0.196316, 0.0289056, -0.071662, 0.0545248, -0.15142, 0.0926134, -0.253336, 0.0545248, -0.15142, 0.0765756, -0.196316, 0.021139, -0.219704, 0.0765756, -0.196316, 0.0289056, -0.071662, 0.0556825, -0.110238, 0.0545248, -0.15142, 0.0463299, -0.0507975, 0.0289056, -0.071662, 0.0765756, -0.196316, 0.0545248, -0.15142, 0.0463299, -0.0507975, 0.0289056, -0.071662, ],[0.0759236, -0.0613938, 0.0614918, -0.0332406, 0.0759236, -0.0613938, 0.123229, -0.116424, 0.147196, -0.14021, 0.0759236, -0.0613938, 0.147196, -0.14021, 0.100045, -0.176687, 0.147196, -0.14021, 0.100045, -0.176687, 0.0759236, -0.0613938, 0.147196, -0.14021, 0.123229, -0.116424, 0.191819, -0.182239, 0.100045, -0.176687, 0.0614918, -0.0332406, 0.123229, -0.116424, 0.0967438, -0.100057, 0.123229, -0.116424, 0.147196, -0.14021, 0.0759236, -0.0613938, 0.123229, -0.116424, 0.191819, -0.182239, 0.123229, -0.116424, 0.147196, -0.14021, 0.100045, -0.176687, 0.147196, -0.14021, 0.0759236, -0.0613938, 0.0967438, -0.100057, 0.123229, -0.116424, 0.0614918, -0.0332406, 0.0759236, -0.0613938, 0.147196, -0.14021, 0.123229, -0.116424, 0.0614918, -0.0332406, 0.0759236, -0.0613938, ],]
