START_PARAMETERS
MAX_STEPS_MCDB =               32
MIN_STEPS_MCDB =               4
STEPS_CRUNCH_MCDB =            1
SWEEPS_MCDB =                  100
TOTAL_STEP_CHANGES =                  6
MCBB_SECONDARY =                  1
SWEEPS_MCBB_SECONDARY =                  200
NUMBER_OF_BANGS =                  6
GROUND_E =                -2.48205
INITIAL_E =               -0.949256
j_initial =               0.055
k_initial =               0.5
b_initial =               0
j_target =                0.513
k_target =                0.031
b_target =                0
init_target_dot_squared = 0.610135
init_state = [-0.0105279, 0, -0.00325589, 0, -0.0105279, 0, -0.050249, 0, -0.290601, 0, -0.0105279, 0, -0.290601, 0, -0.0801452, 0, -0.290601, 0, -0.0801452, 0, -0.0105279, 0, -0.290601, 0, -0.050249, 0, -0.372511, 0, -0.0801452, 0, -0.00325589, 0, -0.050249, 0, -0.0053838, 0, -0.050249, 0, -0.290601, 0, -0.0105279, 0, -0.050249, 0, -0.372511, 0, -0.050249, 0, -0.290601, 0, -0.0801452, 0, -0.290601, 0, -0.0105279, 0, -0.0053838, 0, -0.050249, 0, -0.00325589, 0, -0.0105279, 0, -0.290601, 0, -0.050249, 0, -0.00325589, 0, -0.0105279, 0, ]
target_state = [-0.0969131, 0, -0.107524, 0, -0.0969131, 0, -0.176199, 0, -0.198255, 0, -0.0969131, 0, -0.198255, 0, -0.206496, 0, -0.198255, 0, -0.206496, 0, -0.0969131, 0, -0.198255, 0, -0.176199, 0, -0.231029, 0, -0.206496, 0, -0.107524, 0, -0.176199, 0, -0.138739, 0, -0.176199, 0, -0.198255, 0, -0.0969131, 0, -0.176199, 0, -0.231029, 0, -0.176199, 0, -0.198255, 0, -0.206496, 0, -0.198255, 0, -0.0969131, 0, -0.138739, 0, -0.176199, 0, -0.107524, 0, -0.0969131, 0, -0.198255, 0, -0.176199, 0, -0.107524, 0, -0.0969131, 0, ]
USE_ENERGY_DISTANCE =     false
PERIODIC =                false
UNIFORM_SITES =           true
DEVICE_DIMENSION =        2
MAX_PARAM =               1
MIN_PARAM =               0
MIN_PARAM =               0
DIAG =                    true
NUM_SEEDS =               2
NUMBER_OF_BANGS =               6
DISTANCE_LIMIT =          0.02
TAU_INIT =                0.4
MAX_TAU =                 5
TAU_SCALAR =              1.2
TAU_SCALAR_TINY =         1.1
TAU_SCALAR_BIG =          1.4
ACCEPTANCE_PROB =         0.85
TEMP_EXP_DECAY =          0.8
MIN_TEMP_FRACTION =       0.01
TEMP_DECAY_ITERATIONS =   21
ZERO_TEMP_ITREATIONS =    15
RANDOM_STATES =           3
END_PARAMETERS
##############################################################################
clock_duration  =         65.4594
tau =                     0.4
total_steps =             32
time_step =               0.0125
best_mc_result =          0.14839
best_mc_result_non_secondary =          0.148459
evolved_target_dot_squared =  0.85161
distance =          0.38062
j_protocol =  [[1, 1, 1, 1, 1, 1, 1, 1, 1, 1, 1, 0, 1, 1, 1, 0, 0, 0, 0, 0, 0, 1, 1, 1, 0, 1, 1, 0, 0, 0, 0, 0, ],[1, 1, 1, 1, 1, 1, 1, 1, 1, 1, 1, 1, 0, 0, 0, 0, 0, 1, 1, 0, 1, 1, 0, 0, 1, 1, 1, 0, 0, 0, 0, 0, ],]
k_protocol =  [[0, 1, 1, 1, 1, 1, 1, 1, 1, 1, 1, 1, 1, 1, 1, 1, 1, 1, 1, 1, 1, 1, 1, 1, 1, 1, 1, 1, 1, 1, 1, 1, ],[0, 1, 1, 1, 1, 1, 1, 1, 1, 1, 1, 1, 1, 1, 1, 1, 1, 1, 1, 1, 1, 1, 1, 1, 1, 1, 1, 1, 1, 1, 1, 1, ],]
j_protocol_secondary =  [0, 0.152077, 0.211118, 0.235485, 0.252994, 0.270853, 0.27252, 0.275765, 0.298222, 0.343367, 0.391938, 0.391938, ]
k_protocol_secondary =  [0.00785173, 0.0847518, 0.0847518, 0.247257, 0.247257, 0.325897, 0.325897, 0.37728, 0.37728, 0.378381, 0.378381, 0.4, ]
best_evolved_state = [-0.0759491, -0.00478377, 0.00646089, -0.0666943, -0.0759491, -0.00478377, -0.0888848, -0.138669, -0.160191, -0.0957827, -0.0759491, -0.00478377, -0.160191, -0.0957827, -0.164205, -0.22406, -0.160191, -0.0957827, -0.164205, -0.22406, -0.0759491, -0.00478377, -0.160191, -0.0957827, -0.0888848, -0.138669, -0.217348, -0.106898, -0.164205, -0.22406, 0.00646089, -0.0666943, -0.0888848, -0.138669, 0.0141224, -0.082433, -0.0888848, -0.138669, -0.160191, -0.0957827, -0.0759491, -0.00478377, -0.0888848, -0.138669, -0.217348, -0.106898, -0.0888848, -0.138669, -0.160191, -0.0957827, -0.164205, -0.22406, -0.160191, -0.0957827, -0.0759491, -0.00478377, 0.0141224, -0.082433, -0.0888848, -0.138669, 0.00646089, -0.0666943, -0.0759491, -0.00478377, -0.160191, -0.0957827, -0.0888848, -0.138669, 0.00646089, -0.0666943, -0.0759491, -0.00478377, ]
best_mc_result_fixed_tau =   [0.148704, 0.148459, ]
evolved_state_fixed_tau =   [[-0.078255, -0.000930817, 0.00460452, -0.0656475, -0.078255, -0.000930817, -0.0922703, -0.135547, -0.162959, -0.0920348, -0.078255, -0.000930817, -0.162959, -0.0920348, -0.168718, -0.218908, -0.162959, -0.0920348, -0.168718, -0.218908, -0.078255, -0.000930817, -0.162959, -0.0920348, -0.0922703, -0.135547, -0.221523, -0.103129, -0.168718, -0.218908, 0.00460452, -0.0656475, -0.0922703, -0.135547, 0.0105123, -0.0812155, -0.0922703, -0.135547, -0.162959, -0.0920348, -0.078255, -0.000930817, -0.0922703, -0.135547, -0.221523, -0.103129, -0.0922703, -0.135547, -0.162959, -0.0920348, -0.168718, -0.218908, -0.162959, -0.0920348, -0.078255, -0.000930817, 0.0105123, -0.0812155, -0.0922703, -0.135547, 0.00460452, -0.0656475, -0.078255, -0.000930817, -0.162959, -0.0920348, -0.0922703, -0.135547, 0.00460452, -0.0656475, -0.078255, -0.000930817, ],[-0.0767338, -0.00318193, 0.00519218, -0.0650252, -0.0767338, -0.00318193, -0.0907257, -0.136148, -0.164027, -0.092915, -0.0767338, -0.00318193, -0.164027, -0.092915, -0.166119, -0.219797, -0.164027, -0.092915, -0.166119, -0.219797, -0.0767338, -0.00318193, -0.164027, -0.092915, -0.0907257, -0.136148, -0.222335, -0.10396, -0.166119, -0.219797, 0.00519218, -0.0650252, -0.0907257, -0.136148, 0.0117384, -0.0805195, -0.0907257, -0.136148, -0.164027, -0.092915, -0.0767338, -0.00318193, -0.0907257, -0.136148, -0.222335, -0.10396, -0.0907257, -0.136148, -0.164027, -0.092915, -0.166119, -0.219797, -0.164027, -0.092915, -0.0767338, -0.00318193, 0.0117384, -0.0805195, -0.0907257, -0.136148, 0.00519218, -0.0650252, -0.0767338, -0.00318193, -0.164027, -0.092915, -0.0907257, -0.136148, 0.00519218, -0.0650252, -0.0767338, -0.00318193, ],]
##############################################################################
clock_duration  =         129.763
tau =                     0.48
total_steps =             32
time_step =               0.015
best_mc_result =          0.131822
best_mc_result_non_secondary =          0.132079
evolved_target_dot_squared =  0.868178
distance =          0.338122
j_protocol =  [[1, 1, 1, 1, 1, 1, 0, 0, 1, 1, 1, 1, 0, 0, 0, 0, 0, 0, 0, 0, 1, 1, 1, 1, 1, 1, 1, 1, 1, 1, 0, 0, ],[1, 1, 1, 1, 1, 1, 1, 1, 0, 0, 0, 0, 0, 0, 0, 1, 1, 0, 1, 1, 1, 0, 1, 1, 1, 1, 0, 1, 1, 1, 0, 0, ],]
k_protocol =  [[1, 1, 1, 1, 1, 1, 1, 1, 1, 1, 1, 1, 1, 1, 1, 1, 1, 1, 1, 1, 1, 1, 1, 1, 1, 1, 1, 1, 1, 1, 1, 1, ],[1, 1, 1, 1, 1, 1, 1, 1, 1, 1, 1, 1, 1, 1, 1, 1, 1, 1, 1, 1, 1, 1, 1, 1, 1, 1, 1, 1, 1, 1, 1, 1, ],]
j_protocol_secondary =  [0, 0.124675, 0.22498, 0.249395, 0.275694, 0.312408, 0.327875, 0.402052, 0.402052, 0.444888, 0.464769, 0.464769, ]
k_protocol_secondary =  [0.0067428, 0.0466463, 0.0466463, 0.0596495, 0.0596495, 0.384062, 0.384062, 0.40124, 0.40124, 0.461953, 0.461953, 0.48, ]
best_evolved_state = [-0.0509099, -0.00816075, 0.00711206, -0.0804575, -0.0509099, -0.00816075, -0.0712165, -0.157355, -0.119341, -0.131877, -0.0509099, -0.00816075, -0.119341, -0.131877, -0.149379, -0.253025, -0.119341, -0.131877, -0.149379, -0.253025, -0.0509099, -0.00816075, -0.119341, -0.131877, -0.0712165, -0.157355, -0.15796, -0.145647, -0.149379, -0.253025, 0.00711206, -0.0804575, -0.0712165, -0.157355, 0.029385, -0.10371, -0.0712165, -0.157355, -0.119341, -0.131877, -0.0509099, -0.00816075, -0.0712165, -0.157355, -0.15796, -0.145647, -0.0712165, -0.157355, -0.119341, -0.131877, -0.149379, -0.253025, -0.119341, -0.131877, -0.0509099, -0.00816075, 0.029385, -0.10371, -0.0712165, -0.157355, 0.00711206, -0.0804575, -0.0509099, -0.00816075, -0.119341, -0.131877, -0.0712165, -0.157355, 0.00711206, -0.0804575, -0.0509099, -0.00816075, ]
best_mc_result_fixed_tau =   [0.13295, 0.132079, ]
evolved_state_fixed_tau =   [[-0.0499899, -0.00705021, 0.00660192, -0.0787926, -0.0499899, -0.00705021, -0.0715479, -0.156259, -0.124041, -0.13104, -0.0499899, -0.00705021, -0.124041, -0.13104, -0.148811, -0.250831, -0.124041, -0.13104, -0.148811, -0.250831, -0.0499899, -0.00705021, -0.124041, -0.13104, -0.0715479, -0.156259, -0.163291, -0.145133, -0.148811, -0.250831, 0.00660192, -0.0787926, -0.0715479, -0.156259, 0.0287136, -0.101256, -0.0715479, -0.156259, -0.124041, -0.13104, -0.0499899, -0.00705021, -0.0715479, -0.156259, -0.163291, -0.145133, -0.0715479, -0.156259, -0.124041, -0.13104, -0.148811, -0.250831, -0.124041, -0.13104, -0.0499899, -0.00705021, 0.0287136, -0.101256, -0.0715479, -0.156259, 0.00660192, -0.0787926, -0.0499899, -0.00705021, -0.124041, -0.13104, -0.0715479, -0.156259, 0.00660192, -0.0787926, -0.0499899, -0.00705021, ],[-0.0530947, -0.00794803, 0.00691769, -0.0796332, -0.0530947, -0.00794803, -0.0727869, -0.15626, -0.121776, -0.130051, -0.0530947, -0.00794803, -0.121776, -0.130051, -0.150893, -0.251263, -0.121776, -0.130051, -0.150893, -0.251263, -0.0530947, -0.00794803, -0.121776, -0.130051, -0.0727869, -0.15626, -0.161795, -0.143555, -0.150893, -0.251263, 0.00691769, -0.0796332, -0.0727869, -0.15626, 0.0279976, -0.102414, -0.0727869, -0.15626, -0.121776, -0.130051, -0.0530947, -0.00794803, -0.0727869, -0.15626, -0.161795, -0.143555, -0.0727869, -0.15626, -0.121776, -0.130051, -0.150893, -0.251263, -0.121776, -0.130051, -0.0530947, -0.00794803, 0.0279976, -0.102414, -0.0727869, -0.15626, 0.00691769, -0.0796332, -0.0530947, -0.00794803, -0.121776, -0.130051, -0.0727869, -0.15626, 0.00691769, -0.0796332, -0.0530947, -0.00794803, ],]
##############################################################################
clock_duration  =         191.237
tau =                     0.672
total_steps =             32
time_step =               0.021
best_mc_result =          0.0927061
best_mc_result_non_secondary =          0.0956097
evolved_target_dot_squared =  0.907294
distance =          0.23779
j_protocol =  [[1, 1, 1, 0, 0, 1, 1, 1, 0, 0, 0, 0, 0, 0, 0, 0, 0, 0, 1, 1, 1, 1, 1, 1, 1, 1, 1, 1, 1, 1, 1, 0, ],[1, 1, 0, 1, 1, 0, 1, 0, 0, 0, 0, 0, 1, 0, 0, 0, 1, 1, 0, 0, 1, 1, 1, 1, 1, 1, 1, 1, 1, 1, 1, 0, ],]
k_protocol =  [[1, 1, 1, 1, 1, 1, 1, 1, 1, 1, 1, 1, 1, 1, 1, 1, 1, 1, 1, 1, 1, 1, 1, 1, 1, 1, 1, 1, 1, 1, 1, 1, ],[1, 1, 1, 1, 1, 1, 1, 1, 1, 1, 1, 1, 1, 1, 1, 1, 1, 1, 1, 1, 1, 1, 1, 1, 1, 1, 1, 1, 1, 1, 1, 1, ],]
j_protocol_secondary =  [0, 0.106052, 0.117562, 0.127179, 0.253241, 0.262028, 0.363022, 0.370793, 0.374254, 0.530242, 0.530242, 0.644301, ]
k_protocol_secondary =  [0.0073302, 0.0613723, 0.0613723, 0.206584, 0.206584, 0.282286, 0.282286, 0.321537, 0.321537, 0.48327, 0.48327, 0.672, ]
best_evolved_state = [0.000322104, -0.0326815, 0.00525982, -0.0766301, 0.000322104, -0.0326815, -0.0413199, -0.170666, -0.0545875, -0.168759, 0.000322104, -0.0326815, -0.0545875, -0.168759, -0.122069, -0.266415, -0.0545875, -0.168759, -0.122069, -0.266415, 0.000322104, -0.0326815, -0.0545875, -0.168759, -0.0413199, -0.170666, -0.061006, -0.201804, -0.122069, -0.266415, 0.00525982, -0.0766301, -0.0413199, -0.170666, 0.0379401, -0.130811, -0.0413199, -0.170666, -0.0545875, -0.168759, 0.000322104, -0.0326815, -0.0413199, -0.170666, -0.061006, -0.201804, -0.0413199, -0.170666, -0.0545875, -0.168759, -0.122069, -0.266415, -0.0545875, -0.168759, 0.000322104, -0.0326815, 0.0379401, -0.130811, -0.0413199, -0.170666, 0.00525982, -0.0766301, 0.000322104, -0.0326815, -0.0545875, -0.168759, -0.0413199, -0.170666, 0.00525982, -0.0766301, 0.000322104, -0.0326815, ]
best_mc_result_fixed_tau =   [0.0956097, 0.0960331, ]
evolved_state_fixed_tau =   [[-0.000575366, -0.0313378, 0.00744169, -0.0763551, -0.000575366, -0.0313378, -0.040229, -0.171098, -0.0585727, -0.167704, -0.000575366, -0.0313378, -0.0585727, -0.167704, -0.118715, -0.268404, -0.0585727, -0.167704, -0.118715, -0.268404, -0.000575366, -0.0313378, -0.0585727, -0.167704, -0.040229, -0.171098, -0.0667301, -0.199371, -0.118715, -0.268404, 0.00744169, -0.0763551, -0.040229, -0.171098, 0.0415541, -0.127709, -0.040229, -0.171098, -0.0585727, -0.167704, -0.000575366, -0.0313378, -0.040229, -0.171098, -0.0667301, -0.199371, -0.040229, -0.171098, -0.0585727, -0.167704, -0.118715, -0.268404, -0.0585727, -0.167704, -0.000575366, -0.0313378, 0.0415541, -0.127709, -0.040229, -0.171098, 0.00744169, -0.0763551, -0.000575366, -0.0313378, -0.0585727, -0.167704, -0.040229, -0.171098, 0.00744169, -0.0763551, -0.000575366, -0.0313378, ],[-0.00505222, -0.0284059, 0.00789669, -0.0798247, -0.00505222, -0.0284059, -0.0391575, -0.170887, -0.0554487, -0.169284, -0.00505222, -0.0284059, -0.0554487, -0.169284, -0.117802, -0.268929, -0.0554487, -0.169284, -0.117802, -0.268929, -0.00505222, -0.0284059, -0.0554487, -0.169284, -0.0391575, -0.170887, -0.0646477, -0.19755, -0.117802, -0.268929, 0.00789669, -0.0798247, -0.0391575, -0.170887, 0.0425013, -0.128532, -0.0391575, -0.170887, -0.0554487, -0.169284, -0.00505222, -0.0284059, -0.0391575, -0.170887, -0.0646477, -0.19755, -0.0391575, -0.170887, -0.0554487, -0.169284, -0.117802, -0.268929, -0.0554487, -0.169284, -0.00505222, -0.0284059, 0.0425013, -0.128532, -0.0391575, -0.170887, 0.00789669, -0.0798247, -0.00505222, -0.0284059, -0.0554487, -0.169284, -0.0391575, -0.170887, 0.00789669, -0.0798247, -0.00505222, -0.0284059, ],]
##############################################################################
clock_duration  =         249.141
tau =                     0.8064
total_steps =             32
time_step =               0.0252
best_mc_result =          0.0651652
best_mc_result_non_secondary =          0.0664172
evolved_target_dot_squared =  0.934835
distance =          0.167148
j_protocol =  [[1, 1, 1, 1, 0, 0, 0, 0, 1, 0, 0, 0, 0, 0, 0, 0, 0, 0, 1, 1, 1, 1, 1, 1, 1, 1, 1, 1, 1, 1, 1, 0, ],[1, 1, 1, 1, 0, 0, 0, 0, 0, 0, 0, 0, 1, 1, 0, 0, 0, 0, 0, 1, 1, 1, 1, 1, 1, 1, 1, 1, 1, 0, 1, 0, ],]
k_protocol =  [[0, 1, 1, 1, 1, 1, 1, 1, 1, 1, 1, 1, 1, 1, 1, 1, 1, 1, 1, 1, 1, 1, 1, 1, 1, 1, 1, 1, 1, 1, 1, 1, ],[1, 1, 1, 1, 1, 1, 1, 1, 1, 1, 1, 1, 1, 1, 1, 1, 1, 1, 1, 1, 1, 1, 1, 1, 1, 1, 1, 1, 1, 1, 1, 1, ],]
j_protocol_secondary =  [0, 0.0329888, 0.0329888, 0.114301, 0.257606, 0.257606, 0.327553, 0.361014, 0.470064, 0.751588, 0.7812, 0.7812, ]
k_protocol_secondary =  [0, 0, 0.00784572, 0.302335, 0.302335, 0.40997, 0.40997, 0.575365, 0.575365, 0.745646, 0.745646, 0.8064, ]
best_evolved_state = [0.00418988, -0.0599587, 0.00216699, -0.0605803, 0.00418988, -0.0599587, -0.0470431, -0.166497, -0.0476979, -0.17504, 0.00418988, -0.0599587, -0.0476979, -0.17504, -0.127851, -0.248525, -0.0476979, -0.17504, -0.127851, -0.248525, 0.00418988, -0.0599587, -0.0476979, -0.17504, -0.0470431, -0.166497, -0.0514643, -0.225293, -0.127851, -0.248525, 0.00216699, -0.0605803, -0.0470431, -0.166497, 0.0145541, -0.130261, -0.0470431, -0.166497, -0.0476979, -0.17504, 0.00418988, -0.0599587, -0.0470431, -0.166497, -0.0514643, -0.225293, -0.0470431, -0.166497, -0.0476979, -0.17504, -0.127851, -0.248525, -0.0476979, -0.17504, 0.00418988, -0.0599587, 0.0145541, -0.130261, -0.0470431, -0.166497, 0.00216699, -0.0605803, 0.00418988, -0.0599587, -0.0476979, -0.17504, -0.0470431, -0.166497, 0.00216699, -0.0605803, 0.00418988, -0.0599587, ]
best_mc_result_fixed_tau =   [0.0672525, 0.0664172, ]
evolved_state_fixed_tau =   [[0.0128751, -0.0655728, 0.018344, -0.0629335, 0.0128751, -0.0655728, -0.0263034, -0.169974, -0.0215614, -0.176973, 0.0128751, -0.0655728, -0.0215614, -0.176973, -0.102478, -0.258664, -0.0215614, -0.176973, -0.102478, -0.258664, 0.0128751, -0.0655728, -0.0215614, -0.176973, -0.0263034, -0.169974, -0.0205132, -0.230391, -0.102478, -0.258664, 0.018344, -0.0629335, -0.0263034, -0.169974, 0.0364199, -0.135755, -0.0263034, -0.169974, -0.0215614, -0.176973, 0.0128751, -0.0655728, -0.0263034, -0.169974, -0.0205132, -0.230391, -0.0263034, -0.169974, -0.0215614, -0.176973, -0.102478, -0.258664, -0.0215614, -0.176973, 0.0128751, -0.0655728, 0.0364199, -0.135755, -0.0263034, -0.169974, 0.018344, -0.0629335, 0.0128751, -0.0655728, -0.0215614, -0.176973, -0.0263034, -0.169974, 0.018344, -0.0629335, 0.0128751, -0.0655728, ],[0.00144195, -0.0550094, 0.00525693, -0.0639239, 0.00144195, -0.0550094, -0.0441011, -0.167163, -0.0468908, -0.176263, 0.00144195, -0.0550094, -0.0468908, -0.176263, -0.123359, -0.252117, -0.0468908, -0.176263, -0.123359, -0.252117, 0.00144195, -0.0550094, -0.0468908, -0.176263, -0.0441011, -0.167163, -0.0522485, -0.222598, -0.123359, -0.252117, 0.00525693, -0.0639239, -0.0441011, -0.167163, 0.020488, -0.129524, -0.0441011, -0.167163, -0.0468908, -0.176263, 0.00144195, -0.0550094, -0.0441011, -0.167163, -0.0522485, -0.222598, -0.0441011, -0.167163, -0.0468908, -0.176263, -0.123359, -0.252117, -0.0468908, -0.176263, 0.00144195, -0.0550094, 0.020488, -0.129524, -0.0441011, -0.167163, 0.00525693, -0.0639239, 0.00144195, -0.0550094, -0.0468908, -0.176263, -0.0441011, -0.167163, 0.00525693, -0.0639239, 0.00144195, -0.0550094, ],]
##############################################################################
clock_duration  =         316.566
tau =                     0.88704
total_steps =             32
time_step =               0.02772
best_mc_result =          0.0521545
best_mc_result_non_secondary =          0.0533321
evolved_target_dot_squared =  0.947845
distance =          0.133776
j_protocol =  [[1, 1, 1, 1, 0, 0, 0, 0, 0, 0, 0, 0, 0, 0, 1, 1, 0, 0, 1, 1, 1, 1, 1, 1, 0, 0, 1, 1, 1, 1, 1, 1, ],[1, 1, 1, 1, 0, 0, 0, 0, 0, 0, 0, 0, 0, 0, 1, 0, 0, 1, 1, 1, 0, 1, 1, 1, 0, 1, 1, 1, 1, 1, 1, 1, ],]
k_protocol =  [[1, 1, 1, 1, 1, 1, 1, 1, 1, 1, 1, 1, 1, 1, 1, 1, 1, 1, 1, 1, 1, 1, 1, 1, 1, 1, 1, 1, 1, 1, 1, 1, ],[1, 1, 1, 1, 1, 1, 1, 1, 1, 1, 1, 1, 1, 1, 1, 1, 1, 1, 1, 1, 1, 1, 1, 1, 1, 1, 1, 1, 1, 1, 1, 1, ],]
j_protocol_secondary =  [0, 0.112827, 0.388487, 0.424544, 0.475664, 0.542786, 0.592091, 0.667855, 0.683821, 0.805346, 0.805346, 0.869346, ]
k_protocol_secondary =  [0.00783008, 0.132472, 0.132472, 0.179547, 0.179547, 0.424513, 0.424513, 0.615295, 0.615295, 0.716066, 0.716066, 0.88704, ]
best_evolved_state = [0.0116031, -0.0750555, 0.022062, -0.0573483, 0.0116031, -0.0750555, -0.0204999, -0.164355, -0.012113, -0.190214, 0.0116031, -0.0750555, -0.012113, -0.190214, -0.091139, -0.241868, -0.012113, -0.190214, -0.091139, -0.241868, 0.0116031, -0.0750555, -0.012113, -0.190214, -0.0204999, -0.164355, -0.0133154, -0.250973, -0.091139, -0.241868, 0.022062, -0.0573483, -0.0204999, -0.164355, 0.025887, -0.129942, -0.0204999, -0.164355, -0.012113, -0.190214, 0.0116031, -0.0750555, -0.0204999, -0.164355, -0.0133154, -0.250973, -0.0204999, -0.164355, -0.012113, -0.190214, -0.091139, -0.241868, -0.012113, -0.190214, 0.0116031, -0.0750555, 0.025887, -0.129942, -0.0204999, -0.164355, 0.022062, -0.0573483, 0.0116031, -0.0750555, -0.012113, -0.190214, -0.0204999, -0.164355, 0.022062, -0.0573483, 0.0116031, -0.0750555, ]
best_mc_result_fixed_tau =   [0.0569722, 0.0533321, ]
evolved_state_fixed_tau =   [[0.0133847, -0.0617324, 0.022319, -0.0655862, 0.0133847, -0.0617324, -0.007986, -0.161781, 0.0125635, -0.198399, 0.0133847, -0.0617324, 0.0125635, -0.198399, -0.0820151, -0.237713, 0.0125635, -0.198399, -0.0820151, -0.237713, 0.0133847, -0.0617324, 0.0125635, -0.198399, -0.007986, -0.161781, 0.0193545, -0.254379, -0.0820151, -0.237713, 0.022319, -0.0655862, -0.007986, -0.161781, 0.0304049, -0.137614, -0.007986, -0.161781, 0.0125635, -0.198399, 0.0133847, -0.0617324, -0.007986, -0.161781, 0.0193545, -0.254379, -0.007986, -0.161781, 0.0125635, -0.198399, -0.0820151, -0.237713, 0.0125635, -0.198399, 0.0133847, -0.0617324, 0.0304049, -0.137614, -0.007986, -0.161781, 0.022319, -0.0655862, 0.0133847, -0.0617324, 0.0125635, -0.198399, -0.007986, -0.161781, 0.022319, -0.0655862, 0.0133847, -0.0617324, ],[0.0141501, -0.0710744, 0.0323519, -0.0627401, 0.0141501, -0.0710744, -0.00439811, -0.163197, 0.0118406, -0.192508, 0.0141501, -0.0710744, 0.0118406, -0.192508, -0.0738723, -0.244272, 0.0118406, -0.192508, -0.0738723, -0.244272, 0.0141501, -0.0710744, 0.0118406, -0.192508, -0.00439811, -0.163197, 0.014784, -0.25177, -0.0738723, -0.244272, 0.0323519, -0.0627401, -0.00439811, -0.163197, 0.0399079, -0.134786, -0.00439811, -0.163197, 0.0118406, -0.192508, 0.0141501, -0.0710744, -0.00439811, -0.163197, 0.014784, -0.25177, -0.00439811, -0.163197, 0.0118406, -0.192508, -0.0738723, -0.244272, 0.0118406, -0.192508, 0.0141501, -0.0710744, 0.0399079, -0.134786, -0.00439811, -0.163197, 0.0323519, -0.0627401, 0.0141501, -0.0710744, 0.0118406, -0.192508, -0.00439811, -0.163197, 0.0323519, -0.0627401, 0.0141501, -0.0710744, ],]
##############################################################################
clock_duration  =         382.8
tau =                     0.975744
total_steps =             32
time_step =               0.030492
best_mc_result =          0.0435774
best_mc_result_non_secondary =          0.0452019
evolved_target_dot_squared =  0.956423
distance =          0.111776
j_protocol =  [[1, 1, 1, 0, 0, 0, 0, 1, 0, 0, 0, 1, 0, 1, 0, 0, 0, 0, 0, 1, 1, 0, 1, 1, 1, 1, 1, 1, 1, 1, 1, 1, ],[1, 1, 0, 1, 0, 0, 0, 1, 0, 0, 0, 0, 0, 0, 0, 1, 1, 0, 0, 0, 1, 1, 1, 1, 0, 1, 1, 1, 1, 1, 1, 1, ],]
k_protocol =  [[1, 1, 1, 1, 1, 1, 1, 1, 1, 1, 1, 1, 1, 1, 1, 1, 1, 1, 1, 1, 1, 1, 1, 1, 1, 1, 1, 1, 1, 1, 1, 1, ],[1, 1, 1, 1, 1, 1, 1, 1, 1, 1, 1, 1, 1, 1, 1, 1, 1, 1, 1, 1, 1, 1, 1, 1, 1, 1, 1, 1, 1, 1, 1, 1, ],]
j_protocol_secondary =  [0, 0.0759347, 0.0890157, 0.116928, 0.226443, 0.234864, 0.436757, 0.527377, 0.635172, 0.715241, 0.744784, 0.970845, ]
k_protocol_secondary =  [0, 0, 0.00695427, 0.0801299, 0.0801299, 0.521259, 0.521259, 0.570675, 0.570675, 0.779294, 0.779294, 0.975744, ]
best_evolved_state = [0.00787496, -0.0816957, 0.0361874, -0.0563666, 0.00787496, -0.0816957, -0.00417831, -0.1595, 0.00645517, -0.199803, 0.00787496, -0.0816957, 0.00645517, -0.199803, -0.0642, -0.232358, 0.00645517, -0.199803, -0.0642, -0.232358, 0.00787496, -0.0816957, 0.00645517, -0.199803, -0.00417831, -0.1595, 0.00190693, -0.26486, -0.0642, -0.232358, 0.0361874, -0.0563666, -0.00417831, -0.1595, 0.0289723, -0.123215, -0.00417831, -0.1595, 0.00645517, -0.199803, 0.00787496, -0.0816957, -0.00417831, -0.1595, 0.00190693, -0.26486, -0.00417831, -0.1595, 0.00645517, -0.199803, -0.0642, -0.232358, 0.00645517, -0.199803, 0.00787496, -0.0816957, 0.0289723, -0.123215, -0.00417831, -0.1595, 0.0361874, -0.0563666, 0.00787496, -0.0816957, 0.00645517, -0.199803, -0.00417831, -0.1595, 0.0361874, -0.0563666, 0.00787496, -0.0816957, ]
best_mc_result_fixed_tau =   [0.0461762, 0.0452019, ]
evolved_state_fixed_tau =   [[0.0286569, -0.0859548, 0.0397266, -0.0479491, 0.0286569, -0.0859548, 0.0194326, -0.156816, 0.0436343, -0.198692, 0.0286569, -0.0859548, 0.0436343, -0.198692, -0.0368187, -0.22313, 0.0436343, -0.198692, -0.0368187, -0.22313, 0.0286569, -0.0859548, 0.0436343, -0.198692, 0.0194326, -0.156816, 0.0532711, -0.266868, -0.0368187, -0.22313, 0.0397266, -0.0479491, 0.0194326, -0.156816, 0.0362985, -0.127843, 0.0194326, -0.156816, 0.0436343, -0.198692, 0.0286569, -0.0859548, 0.0194326, -0.156816, 0.0532711, -0.266868, 0.0194326, -0.156816, 0.0436343, -0.198692, -0.0368187, -0.22313, 0.0436343, -0.198692, 0.0286569, -0.0859548, 0.0362985, -0.127843, 0.0194326, -0.156816, 0.0397266, -0.0479491, 0.0286569, -0.0859548, 0.0436343, -0.198692, 0.0194326, -0.156816, 0.0397266, -0.0479491, 0.0286569, -0.0859548, ],[0.00932439, -0.0803786, 0.0414541, -0.0585251, 0.00932439, -0.0803786, 0.0028559, -0.159965, 0.0191409, -0.197081, 0.00932439, -0.0803786, 0.0191409, -0.197081, -0.0572143, -0.236799, 0.0191409, -0.197081, -0.0572143, -0.236799, 0.00932439, -0.0803786, 0.0191409, -0.197081, 0.0028559, -0.159965, 0.0173238, -0.260255, -0.0572143, -0.236799, 0.0414541, -0.0585251, 0.0028559, -0.159965, 0.0378473, -0.127064, 0.0028559, -0.159965, 0.0191409, -0.197081, 0.00932439, -0.0803786, 0.0028559, -0.159965, 0.0173238, -0.260255, 0.0028559, -0.159965, 0.0191409, -0.197081, -0.0572143, -0.236799, 0.0191409, -0.197081, 0.00932439, -0.0803786, 0.0378473, -0.127064, 0.0028559, -0.159965, 0.0414541, -0.0585251, 0.00932439, -0.0803786, 0.0191409, -0.197081, 0.0028559, -0.159965, 0.0414541, -0.0585251, 0.00932439, -0.0803786, ],]
##############################################################################
clock_duration  =         456.233
tau =                     1.07332
total_steps =             32
time_step =               0.0335412
best_mc_result =          0.0366762
best_mc_result_non_secondary =          0.0397514
evolved_target_dot_squared =  0.963324
distance =          0.0940741
j_protocol =  [[1, 1, 0, 1, 0, 0, 0, 0, 0, 0, 0, 1, 1, 0, 0, 1, 1, 1, 0, 0, 1, 0, 1, 1, 1, 1, 1, 1, 1, 1, 1, 1, ],[1, 1, 0, 0, 1, 1, 0, 0, 0, 0, 0, 0, 0, 1, 1, 0, 0, 1, 0, 0, 1, 1, 1, 1, 1, 1, 1, 1, 1, 1, 1, 1, ],]
k_protocol =  [[1, 1, 1, 1, 1, 1, 1, 1, 1, 1, 1, 1, 1, 1, 1, 1, 1, 1, 1, 1, 1, 1, 1, 1, 1, 1, 0, 0, 0, 1, 1, 1, ],[1, 1, 1, 1, 1, 1, 1, 1, 1, 1, 1, 1, 1, 1, 1, 1, 1, 1, 1, 1, 1, 1, 1, 1, 1, 1, 1, 0, 1, 0, 1, 1, ],]
j_protocol_secondary =  [0, 0.0800219, 0.101442, 0.122403, 0.379107, 0.435867, 0.517272, 0.596748, 0.666388, 0.688262, 0.744614, 1.07007, ]
k_protocol_secondary =  [0.00805817, 0.30668, 0.30668, 0.575129, 0.575129, 0.885819, 0.885819, 0.918757, 0.918757, 0.932207, 0.983457, 1.07332, ]
best_evolved_state = [0.0332066, -0.0797347, 0.0589245, -0.0536409, 0.0332066, -0.0797347, 0.050117, -0.148486, 0.0702998, -0.194732, 0.0332066, -0.0797347, 0.0702998, -0.194732, 0.00508305, -0.219389, 0.0702998, -0.194732, 0.00508305, -0.219389, 0.0332066, -0.0797347, 0.0702998, -0.194732, 0.050117, -0.148486, 0.0798035, -0.258888, 0.00508305, -0.219389, 0.0589245, -0.0536409, 0.050117, -0.148486, 0.0574739, -0.121497, 0.050117, -0.148486, 0.0702998, -0.194732, 0.0332066, -0.0797347, 0.050117, -0.148486, 0.0798035, -0.258888, 0.050117, -0.148486, 0.0702998, -0.194732, 0.00508305, -0.219389, 0.0702998, -0.194732, 0.0332066, -0.0797347, 0.0574739, -0.121497, 0.050117, -0.148486, 0.0589245, -0.0536409, 0.0332066, -0.0797347, 0.0702998, -0.194732, 0.050117, -0.148486, 0.0589245, -0.0536409, 0.0332066, -0.0797347, ]
best_mc_result_fixed_tau =   [0.0397514, 0.0424705, ]
evolved_state_fixed_tau =   [[0.0633823, -0.0627231, 0.067118, -0.0486614, 0.0633823, -0.0627231, 0.0931774, -0.127838, 0.122445, -0.168484, 0.0633823, -0.0627231, 0.122445, -0.168484, 0.0457775, -0.199804, 0.122445, -0.168484, 0.0457775, -0.199804, 0.0633823, -0.0627231, 0.122445, -0.168484, 0.0931774, -0.127838, 0.154169, -0.222712, 0.0457775, -0.199804, 0.067118, -0.0486614, 0.0931774, -0.127838, 0.0880294, -0.12522, 0.0931774, -0.127838, 0.122445, -0.168484, 0.0633823, -0.0627231, 0.0931774, -0.127838, 0.154169, -0.222712, 0.0931774, -0.127838, 0.122445, -0.168484, 0.0457775, -0.199804, 0.122445, -0.168484, 0.0633823, -0.0627231, 0.0880294, -0.12522, 0.0931774, -0.127838, 0.067118, -0.0486614, 0.0633823, -0.0627231, 0.122445, -0.168484, 0.0931774, -0.127838, 0.067118, -0.0486614, 0.0633823, -0.0627231, ],[0.0542692, -0.0848968, 0.0765196, -0.0366674, 0.0542692, -0.0848968, 0.0817695, -0.130239, 0.118488, -0.17225, 0.0542692, -0.0848968, 0.118488, -0.17225, 0.0418551, -0.192573, 0.118488, -0.17225, 0.0418551, -0.192573, 0.0542692, -0.0848968, 0.118488, -0.17225, 0.0817695, -0.130239, 0.139019, -0.242686, 0.0418551, -0.192573, 0.0765196, -0.0366674, 0.0817695, -0.130239, 0.0737071, -0.119296, 0.0817695, -0.130239, 0.118488, -0.17225, 0.0542692, -0.0848968, 0.0817695, -0.130239, 0.139019, -0.242686, 0.0817695, -0.130239, 0.118488, -0.17225, 0.0418551, -0.192573, 0.118488, -0.17225, 0.0542692, -0.0848968, 0.0737071, -0.119296, 0.0817695, -0.130239, 0.0765196, -0.0366674, 0.0542692, -0.0848968, 0.118488, -0.17225, 0.0817695, -0.130239, 0.0765196, -0.0366674, 0.0542692, -0.0848968, ],]
##############################################################################
clock_duration  =         526.278
tau =                     1.18065
total_steps =             32
time_step =               0.0368953
best_mc_result =          0.0258193
best_mc_result_non_secondary =          0.0298432
evolved_target_dot_squared =  0.974181
distance =          0.0662263
j_protocol =  [[1, 0, 1, 1, 0, 0, 0, 0, 0, 0, 0, 0, 1, 1, 1, 0, 0, 0, 1, 1, 0, 1, 1, 1, 1, 1, 1, 1, 1, 1, 1, 1, ],[1, 1, 0, 0, 0, 0, 1, 1, 0, 0, 0, 0, 0, 0, 1, 1, 1, 1, 0, 0, 1, 1, 1, 1, 1, 1, 1, 1, 1, 1, 1, 1, ],]
k_protocol =  [[1, 1, 1, 1, 1, 1, 1, 1, 1, 1, 1, 1, 1, 1, 1, 1, 1, 1, 1, 1, 1, 1, 1, 1, 1, 1, 1, 0, 0, 0, 1, 1, ],[1, 1, 1, 1, 1, 1, 1, 1, 1, 1, 1, 1, 1, 1, 1, 1, 1, 1, 1, 1, 1, 1, 1, 1, 1, 1, 0, 0, 0, 0, 1, 1, ],]
j_protocol_secondary =  [0, 0.0744252, 0.0744252, 0.107619, 0.147581, 0.147581, 0.433242, 0.575125, 0.653422, 0.70296, 0.760425, 1.17611, ]
k_protocol_secondary =  [0.00672109, 0.347854, 0.347854, 0.741211, 0.741211, 0.849177, 0.849177, 0.944707, 1.07376, 1.07376, 1.08568, 1.18065, ]
best_evolved_state = [0.0765185, -0.0574908, 0.0917087, -0.0318925, 0.0765185, -0.0574908, 0.137948, -0.0909074, 0.160861, -0.134666, 0.0765185, -0.0574908, 0.160861, -0.134666, 0.108454, -0.148381, 0.160861, -0.134666, 0.108454, -0.148381, 0.0765185, -0.0574908, 0.160861, -0.134666, 0.137948, -0.0909074, 0.192914, -0.188442, 0.108454, -0.148381, 0.0917087, -0.0318925, 0.137948, -0.0909074, 0.0994129, -0.095478, 0.137948, -0.0909074, 0.160861, -0.134666, 0.0765185, -0.0574908, 0.137948, -0.0909074, 0.192914, -0.188442, 0.137948, -0.0909074, 0.160861, -0.134666, 0.108454, -0.148381, 0.160861, -0.134666, 0.0765185, -0.0574908, 0.0994129, -0.095478, 0.137948, -0.0909074, 0.0917087, -0.0318925, 0.0765185, -0.0574908, 0.160861, -0.134666, 0.137948, -0.0909074, 0.0917087, -0.0318925, 0.0765185, -0.0574908, ]
best_mc_result_fixed_tau =   [0.0298432, 0.0305689, ]
evolved_state_fixed_tau =   [[0.0667901, -0.0577779, 0.0910497, -0.0372174, 0.0667901, -0.0577779, 0.127053, -0.0973719, 0.155651, -0.149267, 0.0667901, -0.0577779, 0.155651, -0.149267, 0.0972553, -0.156054, 0.155651, -0.149267, 0.0972553, -0.156054, 0.0667901, -0.0577779, 0.155651, -0.149267, 0.127053, -0.0973719, 0.181917, -0.203783, 0.0972553, -0.156054, 0.0910497, -0.0372174, 0.127053, -0.0973719, 0.0945225, -0.0987353, 0.127053, -0.0973719, 0.155651, -0.149267, 0.0667901, -0.0577779, 0.127053, -0.0973719, 0.181917, -0.203783, 0.127053, -0.0973719, 0.155651, -0.149267, 0.0972553, -0.156054, 0.155651, -0.149267, 0.0667901, -0.0577779, 0.0945225, -0.0987353, 0.127053, -0.0973719, 0.0910497, -0.0372174, 0.0667901, -0.0577779, 0.155651, -0.149267, 0.127053, -0.0973719, 0.0910497, -0.0372174, 0.0667901, -0.0577779, ],[0.0667901, -0.0577779, 0.0910497, -0.0372174, 0.0667901, -0.0577779, 0.127053, -0.0973719, 0.155651, -0.149267, 0.0667901, -0.0577779, 0.155651, -0.149267, 0.0972553, -0.156054, 0.155651, -0.149267, 0.0972553, -0.156054, 0.0667901, -0.0577779, 0.155651, -0.149267, 0.127053, -0.0973719, 0.181917, -0.203783, 0.0972553, -0.156054, 0.0910497, -0.0372174, 0.127053, -0.0973719, 0.0945225, -0.0987353, 0.127053, -0.0973719, 0.155651, -0.149267, 0.0667901, -0.0577779, 0.127053, -0.0973719, 0.181917, -0.203783, 0.127053, -0.0973719, 0.155651, -0.149267, 0.0972553, -0.156054, 0.155651, -0.149267, 0.0667901, -0.0577779, 0.0945225, -0.0987353, 0.127053, -0.0973719, 0.0910497, -0.0372174, 0.0667901, -0.0577779, 0.155651, -0.149267, 0.127053, -0.0973719, 0.0910497, -0.0372174, 0.0667901, -0.0577779, ],]
##############################################################################
clock_duration  =         661.846
tau =                     1.23968
total_steps =             32
time_step =               0.0405849
best_mc_result =          0.0198807
best_mc_result_non_secondary =          0
evolved_target_dot_squared =  0.980119
distance =          0.0509938
j_protocol =  [[0, 0, 0, 0, 0, 0, 0, 0, 0, 0, 0, 0, 0, 0, 0, 0, 0, 0, 0, 0, 0, 0, 0, 0, 0, 0, 0, 0, 0, 0, 0, 0, ],[0, 0, 0, 0, 0, 0, 0, 0, 0, 0, 0, 0, 0, 0, 0, 0, 0, 0, 0, 0, 0, 0, 0, 0, 0, 0, 0, 0, 0, 0, 0, 0, ],]
k_protocol =  [[0, 0, 0, 0, 0, 0, 0, 0, 0, 0, 0, 0, 0, 0, 0, 0, 0, 0, 0, 0, 0, 0, 0, 0, 0, 0, 0, 0, 0, 0, 0, 0, ],[0, 0, 0, 0, 0, 0, 0, 0, 0, 0, 0, 0, 0, 0, 0, 0, 0, 0, 0, 0, 0, 0, 0, 0, 0, 0, 0, 0, 0, 0, 0, 0, ],]
j_protocol_secondary =  [0, 0.101666, 0.280615, 0.298969, 0.475822, 0.64889, 0.769291, 0.851275, 0.851275, 0.903357, 0.903357, 1.23419, ]
k_protocol_secondary =  [0.00739072, 0.0120534, 0.0120534, 0.319306, 0.319306, 0.457299, 0.457299, 0.6347, 0.6347, 0.974997, 1.13586, 1.23968, ]
best_evolved_state = [0.0836407, -0.0485691, 0.098405, -0.022709, 0.0836407, -0.0485691, 0.159188, -0.0680639, 0.176477, -0.108151, 0.0836407, -0.0485691, 0.176477, -0.108151, 0.137109, -0.118022, 0.176477, -0.108151, 0.137109, -0.118022, 0.0836407, -0.0485691, 0.176477, -0.108151, 0.159188, -0.0680639, 0.211439, -0.154583, 0.137109, -0.118022, 0.098405, -0.022709, 0.159188, -0.0680639, 0.104489, -0.0771358, 0.159188, -0.0680639, 0.176477, -0.108151, 0.0836407, -0.0485691, 0.159188, -0.0680639, 0.211439, -0.154583, 0.159188, -0.0680639, 0.176477, -0.108151, 0.137109, -0.118022, 0.176477, -0.108151, 0.0836407, -0.0485691, 0.104489, -0.0771358, 0.159188, -0.0680639, 0.098405, -0.022709, 0.0836407, -0.0485691, 0.176477, -0.108151, 0.159188, -0.0680639, 0.098405, -0.022709, 0.0836407, -0.0485691, ]
best_mc_result_fixed_tau =   [0.0256624, 0.0256624, ]
evolved_state_fixed_tau =   [[0.0831804, -0.0583053, 0.0929356, -0.0245353, 0.0831804, -0.0583053, 0.144177, -0.0829008, 0.163236, -0.129162, 0.0831804, -0.0583053, 0.163236, -0.129162, 0.119185, -0.133745, 0.163236, -0.129162, 0.119185, -0.133745, 0.0831804, -0.0583053, 0.163236, -0.129162, 0.144177, -0.0829008, 0.200091, -0.183051, 0.119185, -0.133745, 0.0929356, -0.0245353, 0.144177, -0.0829008, 0.0987339, -0.0939001, 0.144177, -0.0829008, 0.163236, -0.129162, 0.0831804, -0.0583053, 0.144177, -0.0829008, 0.200091, -0.183051, 0.144177, -0.0829008, 0.163236, -0.129162, 0.119185, -0.133745, 0.163236, -0.129162, 0.0831804, -0.0583053, 0.0987339, -0.0939001, 0.144177, -0.0829008, 0.0929356, -0.0245353, 0.0831804, -0.0583053, 0.163236, -0.129162, 0.144177, -0.0829008, 0.0929356, -0.0245353, 0.0831804, -0.0583053, ],[0.0831804, -0.0583053, 0.0929356, -0.0245353, 0.0831804, -0.0583053, 0.144177, -0.0829008, 0.163236, -0.129162, 0.0831804, -0.0583053, 0.163236, -0.129162, 0.119185, -0.133745, 0.163236, -0.129162, 0.119185, -0.133745, 0.0831804, -0.0583053, 0.163236, -0.129162, 0.144177, -0.0829008, 0.200091, -0.183051, 0.119185, -0.133745, 0.0929356, -0.0245353, 0.144177, -0.0829008, 0.0987339, -0.0939001, 0.144177, -0.0829008, 0.163236, -0.129162, 0.0831804, -0.0583053, 0.144177, -0.0829008, 0.200091, -0.183051, 0.144177, -0.0829008, 0.163236, -0.129162, 0.119185, -0.133745, 0.163236, -0.129162, 0.0831804, -0.0583053, 0.0987339, -0.0939001, 0.144177, -0.0829008, 0.0929356, -0.0245353, 0.0831804, -0.0583053, 0.163236, -0.129162, 0.144177, -0.0829008, 0.0929356, -0.0245353, 0.0831804, -0.0583053, ],]
