START_PARAMETERS
MAX_STEPS_MCDB =               32
MIN_STEPS_MCDB =               4
STEPS_CRUNCH_MCDB =            1
SWEEPS_MCDB =                  100
TOTAL_STEP_CHANGES =                  6
MCBB_SECONDARY =                  1
SWEEPS_MCBB_SECONDARY =                  200
NUMBER_OF_BANGS =                  6
GROUND_E =                -1.56993
INITIAL_E =               -0.950727
j_initial =               0.073
k_initial =               0.5
b_initial =               0
j_target =                0.443
k_target =                0.5
b_target =                0
init_target_dot_squared = 0.835832
init_state = [-0.0136509, 0, -0.00540796, 0, -0.0136509, 0, -0.0638045, 0, -0.28631, 0, -0.0136509, 0, -0.28631, 0, -0.101158, 0, -0.28631, 0, -0.101158, 0, -0.0136509, 0, -0.28631, 0, -0.0638045, 0, -0.366704, 0, -0.101158, 0, -0.00540796, 0, -0.0638045, 0, -0.0089097, 0, -0.0638045, 0, -0.28631, 0, -0.0136509, 0, -0.0638045, 0, -0.366704, 0, -0.0638045, 0, -0.28631, 0, -0.101158, 0, -0.28631, 0, -0.0136509, 0, -0.0089097, 0, -0.0638045, 0, -0.00540796, 0, -0.0136509, 0, -0.28631, 0, -0.0638045, 0, -0.00540796, 0, -0.0136509, 0, ]
target_state = [-0.0498524, 0, -0.0499777, 0, -0.0498524, 0, -0.151521, 0, -0.232147, 0, -0.0498524, 0, -0.232147, 0, -0.209976, 0, -0.232147, 0, -0.209976, 0, -0.0498524, 0, -0.232147, 0, -0.151521, 0, -0.289524, 0, -0.209976, 0, -0.0499777, 0, -0.151521, 0, -0.0752102, 0, -0.151521, 0, -0.232147, 0, -0.0498524, 0, -0.151521, 0, -0.289524, 0, -0.151521, 0, -0.232147, 0, -0.209976, 0, -0.232147, 0, -0.0498524, 0, -0.0752102, 0, -0.151521, 0, -0.0499777, 0, -0.0498524, 0, -0.232147, 0, -0.151521, 0, -0.0499777, 0, -0.0498524, 0, ]
USE_ENERGY_DISTANCE =     false
PERIODIC =                false
UNIFORM_SITES =           true
DEVICE_DIMENSION =        2
MAX_PARAM =               1
MIN_PARAM =               0
MIN_PARAM =               0
DIAG =                    true
NUM_SEEDS =               2
NUMBER_OF_BANGS =               6
DISTANCE_LIMIT =          0.02
TAU_INIT =                0.5
MAX_TAU =                 5
TAU_SCALAR =              1.2
TAU_SCALAR_TINY =         1.1
TAU_SCALAR_BIG =          1.3
ACCEPTANCE_PROB =         0.85
TEMP_EXP_DECAY =          0.8
MIN_TEMP_FRACTION =       0.01
TEMP_DECAY_ITERATIONS =   21
ZERO_TEMP_ITREATIONS =    25
RANDOM_STATES =           3
END_PARAMETERS
##############################################################################
clock_duration  =         122.065
tau =                     0.5
total_steps =             32
time_step =               0.015625
best_mc_result =          0.0419223
best_mc_result_non_secondary =          0.0428108
evolved_target_dot_squared =  0.958078
distance =          0.255362
j_protocol =  [[1, 1, 1, 1, 1, 1, 0, 0, 0, 0, 0, 0, 1, 1, 0, 0, 1, 1, 0, 0, 0, 0, 1, 1, 0, 0, 0, 0, 0, 0, 0, 0, ],[1, 1, 1, 1, 1, 1, 0, 0, 0, 0, 0, 0, 1, 1, 0, 0, 1, 1, 0, 0, 0, 0, 1, 1, 0, 0, 0, 0, 0, 0, 0, 0, ],]
k_protocol =  [[1, 1, 1, 1, 1, 1, 1, 1, 1, 1, 1, 1, 1, 1, 1, 1, 1, 1, 1, 1, 1, 1, 1, 1, 1, 1, 1, 1, 1, 1, 1, 1, ],[1, 1, 1, 1, 1, 1, 1, 1, 1, 1, 1, 1, 1, 1, 1, 1, 1, 1, 1, 1, 1, 1, 1, 1, 1, 1, 1, 1, 1, 1, 1, 1, ],]
j_protocol_secondary =  [0, 0.0995202, 0.14073, 0.14073, 0.20195, 0.208107, 0.258655, 0.286828, 0.303243, 0.321826, 0.331535, 0.362035, ]
k_protocol_secondary =  [0.007996, 0.0248204, 0.0248204, 0.087778, 0.087778, 0.29687, 0.29687, 0.319995, 0.319995, 0.445761, 0.445761, 0.5, ]
best_evolved_state = [-0.0448021, 0.0245556, -0.0198628, -0.0310004, -0.0448021, 0.0245556, -0.10849, -0.0789704, -0.222321, -0.0823729, -0.0448021, 0.0245556, -0.222321, -0.0823729, -0.181537, -0.121362, -0.222321, -0.0823729, -0.181537, -0.121362, -0.0448021, 0.0245556, -0.222321, -0.0823729, -0.10849, -0.0789704, -0.28793, -0.0974021, -0.181537, -0.121362, -0.0198628, -0.0310004, -0.10849, -0.0789704, -0.0237959, -0.0406033, -0.10849, -0.0789704, -0.222321, -0.0823729, -0.0448021, 0.0245556, -0.10849, -0.0789704, -0.28793, -0.0974021, -0.10849, -0.0789704, -0.222321, -0.0823729, -0.181537, -0.121362, -0.222321, -0.0823729, -0.0448021, 0.0245556, -0.0237959, -0.0406033, -0.10849, -0.0789704, -0.0198628, -0.0310004, -0.0448021, 0.0245556, -0.222321, -0.0823729, -0.10849, -0.0789704, -0.0198628, -0.0310004, -0.0448021, 0.0245556, ]
best_mc_result_fixed_tau =   [0.0428108, 0.0428108, ]
evolved_state_fixed_tau =   [[-0.048087, 0.0271033, -0.0202645, -0.0330414, -0.048087, 0.0271033, -0.10996, -0.0810849, -0.217904, -0.0842544, -0.048087, 0.0271033, -0.217904, -0.0842544, -0.184569, -0.124719, -0.217904, -0.0842544, -0.184569, -0.124719, -0.048087, 0.0271033, -0.217904, -0.0842544, -0.10996, -0.0810849, -0.283416, -0.0991467, -0.184569, -0.124719, -0.0202645, -0.0330414, -0.10996, -0.0810849, -0.0245608, -0.0426809, -0.10996, -0.0810849, -0.217904, -0.0842544, -0.048087, 0.0271033, -0.10996, -0.0810849, -0.283416, -0.0991467, -0.10996, -0.0810849, -0.217904, -0.0842544, -0.184569, -0.124719, -0.217904, -0.0842544, -0.048087, 0.0271033, -0.0245608, -0.0426809, -0.10996, -0.0810849, -0.0202645, -0.0330414, -0.048087, 0.0271033, -0.217904, -0.0842544, -0.10996, -0.0810849, -0.0202645, -0.0330414, -0.048087, 0.0271033, ],[-0.048087, 0.0271033, -0.0202645, -0.0330414, -0.048087, 0.0271033, -0.10996, -0.0810849, -0.217904, -0.0842544, -0.048087, 0.0271033, -0.217904, -0.0842544, -0.184569, -0.124719, -0.217904, -0.0842544, -0.184569, -0.124719, -0.048087, 0.0271033, -0.217904, -0.0842544, -0.10996, -0.0810849, -0.283416, -0.0991467, -0.184569, -0.124719, -0.0202645, -0.0330414, -0.10996, -0.0810849, -0.0245608, -0.0426809, -0.10996, -0.0810849, -0.217904, -0.0842544, -0.048087, 0.0271033, -0.10996, -0.0810849, -0.283416, -0.0991467, -0.10996, -0.0810849, -0.217904, -0.0842544, -0.184569, -0.124719, -0.217904, -0.0842544, -0.048087, 0.0271033, -0.0245608, -0.0426809, -0.10996, -0.0810849, -0.0202645, -0.0330414, -0.048087, 0.0271033, -0.217904, -0.0842544, -0.10996, -0.0810849, -0.0202645, -0.0330414, -0.048087, 0.0271033, ],]
##############################################################################
clock_duration  =         242.778
tau =                     0.6
total_steps =             32
time_step =               0.01875
best_mc_result =          0.0306253
best_mc_result_non_secondary =          0.032244
evolved_target_dot_squared =  0.969375
distance =          0.186548
j_protocol =  [[1, 1, 1, 1, 0, 0, 0, 0, 1, 1, 0, 0, 0, 0, 0, 0, 0, 0, 1, 1, 1, 1, 0, 0, 1, 1, 0, 0, 0, 0, 0, 0, ],[1, 1, 1, 1, 0, 0, 0, 0, 1, 1, 0, 0, 0, 0, 0, 0, 0, 0, 1, 1, 1, 1, 0, 0, 1, 1, 0, 0, 0, 0, 0, 0, ],]
k_protocol =  [[1, 1, 1, 1, 1, 1, 1, 1, 1, 1, 1, 1, 1, 1, 1, 1, 1, 1, 1, 1, 1, 1, 1, 1, 1, 1, 1, 1, 1, 1, 1, 1, ],[1, 1, 1, 1, 1, 1, 1, 1, 1, 1, 1, 1, 1, 1, 1, 1, 1, 1, 1, 1, 1, 1, 1, 1, 1, 1, 1, 1, 1, 1, 1, 1, ],]
j_protocol_secondary =  [0, 0.0185617, 0.0185617, 0.0601147, 0.0601147, 0.0976462, 0.166878, 0.166878, 0.324604, 0.434451, 0.44912, 0.458257, ]
k_protocol_secondary =  [0.00816343, 0.325835, 0.325835, 0.376924, 0.376924, 0.419407, 0.419407, 0.465188, 0.465188, 0.565424, 0.565424, 0.6, ]
best_evolved_state = [-0.0308845, 0.0147904, -0.0248137, -0.0307093, -0.0308845, 0.0147904, -0.110064, -0.087782, -0.21126, -0.10003, -0.0308845, 0.0147904, -0.21126, -0.10003, -0.186053, -0.132665, -0.21126, -0.10003, -0.186053, -0.132665, -0.0308845, 0.0147904, -0.21126, -0.10003, -0.110064, -0.087782, -0.269325, -0.120338, -0.186053, -0.132665, -0.0248137, -0.0307093, -0.110064, -0.087782, -0.0270074, -0.0467796, -0.110064, -0.087782, -0.21126, -0.10003, -0.0308845, 0.0147904, -0.110064, -0.087782, -0.269325, -0.120338, -0.110064, -0.087782, -0.21126, -0.10003, -0.186053, -0.132665, -0.21126, -0.10003, -0.0308845, 0.0147904, -0.0270074, -0.0467796, -0.110064, -0.087782, -0.0248137, -0.0307093, -0.0308845, 0.0147904, -0.21126, -0.10003, -0.110064, -0.087782, -0.0248137, -0.0307093, -0.0308845, 0.0147904, ]
best_mc_result_fixed_tau =   [0.032244, 0.032244, ]
evolved_state_fixed_tau =   [[-0.0321753, 0.0136698, -0.0239758, -0.0341915, -0.0321753, 0.0136698, -0.107124, -0.0938416, -0.206206, -0.106167, -0.0321753, 0.0136698, -0.206206, -0.106167, -0.182464, -0.141952, -0.206206, -0.106167, -0.182464, -0.141952, -0.0321753, 0.0136698, -0.206206, -0.106167, -0.107124, -0.0938416, -0.263287, -0.126328, -0.182464, -0.141952, -0.0239758, -0.0341915, -0.107124, -0.0938416, -0.0244664, -0.0506197, -0.107124, -0.0938416, -0.206206, -0.106167, -0.0321753, 0.0136698, -0.107124, -0.0938416, -0.263287, -0.126328, -0.107124, -0.0938416, -0.206206, -0.106167, -0.182464, -0.141952, -0.206206, -0.106167, -0.0321753, 0.0136698, -0.0244664, -0.0506197, -0.107124, -0.0938416, -0.0239758, -0.0341915, -0.0321753, 0.0136698, -0.206206, -0.106167, -0.107124, -0.0938416, -0.0239758, -0.0341915, -0.0321753, 0.0136698, ],[-0.0321753, 0.0136698, -0.0239758, -0.0341915, -0.0321753, 0.0136698, -0.107124, -0.0938416, -0.206206, -0.106167, -0.0321753, 0.0136698, -0.206206, -0.106167, -0.182464, -0.141952, -0.206206, -0.106167, -0.182464, -0.141952, -0.0321753, 0.0136698, -0.206206, -0.106167, -0.107124, -0.0938416, -0.263287, -0.126328, -0.182464, -0.141952, -0.0239758, -0.0341915, -0.107124, -0.0938416, -0.0244664, -0.0506197, -0.107124, -0.0938416, -0.206206, -0.106167, -0.0321753, 0.0136698, -0.107124, -0.0938416, -0.263287, -0.126328, -0.107124, -0.0938416, -0.206206, -0.106167, -0.182464, -0.141952, -0.206206, -0.106167, -0.0321753, 0.0136698, -0.0244664, -0.0506197, -0.107124, -0.0938416, -0.0239758, -0.0341915, -0.0321753, 0.0136698, -0.206206, -0.106167, -0.107124, -0.0938416, -0.0239758, -0.0341915, -0.0321753, 0.0136698, ],]
##############################################################################
clock_duration  =         361.391
tau =                     0.66
total_steps =             32
time_step =               0.020625
best_mc_result =          0.0236476
best_mc_result_non_secondary =          0.0262706
evolved_target_dot_squared =  0.976352
distance =          0.144045
j_protocol =  [[1, 1, 1, 1, 0, 0, 0, 0, 0, 0, 0, 0, 0, 0, 1, 1, 0, 0, 1, 1, 0, 0, 1, 1, 1, 1, 0, 0, 0, 0, 0, 0, ],[1, 1, 1, 1, 0, 0, 0, 0, 0, 0, 0, 0, 1, 0, 1, 1, 0, 1, 0, 0, 0, 0, 1, 1, 1, 1, 0, 0, 0, 0, 0, 0, ],]
k_protocol =  [[1, 1, 1, 1, 1, 1, 1, 1, 1, 1, 1, 1, 1, 1, 1, 1, 1, 1, 1, 1, 1, 1, 1, 1, 1, 1, 1, 1, 1, 1, 1, 1, ],[1, 1, 1, 1, 1, 1, 1, 1, 1, 1, 1, 1, 1, 1, 1, 1, 1, 1, 1, 1, 1, 1, 1, 1, 1, 1, 1, 1, 1, 1, 1, 1, ],]
j_protocol_secondary =  [0, 0.0956386, 0.231603, 0.231603, 0.261357, 0.261357, 0.312458, 0.315924, 0.348851, 0.399811, 0.416514, 0.500856, ]
k_protocol_secondary =  [0, 0, 0.00879839, 0.059093, 0.059093, 0.150535, 0.150535, 0.367978, 0.367978, 0.654417, 0.654417, 0.66, ]
best_evolved_state = [-0.0256147, 0.00644797, -0.0267092, -0.0287437, -0.0256147, 0.00644797, -0.111113, -0.0908003, -0.205269, -0.108616, -0.0256147, 0.00644797, -0.205269, -0.108616, -0.188375, -0.135688, -0.205269, -0.108616, -0.188375, -0.135688, -0.0256147, 0.00644797, -0.205269, -0.108616, -0.111113, -0.0908003, -0.259549, -0.132704, -0.188375, -0.135688, -0.0267092, -0.0287437, -0.111113, -0.0908003, -0.0296541, -0.0488577, -0.111113, -0.0908003, -0.205269, -0.108616, -0.0256147, 0.00644797, -0.111113, -0.0908003, -0.259549, -0.132704, -0.111113, -0.0908003, -0.205269, -0.108616, -0.188375, -0.135688, -0.205269, -0.108616, -0.0256147, 0.00644797, -0.0296541, -0.0488577, -0.111113, -0.0908003, -0.0267092, -0.0287437, -0.0256147, 0.00644797, -0.205269, -0.108616, -0.111113, -0.0908003, -0.0267092, -0.0287437, -0.0256147, 0.00644797, ]
best_mc_result_fixed_tau =   [0.0265816, 0.0262706, ]
evolved_state_fixed_tau =   [[-0.0311516, -0.00228109, -0.0216265, -0.0341532, -0.0311516, -0.00228109, -0.103705, -0.103071, -0.197833, -0.114917, -0.0311516, -0.00228109, -0.197833, -0.114917, -0.178081, -0.155682, -0.197833, -0.114917, -0.178081, -0.155682, -0.0311516, -0.00228109, -0.197833, -0.114917, -0.103705, -0.103071, -0.250856, -0.139621, -0.178081, -0.155682, -0.0216265, -0.0341532, -0.103705, -0.103071, -0.0222971, -0.0558543, -0.103705, -0.103071, -0.197833, -0.114917, -0.0311516, -0.00228109, -0.103705, -0.103071, -0.250856, -0.139621, -0.103705, -0.103071, -0.197833, -0.114917, -0.178081, -0.155682, -0.197833, -0.114917, -0.0311516, -0.00228109, -0.0222971, -0.0558543, -0.103705, -0.103071, -0.0216265, -0.0341532, -0.0311516, -0.00228109, -0.197833, -0.114917, -0.103705, -0.103071, -0.0216265, -0.0341532, -0.0311516, -0.00228109, ],[-0.0285364, 0.00762808, -0.0261937, -0.0348783, -0.0285364, 0.00762808, -0.107747, -0.0998171, -0.195192, -0.117917, -0.0285364, 0.00762808, -0.195192, -0.117917, -0.185177, -0.149481, -0.195192, -0.117917, -0.185177, -0.149481, -0.0285364, 0.00762808, -0.195192, -0.117917, -0.107747, -0.0998171, -0.247704, -0.141271, -0.185177, -0.149481, -0.0261937, -0.0348783, -0.107747, -0.0998171, -0.0268932, -0.0555531, -0.107747, -0.0998171, -0.195192, -0.117917, -0.0285364, 0.00762808, -0.107747, -0.0998171, -0.247704, -0.141271, -0.107747, -0.0998171, -0.195192, -0.117917, -0.185177, -0.149481, -0.195192, -0.117917, -0.0285364, 0.00762808, -0.0268932, -0.0555531, -0.107747, -0.0998171, -0.0261937, -0.0348783, -0.0285364, 0.00762808, -0.195192, -0.117917, -0.107747, -0.0998171, -0.0261937, -0.0348783, -0.0285364, 0.00762808, ],]
##############################################################################
clock_duration  =         575.559
tau =                     0.693
total_steps =             32
time_step =               0.0226875
best_mc_result =          0.0198154
best_mc_result_non_secondary =          0
evolved_target_dot_squared =  0.980185
distance =          0.120702
j_protocol =  [[0, 0, 0, 0, 0, 0, 0, 0, 0, 0, 0, 0, 0, 0, 0, 0, 0, 0, 0, 0, 0, 0, 0, 0, 0, 0, 0, 0, 0, 0, 0, 0, ],[0, 0, 0, 0, 0, 0, 0, 0, 0, 0, 0, 0, 0, 0, 0, 0, 0, 0, 0, 0, 0, 0, 0, 0, 0, 0, 0, 0, 0, 0, 0, 0, ],]
k_protocol =  [[0, 0, 0, 0, 0, 0, 0, 0, 0, 0, 0, 0, 0, 0, 0, 0, 0, 0, 0, 0, 0, 0, 0, 0, 0, 0, 0, 0, 0, 0, 0, 0, ],[0, 0, 0, 0, 0, 0, 0, 0, 0, 0, 0, 0, 0, 0, 0, 0, 0, 0, 0, 0, 0, 0, 0, 0, 0, 0, 0, 0, 0, 0, 0, 0, ],]
j_protocol_secondary =  [0, 0.0248529, 0.0248529, 0.0980705, 0.317172, 0.318519, 0.379333, 0.523079, 0.584719, 0.584719, 0.606789, 0.606789, ]
k_protocol_secondary =  [0.00900373, 0.0649688, 0.0649688, 0.263637, 0.263637, 0.28225, 0.28225, 0.373284, 0.373284, 0.434982, 0.434982, 0.693, ]
best_evolved_state = [-0.0232682, 0.000767501, -0.0273544, -0.0265425, -0.0232682, 0.000767501, -0.112338, -0.0912312, -0.202843, -0.111489, -0.0232682, 0.000767501, -0.202843, -0.111489, -0.190381, -0.135437, -0.202843, -0.111489, -0.190381, -0.135437, -0.0232682, 0.000767501, -0.202843, -0.111489, -0.112338, -0.0912312, -0.255168, -0.138389, -0.190381, -0.135437, -0.0273544, -0.0265425, -0.112338, -0.0912312, -0.0316717, -0.0491153, -0.112338, -0.0912312, -0.202843, -0.111489, -0.0232682, 0.000767501, -0.112338, -0.0912312, -0.255168, -0.138389, -0.112338, -0.0912312, -0.202843, -0.111489, -0.190381, -0.135437, -0.202843, -0.111489, -0.0232682, 0.000767501, -0.0316717, -0.0491153, -0.112338, -0.0912312, -0.0273544, -0.0265425, -0.0232682, 0.000767501, -0.202843, -0.111489, -0.112338, -0.0912312, -0.0273544, -0.0265425, -0.0232682, 0.000767501, ]
best_mc_result_fixed_tau =   [0.0197649, 0.0198222, ]
evolved_state_fixed_tau =   [[-0.0225545, -0.0106619, -0.0233157, -0.0269992, -0.0225545, -0.0106619, -0.107826, -0.096886, -0.20152, -0.113492, -0.0225545, -0.0106619, -0.20152, -0.113492, -0.183448, -0.144265, -0.20152, -0.113492, -0.183448, -0.144265, -0.0225545, -0.0106619, -0.20152, -0.113492, -0.107826, -0.096886, -0.252884, -0.143608, -0.183448, -0.144265, -0.0233157, -0.0269992, -0.107826, -0.096886, -0.0273898, -0.0518976, -0.107826, -0.096886, -0.20152, -0.113492, -0.0225545, -0.0106619, -0.107826, -0.096886, -0.252884, -0.143608, -0.107826, -0.096886, -0.20152, -0.113492, -0.183448, -0.144265, -0.20152, -0.113492, -0.0225545, -0.0106619, -0.0273898, -0.0518976, -0.107826, -0.096886, -0.0233157, -0.0269992, -0.0225545, -0.0106619, -0.20152, -0.113492, -0.107826, -0.096886, -0.0233157, -0.0269992, -0.0225545, -0.0106619, ],[-0.0116738, -0.00542024, -0.0309406, -0.030542, -0.0116738, -0.00542024, -0.107896, -0.103249, -0.184652, -0.133128, -0.0116738, -0.00542024, -0.184652, -0.133128, -0.186905, -0.150115, -0.184652, -0.133128, -0.186905, -0.150115, -0.0116738, -0.00542024, -0.184652, -0.133128, -0.107896, -0.103249, -0.229909, -0.163741, -0.186905, -0.150115, -0.0309406, -0.030542, -0.107896, -0.103249, -0.0320842, -0.0586251, -0.107896, -0.103249, -0.184652, -0.133128, -0.0116738, -0.00542024, -0.107896, -0.103249, -0.229909, -0.163741, -0.107896, -0.103249, -0.184652, -0.133128, -0.186905, -0.150115, -0.184652, -0.133128, -0.0116738, -0.00542024, -0.0320842, -0.0586251, -0.107896, -0.103249, -0.0309406, -0.030542, -0.0116738, -0.00542024, -0.184652, -0.133128, -0.107896, -0.103249, -0.0309406, -0.030542, -0.0116738, -0.00542024, ],]
