START_PARAMETERS
MAX_STEPS_MCDB =               32
MIN_STEPS_MCDB =               4
STEPS_CRUNCH_MCDB =            1
SWEEPS_MCDB =                  60
TOTAL_STEP_CHANGES =                  6
MCBB_SECONDARY =                  1
SWEEPS_MCBB_SECONDARY =                  150
NUMBER_OF_BANGS =                  6
GROUND_E =                -2.34822
INITIAL_E =               -2.22785
j_initial =               0.51
k_initial =               0.062
b_initial =               0
j_target =                0.61
k_target =                0.5
b_target =                0
init_target_dot_squared = 0.970313
init_state = [0.0921419, 0, 0.102368, 0, 0.0921419, 0, 0.175407, 0, 0.200839, 0, 0.0921419, 0, 0.200839, 0, 0.208529, 0, 0.200839, 0, 0.208529, 0, 0.0921419, 0, 0.200839, 0, 0.175407, 0, 0.235965, 0, 0.208529, 0, 0.102368, 0, 0.175407, 0, 0.134227, 0, 0.175407, 0, 0.200839, 0, 0.0921419, 0, 0.175407, 0, 0.235965, 0, 0.175407, 0, 0.200839, 0, 0.208529, 0, 0.200839, 0, 0.0921419, 0, 0.134227, 0, 0.175407, 0, 0.102368, 0, 0.0921419, 0, 0.200839, 0, 0.175407, 0, 0.102368, 0, 0.0921419, 0, ]
target_state = [0.0581061, 0, 0.0610765, 0, 0.0581061, 0, 0.159577, 0, 0.224186, 0, 0.0581061, 0, 0.224186, 0, 0.213823, 0, 0.224186, 0, 0.213823, 0, 0.0581061, 0, 0.224186, 0, 0.159577, 0, 0.276905, 0, 0.213823, 0, 0.0610765, 0, 0.159577, 0, 0.0895468, 0, 0.159577, 0, 0.224186, 0, 0.0581061, 0, 0.159577, 0, 0.276905, 0, 0.159577, 0, 0.224186, 0, 0.213823, 0, 0.224186, 0, 0.0581061, 0, 0.0895468, 0, 0.159577, 0, 0.0610765, 0, 0.0581061, 0, 0.224186, 0, 0.159577, 0, 0.0610765, 0, 0.0581061, 0, ]
USE_ENERGY_DISTANCE =     false
PERIODIC =                false
UNIFORM_SITES =           true
DEVICE_DIMENSION =        2
MAX_PARAM =               1
MIN_PARAM =               0
MIN_PARAM =               0
DIAG =                    true
NUM_SEEDS =               1
DISTANCE_LIMIT =          0.02
TAU_INIT =                0.05
MAX_TAU =                 5
TAU_SCALAR =              1.2
TAU_SCALAR_TINY =         1.1
TAU_SCALAR_BIG =          1.4
ACCEPTANCE_PROB =         0.65
TEMP_EXP_DECAY =          0.8
MIN_TEMP_FRACTION =       0.01
TEMP_DECAY_ITERATIONS =   21
ZERO_TEMP_ITREATIONS =    25
RANDOM_STATES =           3
INIT_OVERLAP_LIMIT =      0.99999
END_PARAMETERS
##############################################################################
clock_duration  =         51.925
tau =                     0.05
total_steps =             32
time_step =               0.0015625
best_mc_result =          0.0280237
evolved_target_dot_squared =  0.971976
best_evolved_state = [0.0895233, 0.0106295, 0.100929, 0.0153922, 0.0895233, 0.0106295, 0.171692, 0.0328741, 0.197806, 0.0447708, 0.0895233, 0.0106295, 0.197806, 0.0447708, 0.203249, 0.0390979, 0.197806, 0.0447708, 0.203249, 0.0390979, 0.0895233, 0.0106295, 0.197806, 0.0447708, 0.171692, 0.0328741, 0.231739, 0.0526493, 0.203249, 0.0390979, 0.100929, 0.0153922, 0.171692, 0.0328741, 0.1316, 0.020237, 0.171692, 0.0328741, 0.197806, 0.0447708, 0.0895233, 0.0106295, 0.171692, 0.0328741, 0.231739, 0.0526493, 0.171692, 0.0328741, 0.197806, 0.0447708, 0.203249, 0.0390979, 0.197806, 0.0447708, 0.0895233, 0.0106295, 0.1316, 0.020237, 0.171692, 0.0328741, 0.100929, 0.0153922, 0.0895233, 0.0106295, 0.197806, 0.0447708, 0.171692, 0.0328741, 0.100929, 0.0153922, 0.0895233, 0.0106295, ]
distance =          0.943985
j_protocol =  [[0, 0, 1, 1, 1, 1, 1, 1, 1, 1, 1, 1, 1, 1, 1, 1, 1, 1, 1, 1, 1, 1, 1, 1, 1, 1, 1, 1, 1, 1, 1, 1, ],]
k_protocol =  [[1, 1, 1, 1, 1, 1, 1, 1, 1, 1, 1, 1, 1, 1, 1, 0, 0, 0, 0, 0, 0, 0, 0, 0, 0, 0, 0, 0, 0, 0, 0, 0, ],]
j_protocol_secondary =  [0.00260683, 0.00754924, 0.00754924, 0.0277759, 0.0277759, 0.0290665, 0.0290665, 0.0416378, 0.0416378, 0.047487, 0.047487, 0.05, ]
k_protocol_secondary =  [0, 0.000144688, 0.000144688, 0.0119339, 0.0119339, 0.0238729, 0.0407646, 0.0407646, 0.0443651, 0.0443651, 0.0460654, 0.0460654, ]
best_mc_result_fixed_tau =   [0.0280247, ]
evolved_state_fixed_tau =   [[0.0895515, 0.0106123, 0.100947, 0.0152962, 0.0895515, 0.0106123, 0.171756, 0.0325808, 0.19789, 0.0442842, 0.0895515, 0.0106123, 0.19789, 0.0442842, 0.203336, 0.038751, 0.19789, 0.0442842, 0.203336, 0.038751, 0.0895515, 0.0106123, 0.19789, 0.0442842, 0.171756, 0.0325808, 0.231846, 0.0520784, 0.203336, 0.038751, 0.100947, 0.0152962, 0.171756, 0.0325808, 0.131633, 0.0201118, 0.171756, 0.0325808, 0.19789, 0.0442842, 0.0895515, 0.0106123, 0.171756, 0.0325808, 0.231846, 0.0520784, 0.171756, 0.0325808, 0.19789, 0.0442842, 0.203336, 0.038751, 0.19789, 0.0442842, 0.0895515, 0.0106123, 0.131633, 0.0201118, 0.171756, 0.0325808, 0.100947, 0.0152962, 0.0895515, 0.0106123, 0.19789, 0.0442842, 0.171756, 0.0325808, 0.100947, 0.0152962, 0.0895515, 0.0106123, ],]
##############################################################################
clock_duration  =         236.425
tau =                     0.118716
total_steps =             32
time_step =               0.004375
best_mc_result =          0.0215007
evolved_target_dot_squared =  0.978499
best_evolved_state = [0.077692, 0.0249869, 0.0942331, 0.0347788, 0.077692, 0.0249869, 0.154815, 0.0762807, 0.183811, 0.102404, 0.077692, 0.0249869, 0.183811, 0.102404, 0.179267, 0.0909004, 0.183811, 0.102404, 0.179267, 0.0909004, 0.077692, 0.0249869, 0.183811, 0.102404, 0.154815, 0.0762807, 0.212333, 0.120942, 0.179267, 0.0909004, 0.0942331, 0.0347788, 0.154815, 0.0762807, 0.119522, 0.0463112, 0.154815, 0.0762807, 0.183811, 0.102404, 0.077692, 0.0249869, 0.154815, 0.0762807, 0.212333, 0.120942, 0.154815, 0.0762807, 0.183811, 0.102404, 0.179267, 0.0909004, 0.183811, 0.102404, 0.077692, 0.0249869, 0.119522, 0.0463112, 0.154815, 0.0762807, 0.0942331, 0.0347788, 0.077692, 0.0249869, 0.183811, 0.102404, 0.154815, 0.0762807, 0.0942331, 0.0347788, 0.077692, 0.0249869, ]
distance =          0.724256
j_protocol =  [[0, 0, 1, 1, 1, 1, 1, 1, 1, 1, 1, 1, 1, 1, 1, 1, 1, 1, 1, 1, 1, 1, 1, 1, 1, 1, 1, 1, 1, 1, 1, 1, ],]
k_protocol =  [[1, 1, 1, 1, 1, 1, 1, 1, 1, 1, 1, 1, 1, 1, 1, 0, 0, 0, 0, 0, 0, 0, 0, 0, 0, 0, 0, 0, 0, 0, 0, 0, ],]
j_protocol_secondary =  [0.00623069, 0.0209474, 0.0209474, 0.0660591, 0.0660591, 0.0845871, 0.0845871, 0.0845871, 0.0845871, 0.111107, 0.111107, 0.118716, ]
k_protocol_secondary =  [0, 0.00766553, 0.00766553, 0.0119453, 0.0119453, 0.0321982, 0.0321982, 0.0558386, 0.0690019, 0.0690019, 0.115078, 0.115078, ]
best_mc_result_fixed_tau =   [0.019045, ]
evolved_state_fixed_tau =   [[0.0724343, 0.0286157, 0.0913663, 0.0392839, 0.0724343, 0.0286157, 0.147628, 0.0878617, 0.178055, 0.117465, 0.0724343, 0.0286157, 0.178055, 0.117465, 0.16888, 0.104844, 0.178055, 0.117465, 0.16888, 0.104844, 0.0724343, 0.0286157, 0.178055, 0.117465, 0.147628, 0.0878617, 0.204206, 0.139065, 0.16888, 0.104844, 0.0913663, 0.0392839, 0.147628, 0.0878617, 0.114249, 0.0526963, 0.147628, 0.0878617, 0.178055, 0.117465, 0.0724343, 0.0286157, 0.147628, 0.0878617, 0.204206, 0.139065, 0.147628, 0.0878617, 0.178055, 0.117465, 0.16888, 0.104844, 0.178055, 0.117465, 0.0724343, 0.0286157, 0.114249, 0.0526963, 0.147628, 0.0878617, 0.0913663, 0.0392839, 0.0724343, 0.0286157, 0.178055, 0.117465, 0.147628, 0.0878617, 0.0913663, 0.0392839, 0.0724343, 0.0286157, ],]
##############################################################################
clock_duration  =         347.237
tau =                     0.127305
total_steps =             32
time_step =               0.004375
best_mc_result =          0.0205108
evolved_target_dot_squared =  0.979489
best_evolved_state = [0.0755883, 0.0267489, 0.0930067, 0.0369638, 0.0755883, 0.0267489, 0.151795, 0.0814636, 0.181265, 0.109072, 0.0755883, 0.0267489, 0.181265, 0.109072, 0.174978, 0.0971116, 0.181265, 0.109072, 0.174978, 0.0971116, 0.0755883, 0.0267489, 0.181265, 0.109072, 0.151795, 0.0814636, 0.208821, 0.12892, 0.174978, 0.0971116, 0.0930067, 0.0369638, 0.151795, 0.0814636, 0.117336, 0.0493362, 0.151795, 0.0814636, 0.181265, 0.109072, 0.0755883, 0.0267489, 0.151795, 0.0814636, 0.208821, 0.12892, 0.151795, 0.0814636, 0.181265, 0.109072, 0.174978, 0.0971116, 0.181265, 0.109072, 0.0755883, 0.0267489, 0.117336, 0.0493362, 0.151795, 0.0814636, 0.0930067, 0.0369638, 0.0755883, 0.0267489, 0.181265, 0.109072, 0.151795, 0.0814636, 0.0930067, 0.0369638, 0.0755883, 0.0267489, ]
distance =          0.690912
j_protocol =  [[0, 0, 1, 1, 1, 1, 1, 1, 1, 1, 1, 1, 1, 1, 1, 1, 1, 1, 1, 1, 1, 1, 1, 1, 1, 1, 1, 1, 1, 1, 1, 1, ],]
k_protocol =  [[1, 1, 1, 1, 1, 1, 1, 1, 1, 1, 1, 1, 1, 1, 1, 0, 0, 0, 0, 0, 0, 0, 0, 0, 0, 0, 0, 0, 0, 0, 0, 0, ],]
j_protocol_secondary =  [0.00667627, 0.022463, 0.022463, 0.0708387, 0.0708387, 0.0907073, 0.0907073, 0.0907073, 0.0907073, 0.119146, 0.119146, 0.127305, ]
k_protocol_secondary =  [0, 0.00822016, 0.00822016, 0.0128096, 0.0128096, 0.0345278, 0.0345278, 0.0597088, 0.0739945, 0.0739945, 0.123405, 0.123405, ]
best_mc_result_fixed_tau =   [0.019045, ]
evolved_state_fixed_tau =   [[0.0724343, 0.0286157, 0.0913663, 0.0392839, 0.0724343, 0.0286157, 0.147628, 0.0878617, 0.178055, 0.117465, 0.0724343, 0.0286157, 0.178055, 0.117465, 0.16888, 0.104844, 0.178055, 0.117465, 0.16888, 0.104844, 0.0724343, 0.0286157, 0.178055, 0.117465, 0.147628, 0.0878617, 0.204206, 0.139065, 0.16888, 0.104844, 0.0913663, 0.0392839, 0.147628, 0.0878617, 0.114249, 0.0526963, 0.147628, 0.0878617, 0.178055, 0.117465, 0.0724343, 0.0286157, 0.147628, 0.0878617, 0.204206, 0.139065, 0.147628, 0.0878617, 0.178055, 0.117465, 0.16888, 0.104844, 0.178055, 0.117465, 0.0724343, 0.0286157, 0.114249, 0.0526963, 0.147628, 0.0878617, 0.0913663, 0.0392839, 0.0724343, 0.0286157, 0.178055, 0.117465, 0.147628, 0.0878617, 0.0913663, 0.0392839, 0.0724343, 0.0286157, ],]
##############################################################################
clock_duration  =         383.227
tau =                     0.1316
total_steps =             32
time_step =               0.004375
best_mc_result =          0.0200133
evolved_target_dot_squared =  0.979987
best_evolved_state = [0.0744881, 0.0276212, 0.0923621, 0.0380274, 0.0744881, 0.0276212, 0.150215, 0.0840247, 0.179928, 0.112347, 0.0744881, 0.0276212, 0.179928, 0.112347, 0.172733, 0.100184, 0.179928, 0.112347, 0.172733, 0.100184, 0.0744881, 0.0276212, 0.179928, 0.112347, 0.150215, 0.0840247, 0.206978, 0.132847, 0.172733, 0.100184, 0.0923621, 0.0380274, 0.150215, 0.0840247, 0.116189, 0.0508188, 0.150215, 0.0840247, 0.179928, 0.112347, 0.0744881, 0.0276212, 0.150215, 0.0840247, 0.206978, 0.132847, 0.150215, 0.0840247, 0.179928, 0.112347, 0.172733, 0.100184, 0.179928, 0.112347, 0.0744881, 0.0276212, 0.116189, 0.0508188, 0.150215, 0.0840247, 0.0923621, 0.0380274, 0.0744881, 0.0276212, 0.179928, 0.112347, 0.150215, 0.0840247, 0.0923621, 0.0380274, 0.0744881, 0.0276212, ]
distance =          0.674155
j_protocol =  [[0, 0, 1, 1, 1, 1, 1, 1, 1, 1, 1, 1, 1, 1, 1, 1, 1, 1, 1, 1, 1, 1, 1, 1, 1, 1, 1, 1, 1, 1, 1, 1, ],]
k_protocol =  [[1, 1, 1, 1, 1, 1, 1, 1, 1, 1, 1, 1, 1, 1, 1, 0, 0, 0, 0, 0, 0, 0, 0, 0, 0, 0, 0, 0, 0, 0, 0, 0, ],]
j_protocol_secondary =  [0.00690118, 0.0232209, 0.0232209, 0.0732285, 0.0732285, 0.0937673, 0.0937673, 0.0937673, 0.0937673, 0.123166, 0.123166, 0.1316, ]
k_protocol_secondary =  [0, 0.00849747, 0.00849747, 0.0132417, 0.0132417, 0.0356927, 0.0356927, 0.0616372, 0.0764907, 0.0764907, 0.127568, 0.127568, ]
best_mc_result_fixed_tau =   [0.019045, ]
evolved_state_fixed_tau =   [[0.0724343, 0.0286157, 0.0913663, 0.0392839, 0.0724343, 0.0286157, 0.147628, 0.0878617, 0.178055, 0.117465, 0.0724343, 0.0286157, 0.178055, 0.117465, 0.16888, 0.104844, 0.178055, 0.117465, 0.16888, 0.104844, 0.0724343, 0.0286157, 0.178055, 0.117465, 0.147628, 0.0878617, 0.204206, 0.139065, 0.16888, 0.104844, 0.0913663, 0.0392839, 0.147628, 0.0878617, 0.114249, 0.0526963, 0.147628, 0.0878617, 0.178055, 0.117465, 0.0724343, 0.0286157, 0.147628, 0.0878617, 0.204206, 0.139065, 0.147628, 0.0878617, 0.178055, 0.117465, 0.16888, 0.104844, 0.178055, 0.117465, 0.0724343, 0.0286157, 0.114249, 0.0526963, 0.147628, 0.0878617, 0.0913663, 0.0392839, 0.0724343, 0.0286157, 0.178055, 0.117465, 0.147628, 0.0878617, 0.0913663, 0.0392839, 0.0724343, 0.0286157, ],]
