START_PARAMETERS
MAX_STEPS_MCDB =               32
MIN_STEPS_MCDB =               4
STEPS_CRUNCH_MCDB =            1
SWEEPS_MCDB =                  60
TOTAL_STEP_CHANGES =                  6
MCBB_SECONDARY =                  1
SWEEPS_MCBB_SECONDARY =                  150
NUMBER_OF_BANGS =                  6
GROUND_E =                -1.23845
INITIAL_E =               -0.987162
j_initial =               0.111
k_initial =               0.5
b_initial =               0
j_target =                0.37
k_target =                0.5
b_target =                0
init_target_dot_squared = 0.920988
init_state = [-0.019596, 0, -0.0107732, 0, -0.019596, 0, -0.0868919, 0, -0.276581, 0, -0.019596, 0, -0.276581, 0, -0.135666, 0, -0.276581, 0, -0.135666, 0, -0.019596, 0, -0.276581, 0, -0.0868919, 0, -0.353445, 0, -0.135666, 0, -0.0107732, 0, -0.0868919, 0, -0.0175814, 0, -0.0868919, 0, -0.276581, 0, -0.019596, 0, -0.0868919, 0, -0.353445, 0, -0.0868919, 0, -0.276581, 0, -0.135666, 0, -0.276581, 0, -0.019596, 0, -0.0175814, 0, -0.0868919, 0, -0.0107732, 0, -0.019596, 0, -0.276581, 0, -0.0868919, 0, -0.0107732, 0, -0.019596, 0, ]
target_state = [-0.0452361, 0, -0.0436576, 0, -0.0452361, 0, -0.145822, 0, -0.237267, 0, -0.0452361, 0, -0.237267, 0, -0.206027, 0, -0.237267, 0, -0.206027, 0, -0.0452361, 0, -0.237267, 0, -0.145822, 0, -0.297369, 0, -0.206027, 0, -0.0436576, 0, -0.145822, 0, -0.0666419, 0, -0.145822, 0, -0.237267, 0, -0.0452361, 0, -0.145822, 0, -0.297369, 0, -0.145822, 0, -0.237267, 0, -0.206027, 0, -0.237267, 0, -0.0452361, 0, -0.0666419, 0, -0.145822, 0, -0.0436576, 0, -0.0452361, 0, -0.237267, 0, -0.145822, 0, -0.0436576, 0, -0.0452361, 0, ]
USE_ENERGY_DISTANCE =     false
PERIODIC =                false
UNIFORM_SITES =           true
DEVICE_DIMENSION =        2
MAX_PARAM =               1
MIN_PARAM =               0
MIN_PARAM =               0
DIAG =                    true
NUM_SEEDS =               1
DISTANCE_LIMIT =          0.02
TAU_INIT =                0.05
MAX_TAU =                 5
TAU_SCALAR =              1.2
TAU_SCALAR_TINY =         1.1
TAU_SCALAR_BIG =          1.4
ACCEPTANCE_PROB =         0.65
TEMP_EXP_DECAY =          0.8
MIN_TEMP_FRACTION =       0.01
TEMP_DECAY_ITERATIONS =   21
ZERO_TEMP_ITREATIONS =    25
RANDOM_STATES =           3
INIT_OVERLAP_LIMIT =      0.99999
END_PARAMETERS
##############################################################################
clock_duration  =         82.3286
tau =                     0.05
total_steps =             32
time_step =               0.0015625
best_mc_result =          0.0763257
evolved_target_dot_squared =  0.923674
best_evolved_state = [-0.0215357, -0.00769336, -0.0106329, -0.00311361, -0.0215357, -0.00769336, -0.087617, -0.0140679, -0.275144, -0.0114375, -0.0215357, -0.00769336, -0.275144, -0.0114375, -0.136988, -0.0219629, -0.275144, -0.0114375, -0.136988, -0.0219629, -0.0215357, -0.00769336, -0.275144, -0.0114375, -0.087617, -0.0140679, -0.351822, -0.0146058, -0.136988, -0.0219629, -0.0106329, -0.00311361, -0.087617, -0.0140679, -0.0176209, -0.00503196, -0.087617, -0.0140679, -0.275144, -0.0114375, -0.0215357, -0.00769336, -0.087617, -0.0140679, -0.351822, -0.0146058, -0.087617, -0.0140679, -0.275144, -0.0114375, -0.136988, -0.0219629, -0.275144, -0.0114375, -0.0215357, -0.00769336, -0.0176209, -0.00503196, -0.087617, -0.0140679, -0.0106329, -0.00311361, -0.0215357, -0.00769336, -0.275144, -0.0114375, -0.087617, -0.0140679, -0.0106329, -0.00311361, -0.0215357, -0.00769336, ]
distance =          0.966002
j_protocol =  [[1, 1, 1, 1, 1, 1, 1, 1, 1, 1, 1, 1, 1, 1, 1, 0, 0, 0, 0, 0, 0, 0, 0, 0, 0, 0, 0, 0, 0, 0, 0, 0, ],]
k_protocol =  [[0, 0, 0, 1, 1, 1, 1, 1, 1, 1, 1, 1, 1, 1, 1, 1, 1, 1, 1, 1, 1, 1, 1, 1, 1, 1, 1, 1, 1, 1, 1, 1, ],]
j_protocol_secondary =  [0, 0.00796936, 0.00796936, 0.0198205, 0.0198205, 0.0236091, 0.0300502, 0.0300502, 0.0301829, 0.0301829, 0.0496496, 0.0496496, ]
k_protocol_secondary =  [0.00392046, 0.00392046, 0.00427657, 0.00959207, 0.00959207, 0.0106369, 0.0106369, 0.033449, 0.033449, 0.0397765, 0.0397765, 0.05, ]
best_mc_result_fixed_tau =   [0.0763264, ]
evolved_state_fixed_tau =   [[-0.0215317, -0.0076457, -0.0106362, -0.00309417, -0.0215317, -0.0076457, -0.087619, -0.0139793, -0.275155, -0.0113539, -0.0215317, -0.0076457, -0.275155, -0.0113539, -0.136989, -0.0218247, -0.275155, -0.0113539, -0.136989, -0.0218247, -0.0215317, -0.0076457, -0.275155, -0.0113539, -0.087619, -0.0139793, -0.351835, -0.0144994, -0.136989, -0.0218247, -0.0106362, -0.00309417, -0.087619, -0.0139793, -0.0176246, -0.00500083, -0.087619, -0.0139793, -0.275155, -0.0113539, -0.0215317, -0.0076457, -0.087619, -0.0139793, -0.351835, -0.0144994, -0.087619, -0.0139793, -0.275155, -0.0113539, -0.136989, -0.0218247, -0.275155, -0.0113539, -0.0215317, -0.0076457, -0.0176246, -0.00500083, -0.087619, -0.0139793, -0.0106362, -0.00309417, -0.0215317, -0.0076457, -0.275155, -0.0113539, -0.087619, -0.0139793, -0.0106362, -0.00309417, -0.0215317, -0.0076457, ],]
##############################################################################
clock_duration  =         165.543
tau =                     0.14
total_steps =             32
time_step =               0.004375
best_mc_result =          0.0602985
evolved_target_dot_squared =  0.939701
best_evolved_state = [-0.033206, -0.0156863, -0.0102231, -0.00903952, -0.033206, -0.0156863, -0.0923918, -0.0358493, -0.266261, -0.0308454, -0.033206, -0.0156863, -0.266261, -0.0308454, -0.145651, -0.0559227, -0.266261, -0.0308454, -0.145651, -0.0559227, -0.033206, -0.0156863, -0.266261, -0.0308454, -0.0923918, -0.0358493, -0.341778, -0.0392198, -0.145651, -0.0559227, -0.0102231, -0.00903952, -0.0923918, -0.0358493, -0.0183906, -0.013794, -0.0923918, -0.0358493, -0.266261, -0.0308454, -0.033206, -0.0156863, -0.0923918, -0.0358493, -0.341778, -0.0392198, -0.0923918, -0.0358493, -0.266261, -0.0308454, -0.145651, -0.0559227, -0.266261, -0.0308454, -0.033206, -0.0156863, -0.0183906, -0.013794, -0.0923918, -0.0358493, -0.0102231, -0.00903952, -0.033206, -0.0156863, -0.266261, -0.0308454, -0.0923918, -0.0358493, -0.0102231, -0.00903952, -0.033206, -0.0156863, ]
distance =          0.763157
j_protocol =  [[1, 1, 1, 1, 1, 1, 1, 1, 1, 1, 1, 1, 1, 1, 0, 0, 0, 0, 0, 0, 0, 0, 0, 0, 0, 0, 0, 0, 0, 0, 0, 0, ],]
k_protocol =  [[0, 0, 0, 1, 1, 1, 1, 1, 1, 1, 1, 1, 1, 1, 1, 1, 1, 1, 1, 1, 1, 1, 1, 1, 1, 1, 1, 1, 1, 1, 1, 1, ],]
j_protocol_secondary =  [0, 0.024533, 0.024533, 0.0635558, 0.0730417, 0.0730417, 0.0777195, 0.0777195, 0.10757, 0.10757, 0.124093, 0.124093, ]
k_protocol_secondary =  [0.0112775, 0.0549019, 0.0549019, 0.0555243, 0.0555243, 0.0805922, 0.0805922, 0.0918637, 0.0918637, 0.124092, 0.124092, 0.14, ]
best_mc_result_fixed_tau =   [0.0603398, ]
evolved_state_fixed_tau =   [[-0.032884, -0.014703, -0.010378, -0.00854601, -0.032884, -0.014703, -0.0923951, -0.0340727, -0.266865, -0.0297085, -0.032884, -0.014703, -0.266865, -0.0297085, -0.145575, -0.053145, -0.266865, -0.0297085, -0.145575, -0.053145, -0.032884, -0.014703, -0.266865, -0.0297085, -0.0923951, -0.0340727, -0.342466, -0.0377929, -0.145575, -0.053145, -0.010378, -0.00854601, -0.0923951, -0.0340727, -0.0185518, -0.0130489, -0.0923951, -0.0340727, -0.266865, -0.0297085, -0.032884, -0.014703, -0.0923951, -0.0340727, -0.342466, -0.0377929, -0.0923951, -0.0340727, -0.266865, -0.0297085, -0.145575, -0.053145, -0.266865, -0.0297085, -0.032884, -0.014703, -0.0185518, -0.0130489, -0.0923951, -0.0340727, -0.010378, -0.00854601, -0.032884, -0.014703, -0.266865, -0.0297085, -0.0923951, -0.0340727, -0.010378, -0.00854601, -0.032884, -0.014703, ],]
##############################################################################
clock_duration  =         247.741
tau =                     0.168
total_steps =             32
time_step =               0.00525
best_mc_result =          0.0536278
evolved_target_dot_squared =  0.946372
best_evolved_state = [-0.0380959, -0.0155872, -0.0103259, -0.0109341, -0.0380959, -0.0155872, -0.094679, -0.0410238, -0.262346, -0.0363341, -0.0380959, -0.0155872, -0.262346, -0.0363341, -0.149774, -0.0639531, -0.262346, -0.0363341, -0.149774, -0.0639531, -0.0380959, -0.0155872, -0.262346, -0.0363341, -0.094679, -0.0410238, -0.337344, -0.0461102, -0.149774, -0.0639531, -0.0103259, -0.0109341, -0.094679, -0.0410238, -0.0190543, -0.0162863, -0.094679, -0.0410238, -0.262346, -0.0363341, -0.0380959, -0.0155872, -0.094679, -0.0410238, -0.337344, -0.0461102, -0.094679, -0.0410238, -0.262346, -0.0363341, -0.149774, -0.0639531, -0.262346, -0.0363341, -0.0380959, -0.0155872, -0.0190543, -0.0162863, -0.094679, -0.0410238, -0.0103259, -0.0109341, -0.0380959, -0.0155872, -0.262346, -0.0363341, -0.094679, -0.0410238, -0.0103259, -0.0109341, -0.0380959, -0.0155872, ]
distance =          0.67873
j_protocol =  [[1, 1, 1, 1, 1, 1, 1, 1, 1, 1, 1, 1, 1, 1, 0, 0, 0, 0, 0, 0, 0, 0, 0, 0, 0, 0, 0, 0, 0, 0, 0, 0, ],]
k_protocol =  [[0, 0, 0, 1, 1, 1, 1, 1, 1, 1, 1, 1, 1, 1, 1, 1, 1, 1, 1, 1, 1, 1, 1, 1, 1, 1, 1, 1, 1, 1, 1, 1, ],]
j_protocol_secondary =  [0, 0.0344037, 0.0344037, 0.0558351, 0.0558351, 0.0622188, 0.0622188, 0.0748065, 0.134878, 0.134878, 0.156328, 0.156328, ]
k_protocol_secondary =  [0.0130831, 0.0199942, 0.0199942, 0.0220744, 0.0220744, 0.0607976, 0.0607976, 0.0795963, 0.0795963, 0.166029, 0.166029, 0.168, ]
best_mc_result_fixed_tau =   [0.0536515, ]
evolved_state_fixed_tau =   [[-0.0379775, -0.015225, -0.0103905, -0.010722, -0.0379775, -0.015225, -0.0947123, -0.0402979, -0.262641, -0.0356714, -0.0379775, -0.015225, -0.262641, -0.0356714, -0.149788, -0.0628207, -0.262641, -0.0356714, -0.149788, -0.0628207, -0.0379775, -0.015225, -0.262641, -0.0356714, -0.0947123, -0.0402979, -0.337686, -0.0452895, -0.149788, -0.0628207, -0.0103905, -0.010722, -0.0947123, -0.0402979, -0.019131, -0.0159819, -0.0947123, -0.0402979, -0.262641, -0.0356714, -0.0379775, -0.015225, -0.0947123, -0.0402979, -0.337686, -0.0452895, -0.0947123, -0.0402979, -0.262641, -0.0356714, -0.149788, -0.0628207, -0.262641, -0.0356714, -0.0379775, -0.015225, -0.019131, -0.0159819, -0.0947123, -0.0402979, -0.0103905, -0.010722, -0.0379775, -0.015225, -0.262641, -0.0356714, -0.0947123, -0.0402979, -0.0103905, -0.010722, -0.0379775, -0.015225, ],]
##############################################################################
clock_duration  =         330.286
tau =                     0.2352
total_steps =             32
time_step =               0.00735
best_mc_result =          0.0378397
evolved_target_dot_squared =  0.96216
best_evolved_state = [-0.0495946, -0.00931162, -0.0116233, -0.0151712, -0.0495946, -0.00931162, -0.101353, -0.0494508, -0.25208, -0.0480727, -0.0495946, -0.00931162, -0.25208, -0.0480727, -0.161685, -0.0768592, -0.25208, -0.0480727, -0.161685, -0.0768592, -0.0495946, -0.00931162, -0.25208, -0.0480727, -0.101353, -0.0494508, -0.325694, -0.060698, -0.161685, -0.0768592, -0.0116233, -0.0151712, -0.101353, -0.0494508, -0.02196, -0.0212214, -0.101353, -0.0494508, -0.25208, -0.0480727, -0.0495946, -0.00931162, -0.101353, -0.0494508, -0.325694, -0.060698, -0.101353, -0.0494508, -0.25208, -0.0480727, -0.161685, -0.0768592, -0.25208, -0.0480727, -0.0495946, -0.00931162, -0.02196, -0.0212214, -0.101353, -0.0494508, -0.0116233, -0.0151712, -0.0495946, -0.00931162, -0.25208, -0.0480727, -0.101353, -0.0494508, -0.0116233, -0.0151712, -0.0495946, -0.00931162, ]
distance =          0.478911
j_protocol =  [[1, 1, 1, 1, 1, 1, 1, 1, 1, 1, 1, 1, 1, 0, 0, 0, 0, 0, 0, 0, 0, 0, 0, 0, 0, 0, 0, 0, 0, 0, 0, 0, ],]
k_protocol =  [[0, 0, 0, 1, 1, 1, 1, 1, 1, 1, 1, 1, 1, 1, 1, 1, 1, 1, 1, 1, 1, 1, 1, 1, 1, 1, 1, 1, 1, 1, 1, 1, ],]
j_protocol_secondary =  [0, 0.063287, 0.063287, 0.0656503, 0.0656503, 0.09555, 0.09555, 0.0987706, 0.222983, 0.222983, 0.226023, 0.226023, ]
k_protocol_secondary =  [0.016322, 0.0391559, 0.0391559, 0.0543712, 0.0543712, 0.0733535, 0.0733535, 0.0862983, 0.0862983, 0.118446, 0.118446, 0.2352, ]
best_mc_result_fixed_tau =   [0.0379309, ]
evolved_state_fixed_tau =   [[-0.0491283, -0.00845513, -0.0117694, -0.0145187, -0.0491283, -0.00845513, -0.101404, -0.0475752, -0.253082, -0.0464011, -0.0491283, -0.00845513, -0.253082, -0.0464011, -0.161626, -0.0739389, -0.253082, -0.0464011, -0.161626, -0.0739389, -0.0491283, -0.00845513, -0.253082, -0.0464011, -0.101404, -0.0475752, -0.326861, -0.0586662, -0.161626, -0.0739389, -0.0117694, -0.0145187, -0.101404, -0.0475752, -0.0221416, -0.0203236, -0.101404, -0.0475752, -0.253082, -0.0464011, -0.0491283, -0.00845513, -0.101404, -0.0475752, -0.326861, -0.0586662, -0.101404, -0.0475752, -0.253082, -0.0464011, -0.161626, -0.0739389, -0.253082, -0.0464011, -0.0491283, -0.00845513, -0.0221416, -0.0203236, -0.101404, -0.0475752, -0.0117694, -0.0145187, -0.0491283, -0.00845513, -0.253082, -0.0464011, -0.101404, -0.0475752, -0.0117694, -0.0145187, -0.0491283, -0.00845513, ],]
##############################################################################
clock_duration  =         412.979
tau =                     0.28224
total_steps =             32
time_step =               0.00882
best_mc_result =          0.0291624
evolved_target_dot_squared =  0.970838
best_evolved_state = [-0.0555786, -0.000152759, -0.0136164, -0.0174781, -0.0555786, -0.000152759, -0.106688, -0.0518762, -0.244936, -0.0550779, -0.0555786, -0.000152759, -0.244936, -0.0550779, -0.171076, -0.0803162, -0.244936, -0.0550779, -0.171076, -0.0803162, -0.0555786, -0.000152759, -0.244936, -0.0550779, -0.106688, -0.0518762, -0.31756, -0.069287, -0.171076, -0.0803162, -0.0136164, -0.0174781, -0.106688, -0.0518762, -0.0251857, -0.0233452, -0.106688, -0.0518762, -0.244936, -0.0550779, -0.0555786, -0.000152759, -0.106688, -0.0518762, -0.31756, -0.069287, -0.106688, -0.0518762, -0.244936, -0.0550779, -0.171076, -0.0803162, -0.244936, -0.0550779, -0.0555786, -0.000152759, -0.0251857, -0.0233452, -0.106688, -0.0518762, -0.0136164, -0.0174781, -0.0555786, -0.000152759, -0.244936, -0.0550779, -0.106688, -0.0518762, -0.0136164, -0.0174781, -0.0555786, -0.000152759, ]
distance =          0.369088
j_protocol =  [[1, 1, 1, 1, 1, 1, 1, 1, 1, 1, 1, 1, 0, 0, 0, 0, 0, 0, 0, 0, 0, 0, 0, 0, 0, 0, 0, 0, 0, 0, 0, 0, ],]
k_protocol =  [[0, 0, 0, 0, 1, 1, 1, 1, 1, 1, 1, 1, 1, 1, 1, 1, 1, 1, 1, 1, 1, 1, 1, 1, 1, 1, 1, 1, 1, 1, 1, 1, ],]
j_protocol_secondary =  [0, 0.00119276, 0.00119276, 0.0904217, 0.0904217, 0.112974, 0.136581, 0.136581, 0.148016, 0.148016, 0.175386, 0.175386, ]
k_protocol_secondary =  [0.0168152, 0.03528, 0.03528, 0.0379418, 0.0379418, 0.100845, 0.100845, 0.135146, 0.135146, 0.266174, 0.266174, 0.28224, ]
best_mc_result_fixed_tau =   [0.0296342, ]
evolved_state_fixed_tau =   [[-0.0548877, 0.000783982, -0.0136266, -0.0162831, -0.0548877, 0.000783982, -0.106793, -0.0487653, -0.246942, -0.0511228, -0.0548877, 0.000783982, -0.246942, -0.0511228, -0.17097, -0.0755403, -0.246942, -0.0511228, -0.17097, -0.0755403, -0.0548877, 0.000783982, -0.246942, -0.0511228, -0.106793, -0.0487653, -0.319957, -0.0646067, -0.17097, -0.0755403, -0.0136266, -0.0162831, -0.106793, -0.0487653, -0.0253383, -0.0218206, -0.106793, -0.0487653, -0.246942, -0.0511228, -0.0548877, 0.000783982, -0.106793, -0.0487653, -0.319957, -0.0646067, -0.106793, -0.0487653, -0.246942, -0.0511228, -0.17097, -0.0755403, -0.246942, -0.0511228, -0.0548877, 0.000783982, -0.0253383, -0.0218206, -0.106793, -0.0487653, -0.0136266, -0.0162831, -0.0548877, 0.000783982, -0.246942, -0.0511228, -0.106793, -0.0487653, -0.0136266, -0.0162831, -0.0548877, 0.000783982, ],]
##############################################################################
clock_duration  =         503.287
tau =                     0.338688
total_steps =             32
time_step =               0.010584
best_mc_result =          0.0235663
evolved_target_dot_squared =  0.976434
best_evolved_state = [-0.0579158, 0.0125927, -0.0168914, -0.0195935, -0.0579158, 0.0125927, -0.112401, -0.0529105, -0.236979, -0.0641668, -0.0579158, 0.0125927, -0.236979, -0.0641668, -0.181188, -0.0812517, -0.236979, -0.0641668, -0.181188, -0.0812517, -0.0579158, 0.0125927, -0.236979, -0.0641668, -0.112401, -0.0529105, -0.308263, -0.0800211, -0.181188, -0.0812517, -0.0168914, -0.0195935, -0.112401, -0.0529105, -0.0294484, -0.0247389, -0.112401, -0.0529105, -0.236979, -0.0641668, -0.0579158, 0.0125927, -0.112401, -0.0529105, -0.308263, -0.0800211, -0.112401, -0.0529105, -0.236979, -0.0641668, -0.181188, -0.0812517, -0.236979, -0.0641668, -0.0579158, 0.0125927, -0.0294484, -0.0247389, -0.112401, -0.0529105, -0.0168914, -0.0195935, -0.0579158, 0.0125927, -0.236979, -0.0641668, -0.112401, -0.0529105, -0.0168914, -0.0195935, -0.0579158, 0.0125927, ]
distance =          0.298262
j_protocol =  [[1, 1, 1, 1, 1, 1, 1, 1, 1, 1, 0, 0, 0, 0, 0, 0, 1, 1, 0, 0, 0, 0, 0, 0, 0, 0, 0, 0, 0, 0, 0, 0, ],]
k_protocol =  [[0, 0, 1, 1, 1, 1, 1, 1, 1, 1, 1, 1, 1, 1, 1, 1, 1, 1, 1, 1, 1, 1, 1, 1, 1, 1, 1, 1, 1, 1, 1, 1, ],]
j_protocol_secondary =  [0, 0.0292698, 0.0292698, 0.0937138, 0.0937138, 0.117807, 0.161806, 0.163353, 0.170453, 0.180741, 0.206707, 0.206707, ]
k_protocol_secondary =  [0.0121922, 0.0501462, 0.0501462, 0.0509111, 0.0509111, 0.0698615, 0.0698615, 0.125961, 0.125961, 0.246118, 0.246118, 0.338688, ]
best_mc_result_fixed_tau =   [0.0237502, ]
evolved_state_fixed_tau =   [[-0.056497, 0.0114114, -0.0166965, -0.0192581, -0.056497, 0.0114114, -0.11152, -0.0522796, -0.238488, -0.063562, -0.056497, 0.0114114, -0.238488, -0.063562, -0.179628, -0.0802088, -0.238488, -0.063562, -0.179628, -0.0802088, -0.056497, 0.0114114, -0.238488, -0.063562, -0.11152, -0.0522796, -0.309829, -0.0790528, -0.179628, -0.0802088, -0.0166965, -0.0192581, -0.11152, -0.0522796, -0.0288675, -0.0243106, -0.11152, -0.0522796, -0.238488, -0.063562, -0.056497, 0.0114114, -0.11152, -0.0522796, -0.309829, -0.0790528, -0.11152, -0.0522796, -0.238488, -0.063562, -0.179628, -0.0802088, -0.238488, -0.063562, -0.056497, 0.0114114, -0.0288675, -0.0243106, -0.11152, -0.0522796, -0.0166965, -0.0192581, -0.056497, 0.0114114, -0.238488, -0.063562, -0.11152, -0.0522796, -0.0166965, -0.0192581, -0.056497, 0.0114114, ],]
##############################################################################
clock_duration  =         830.262
tau =                     0.397033
total_steps =             32
time_step =               0.0148176
best_mc_result =          0.0208564
evolved_target_dot_squared =  0.979144
best_evolved_state = [-0.0528085, 0.0124082, -0.019147, -0.0239475, -0.0528085, 0.0124082, -0.111558, -0.062679, -0.229212, -0.0817575, -0.0528085, 0.0124082, -0.229212, -0.0817575, -0.181209, -0.0952019, -0.229212, -0.0817575, -0.181209, -0.0952019, -0.0528085, 0.0124082, -0.229212, -0.0817575, -0.111558, -0.062679, -0.297318, -0.0998864, -0.181209, -0.0952019, -0.019147, -0.0239475, -0.111558, -0.062679, -0.0296686, -0.030146, -0.111558, -0.062679, -0.229212, -0.0817575, -0.0528085, 0.0124082, -0.111558, -0.062679, -0.297318, -0.0998864, -0.111558, -0.062679, -0.229212, -0.0817575, -0.181209, -0.0952019, -0.229212, -0.0817575, -0.0528085, 0.0124082, -0.0296686, -0.030146, -0.111558, -0.062679, -0.019147, -0.0239475, -0.0528085, 0.0124082, -0.229212, -0.0817575, -0.111558, -0.062679, -0.019147, -0.0239475, -0.0528085, 0.0124082, ]
distance =          0.263965
j_protocol =  [[1, 1, 1, 1, 0, 0, 0, 0, 1, 1, 1, 1, 0, 0, 0, 0, 0, 0, 0, 0, 1, 1, 1, 1, 0, 0, 0, 0, 0, 0, 0, 0, ],]
k_protocol =  [[1, 1, 1, 1, 1, 1, 1, 1, 1, 1, 1, 1, 1, 1, 1, 1, 1, 1, 1, 1, 1, 1, 1, 1, 1, 1, 1, 1, 1, 1, 1, 1, ],]
j_protocol_secondary =  [0, 0.0358391, 0.0358391, 0.0532425, 0.0532425, 0.0661104, 0.0661104, 0.0927033, 0.125539, 0.134057, 0.212048, 0.266338, ]
k_protocol_secondary =  [0.0102378, 0.201072, 0.201072, 0.278379, 0.278379, 0.278379, 0.278379, 0.295715, 0.295715, 0.391154, 0.391154, 0.397033, ]
best_mc_result_fixed_tau =   [0.0184724, ]
evolved_state_fixed_tau =   [[-0.044392, 0.0138734, -0.0218532, -0.0238233, -0.044392, 0.0138734, -0.11047, -0.0653942, -0.225349, -0.0953504, -0.044392, 0.0138734, -0.225349, -0.0953504, -0.179813, -0.0982104, -0.225349, -0.0953504, -0.179813, -0.0982104, -0.044392, 0.0138734, -0.225349, -0.0953504, -0.11047, -0.0653942, -0.290726, -0.116091, -0.179813, -0.0982104, -0.0218532, -0.0238233, -0.11047, -0.0653942, -0.0306943, -0.0307381, -0.11047, -0.0653942, -0.225349, -0.0953504, -0.044392, 0.0138734, -0.11047, -0.0653942, -0.290726, -0.116091, -0.11047, -0.0653942, -0.225349, -0.0953504, -0.179813, -0.0982104, -0.225349, -0.0953504, -0.044392, 0.0138734, -0.0306943, -0.0307381, -0.11047, -0.0653942, -0.0218532, -0.0238233, -0.044392, 0.0138734, -0.225349, -0.0953504, -0.11047, -0.0653942, -0.0218532, -0.0238233, -0.044392, 0.0138734, ],]
##############################################################################
clock_duration  =         944.983
tau =                     0.411619
total_steps =             32
time_step =               0.0148176
best_mc_result =          0.0201673
evolved_target_dot_squared =  0.979833
best_evolved_state = [-0.0511974, 0.0119837, -0.0196967, -0.0247115, -0.0511974, 0.0119837, -0.111228, -0.064917, -0.227421, -0.0855495, -0.0511974, 0.0119837, -0.227421, -0.0855495, -0.180996, -0.0983954, -0.227421, -0.0855495, -0.180996, -0.0983954, -0.0511974, 0.0119837, -0.227421, -0.0855495, -0.111228, -0.064917, -0.294632, -0.104342, -0.180996, -0.0983954, -0.0196967, -0.0247115, -0.111228, -0.064917, -0.0297055, -0.0313568, -0.111228, -0.064917, -0.227421, -0.0855495, -0.0511974, 0.0119837, -0.111228, -0.064917, -0.294632, -0.104342, -0.111228, -0.064917, -0.227421, -0.0855495, -0.180996, -0.0983954, -0.227421, -0.0855495, -0.0511974, 0.0119837, -0.0297055, -0.0313568, -0.111228, -0.064917, -0.0196967, -0.0247115, -0.0511974, 0.0119837, -0.227421, -0.0855495, -0.111228, -0.064917, -0.0196967, -0.0247115, -0.0511974, 0.0119837, ]
distance =          0.255244
j_protocol =  [[1, 1, 1, 1, 0, 0, 0, 0, 1, 1, 1, 1, 0, 0, 0, 0, 0, 0, 0, 0, 1, 1, 1, 1, 0, 0, 0, 0, 0, 0, 0, 0, ],]
k_protocol =  [[1, 1, 1, 1, 1, 1, 1, 1, 1, 1, 1, 1, 1, 1, 1, 1, 1, 1, 1, 1, 1, 1, 1, 1, 1, 1, 1, 1, 1, 1, 1, 1, ],]
j_protocol_secondary =  [0, 0.0393289, 0.0393289, 0.0578025, 0.0578025, 0.0680663, 0.0680663, 0.095383, 0.135473, 0.135755, 0.215335, 0.281283, ]
k_protocol_secondary =  [0.0104113, 0.208459, 0.208459, 0.288606, 0.288606, 0.288606, 0.288606, 0.306579, 0.306579, 0.405524, 0.405524, 0.411619, ]
best_mc_result_fixed_tau =   [0.0184724, ]
evolved_state_fixed_tau =   [[-0.044392, 0.0138734, -0.0218532, -0.0238233, -0.044392, 0.0138734, -0.11047, -0.0653942, -0.225349, -0.0953504, -0.044392, 0.0138734, -0.225349, -0.0953504, -0.179813, -0.0982104, -0.225349, -0.0953504, -0.179813, -0.0982104, -0.044392, 0.0138734, -0.225349, -0.0953504, -0.11047, -0.0653942, -0.290726, -0.116091, -0.179813, -0.0982104, -0.0218532, -0.0238233, -0.11047, -0.0653942, -0.0306943, -0.0307381, -0.11047, -0.0653942, -0.225349, -0.0953504, -0.044392, 0.0138734, -0.11047, -0.0653942, -0.290726, -0.116091, -0.11047, -0.0653942, -0.225349, -0.0953504, -0.179813, -0.0982104, -0.225349, -0.0953504, -0.044392, 0.0138734, -0.0306943, -0.0307381, -0.11047, -0.0653942, -0.0218532, -0.0238233, -0.044392, 0.0138734, -0.225349, -0.0953504, -0.11047, -0.0653942, -0.0218532, -0.0238233, -0.044392, 0.0138734, ],]
