START_PARAMETERS
MAX_STEPS_MCDB =               32
MIN_STEPS_MCDB =               4
STEPS_CRUNCH_MCDB =            1
SWEEPS_MCDB =                  60
TOTAL_STEP_CHANGES =                  6
MCBB_SECONDARY =                  1
SWEEPS_MCBB_SECONDARY =                  150
NUMBER_OF_BANGS =                  6
GROUND_E =                -4.05091
INITIAL_E =               -2.55626
j_initial =               0.111
k_initial =               0.5
b_initial =               0
j_target =                0.841
k_target =                0.062
b_target =                0
init_target_dot_squared = 0.745052
init_state = [-0.019596, 0, -0.0107732, 0, -0.019596, 0, -0.0868919, 0, -0.276581, 0, -0.019596, 0, -0.276581, 0, -0.135666, 0, -0.276581, 0, -0.135666, 0, -0.019596, 0, -0.276581, 0, -0.0868919, 0, -0.353445, 0, -0.135666, 0, -0.0107732, 0, -0.0868919, 0, -0.0175814, 0, -0.0868919, 0, -0.276581, 0, -0.019596, 0, -0.0868919, 0, -0.353445, 0, -0.0868919, 0, -0.276581, 0, -0.135666, 0, -0.276581, 0, -0.019596, 0, -0.0175814, 0, -0.0868919, 0, -0.0107732, 0, -0.019596, 0, -0.276581, 0, -0.0868919, 0, -0.0107732, 0, -0.019596, 0, ]
target_state = [-0.0958398, 0, -0.106378, 0, -0.0958398, 0, -0.176044, 0, -0.198827, 0, -0.0958398, 0, -0.198827, 0, -0.206968, 0, -0.198827, 0, -0.206968, 0, -0.0958398, 0, -0.198827, 0, -0.176044, 0, -0.232129, 0, -0.206968, 0, -0.106378, 0, -0.176044, 0, -0.137758, 0, -0.176044, 0, -0.198827, 0, -0.0958398, 0, -0.176044, 0, -0.232129, 0, -0.176044, 0, -0.198827, 0, -0.206968, 0, -0.198827, 0, -0.0958398, 0, -0.137758, 0, -0.176044, 0, -0.106378, 0, -0.0958398, 0, -0.198827, 0, -0.176044, 0, -0.106378, 0, -0.0958398, 0, ]
USE_ENERGY_DISTANCE =     false
PERIODIC =                false
UNIFORM_SITES =           true
DEVICE_DIMENSION =        2
MAX_PARAM =               1
MIN_PARAM =               0
MIN_PARAM =               0
DIAG =                    true
NUM_SEEDS =               1
DISTANCE_LIMIT =          0.02
TAU_INIT =                0.05
MAX_TAU =                 5
TAU_SCALAR =              1.2
TAU_SCALAR_TINY =         1.1
TAU_SCALAR_BIG =          1.4
ACCEPTANCE_PROB =         0.65
TEMP_EXP_DECAY =          0.8
MIN_TEMP_FRACTION =       0.01
TEMP_DECAY_ITERATIONS =   21
ZERO_TEMP_ITREATIONS =    25
RANDOM_STATES =           3
INIT_OVERLAP_LIMIT =      0.99999
END_PARAMETERS
##############################################################################
clock_duration  =         83.3801
tau =                     0.05
total_steps =             32
time_step =               0.0015625
best_mc_result =          0.246146
evolved_target_dot_squared =  0.753854
best_evolved_state = [-0.0217692, -0.0212487, -0.00879513, -0.00842884, -0.0217692, -0.0212487, -0.0865465, -0.0364536, -0.270892, -0.0228208, -0.0217692, -0.0212487, -0.270892, -0.0228208, -0.135885, -0.0569787, -0.270892, -0.0228208, -0.135885, -0.0569787, -0.0217692, -0.0212487, -0.270892, -0.0228208, -0.0865465, -0.0364536, -0.347017, -0.0290822, -0.135885, -0.0569787, -0.00879513, -0.00842884, -0.0865465, -0.0364536, -0.0154188, -0.0135796, -0.0865465, -0.0364536, -0.270892, -0.0228208, -0.0217692, -0.0212487, -0.0865465, -0.0364536, -0.347017, -0.0290822, -0.0865465, -0.0364536, -0.270892, -0.0228208, -0.135885, -0.0569787, -0.270892, -0.0228208, -0.0217692, -0.0212487, -0.0154188, -0.0135796, -0.0865465, -0.0364536, -0.00879513, -0.00842884, -0.0217692, -0.0212487, -0.270892, -0.0228208, -0.0865465, -0.0364536, -0.00879513, -0.00842884, -0.0217692, -0.0212487, ]
distance =          0.965472
j_protocol =  [[1, 1, 1, 1, 1, 1, 1, 1, 1, 1, 1, 1, 1, 1, 1, 1, 1, 1, 1, 1, 1, 1, 1, 1, 1, 1, 1, 1, 1, 1, 0, 0, ],]
k_protocol =  [[0, 0, 0, 0, 0, 1, 1, 1, 1, 1, 1, 1, 1, 1, 1, 1, 1, 1, 1, 1, 1, 1, 1, 1, 1, 1, 1, 1, 1, 1, 1, 1, ],]
j_protocol_secondary =  [0, 0.00993641, 0.00993641, 0.0160492, 0.0160492, 0.0190091, 0.0190091, 0.038864, 0.038864, 0.0413693, 0.0413693, 0.0470655, ]
k_protocol_secondary =  [0.00508781, 0.00508781, 0.00849686, 0.015508, 0.015508, 0.0305469, 0.0305469, 0.0308925, 0.0308925, 0.0406466, 0.0406466, 0.05, ]
best_mc_result_fixed_tau =   [0.246148, ]
evolved_state_fixed_tau =   [[-0.0217771, -0.0210626, -0.00883224, -0.00835788, -0.0217771, -0.0210626, -0.0865673, -0.0361629, -0.270966, -0.0227301, -0.0217771, -0.0210626, -0.270966, -0.0227301, -0.135907, -0.0565227, -0.270966, -0.0227301, -0.135907, -0.0565227, -0.0217771, -0.0210626, -0.270966, -0.0227301, -0.0865673, -0.0361629, -0.3471, -0.0289666, -0.135907, -0.0565227, -0.00883224, -0.00835788, -0.0865673, -0.0361629, -0.0154642, -0.0134645, -0.0865673, -0.0361629, -0.270966, -0.0227301, -0.0217771, -0.0210626, -0.0865673, -0.0361629, -0.3471, -0.0289666, -0.0865673, -0.0361629, -0.270966, -0.0227301, -0.135907, -0.0565227, -0.270966, -0.0227301, -0.0217771, -0.0210626, -0.0154642, -0.0134645, -0.0865673, -0.0361629, -0.00883224, -0.00835788, -0.0217771, -0.0210626, -0.270966, -0.0227301, -0.0865673, -0.0361629, -0.00883224, -0.00835788, -0.0217771, -0.0210626, ],]
##############################################################################
clock_duration  =         166.777
tau =                     0.14
total_steps =             32
time_step =               0.004375
best_mc_result =          0.194865
evolved_target_dot_squared =  0.805135
best_evolved_state = [-0.035084, -0.0507155, 0.00257947, -0.0264042, -0.035084, -0.0507155, -0.0841201, -0.0937993, -0.235022, -0.0631861, -0.035084, -0.0507155, -0.235022, -0.0631861, -0.137377, -0.14762, -0.235022, -0.0631861, -0.137377, -0.14762, -0.035084, -0.0507155, -0.235022, -0.0631861, -0.0841201, -0.0937993, -0.306281, -0.0791319, -0.137377, -0.14762, 0.00257947, -0.0264042, -0.0841201, -0.0937993, -0.00279761, -0.0395724, -0.0841201, -0.0937993, -0.235022, -0.0631861, -0.035084, -0.0507155, -0.0841201, -0.0937993, -0.306281, -0.0791319, -0.0841201, -0.0937993, -0.235022, -0.0631861, -0.137377, -0.14762, -0.235022, -0.0631861, -0.035084, -0.0507155, -0.00279761, -0.0395724, -0.0841201, -0.0937993, 0.00257947, -0.0264042, -0.035084, -0.0507155, -0.235022, -0.0631861, -0.0841201, -0.0937993, 0.00257947, -0.0264042, -0.035084, -0.0507155, ]
distance =          0.764331
j_protocol =  [[1, 1, 1, 1, 1, 1, 1, 1, 1, 1, 1, 1, 1, 1, 1, 1, 1, 1, 1, 1, 1, 1, 1, 1, 1, 1, 1, 1, 1, 1, 0, 0, ],]
k_protocol =  [[0, 0, 0, 0, 0, 1, 1, 1, 1, 1, 1, 1, 1, 1, 1, 1, 1, 1, 1, 1, 1, 1, 1, 1, 1, 1, 1, 1, 1, 1, 1, 1, ],]
j_protocol_secondary =  [0, 0.025642, 0.025642, 0.0417172, 0.0417172, 0.0488643, 0.0488643, 0.0875462, 0.0875462, 0.129512, 0.139696, 0.139696, ]
k_protocol_secondary =  [0.0102149, 0.0102149, 0.0221013, 0.0395602, 0.0395602, 0.0405502, 0.0405502, 0.0770028, 0.0770028, 0.0978654, 0.0978654, 0.14, ]
best_mc_result_fixed_tau =   [0.194874, ]
evolved_state_fixed_tau =   [[-0.034861, -0.0515111, 0.00306799, -0.0268095, -0.034861, -0.0515111, -0.0836731, -0.0951164, -0.234004, -0.0640539, -0.034861, -0.0515111, -0.234004, -0.0640539, -0.136837, -0.149738, -0.234004, -0.0640539, -0.136837, -0.149738, -0.034861, -0.0515111, -0.234004, -0.0640539, -0.0836731, -0.0951164, -0.305117, -0.0801735, -0.136837, -0.149738, 0.00306799, -0.0268095, -0.0836731, -0.0951164, -0.00216769, -0.0401501, -0.0836731, -0.0951164, -0.234004, -0.0640539, -0.034861, -0.0515111, -0.0836731, -0.0951164, -0.305117, -0.0801735, -0.0836731, -0.0951164, -0.234004, -0.0640539, -0.136837, -0.149738, -0.234004, -0.0640539, -0.034861, -0.0515111, -0.00216769, -0.0401501, -0.0836731, -0.0951164, 0.00306799, -0.0268095, -0.034861, -0.0515111, -0.234004, -0.0640539, -0.0836731, -0.0951164, 0.00306799, -0.0268095, -0.034861, -0.0515111, ],]
##############################################################################
clock_duration  =         250.272
tau =                     0.168
total_steps =             32
time_step =               0.00525
best_mc_result =          0.174284
evolved_target_dot_squared =  0.825716
best_evolved_state = [-0.0409036, -0.0557275, 0.00680482, -0.0329649, -0.0409036, -0.0557275, -0.0830525, -0.10757, -0.219223, -0.0750358, -0.0409036, -0.0557275, -0.219223, -0.0750358, -0.13833, -0.169768, -0.219223, -0.0750358, -0.13833, -0.169768, -0.0409036, -0.0557275, -0.219223, -0.0750358, -0.0830525, -0.10757, -0.288213, -0.0932504, -0.13833, -0.169768, 0.00680482, -0.0329649, -0.0830525, -0.10757, 0.00198701, -0.0480381, -0.0830525, -0.10757, -0.219223, -0.0750358, -0.0409036, -0.0557275, -0.0830525, -0.10757, -0.288213, -0.0932504, -0.0830525, -0.10757, -0.219223, -0.0750358, -0.13833, -0.169768, -0.219223, -0.0750358, -0.0409036, -0.0557275, 0.00198701, -0.0480381, -0.0830525, -0.10757, 0.00680482, -0.0329649, -0.0409036, -0.0557275, -0.219223, -0.0750358, -0.0830525, -0.10757, 0.00680482, -0.0329649, -0.0409036, -0.0557275, ]
distance =          0.683606
j_protocol =  [[1, 1, 1, 1, 1, 1, 1, 1, 1, 1, 1, 1, 1, 1, 1, 1, 1, 1, 1, 1, 1, 1, 1, 1, 1, 1, 1, 1, 1, 0, 0, 0, ],]
k_protocol =  [[0, 0, 0, 0, 0, 1, 1, 1, 1, 1, 1, 1, 1, 1, 1, 1, 1, 1, 1, 1, 1, 1, 1, 1, 1, 1, 1, 1, 1, 1, 1, 1, ],]
j_protocol_secondary =  [0, 0.0075854, 0.0075854, 0.00959012, 0.00959012, 0.10635, 0.10635, 0.112994, 0.112994, 0.141089, 0.141089, 0.153478, ]
k_protocol_secondary =  [0.0231863, 0.0231863, 0.0252071, 0.0680473, 0.0680473, 0.101812, 0.101812, 0.113274, 0.113274, 0.127439, 0.127439, 0.168, ]
best_mc_result_fixed_tau =   [0.174292, ]
evolved_state_fixed_tau =   [[-0.0411002, -0.055305, 0.00648503, -0.0327097, -0.0411002, -0.055305, -0.0834114, -0.106826, -0.219917, -0.0743959, -0.0411002, -0.055305, -0.219917, -0.0743959, -0.138777, -0.168565, -0.219917, -0.0743959, -0.138777, -0.168565, -0.0411002, -0.055305, -0.219917, -0.0743959, -0.0834114, -0.106826, -0.289022, -0.0925042, -0.138777, -0.168565, 0.00648503, -0.0327097, -0.0834114, -0.106826, 0.001554, -0.047703, -0.0834114, -0.106826, -0.219917, -0.0743959, -0.0411002, -0.055305, -0.0834114, -0.106826, -0.289022, -0.0925042, -0.0834114, -0.106826, -0.219917, -0.0743959, -0.138777, -0.168565, -0.219917, -0.0743959, -0.0411002, -0.055305, 0.001554, -0.047703, -0.0834114, -0.106826, 0.00648503, -0.0327097, -0.0411002, -0.055305, -0.219917, -0.0743959, -0.0834114, -0.106826, 0.00648503, -0.0327097, -0.0411002, -0.055305, ],]
##############################################################################
clock_duration  =         332.878
tau =                     0.2352
total_steps =             32
time_step =               0.00735
best_mc_result =          0.127937
evolved_target_dot_squared =  0.872063
best_evolved_state = [-0.0565736, -0.0561535, 0.0126143, -0.0486013, -0.0565736, -0.0561535, -0.0826197, -0.128313, -0.182679, -0.0985448, -0.0565736, -0.0561535, -0.182679, -0.0985448, -0.144539, -0.203408, -0.182679, -0.0985448, -0.144539, -0.203408, -0.0565736, -0.0561535, -0.182679, -0.0985448, -0.0826197, -0.128313, -0.246046, -0.120275, -0.144539, -0.203408, 0.0126143, -0.0486013, -0.0826197, -0.128313, 0.00856706, -0.0666342, -0.0826197, -0.128313, -0.182679, -0.0985448, -0.0565736, -0.0561535, -0.0826197, -0.128313, -0.246046, -0.120275, -0.0826197, -0.128313, -0.182679, -0.0985448, -0.144539, -0.203408, -0.182679, -0.0985448, -0.0565736, -0.0561535, 0.00856706, -0.0666342, -0.0826197, -0.128313, 0.0126143, -0.0486013, -0.0565736, -0.0561535, -0.182679, -0.0985448, -0.0826197, -0.128313, 0.0126143, -0.0486013, -0.0565736, -0.0561535, ]
distance =          0.501814
j_protocol =  [[1, 1, 1, 1, 1, 1, 1, 1, 1, 1, 1, 1, 1, 1, 1, 1, 1, 1, 1, 1, 1, 1, 1, 1, 1, 1, 1, 0, 0, 0, 0, 0, ],]
k_protocol =  [[0, 0, 0, 0, 1, 1, 1, 1, 1, 1, 1, 1, 1, 1, 1, 1, 1, 1, 1, 1, 1, 1, 1, 1, 1, 1, 1, 1, 1, 1, 1, 1, ],]
j_protocol_secondary =  [0, 0.00942159, 0.00942159, 0.0523176, 0.0523176, 0.0769028, 0.0769028, 0.200895, 0.220448, 0.220448, 0.231421, 0.231421, ]
k_protocol_secondary =  [0.0285463, 0.0461537, 0.0461537, 0.110341, 0.110341, 0.176217, 0.176217, 0.178778, 0.178778, 0.189861, 0.189861, 0.2352, ]
best_mc_result_fixed_tau =   [0.127947, ]
evolved_state_fixed_tau =   [[-0.0570187, -0.0552767, 0.0118008, -0.0479556, -0.0570187, -0.0552767, -0.0835568, -0.126924, -0.184538, -0.0973054, -0.0570187, -0.0552767, -0.184538, -0.0973054, -0.145645, -0.201094, -0.184538, -0.0973054, -0.145645, -0.201094, -0.0570187, -0.0552767, -0.184538, -0.0973054, -0.0835568, -0.126924, -0.248223, -0.118888, -0.145645, -0.201094, 0.0118008, -0.0479556, -0.0835568, -0.126924, 0.00744858, -0.065825, -0.0835568, -0.126924, -0.184538, -0.0973054, -0.0570187, -0.0552767, -0.0835568, -0.126924, -0.248223, -0.118888, -0.0835568, -0.126924, -0.184538, -0.0973054, -0.145645, -0.201094, -0.184538, -0.0973054, -0.0570187, -0.0552767, 0.00744858, -0.065825, -0.0835568, -0.126924, 0.0118008, -0.0479556, -0.0570187, -0.0552767, -0.184538, -0.0973054, -0.0835568, -0.126924, 0.0118008, -0.0479556, -0.0570187, -0.0552767, ],]
##############################################################################
clock_duration  =         412.369
tau =                     0.28224
total_steps =             32
time_step =               0.00882
best_mc_result =          0.103891
evolved_target_dot_squared =  0.896109
best_evolved_state = [-0.0678948, -0.0459741, 0.00955374, -0.0565814, -0.0678948, -0.0459741, -0.0870515, -0.131602, -0.166454, -0.108306, -0.0678948, -0.0459741, -0.166454, -0.108306, -0.154999, -0.208214, -0.166454, -0.108306, -0.154999, -0.208214, -0.0678948, -0.0459741, -0.166454, -0.108306, -0.0870515, -0.131602, -0.22707, -0.131087, -0.154999, -0.208214, 0.00955374, -0.0565814, -0.0870515, -0.131602, 0.00458916, -0.0752519, -0.0870515, -0.131602, -0.166454, -0.108306, -0.0678948, -0.0459741, -0.0870515, -0.131602, -0.22707, -0.131087, -0.0870515, -0.131602, -0.166454, -0.108306, -0.154999, -0.208214, -0.166454, -0.108306, -0.0678948, -0.0459741, 0.00458916, -0.0752519, -0.0870515, -0.131602, 0.00955374, -0.0565814, -0.0678948, -0.0459741, -0.166454, -0.108306, -0.0870515, -0.131602, 0.00955374, -0.0565814, -0.0678948, -0.0459741, ]
distance =          0.407497
j_protocol =  [[1, 1, 1, 1, 1, 1, 1, 1, 1, 1, 1, 1, 1, 1, 1, 1, 1, 1, 1, 1, 1, 1, 1, 1, 0, 1, 0, 0, 0, 0, 0, 0, ],]
k_protocol =  [[0, 0, 0, 1, 1, 1, 1, 1, 1, 1, 1, 1, 1, 1, 1, 1, 1, 1, 1, 1, 1, 1, 1, 1, 1, 1, 1, 1, 1, 1, 1, 1, ],]
j_protocol_secondary =  [0, 0.0892028, 0.0892028, 0.100132, 0.100132, 0.188551, 0.188551, 0.216325, 0.216325, 0.220561, 0.251145, 0.251145, ]
k_protocol_secondary =  [0.0160395, 0.0160395, 0.0261557, 0.0643704, 0.0643704, 0.182937, 0.182937, 0.185309, 0.185309, 0.239082, 0.239082, 0.28224, ]
best_mc_result_fixed_tau =   [0.103921, ]
evolved_state_fixed_tau =   [[-0.0677416, -0.0459259, 0.00956638, -0.0565669, -0.0677416, -0.0459259, -0.086978, -0.131575, -0.166557, -0.108439, -0.0677416, -0.0459259, -0.166557, -0.108439, -0.154889, -0.208142, -0.166557, -0.108439, -0.154889, -0.208142, -0.0677416, -0.0459259, -0.166557, -0.108439, -0.086978, -0.131575, -0.227156, -0.131199, -0.154889, -0.208142, 0.00956638, -0.0565669, -0.086978, -0.131575, 0.00464369, -0.0751891, -0.086978, -0.131575, -0.166557, -0.108439, -0.0677416, -0.0459259, -0.086978, -0.131575, -0.227156, -0.131199, -0.086978, -0.131575, -0.166557, -0.108439, -0.154889, -0.208142, -0.166557, -0.108439, -0.0677416, -0.0459259, 0.00464369, -0.0751891, -0.086978, -0.131575, 0.00956638, -0.0565669, -0.0677416, -0.0459259, -0.166557, -0.108439, -0.086978, -0.131575, 0.00956638, -0.0565669, -0.0677416, -0.0459259, ],]
##############################################################################
clock_duration  =         508.353
tau =                     0.395136
total_steps =             32
time_step =               0.012348
best_mc_result =          0.0788166
evolved_target_dot_squared =  0.921183
best_evolved_state = [-0.0516098, -0.035879, 0.0147008, -0.0828291, -0.0516098, -0.035879, -0.0568243, -0.156332, -0.0956707, -0.161874, -0.0516098, -0.035879, -0.0956707, -0.161874, -0.126881, -0.245759, -0.0956707, -0.161874, -0.126881, -0.245759, -0.0516098, -0.035879, -0.0956707, -0.161874, -0.0568243, -0.156332, -0.136016, -0.18709, -0.126881, -0.245759, 0.0147008, -0.0828291, -0.0568243, -0.156332, 0.0236322, -0.104357, -0.0568243, -0.156332, -0.0956707, -0.161874, -0.0516098, -0.035879, -0.0568243, -0.156332, -0.136016, -0.18709, -0.0568243, -0.156332, -0.0956707, -0.161874, -0.126881, -0.245759, -0.0956707, -0.161874, -0.0516098, -0.035879, 0.0236322, -0.104357, -0.0568243, -0.156332, 0.0147008, -0.0828291, -0.0516098, -0.035879, -0.0956707, -0.161874, -0.0568243, -0.156332, 0.0147008, -0.0828291, -0.0516098, -0.035879, ]
distance =          0.309148
j_protocol =  [[1, 1, 1, 1, 1, 1, 1, 1, 1, 1, 1, 0, 0, 1, 1, 0, 0, 1, 1, 1, 0, 1, 1, 1, 1, 1, 1, 1, 1, 1, 1, 0, ],]
k_protocol =  [[0, 1, 1, 1, 1, 1, 1, 1, 1, 1, 1, 1, 1, 1, 1, 1, 1, 1, 1, 1, 1, 1, 1, 1, 1, 1, 1, 1, 1, 1, 1, 1, ],]
j_protocol_secondary =  [0, 0.00461202, 0.00461202, 0.0884597, 0.0884597, 0.133798, 0.165551, 0.184176, 0.212094, 0.251508, 0.251508, 0.375428, ]
k_protocol_secondary =  [0.0132264, 0.0674275, 0.0674275, 0.279765, 0.279765, 0.306374, 0.306374, 0.306675, 0.306675, 0.387039, 0.387039, 0.395136, ]
best_mc_result_fixed_tau =   [0.0789509, ]
evolved_state_fixed_tau =   [[-0.050454, -0.0350218, 0.0158986, -0.084685, -0.050454, -0.0350218, -0.0539973, -0.157279, -0.090552, -0.164822, -0.050454, -0.0350218, -0.090552, -0.164822, -0.124142, -0.24735, -0.090552, -0.164822, -0.124142, -0.24735, -0.050454, -0.0350218, -0.090552, -0.164822, -0.0539973, -0.157279, -0.129623, -0.189967, -0.124142, -0.24735, 0.0158986, -0.084685, -0.0539973, -0.157279, 0.0258202, -0.106053, -0.0539973, -0.157279, -0.090552, -0.164822, -0.050454, -0.0350218, -0.0539973, -0.157279, -0.129623, -0.189967, -0.0539973, -0.157279, -0.090552, -0.164822, -0.124142, -0.24735, -0.090552, -0.164822, -0.050454, -0.0350218, 0.0258202, -0.106053, -0.0539973, -0.157279, 0.0158986, -0.084685, -0.050454, -0.0350218, -0.090552, -0.164822, -0.0539973, -0.157279, 0.0158986, -0.084685, -0.050454, -0.0350218, ],]
##############################################################################
clock_duration  =         608.842
tau =                     0.55319
total_steps =             32
time_step =               0.0172872
best_mc_result =          0.0608951
evolved_target_dot_squared =  0.939105
best_evolved_state = [-0.0119692, -0.0388799, 0.0171398, -0.0841567, -0.0119692, -0.0388799, -0.0139494, -0.167428, -0.0322884, -0.192126, -0.0119692, -0.0388799, -0.0322884, -0.192126, -0.0760927, -0.259009, -0.0322884, -0.192126, -0.0760927, -0.259009, -0.0119692, -0.0388799, -0.0322884, -0.192126, -0.0139494, -0.167428, -0.0465378, -0.224442, -0.0760927, -0.259009, 0.0171398, -0.0841567, -0.0139494, -0.167428, 0.0422453, -0.11758, -0.0139494, -0.167428, -0.0322884, -0.192126, -0.0119692, -0.0388799, -0.0139494, -0.167428, -0.0465378, -0.224442, -0.0139494, -0.167428, -0.0322884, -0.192126, -0.0760927, -0.259009, -0.0322884, -0.192126, -0.0119692, -0.0388799, 0.0422453, -0.11758, -0.0139494, -0.167428, 0.0171398, -0.0841567, -0.0119692, -0.0388799, -0.0322884, -0.192126, -0.0139494, -0.167428, 0.0171398, -0.0841567, -0.0119692, -0.0388799, ]
distance =          0.238853
j_protocol =  [[1, 1, 1, 1, 0, 0, 0, 0, 1, 1, 1, 1, 0, 0, 0, 0, 1, 1, 1, 1, 1, 1, 1, 1, 1, 1, 1, 1, 1, 1, 1, 0, ],]
k_protocol =  [[0, 1, 1, 1, 1, 1, 1, 1, 1, 1, 1, 1, 1, 1, 1, 1, 1, 1, 1, 1, 1, 1, 1, 1, 1, 1, 1, 1, 1, 1, 1, 1, ],]
j_protocol_secondary =  [0, 0.100562, 0.102411, 0.109166, 0.170187, 0.170187, 0.241876, 0.255589, 0.25672, 0.546895, 0.552409, 0.552409, ]
k_protocol_secondary =  [0.0119041, 0.181354, 0.181354, 0.260549, 0.260549, 0.276891, 0.276891, 0.341907, 0.341907, 0.411386, 0.411386, 0.55319, ]
best_mc_result_fixed_tau =   [0.0630461, ]
evolved_state_fixed_tau =   [[-0.0210498, -0.0354023, 0.0128066, -0.0860917, -0.0210498, -0.0354023, -0.0236269, -0.165804, -0.0420663, -0.19021, -0.0210498, -0.0354023, -0.0420663, -0.19021, -0.0885972, -0.256073, -0.0420663, -0.19021, -0.0885972, -0.256073, -0.0210498, -0.0354023, -0.0420663, -0.19021, -0.0236269, -0.165804, -0.0608378, -0.220458, -0.0885972, -0.256073, 0.0128066, -0.0860917, -0.0236269, -0.165804, 0.0346372, -0.117134, -0.0236269, -0.165804, -0.0420663, -0.19021, -0.0210498, -0.0354023, -0.0236269, -0.165804, -0.0608378, -0.220458, -0.0236269, -0.165804, -0.0420663, -0.19021, -0.0885972, -0.256073, -0.0420663, -0.19021, -0.0210498, -0.0354023, 0.0346372, -0.117134, -0.0236269, -0.165804, 0.0128066, -0.0860917, -0.0210498, -0.0354023, -0.0420663, -0.19021, -0.0236269, -0.165804, 0.0128066, -0.0860917, -0.0210498, -0.0354023, ],]
##############################################################################
clock_duration  =         714.466
tau =                     0.774467
total_steps =             32
time_step =               0.0242021
best_mc_result =          0.0352533
evolved_target_dot_squared =  0.964747
best_evolved_state = [0.0318599, -0.0649833, 0.0327076, -0.0584108, 0.0318599, -0.0649833, 0.0425841, -0.161104, 0.055858, -0.193903, 0.0318599, -0.0649833, 0.055858, -0.193903, -0.00136132, -0.2383, 0.055858, -0.193903, -0.00136132, -0.2383, 0.0318599, -0.0649833, 0.055858, -0.193903, 0.0425841, -0.161104, 0.0723387, -0.244935, -0.00136132, -0.2383, 0.0327076, -0.0584108, 0.0425841, -0.161104, 0.0582424, -0.118085, 0.0425841, -0.161104, 0.055858, -0.193903, 0.0318599, -0.0649833, 0.0425841, -0.161104, 0.0723387, -0.244935, 0.0425841, -0.161104, 0.055858, -0.193903, -0.00136132, -0.2383, 0.055858, -0.193903, 0.0318599, -0.0649833, 0.0582424, -0.118085, 0.0425841, -0.161104, 0.0327076, -0.0584108, 0.0318599, -0.0649833, 0.055858, -0.193903, 0.0425841, -0.161104, 0.0327076, -0.0584108, 0.0318599, -0.0649833, ]
distance =          0.138276
j_protocol =  [[1, 1, 0, 1, 1, 0, 0, 1, 0, 0, 0, 0, 1, 1, 0, 0, 1, 1, 1, 1, 1, 1, 1, 1, 1, 1, 1, 1, 1, 1, 1, 1, ],]
k_protocol =  [[0, 1, 1, 1, 1, 1, 1, 1, 1, 1, 1, 1, 1, 1, 1, 1, 1, 1, 1, 1, 1, 1, 1, 1, 1, 0, 1, 0, 1, 1, 1, 1, ],]
j_protocol_secondary =  [0, 0.0510202, 0.0510202, 0.122395, 0.168961, 0.170581, 0.2979, 0.328856, 0.385601, 0.769351, 0.772518, 0.772518, ]
k_protocol_secondary =  [0.0147116, 0.0242021, 0.0242021, 0.0645575, 0.0645575, 0.492017, 0.492017, 0.608789, 0.616627, 0.658289, 0.66415, 0.774467, ]
best_mc_result_fixed_tau =   [0.0380151, ]
evolved_state_fixed_tau =   [[0.040737, -0.054048, 0.0442049, -0.0654915, 0.040737, -0.054048, 0.0670077, -0.153466, 0.0818906, -0.18295, 0.040737, -0.054048, 0.0818906, -0.18295, 0.0246662, -0.238691, 0.0818906, -0.18295, 0.0246662, -0.238691, 0.040737, -0.054048, 0.0818906, -0.18295, 0.0670077, -0.153466, 0.102774, -0.22262, 0.0246662, -0.238691, 0.0442049, -0.0654915, 0.0670077, -0.153466, 0.0838841, -0.1183, 0.0670077, -0.153466, 0.0818906, -0.18295, 0.040737, -0.054048, 0.0670077, -0.153466, 0.102774, -0.22262, 0.0670077, -0.153466, 0.0818906, -0.18295, 0.0246662, -0.238691, 0.0818906, -0.18295, 0.040737, -0.054048, 0.0838841, -0.1183, 0.0670077, -0.153466, 0.0442049, -0.0654915, 0.040737, -0.054048, 0.0818906, -0.18295, 0.0670077, -0.153466, 0.0442049, -0.0654915, 0.040737, -0.054048, ],]
##############################################################################
clock_duration  =         823.764
tau =                     0.851913
total_steps =             32
time_step =               0.0266223
best_mc_result =          0.0292097
evolved_target_dot_squared =  0.97079
best_evolved_state = [0.0666184, -0.0571925, 0.0552884, -0.0435823, 0.0666184, -0.0571925, 0.106244, -0.129904, 0.131336, -0.156971, 0.0666184, -0.0571925, 0.131336, -0.156971, 0.0752787, -0.198891, 0.131336, -0.156971, 0.0752787, -0.198891, 0.0666184, -0.0571925, 0.131336, -0.156971, 0.106244, -0.129904, 0.168852, -0.198953, 0.0752787, -0.198891, 0.0552884, -0.0435823, 0.106244, -0.129904, 0.0964042, -0.105866, 0.106244, -0.129904, 0.131336, -0.156971, 0.0666184, -0.0571925, 0.106244, -0.129904, 0.168852, -0.198953, 0.106244, -0.129904, 0.131336, -0.156971, 0.0752787, -0.198891, 0.131336, -0.156971, 0.0666184, -0.0571925, 0.0964042, -0.105866, 0.106244, -0.129904, 0.0552884, -0.0435823, 0.0666184, -0.0571925, 0.131336, -0.156971, 0.106244, -0.129904, 0.0552884, -0.0435823, 0.0666184, -0.0571925, ]
distance =          0.114571
j_protocol =  [[1, 1, 1, 1, 0, 0, 0, 0, 1, 1, 0, 0, 1, 1, 0, 0, 0, 0, 1, 1, 1, 1, 1, 1, 1, 1, 1, 1, 1, 1, 1, 1, ],]
k_protocol =  [[1, 1, 1, 1, 1, 1, 1, 1, 1, 1, 1, 1, 1, 1, 1, 1, 1, 1, 1, 1, 1, 1, 1, 1, 0, 0, 1, 1, 1, 1, 1, 1, ],]
j_protocol_secondary =  [0, 0.118786, 0.235252, 0.262851, 0.323996, 0.365562, 0.380214, 0.406336, 0.430384, 0.509281, 0.509281, 0.84708, ]
k_protocol_secondary =  [0.013412, 0.178486, 0.178486, 0.547748, 0.547748, 0.675239, 0.697589, 0.697589, 0.722143, 0.722143, 0.749451, 0.851913, ]
best_mc_result_fixed_tau =   [0.0324128, ]
evolved_state_fixed_tau =   [[0.0540282, -0.0677328, 0.0401009, -0.0441115, 0.0540282, -0.0677328, 0.0713045, -0.152804, 0.085915, -0.181482, 0.0540282, -0.0677328, 0.085915, -0.181482, 0.0392094, -0.223818, 0.085915, -0.181482, 0.0392094, -0.223818, 0.0540282, -0.0677328, 0.085915, -0.181482, 0.0713045, -0.152804, 0.113948, -0.23334, 0.0392094, -0.223818, 0.0401009, -0.0441115, 0.0713045, -0.152804, 0.072624, -0.109053, 0.0713045, -0.152804, 0.085915, -0.181482, 0.0540282, -0.0677328, 0.0713045, -0.152804, 0.113948, -0.23334, 0.0713045, -0.152804, 0.085915, -0.181482, 0.0392094, -0.223818, 0.085915, -0.181482, 0.0540282, -0.0677328, 0.072624, -0.109053, 0.0713045, -0.152804, 0.0401009, -0.0441115, 0.0540282, -0.0677328, 0.085915, -0.181482, 0.0713045, -0.152804, 0.0401009, -0.0441115, 0.0540282, -0.0677328, ],]
##############################################################################
clock_duration  =         932.144
tau =                     0.937105
total_steps =             32
time_step =               0.0292845
best_mc_result =          0.0228236
evolved_target_dot_squared =  0.977176
best_evolved_state = [0.0913734, -0.0366321, 0.0760173, -0.0176273, 0.0913734, -0.0366321, 0.155052, -0.0736284, 0.18258, -0.0967871, 0.0913734, -0.0366321, 0.18258, -0.0967871, 0.134433, -0.129291, 0.18258, -0.0967871, 0.134433, -0.129291, 0.0913734, -0.0366321, 0.18258, -0.0967871, 0.155052, -0.0736284, 0.232414, -0.125568, 0.134433, -0.129291, 0.0760173, -0.0176273, 0.155052, -0.0736284, 0.124585, -0.0742519, 0.155052, -0.0736284, 0.18258, -0.0967871, 0.0913734, -0.0366321, 0.155052, -0.0736284, 0.232414, -0.125568, 0.155052, -0.0736284, 0.18258, -0.0967871, 0.134433, -0.129291, 0.18258, -0.0967871, 0.0913734, -0.0366321, 0.124585, -0.0742519, 0.155052, -0.0736284, 0.0760173, -0.0176273, 0.0913734, -0.0366321, 0.18258, -0.0967871, 0.155052, -0.0736284, 0.0760173, -0.0176273, 0.0913734, -0.0366321, ]
distance =          0.0895227
j_protocol =  [[1, 0, 1, 1, 0, 1, 0, 0, 0, 1, 1, 1, 0, 0, 0, 1, 1, 0, 1, 1, 1, 1, 1, 1, 1, 1, 1, 1, 1, 1, 1, 1, ],]
k_protocol =  [[1, 1, 1, 1, 1, 1, 1, 1, 1, 1, 1, 1, 1, 1, 1, 1, 1, 1, 1, 1, 1, 1, 1, 1, 1, 0, 0, 0, 1, 1, 1, 1, ],]
j_protocol_secondary =  [0, 0.0513129, 0.0513129, 0.113118, 0.155742, 0.16361, 0.291127, 0.380801, 0.418939, 0.526083, 0.526083, 0.931874, ]
k_protocol_secondary =  [0.0132274, 0.122206, 0.122206, 0.211145, 0.211145, 0.366069, 0.366069, 0.716359, 0.803139, 0.803139, 0.84536, 0.937105, ]
best_mc_result_fixed_tau =   [0.0263789, ]
evolved_state_fixed_tau =   [[0.0781078, -0.0534834, 0.0592878, -0.0308018, 0.0781078, -0.0534834, 0.124567, -0.115377, 0.149976, -0.139099, 0.0781078, -0.0534834, 0.149976, -0.139099, 0.102476, -0.17725, 0.149976, -0.139099, 0.102476, -0.17725, 0.0781078, -0.0534834, 0.149976, -0.139099, 0.124567, -0.115377, 0.194275, -0.177764, 0.102476, -0.17725, 0.0592878, -0.0308018, 0.124567, -0.115377, 0.10364, -0.0928706, 0.124567, -0.115377, 0.149976, -0.139099, 0.0781078, -0.0534834, 0.124567, -0.115377, 0.194275, -0.177764, 0.124567, -0.115377, 0.149976, -0.139099, 0.102476, -0.17725, 0.149976, -0.139099, 0.0781078, -0.0534834, 0.10364, -0.0928706, 0.124567, -0.115377, 0.0592878, -0.0308018, 0.0781078, -0.0534834, 0.149976, -0.139099, 0.124567, -0.115377, 0.0592878, -0.0308018, 0.0781078, -0.0534834, ],]
##############################################################################
clock_duration  =         1309.01
tau =                     0.967598
total_steps =             32
time_step =               0.032213
best_mc_result =          0.0204988
evolved_target_dot_squared =  0.979501
best_evolved_state = [0.0947958, -0.0311066, 0.0807317, -0.00962931, 0.0947958, -0.0311066, 0.163556, -0.0572446, 0.190638, -0.0796345, 0.0947958, -0.0311066, 0.190638, -0.0796345, 0.146093, -0.108564, 0.190638, -0.0796345, 0.146093, -0.108564, 0.0947958, -0.0311066, 0.190638, -0.0796345, 0.163556, -0.0572446, 0.241456, -0.105224, 0.146093, -0.108564, 0.0807317, -0.00962931, 0.163556, -0.0572446, 0.128165, -0.063695, 0.163556, -0.0572446, 0.190638, -0.0796345, 0.0947958, -0.0311066, 0.163556, -0.0572446, 0.241456, -0.105224, 0.163556, -0.0572446, 0.190638, -0.0796345, 0.146093, -0.108564, 0.190638, -0.0796345, 0.0947958, -0.0311066, 0.128165, -0.063695, 0.163556, -0.0572446, 0.0807317, -0.00962931, 0.0947958, -0.0311066, 0.190638, -0.0796345, 0.163556, -0.0572446, 0.0807317, -0.00962931, 0.0947958, -0.0311066, ]
distance =          0.0804037
j_protocol =  [[1, 1, 1, 1, 0, 0, 0, 0, 0, 1, 1, 0, 1, 1, 0, 1, 1, 1, 0, 0, 0, 1, 1, 1, 1, 1, 1, 1, 1, 1, 1, 1, ],]
k_protocol =  [[1, 1, 1, 1, 1, 1, 1, 1, 1, 1, 1, 1, 1, 1, 1, 0, 0, 1, 1, 0, 1, 1, 1, 1, 0, 0, 0, 0, 0, 1, 1, 1, ],]
j_protocol_secondary =  [0, 0.114324, 0.241266, 0.251072, 0.293566, 0.346333, 0.374363, 0.420027, 0.43209, 0.531573, 0.536697, 0.96261, ]
k_protocol_secondary =  [0.00864632, 0.00864632, 0.013245, 0.475155, 0.475155, 0.574511, 0.574511, 0.733317, 0.848261, 0.848261, 0.874952, 0.967598, ]
best_mc_result_fixed_tau =   [0.0260964, ]
evolved_state_fixed_tau =   [[0.0962044, -0.0367631, 0.073821, -0.016584, 0.0962044, -0.0367631, 0.151982, -0.0829728, 0.171093, -0.101746, 0.0962044, -0.0367631, 0.171093, -0.101746, 0.132791, -0.146009, 0.171093, -0.101746, 0.132791, -0.146009, 0.0962044, -0.0367631, 0.171093, -0.101746, 0.151982, -0.0829728, 0.222727, -0.132923, 0.132791, -0.146009, 0.073821, -0.016584, 0.151982, -0.0829728, 0.130486, -0.0740585, 0.151982, -0.0829728, 0.171093, -0.101746, 0.0962044, -0.0367631, 0.151982, -0.0829728, 0.222727, -0.132923, 0.151982, -0.0829728, 0.171093, -0.101746, 0.132791, -0.146009, 0.171093, -0.101746, 0.0962044, -0.0367631, 0.130486, -0.0740585, 0.151982, -0.0829728, 0.073821, -0.016584, 0.0962044, -0.0367631, 0.171093, -0.101746, 0.151982, -0.0829728, 0.073821, -0.016584, 0.0962044, -0.0367631, ],]
##############################################################################
clock_duration  =         1455.09
tau =                     0.975221
total_steps =             32
time_step =               0.032213
best_mc_result =          0.0199356
evolved_target_dot_squared =  0.980064
best_evolved_state = [0.0954446, -0.0299027, 0.08185, -0.00761554, 0.0954446, -0.0299027, 0.165233, -0.0534408, 0.192137, -0.0758075, 0.0954446, -0.0299027, 0.192137, -0.0758075, 0.14861, -0.103584, 0.192137, -0.0758075, 0.14861, -0.103584, 0.0954446, -0.0299027, 0.192137, -0.0758075, 0.165233, -0.0534408, 0.243067, -0.100966, 0.14861, -0.103584, 0.08185, -0.00761554, 0.165233, -0.0534408, 0.128618, -0.0611365, 0.165233, -0.0534408, 0.192137, -0.0758075, 0.0954446, -0.0299027, 0.165233, -0.0534408, 0.243067, -0.100966, 0.165233, -0.0534408, 0.192137, -0.0758075, 0.14861, -0.103584, 0.192137, -0.0758075, 0.0954446, -0.0299027, 0.128618, -0.0611365, 0.165233, -0.0534408, 0.08185, -0.00761554, 0.0954446, -0.0299027, 0.192137, -0.0758075, 0.165233, -0.0534408, 0.08185, -0.00761554, 0.0954446, -0.0299027, ]
distance =          0.0781945
j_protocol =  [[1, 1, 1, 1, 0, 0, 0, 0, 0, 1, 1, 0, 1, 1, 0, 1, 1, 1, 0, 0, 0, 1, 1, 1, 1, 1, 1, 1, 1, 1, 1, 1, ],]
k_protocol =  [[1, 1, 1, 1, 1, 1, 1, 1, 1, 1, 1, 1, 1, 1, 1, 0, 0, 1, 1, 0, 1, 1, 1, 1, 0, 0, 0, 0, 0, 1, 1, 1, ],]
j_protocol_secondary =  [0, 0.11522, 0.243624, 0.251506, 0.295879, 0.349708, 0.374795, 0.42238, 0.435656, 0.53601, 0.541071, 0.969922, ]
k_protocol_secondary =  [0.0125725, 0.0125725, 0.0125725, 0.478899, 0.478899, 0.579037, 0.579037, 0.738504, 0.854944, 0.854944, 0.882947, 0.975221, ]
best_mc_result_fixed_tau =   [0.0260964, ]
evolved_state_fixed_tau =   [[0.0962044, -0.0367631, 0.073821, -0.016584, 0.0962044, -0.0367631, 0.151982, -0.0829728, 0.171093, -0.101746, 0.0962044, -0.0367631, 0.171093, -0.101746, 0.132791, -0.146009, 0.171093, -0.101746, 0.132791, -0.146009, 0.0962044, -0.0367631, 0.171093, -0.101746, 0.151982, -0.0829728, 0.222727, -0.132923, 0.132791, -0.146009, 0.073821, -0.016584, 0.151982, -0.0829728, 0.130486, -0.0740585, 0.151982, -0.0829728, 0.171093, -0.101746, 0.0962044, -0.0367631, 0.151982, -0.0829728, 0.222727, -0.132923, 0.151982, -0.0829728, 0.171093, -0.101746, 0.132791, -0.146009, 0.171093, -0.101746, 0.0962044, -0.0367631, 0.130486, -0.0740585, 0.151982, -0.0829728, 0.073821, -0.016584, 0.0962044, -0.0367631, 0.171093, -0.101746, 0.151982, -0.0829728, 0.073821, -0.016584, 0.0962044, -0.0367631, ],]
