START_PARAMETERS
MAX_STEPS_MCDB =               128
MIN_STEPS_MCDB =               8
STEPS_CRUNCH_MCDB =            1
SWEEPS_MCDB =                  250
GROUND_E =                -5.68787
INITIAL_E =               -5.50274
j_initial =               0.679
k_initial =               0.25
b_initial =               0
j_target =                0.761
k_target =                0.062
b_target =                0
init_target_dot_squared = 0.94321
init_state = [0.0152581, 0, 0.0213174, 0, 0.053115, 0, 0.052955, 0, 0.0185913, 0, 0.0152581, 0, 0.04196, 0, 0.0377482, 0, 0.04196, 0, 0.0185913, 0, 0.052955, 0, 0.053115, 0, 0.0670387, 0, 0.114886, 0, 0.0670387, 0, 0.0395634, 0, 0.102399, 0, 0.0700054, 0, 0.0415946, 0, 0.052955, 0, 0.129571, 0, 0.0697599, 0, 0.142981, 0, 0.135128, 0, 0.0697599, 0, 0.0152581, 0, 0.0395634, 0, 0.0623855, 0, 0.0652214, 0, 0.163237, 0, 0.0693533, 0, 0.0213174, 0, 0.053115, 0, 0.0697599, 0, 0.0670387, 0, 0.0652214, 0, 0.163237, 0, 0.102399, 0, 0.04196, 0, 0.0670387, 0, 0.142981, 0, 0.0670387, 0, 0.135128, 0, 0.114886, 0, 0.053115, 0, 0.04196, 0, 0.102399, 0, 0.163237, 0, 0.163237, 0, 0.408698, 0, 0.163237, 0, 0.053115, 0, 0.114886, 0, 0.135128, 0, 0.114886, 0, 0.0377482, 0, 0.0700054, 0, 0.0693533, 0, 0.102399, 0, 0.163237, 0, 0.0623855, 0, 0.052955, 0, 0.0670387, 0, 0.0697599, 0, 0.053115, 0, 0.0152581, 0, 0.04196, 0, 0.0415946, 0, 0.04196, 0, 0.0185913, 0, 0.0395634, 0, 0.0623855, 0, 0.0395634, 0, 0.0152581, 0, 0.0697599, 0, 0.129571, 0, 0.052955, 0, 0.0697599, 0, 0.053115, 0, 0.0213174, 0, 0.0415946, 0, 0.0700054, 0, 0.102399, 0, 0.0693533, 0, 0.163237, 0, 0.0652214, 0, 0.0697599, 0, 0.135128, 0, 0.142981, 0, 0.0670387, 0, 0.0700054, 0, 0.0770861, 0, 0.0700054, 0, 0.0700054, 0, 0.102399, 0, 0.0395634, 0, 0.129571, 0, 0.142981, 0, 0.129571, 0, 0.052955, 0, 0.0395634, 0, 0.102399, 0, 0.0700054, 0, 0.0377482, 0, 0.052955, 0, 0.0693533, 0, 0.0700054, 0, 0.0377482, 0, 0.0415946, 0, 0.04196, 0, 0.0152581, 0, 0.0697599, 0, 0.0670387, 0, 0.052955, 0, 0.0185913, 0, 0.0623855, 0, 0.163237, 0, 0.102399, 0, 0.04196, 0, 0.053115, 0, 0.0395634, 0, 0.0652214, 0, 0.0395634, 0, 0.0152581, 0, 0.0213174, 0, 0.0152581, 0, ]
target_state = [-0.0279729, 0, -0.0346265, 0, -0.0666809, 0, -0.0690478, 0, -0.0331059, 0, -0.0279729, 0, -0.0600669, 0, -0.0584323, 0, -0.0600669, 0, -0.0331059, 0, -0.0690478, 0, -0.0666809, 0, -0.0807803, 0, -0.109288, 0, -0.0807803, 0, -0.0544497, 0, -0.109139, 0, -0.0892529, 0, -0.0630535, 0, -0.0690478, 0, -0.128716, 0, -0.0863176, 0, -0.140009, 0, -0.132802, 0, -0.0863176, 0, -0.0279729, 0, -0.0544497, 0, -0.0748728, 0, -0.0751403, 0, -0.13904, 0, -0.0841856, 0, -0.0346265, 0, -0.0666809, 0, -0.0863176, 0, -0.0807803, 0, -0.0751403, 0, -0.13904, 0, -0.109139, 0, -0.0600669, 0, -0.0807803, 0, -0.140009, 0, -0.0807803, 0, -0.132802, 0, -0.109288, 0, -0.0666809, 0, -0.0600669, 0, -0.109139, 0, -0.13904, 0, -0.13904, 0, -0.238507, 0, -0.13904, 0, -0.0666809, 0, -0.109288, 0, -0.132802, 0, -0.109288, 0, -0.0584323, 0, -0.0892529, 0, -0.0841856, 0, -0.109139, 0, -0.13904, 0, -0.0748728, 0, -0.0690478, 0, -0.0807803, 0, -0.0863176, 0, -0.0666809, 0, -0.0279729, 0, -0.0600669, 0, -0.0630535, 0, -0.0600669, 0, -0.0331059, 0, -0.0544497, 0, -0.0748728, 0, -0.0544497, 0, -0.0279729, 0, -0.0863176, 0, -0.128716, 0, -0.0690478, 0, -0.0863176, 0, -0.0666809, 0, -0.0346265, 0, -0.0630535, 0, -0.0892529, 0, -0.109139, 0, -0.0841856, 0, -0.13904, 0, -0.0751403, 0, -0.0863176, 0, -0.132802, 0, -0.140009, 0, -0.0807803, 0, -0.0892529, 0, -0.0998869, 0, -0.0892529, 0, -0.0892529, 0, -0.109139, 0, -0.0544497, 0, -0.128716, 0, -0.140009, 0, -0.128716, 0, -0.0690478, 0, -0.0544497, 0, -0.109139, 0, -0.0892529, 0, -0.0584323, 0, -0.0690478, 0, -0.0841856, 0, -0.0892529, 0, -0.0584323, 0, -0.0630535, 0, -0.0600669, 0, -0.0279729, 0, -0.0863176, 0, -0.0807803, 0, -0.0690478, 0, -0.0331059, 0, -0.0748728, 0, -0.13904, 0, -0.109139, 0, -0.0600669, 0, -0.0666809, 0, -0.0544497, 0, -0.0751403, 0, -0.0544497, 0, -0.0279729, 0, -0.0346265, 0, -0.0279729, 0, ]
USE_ENERGY_DISTANCE =     false
PERIODIC =                false
UNIFORM_SITES =           true
DEVICE_DIMENSION =        2
MAX_PARAM =               1
MIN_PARAM =               0
MIN_PARAM =               0
DIAG =                    false
NUM_SEEDS =               1
DISTANCE_LIMIT =          0.01
TAU_INIT =                0.1
MAX_TAU =                 2
TAU_SCALAR =              1.15
TAU_SCALAR_TINY =         1.05
TAU_SCALAR_BIG =          1.3
ACCEPTANCE_PROB =         0.8
TEMP_EXP_DECAY =          0.9
TEMP_DECAY_ITERATIONS =   35
TEMP_DECAY_LIMIT =        10
RANDOM_STATES =           3
INIT_OVERLAP_LIMIT =      0.99999
END_PARAMETERS
##############################################################################
clock_duration  =         57.382
tau =                     0.1
total_steps =             32
time_step =               0.003125
best_mc_result =          0.0484552
evolved_target_dot_squared =  0.951545
best_evolved_state = [0.0105667, 0.0122568, 0.0140897, 0.0166978, 0.0369606, 0.0409671, 0.0362012, 0.0395107, 0.0132991, 0.0149584, 0.0105667, 0.0122568, 0.0276374, 0.0310411, 0.0257621, 0.0288133, 0.0276374, 0.0310411, 0.0132991, 0.0149584, 0.0362012, 0.0395107, 0.0369606, 0.0409671, 0.0473517, 0.0518688, 0.0826796, 0.0871384, 0.0473517, 0.0518688, 0.028406, 0.0313553, 0.0704042, 0.0748486, 0.048452, 0.0523625, 0.0283848, 0.0317358, 0.0362012, 0.0395107, 0.0872394, 0.0888876, 0.047446, 0.05208, 0.0975621, 0.101441, 0.0930787, 0.0990507, 0.047446, 0.05208, 0.0105667, 0.0122568, 0.028406, 0.0313553, 0.0438443, 0.0482566, 0.0464451, 0.0505877, 0.113577, 0.116809, 0.0490406, 0.0536699, 0.0140897, 0.0166978, 0.0369606, 0.0409671, 0.047446, 0.05208, 0.0473517, 0.0518688, 0.0464451, 0.0505877, 0.113577, 0.116809, 0.0704042, 0.0748486, 0.0276374, 0.0310411, 0.0473517, 0.0518688, 0.0975621, 0.101441, 0.0473517, 0.0518688, 0.0930787, 0.0990507, 0.0826796, 0.0871384, 0.0369606, 0.0409671, 0.0276374, 0.0310411, 0.0704042, 0.0748486, 0.113577, 0.116809, 0.113577, 0.116809, 0.283275, 0.270371, 0.113577, 0.116809, 0.0369606, 0.0409671, 0.0826796, 0.0871384, 0.0930787, 0.0990507, 0.0826796, 0.0871384, 0.0257621, 0.0288133, 0.048452, 0.0523625, 0.0490406, 0.0536699, 0.0704042, 0.0748486, 0.113577, 0.116809, 0.0438443, 0.0482566, 0.0362012, 0.0395107, 0.0473517, 0.0518688, 0.047446, 0.05208, 0.0369606, 0.0409671, 0.0105667, 0.0122568, 0.0276374, 0.0310411, 0.0283848, 0.0317358, 0.0276374, 0.0310411, 0.0132991, 0.0149584, 0.028406, 0.0313553, 0.0438443, 0.0482566, 0.028406, 0.0313553, 0.0105667, 0.0122568, 0.047446, 0.05208, 0.0872394, 0.0888876, 0.0362012, 0.0395107, 0.047446, 0.05208, 0.0369606, 0.0409671, 0.0140897, 0.0166978, 0.0283848, 0.0317358, 0.048452, 0.0523625, 0.0704042, 0.0748486, 0.0490406, 0.0536699, 0.113577, 0.116809, 0.0464451, 0.0505877, 0.047446, 0.05208, 0.0930787, 0.0990507, 0.0975621, 0.101441, 0.0473517, 0.0518688, 0.048452, 0.0523625, 0.0512996, 0.0557313, 0.048452, 0.0523625, 0.048452, 0.0523625, 0.0704042, 0.0748486, 0.028406, 0.0313553, 0.0872394, 0.0888876, 0.0975621, 0.101441, 0.0872394, 0.0888876, 0.0362012, 0.0395107, 0.028406, 0.0313553, 0.0704042, 0.0748486, 0.048452, 0.0523625, 0.0257621, 0.0288133, 0.0362012, 0.0395107, 0.0490406, 0.0536699, 0.048452, 0.0523625, 0.0257621, 0.0288133, 0.0283848, 0.0317358, 0.0276374, 0.0310411, 0.0105667, 0.0122568, 0.047446, 0.05208, 0.0473517, 0.0518688, 0.0362012, 0.0395107, 0.0132991, 0.0149584, 0.0438443, 0.0482566, 0.113577, 0.116809, 0.0704042, 0.0748486, 0.0276374, 0.0310411, 0.0369606, 0.0409671, 0.028406, 0.0313553, 0.0464451, 0.0505877, 0.028406, 0.0313553, 0.0105667, 0.0122568, 0.0140897, 0.0166978, 0.0105667, 0.0122568, ]
distance =          0.853236
j_protocol =  [[1, 1, 1, 1, 1, 1, 1, 1, 1, 1, 1, 1, 1, 1, 1, 1, 1, 1, 1, 1, 1, 1, 1, 1, 1, 1, 1, 1, 1, 1, 1, 0, ],]
k_protocol =  [[0, 0, 0, 0, 0, 0, 0, 0, 0, 0, 0, 0, 0, 0, 0, 0, 0, 0, 0, 0, 0, 0, 0, 1, 1, 1, 1, 1, 1, 1, 1, 1, ],]
b_protocol =  [[1, 1, 1, 1, 1, 1, 1, 1, 1, 1, 1, 1, 1, 1, 1, 1, 1, 1, 1, 1, 1, 1, 1, 1, 1, 1, 1, 1, 1, 1, 1, 1, ],]
best_mc_result_fixed_tau =   [0.0484552, ]
evolved_state_fixed_tau =   [[0.0105667, 0.0122568, 0.0140897, 0.0166978, 0.0369606, 0.0409671, 0.0362012, 0.0395107, 0.0132991, 0.0149584, 0.0105667, 0.0122568, 0.0276374, 0.0310411, 0.0257621, 0.0288133, 0.0276374, 0.0310411, 0.0132991, 0.0149584, 0.0362012, 0.0395107, 0.0369606, 0.0409671, 0.0473517, 0.0518688, 0.0826796, 0.0871384, 0.0473517, 0.0518688, 0.028406, 0.0313553, 0.0704042, 0.0748486, 0.048452, 0.0523625, 0.0283848, 0.0317358, 0.0362012, 0.0395107, 0.0872394, 0.0888876, 0.047446, 0.05208, 0.0975621, 0.101441, 0.0930787, 0.0990507, 0.047446, 0.05208, 0.0105667, 0.0122568, 0.028406, 0.0313553, 0.0438443, 0.0482566, 0.0464451, 0.0505877, 0.113577, 0.116809, 0.0490406, 0.0536699, 0.0140897, 0.0166978, 0.0369606, 0.0409671, 0.047446, 0.05208, 0.0473517, 0.0518688, 0.0464451, 0.0505877, 0.113577, 0.116809, 0.0704042, 0.0748486, 0.0276374, 0.0310411, 0.0473517, 0.0518688, 0.0975621, 0.101441, 0.0473517, 0.0518688, 0.0930787, 0.0990507, 0.0826796, 0.0871384, 0.0369606, 0.0409671, 0.0276374, 0.0310411, 0.0704042, 0.0748486, 0.113577, 0.116809, 0.113577, 0.116809, 0.283275, 0.270371, 0.113577, 0.116809, 0.0369606, 0.0409671, 0.0826796, 0.0871384, 0.0930787, 0.0990507, 0.0826796, 0.0871384, 0.0257621, 0.0288133, 0.048452, 0.0523625, 0.0490406, 0.0536699, 0.0704042, 0.0748486, 0.113577, 0.116809, 0.0438443, 0.0482566, 0.0362012, 0.0395107, 0.0473517, 0.0518688, 0.047446, 0.05208, 0.0369606, 0.0409671, 0.0105667, 0.0122568, 0.0276374, 0.0310411, 0.0283848, 0.0317358, 0.0276374, 0.0310411, 0.0132991, 0.0149584, 0.028406, 0.0313553, 0.0438443, 0.0482566, 0.028406, 0.0313553, 0.0105667, 0.0122568, 0.047446, 0.05208, 0.0872394, 0.0888876, 0.0362012, 0.0395107, 0.047446, 0.05208, 0.0369606, 0.0409671, 0.0140897, 0.0166978, 0.0283848, 0.0317358, 0.048452, 0.0523625, 0.0704042, 0.0748486, 0.0490406, 0.0536699, 0.113577, 0.116809, 0.0464451, 0.0505877, 0.047446, 0.05208, 0.0930787, 0.0990507, 0.0975621, 0.101441, 0.0473517, 0.0518688, 0.048452, 0.0523625, 0.0512996, 0.0557313, 0.048452, 0.0523625, 0.048452, 0.0523625, 0.0704042, 0.0748486, 0.028406, 0.0313553, 0.0872394, 0.0888876, 0.0975621, 0.101441, 0.0872394, 0.0888876, 0.0362012, 0.0395107, 0.028406, 0.0313553, 0.0704042, 0.0748486, 0.048452, 0.0523625, 0.0257621, 0.0288133, 0.0362012, 0.0395107, 0.0490406, 0.0536699, 0.048452, 0.0523625, 0.0257621, 0.0288133, 0.0283848, 0.0317358, 0.0276374, 0.0310411, 0.0105667, 0.0122568, 0.047446, 0.05208, 0.0473517, 0.0518688, 0.0362012, 0.0395107, 0.0132991, 0.0149584, 0.0438443, 0.0482566, 0.113577, 0.116809, 0.0704042, 0.0748486, 0.0276374, 0.0310411, 0.0369606, 0.0409671, 0.028406, 0.0313553, 0.0464451, 0.0505877, 0.028406, 0.0313553, 0.0105667, 0.0122568, 0.0140897, 0.0166978, 0.0105667, 0.0122568, ],]
##############################################################################
clock_duration  =         88.9638
tau =                     0.26
total_steps =             32
time_step =               0.008125
best_mc_result =          0.0281324
evolved_target_dot_squared =  0.971868
best_evolved_state = [-0.0116316, 0.0168656, -0.0199055, 0.0211278, -0.0337846, 0.0559971, -0.0323802, 0.0468405, -0.0110395, 0.0213616, -0.0116316, 0.0168656, -0.031698, 0.032279, -0.0250975, 0.035078, -0.031698, 0.032279, -0.0110395, 0.0213616, -0.0323802, 0.0468405, -0.0337846, 0.0559971, -0.0384429, 0.0738268, -0.0520964, 0.124131, -0.0384429, 0.0738268, -0.0222092, 0.04695, -0.0559059, 0.0890893, -0.0392504, 0.0643678, -0.0277211, 0.0382599, -0.0323802, 0.0468405, -0.0600447, 0.0813007, -0.0455098, 0.061621, -0.0725616, 0.10838, -0.0754715, 0.121279, -0.0455098, 0.061621, -0.0116316, 0.0168656, -0.0222092, 0.04695, -0.0375858, 0.0681971, -0.0357147, 0.0738906, -0.0756023, 0.137975, -0.0394161, 0.0765826, -0.0199055, 0.0211278, -0.0337846, 0.0559971, -0.0455098, 0.061621, -0.0384429, 0.0738268, -0.0357147, 0.0738906, -0.0756023, 0.137975, -0.0559059, 0.0890893, -0.031698, 0.032279, -0.0384429, 0.0738268, -0.0725616, 0.10838, -0.0384429, 0.0738268, -0.0754715, 0.121279, -0.0520964, 0.124131, -0.0337846, 0.0559971, -0.031698, 0.032279, -0.0559059, 0.0890893, -0.0756023, 0.137975, -0.0756023, 0.137975, -0.134451, 0.272737, -0.0756023, 0.137975, -0.0337846, 0.0559971, -0.0520964, 0.124131, -0.0754715, 0.121279, -0.0520964, 0.124131, -0.0250975, 0.035078, -0.0392504, 0.0643678, -0.0394161, 0.0765826, -0.0559059, 0.0890893, -0.0756023, 0.137975, -0.0375858, 0.0681971, -0.0323802, 0.0468405, -0.0384429, 0.0738268, -0.0455098, 0.061621, -0.0337846, 0.0559971, -0.0116316, 0.0168656, -0.031698, 0.032279, -0.0277211, 0.0382599, -0.031698, 0.032279, -0.0110395, 0.0213616, -0.0222092, 0.04695, -0.0375858, 0.0681971, -0.0222092, 0.04695, -0.0116316, 0.0168656, -0.0455098, 0.061621, -0.0600447, 0.0813007, -0.0323802, 0.0468405, -0.0455098, 0.061621, -0.0337846, 0.0559971, -0.0199055, 0.0211278, -0.0277211, 0.0382599, -0.0392504, 0.0643678, -0.0559059, 0.0890893, -0.0394161, 0.0765826, -0.0756023, 0.137975, -0.0357147, 0.0738906, -0.0455098, 0.061621, -0.0754715, 0.121279, -0.0725616, 0.10838, -0.0384429, 0.0738268, -0.0392504, 0.0643678, -0.0495785, 0.0575285, -0.0392504, 0.0643678, -0.0392504, 0.0643678, -0.0559059, 0.0890893, -0.0222092, 0.04695, -0.0600447, 0.0813007, -0.0725616, 0.10838, -0.0600447, 0.0813007, -0.0323802, 0.0468405, -0.0222092, 0.04695, -0.0559059, 0.0890893, -0.0392504, 0.0643678, -0.0250975, 0.035078, -0.0323802, 0.0468405, -0.0394161, 0.0765826, -0.0392504, 0.0643678, -0.0250975, 0.035078, -0.0277211, 0.0382599, -0.031698, 0.032279, -0.0116316, 0.0168656, -0.0455098, 0.061621, -0.0384429, 0.0738268, -0.0323802, 0.0468405, -0.0110395, 0.0213616, -0.0375858, 0.0681971, -0.0756023, 0.137975, -0.0559059, 0.0890893, -0.031698, 0.032279, -0.0337846, 0.0559971, -0.0222092, 0.04695, -0.0357147, 0.0738906, -0.0222092, 0.04695, -0.0116316, 0.0168656, -0.0199055, 0.0211278, -0.0116316, 0.0168656, ]
distance =          0.495377
j_protocol =  [[1, 1, 1, 1, 1, 1, 1, 1, 1, 1, 1, 1, 1, 1, 1, 1, 1, 1, 1, 1, 1, 1, 1, 1, 1, 1, 1, 1, 1, 1, 1, 1, ],]
k_protocol =  [[0, 0, 0, 0, 0, 0, 0, 0, 0, 0, 0, 0, 0, 0, 0, 0, 0, 0, 0, 0, 0, 0, 0, 0, 1, 1, 1, 1, 1, 1, 1, 1, ],]
b_protocol =  [[1, 1, 1, 1, 1, 1, 1, 1, 1, 1, 1, 1, 1, 1, 1, 1, 1, 1, 1, 1, 1, 1, 1, 1, 1, 1, 1, 1, 1, 1, 1, 1, ],]
best_mc_result_fixed_tau =   [0.0281324, ]
evolved_state_fixed_tau =   [[-0.0116316, 0.0168656, -0.0199055, 0.0211278, -0.0337846, 0.0559971, -0.0323802, 0.0468405, -0.0110395, 0.0213616, -0.0116316, 0.0168656, -0.031698, 0.032279, -0.0250975, 0.035078, -0.031698, 0.032279, -0.0110395, 0.0213616, -0.0323802, 0.0468405, -0.0337846, 0.0559971, -0.0384429, 0.0738268, -0.0520964, 0.124131, -0.0384429, 0.0738268, -0.0222092, 0.04695, -0.0559059, 0.0890893, -0.0392504, 0.0643678, -0.0277211, 0.0382599, -0.0323802, 0.0468405, -0.0600447, 0.0813007, -0.0455098, 0.061621, -0.0725616, 0.10838, -0.0754715, 0.121279, -0.0455098, 0.061621, -0.0116316, 0.0168656, -0.0222092, 0.04695, -0.0375858, 0.0681971, -0.0357147, 0.0738906, -0.0756023, 0.137975, -0.0394161, 0.0765826, -0.0199055, 0.0211278, -0.0337846, 0.0559971, -0.0455098, 0.061621, -0.0384429, 0.0738268, -0.0357147, 0.0738906, -0.0756023, 0.137975, -0.0559059, 0.0890893, -0.031698, 0.032279, -0.0384429, 0.0738268, -0.0725616, 0.10838, -0.0384429, 0.0738268, -0.0754715, 0.121279, -0.0520964, 0.124131, -0.0337846, 0.0559971, -0.031698, 0.032279, -0.0559059, 0.0890893, -0.0756023, 0.137975, -0.0756023, 0.137975, -0.134451, 0.272737, -0.0756023, 0.137975, -0.0337846, 0.0559971, -0.0520964, 0.124131, -0.0754715, 0.121279, -0.0520964, 0.124131, -0.0250975, 0.035078, -0.0392504, 0.0643678, -0.0394161, 0.0765826, -0.0559059, 0.0890893, -0.0756023, 0.137975, -0.0375858, 0.0681971, -0.0323802, 0.0468405, -0.0384429, 0.0738268, -0.0455098, 0.061621, -0.0337846, 0.0559971, -0.0116316, 0.0168656, -0.031698, 0.032279, -0.0277211, 0.0382599, -0.031698, 0.032279, -0.0110395, 0.0213616, -0.0222092, 0.04695, -0.0375858, 0.0681971, -0.0222092, 0.04695, -0.0116316, 0.0168656, -0.0455098, 0.061621, -0.0600447, 0.0813007, -0.0323802, 0.0468405, -0.0455098, 0.061621, -0.0337846, 0.0559971, -0.0199055, 0.0211278, -0.0277211, 0.0382599, -0.0392504, 0.0643678, -0.0559059, 0.0890893, -0.0394161, 0.0765826, -0.0756023, 0.137975, -0.0357147, 0.0738906, -0.0455098, 0.061621, -0.0754715, 0.121279, -0.0725616, 0.10838, -0.0384429, 0.0738268, -0.0392504, 0.0643678, -0.0495785, 0.0575285, -0.0392504, 0.0643678, -0.0392504, 0.0643678, -0.0559059, 0.0890893, -0.0222092, 0.04695, -0.0600447, 0.0813007, -0.0725616, 0.10838, -0.0600447, 0.0813007, -0.0323802, 0.0468405, -0.0222092, 0.04695, -0.0559059, 0.0890893, -0.0392504, 0.0643678, -0.0250975, 0.035078, -0.0323802, 0.0468405, -0.0394161, 0.0765826, -0.0392504, 0.0643678, -0.0250975, 0.035078, -0.0277211, 0.0382599, -0.031698, 0.032279, -0.0116316, 0.0168656, -0.0455098, 0.061621, -0.0384429, 0.0738268, -0.0323802, 0.0468405, -0.0110395, 0.0213616, -0.0375858, 0.0681971, -0.0756023, 0.137975, -0.0559059, 0.0890893, -0.031698, 0.032279, -0.0337846, 0.0559971, -0.0222092, 0.04695, -0.0357147, 0.0738906, -0.0222092, 0.04695, -0.0116316, 0.0168656, -0.0199055, 0.0211278, -0.0116316, 0.0168656, ],]
##############################################################################
clock_duration  =         150.087
tau =                     0.299
total_steps =             32
time_step =               0.00934375
best_mc_result =          0.0273864
evolved_target_dot_squared =  0.972614
best_evolved_state = [-0.0166374, 0.0122378, -0.0267393, 0.0150065, -0.0495979, 0.0429856, -0.0460409, 0.0343817, -0.016936, 0.0158737, -0.0166374, 0.0122378, -0.0424754, 0.0215516, -0.0352748, 0.025096, -0.0424754, 0.0215516, -0.016936, 0.0158737, -0.0460409, 0.0343817, -0.0495979, 0.0429856, -0.0583079, 0.0581192, -0.0849841, 0.101184, -0.0583079, 0.0581192, -0.0346751, 0.0373635, -0.081221, 0.0671103, -0.0571706, 0.0481137, -0.0389459, 0.027089, -0.0460409, 0.0343817, -0.0858346, 0.0559133, -0.0640674, 0.0449344, -0.104715, 0.0791212, -0.10994, 0.0926158, -0.0640674, 0.0449344, -0.0166374, 0.0122378, -0.0346751, 0.0373635, -0.0563782, 0.0535527, -0.0554196, 0.0591627, -0.115002, 0.107078, -0.0599331, 0.0604169, -0.0267393, 0.0150065, -0.0495979, 0.0429856, -0.0640674, 0.0449344, -0.0583079, 0.0581192, -0.0554196, 0.0591627, -0.115002, 0.107078, -0.081221, 0.0671103, -0.0424754, 0.0215516, -0.0583079, 0.0581192, -0.104715, 0.0791212, -0.0583079, 0.0581192, -0.10994, 0.0926158, -0.0849841, 0.101184, -0.0495979, 0.0429856, -0.0424754, 0.0215516, -0.081221, 0.0671103, -0.115002, 0.107078, -0.115002, 0.107078, -0.214842, 0.212129, -0.115002, 0.107078, -0.0495979, 0.0429856, -0.0849841, 0.101184, -0.10994, 0.0926158, -0.0849841, 0.101184, -0.0352748, 0.025096, -0.0571706, 0.0481137, -0.0599331, 0.0604169, -0.081221, 0.0671103, -0.115002, 0.107078, -0.0563782, 0.0535527, -0.0460409, 0.0343817, -0.0583079, 0.0581192, -0.0640674, 0.0449344, -0.0495979, 0.0429856, -0.0166374, 0.0122378, -0.0424754, 0.0215516, -0.0389459, 0.027089, -0.0424754, 0.0215516, -0.016936, 0.0158737, -0.0346751, 0.0373635, -0.0563782, 0.0535527, -0.0346751, 0.0373635, -0.0166374, 0.0122378, -0.0640674, 0.0449344, -0.0858346, 0.0559133, -0.0460409, 0.0343817, -0.0640674, 0.0449344, -0.0495979, 0.0429856, -0.0267393, 0.0150065, -0.0389459, 0.027089, -0.0571706, 0.0481137, -0.081221, 0.0671103, -0.0599331, 0.0604169, -0.115002, 0.107078, -0.0554196, 0.0591627, -0.0640674, 0.0449344, -0.10994, 0.0926158, -0.104715, 0.0791212, -0.0583079, 0.0581192, -0.0571706, 0.0481137, -0.0676296, 0.0399826, -0.0571706, 0.0481137, -0.0571706, 0.0481137, -0.081221, 0.0671103, -0.0346751, 0.0373635, -0.0858346, 0.0559133, -0.104715, 0.0791212, -0.0858346, 0.0559133, -0.0460409, 0.0343817, -0.0346751, 0.0373635, -0.081221, 0.0671103, -0.0571706, 0.0481137, -0.0352748, 0.025096, -0.0460409, 0.0343817, -0.0599331, 0.0604169, -0.0571706, 0.0481137, -0.0352748, 0.025096, -0.0389459, 0.027089, -0.0424754, 0.0215516, -0.0166374, 0.0122378, -0.0640674, 0.0449344, -0.0583079, 0.0581192, -0.0460409, 0.0343817, -0.016936, 0.0158737, -0.0563782, 0.0535527, -0.115002, 0.107078, -0.081221, 0.0671103, -0.0424754, 0.0215516, -0.0495979, 0.0429856, -0.0346751, 0.0373635, -0.0554196, 0.0591627, -0.0346751, 0.0373635, -0.0166374, 0.0122378, -0.0267393, 0.0150065, -0.0166374, 0.0122378, ]
distance =          0.48224
j_protocol =  [[1, 1, 1, 1, 1, 1, 1, 1, 1, 1, 1, 1, 1, 1, 1, 1, 1, 1, 1, 1, 1, 1, 1, 1, 1, 1, 1, 1, 1, 1, 1, 1, ],]
k_protocol =  [[0, 0, 0, 0, 0, 0, 0, 0, 0, 0, 0, 0, 0, 0, 1, 1, 0, 0, 0, 0, 0, 0, 1, 0, 0, 0, 0, 1, 1, 1, 1, 1, ],]
b_protocol =  [[1, 1, 1, 1, 1, 1, 1, 1, 1, 1, 1, 1, 1, 1, 1, 1, 1, 1, 1, 1, 1, 1, 1, 1, 1, 1, 1, 1, 1, 1, 1, 1, ],]
best_mc_result_fixed_tau =   [0.0273864, ]
evolved_state_fixed_tau =   [[-0.0166374, 0.0122378, -0.0267393, 0.0150065, -0.0495979, 0.0429856, -0.0460409, 0.0343817, -0.016936, 0.0158737, -0.0166374, 0.0122378, -0.0424754, 0.0215516, -0.0352748, 0.025096, -0.0424754, 0.0215516, -0.016936, 0.0158737, -0.0460409, 0.0343817, -0.0495979, 0.0429856, -0.0583079, 0.0581192, -0.0849841, 0.101184, -0.0583079, 0.0581192, -0.0346751, 0.0373635, -0.081221, 0.0671103, -0.0571706, 0.0481137, -0.0389459, 0.027089, -0.0460409, 0.0343817, -0.0858346, 0.0559133, -0.0640674, 0.0449344, -0.104715, 0.0791212, -0.10994, 0.0926158, -0.0640674, 0.0449344, -0.0166374, 0.0122378, -0.0346751, 0.0373635, -0.0563782, 0.0535527, -0.0554196, 0.0591627, -0.115002, 0.107078, -0.0599331, 0.0604169, -0.0267393, 0.0150065, -0.0495979, 0.0429856, -0.0640674, 0.0449344, -0.0583079, 0.0581192, -0.0554196, 0.0591627, -0.115002, 0.107078, -0.081221, 0.0671103, -0.0424754, 0.0215516, -0.0583079, 0.0581192, -0.104715, 0.0791212, -0.0583079, 0.0581192, -0.10994, 0.0926158, -0.0849841, 0.101184, -0.0495979, 0.0429856, -0.0424754, 0.0215516, -0.081221, 0.0671103, -0.115002, 0.107078, -0.115002, 0.107078, -0.214842, 0.212129, -0.115002, 0.107078, -0.0495979, 0.0429856, -0.0849841, 0.101184, -0.10994, 0.0926158, -0.0849841, 0.101184, -0.0352748, 0.025096, -0.0571706, 0.0481137, -0.0599331, 0.0604169, -0.081221, 0.0671103, -0.115002, 0.107078, -0.0563782, 0.0535527, -0.0460409, 0.0343817, -0.0583079, 0.0581192, -0.0640674, 0.0449344, -0.0495979, 0.0429856, -0.0166374, 0.0122378, -0.0424754, 0.0215516, -0.0389459, 0.027089, -0.0424754, 0.0215516, -0.016936, 0.0158737, -0.0346751, 0.0373635, -0.0563782, 0.0535527, -0.0346751, 0.0373635, -0.0166374, 0.0122378, -0.0640674, 0.0449344, -0.0858346, 0.0559133, -0.0460409, 0.0343817, -0.0640674, 0.0449344, -0.0495979, 0.0429856, -0.0267393, 0.0150065, -0.0389459, 0.027089, -0.0571706, 0.0481137, -0.081221, 0.0671103, -0.0599331, 0.0604169, -0.115002, 0.107078, -0.0554196, 0.0591627, -0.0640674, 0.0449344, -0.10994, 0.0926158, -0.104715, 0.0791212, -0.0583079, 0.0581192, -0.0571706, 0.0481137, -0.0676296, 0.0399826, -0.0571706, 0.0481137, -0.0571706, 0.0481137, -0.081221, 0.0671103, -0.0346751, 0.0373635, -0.0858346, 0.0559133, -0.104715, 0.0791212, -0.0858346, 0.0559133, -0.0460409, 0.0343817, -0.0346751, 0.0373635, -0.081221, 0.0671103, -0.0571706, 0.0481137, -0.0352748, 0.025096, -0.0460409, 0.0343817, -0.0599331, 0.0604169, -0.0571706, 0.0481137, -0.0352748, 0.025096, -0.0389459, 0.027089, -0.0424754, 0.0215516, -0.0166374, 0.0122378, -0.0640674, 0.0449344, -0.0583079, 0.0581192, -0.0460409, 0.0343817, -0.016936, 0.0158737, -0.0563782, 0.0535527, -0.115002, 0.107078, -0.081221, 0.0671103, -0.0424754, 0.0215516, -0.0495979, 0.0429856, -0.0346751, 0.0373635, -0.0554196, 0.0591627, -0.0346751, 0.0373635, -0.0166374, 0.0122378, -0.0267393, 0.0150065, -0.0166374, 0.0122378, ],]
##############################################################################
clock_duration  =         216.405
tau =                     0.3887
total_steps =             32
time_step =               0.0121469
best_mc_result =          0.0253743
evolved_target_dot_squared =  0.974626
best_evolved_state = [-0.0208967, -0.00314458, -0.0320364, -0.00538859, -0.0655495, -0.00171368, -0.0576007, -0.005965, -0.0223626, -0.00243975, -0.0208967, -0.00314458, -0.0497353, -0.011841, -0.0433321, -0.00676587, -0.0497353, -0.011841, -0.0223626, -0.00243975, -0.0576007, -0.005965, -0.0655495, -0.00171368, -0.0793681, 0.00309343, -0.12405, 0.017482, -0.0793681, 0.00309343, -0.0478998, 0.00303405, -0.105469, -0.00483184, -0.0733165, -0.00487192, -0.0477357, -0.00846499, -0.0576007, -0.005965, -0.106172, -0.0200833, -0.0801543, -0.00939752, -0.133673, -0.0133441, -0.144584, -0.00306625, -0.0801543, -0.00939752, -0.0208967, -0.00314458, -0.0478998, 0.00303405, -0.0762659, 0.00207538, -0.0773151, 0.00637467, -0.157253, 0.00355829, -0.0817301, 0.00367161, -0.0320364, -0.00538859, -0.0655495, -0.00171368, -0.0801543, -0.00939752, -0.0793681, 0.00309343, -0.0773151, 0.00637467, -0.157253, 0.00355829, -0.105469, -0.00483184, -0.0497353, -0.011841, -0.0793681, 0.00309343, -0.133673, -0.0133441, -0.0793681, 0.00309343, -0.144584, -0.00306625, -0.12405, 0.017482, -0.0655495, -0.00171368, -0.0497353, -0.011841, -0.105469, -0.00483184, -0.157253, 0.00355829, -0.157253, 0.00355829, -0.305247, 0.0160904, -0.157253, 0.00355829, -0.0655495, -0.00171368, -0.12405, 0.017482, -0.144584, -0.00306625, -0.12405, 0.017482, -0.0433321, -0.00676587, -0.0733165, -0.00487192, -0.0817301, 0.00367161, -0.105469, -0.00483184, -0.157253, 0.00355829, -0.0762659, 0.00207538, -0.0576007, -0.005965, -0.0793681, 0.00309343, -0.0801543, -0.00939752, -0.0655495, -0.00171368, -0.0208967, -0.00314458, -0.0497353, -0.011841, -0.0477357, -0.00846499, -0.0497353, -0.011841, -0.0223626, -0.00243975, -0.0478998, 0.00303405, -0.0762659, 0.00207538, -0.0478998, 0.00303405, -0.0208967, -0.00314458, -0.0801543, -0.00939752, -0.106172, -0.0200833, -0.0576007, -0.005965, -0.0801543, -0.00939752, -0.0655495, -0.00171368, -0.0320364, -0.00538859, -0.0477357, -0.00846499, -0.0733165, -0.00487192, -0.105469, -0.00483184, -0.0817301, 0.00367161, -0.157253, 0.00355829, -0.0773151, 0.00637467, -0.0801543, -0.00939752, -0.144584, -0.00306625, -0.133673, -0.0133441, -0.0793681, 0.00309343, -0.0733165, -0.00487192, -0.0809978, -0.0143007, -0.0733165, -0.00487192, -0.0733165, -0.00487192, -0.105469, -0.00483184, -0.0478998, 0.00303405, -0.106172, -0.0200833, -0.133673, -0.0133441, -0.106172, -0.0200833, -0.0576007, -0.005965, -0.0478998, 0.00303405, -0.105469, -0.00483184, -0.0733165, -0.00487192, -0.0433321, -0.00676587, -0.0576007, -0.005965, -0.0817301, 0.00367161, -0.0733165, -0.00487192, -0.0433321, -0.00676587, -0.0477357, -0.00846499, -0.0497353, -0.011841, -0.0208967, -0.00314458, -0.0801543, -0.00939752, -0.0793681, 0.00309343, -0.0576007, -0.005965, -0.0223626, -0.00243975, -0.0762659, 0.00207538, -0.157253, 0.00355829, -0.105469, -0.00483184, -0.0497353, -0.011841, -0.0655495, -0.00171368, -0.0478998, 0.00303405, -0.0773151, 0.00637467, -0.0478998, 0.00303405, -0.0208967, -0.00314458, -0.0320364, -0.00538859, -0.0208967, -0.00314458, ]
distance =          0.446809
j_protocol =  [[1, 1, 1, 1, 1, 1, 1, 1, 1, 1, 1, 1, 1, 1, 1, 1, 1, 1, 1, 1, 1, 1, 1, 1, 1, 1, 1, 1, 1, 1, 1, 1, ],]
k_protocol =  [[0, 0, 0, 0, 0, 0, 1, 0, 0, 0, 0, 1, 0, 1, 0, 0, 0, 0, 1, 0, 1, 0, 0, 0, 0, 0, 0, 0, 0, 1, 1, 1, ],]
b_protocol =  [[1, 1, 1, 1, 1, 1, 1, 1, 1, 1, 1, 1, 1, 1, 1, 1, 1, 1, 1, 1, 1, 1, 1, 1, 1, 1, 1, 1, 1, 1, 1, 1, ],]
best_mc_result_fixed_tau =   [0.0253743, ]
evolved_state_fixed_tau =   [[-0.0208967, -0.00314458, -0.0320364, -0.00538859, -0.0655495, -0.00171368, -0.0576007, -0.005965, -0.0223626, -0.00243975, -0.0208967, -0.00314458, -0.0497353, -0.011841, -0.0433321, -0.00676587, -0.0497353, -0.011841, -0.0223626, -0.00243975, -0.0576007, -0.005965, -0.0655495, -0.00171368, -0.0793681, 0.00309343, -0.12405, 0.017482, -0.0793681, 0.00309343, -0.0478998, 0.00303405, -0.105469, -0.00483184, -0.0733165, -0.00487192, -0.0477357, -0.00846499, -0.0576007, -0.005965, -0.106172, -0.0200833, -0.0801543, -0.00939752, -0.133673, -0.0133441, -0.144584, -0.00306625, -0.0801543, -0.00939752, -0.0208967, -0.00314458, -0.0478998, 0.00303405, -0.0762659, 0.00207538, -0.0773151, 0.00637467, -0.157253, 0.00355829, -0.0817301, 0.00367161, -0.0320364, -0.00538859, -0.0655495, -0.00171368, -0.0801543, -0.00939752, -0.0793681, 0.00309343, -0.0773151, 0.00637467, -0.157253, 0.00355829, -0.105469, -0.00483184, -0.0497353, -0.011841, -0.0793681, 0.00309343, -0.133673, -0.0133441, -0.0793681, 0.00309343, -0.144584, -0.00306625, -0.12405, 0.017482, -0.0655495, -0.00171368, -0.0497353, -0.011841, -0.105469, -0.00483184, -0.157253, 0.00355829, -0.157253, 0.00355829, -0.305247, 0.0160904, -0.157253, 0.00355829, -0.0655495, -0.00171368, -0.12405, 0.017482, -0.144584, -0.00306625, -0.12405, 0.017482, -0.0433321, -0.00676587, -0.0733165, -0.00487192, -0.0817301, 0.00367161, -0.105469, -0.00483184, -0.157253, 0.00355829, -0.0762659, 0.00207538, -0.0576007, -0.005965, -0.0793681, 0.00309343, -0.0801543, -0.00939752, -0.0655495, -0.00171368, -0.0208967, -0.00314458, -0.0497353, -0.011841, -0.0477357, -0.00846499, -0.0497353, -0.011841, -0.0223626, -0.00243975, -0.0478998, 0.00303405, -0.0762659, 0.00207538, -0.0478998, 0.00303405, -0.0208967, -0.00314458, -0.0801543, -0.00939752, -0.106172, -0.0200833, -0.0576007, -0.005965, -0.0801543, -0.00939752, -0.0655495, -0.00171368, -0.0320364, -0.00538859, -0.0477357, -0.00846499, -0.0733165, -0.00487192, -0.105469, -0.00483184, -0.0817301, 0.00367161, -0.157253, 0.00355829, -0.0773151, 0.00637467, -0.0801543, -0.00939752, -0.144584, -0.00306625, -0.133673, -0.0133441, -0.0793681, 0.00309343, -0.0733165, -0.00487192, -0.0809978, -0.0143007, -0.0733165, -0.00487192, -0.0733165, -0.00487192, -0.105469, -0.00483184, -0.0478998, 0.00303405, -0.106172, -0.0200833, -0.133673, -0.0133441, -0.106172, -0.0200833, -0.0576007, -0.005965, -0.0478998, 0.00303405, -0.105469, -0.00483184, -0.0733165, -0.00487192, -0.0433321, -0.00676587, -0.0576007, -0.005965, -0.0817301, 0.00367161, -0.0733165, -0.00487192, -0.0433321, -0.00676587, -0.0477357, -0.00846499, -0.0497353, -0.011841, -0.0208967, -0.00314458, -0.0801543, -0.00939752, -0.0793681, 0.00309343, -0.0576007, -0.005965, -0.0223626, -0.00243975, -0.0762659, 0.00207538, -0.157253, 0.00355829, -0.105469, -0.00483184, -0.0497353, -0.011841, -0.0655495, -0.00171368, -0.0478998, 0.00303405, -0.0773151, 0.00637467, -0.0478998, 0.00303405, -0.0208967, -0.00314458, -0.0320364, -0.00538859, -0.0208967, -0.00314458, ],]
##############################################################################
clock_duration  =         276.052
tau =                     0.50531
total_steps =             32
time_step =               0.0157909
best_mc_result =          0.020863
evolved_target_dot_squared =  0.979137
best_evolved_state = [-0.0106682, -0.0203915, -0.0173406, -0.0266858, -0.0384621, -0.0545213, -0.0276199, -0.0509776, -0.0105624, -0.0245919, -0.0106682, -0.0203915, -0.0230945, -0.0465316, -0.0199511, -0.0419716, -0.0230945, -0.0465316, -0.0105624, -0.0245919, -0.0276199, -0.0509776, -0.0384621, -0.0545213, -0.0460036, -0.0635151, -0.0790067, -0.0893617, -0.0460036, -0.0635151, -0.0260534, -0.0386821, -0.0580149, -0.0885712, -0.0358458, -0.0661129, -0.0218564, -0.0484466, -0.0276199, -0.0509776, -0.0470933, -0.103237, -0.04214, -0.0703682, -0.0692871, -0.120017, -0.0849989, -0.116289, -0.04214, -0.0703682, -0.0106682, -0.0203915, -0.0260534, -0.0386821, -0.0455659, -0.0595577, -0.0465972, -0.0584037, -0.0962649, -0.1223, -0.0472119, -0.0652499, -0.0173406, -0.0266858, -0.0384621, -0.0545213, -0.04214, -0.0703682, -0.0460036, -0.0635151, -0.0465972, -0.0584037, -0.0962649, -0.1223, -0.0580149, -0.0885712, -0.0230945, -0.0465316, -0.0460036, -0.0635151, -0.0692871, -0.120017, -0.0460036, -0.0635151, -0.0849989, -0.116289, -0.0790067, -0.0893617, -0.0384621, -0.0545213, -0.0230945, -0.0465316, -0.0580149, -0.0885712, -0.0962649, -0.1223, -0.0962649, -0.1223, -0.194904, -0.228574, -0.0962649, -0.1223, -0.0384621, -0.0545213, -0.0790067, -0.0893617, -0.0849989, -0.116289, -0.0790067, -0.0893617, -0.0199511, -0.0419716, -0.0358458, -0.0661129, -0.0472119, -0.0652499, -0.0580149, -0.0885712, -0.0962649, -0.1223, -0.0455659, -0.0595577, -0.0276199, -0.0509776, -0.0460036, -0.0635151, -0.04214, -0.0703682, -0.0384621, -0.0545213, -0.0106682, -0.0203915, -0.0230945, -0.0465316, -0.0218564, -0.0484466, -0.0230945, -0.0465316, -0.0105624, -0.0245919, -0.0260534, -0.0386821, -0.0455659, -0.0595577, -0.0260534, -0.0386821, -0.0106682, -0.0203915, -0.04214, -0.0703682, -0.0470933, -0.103237, -0.0276199, -0.0509776, -0.04214, -0.0703682, -0.0384621, -0.0545213, -0.0173406, -0.0266858, -0.0218564, -0.0484466, -0.0358458, -0.0661129, -0.0580149, -0.0885712, -0.0472119, -0.0652499, -0.0962649, -0.1223, -0.0465972, -0.0584037, -0.04214, -0.0703682, -0.0849989, -0.116289, -0.0692871, -0.120017, -0.0460036, -0.0635151, -0.0358458, -0.0661129, -0.038198, -0.0705549, -0.0358458, -0.0661129, -0.0358458, -0.0661129, -0.0580149, -0.0885712, -0.0260534, -0.0386821, -0.0470933, -0.103237, -0.0692871, -0.120017, -0.0470933, -0.103237, -0.0276199, -0.0509776, -0.0260534, -0.0386821, -0.0580149, -0.0885712, -0.0358458, -0.0661129, -0.0199511, -0.0419716, -0.0276199, -0.0509776, -0.0472119, -0.0652499, -0.0358458, -0.0661129, -0.0199511, -0.0419716, -0.0218564, -0.0484466, -0.0230945, -0.0465316, -0.0106682, -0.0203915, -0.04214, -0.0703682, -0.0460036, -0.0635151, -0.0276199, -0.0509776, -0.0105624, -0.0245919, -0.0455659, -0.0595577, -0.0962649, -0.1223, -0.0580149, -0.0885712, -0.0230945, -0.0465316, -0.0384621, -0.0545213, -0.0260534, -0.0386821, -0.0465972, -0.0584037, -0.0260534, -0.0386821, -0.0106682, -0.0203915, -0.0173406, -0.0266858, -0.0106682, -0.0203915, ]
distance =          0.367371
j_protocol =  [[1, 1, 1, 1, 1, 1, 1, 1, 1, 1, 1, 1, 1, 1, 1, 1, 1, 1, 1, 1, 1, 1, 1, 1, 1, 1, 1, 1, 1, 1, 1, 1, ],]
k_protocol =  [[0, 0, 0, 0, 0, 0, 0, 0, 1, 1, 0, 1, 1, 1, 0, 0, 0, 0, 0, 0, 0, 0, 0, 0, 0, 0, 0, 1, 0, 0, 1, 1, ],]
b_protocol =  [[1, 1, 1, 1, 1, 1, 1, 1, 1, 1, 1, 1, 1, 1, 1, 1, 1, 1, 1, 1, 1, 1, 1, 1, 1, 1, 1, 1, 1, 1, 1, 1, ],]
best_mc_result_fixed_tau =   [0.020863, ]
evolved_state_fixed_tau =   [[-0.0106682, -0.0203915, -0.0173406, -0.0266858, -0.0384621, -0.0545213, -0.0276199, -0.0509776, -0.0105624, -0.0245919, -0.0106682, -0.0203915, -0.0230945, -0.0465316, -0.0199511, -0.0419716, -0.0230945, -0.0465316, -0.0105624, -0.0245919, -0.0276199, -0.0509776, -0.0384621, -0.0545213, -0.0460036, -0.0635151, -0.0790067, -0.0893617, -0.0460036, -0.0635151, -0.0260534, -0.0386821, -0.0580149, -0.0885712, -0.0358458, -0.0661129, -0.0218564, -0.0484466, -0.0276199, -0.0509776, -0.0470933, -0.103237, -0.04214, -0.0703682, -0.0692871, -0.120017, -0.0849989, -0.116289, -0.04214, -0.0703682, -0.0106682, -0.0203915, -0.0260534, -0.0386821, -0.0455659, -0.0595577, -0.0465972, -0.0584037, -0.0962649, -0.1223, -0.0472119, -0.0652499, -0.0173406, -0.0266858, -0.0384621, -0.0545213, -0.04214, -0.0703682, -0.0460036, -0.0635151, -0.0465972, -0.0584037, -0.0962649, -0.1223, -0.0580149, -0.0885712, -0.0230945, -0.0465316, -0.0460036, -0.0635151, -0.0692871, -0.120017, -0.0460036, -0.0635151, -0.0849989, -0.116289, -0.0790067, -0.0893617, -0.0384621, -0.0545213, -0.0230945, -0.0465316, -0.0580149, -0.0885712, -0.0962649, -0.1223, -0.0962649, -0.1223, -0.194904, -0.228574, -0.0962649, -0.1223, -0.0384621, -0.0545213, -0.0790067, -0.0893617, -0.0849989, -0.116289, -0.0790067, -0.0893617, -0.0199511, -0.0419716, -0.0358458, -0.0661129, -0.0472119, -0.0652499, -0.0580149, -0.0885712, -0.0962649, -0.1223, -0.0455659, -0.0595577, -0.0276199, -0.0509776, -0.0460036, -0.0635151, -0.04214, -0.0703682, -0.0384621, -0.0545213, -0.0106682, -0.0203915, -0.0230945, -0.0465316, -0.0218564, -0.0484466, -0.0230945, -0.0465316, -0.0105624, -0.0245919, -0.0260534, -0.0386821, -0.0455659, -0.0595577, -0.0260534, -0.0386821, -0.0106682, -0.0203915, -0.04214, -0.0703682, -0.0470933, -0.103237, -0.0276199, -0.0509776, -0.04214, -0.0703682, -0.0384621, -0.0545213, -0.0173406, -0.0266858, -0.0218564, -0.0484466, -0.0358458, -0.0661129, -0.0580149, -0.0885712, -0.0472119, -0.0652499, -0.0962649, -0.1223, -0.0465972, -0.0584037, -0.04214, -0.0703682, -0.0849989, -0.116289, -0.0692871, -0.120017, -0.0460036, -0.0635151, -0.0358458, -0.0661129, -0.038198, -0.0705549, -0.0358458, -0.0661129, -0.0358458, -0.0661129, -0.0580149, -0.0885712, -0.0260534, -0.0386821, -0.0470933, -0.103237, -0.0692871, -0.120017, -0.0470933, -0.103237, -0.0276199, -0.0509776, -0.0260534, -0.0386821, -0.0580149, -0.0885712, -0.0358458, -0.0661129, -0.0199511, -0.0419716, -0.0276199, -0.0509776, -0.0472119, -0.0652499, -0.0358458, -0.0661129, -0.0199511, -0.0419716, -0.0218564, -0.0484466, -0.0230945, -0.0465316, -0.0106682, -0.0203915, -0.04214, -0.0703682, -0.0460036, -0.0635151, -0.0276199, -0.0509776, -0.0105624, -0.0245919, -0.0455659, -0.0595577, -0.0962649, -0.1223, -0.0580149, -0.0885712, -0.0230945, -0.0465316, -0.0384621, -0.0545213, -0.0260534, -0.0386821, -0.0465972, -0.0584037, -0.0260534, -0.0386821, -0.0106682, -0.0203915, -0.0173406, -0.0266858, -0.0106682, -0.0203915, ],]
##############################################################################
clock_duration  =         336.229
tau =                     0.656903
total_steps =             32
time_step =               0.0205282
best_mc_result =          0.0160025
evolved_target_dot_squared =  0.983998
best_evolved_state = [0.0108991, -0.024241, 0.00946275, -0.030814, 0.0210757, -0.0662562, 0.0327908, -0.052241, 0.0173099, -0.0299449, 0.0108991, -0.024241, 0.0257291, -0.0475182, 0.0275253, -0.0438813, 0.0257291, -0.0475182, 0.0173099, -0.0299449, 0.0327908, -0.052241, 0.0210757, -0.0662562, 0.0295552, -0.0761519, 0.0328342, -0.112428, 0.0295552, -0.0761519, 0.0232745, -0.0455841, 0.0424802, -0.0960625, 0.042797, -0.0696267, 0.0318064, -0.053549, 0.0327908, -0.052241, 0.0692681, -0.0961836, 0.0343909, -0.0774491, 0.0646109, -0.126114, 0.0440255, -0.133417, 0.0343909, -0.0774491, 0.0108991, -0.024241, 0.0232745, -0.0455841, 0.0224758, -0.0724538, 0.0241875, -0.0714399, 0.0427397, -0.14086, 0.0308089, -0.0780927, 0.00946275, -0.030814, 0.0210757, -0.0662562, 0.0343909, -0.0774491, 0.0295552, -0.0761519, 0.0241875, -0.0714399, 0.0427397, -0.14086, 0.0424802, -0.0960625, 0.0257291, -0.0475182, 0.0295552, -0.0761519, 0.0646109, -0.126114, 0.0295552, -0.0761519, 0.0440255, -0.133417, 0.0328342, -0.112428, 0.0210757, -0.0662562, 0.0257291, -0.0475182, 0.0424802, -0.0960625, 0.0427397, -0.14086, 0.0427397, -0.14086, 0.0734488, -0.254186, 0.0427397, -0.14086, 0.0210757, -0.0662562, 0.0328342, -0.112428, 0.0440255, -0.133417, 0.0328342, -0.112428, 0.0275253, -0.0438813, 0.042797, -0.0696267, 0.0308089, -0.0780927, 0.0424802, -0.0960625, 0.0427397, -0.14086, 0.0224758, -0.0724538, 0.0327908, -0.052241, 0.0295552, -0.0761519, 0.0343909, -0.0774491, 0.0210757, -0.0662562, 0.0108991, -0.024241, 0.0257291, -0.0475182, 0.0318064, -0.053549, 0.0257291, -0.0475182, 0.0173099, -0.0299449, 0.0232745, -0.0455841, 0.0224758, -0.0724538, 0.0232745, -0.0455841, 0.0108991, -0.024241, 0.0343909, -0.0774491, 0.0692681, -0.0961836, 0.0327908, -0.052241, 0.0343909, -0.0774491, 0.0210757, -0.0662562, 0.00946275, -0.030814, 0.0318064, -0.053549, 0.042797, -0.0696267, 0.0424802, -0.0960625, 0.0308089, -0.0780927, 0.0427397, -0.14086, 0.0241875, -0.0714399, 0.0343909, -0.0774491, 0.0440255, -0.133417, 0.0646109, -0.126114, 0.0295552, -0.0761519, 0.042797, -0.0696267, 0.0389496, -0.0635214, 0.042797, -0.0696267, 0.042797, -0.0696267, 0.0424802, -0.0960625, 0.0232745, -0.0455841, 0.0692681, -0.0961836, 0.0646109, -0.126114, 0.0692681, -0.0961836, 0.0327908, -0.052241, 0.0232745, -0.0455841, 0.0424802, -0.0960625, 0.042797, -0.0696267, 0.0275253, -0.0438813, 0.0327908, -0.052241, 0.0308089, -0.0780927, 0.042797, -0.0696267, 0.0275253, -0.0438813, 0.0318064, -0.053549, 0.0257291, -0.0475182, 0.0108991, -0.024241, 0.0343909, -0.0774491, 0.0295552, -0.0761519, 0.0327908, -0.052241, 0.0173099, -0.0299449, 0.0224758, -0.0724538, 0.0427397, -0.14086, 0.0424802, -0.0960625, 0.0257291, -0.0475182, 0.0210757, -0.0662562, 0.0232745, -0.0455841, 0.0241875, -0.0714399, 0.0232745, -0.0455841, 0.0108991, -0.024241, 0.00946275, -0.030814, 0.0108991, -0.024241, ]
distance =          0.281784
j_protocol =  [[1, 1, 1, 1, 1, 1, 1, 1, 1, 1, 1, 1, 1, 1, 1, 1, 1, 1, 1, 1, 1, 1, 1, 1, 1, 1, 1, 1, 1, 1, 1, 0, ],]
k_protocol =  [[0, 0, 0, 0, 0, 0, 0, 0, 1, 1, 1, 1, 0, 0, 0, 0, 0, 0, 0, 0, 1, 0, 0, 0, 0, 0, 0, 0, 0, 0, 1, 1, ],]
b_protocol =  [[1, 1, 1, 1, 1, 1, 1, 1, 1, 1, 1, 1, 1, 1, 1, 1, 1, 1, 1, 1, 1, 1, 1, 1, 1, 1, 1, 1, 1, 1, 1, 1, ],]
best_mc_result_fixed_tau =   [0.0160025, ]
evolved_state_fixed_tau =   [[0.0108991, -0.024241, 0.00946275, -0.030814, 0.0210757, -0.0662562, 0.0327908, -0.052241, 0.0173099, -0.0299449, 0.0108991, -0.024241, 0.0257291, -0.0475182, 0.0275253, -0.0438813, 0.0257291, -0.0475182, 0.0173099, -0.0299449, 0.0327908, -0.052241, 0.0210757, -0.0662562, 0.0295552, -0.0761519, 0.0328342, -0.112428, 0.0295552, -0.0761519, 0.0232745, -0.0455841, 0.0424802, -0.0960625, 0.042797, -0.0696267, 0.0318064, -0.053549, 0.0327908, -0.052241, 0.0692681, -0.0961836, 0.0343909, -0.0774491, 0.0646109, -0.126114, 0.0440255, -0.133417, 0.0343909, -0.0774491, 0.0108991, -0.024241, 0.0232745, -0.0455841, 0.0224758, -0.0724538, 0.0241875, -0.0714399, 0.0427397, -0.14086, 0.0308089, -0.0780927, 0.00946275, -0.030814, 0.0210757, -0.0662562, 0.0343909, -0.0774491, 0.0295552, -0.0761519, 0.0241875, -0.0714399, 0.0427397, -0.14086, 0.0424802, -0.0960625, 0.0257291, -0.0475182, 0.0295552, -0.0761519, 0.0646109, -0.126114, 0.0295552, -0.0761519, 0.0440255, -0.133417, 0.0328342, -0.112428, 0.0210757, -0.0662562, 0.0257291, -0.0475182, 0.0424802, -0.0960625, 0.0427397, -0.14086, 0.0427397, -0.14086, 0.0734488, -0.254186, 0.0427397, -0.14086, 0.0210757, -0.0662562, 0.0328342, -0.112428, 0.0440255, -0.133417, 0.0328342, -0.112428, 0.0275253, -0.0438813, 0.042797, -0.0696267, 0.0308089, -0.0780927, 0.0424802, -0.0960625, 0.0427397, -0.14086, 0.0224758, -0.0724538, 0.0327908, -0.052241, 0.0295552, -0.0761519, 0.0343909, -0.0774491, 0.0210757, -0.0662562, 0.0108991, -0.024241, 0.0257291, -0.0475182, 0.0318064, -0.053549, 0.0257291, -0.0475182, 0.0173099, -0.0299449, 0.0232745, -0.0455841, 0.0224758, -0.0724538, 0.0232745, -0.0455841, 0.0108991, -0.024241, 0.0343909, -0.0774491, 0.0692681, -0.0961836, 0.0327908, -0.052241, 0.0343909, -0.0774491, 0.0210757, -0.0662562, 0.00946275, -0.030814, 0.0318064, -0.053549, 0.042797, -0.0696267, 0.0424802, -0.0960625, 0.0308089, -0.0780927, 0.0427397, -0.14086, 0.0241875, -0.0714399, 0.0343909, -0.0774491, 0.0440255, -0.133417, 0.0646109, -0.126114, 0.0295552, -0.0761519, 0.042797, -0.0696267, 0.0389496, -0.0635214, 0.042797, -0.0696267, 0.042797, -0.0696267, 0.0424802, -0.0960625, 0.0232745, -0.0455841, 0.0692681, -0.0961836, 0.0646109, -0.126114, 0.0692681, -0.0961836, 0.0327908, -0.052241, 0.0232745, -0.0455841, 0.0424802, -0.0960625, 0.042797, -0.0696267, 0.0275253, -0.0438813, 0.0327908, -0.052241, 0.0308089, -0.0780927, 0.042797, -0.0696267, 0.0275253, -0.0438813, 0.0318064, -0.053549, 0.0257291, -0.0475182, 0.0108991, -0.024241, 0.0343909, -0.0774491, 0.0295552, -0.0761519, 0.0327908, -0.052241, 0.0173099, -0.0299449, 0.0224758, -0.0724538, 0.0427397, -0.14086, 0.0424802, -0.0960625, 0.0257291, -0.0475182, 0.0210757, -0.0662562, 0.0232745, -0.0455841, 0.0241875, -0.0714399, 0.0232745, -0.0455841, 0.0108991, -0.024241, 0.00946275, -0.030814, 0.0108991, -0.024241, ],]
##############################################################################
clock_duration  =         1256.13
tau =                     0.853974
total_steps =             128
time_step =               0.00667167
best_mc_result =          0.0114957
evolved_target_dot_squared =  0.988504
best_evolved_state = [0.0192971, 0.0133315, 0.0247533, 0.0132469, 0.0555044, 0.0291522, 0.0523285, 0.0432757, 0.0261695, 0.016487, 0.0192971, 0.0133315, 0.0437693, 0.0318694, 0.0401458, 0.0357286, 0.0437693, 0.0318694, 0.0261695, 0.016487, 0.0523285, 0.0432757, 0.0555044, 0.0291522, 0.0703548, 0.0425939, 0.106617, 0.0515397, 0.0703548, 0.0425939, 0.0444786, 0.0317667, 0.0873563, 0.0618139, 0.0655272, 0.0551988, 0.0494749, 0.0336041, 0.0523285, 0.0432757, 0.0964469, 0.0900451, 0.0687094, 0.045625, 0.115919, 0.0832413, 0.117064, 0.0664068, 0.0687094, 0.045625, 0.0192971, 0.0133315, 0.0444786, 0.0317667, 0.0631273, 0.0345266, 0.0659833, 0.0378492, 0.12449, 0.0656565, 0.0726101, 0.0425922, 0.0247533, 0.0132469, 0.0555044, 0.0291522, 0.0687094, 0.045625, 0.0703548, 0.0425939, 0.0659833, 0.0378492, 0.12449, 0.0656565, 0.0873563, 0.0618139, 0.0437693, 0.0318694, 0.0703548, 0.0425939, 0.115919, 0.0832413, 0.0703548, 0.0425939, 0.117064, 0.0664068, 0.106617, 0.0515397, 0.0555044, 0.0291522, 0.0437693, 0.0318694, 0.0873563, 0.0618139, 0.12449, 0.0656565, 0.12449, 0.0656565, 0.238061, 0.11732, 0.12449, 0.0656565, 0.0555044, 0.0291522, 0.106617, 0.0515397, 0.117064, 0.0664068, 0.106617, 0.0515397, 0.0401458, 0.0357286, 0.0655272, 0.0551988, 0.0726101, 0.0425922, 0.0873563, 0.0618139, 0.12449, 0.0656565, 0.0631273, 0.0345266, 0.0523285, 0.0432757, 0.0703548, 0.0425939, 0.0687094, 0.045625, 0.0555044, 0.0291522, 0.0192971, 0.0133315, 0.0437693, 0.0318694, 0.0494749, 0.0336041, 0.0437693, 0.0318694, 0.0261695, 0.016487, 0.0444786, 0.0317667, 0.0631273, 0.0345266, 0.0444786, 0.0317667, 0.0192971, 0.0133315, 0.0687094, 0.045625, 0.0964469, 0.0900451, 0.0523285, 0.0432757, 0.0687094, 0.045625, 0.0555044, 0.0291522, 0.0247533, 0.0132469, 0.0494749, 0.0336041, 0.0655272, 0.0551988, 0.0873563, 0.0618139, 0.0726101, 0.0425922, 0.12449, 0.0656565, 0.0659833, 0.0378492, 0.0687094, 0.045625, 0.117064, 0.0664068, 0.115919, 0.0832413, 0.0703548, 0.0425939, 0.0655272, 0.0551988, 0.0541739, 0.0671207, 0.0655272, 0.0551988, 0.0655272, 0.0551988, 0.0873563, 0.0618139, 0.0444786, 0.0317667, 0.0964469, 0.0900451, 0.115919, 0.0832413, 0.0964469, 0.0900451, 0.0523285, 0.0432757, 0.0444786, 0.0317667, 0.0873563, 0.0618139, 0.0655272, 0.0551988, 0.0401458, 0.0357286, 0.0523285, 0.0432757, 0.0726101, 0.0425922, 0.0655272, 0.0551988, 0.0401458, 0.0357286, 0.0494749, 0.0336041, 0.0437693, 0.0318694, 0.0192971, 0.0133315, 0.0687094, 0.045625, 0.0703548, 0.0425939, 0.0523285, 0.0432757, 0.0261695, 0.016487, 0.0631273, 0.0345266, 0.12449, 0.0656565, 0.0873563, 0.0618139, 0.0437693, 0.0318694, 0.0555044, 0.0291522, 0.0444786, 0.0317667, 0.0659833, 0.0378492, 0.0444786, 0.0317667, 0.0192971, 0.0133315, 0.0247533, 0.0132469, 0.0192971, 0.0133315, ]
distance =          0.202425
j_protocol =  [[1, 1, 1, 1, 1, 1, 1, 1, 1, 1, 1, 1, 1, 1, 1, 1, 1, 1, 1, 1, 1, 1, 1, 1, 1, 1, 1, 1, 1, 1, 1, 1, 1, 1, 1, 1, 1, 1, 1, 1, 1, 1, 1, 1, 1, 1, 1, 1, 1, 1, 1, 1, 1, 1, 1, 1, 1, 1, 1, 1, 1, 1, 1, 1, 1, 1, 1, 1, 1, 1, 1, 1, 1, 1, 1, 1, 1, 1, 1, 1, 1, 1, 1, 1, 1, 1, 1, 1, 1, 1, 1, 1, 1, 1, 1, 1, 1, 1, 1, 1, 1, 1, 1, 1, 1, 1, 1, 1, 1, 1, 1, 1, 1, 1, 1, 1, 1, 1, 1, 1, 1, 1, 1, 1, 1, 1, 1, 0, ],]
k_protocol =  [[0, 0, 0, 0, 0, 0, 0, 0, 0, 0, 0, 0, 0, 0, 0, 0, 0, 0, 1, 1, 1, 1, 0, 0, 1, 1, 0, 0, 1, 1, 0, 0, 1, 1, 0, 0, 0, 0, 0, 0, 1, 1, 1, 1, 0, 0, 0, 0, 0, 0, 0, 0, 0, 0, 0, 0, 0, 0, 0, 0, 0, 0, 0, 0, 0, 0, 0, 0, 0, 0, 1, 1, 0, 0, 1, 1, 1, 1, 0, 0, 1, 1, 0, 0, 0, 0, 0, 0, 1, 1, 0, 0, 0, 0, 0, 0, 0, 0, 0, 0, 0, 0, 0, 0, 0, 0, 0, 0, 0, 0, 0, 0, 0, 0, 0, 0, 0, 0, 0, 0, 1, 1, 0, 0, 1, 1, 1, 1, ],]
b_protocol =  [[1, 1, 1, 1, 1, 1, 1, 1, 1, 1, 1, 1, 1, 1, 1, 1, 1, 1, 1, 1, 1, 1, 1, 1, 1, 1, 1, 1, 1, 1, 1, 1, 1, 1, 1, 1, 1, 1, 1, 1, 1, 1, 1, 1, 1, 1, 1, 1, 1, 1, 1, 1, 1, 1, 1, 1, 1, 1, 1, 1, 1, 1, 1, 1, 1, 1, 1, 1, 1, 1, 1, 1, 1, 1, 1, 1, 1, 1, 1, 1, 1, 1, 1, 1, 1, 1, 1, 1, 1, 1, 1, 1, 1, 1, 1, 1, 1, 1, 1, 1, 1, 1, 1, 1, 1, 1, 1, 1, 1, 1, 1, 1, 1, 1, 1, 1, 1, 1, 1, 1, 1, 1, 1, 1, 1, 1, 1, 1, ],]
best_mc_result_fixed_tau =   [0.0114957, ]
evolved_state_fixed_tau =   [[0.0192971, 0.0133315, 0.0247533, 0.0132469, 0.0555044, 0.0291522, 0.0523285, 0.0432757, 0.0261695, 0.016487, 0.0192971, 0.0133315, 0.0437693, 0.0318694, 0.0401458, 0.0357286, 0.0437693, 0.0318694, 0.0261695, 0.016487, 0.0523285, 0.0432757, 0.0555044, 0.0291522, 0.0703548, 0.0425939, 0.106617, 0.0515397, 0.0703548, 0.0425939, 0.0444786, 0.0317667, 0.0873563, 0.0618139, 0.0655272, 0.0551988, 0.0494749, 0.0336041, 0.0523285, 0.0432757, 0.0964469, 0.0900451, 0.0687094, 0.045625, 0.115919, 0.0832413, 0.117064, 0.0664068, 0.0687094, 0.045625, 0.0192971, 0.0133315, 0.0444786, 0.0317667, 0.0631273, 0.0345266, 0.0659833, 0.0378492, 0.12449, 0.0656565, 0.0726101, 0.0425922, 0.0247533, 0.0132469, 0.0555044, 0.0291522, 0.0687094, 0.045625, 0.0703548, 0.0425939, 0.0659833, 0.0378492, 0.12449, 0.0656565, 0.0873563, 0.0618139, 0.0437693, 0.0318694, 0.0703548, 0.0425939, 0.115919, 0.0832413, 0.0703548, 0.0425939, 0.117064, 0.0664068, 0.106617, 0.0515397, 0.0555044, 0.0291522, 0.0437693, 0.0318694, 0.0873563, 0.0618139, 0.12449, 0.0656565, 0.12449, 0.0656565, 0.238061, 0.11732, 0.12449, 0.0656565, 0.0555044, 0.0291522, 0.106617, 0.0515397, 0.117064, 0.0664068, 0.106617, 0.0515397, 0.0401458, 0.0357286, 0.0655272, 0.0551988, 0.0726101, 0.0425922, 0.0873563, 0.0618139, 0.12449, 0.0656565, 0.0631273, 0.0345266, 0.0523285, 0.0432757, 0.0703548, 0.0425939, 0.0687094, 0.045625, 0.0555044, 0.0291522, 0.0192971, 0.0133315, 0.0437693, 0.0318694, 0.0494749, 0.0336041, 0.0437693, 0.0318694, 0.0261695, 0.016487, 0.0444786, 0.0317667, 0.0631273, 0.0345266, 0.0444786, 0.0317667, 0.0192971, 0.0133315, 0.0687094, 0.045625, 0.0964469, 0.0900451, 0.0523285, 0.0432757, 0.0687094, 0.045625, 0.0555044, 0.0291522, 0.0247533, 0.0132469, 0.0494749, 0.0336041, 0.0655272, 0.0551988, 0.0873563, 0.0618139, 0.0726101, 0.0425922, 0.12449, 0.0656565, 0.0659833, 0.0378492, 0.0687094, 0.045625, 0.117064, 0.0664068, 0.115919, 0.0832413, 0.0703548, 0.0425939, 0.0655272, 0.0551988, 0.0541739, 0.0671207, 0.0655272, 0.0551988, 0.0655272, 0.0551988, 0.0873563, 0.0618139, 0.0444786, 0.0317667, 0.0964469, 0.0900451, 0.115919, 0.0832413, 0.0964469, 0.0900451, 0.0523285, 0.0432757, 0.0444786, 0.0317667, 0.0873563, 0.0618139, 0.0655272, 0.0551988, 0.0401458, 0.0357286, 0.0523285, 0.0432757, 0.0726101, 0.0425922, 0.0655272, 0.0551988, 0.0401458, 0.0357286, 0.0494749, 0.0336041, 0.0437693, 0.0318694, 0.0192971, 0.0133315, 0.0687094, 0.045625, 0.0703548, 0.0425939, 0.0523285, 0.0432757, 0.0261695, 0.016487, 0.0631273, 0.0345266, 0.12449, 0.0656565, 0.0873563, 0.0618139, 0.0437693, 0.0318694, 0.0555044, 0.0291522, 0.0444786, 0.0317667, 0.0659833, 0.0378492, 0.0444786, 0.0317667, 0.0192971, 0.0133315, 0.0247533, 0.0132469, 0.0192971, 0.0133315, ],]
##############################################################################
clock_duration  =         2374.81
tau =                     1.11017
total_steps =             128
time_step =               0.00867317
best_mc_result =          0.00640826
evolved_target_dot_squared =  0.993592
best_evolved_state = [-0.0235693, 0.0124595, -0.0247146, 0.00957119, -0.0562082, 0.0303836, -0.0613215, 0.026592, -0.0296742, 0.0146084, -0.0235693, 0.0124595, -0.0441792, 0.0185819, -0.0514881, 0.0233828, -0.0441792, 0.0185819, -0.0296742, 0.0146084, -0.0613215, 0.026592, -0.0562082, 0.0303836, -0.0695678, 0.0407111, -0.0932202, 0.0593842, -0.0695678, 0.0407111, -0.0501079, 0.0257278, -0.0988415, 0.044291, -0.0873213, 0.0326112, -0.0509666, 0.0210068, -0.0613215, 0.026592, -0.12445, 0.0494214, -0.0737954, 0.0355306, -0.137852, 0.0564938, -0.11892, 0.0603822, -0.0737954, 0.0355306, -0.0235693, 0.0124595, -0.0501079, 0.0257278, -0.0631874, 0.0332431, -0.0635533, 0.0356503, -0.125919, 0.064116, -0.0703345, 0.0348173, -0.0247146, 0.00957119, -0.0562082, 0.0303836, -0.0737954, 0.0355306, -0.0695678, 0.0407111, -0.0635533, 0.0356503, -0.125919, 0.064116, -0.0988415, 0.044291, -0.0441792, 0.0185819, -0.0695678, 0.0407111, -0.137852, 0.0564938, -0.0695678, 0.0407111, -0.11892, 0.0603822, -0.0932202, 0.0593842, -0.0562082, 0.0303836, -0.0441792, 0.0185819, -0.0988415, 0.044291, -0.125919, 0.064116, -0.125919, 0.064116, -0.220038, 0.126055, -0.125919, 0.064116, -0.0562082, 0.0303836, -0.0932202, 0.0593842, -0.11892, 0.0603822, -0.0932202, 0.0593842, -0.0514881, 0.0233828, -0.0873213, 0.0326112, -0.0703345, 0.0348173, -0.0988415, 0.044291, -0.125919, 0.064116, -0.0631874, 0.0332431, -0.0613215, 0.026592, -0.0695678, 0.0407111, -0.0737954, 0.0355306, -0.0562082, 0.0303836, -0.0235693, 0.0124595, -0.0441792, 0.0185819, -0.0509666, 0.0210068, -0.0441792, 0.0185819, -0.0296742, 0.0146084, -0.0501079, 0.0257278, -0.0631874, 0.0332431, -0.0501079, 0.0257278, -0.0235693, 0.0124595, -0.0737954, 0.0355306, -0.12445, 0.0494214, -0.0613215, 0.026592, -0.0737954, 0.0355306, -0.0562082, 0.0303836, -0.0247146, 0.00957119, -0.0509666, 0.0210068, -0.0873213, 0.0326112, -0.0988415, 0.044291, -0.0703345, 0.0348173, -0.125919, 0.064116, -0.0635533, 0.0356503, -0.0737954, 0.0355306, -0.11892, 0.0603822, -0.137852, 0.0564938, -0.0695678, 0.0407111, -0.0873213, 0.0326112, -0.0968577, 0.0286107, -0.0873213, 0.0326112, -0.0873213, 0.0326112, -0.0988415, 0.044291, -0.0501079, 0.0257278, -0.12445, 0.0494214, -0.137852, 0.0564938, -0.12445, 0.0494214, -0.0613215, 0.026592, -0.0501079, 0.0257278, -0.0988415, 0.044291, -0.0873213, 0.0326112, -0.0514881, 0.0233828, -0.0613215, 0.026592, -0.0703345, 0.0348173, -0.0873213, 0.0326112, -0.0514881, 0.0233828, -0.0509666, 0.0210068, -0.0441792, 0.0185819, -0.0235693, 0.0124595, -0.0737954, 0.0355306, -0.0695678, 0.0407111, -0.0613215, 0.026592, -0.0296742, 0.0146084, -0.0631874, 0.0332431, -0.125919, 0.064116, -0.0988415, 0.044291, -0.0441792, 0.0185819, -0.0562082, 0.0303836, -0.0501079, 0.0257278, -0.0635533, 0.0356503, -0.0501079, 0.0257278, -0.0235693, 0.0124595, -0.0247146, 0.00957119, -0.0235693, 0.0124595, ]
distance =          0.112841
j_protocol =  [[1, 1, 1, 1, 1, 1, 1, 1, 1, 1, 1, 1, 1, 1, 1, 1, 1, 1, 1, 1, 1, 1, 1, 1, 1, 0, 1, 1, 1, 1, 1, 1, 1, 1, 1, 1, 1, 1, 1, 1, 1, 1, 1, 1, 1, 1, 1, 1, 1, 1, 1, 1, 1, 1, 1, 1, 1, 1, 1, 1, 1, 1, 1, 1, 1, 1, 1, 1, 1, 1, 1, 1, 1, 1, 1, 1, 1, 1, 1, 1, 1, 1, 1, 1, 1, 1, 1, 1, 1, 1, 1, 1, 1, 1, 1, 1, 1, 1, 1, 1, 1, 1, 1, 1, 1, 1, 1, 1, 1, 1, 1, 1, 1, 1, 1, 1, 1, 1, 1, 1, 1, 1, 1, 1, 1, 1, 1, 1, ],]
k_protocol =  [[0, 0, 0, 0, 0, 0, 0, 0, 0, 0, 0, 0, 0, 0, 0, 1, 0, 0, 1, 1, 1, 0, 1, 1, 1, 1, 1, 0, 1, 1, 0, 0, 0, 0, 0, 1, 0, 0, 0, 0, 0, 0, 0, 0, 0, 0, 0, 0, 0, 0, 0, 0, 0, 0, 1, 1, 0, 0, 0, 0, 0, 0, 0, 0, 1, 1, 0, 0, 0, 0, 1, 1, 1, 1, 0, 0, 0, 0, 1, 1, 0, 0, 0, 0, 0, 0, 0, 1, 1, 0, 0, 0, 1, 1, 0, 0, 0, 0, 0, 0, 0, 0, 0, 0, 0, 0, 0, 0, 0, 0, 0, 0, 0, 0, 0, 0, 0, 0, 0, 0, 0, 0, 1, 1, 1, 1, 1, 1, ],]
b_protocol =  [[1, 1, 1, 1, 1, 1, 1, 1, 1, 1, 1, 1, 1, 1, 1, 1, 1, 1, 1, 1, 1, 1, 1, 1, 1, 1, 1, 1, 1, 1, 1, 1, 1, 1, 1, 1, 1, 1, 1, 1, 1, 1, 1, 1, 1, 1, 1, 1, 1, 1, 1, 1, 1, 1, 1, 1, 1, 1, 1, 1, 1, 1, 1, 1, 1, 1, 1, 1, 1, 1, 1, 1, 1, 1, 1, 1, 1, 1, 1, 1, 1, 1, 1, 1, 1, 1, 1, 1, 1, 1, 1, 1, 1, 1, 1, 1, 1, 1, 1, 1, 1, 1, 1, 1, 1, 1, 1, 1, 1, 1, 1, 1, 1, 1, 1, 1, 1, 1, 1, 1, 1, 1, 1, 1, 1, 1, 1, 1, ],]
best_mc_result_fixed_tau =   [0.00640826, ]
evolved_state_fixed_tau =   [[-0.0235693, 0.0124595, -0.0247146, 0.00957119, -0.0562082, 0.0303836, -0.0613215, 0.026592, -0.0296742, 0.0146084, -0.0235693, 0.0124595, -0.0441792, 0.0185819, -0.0514881, 0.0233828, -0.0441792, 0.0185819, -0.0296742, 0.0146084, -0.0613215, 0.026592, -0.0562082, 0.0303836, -0.0695678, 0.0407111, -0.0932202, 0.0593842, -0.0695678, 0.0407111, -0.0501079, 0.0257278, -0.0988415, 0.044291, -0.0873213, 0.0326112, -0.0509666, 0.0210068, -0.0613215, 0.026592, -0.12445, 0.0494214, -0.0737954, 0.0355306, -0.137852, 0.0564938, -0.11892, 0.0603822, -0.0737954, 0.0355306, -0.0235693, 0.0124595, -0.0501079, 0.0257278, -0.0631874, 0.0332431, -0.0635533, 0.0356503, -0.125919, 0.064116, -0.0703345, 0.0348173, -0.0247146, 0.00957119, -0.0562082, 0.0303836, -0.0737954, 0.0355306, -0.0695678, 0.0407111, -0.0635533, 0.0356503, -0.125919, 0.064116, -0.0988415, 0.044291, -0.0441792, 0.0185819, -0.0695678, 0.0407111, -0.137852, 0.0564938, -0.0695678, 0.0407111, -0.11892, 0.0603822, -0.0932202, 0.0593842, -0.0562082, 0.0303836, -0.0441792, 0.0185819, -0.0988415, 0.044291, -0.125919, 0.064116, -0.125919, 0.064116, -0.220038, 0.126055, -0.125919, 0.064116, -0.0562082, 0.0303836, -0.0932202, 0.0593842, -0.11892, 0.0603822, -0.0932202, 0.0593842, -0.0514881, 0.0233828, -0.0873213, 0.0326112, -0.0703345, 0.0348173, -0.0988415, 0.044291, -0.125919, 0.064116, -0.0631874, 0.0332431, -0.0613215, 0.026592, -0.0695678, 0.0407111, -0.0737954, 0.0355306, -0.0562082, 0.0303836, -0.0235693, 0.0124595, -0.0441792, 0.0185819, -0.0509666, 0.0210068, -0.0441792, 0.0185819, -0.0296742, 0.0146084, -0.0501079, 0.0257278, -0.0631874, 0.0332431, -0.0501079, 0.0257278, -0.0235693, 0.0124595, -0.0737954, 0.0355306, -0.12445, 0.0494214, -0.0613215, 0.026592, -0.0737954, 0.0355306, -0.0562082, 0.0303836, -0.0247146, 0.00957119, -0.0509666, 0.0210068, -0.0873213, 0.0326112, -0.0988415, 0.044291, -0.0703345, 0.0348173, -0.125919, 0.064116, -0.0635533, 0.0356503, -0.0737954, 0.0355306, -0.11892, 0.0603822, -0.137852, 0.0564938, -0.0695678, 0.0407111, -0.0873213, 0.0326112, -0.0968577, 0.0286107, -0.0873213, 0.0326112, -0.0873213, 0.0326112, -0.0988415, 0.044291, -0.0501079, 0.0257278, -0.12445, 0.0494214, -0.137852, 0.0564938, -0.12445, 0.0494214, -0.0613215, 0.026592, -0.0501079, 0.0257278, -0.0988415, 0.044291, -0.0873213, 0.0326112, -0.0514881, 0.0233828, -0.0613215, 0.026592, -0.0703345, 0.0348173, -0.0873213, 0.0326112, -0.0514881, 0.0233828, -0.0509666, 0.0210068, -0.0441792, 0.0185819, -0.0235693, 0.0124595, -0.0737954, 0.0355306, -0.0695678, 0.0407111, -0.0613215, 0.026592, -0.0296742, 0.0146084, -0.0631874, 0.0332431, -0.125919, 0.064116, -0.0988415, 0.044291, -0.0441792, 0.0185819, -0.0562082, 0.0303836, -0.0501079, 0.0257278, -0.0635533, 0.0356503, -0.0501079, 0.0257278, -0.0235693, 0.0124595, -0.0247146, 0.00957119, -0.0235693, 0.0124595, ],]
