START_PARAMETERS
MAX_STEPS_MCDB =               128
MIN_STEPS_MCDB =               8
STEPS_CRUNCH_MCDB =            1
SWEEPS_MCDB =                  250
GROUND_E =                -4.69837
INITIAL_E =               -4.56396
j_initial =               0.679
k_initial =               0.25
b_initial =               0
j_target =                0.623
k_target =                0.062
b_target =                0
init_target_dot_squared = 0.948816
init_state = [0.0152581, 0, 0.0213174, 0, 0.053115, 0, 0.052955, 0, 0.0185913, 0, 0.0152581, 0, 0.04196, 0, 0.0377482, 0, 0.04196, 0, 0.0185913, 0, 0.052955, 0, 0.053115, 0, 0.0670387, 0, 0.114886, 0, 0.0670387, 0, 0.0395634, 0, 0.102399, 0, 0.0700054, 0, 0.0415946, 0, 0.052955, 0, 0.129571, 0, 0.0697599, 0, 0.142981, 0, 0.135128, 0, 0.0697599, 0, 0.0152581, 0, 0.0395634, 0, 0.0623855, 0, 0.0652214, 0, 0.163237, 0, 0.0693533, 0, 0.0213174, 0, 0.053115, 0, 0.0697599, 0, 0.0670387, 0, 0.0652214, 0, 0.163237, 0, 0.102399, 0, 0.04196, 0, 0.0670387, 0, 0.142981, 0, 0.0670387, 0, 0.135128, 0, 0.114886, 0, 0.053115, 0, 0.04196, 0, 0.102399, 0, 0.163237, 0, 0.163237, 0, 0.408698, 0, 0.163237, 0, 0.053115, 0, 0.114886, 0, 0.135128, 0, 0.114886, 0, 0.0377482, 0, 0.0700054, 0, 0.0693533, 0, 0.102399, 0, 0.163237, 0, 0.0623855, 0, 0.052955, 0, 0.0670387, 0, 0.0697599, 0, 0.053115, 0, 0.0152581, 0, 0.04196, 0, 0.0415946, 0, 0.04196, 0, 0.0185913, 0, 0.0395634, 0, 0.0623855, 0, 0.0395634, 0, 0.0152581, 0, 0.0697599, 0, 0.129571, 0, 0.052955, 0, 0.0697599, 0, 0.053115, 0, 0.0213174, 0, 0.0415946, 0, 0.0700054, 0, 0.102399, 0, 0.0693533, 0, 0.163237, 0, 0.0652214, 0, 0.0697599, 0, 0.135128, 0, 0.142981, 0, 0.0670387, 0, 0.0700054, 0, 0.0770861, 0, 0.0700054, 0, 0.0700054, 0, 0.102399, 0, 0.0395634, 0, 0.129571, 0, 0.142981, 0, 0.129571, 0, 0.052955, 0, 0.0395634, 0, 0.102399, 0, 0.0700054, 0, 0.0377482, 0, 0.052955, 0, 0.0693533, 0, 0.0700054, 0, 0.0377482, 0, 0.0415946, 0, 0.04196, 0, 0.0152581, 0, 0.0697599, 0, 0.0670387, 0, 0.052955, 0, 0.0185913, 0, 0.0623855, 0, 0.163237, 0, 0.102399, 0, 0.04196, 0, 0.053115, 0, 0.0395634, 0, 0.0652214, 0, 0.0395634, 0, 0.0152581, 0, 0.0213174, 0, 0.0152581, 0, ]
target_state = [0.0270011, 0, 0.0336354, 0, 0.065857, 0, 0.0682093, 0, 0.0320412, 0, 0.0270011, 0, 0.0589879, 0, 0.0571816, 0, 0.0589879, 0, 0.0320412, 0, 0.0682093, 0, 0.065857, 0, 0.0800929, 0, 0.109664, 0, 0.0800929, 0, 0.0535456, 0, 0.109157, 0, 0.0884209, 0, 0.0617871, 0, 0.0682093, 0, 0.129495, 0, 0.0855758, 0, 0.140995, 0, 0.1335, 0, 0.0855758, 0, 0.0270011, 0, 0.0535456, 0, 0.0741791, 0, 0.0746404, 0, 0.14059, 0, 0.0834279, 0, 0.0336354, 0, 0.065857, 0, 0.0855758, 0, 0.0800929, 0, 0.0746404, 0, 0.14059, 0, 0.109157, 0, 0.0589879, 0, 0.0800929, 0, 0.140995, 0, 0.0800929, 0, 0.1335, 0, 0.109664, 0, 0.065857, 0, 0.0589879, 0, 0.109157, 0, 0.14059, 0, 0.14059, 0, 0.246306, 0, 0.14059, 0, 0.065857, 0, 0.109664, 0, 0.1335, 0, 0.109664, 0, 0.0571816, 0, 0.0884209, 0, 0.0834279, 0, 0.109157, 0, 0.14059, 0, 0.0741791, 0, 0.0682093, 0, 0.0800929, 0, 0.0855758, 0, 0.065857, 0, 0.0270011, 0, 0.0589879, 0, 0.0617871, 0, 0.0589879, 0, 0.0320412, 0, 0.0535456, 0, 0.0741791, 0, 0.0535456, 0, 0.0270011, 0, 0.0855758, 0, 0.129495, 0, 0.0682093, 0, 0.0855758, 0, 0.065857, 0, 0.0336354, 0, 0.0617871, 0, 0.0884209, 0, 0.109157, 0, 0.0834279, 0, 0.14059, 0, 0.0746404, 0, 0.0855758, 0, 0.1335, 0, 0.140995, 0, 0.0800929, 0, 0.0884209, 0, 0.0990232, 0, 0.0884209, 0, 0.0884209, 0, 0.109157, 0, 0.0535456, 0, 0.129495, 0, 0.140995, 0, 0.129495, 0, 0.0682093, 0, 0.0535456, 0, 0.109157, 0, 0.0884209, 0, 0.0571816, 0, 0.0682093, 0, 0.0834279, 0, 0.0884209, 0, 0.0571816, 0, 0.0617871, 0, 0.0589879, 0, 0.0270011, 0, 0.0855758, 0, 0.0800929, 0, 0.0682093, 0, 0.0320412, 0, 0.0741791, 0, 0.14059, 0, 0.109157, 0, 0.0589879, 0, 0.065857, 0, 0.0535456, 0, 0.0746404, 0, 0.0535456, 0, 0.0270011, 0, 0.0336354, 0, 0.0270011, 0, ]
USE_ENERGY_DISTANCE =     false
PERIODIC =                false
UNIFORM_SITES =           true
DEVICE_DIMENSION =        2
MAX_PARAM =               1
MIN_PARAM =               0
MIN_PARAM =               0
DIAG =                    false
NUM_SEEDS =               1
DISTANCE_LIMIT =          0.01
TAU_INIT =                0.1
MAX_TAU =                 2
TAU_SCALAR =              1.15
TAU_SCALAR_TINY =         1.05
TAU_SCALAR_BIG =          1.3
ACCEPTANCE_PROB =         0.8
TEMP_EXP_DECAY =          0.9
TEMP_DECAY_ITERATIONS =   35
TEMP_DECAY_LIMIT =        10
RANDOM_STATES =           3
INIT_OVERLAP_LIMIT =      0.99999
END_PARAMETERS
##############################################################################
clock_duration  =         106.08
tau =                     0.1
total_steps =             32
time_step =               0.003125
best_mc_result =          0.0433485
evolved_target_dot_squared =  0.956652
best_evolved_state = [0.0105667, 0.0122568, 0.0140897, 0.0166978, 0.0369606, 0.0409671, 0.0362012, 0.0395107, 0.0132991, 0.0149584, 0.0105667, 0.0122568, 0.0276374, 0.0310411, 0.0257621, 0.0288133, 0.0276374, 0.0310411, 0.0132991, 0.0149584, 0.0362012, 0.0395107, 0.0369606, 0.0409671, 0.0473517, 0.0518688, 0.0826796, 0.0871384, 0.0473517, 0.0518688, 0.028406, 0.0313553, 0.0704042, 0.0748486, 0.048452, 0.0523625, 0.0283848, 0.0317358, 0.0362012, 0.0395107, 0.0872394, 0.0888876, 0.047446, 0.05208, 0.0975621, 0.101441, 0.0930787, 0.0990507, 0.047446, 0.05208, 0.0105667, 0.0122568, 0.028406, 0.0313553, 0.0438443, 0.0482566, 0.0464451, 0.0505877, 0.113577, 0.116809, 0.0490406, 0.0536699, 0.0140897, 0.0166978, 0.0369606, 0.0409671, 0.047446, 0.05208, 0.0473517, 0.0518688, 0.0464451, 0.0505877, 0.113577, 0.116809, 0.0704042, 0.0748486, 0.0276374, 0.0310411, 0.0473517, 0.0518688, 0.0975621, 0.101441, 0.0473517, 0.0518688, 0.0930787, 0.0990507, 0.0826796, 0.0871384, 0.0369606, 0.0409671, 0.0276374, 0.0310411, 0.0704042, 0.0748486, 0.113577, 0.116809, 0.113577, 0.116809, 0.283275, 0.270371, 0.113577, 0.116809, 0.0369606, 0.0409671, 0.0826796, 0.0871384, 0.0930787, 0.0990507, 0.0826796, 0.0871384, 0.0257621, 0.0288133, 0.048452, 0.0523625, 0.0490406, 0.0536699, 0.0704042, 0.0748486, 0.113577, 0.116809, 0.0438443, 0.0482566, 0.0362012, 0.0395107, 0.0473517, 0.0518688, 0.047446, 0.05208, 0.0369606, 0.0409671, 0.0105667, 0.0122568, 0.0276374, 0.0310411, 0.0283848, 0.0317358, 0.0276374, 0.0310411, 0.0132991, 0.0149584, 0.028406, 0.0313553, 0.0438443, 0.0482566, 0.028406, 0.0313553, 0.0105667, 0.0122568, 0.047446, 0.05208, 0.0872394, 0.0888876, 0.0362012, 0.0395107, 0.047446, 0.05208, 0.0369606, 0.0409671, 0.0140897, 0.0166978, 0.0283848, 0.0317358, 0.048452, 0.0523625, 0.0704042, 0.0748486, 0.0490406, 0.0536699, 0.113577, 0.116809, 0.0464451, 0.0505877, 0.047446, 0.05208, 0.0930787, 0.0990507, 0.0975621, 0.101441, 0.0473517, 0.0518688, 0.048452, 0.0523625, 0.0512996, 0.0557313, 0.048452, 0.0523625, 0.048452, 0.0523625, 0.0704042, 0.0748486, 0.028406, 0.0313553, 0.0872394, 0.0888876, 0.0975621, 0.101441, 0.0872394, 0.0888876, 0.0362012, 0.0395107, 0.028406, 0.0313553, 0.0704042, 0.0748486, 0.048452, 0.0523625, 0.0257621, 0.0288133, 0.0362012, 0.0395107, 0.0490406, 0.0536699, 0.048452, 0.0523625, 0.0257621, 0.0288133, 0.0283848, 0.0317358, 0.0276374, 0.0310411, 0.0105667, 0.0122568, 0.047446, 0.05208, 0.0473517, 0.0518688, 0.0362012, 0.0395107, 0.0132991, 0.0149584, 0.0438443, 0.0482566, 0.113577, 0.116809, 0.0704042, 0.0748486, 0.0276374, 0.0310411, 0.0369606, 0.0409671, 0.028406, 0.0313553, 0.0464451, 0.0505877, 0.028406, 0.0313553, 0.0105667, 0.0122568, 0.0140897, 0.0166978, 0.0105667, 0.0122568, ]
distance =          0.846907
j_protocol =  [[1, 1, 1, 1, 1, 1, 1, 1, 1, 1, 1, 1, 1, 1, 1, 1, 1, 1, 1, 1, 1, 1, 1, 1, 1, 1, 1, 1, 1, 1, 1, 0, ],]
k_protocol =  [[0, 0, 0, 0, 0, 0, 0, 0, 0, 0, 0, 0, 0, 0, 0, 0, 0, 0, 0, 0, 0, 0, 0, 1, 1, 1, 1, 1, 1, 1, 1, 1, ],]
b_protocol =  [[1, 1, 1, 1, 1, 1, 1, 1, 1, 1, 1, 1, 1, 1, 1, 1, 1, 1, 1, 1, 1, 1, 1, 1, 1, 1, 1, 1, 1, 1, 1, 1, ],]
best_mc_result_fixed_tau =   [0.0433485, ]
evolved_state_fixed_tau =   [[0.0105667, 0.0122568, 0.0140897, 0.0166978, 0.0369606, 0.0409671, 0.0362012, 0.0395107, 0.0132991, 0.0149584, 0.0105667, 0.0122568, 0.0276374, 0.0310411, 0.0257621, 0.0288133, 0.0276374, 0.0310411, 0.0132991, 0.0149584, 0.0362012, 0.0395107, 0.0369606, 0.0409671, 0.0473517, 0.0518688, 0.0826796, 0.0871384, 0.0473517, 0.0518688, 0.028406, 0.0313553, 0.0704042, 0.0748486, 0.048452, 0.0523625, 0.0283848, 0.0317358, 0.0362012, 0.0395107, 0.0872394, 0.0888876, 0.047446, 0.05208, 0.0975621, 0.101441, 0.0930787, 0.0990507, 0.047446, 0.05208, 0.0105667, 0.0122568, 0.028406, 0.0313553, 0.0438443, 0.0482566, 0.0464451, 0.0505877, 0.113577, 0.116809, 0.0490406, 0.0536699, 0.0140897, 0.0166978, 0.0369606, 0.0409671, 0.047446, 0.05208, 0.0473517, 0.0518688, 0.0464451, 0.0505877, 0.113577, 0.116809, 0.0704042, 0.0748486, 0.0276374, 0.0310411, 0.0473517, 0.0518688, 0.0975621, 0.101441, 0.0473517, 0.0518688, 0.0930787, 0.0990507, 0.0826796, 0.0871384, 0.0369606, 0.0409671, 0.0276374, 0.0310411, 0.0704042, 0.0748486, 0.113577, 0.116809, 0.113577, 0.116809, 0.283275, 0.270371, 0.113577, 0.116809, 0.0369606, 0.0409671, 0.0826796, 0.0871384, 0.0930787, 0.0990507, 0.0826796, 0.0871384, 0.0257621, 0.0288133, 0.048452, 0.0523625, 0.0490406, 0.0536699, 0.0704042, 0.0748486, 0.113577, 0.116809, 0.0438443, 0.0482566, 0.0362012, 0.0395107, 0.0473517, 0.0518688, 0.047446, 0.05208, 0.0369606, 0.0409671, 0.0105667, 0.0122568, 0.0276374, 0.0310411, 0.0283848, 0.0317358, 0.0276374, 0.0310411, 0.0132991, 0.0149584, 0.028406, 0.0313553, 0.0438443, 0.0482566, 0.028406, 0.0313553, 0.0105667, 0.0122568, 0.047446, 0.05208, 0.0872394, 0.0888876, 0.0362012, 0.0395107, 0.047446, 0.05208, 0.0369606, 0.0409671, 0.0140897, 0.0166978, 0.0283848, 0.0317358, 0.048452, 0.0523625, 0.0704042, 0.0748486, 0.0490406, 0.0536699, 0.113577, 0.116809, 0.0464451, 0.0505877, 0.047446, 0.05208, 0.0930787, 0.0990507, 0.0975621, 0.101441, 0.0473517, 0.0518688, 0.048452, 0.0523625, 0.0512996, 0.0557313, 0.048452, 0.0523625, 0.048452, 0.0523625, 0.0704042, 0.0748486, 0.028406, 0.0313553, 0.0872394, 0.0888876, 0.0975621, 0.101441, 0.0872394, 0.0888876, 0.0362012, 0.0395107, 0.028406, 0.0313553, 0.0704042, 0.0748486, 0.048452, 0.0523625, 0.0257621, 0.0288133, 0.0362012, 0.0395107, 0.0490406, 0.0536699, 0.048452, 0.0523625, 0.0257621, 0.0288133, 0.0283848, 0.0317358, 0.0276374, 0.0310411, 0.0105667, 0.0122568, 0.047446, 0.05208, 0.0473517, 0.0518688, 0.0362012, 0.0395107, 0.0132991, 0.0149584, 0.0438443, 0.0482566, 0.113577, 0.116809, 0.0704042, 0.0748486, 0.0276374, 0.0310411, 0.0369606, 0.0409671, 0.028406, 0.0313553, 0.0464451, 0.0505877, 0.028406, 0.0313553, 0.0105667, 0.0122568, 0.0140897, 0.0166978, 0.0105667, 0.0122568, ],]
##############################################################################
clock_duration  =         204.612
tau =                     0.26
total_steps =             32
time_step =               0.008125
best_mc_result =          0.0255325
evolved_target_dot_squared =  0.974467
best_evolved_state = [-0.0103705, 0.0172679, -0.0179132, 0.0218868, -0.0302846, 0.0570785, -0.0293159, 0.0485147, -0.00976616, 0.0217085, -0.0103705, 0.0172679, -0.0288686, 0.0341258, -0.0226454, 0.0362825, -0.0288686, 0.0341258, -0.00976616, 0.0217085, -0.0293159, 0.0485147, -0.0302846, 0.0570785, -0.0343035, 0.0748422, -0.04638, 0.125703, -0.0343035, 0.0748422, -0.0196215, 0.0474047, -0.0507235, 0.0919322, -0.0354253, 0.0662926, -0.0250156, 0.0396346, -0.0293159, 0.0485147, -0.0555009, 0.0865625, -0.0411782, 0.0638754, -0.0662779, 0.113192, -0.068348, 0.124724, -0.0411782, 0.0638754, -0.0103705, 0.0172679, -0.0196215, 0.0474047, -0.0335905, 0.0692356, -0.0317843, 0.0746948, -0.0687246, 0.142308, -0.0351602, 0.0776157, -0.0179132, 0.0218868, -0.0302846, 0.0570785, -0.0411782, 0.0638754, -0.0343035, 0.0748422, -0.0317843, 0.0746948, -0.0687246, 0.142308, -0.0507235, 0.0919322, -0.0288686, 0.0341258, -0.0343035, 0.0748422, -0.0662779, 0.113192, -0.0343035, 0.0748422, -0.068348, 0.124724, -0.04638, 0.125703, -0.0302846, 0.0570785, -0.0288686, 0.0341258, -0.0507235, 0.0919322, -0.0687246, 0.142308, -0.0687246, 0.142308, -0.124279, 0.285181, -0.0687246, 0.142308, -0.0302846, 0.0570785, -0.04638, 0.125703, -0.068348, 0.124724, -0.04638, 0.125703, -0.0226454, 0.0362825, -0.0354253, 0.0662926, -0.0351602, 0.0776157, -0.0507235, 0.0919322, -0.0687246, 0.142308, -0.0335905, 0.0692356, -0.0293159, 0.0485147, -0.0343035, 0.0748422, -0.0411782, 0.0638754, -0.0302846, 0.0570785, -0.0103705, 0.0172679, -0.0288686, 0.0341258, -0.0250156, 0.0396346, -0.0288686, 0.0341258, -0.00976616, 0.0217085, -0.0196215, 0.0474047, -0.0335905, 0.0692356, -0.0196215, 0.0474047, -0.0103705, 0.0172679, -0.0411782, 0.0638754, -0.0555009, 0.0865625, -0.0293159, 0.0485147, -0.0411782, 0.0638754, -0.0302846, 0.0570785, -0.0179132, 0.0218868, -0.0250156, 0.0396346, -0.0354253, 0.0662926, -0.0507235, 0.0919322, -0.0351602, 0.0776157, -0.0687246, 0.142308, -0.0317843, 0.0746948, -0.0411782, 0.0638754, -0.068348, 0.124724, -0.0662779, 0.113192, -0.0343035, 0.0748422, -0.0354253, 0.0662926, -0.0452933, 0.0605934, -0.0354253, 0.0662926, -0.0354253, 0.0662926, -0.0507235, 0.0919322, -0.0196215, 0.0474047, -0.0555009, 0.0865625, -0.0662779, 0.113192, -0.0555009, 0.0865625, -0.0293159, 0.0485147, -0.0196215, 0.0474047, -0.0507235, 0.0919322, -0.0354253, 0.0662926, -0.0226454, 0.0362825, -0.0293159, 0.0485147, -0.0351602, 0.0776157, -0.0354253, 0.0662926, -0.0226454, 0.0362825, -0.0250156, 0.0396346, -0.0288686, 0.0341258, -0.0103705, 0.0172679, -0.0411782, 0.0638754, -0.0343035, 0.0748422, -0.0293159, 0.0485147, -0.00976616, 0.0217085, -0.0335905, 0.0692356, -0.0687246, 0.142308, -0.0507235, 0.0919322, -0.0288686, 0.0341258, -0.0302846, 0.0570785, -0.0196215, 0.0474047, -0.0317843, 0.0746948, -0.0196215, 0.0474047, -0.0103705, 0.0172679, -0.0179132, 0.0218868, -0.0103705, 0.0172679, ]
distance =          0.498834
j_protocol =  [[1, 1, 1, 1, 1, 1, 1, 1, 1, 1, 1, 1, 1, 1, 1, 1, 1, 1, 1, 1, 1, 1, 1, 1, 1, 1, 1, 1, 1, 1, 1, 0, ],]
k_protocol =  [[0, 0, 0, 0, 0, 0, 0, 0, 0, 0, 0, 0, 0, 0, 0, 0, 0, 0, 0, 0, 0, 0, 1, 1, 1, 1, 0, 0, 1, 1, 1, 1, ],]
b_protocol =  [[1, 1, 1, 1, 1, 1, 1, 1, 1, 1, 1, 1, 1, 1, 1, 1, 1, 1, 1, 1, 1, 1, 1, 1, 1, 1, 1, 1, 1, 1, 1, 1, ],]
best_mc_result_fixed_tau =   [0.0255325, ]
evolved_state_fixed_tau =   [[-0.0103705, 0.0172679, -0.0179132, 0.0218868, -0.0302846, 0.0570785, -0.0293159, 0.0485147, -0.00976616, 0.0217085, -0.0103705, 0.0172679, -0.0288686, 0.0341258, -0.0226454, 0.0362825, -0.0288686, 0.0341258, -0.00976616, 0.0217085, -0.0293159, 0.0485147, -0.0302846, 0.0570785, -0.0343035, 0.0748422, -0.04638, 0.125703, -0.0343035, 0.0748422, -0.0196215, 0.0474047, -0.0507235, 0.0919322, -0.0354253, 0.0662926, -0.0250156, 0.0396346, -0.0293159, 0.0485147, -0.0555009, 0.0865625, -0.0411782, 0.0638754, -0.0662779, 0.113192, -0.068348, 0.124724, -0.0411782, 0.0638754, -0.0103705, 0.0172679, -0.0196215, 0.0474047, -0.0335905, 0.0692356, -0.0317843, 0.0746948, -0.0687246, 0.142308, -0.0351602, 0.0776157, -0.0179132, 0.0218868, -0.0302846, 0.0570785, -0.0411782, 0.0638754, -0.0343035, 0.0748422, -0.0317843, 0.0746948, -0.0687246, 0.142308, -0.0507235, 0.0919322, -0.0288686, 0.0341258, -0.0343035, 0.0748422, -0.0662779, 0.113192, -0.0343035, 0.0748422, -0.068348, 0.124724, -0.04638, 0.125703, -0.0302846, 0.0570785, -0.0288686, 0.0341258, -0.0507235, 0.0919322, -0.0687246, 0.142308, -0.0687246, 0.142308, -0.124279, 0.285181, -0.0687246, 0.142308, -0.0302846, 0.0570785, -0.04638, 0.125703, -0.068348, 0.124724, -0.04638, 0.125703, -0.0226454, 0.0362825, -0.0354253, 0.0662926, -0.0351602, 0.0776157, -0.0507235, 0.0919322, -0.0687246, 0.142308, -0.0335905, 0.0692356, -0.0293159, 0.0485147, -0.0343035, 0.0748422, -0.0411782, 0.0638754, -0.0302846, 0.0570785, -0.0103705, 0.0172679, -0.0288686, 0.0341258, -0.0250156, 0.0396346, -0.0288686, 0.0341258, -0.00976616, 0.0217085, -0.0196215, 0.0474047, -0.0335905, 0.0692356, -0.0196215, 0.0474047, -0.0103705, 0.0172679, -0.0411782, 0.0638754, -0.0555009, 0.0865625, -0.0293159, 0.0485147, -0.0411782, 0.0638754, -0.0302846, 0.0570785, -0.0179132, 0.0218868, -0.0250156, 0.0396346, -0.0354253, 0.0662926, -0.0507235, 0.0919322, -0.0351602, 0.0776157, -0.0687246, 0.142308, -0.0317843, 0.0746948, -0.0411782, 0.0638754, -0.068348, 0.124724, -0.0662779, 0.113192, -0.0343035, 0.0748422, -0.0354253, 0.0662926, -0.0452933, 0.0605934, -0.0354253, 0.0662926, -0.0354253, 0.0662926, -0.0507235, 0.0919322, -0.0196215, 0.0474047, -0.0555009, 0.0865625, -0.0662779, 0.113192, -0.0555009, 0.0865625, -0.0293159, 0.0485147, -0.0196215, 0.0474047, -0.0507235, 0.0919322, -0.0354253, 0.0662926, -0.0226454, 0.0362825, -0.0293159, 0.0485147, -0.0351602, 0.0776157, -0.0354253, 0.0662926, -0.0226454, 0.0362825, -0.0250156, 0.0396346, -0.0288686, 0.0341258, -0.0103705, 0.0172679, -0.0411782, 0.0638754, -0.0343035, 0.0748422, -0.0293159, 0.0485147, -0.00976616, 0.0217085, -0.0335905, 0.0692356, -0.0687246, 0.142308, -0.0507235, 0.0919322, -0.0288686, 0.0341258, -0.0302846, 0.0570785, -0.0196215, 0.0474047, -0.0317843, 0.0746948, -0.0196215, 0.0474047, -0.0103705, 0.0172679, -0.0179132, 0.0218868, -0.0103705, 0.0172679, ],]
##############################################################################
clock_duration  =         263.379
tau =                     0.299
total_steps =             32
time_step =               0.00934375
best_mc_result =          0.0249016
evolved_target_dot_squared =  0.975098
best_evolved_state = [-0.0164449, 0.0119828, -0.0266242, 0.0150696, -0.049245, 0.0424719, -0.0459961, 0.0343601, -0.0166501, 0.0153593, -0.0164449, 0.0119828, -0.0426311, 0.0219004, -0.0350936, 0.0248731, -0.0426311, 0.0219004, -0.0166501, 0.0153593, -0.0459961, 0.0343601, -0.049245, 0.0424719, -0.0577363, 0.0572414, -0.0844722, 0.0998545, -0.0577363, 0.0572414, -0.0342071, 0.0366152, -0.0812398, 0.0670586, -0.0569545, 0.0477779, -0.038753, 0.0268314, -0.0459961, 0.0343601, -0.0871816, 0.0569581, -0.0640157, 0.0449955, -0.105346, 0.0797151, -0.109841, 0.0925655, -0.0640157, 0.0449955, -0.0164449, 0.0119828, -0.0342071, 0.0366152, -0.0559196, 0.0528603, -0.0548725, 0.058237, -0.11554, 0.107285, -0.0593542, 0.0594836, -0.0266242, 0.0150696, -0.049245, 0.0424719, -0.0640157, 0.0449955, -0.0577363, 0.0572414, -0.0548725, 0.058237, -0.11554, 0.107285, -0.0812398, 0.0670586, -0.0426311, 0.0219004, -0.0577363, 0.0572414, -0.105346, 0.0797151, -0.0577363, 0.0572414, -0.109841, 0.0925655, -0.0844722, 0.0998545, -0.049245, 0.0424719, -0.0426311, 0.0219004, -0.0812398, 0.0670586, -0.11554, 0.107285, -0.11554, 0.107285, -0.218714, 0.215469, -0.11554, 0.107285, -0.049245, 0.0424719, -0.0844722, 0.0998545, -0.109841, 0.0925655, -0.0844722, 0.0998545, -0.0350936, 0.0248731, -0.0569545, 0.0477779, -0.0593542, 0.0594836, -0.0812398, 0.0670586, -0.11554, 0.107285, -0.0559196, 0.0528603, -0.0459961, 0.0343601, -0.0577363, 0.0572414, -0.0640157, 0.0449955, -0.049245, 0.0424719, -0.0164449, 0.0119828, -0.0426311, 0.0219004, -0.038753, 0.0268314, -0.0426311, 0.0219004, -0.0166501, 0.0153593, -0.0342071, 0.0366152, -0.0559196, 0.0528603, -0.0342071, 0.0366152, -0.0164449, 0.0119828, -0.0640157, 0.0449955, -0.0871816, 0.0569581, -0.0459961, 0.0343601, -0.0640157, 0.0449955, -0.049245, 0.0424719, -0.0266242, 0.0150696, -0.038753, 0.0268314, -0.0569545, 0.0477779, -0.0812398, 0.0670586, -0.0593542, 0.0594836, -0.11554, 0.107285, -0.0548725, 0.058237, -0.0640157, 0.0449955, -0.109841, 0.0925655, -0.105346, 0.0797151, -0.0577363, 0.0572414, -0.0569545, 0.0477779, -0.0679781, 0.0405559, -0.0569545, 0.0477779, -0.0569545, 0.0477779, -0.0812398, 0.0670586, -0.0342071, 0.0366152, -0.0871816, 0.0569581, -0.105346, 0.0797151, -0.0871816, 0.0569581, -0.0459961, 0.0343601, -0.0342071, 0.0366152, -0.0812398, 0.0670586, -0.0569545, 0.0477779, -0.0350936, 0.0248731, -0.0459961, 0.0343601, -0.0593542, 0.0594836, -0.0569545, 0.0477779, -0.0350936, 0.0248731, -0.038753, 0.0268314, -0.0426311, 0.0219004, -0.0164449, 0.0119828, -0.0640157, 0.0449955, -0.0577363, 0.0572414, -0.0459961, 0.0343601, -0.0166501, 0.0153593, -0.0559196, 0.0528603, -0.11554, 0.107285, -0.0812398, 0.0670586, -0.0426311, 0.0219004, -0.049245, 0.0424719, -0.0342071, 0.0366152, -0.0548725, 0.058237, -0.0342071, 0.0366152, -0.0164449, 0.0119828, -0.0266242, 0.0150696, -0.0164449, 0.0119828, ]
distance =          0.486507
j_protocol =  [[1, 1, 1, 1, 1, 1, 1, 1, 1, 1, 1, 1, 1, 1, 1, 1, 1, 1, 1, 1, 1, 1, 1, 1, 1, 1, 1, 1, 1, 1, 1, 1, ],]
k_protocol =  [[0, 0, 0, 0, 0, 0, 0, 0, 0, 0, 0, 0, 0, 0, 0, 0, 1, 1, 0, 0, 1, 1, 0, 0, 0, 0, 0, 0, 1, 1, 1, 1, ],]
b_protocol =  [[1, 1, 1, 1, 1, 1, 1, 1, 1, 1, 1, 1, 1, 1, 1, 1, 1, 1, 1, 1, 1, 1, 1, 1, 1, 1, 1, 1, 1, 1, 1, 1, ],]
best_mc_result_fixed_tau =   [0.0249016, ]
evolved_state_fixed_tau =   [[-0.0164449, 0.0119828, -0.0266242, 0.0150696, -0.049245, 0.0424719, -0.0459961, 0.0343601, -0.0166501, 0.0153593, -0.0164449, 0.0119828, -0.0426311, 0.0219004, -0.0350936, 0.0248731, -0.0426311, 0.0219004, -0.0166501, 0.0153593, -0.0459961, 0.0343601, -0.049245, 0.0424719, -0.0577363, 0.0572414, -0.0844722, 0.0998545, -0.0577363, 0.0572414, -0.0342071, 0.0366152, -0.0812398, 0.0670586, -0.0569545, 0.0477779, -0.038753, 0.0268314, -0.0459961, 0.0343601, -0.0871816, 0.0569581, -0.0640157, 0.0449955, -0.105346, 0.0797151, -0.109841, 0.0925655, -0.0640157, 0.0449955, -0.0164449, 0.0119828, -0.0342071, 0.0366152, -0.0559196, 0.0528603, -0.0548725, 0.058237, -0.11554, 0.107285, -0.0593542, 0.0594836, -0.0266242, 0.0150696, -0.049245, 0.0424719, -0.0640157, 0.0449955, -0.0577363, 0.0572414, -0.0548725, 0.058237, -0.11554, 0.107285, -0.0812398, 0.0670586, -0.0426311, 0.0219004, -0.0577363, 0.0572414, -0.105346, 0.0797151, -0.0577363, 0.0572414, -0.109841, 0.0925655, -0.0844722, 0.0998545, -0.049245, 0.0424719, -0.0426311, 0.0219004, -0.0812398, 0.0670586, -0.11554, 0.107285, -0.11554, 0.107285, -0.218714, 0.215469, -0.11554, 0.107285, -0.049245, 0.0424719, -0.0844722, 0.0998545, -0.109841, 0.0925655, -0.0844722, 0.0998545, -0.0350936, 0.0248731, -0.0569545, 0.0477779, -0.0593542, 0.0594836, -0.0812398, 0.0670586, -0.11554, 0.107285, -0.0559196, 0.0528603, -0.0459961, 0.0343601, -0.0577363, 0.0572414, -0.0640157, 0.0449955, -0.049245, 0.0424719, -0.0164449, 0.0119828, -0.0426311, 0.0219004, -0.038753, 0.0268314, -0.0426311, 0.0219004, -0.0166501, 0.0153593, -0.0342071, 0.0366152, -0.0559196, 0.0528603, -0.0342071, 0.0366152, -0.0164449, 0.0119828, -0.0640157, 0.0449955, -0.0871816, 0.0569581, -0.0459961, 0.0343601, -0.0640157, 0.0449955, -0.049245, 0.0424719, -0.0266242, 0.0150696, -0.038753, 0.0268314, -0.0569545, 0.0477779, -0.0812398, 0.0670586, -0.0593542, 0.0594836, -0.11554, 0.107285, -0.0548725, 0.058237, -0.0640157, 0.0449955, -0.109841, 0.0925655, -0.105346, 0.0797151, -0.0577363, 0.0572414, -0.0569545, 0.0477779, -0.0679781, 0.0405559, -0.0569545, 0.0477779, -0.0569545, 0.0477779, -0.0812398, 0.0670586, -0.0342071, 0.0366152, -0.0871816, 0.0569581, -0.105346, 0.0797151, -0.0871816, 0.0569581, -0.0459961, 0.0343601, -0.0342071, 0.0366152, -0.0812398, 0.0670586, -0.0569545, 0.0477779, -0.0350936, 0.0248731, -0.0459961, 0.0343601, -0.0593542, 0.0594836, -0.0569545, 0.0477779, -0.0350936, 0.0248731, -0.038753, 0.0268314, -0.0426311, 0.0219004, -0.0164449, 0.0119828, -0.0640157, 0.0449955, -0.0577363, 0.0572414, -0.0459961, 0.0343601, -0.0166501, 0.0153593, -0.0559196, 0.0528603, -0.11554, 0.107285, -0.0812398, 0.0670586, -0.0426311, 0.0219004, -0.049245, 0.0424719, -0.0342071, 0.0366152, -0.0548725, 0.058237, -0.0342071, 0.0366152, -0.0164449, 0.0119828, -0.0266242, 0.0150696, -0.0164449, 0.0119828, ],]
##############################################################################
clock_duration  =         316.748
tau =                     0.3887
total_steps =             32
time_step =               0.0121469
best_mc_result =          0.0228896
evolved_target_dot_squared =  0.97711
best_evolved_state = [-0.0210857, -0.00299177, -0.0321954, -0.00537143, -0.0658784, -0.00133941, -0.0576731, -0.00592638, -0.0226175, -0.00217824, -0.0210857, -0.00299177, -0.0497375, -0.0120121, -0.0435286, -0.00664024, -0.0497375, -0.0120121, -0.0226175, -0.00217824, -0.0576731, -0.00592638, -0.0658784, -0.00133941, -0.0797847, 0.00366168, -0.12434, 0.0183452, -0.0797847, 0.00366168, -0.0482167, 0.0034649, -0.105525, -0.00470435, -0.0735081, -0.00468308, -0.0479678, -0.00833846, -0.0576731, -0.00592638, -0.105322, -0.0206422, -0.0803141, -0.00936448, -0.133371, -0.0136112, -0.144755, -0.00284125, -0.0803141, -0.00936448, -0.0210857, -0.00299177, -0.0482167, 0.0034649, -0.0766206, 0.00256604, -0.0776831, 0.00698111, -0.156947, 0.00364249, -0.0821488, 0.00425512, -0.0321954, -0.00537143, -0.0658784, -0.00133941, -0.0803141, -0.00936448, -0.0797847, 0.00366168, -0.0776831, 0.00698111, -0.156947, 0.00364249, -0.105525, -0.00470435, -0.0497375, -0.0120121, -0.0797847, 0.00366168, -0.133371, -0.0136112, -0.0797847, 0.00366168, -0.144755, -0.00284125, -0.12434, 0.0183452, -0.0658784, -0.00133941, -0.0497375, -0.0120121, -0.105525, -0.00470435, -0.156947, 0.00364249, -0.156947, 0.00364249, -0.302496, 0.0146898, -0.156947, 0.00364249, -0.0658784, -0.00133941, -0.12434, 0.0183452, -0.144755, -0.00284125, -0.12434, 0.0183452, -0.0435286, -0.00664024, -0.0735081, -0.00468308, -0.0821488, 0.00425512, -0.105525, -0.00470435, -0.156947, 0.00364249, -0.0766206, 0.00256604, -0.0576731, -0.00592638, -0.0797847, 0.00366168, -0.0803141, -0.00936448, -0.0658784, -0.00133941, -0.0210857, -0.00299177, -0.0497375, -0.0120121, -0.0479678, -0.00833846, -0.0497375, -0.0120121, -0.0226175, -0.00217824, -0.0482167, 0.0034649, -0.0766206, 0.00256604, -0.0482167, 0.0034649, -0.0210857, -0.00299177, -0.0803141, -0.00936448, -0.105322, -0.0206422, -0.0576731, -0.00592638, -0.0803141, -0.00936448, -0.0658784, -0.00133941, -0.0321954, -0.00537143, -0.0479678, -0.00833846, -0.0735081, -0.00468308, -0.105525, -0.00470435, -0.0821488, 0.00425512, -0.156947, 0.00364249, -0.0776831, 0.00698111, -0.0803141, -0.00936448, -0.144755, -0.00284125, -0.133371, -0.0136112, -0.0797847, 0.00366168, -0.0735081, -0.00468308, -0.0808268, -0.0145638, -0.0735081, -0.00468308, -0.0735081, -0.00468308, -0.105525, -0.00470435, -0.0482167, 0.0034649, -0.105322, -0.0206422, -0.133371, -0.0136112, -0.105322, -0.0206422, -0.0576731, -0.00592638, -0.0482167, 0.0034649, -0.105525, -0.00470435, -0.0735081, -0.00468308, -0.0435286, -0.00664024, -0.0576731, -0.00592638, -0.0821488, 0.00425512, -0.0735081, -0.00468308, -0.0435286, -0.00664024, -0.0479678, -0.00833846, -0.0497375, -0.0120121, -0.0210857, -0.00299177, -0.0803141, -0.00936448, -0.0797847, 0.00366168, -0.0576731, -0.00592638, -0.0226175, -0.00217824, -0.0766206, 0.00256604, -0.156947, 0.00364249, -0.105525, -0.00470435, -0.0497375, -0.0120121, -0.0658784, -0.00133941, -0.0482167, 0.0034649, -0.0776831, 0.00698111, -0.0482167, 0.0034649, -0.0210857, -0.00299177, -0.0321954, -0.00537143, -0.0210857, -0.00299177, ]
distance =          0.447199
j_protocol =  [[1, 1, 1, 1, 1, 1, 1, 1, 1, 1, 1, 1, 1, 1, 1, 1, 1, 1, 1, 1, 1, 1, 1, 1, 1, 1, 1, 1, 1, 1, 1, 1, ],]
k_protocol =  [[0, 0, 0, 0, 0, 0, 0, 0, 1, 1, 0, 0, 0, 0, 1, 1, 0, 0, 0, 0, 0, 0, 0, 0, 0, 0, 1, 1, 0, 0, 1, 1, ],]
b_protocol =  [[1, 1, 1, 1, 1, 1, 1, 1, 1, 1, 1, 1, 1, 1, 1, 1, 1, 1, 1, 1, 1, 1, 1, 1, 1, 1, 1, 1, 1, 1, 1, 1, ],]
best_mc_result_fixed_tau =   [0.0228896, ]
evolved_state_fixed_tau =   [[-0.0210857, -0.00299177, -0.0321954, -0.00537143, -0.0658784, -0.00133941, -0.0576731, -0.00592638, -0.0226175, -0.00217824, -0.0210857, -0.00299177, -0.0497375, -0.0120121, -0.0435286, -0.00664024, -0.0497375, -0.0120121, -0.0226175, -0.00217824, -0.0576731, -0.00592638, -0.0658784, -0.00133941, -0.0797847, 0.00366168, -0.12434, 0.0183452, -0.0797847, 0.00366168, -0.0482167, 0.0034649, -0.105525, -0.00470435, -0.0735081, -0.00468308, -0.0479678, -0.00833846, -0.0576731, -0.00592638, -0.105322, -0.0206422, -0.0803141, -0.00936448, -0.133371, -0.0136112, -0.144755, -0.00284125, -0.0803141, -0.00936448, -0.0210857, -0.00299177, -0.0482167, 0.0034649, -0.0766206, 0.00256604, -0.0776831, 0.00698111, -0.156947, 0.00364249, -0.0821488, 0.00425512, -0.0321954, -0.00537143, -0.0658784, -0.00133941, -0.0803141, -0.00936448, -0.0797847, 0.00366168, -0.0776831, 0.00698111, -0.156947, 0.00364249, -0.105525, -0.00470435, -0.0497375, -0.0120121, -0.0797847, 0.00366168, -0.133371, -0.0136112, -0.0797847, 0.00366168, -0.144755, -0.00284125, -0.12434, 0.0183452, -0.0658784, -0.00133941, -0.0497375, -0.0120121, -0.105525, -0.00470435, -0.156947, 0.00364249, -0.156947, 0.00364249, -0.302496, 0.0146898, -0.156947, 0.00364249, -0.0658784, -0.00133941, -0.12434, 0.0183452, -0.144755, -0.00284125, -0.12434, 0.0183452, -0.0435286, -0.00664024, -0.0735081, -0.00468308, -0.0821488, 0.00425512, -0.105525, -0.00470435, -0.156947, 0.00364249, -0.0766206, 0.00256604, -0.0576731, -0.00592638, -0.0797847, 0.00366168, -0.0803141, -0.00936448, -0.0658784, -0.00133941, -0.0210857, -0.00299177, -0.0497375, -0.0120121, -0.0479678, -0.00833846, -0.0497375, -0.0120121, -0.0226175, -0.00217824, -0.0482167, 0.0034649, -0.0766206, 0.00256604, -0.0482167, 0.0034649, -0.0210857, -0.00299177, -0.0803141, -0.00936448, -0.105322, -0.0206422, -0.0576731, -0.00592638, -0.0803141, -0.00936448, -0.0658784, -0.00133941, -0.0321954, -0.00537143, -0.0479678, -0.00833846, -0.0735081, -0.00468308, -0.105525, -0.00470435, -0.0821488, 0.00425512, -0.156947, 0.00364249, -0.0776831, 0.00698111, -0.0803141, -0.00936448, -0.144755, -0.00284125, -0.133371, -0.0136112, -0.0797847, 0.00366168, -0.0735081, -0.00468308, -0.0808268, -0.0145638, -0.0735081, -0.00468308, -0.0735081, -0.00468308, -0.105525, -0.00470435, -0.0482167, 0.0034649, -0.105322, -0.0206422, -0.133371, -0.0136112, -0.105322, -0.0206422, -0.0576731, -0.00592638, -0.0482167, 0.0034649, -0.105525, -0.00470435, -0.0735081, -0.00468308, -0.0435286, -0.00664024, -0.0576731, -0.00592638, -0.0821488, 0.00425512, -0.0735081, -0.00468308, -0.0435286, -0.00664024, -0.0479678, -0.00833846, -0.0497375, -0.0120121, -0.0210857, -0.00299177, -0.0803141, -0.00936448, -0.0797847, 0.00366168, -0.0576731, -0.00592638, -0.0226175, -0.00217824, -0.0766206, 0.00256604, -0.156947, 0.00364249, -0.105525, -0.00470435, -0.0497375, -0.0120121, -0.0658784, -0.00133941, -0.0482167, 0.0034649, -0.0776831, 0.00698111, -0.0482167, 0.0034649, -0.0210857, -0.00299177, -0.0321954, -0.00537143, -0.0210857, -0.00299177, ],]
##############################################################################
clock_duration  =         418.831
tau =                     0.50531
total_steps =             32
time_step =               0.0157909
best_mc_result =          0.0192223
evolved_target_dot_squared =  0.980778
best_evolved_state = [-0.0129967, -0.0190434, -0.0188545, -0.0256609, -0.0446106, -0.0509354, -0.0334056, -0.0474679, -0.0144877, -0.0223852, -0.0129967, -0.0190434, -0.0258906, -0.0432844, -0.024728, -0.0389934, -0.0258906, -0.0432844, -0.0144877, -0.0223852, -0.0334056, -0.0474679, -0.0446106, -0.0509354, -0.0554138, -0.0595609, -0.0937086, -0.0825396, -0.0554138, -0.0595609, -0.0332236, -0.0365012, -0.067116, -0.0817884, -0.0444952, -0.0611444, -0.0271088, -0.0445709, -0.0334056, -0.0474679, -0.0554101, -0.0917534, -0.0481985, -0.0655454, -0.0796465, -0.108997, -0.0958819, -0.10797, -0.0481985, -0.0655454, -0.0129967, -0.0190434, -0.0332236, -0.0365012, -0.0534041, -0.0560106, -0.055892, -0.0549102, -0.107954, -0.111387, -0.0571095, -0.0611108, -0.0188545, -0.0256609, -0.0446106, -0.0509354, -0.0481985, -0.0655454, -0.0554138, -0.0595609, -0.055892, -0.0549102, -0.107954, -0.111387, -0.067116, -0.0817884, -0.0258906, -0.0432844, -0.0554138, -0.0595609, -0.0796465, -0.108997, -0.0554138, -0.0595609, -0.0958819, -0.10797, -0.0937086, -0.0825396, -0.0446106, -0.0509354, -0.0258906, -0.0432844, -0.067116, -0.0817884, -0.107954, -0.111387, -0.107954, -0.111387, -0.21097, -0.201008, -0.107954, -0.111387, -0.0446106, -0.0509354, -0.0937086, -0.0825396, -0.0958819, -0.10797, -0.0937086, -0.0825396, -0.024728, -0.0389934, -0.0444952, -0.0611444, -0.0571095, -0.0611108, -0.067116, -0.0817884, -0.107954, -0.111387, -0.0534041, -0.0560106, -0.0334056, -0.0474679, -0.0554138, -0.0595609, -0.0481985, -0.0655454, -0.0446106, -0.0509354, -0.0129967, -0.0190434, -0.0258906, -0.0432844, -0.0271088, -0.0445709, -0.0258906, -0.0432844, -0.0144877, -0.0223852, -0.0332236, -0.0365012, -0.0534041, -0.0560106, -0.0332236, -0.0365012, -0.0129967, -0.0190434, -0.0481985, -0.0655454, -0.0554101, -0.0917534, -0.0334056, -0.0474679, -0.0481985, -0.0655454, -0.0446106, -0.0509354, -0.0188545, -0.0256609, -0.0271088, -0.0445709, -0.0444952, -0.0611444, -0.067116, -0.0817884, -0.0571095, -0.0611108, -0.107954, -0.111387, -0.055892, -0.0549102, -0.0481985, -0.0655454, -0.0958819, -0.10797, -0.0796465, -0.108997, -0.0554138, -0.0595609, -0.0444952, -0.0611444, -0.0434863, -0.0659206, -0.0444952, -0.0611444, -0.0444952, -0.0611444, -0.067116, -0.0817884, -0.0332236, -0.0365012, -0.0554101, -0.0917534, -0.0796465, -0.108997, -0.0554101, -0.0917534, -0.0334056, -0.0474679, -0.0332236, -0.0365012, -0.067116, -0.0817884, -0.0444952, -0.0611444, -0.024728, -0.0389934, -0.0334056, -0.0474679, -0.0571095, -0.0611108, -0.0444952, -0.0611444, -0.024728, -0.0389934, -0.0271088, -0.0445709, -0.0258906, -0.0432844, -0.0129967, -0.0190434, -0.0481985, -0.0655454, -0.0554138, -0.0595609, -0.0334056, -0.0474679, -0.0144877, -0.0223852, -0.0534041, -0.0560106, -0.107954, -0.111387, -0.067116, -0.0817884, -0.0258906, -0.0432844, -0.0446106, -0.0509354, -0.0332236, -0.0365012, -0.055892, -0.0549102, -0.0332236, -0.0365012, -0.0129967, -0.0190434, -0.0188545, -0.0256609, -0.0129967, -0.0190434, ]
distance =          0.37555
j_protocol =  [[1, 1, 1, 1, 1, 1, 1, 1, 1, 1, 1, 1, 1, 1, 1, 1, 1, 1, 1, 1, 1, 1, 1, 1, 1, 1, 1, 1, 1, 1, 1, 0, ],]
k_protocol =  [[0, 0, 0, 0, 0, 0, 1, 1, 0, 0, 1, 0, 1, 0, 0, 1, 0, 0, 0, 0, 0, 0, 0, 0, 0, 0, 0, 0, 0, 1, 1, 1, ],]
b_protocol =  [[1, 1, 1, 1, 1, 1, 1, 1, 1, 1, 1, 1, 1, 1, 1, 1, 1, 1, 1, 1, 1, 1, 1, 1, 1, 1, 1, 1, 1, 1, 1, 1, ],]
best_mc_result_fixed_tau =   [0.0192223, ]
evolved_state_fixed_tau =   [[-0.0129967, -0.0190434, -0.0188545, -0.0256609, -0.0446106, -0.0509354, -0.0334056, -0.0474679, -0.0144877, -0.0223852, -0.0129967, -0.0190434, -0.0258906, -0.0432844, -0.024728, -0.0389934, -0.0258906, -0.0432844, -0.0144877, -0.0223852, -0.0334056, -0.0474679, -0.0446106, -0.0509354, -0.0554138, -0.0595609, -0.0937086, -0.0825396, -0.0554138, -0.0595609, -0.0332236, -0.0365012, -0.067116, -0.0817884, -0.0444952, -0.0611444, -0.0271088, -0.0445709, -0.0334056, -0.0474679, -0.0554101, -0.0917534, -0.0481985, -0.0655454, -0.0796465, -0.108997, -0.0958819, -0.10797, -0.0481985, -0.0655454, -0.0129967, -0.0190434, -0.0332236, -0.0365012, -0.0534041, -0.0560106, -0.055892, -0.0549102, -0.107954, -0.111387, -0.0571095, -0.0611108, -0.0188545, -0.0256609, -0.0446106, -0.0509354, -0.0481985, -0.0655454, -0.0554138, -0.0595609, -0.055892, -0.0549102, -0.107954, -0.111387, -0.067116, -0.0817884, -0.0258906, -0.0432844, -0.0554138, -0.0595609, -0.0796465, -0.108997, -0.0554138, -0.0595609, -0.0958819, -0.10797, -0.0937086, -0.0825396, -0.0446106, -0.0509354, -0.0258906, -0.0432844, -0.067116, -0.0817884, -0.107954, -0.111387, -0.107954, -0.111387, -0.21097, -0.201008, -0.107954, -0.111387, -0.0446106, -0.0509354, -0.0937086, -0.0825396, -0.0958819, -0.10797, -0.0937086, -0.0825396, -0.024728, -0.0389934, -0.0444952, -0.0611444, -0.0571095, -0.0611108, -0.067116, -0.0817884, -0.107954, -0.111387, -0.0534041, -0.0560106, -0.0334056, -0.0474679, -0.0554138, -0.0595609, -0.0481985, -0.0655454, -0.0446106, -0.0509354, -0.0129967, -0.0190434, -0.0258906, -0.0432844, -0.0271088, -0.0445709, -0.0258906, -0.0432844, -0.0144877, -0.0223852, -0.0332236, -0.0365012, -0.0534041, -0.0560106, -0.0332236, -0.0365012, -0.0129967, -0.0190434, -0.0481985, -0.0655454, -0.0554101, -0.0917534, -0.0334056, -0.0474679, -0.0481985, -0.0655454, -0.0446106, -0.0509354, -0.0188545, -0.0256609, -0.0271088, -0.0445709, -0.0444952, -0.0611444, -0.067116, -0.0817884, -0.0571095, -0.0611108, -0.107954, -0.111387, -0.055892, -0.0549102, -0.0481985, -0.0655454, -0.0958819, -0.10797, -0.0796465, -0.108997, -0.0554138, -0.0595609, -0.0444952, -0.0611444, -0.0434863, -0.0659206, -0.0444952, -0.0611444, -0.0444952, -0.0611444, -0.067116, -0.0817884, -0.0332236, -0.0365012, -0.0554101, -0.0917534, -0.0796465, -0.108997, -0.0554101, -0.0917534, -0.0334056, -0.0474679, -0.0332236, -0.0365012, -0.067116, -0.0817884, -0.0444952, -0.0611444, -0.024728, -0.0389934, -0.0334056, -0.0474679, -0.0571095, -0.0611108, -0.0444952, -0.0611444, -0.024728, -0.0389934, -0.0271088, -0.0445709, -0.0258906, -0.0432844, -0.0129967, -0.0190434, -0.0481985, -0.0655454, -0.0554138, -0.0595609, -0.0334056, -0.0474679, -0.0144877, -0.0223852, -0.0534041, -0.0560106, -0.107954, -0.111387, -0.067116, -0.0817884, -0.0258906, -0.0432844, -0.0446106, -0.0509354, -0.0332236, -0.0365012, -0.055892, -0.0549102, -0.0332236, -0.0365012, -0.0129967, -0.0190434, -0.0188545, -0.0256609, -0.0129967, -0.0190434, ],]
##############################################################################
clock_duration  =         528.464
tau =                     0.656903
total_steps =             32
time_step =               0.0205282
best_mc_result =          0.0147932
evolved_target_dot_squared =  0.985207
best_evolved_state = [0.00969015, -0.0223462, 0.00981497, -0.0277918, 0.0235494, -0.0623696, 0.035128, -0.0495627, 0.0153237, -0.0285588, 0.00969015, -0.0223462, 0.0275938, -0.0442471, 0.0274992, -0.0413554, 0.0275938, -0.0442471, 0.0153237, -0.0285588, 0.035128, -0.0495627, 0.0235494, -0.0623696, 0.0330317, -0.0722284, 0.0430931, -0.109076, 0.0330317, -0.0722284, 0.023979, -0.0433042, 0.0509861, -0.0919569, 0.045876, -0.0664769, 0.0315089, -0.0503597, 0.035128, -0.0495627, 0.0800349, -0.0912284, 0.0383549, -0.0726621, 0.0774336, -0.12042, 0.0568083, -0.127546, 0.0383549, -0.0726621, 0.00969015, -0.0223462, 0.023979, -0.0433042, 0.0262876, -0.0683105, 0.0283898, -0.0678786, 0.0605968, -0.137532, 0.0345898, -0.0742676, 0.00981497, -0.0277918, 0.0235494, -0.0623696, 0.0383549, -0.0726621, 0.0330317, -0.0722284, 0.0283898, -0.0678786, 0.0605968, -0.137532, 0.0509861, -0.0919569, 0.0275938, -0.0442471, 0.0330317, -0.0722284, 0.0774336, -0.12042, 0.0330317, -0.0722284, 0.0568083, -0.127546, 0.0430931, -0.109076, 0.0235494, -0.0623696, 0.0275938, -0.0442471, 0.0509861, -0.0919569, 0.0605968, -0.137532, 0.0605968, -0.137532, 0.126073, -0.257166, 0.0605968, -0.137532, 0.0235494, -0.0623696, 0.0430931, -0.109076, 0.0568083, -0.127546, 0.0430931, -0.109076, 0.0274992, -0.0413554, 0.045876, -0.0664769, 0.0345898, -0.0742676, 0.0509861, -0.0919569, 0.0605968, -0.137532, 0.0262876, -0.0683105, 0.035128, -0.0495627, 0.0330317, -0.0722284, 0.0383549, -0.0726621, 0.0235494, -0.0623696, 0.00969015, -0.0223462, 0.0275938, -0.0442471, 0.0315089, -0.0503597, 0.0275938, -0.0442471, 0.0153237, -0.0285588, 0.023979, -0.0433042, 0.0262876, -0.0683105, 0.023979, -0.0433042, 0.00969015, -0.0223462, 0.0383549, -0.0726621, 0.0800349, -0.0912284, 0.035128, -0.0495627, 0.0383549, -0.0726621, 0.0235494, -0.0623696, 0.00981497, -0.0277918, 0.0315089, -0.0503597, 0.045876, -0.0664769, 0.0509861, -0.0919569, 0.0345898, -0.0742676, 0.0605968, -0.137532, 0.0283898, -0.0678786, 0.0383549, -0.0726621, 0.0568083, -0.127546, 0.0774336, -0.12042, 0.0330317, -0.0722284, 0.045876, -0.0664769, 0.0440893, -0.0596095, 0.045876, -0.0664769, 0.045876, -0.0664769, 0.0509861, -0.0919569, 0.023979, -0.0433042, 0.0800349, -0.0912284, 0.0774336, -0.12042, 0.0800349, -0.0912284, 0.035128, -0.0495627, 0.023979, -0.0433042, 0.0509861, -0.0919569, 0.045876, -0.0664769, 0.0274992, -0.0413554, 0.035128, -0.0495627, 0.0345898, -0.0742676, 0.045876, -0.0664769, 0.0274992, -0.0413554, 0.0315089, -0.0503597, 0.0275938, -0.0442471, 0.00969015, -0.0223462, 0.0383549, -0.0726621, 0.0330317, -0.0722284, 0.035128, -0.0495627, 0.0153237, -0.0285588, 0.0262876, -0.0683105, 0.0605968, -0.137532, 0.0509861, -0.0919569, 0.0275938, -0.0442471, 0.0235494, -0.0623696, 0.023979, -0.0433042, 0.0283898, -0.0678786, 0.023979, -0.0433042, 0.00969015, -0.0223462, 0.00981497, -0.0277918, 0.00969015, -0.0223462, ]
distance =          0.289017
j_protocol =  [[1, 1, 1, 1, 1, 1, 1, 1, 0, 1, 1, 1, 1, 1, 1, 1, 1, 1, 1, 1, 1, 1, 1, 1, 1, 1, 1, 1, 1, 1, 1, 1, ],]
k_protocol =  [[0, 0, 0, 0, 0, 0, 0, 0, 1, 1, 0, 1, 1, 0, 0, 0, 0, 1, 0, 0, 0, 0, 0, 0, 0, 0, 0, 0, 1, 0, 1, 1, ],]
b_protocol =  [[1, 1, 1, 1, 1, 1, 1, 1, 1, 1, 1, 1, 1, 1, 1, 1, 1, 1, 1, 1, 1, 1, 1, 1, 1, 1, 1, 1, 1, 1, 1, 1, ],]
best_mc_result_fixed_tau =   [0.0147932, ]
evolved_state_fixed_tau =   [[0.00969015, -0.0223462, 0.00981497, -0.0277918, 0.0235494, -0.0623696, 0.035128, -0.0495627, 0.0153237, -0.0285588, 0.00969015, -0.0223462, 0.0275938, -0.0442471, 0.0274992, -0.0413554, 0.0275938, -0.0442471, 0.0153237, -0.0285588, 0.035128, -0.0495627, 0.0235494, -0.0623696, 0.0330317, -0.0722284, 0.0430931, -0.109076, 0.0330317, -0.0722284, 0.023979, -0.0433042, 0.0509861, -0.0919569, 0.045876, -0.0664769, 0.0315089, -0.0503597, 0.035128, -0.0495627, 0.0800349, -0.0912284, 0.0383549, -0.0726621, 0.0774336, -0.12042, 0.0568083, -0.127546, 0.0383549, -0.0726621, 0.00969015, -0.0223462, 0.023979, -0.0433042, 0.0262876, -0.0683105, 0.0283898, -0.0678786, 0.0605968, -0.137532, 0.0345898, -0.0742676, 0.00981497, -0.0277918, 0.0235494, -0.0623696, 0.0383549, -0.0726621, 0.0330317, -0.0722284, 0.0283898, -0.0678786, 0.0605968, -0.137532, 0.0509861, -0.0919569, 0.0275938, -0.0442471, 0.0330317, -0.0722284, 0.0774336, -0.12042, 0.0330317, -0.0722284, 0.0568083, -0.127546, 0.0430931, -0.109076, 0.0235494, -0.0623696, 0.0275938, -0.0442471, 0.0509861, -0.0919569, 0.0605968, -0.137532, 0.0605968, -0.137532, 0.126073, -0.257166, 0.0605968, -0.137532, 0.0235494, -0.0623696, 0.0430931, -0.109076, 0.0568083, -0.127546, 0.0430931, -0.109076, 0.0274992, -0.0413554, 0.045876, -0.0664769, 0.0345898, -0.0742676, 0.0509861, -0.0919569, 0.0605968, -0.137532, 0.0262876, -0.0683105, 0.035128, -0.0495627, 0.0330317, -0.0722284, 0.0383549, -0.0726621, 0.0235494, -0.0623696, 0.00969015, -0.0223462, 0.0275938, -0.0442471, 0.0315089, -0.0503597, 0.0275938, -0.0442471, 0.0153237, -0.0285588, 0.023979, -0.0433042, 0.0262876, -0.0683105, 0.023979, -0.0433042, 0.00969015, -0.0223462, 0.0383549, -0.0726621, 0.0800349, -0.0912284, 0.035128, -0.0495627, 0.0383549, -0.0726621, 0.0235494, -0.0623696, 0.00981497, -0.0277918, 0.0315089, -0.0503597, 0.045876, -0.0664769, 0.0509861, -0.0919569, 0.0345898, -0.0742676, 0.0605968, -0.137532, 0.0283898, -0.0678786, 0.0383549, -0.0726621, 0.0568083, -0.127546, 0.0774336, -0.12042, 0.0330317, -0.0722284, 0.045876, -0.0664769, 0.0440893, -0.0596095, 0.045876, -0.0664769, 0.045876, -0.0664769, 0.0509861, -0.0919569, 0.023979, -0.0433042, 0.0800349, -0.0912284, 0.0774336, -0.12042, 0.0800349, -0.0912284, 0.035128, -0.0495627, 0.023979, -0.0433042, 0.0509861, -0.0919569, 0.045876, -0.0664769, 0.0274992, -0.0413554, 0.035128, -0.0495627, 0.0345898, -0.0742676, 0.045876, -0.0664769, 0.0274992, -0.0413554, 0.0315089, -0.0503597, 0.0275938, -0.0442471, 0.00969015, -0.0223462, 0.0383549, -0.0726621, 0.0330317, -0.0722284, 0.035128, -0.0495627, 0.0153237, -0.0285588, 0.0262876, -0.0683105, 0.0605968, -0.137532, 0.0509861, -0.0919569, 0.0275938, -0.0442471, 0.0235494, -0.0623696, 0.023979, -0.0433042, 0.0283898, -0.0678786, 0.023979, -0.0433042, 0.00969015, -0.0223462, 0.00981497, -0.0277918, 0.00969015, -0.0223462, ],]
##############################################################################
clock_duration  =         2245.76
tau =                     0.853974
total_steps =             128
time_step =               0.00667167
best_mc_result =          0.0104132
evolved_target_dot_squared =  0.989587
best_evolved_state = [0.0179415, 0.0143198, 0.0235094, 0.0147341, 0.052406, 0.0328506, 0.0490395, 0.0464266, 0.0241406, 0.0175738, 0.0179415, 0.0143198, 0.0415119, 0.0345543, 0.0372805, 0.037935, 0.0415119, 0.0345543, 0.0241406, 0.0175738, 0.0490395, 0.0464266, 0.052406, 0.0328506, 0.0661999, 0.0468216, 0.101426, 0.0590373, 0.0661999, 0.0468216, 0.0414808, 0.0338761, 0.0823754, 0.0684555, 0.0609041, 0.0592665, 0.0462148, 0.036257, 0.0490395, 0.0464266, 0.0906543, 0.0986437, 0.0648707, 0.0502844, 0.109279, 0.0928207, 0.111186, 0.0755791, 0.0648707, 0.0502844, 0.0179415, 0.0143198, 0.0414808, 0.0338761, 0.0596799, 0.0386781, 0.0622686, 0.0419394, 0.119222, 0.0767501, 0.0682861, 0.0468425, 0.0235094, 0.0147341, 0.052406, 0.0328506, 0.0648707, 0.0502844, 0.0661999, 0.0468216, 0.0622686, 0.0419394, 0.119222, 0.0767501, 0.0823754, 0.0684555, 0.0415119, 0.0345543, 0.0661999, 0.0468216, 0.109279, 0.0928207, 0.0661999, 0.0468216, 0.111186, 0.0755791, 0.101426, 0.0590373, 0.052406, 0.0328506, 0.0415119, 0.0345543, 0.0823754, 0.0684555, 0.119222, 0.0767501, 0.119222, 0.0767501, 0.23217, 0.143676, 0.119222, 0.0767501, 0.052406, 0.0328506, 0.101426, 0.0590373, 0.111186, 0.0755791, 0.101426, 0.0590373, 0.0372805, 0.037935, 0.0609041, 0.0592665, 0.0682861, 0.0468425, 0.0823754, 0.0684555, 0.119222, 0.0767501, 0.0596799, 0.0386781, 0.0490395, 0.0464266, 0.0661999, 0.0468216, 0.0648707, 0.0502844, 0.052406, 0.0328506, 0.0179415, 0.0143198, 0.0415119, 0.0345543, 0.0462148, 0.036257, 0.0415119, 0.0345543, 0.0241406, 0.0175738, 0.0414808, 0.0338761, 0.0596799, 0.0386781, 0.0414808, 0.0338761, 0.0179415, 0.0143198, 0.0648707, 0.0502844, 0.0906543, 0.0986437, 0.0490395, 0.0464266, 0.0648707, 0.0502844, 0.052406, 0.0328506, 0.0235094, 0.0147341, 0.0462148, 0.036257, 0.0609041, 0.0592665, 0.0823754, 0.0684555, 0.0682861, 0.0468425, 0.119222, 0.0767501, 0.0622686, 0.0419394, 0.0648707, 0.0502844, 0.111186, 0.0755791, 0.109279, 0.0928207, 0.0661999, 0.0468216, 0.0609041, 0.0592665, 0.050317, 0.0712601, 0.0609041, 0.0592665, 0.0609041, 0.0592665, 0.0823754, 0.0684555, 0.0414808, 0.0338761, 0.0906543, 0.0986437, 0.109279, 0.0928207, 0.0906543, 0.0986437, 0.0490395, 0.0464266, 0.0414808, 0.0338761, 0.0823754, 0.0684555, 0.0609041, 0.0592665, 0.0372805, 0.037935, 0.0490395, 0.0464266, 0.0682861, 0.0468425, 0.0609041, 0.0592665, 0.0372805, 0.037935, 0.0462148, 0.036257, 0.0415119, 0.0345543, 0.0179415, 0.0143198, 0.0648707, 0.0502844, 0.0661999, 0.0468216, 0.0490395, 0.0464266, 0.0241406, 0.0175738, 0.0596799, 0.0386781, 0.119222, 0.0767501, 0.0823754, 0.0684555, 0.0415119, 0.0345543, 0.052406, 0.0328506, 0.0414808, 0.0338761, 0.0622686, 0.0419394, 0.0414808, 0.0338761, 0.0179415, 0.0143198, 0.0235094, 0.0147341, 0.0179415, 0.0143198, ]
distance =          0.203445
j_protocol =  [[1, 1, 1, 1, 1, 1, 1, 1, 1, 1, 1, 1, 1, 1, 1, 1, 1, 1, 1, 1, 1, 1, 1, 1, 1, 1, 1, 1, 1, 1, 1, 1, 1, 1, 1, 1, 1, 1, 1, 1, 1, 1, 1, 1, 1, 1, 1, 1, 1, 1, 1, 1, 1, 1, 1, 1, 1, 1, 1, 1, 1, 1, 1, 1, 1, 1, 1, 1, 1, 1, 1, 1, 1, 1, 1, 1, 1, 1, 1, 1, 1, 1, 1, 1, 1, 1, 1, 1, 1, 1, 1, 1, 1, 1, 1, 1, 1, 1, 1, 1, 1, 1, 1, 1, 1, 1, 1, 1, 1, 1, 1, 1, 1, 1, 1, 1, 1, 1, 1, 1, 1, 1, 1, 1, 1, 1, 1, 1, ],]
k_protocol =  [[0, 0, 0, 0, 0, 0, 0, 0, 0, 0, 0, 0, 0, 0, 0, 0, 0, 0, 0, 1, 1, 1, 1, 1, 1, 1, 1, 1, 0, 0, 0, 0, 0, 1, 0, 0, 0, 0, 1, 0, 0, 0, 0, 0, 1, 1, 0, 1, 0, 0, 0, 0, 0, 0, 0, 0, 0, 0, 1, 0, 0, 0, 0, 0, 0, 0, 0, 0, 0, 0, 1, 1, 1, 0, 0, 0, 0, 0, 1, 1, 0, 1, 0, 0, 0, 1, 0, 0, 0, 1, 0, 1, 1, 0, 0, 0, 0, 0, 0, 0, 0, 0, 0, 0, 0, 0, 0, 0, 0, 0, 0, 0, 0, 0, 0, 0, 0, 0, 0, 0, 0, 0, 1, 1, 1, 1, 1, 1, ],]
b_protocol =  [[1, 1, 1, 1, 1, 1, 1, 1, 1, 1, 1, 1, 1, 1, 1, 1, 1, 1, 1, 1, 1, 1, 1, 1, 1, 1, 1, 1, 1, 1, 1, 1, 1, 1, 1, 1, 1, 1, 1, 1, 1, 1, 1, 1, 1, 1, 1, 1, 1, 1, 1, 1, 1, 1, 1, 1, 1, 1, 1, 1, 1, 1, 1, 1, 1, 1, 1, 1, 1, 1, 1, 1, 1, 1, 1, 1, 1, 1, 1, 1, 1, 1, 1, 1, 1, 1, 1, 1, 1, 1, 1, 1, 1, 1, 1, 1, 1, 1, 1, 1, 1, 1, 1, 1, 1, 1, 1, 1, 1, 1, 1, 1, 1, 1, 1, 1, 1, 1, 1, 1, 1, 1, 1, 1, 1, 1, 1, 1, ],]
best_mc_result_fixed_tau =   [0.0104132, ]
evolved_state_fixed_tau =   [[0.0179415, 0.0143198, 0.0235094, 0.0147341, 0.052406, 0.0328506, 0.0490395, 0.0464266, 0.0241406, 0.0175738, 0.0179415, 0.0143198, 0.0415119, 0.0345543, 0.0372805, 0.037935, 0.0415119, 0.0345543, 0.0241406, 0.0175738, 0.0490395, 0.0464266, 0.052406, 0.0328506, 0.0661999, 0.0468216, 0.101426, 0.0590373, 0.0661999, 0.0468216, 0.0414808, 0.0338761, 0.0823754, 0.0684555, 0.0609041, 0.0592665, 0.0462148, 0.036257, 0.0490395, 0.0464266, 0.0906543, 0.0986437, 0.0648707, 0.0502844, 0.109279, 0.0928207, 0.111186, 0.0755791, 0.0648707, 0.0502844, 0.0179415, 0.0143198, 0.0414808, 0.0338761, 0.0596799, 0.0386781, 0.0622686, 0.0419394, 0.119222, 0.0767501, 0.0682861, 0.0468425, 0.0235094, 0.0147341, 0.052406, 0.0328506, 0.0648707, 0.0502844, 0.0661999, 0.0468216, 0.0622686, 0.0419394, 0.119222, 0.0767501, 0.0823754, 0.0684555, 0.0415119, 0.0345543, 0.0661999, 0.0468216, 0.109279, 0.0928207, 0.0661999, 0.0468216, 0.111186, 0.0755791, 0.101426, 0.0590373, 0.052406, 0.0328506, 0.0415119, 0.0345543, 0.0823754, 0.0684555, 0.119222, 0.0767501, 0.119222, 0.0767501, 0.23217, 0.143676, 0.119222, 0.0767501, 0.052406, 0.0328506, 0.101426, 0.0590373, 0.111186, 0.0755791, 0.101426, 0.0590373, 0.0372805, 0.037935, 0.0609041, 0.0592665, 0.0682861, 0.0468425, 0.0823754, 0.0684555, 0.119222, 0.0767501, 0.0596799, 0.0386781, 0.0490395, 0.0464266, 0.0661999, 0.0468216, 0.0648707, 0.0502844, 0.052406, 0.0328506, 0.0179415, 0.0143198, 0.0415119, 0.0345543, 0.0462148, 0.036257, 0.0415119, 0.0345543, 0.0241406, 0.0175738, 0.0414808, 0.0338761, 0.0596799, 0.0386781, 0.0414808, 0.0338761, 0.0179415, 0.0143198, 0.0648707, 0.0502844, 0.0906543, 0.0986437, 0.0490395, 0.0464266, 0.0648707, 0.0502844, 0.052406, 0.0328506, 0.0235094, 0.0147341, 0.0462148, 0.036257, 0.0609041, 0.0592665, 0.0823754, 0.0684555, 0.0682861, 0.0468425, 0.119222, 0.0767501, 0.0622686, 0.0419394, 0.0648707, 0.0502844, 0.111186, 0.0755791, 0.109279, 0.0928207, 0.0661999, 0.0468216, 0.0609041, 0.0592665, 0.050317, 0.0712601, 0.0609041, 0.0592665, 0.0609041, 0.0592665, 0.0823754, 0.0684555, 0.0414808, 0.0338761, 0.0906543, 0.0986437, 0.109279, 0.0928207, 0.0906543, 0.0986437, 0.0490395, 0.0464266, 0.0414808, 0.0338761, 0.0823754, 0.0684555, 0.0609041, 0.0592665, 0.0372805, 0.037935, 0.0490395, 0.0464266, 0.0682861, 0.0468425, 0.0609041, 0.0592665, 0.0372805, 0.037935, 0.0462148, 0.036257, 0.0415119, 0.0345543, 0.0179415, 0.0143198, 0.0648707, 0.0502844, 0.0661999, 0.0468216, 0.0490395, 0.0464266, 0.0241406, 0.0175738, 0.0596799, 0.0386781, 0.119222, 0.0767501, 0.0823754, 0.0684555, 0.0415119, 0.0345543, 0.052406, 0.0328506, 0.0414808, 0.0338761, 0.0622686, 0.0419394, 0.0414808, 0.0338761, 0.0179415, 0.0143198, 0.0235094, 0.0147341, 0.0179415, 0.0143198, ],]
##############################################################################
clock_duration  =         3303.48
tau =                     1.11017
total_steps =             128
time_step =               0.00867317
best_mc_result =          0.00586079
evolved_target_dot_squared =  0.994139
best_evolved_state = [-0.0243027, 0.00947759, -0.0261779, 0.00742441, -0.0580673, 0.0253422, -0.0627894, 0.021868, -0.0296296, 0.0109474, -0.0243027, 0.00947759, -0.0470669, 0.01498, -0.0527291, 0.0184696, -0.0470669, 0.01498, -0.0296296, 0.0109474, -0.0627894, 0.021868, -0.0580673, 0.0253422, -0.0717543, 0.0349473, -0.0960666, 0.0530161, -0.0717543, 0.0349473, -0.0506754, 0.021097, -0.101948, 0.0376892, -0.0880876, 0.0256014, -0.0520514, 0.0161614, -0.0627894, 0.021868, -0.128727, 0.0403915, -0.0767699, 0.0293913, -0.141352, 0.0473418, -0.123575, 0.0527063, -0.0767699, 0.0293913, -0.0243027, 0.00947759, -0.0506754, 0.021097, -0.0653159, 0.0281443, -0.0655937, 0.0308069, -0.130335, 0.0561981, -0.0720685, 0.0297485, -0.0261779, 0.00742441, -0.0580673, 0.0253422, -0.0767699, 0.0293913, -0.0717543, 0.0349473, -0.0655937, 0.0308069, -0.130335, 0.0561981, -0.101948, 0.0376892, -0.0470669, 0.01498, -0.0717543, 0.0349473, -0.141352, 0.0473418, -0.0717543, 0.0349473, -0.123575, 0.0527063, -0.0960666, 0.0530161, -0.0580673, 0.0253422, -0.0470669, 0.01498, -0.101948, 0.0376892, -0.130335, 0.0561981, -0.130335, 0.0561981, -0.229184, 0.115492, -0.130335, 0.0561981, -0.0580673, 0.0253422, -0.0960666, 0.0530161, -0.123575, 0.0527063, -0.0960666, 0.0530161, -0.0527291, 0.0184696, -0.0880876, 0.0256014, -0.0720685, 0.0297485, -0.101948, 0.0376892, -0.130335, 0.0561981, -0.0653159, 0.0281443, -0.0627894, 0.021868, -0.0717543, 0.0349473, -0.0767699, 0.0293913, -0.0580673, 0.0253422, -0.0243027, 0.00947759, -0.0470669, 0.01498, -0.0520514, 0.0161614, -0.0470669, 0.01498, -0.0296296, 0.0109474, -0.0506754, 0.021097, -0.0653159, 0.0281443, -0.0506754, 0.021097, -0.0243027, 0.00947759, -0.0767699, 0.0293913, -0.128727, 0.0403915, -0.0627894, 0.021868, -0.0767699, 0.0293913, -0.0580673, 0.0253422, -0.0261779, 0.00742441, -0.0520514, 0.0161614, -0.0880876, 0.0256014, -0.101948, 0.0376892, -0.0720685, 0.0297485, -0.130335, 0.0561981, -0.0655937, 0.0308069, -0.0767699, 0.0293913, -0.123575, 0.0527063, -0.141352, 0.0473418, -0.0717543, 0.0349473, -0.0880876, 0.0256014, -0.100966, 0.0214924, -0.0880876, 0.0256014, -0.0880876, 0.0256014, -0.101948, 0.0376892, -0.0506754, 0.021097, -0.128727, 0.0403915, -0.141352, 0.0473418, -0.128727, 0.0403915, -0.0627894, 0.021868, -0.0506754, 0.021097, -0.101948, 0.0376892, -0.0880876, 0.0256014, -0.0527291, 0.0184696, -0.0627894, 0.021868, -0.0720685, 0.0297485, -0.0880876, 0.0256014, -0.0527291, 0.0184696, -0.0520514, 0.0161614, -0.0470669, 0.01498, -0.0243027, 0.00947759, -0.0767699, 0.0293913, -0.0717543, 0.0349473, -0.0627894, 0.021868, -0.0296296, 0.0109474, -0.0653159, 0.0281443, -0.130335, 0.0561981, -0.101948, 0.0376892, -0.0470669, 0.01498, -0.0580673, 0.0253422, -0.0506754, 0.021097, -0.0655937, 0.0308069, -0.0506754, 0.021097, -0.0243027, 0.00947759, -0.0261779, 0.00742441, -0.0243027, 0.00947759, ]
distance =          0.114503
j_protocol =  [[1, 1, 1, 1, 1, 1, 1, 1, 1, 1, 1, 1, 1, 1, 1, 1, 1, 1, 1, 1, 1, 1, 1, 1, 1, 1, 1, 1, 1, 1, 1, 1, 1, 1, 1, 1, 1, 1, 1, 1, 1, 1, 1, 1, 1, 1, 1, 1, 1, 1, 1, 1, 1, 1, 1, 1, 1, 1, 1, 1, 1, 1, 1, 1, 1, 1, 1, 1, 1, 1, 1, 1, 1, 1, 1, 1, 1, 1, 1, 1, 1, 1, 1, 1, 1, 1, 1, 1, 1, 1, 1, 1, 1, 1, 1, 1, 1, 1, 1, 1, 1, 1, 1, 1, 1, 1, 1, 1, 1, 1, 1, 1, 1, 1, 1, 1, 1, 1, 1, 1, 1, 1, 1, 1, 1, 1, 1, 1, ],]
k_protocol =  [[0, 0, 0, 0, 0, 0, 0, 0, 0, 0, 0, 0, 0, 0, 1, 1, 1, 1, 1, 1, 0, 0, 0, 0, 0, 0, 1, 1, 0, 0, 0, 0, 1, 1, 1, 1, 0, 0, 0, 0, 0, 0, 1, 1, 0, 0, 0, 0, 0, 0, 0, 0, 0, 0, 0, 0, 0, 0, 0, 0, 0, 0, 0, 0, 1, 1, 0, 0, 1, 1, 0, 0, 0, 0, 1, 1, 0, 0, 1, 1, 1, 1, 0, 0, 0, 0, 0, 0, 0, 0, 0, 0, 1, 1, 0, 0, 0, 0, 0, 0, 0, 0, 0, 0, 0, 0, 0, 0, 0, 0, 0, 0, 0, 0, 0, 0, 0, 0, 1, 1, 1, 1, 0, 0, 0, 0, 1, 1, ],]
b_protocol =  [[1, 1, 1, 1, 1, 1, 1, 1, 1, 1, 1, 1, 1, 1, 1, 1, 1, 1, 1, 1, 1, 1, 1, 1, 1, 1, 1, 1, 1, 1, 1, 1, 1, 1, 1, 1, 1, 1, 1, 1, 1, 1, 1, 1, 1, 1, 1, 1, 1, 1, 1, 1, 1, 1, 1, 1, 1, 1, 1, 1, 1, 1, 1, 1, 1, 1, 1, 1, 1, 1, 1, 1, 1, 1, 1, 1, 1, 1, 1, 1, 1, 1, 1, 1, 1, 1, 1, 1, 1, 1, 1, 1, 1, 1, 1, 1, 1, 1, 1, 1, 1, 1, 1, 1, 1, 1, 1, 1, 1, 1, 1, 1, 1, 1, 1, 1, 1, 1, 1, 1, 1, 1, 1, 1, 1, 1, 1, 1, ],]
best_mc_result_fixed_tau =   [0.00586079, ]
evolved_state_fixed_tau =   [[-0.0243027, 0.00947759, -0.0261779, 0.00742441, -0.0580673, 0.0253422, -0.0627894, 0.021868, -0.0296296, 0.0109474, -0.0243027, 0.00947759, -0.0470669, 0.01498, -0.0527291, 0.0184696, -0.0470669, 0.01498, -0.0296296, 0.0109474, -0.0627894, 0.021868, -0.0580673, 0.0253422, -0.0717543, 0.0349473, -0.0960666, 0.0530161, -0.0717543, 0.0349473, -0.0506754, 0.021097, -0.101948, 0.0376892, -0.0880876, 0.0256014, -0.0520514, 0.0161614, -0.0627894, 0.021868, -0.128727, 0.0403915, -0.0767699, 0.0293913, -0.141352, 0.0473418, -0.123575, 0.0527063, -0.0767699, 0.0293913, -0.0243027, 0.00947759, -0.0506754, 0.021097, -0.0653159, 0.0281443, -0.0655937, 0.0308069, -0.130335, 0.0561981, -0.0720685, 0.0297485, -0.0261779, 0.00742441, -0.0580673, 0.0253422, -0.0767699, 0.0293913, -0.0717543, 0.0349473, -0.0655937, 0.0308069, -0.130335, 0.0561981, -0.101948, 0.0376892, -0.0470669, 0.01498, -0.0717543, 0.0349473, -0.141352, 0.0473418, -0.0717543, 0.0349473, -0.123575, 0.0527063, -0.0960666, 0.0530161, -0.0580673, 0.0253422, -0.0470669, 0.01498, -0.101948, 0.0376892, -0.130335, 0.0561981, -0.130335, 0.0561981, -0.229184, 0.115492, -0.130335, 0.0561981, -0.0580673, 0.0253422, -0.0960666, 0.0530161, -0.123575, 0.0527063, -0.0960666, 0.0530161, -0.0527291, 0.0184696, -0.0880876, 0.0256014, -0.0720685, 0.0297485, -0.101948, 0.0376892, -0.130335, 0.0561981, -0.0653159, 0.0281443, -0.0627894, 0.021868, -0.0717543, 0.0349473, -0.0767699, 0.0293913, -0.0580673, 0.0253422, -0.0243027, 0.00947759, -0.0470669, 0.01498, -0.0520514, 0.0161614, -0.0470669, 0.01498, -0.0296296, 0.0109474, -0.0506754, 0.021097, -0.0653159, 0.0281443, -0.0506754, 0.021097, -0.0243027, 0.00947759, -0.0767699, 0.0293913, -0.128727, 0.0403915, -0.0627894, 0.021868, -0.0767699, 0.0293913, -0.0580673, 0.0253422, -0.0261779, 0.00742441, -0.0520514, 0.0161614, -0.0880876, 0.0256014, -0.101948, 0.0376892, -0.0720685, 0.0297485, -0.130335, 0.0561981, -0.0655937, 0.0308069, -0.0767699, 0.0293913, -0.123575, 0.0527063, -0.141352, 0.0473418, -0.0717543, 0.0349473, -0.0880876, 0.0256014, -0.100966, 0.0214924, -0.0880876, 0.0256014, -0.0880876, 0.0256014, -0.101948, 0.0376892, -0.0506754, 0.021097, -0.128727, 0.0403915, -0.141352, 0.0473418, -0.128727, 0.0403915, -0.0627894, 0.021868, -0.0506754, 0.021097, -0.101948, 0.0376892, -0.0880876, 0.0256014, -0.0527291, 0.0184696, -0.0627894, 0.021868, -0.0720685, 0.0297485, -0.0880876, 0.0256014, -0.0527291, 0.0184696, -0.0520514, 0.0161614, -0.0470669, 0.01498, -0.0243027, 0.00947759, -0.0767699, 0.0293913, -0.0717543, 0.0349473, -0.0627894, 0.021868, -0.0296296, 0.0109474, -0.0653159, 0.0281443, -0.130335, 0.0561981, -0.101948, 0.0376892, -0.0470669, 0.01498, -0.0580673, 0.0253422, -0.0506754, 0.021097, -0.0655937, 0.0308069, -0.0506754, 0.021097, -0.0243027, 0.00947759, -0.0261779, 0.00742441, -0.0243027, 0.00947759, ],]
