START_PARAMETERS
MAX_STEPS_MCDB =               32
MIN_STEPS_MCDB =               4
STEPS_CRUNCH_MCDB =            1
SWEEPS_MCDB =                  130
TOTAL_STEP_CHANGES =                  6
MCBB_SECONDARY =                  1
SWEEPS_MCBB_SECONDARY =                  250
NUMBER_OF_BANGS =                  7
GROUND_E =                -6.31918
INITIAL_E =               -6.10506
j_initial =               0.055
k_initial =               0.5
b_initial =               0
j_target =                0.303
k_target =                0.5
b_target =                0
init_target_dot_squared = 0.934931
init_state = [2.68425e-07, 0, 6.85152e-06, 0, 0.000268507, 0, 1.1517e-05, 0, 3.15431e-07, 0, 2.68425e-07, 0, 1.14535e-05, 0, 6.92186e-07, 0, 1.14535e-05, 0, 3.15431e-07, 0, 1.1517e-05, 0, 0.000268507, 0, 0.000269031, 0, 0.0109891, 0, 0.000269031, 0, 9.27278e-06, 0, 0.000503712, 0, 1.48511e-05, 0, 8.87617e-07, 0, 1.1517e-05, 0, 6.66904e-06, 0, 2.21955e-05, 0, 6.40547e-05, 0, 0.000805759, 0, 2.21955e-05, 0, 2.68425e-07, 0, 9.27278e-06, 0, 0.000335524, 0, 0.000335767, 0, 0.0183018, 0, 0.000335626, 0, 6.85152e-06, 0, 0.000268507, 0, 2.21955e-05, 0, 0.000269031, 0, 0.000335767, 0, 0.0183018, 0, 0.000503712, 0, 1.14535e-05, 0, 0.000269031, 0, 6.40547e-05, 0, 0.000269031, 0, 0.000805759, 0, 0.0109891, 0, 0.000268507, 0, 1.14535e-05, 0, 0.000503712, 0, 0.0183018, 0, 0.0183018, 0, 0.998414, 0, 0.0183018, 0, 0.000268507, 0, 0.0109891, 0, 0.000805759, 0, 0.0109891, 0, 6.92186e-07, 0, 1.48511e-05, 0, 0.000335626, 0, 0.000503712, 0, 0.0183018, 0, 0.000335524, 0, 1.1517e-05, 0, 0.000269031, 0, 2.21955e-05, 0, 0.000268507, 0, 2.68425e-07, 0, 1.14535e-05, 0, 8.87617e-07, 0, 1.14535e-05, 0, 3.15431e-07, 0, 9.27278e-06, 0, 0.000335524, 0, 9.27278e-06, 0, 2.68425e-07, 0, 2.21955e-05, 0, 6.66904e-06, 0, 1.1517e-05, 0, 2.21955e-05, 0, 0.000268507, 0, 6.85152e-06, 0, 8.87617e-07, 0, 1.48511e-05, 0, 0.000503712, 0, 0.000335626, 0, 0.0183018, 0, 0.000335767, 0, 2.21955e-05, 0, 0.000805759, 0, 6.40547e-05, 0, 0.000269031, 0, 1.48511e-05, 0, 1.62935e-06, 0, 1.48511e-05, 0, 1.48511e-05, 0, 0.000503712, 0, 9.27278e-06, 0, 6.66904e-06, 0, 6.40547e-05, 0, 6.66904e-06, 0, 1.1517e-05, 0, 9.27278e-06, 0, 0.000503712, 0, 1.48511e-05, 0, 6.92186e-07, 0, 1.1517e-05, 0, 0.000335626, 0, 1.48511e-05, 0, 6.92186e-07, 0, 8.87617e-07, 0, 1.14535e-05, 0, 2.68425e-07, 0, 2.21955e-05, 0, 0.000269031, 0, 1.1517e-05, 0, 3.15431e-07, 0, 0.000335524, 0, 0.0183018, 0, 0.000503712, 0, 1.14535e-05, 0, 0.000268507, 0, 9.27278e-06, 0, 0.000335767, 0, 9.27278e-06, 0, 2.68425e-07, 0, 6.85152e-06, 0, 2.68425e-07, 0, ]
target_state = [0.000247034, 0, 0.00108002, 0, 0.00784073, 0, 0.00214916, 0, 0.000293917, 0, 0.000247034, 0, 0.00188573, 0, 0.000650239, 0, 0.00188573, 0, 0.000293917, 0, 0.00214916, 0, 0.00784073, 0, 0.00829099, 0, 0.0587431, 0, 0.00829099, 0, 0.00166765, 0, 0.0149788, 0, 0.00274559, 0, 0.000802458, 0, 0.00214916, 0, 0.00542695, 0, 0.00373646, 0, 0.0104702, 0, 0.0236942, 0, 0.00373646, 0, 0.000247034, 0, 0.00166765, 0, 0.0097175, 0, 0.00991301, 0, 0.0959269, 0, 0.00982088, 0, 0.00108002, 0, 0.00784073, 0, 0.00373646, 0, 0.00829099, 0, 0.00991301, 0, 0.0959269, 0, 0.0149788, 0, 0.00188573, 0, 0.00829099, 0, 0.0104702, 0, 0.00829099, 0, 0.0236942, 0, 0.0587431, 0, 0.00784073, 0, 0.00188573, 0, 0.0149788, 0, 0.0959269, 0, 0.0959269, 0, 0.951585, 0, 0.0959269, 0, 0.00784073, 0, 0.0587431, 0, 0.0236942, 0, 0.0587431, 0, 0.000650239, 0, 0.00274559, 0, 0.00982088, 0, 0.0149788, 0, 0.0959269, 0, 0.0097175, 0, 0.00214916, 0, 0.00829099, 0, 0.00373646, 0, 0.00784073, 0, 0.000247034, 0, 0.00188573, 0, 0.000802458, 0, 0.00188573, 0, 0.000293917, 0, 0.00166765, 0, 0.0097175, 0, 0.00166765, 0, 0.000247034, 0, 0.00373646, 0, 0.00542695, 0, 0.00214916, 0, 0.00373646, 0, 0.00784073, 0, 0.00108002, 0, 0.000802458, 0, 0.00274559, 0, 0.0149788, 0, 0.00982088, 0, 0.0959269, 0, 0.00991301, 0, 0.00373646, 0, 0.0236942, 0, 0.0104702, 0, 0.00829099, 0, 0.00274559, 0, 0.00154087, 0, 0.00274559, 0, 0.00274559, 0, 0.0149788, 0, 0.00166765, 0, 0.00542695, 0, 0.0104702, 0, 0.00542695, 0, 0.00214916, 0, 0.00166765, 0, 0.0149788, 0, 0.00274559, 0, 0.000650239, 0, 0.00214916, 0, 0.00982088, 0, 0.00274559, 0, 0.000650239, 0, 0.000802458, 0, 0.00188573, 0, 0.000247034, 0, 0.00373646, 0, 0.00829099, 0, 0.00214916, 0, 0.000293917, 0, 0.0097175, 0, 0.0959269, 0, 0.0149788, 0, 0.00188573, 0, 0.00784073, 0, 0.00166765, 0, 0.00991301, 0, 0.00166765, 0, 0.000247034, 0, 0.00108002, 0, 0.000247034, 0, ]
USE_ENERGY_DISTANCE =     false
PERIODIC =                false
UNIFORM_SITES =           true
DEVICE_DIMENSION =        2
MAX_PARAM =               1
MIN_PARAM =               0
MIN_PARAM =               0
DIAG =                    true
NUM_SEEDS =               2
NUMBER_OF_BANGS =               7
DISTANCE_LIMIT =          0.02
TAU_INIT =                0.4
MAX_TAU =                 5
TAU_SCALAR =              1.2
TAU_SCALAR_TINY =         1.1
TAU_SCALAR_BIG =          1.4
ACCEPTANCE_PROB =         0.85
TEMP_EXP_DECAY =          0.8
MIN_TEMP_FRACTION =       0.01
TEMP_DECAY_ITERATIONS =   21
ZERO_TEMP_ITREATIONS =    15
RANDOM_STATES =           3
END_PARAMETERS
##############################################################################
clock_duration  =         8764.38
tau =                     0.190625
total_steps =             32
time_step =               0.0125
best_mc_result =          0.0200085
best_mc_result_non_secondary =          0
evolved_target_dot_squared =  0.979991
distance =          0.307497
j_protocol =  [[0, 0, 0, 0, 0, 0, 0, 0, 0, 0, 0, 0, 0, 0, 0, 0, 0, 0, 0, 0, 0, 0, 0, 0, 0, 0, 0, 0, 0, 0, 0, 0, ],[0, 0, 0, 0, 0, 0, 0, 0, 0, 0, 0, 0, 0, 0, 0, 0, 0, 0, 0, 0, 0, 0, 0, 0, 0, 0, 0, 0, 0, 0, 0, 0, ],]
k_protocol =  [[0, 0, 0, 0, 0, 0, 0, 0, 0, 0, 0, 0, 0, 0, 0, 0, 0, 0, 0, 0, 0, 0, 0, 0, 0, 0, 0, 0, 0, 0, 0, 0, ],[0, 0, 0, 0, 0, 0, 0, 0, 0, 0, 0, 0, 0, 0, 0, 0, 0, 0, 0, 0, 0, 0, 0, 0, 0, 0, 0, 0, 0, 0, 0, 0, ],]
j_protocol_secondary =  [0, 0.0441559, 0.0441559, 0.0716481, 0.103656, 0.103656, 0.11843, 0.11843, 0.129509, 0.129509, 0.169616, 0.169616, 0.185335, 0.185335, ]
k_protocol_secondary =  [0.00201688, 0.00201688, 0.0066571, 0.0524195, 0.0524195, 0.0570789, 0.0570789, 0.081815, 0.081815, 0.0886802, 0.0886802, 0.143648, 0.143648, 0.190625, ]
best_evolved_state = [6.42118e-06, -2.24871e-05, -0.000225914, -0.000255427, -0.00473278, 0.000488719, -5.34855e-05, -0.000333008, 7.76138e-06, -2.14094e-05, 6.42118e-06, -2.24871e-05, -5.36147e-05, -0.000333781, 2.57362e-05, -2.32679e-05, -5.36147e-05, -0.000333781, 7.76138e-06, -2.14094e-05, -5.34855e-05, -0.000333008, -0.00473278, 0.000488719, -0.00472381, 0.000484494, -0.0328932, 0.0574748, -0.00472381, 0.000484494, -0.000241599, -0.000240572, -0.00444436, -0.00190263, -7.48205e-05, -0.000329971, 3.48953e-05, -3.07823e-05, -5.34855e-05, -0.000333008, 8.66363e-05, 3.67374e-05, -0.00010795, -0.000670232, 0.000400979, -0.000915624, -0.00854553, -0.00421877, -0.00010795, -0.000670232, 6.42118e-06, -2.24871e-05, -0.000241599, -0.000240572, -0.00477496, 0.000750787, -0.00477518, 0.000752968, -0.0589209, 0.0349772, -0.00477482, 0.000751913, -0.000225914, -0.000255427, -0.00473278, 0.000488719, -0.00010795, -0.000670232, -0.00472381, 0.000484494, -0.00477518, 0.000752968, -0.0589209, 0.0349772, -0.00444436, -0.00190263, -5.36147e-05, -0.000333781, -0.00472381, 0.000484494, 0.000400979, -0.000915624, -0.00472381, 0.000484494, -0.00854553, -0.00421877, -0.0328932, 0.0574748, -0.00473278, 0.000488719, -5.36147e-05, -0.000333781, -0.00444436, -0.00190263, -0.0589209, 0.0349772, -0.0589209, 0.0349772, -0.592013, 0.770204, -0.0589209, 0.0349772, -0.00473278, 0.000488719, -0.0328932, 0.0574748, -0.00854553, -0.00421877, -0.0328932, 0.0574748, 2.57362e-05, -2.32679e-05, -7.48205e-05, -0.000329971, -0.00477482, 0.000751913, -0.00444436, -0.00190263, -0.0589209, 0.0349772, -0.00477496, 0.000750787, -5.34855e-05, -0.000333008, -0.00472381, 0.000484494, -0.00010795, -0.000670232, -0.00473278, 0.000488719, 6.42118e-06, -2.24871e-05, -5.36147e-05, -0.000333781, 3.48953e-05, -3.07823e-05, -5.36147e-05, -0.000333781, 7.76138e-06, -2.14094e-05, -0.000241599, -0.000240572, -0.00477496, 0.000750787, -0.000241599, -0.000240572, 6.42118e-06, -2.24871e-05, -0.00010795, -0.000670232, 8.66363e-05, 3.67374e-05, -5.34855e-05, -0.000333008, -0.00010795, -0.000670232, -0.00473278, 0.000488719, -0.000225914, -0.000255427, 3.48953e-05, -3.07823e-05, -7.48205e-05, -0.000329971, -0.00444436, -0.00190263, -0.00477482, 0.000751913, -0.0589209, 0.0349772, -0.00477518, 0.000752968, -0.00010795, -0.000670232, -0.00854553, -0.00421877, 0.000400979, -0.000915624, -0.00472381, 0.000484494, -7.48205e-05, -0.000329971, 4.54398e-05, -1.31204e-05, -7.48205e-05, -0.000329971, -7.48205e-05, -0.000329971, -0.00444436, -0.00190263, -0.000241599, -0.000240572, 8.66363e-05, 3.67374e-05, 0.000400979, -0.000915624, 8.66363e-05, 3.67374e-05, -5.34855e-05, -0.000333008, -0.000241599, -0.000240572, -0.00444436, -0.00190263, -7.48205e-05, -0.000329971, 2.57362e-05, -2.32679e-05, -5.34855e-05, -0.000333008, -0.00477482, 0.000751913, -7.48205e-05, -0.000329971, 2.57362e-05, -2.32679e-05, 3.48953e-05, -3.07823e-05, -5.36147e-05, -0.000333781, 6.42118e-06, -2.24871e-05, -0.00010795, -0.000670232, -0.00472381, 0.000484494, -5.34855e-05, -0.000333008, 7.76138e-06, -2.14094e-05, -0.00477496, 0.000750787, -0.0589209, 0.0349772, -0.00444436, -0.00190263, -5.36147e-05, -0.000333781, -0.00473278, 0.000488719, -0.000241599, -0.000240572, -0.00477518, 0.000752968, -0.000241599, -0.000240572, 6.42118e-06, -2.24871e-05, -0.000225914, -0.000255427, 6.42118e-06, -2.24871e-05, ]
best_mc_result_fixed_tau =   [0.00730606, 0.00730606, ]
evolved_state_fixed_tau =   [[0.000192441, 2.65967e-05, 0.00080131, -0.000759129, 0.00197573, -0.00757379, 0.00136915, -0.000129094, 0.000217371, 4.56041e-05, 0.000192441, 2.65967e-05, 0.00138997, -0.000134262, 0.000244644, 0.00025533, 0.00138997, -0.000134262, 0.000217371, 4.56041e-05, 0.00136915, -0.000129094, 0.00197573, -0.00757379, 0.00203517, -0.00740608, -0.013067, -0.0595374, 0.00203517, -0.00740608, 0.00117218, -0.000504478, 0.0106253, -0.00670155, 0.0015733, 0.000274466, 0.000335393, 0.000334099, 0.00136915, -0.000129094, -0.000409421, 0.000986458, 0.00280717, -0.000301056, 0.00435182, 0.00277009, 0.0150598, -0.014222, 0.00280717, -0.000301056, 0.000192441, 2.65967e-05, 0.00117218, -0.000504478, 0.00481527, -0.00890713, 0.00478402, -0.0088606, 0.0318127, -0.0930277, 0.00481488, -0.00886707, 0.00080131, -0.000759129, 0.00197573, -0.00757379, 0.00280717, -0.000301056, 0.00203517, -0.00740608, 0.00478402, -0.0088606, 0.0318127, -0.0930277, 0.0106253, -0.00670155, 0.00138997, -0.000134262, 0.00203517, -0.00740608, 0.00435182, 0.00277009, 0.00203517, -0.00740608, 0.0150598, -0.014222, -0.013067, -0.0595374, 0.00197573, -0.00757379, 0.00138997, -0.000134262, 0.0106253, -0.00670155, 0.0318127, -0.0930277, 0.0318127, -0.0930277, 0.15432, -0.937328, 0.0318127, -0.0930277, 0.00197573, -0.00757379, -0.013067, -0.0595374, 0.0150598, -0.014222, -0.013067, -0.0595374, 0.000244644, 0.00025533, 0.0015733, 0.000274466, 0.00481488, -0.00886707, 0.0106253, -0.00670155, 0.0318127, -0.0930277, 0.00481527, -0.00890713, 0.00136915, -0.000129094, 0.00203517, -0.00740608, 0.00280717, -0.000301056, 0.00197573, -0.00757379, 0.000192441, 2.65967e-05, 0.00138997, -0.000134262, 0.000335393, 0.000334099, 0.00138997, -0.000134262, 0.000217371, 4.56041e-05, 0.00117218, -0.000504478, 0.00481527, -0.00890713, 0.00117218, -0.000504478, 0.000192441, 2.65967e-05, 0.00280717, -0.000301056, -0.000409421, 0.000986458, 0.00136915, -0.000129094, 0.00280717, -0.000301056, 0.00197573, -0.00757379, 0.00080131, -0.000759129, 0.000335393, 0.000334099, 0.0015733, 0.000274466, 0.0106253, -0.00670155, 0.00481488, -0.00886707, 0.0318127, -0.0930277, 0.00478402, -0.0088606, 0.00280717, -0.000301056, 0.0150598, -0.014222, 0.00435182, 0.00277009, 0.00203517, -0.00740608, 0.0015733, 0.000274466, 4.00578e-05, 0.000509089, 0.0015733, 0.000274466, 0.0015733, 0.000274466, 0.0106253, -0.00670155, 0.00117218, -0.000504478, -0.000409421, 0.000986458, 0.00435182, 0.00277009, -0.000409421, 0.000986458, 0.00136915, -0.000129094, 0.00117218, -0.000504478, 0.0106253, -0.00670155, 0.0015733, 0.000274466, 0.000244644, 0.00025533, 0.00136915, -0.000129094, 0.00481488, -0.00886707, 0.0015733, 0.000274466, 0.000244644, 0.00025533, 0.000335393, 0.000334099, 0.00138997, -0.000134262, 0.000192441, 2.65967e-05, 0.00280717, -0.000301056, 0.00203517, -0.00740608, 0.00136915, -0.000129094, 0.000217371, 4.56041e-05, 0.00481527, -0.00890713, 0.0318127, -0.0930277, 0.0106253, -0.00670155, 0.00138997, -0.000134262, 0.00197573, -0.00757379, 0.00117218, -0.000504478, 0.00478402, -0.0088606, 0.00117218, -0.000504478, 0.000192441, 2.65967e-05, 0.00080131, -0.000759129, 0.000192441, 2.65967e-05, ],[0.000192441, 2.65967e-05, 0.00080131, -0.000759129, 0.00197573, -0.00757379, 0.00136915, -0.000129094, 0.000217371, 4.56041e-05, 0.000192441, 2.65967e-05, 0.00138997, -0.000134262, 0.000244644, 0.00025533, 0.00138997, -0.000134262, 0.000217371, 4.56041e-05, 0.00136915, -0.000129094, 0.00197573, -0.00757379, 0.00203517, -0.00740608, -0.013067, -0.0595374, 0.00203517, -0.00740608, 0.00117218, -0.000504478, 0.0106253, -0.00670155, 0.0015733, 0.000274466, 0.000335393, 0.000334099, 0.00136915, -0.000129094, -0.000409421, 0.000986458, 0.00280717, -0.000301056, 0.00435182, 0.00277009, 0.0150598, -0.014222, 0.00280717, -0.000301056, 0.000192441, 2.65967e-05, 0.00117218, -0.000504478, 0.00481527, -0.00890713, 0.00478402, -0.0088606, 0.0318127, -0.0930277, 0.00481488, -0.00886707, 0.00080131, -0.000759129, 0.00197573, -0.00757379, 0.00280717, -0.000301056, 0.00203517, -0.00740608, 0.00478402, -0.0088606, 0.0318127, -0.0930277, 0.0106253, -0.00670155, 0.00138997, -0.000134262, 0.00203517, -0.00740608, 0.00435182, 0.00277009, 0.00203517, -0.00740608, 0.0150598, -0.014222, -0.013067, -0.0595374, 0.00197573, -0.00757379, 0.00138997, -0.000134262, 0.0106253, -0.00670155, 0.0318127, -0.0930277, 0.0318127, -0.0930277, 0.15432, -0.937328, 0.0318127, -0.0930277, 0.00197573, -0.00757379, -0.013067, -0.0595374, 0.0150598, -0.014222, -0.013067, -0.0595374, 0.000244644, 0.00025533, 0.0015733, 0.000274466, 0.00481488, -0.00886707, 0.0106253, -0.00670155, 0.0318127, -0.0930277, 0.00481527, -0.00890713, 0.00136915, -0.000129094, 0.00203517, -0.00740608, 0.00280717, -0.000301056, 0.00197573, -0.00757379, 0.000192441, 2.65967e-05, 0.00138997, -0.000134262, 0.000335393, 0.000334099, 0.00138997, -0.000134262, 0.000217371, 4.56041e-05, 0.00117218, -0.000504478, 0.00481527, -0.00890713, 0.00117218, -0.000504478, 0.000192441, 2.65967e-05, 0.00280717, -0.000301056, -0.000409421, 0.000986458, 0.00136915, -0.000129094, 0.00280717, -0.000301056, 0.00197573, -0.00757379, 0.00080131, -0.000759129, 0.000335393, 0.000334099, 0.0015733, 0.000274466, 0.0106253, -0.00670155, 0.00481488, -0.00886707, 0.0318127, -0.0930277, 0.00478402, -0.0088606, 0.00280717, -0.000301056, 0.0150598, -0.014222, 0.00435182, 0.00277009, 0.00203517, -0.00740608, 0.0015733, 0.000274466, 4.00578e-05, 0.000509089, 0.0015733, 0.000274466, 0.0015733, 0.000274466, 0.0106253, -0.00670155, 0.00117218, -0.000504478, -0.000409421, 0.000986458, 0.00435182, 0.00277009, -0.000409421, 0.000986458, 0.00136915, -0.000129094, 0.00117218, -0.000504478, 0.0106253, -0.00670155, 0.0015733, 0.000274466, 0.000244644, 0.00025533, 0.00136915, -0.000129094, 0.00481488, -0.00886707, 0.0015733, 0.000274466, 0.000244644, 0.00025533, 0.000335393, 0.000334099, 0.00138997, -0.000134262, 0.000192441, 2.65967e-05, 0.00280717, -0.000301056, 0.00203517, -0.00740608, 0.00136915, -0.000129094, 0.000217371, 4.56041e-05, 0.00481527, -0.00890713, 0.0318127, -0.0930277, 0.0106253, -0.00670155, 0.00138997, -0.000134262, 0.00197573, -0.00757379, 0.00117218, -0.000504478, 0.00478402, -0.0088606, 0.00117218, -0.000504478, 0.000192441, 2.65967e-05, 0.00080131, -0.000759129, 0.000192441, 2.65967e-05, ],]
