START_PARAMETERS
MAX_STEPS_MCDB =               32
MIN_STEPS_MCDB =               4
STEPS_CRUNCH_MCDB =            1
SWEEPS_MCDB =                  130
TOTAL_STEP_CHANGES =                  6
MCBB_SECONDARY =                  1
SWEEPS_MCBB_SECONDARY =                  250
NUMBER_OF_BANGS =                  7
GROUND_E =                -6.01898
INITIAL_E =               -2.76853
j_initial =               0.506
k_initial =               0.125
b_initial =               0
j_target =                0.074
k_target =                0.5
b_target =                0
init_target_dot_squared = 0.131141
init_state = [-0.0200224, 0, -0.0263928, 0, -0.0590111, 0, -0.0605837, 0, -0.0241788, 0, -0.0200224, 0, -0.0498808, 0, -0.0466895, 0, -0.0498808, 0, -0.0241788, 0, -0.0605837, 0, -0.0590111, 0, -0.0736511, 0, -0.112646, 0, -0.0736511, 0, -0.0460933, 0, -0.107302, 0, -0.0797754, 0, -0.0509868, 0, -0.0605837, 0, -0.132918, 0, -0.0780933, 0, -0.145696, 0, -0.136777, 0, -0.0780933, 0, -0.0200224, 0, -0.0460933, 0, -0.0681004, 0, -0.0700518, 0, -0.153294, 0, -0.0763668, 0, -0.0263928, 0, -0.0590111, 0, -0.0780933, 0, -0.0736511, 0, -0.0700518, 0, -0.153294, 0, -0.107302, 0, -0.0498808, 0, -0.0736511, 0, -0.145696, 0, -0.0736511, 0, -0.136777, 0, -0.112646, 0, -0.0590111, 0, -0.0498808, 0, -0.107302, 0, -0.153294, 0, -0.153294, 0, -0.323437, 0, -0.153294, 0, -0.0590111, 0, -0.112646, 0, -0.136777, 0, -0.112646, 0, -0.0466895, 0, -0.0797754, 0, -0.0763668, 0, -0.107302, 0, -0.153294, 0, -0.0681004, 0, -0.0605837, 0, -0.0736511, 0, -0.0780933, 0, -0.0590111, 0, -0.0200224, 0, -0.0498808, 0, -0.0509868, 0, -0.0498808, 0, -0.0241788, 0, -0.0460933, 0, -0.0681004, 0, -0.0460933, 0, -0.0200224, 0, -0.0780933, 0, -0.132918, 0, -0.0605837, 0, -0.0780933, 0, -0.0590111, 0, -0.0263928, 0, -0.0509868, 0, -0.0797754, 0, -0.107302, 0, -0.0763668, 0, -0.153294, 0, -0.0700518, 0, -0.0780933, 0, -0.136777, 0, -0.145696, 0, -0.0736511, 0, -0.0797754, 0, -0.089122, 0, -0.0797754, 0, -0.0797754, 0, -0.107302, 0, -0.0460933, 0, -0.132918, 0, -0.145696, 0, -0.132918, 0, -0.0605837, 0, -0.0460933, 0, -0.107302, 0, -0.0797754, 0, -0.0466895, 0, -0.0605837, 0, -0.0763668, 0, -0.0797754, 0, -0.0466895, 0, -0.0509868, 0, -0.0498808, 0, -0.0200224, 0, -0.0780933, 0, -0.0736511, 0, -0.0605837, 0, -0.0241788, 0, -0.0681004, 0, -0.153294, 0, -0.107302, 0, -0.0498808, 0, -0.0590111, 0, -0.0460933, 0, -0.0700518, 0, -0.0460933, 0, -0.0200224, 0, -0.0263928, 0, -0.0200224, 0, ]
target_state = [-8.79826e-07, 0, -1.66587e-05, 0, -0.000485509, 0, -2.81594e-05, 0, -1.0343e-06, 0, -8.79826e-07, 0, -2.78811e-05, 0, -2.27038e-06, 0, -2.78811e-05, 0, -1.0343e-06, 0, -2.81594e-05, 0, -0.000485509, 0, -0.000487222, 0, -0.0147733, 0, -0.000487222, 0, -2.26428e-05, 0, -0.00091119, 0, -3.62931e-05, 0, -2.9078e-06, 0, -2.81594e-05, 0, -2.17807e-05, 0, -5.40827e-05, 0, -0.00015595, 0, -0.0014573, 0, -5.40827e-05, 0, -8.79826e-07, 0, -2.26428e-05, 0, -0.000606528, 0, -0.00060732, 0, -0.02459, 0, -0.000606863, 0, -1.66587e-05, 0, -0.000485509, 0, -5.40827e-05, 0, -0.000487222, 0, -0.00060732, 0, -0.02459, 0, -0.00091119, 0, -2.78811e-05, 0, -0.000487222, 0, -0.00015595, 0, -0.000487222, 0, -0.0014573, 0, -0.0147733, 0, -0.000485509, 0, -2.78811e-05, 0, -0.00091119, 0, -0.02459, 0, -0.02459, 0, -0.997129, 0, -0.02459, 0, -0.000485509, 0, -0.0147733, 0, -0.0014573, 0, -0.0147733, 0, -2.27038e-06, 0, -3.62931e-05, 0, -0.000606863, 0, -0.00091119, 0, -0.02459, 0, -0.000606528, 0, -2.81594e-05, 0, -0.000487222, 0, -5.40827e-05, 0, -0.000485509, 0, -8.79826e-07, 0, -2.78811e-05, 0, -2.9078e-06, 0, -2.78811e-05, 0, -1.0343e-06, 0, -2.26428e-05, 0, -0.000606528, 0, -2.26428e-05, 0, -8.79826e-07, 0, -5.40827e-05, 0, -2.17807e-05, 0, -2.81594e-05, 0, -5.40827e-05, 0, -0.000485509, 0, -1.66587e-05, 0, -2.9078e-06, 0, -3.62931e-05, 0, -0.00091119, 0, -0.000606863, 0, -0.02459, 0, -0.00060732, 0, -5.40827e-05, 0, -0.0014573, 0, -0.00015595, 0, -0.000487222, 0, -3.62931e-05, 0, -5.34601e-06, 0, -3.62931e-05, 0, -3.62931e-05, 0, -0.00091119, 0, -2.26428e-05, 0, -2.17807e-05, 0, -0.00015595, 0, -2.17807e-05, 0, -2.81594e-05, 0, -2.26428e-05, 0, -0.00091119, 0, -3.62931e-05, 0, -2.27038e-06, 0, -2.81594e-05, 0, -0.000606863, 0, -3.62931e-05, 0, -2.27038e-06, 0, -2.9078e-06, 0, -2.78811e-05, 0, -8.79826e-07, 0, -5.40827e-05, 0, -0.000487222, 0, -2.81594e-05, 0, -1.0343e-06, 0, -0.000606528, 0, -0.02459, 0, -0.00091119, 0, -2.78811e-05, 0, -0.000485509, 0, -2.26428e-05, 0, -0.00060732, 0, -2.26428e-05, 0, -8.79826e-07, 0, -1.66587e-05, 0, -8.79826e-07, 0, ]
USE_ENERGY_DISTANCE =     false
PERIODIC =                false
UNIFORM_SITES =           true
DEVICE_DIMENSION =        2
MAX_PARAM =               1
MIN_PARAM =               0
MIN_PARAM =               0
DIAG =                    true
NUM_SEEDS =               2
NUMBER_OF_BANGS =               7
DISTANCE_LIMIT =          0.02
TAU_INIT =                0.4
MAX_TAU =                 5
TAU_SCALAR =              1.2
TAU_SCALAR_TINY =         1.1
TAU_SCALAR_BIG =          1.4
ACCEPTANCE_PROB =         0.85
TEMP_EXP_DECAY =          0.8
MIN_TEMP_FRACTION =       0.01
TEMP_DECAY_ITERATIONS =   21
ZERO_TEMP_ITREATIONS =    15
RANDOM_STATES =           3
END_PARAMETERS
##############################################################################
clock_duration  =         834.598
tau =                     0.4
total_steps =             32
time_step =               0.0125
best_mc_result =          0.567847
best_mc_result_non_secondary =          0.56793
evolved_target_dot_squared =  0.432153
distance =          0.653554
j_protocol =  [[0, 0, 1, 1, 1, 1, 1, 1, 1, 1, 1, 1, 1, 1, 1, 1, 1, 1, 1, 1, 1, 1, 1, 1, 1, 1, 1, 1, 1, 1, 1, 1, ],[0, 0, 1, 1, 1, 1, 1, 1, 1, 1, 1, 1, 1, 1, 1, 1, 1, 1, 1, 1, 1, 1, 1, 1, 1, 1, 1, 1, 1, 1, 1, 1, ],]
k_protocol =  [[1, 1, 1, 1, 1, 1, 1, 1, 1, 1, 1, 1, 1, 1, 1, 1, 1, 1, 1, 1, 1, 1, 1, 1, 1, 1, 1, 1, 1, 1, 0, 0, ],[1, 1, 1, 1, 1, 1, 1, 1, 1, 1, 1, 1, 1, 1, 1, 1, 1, 1, 1, 1, 1, 1, 1, 1, 1, 1, 1, 1, 1, 1, 0, 0, ],]
j_protocol_secondary =  [0.0293141, 0.13475, 0.13475, 0.141279, 0.141279, 0.144422, 0.144422, 0.164667, 0.164667, 0.264972, 0.264972, 0.393845, 0.393845, 0.4, ]
k_protocol_secondary =  [0, 0.00259053, 0.00259053, 0.0634858, 0.0634858, 0.149922, 0.149922, 0.259251, 0.259251, 0.290303, 0.290303, 0.373772, 0.384958, 0.384958, ]
best_evolved_state = [0.000977959, 0.000704606, -0.00795943, -0.00694053, 0.0111323, -0.00580494, 0.0132418, 0.0163274, 0.014411, 0.00277711, 0.000977959, 0.000704606, 0.0297362, -0.0140499, 0.020359, -0.00275558, 0.0297362, -0.0140499, 0.014411, 0.00277711, 0.0132418, 0.0163274, 0.0111323, -0.00580494, 0.00683652, 0.020863, -0.0497088, 0.0189275, 0.00683652, 0.020863, -0.00945765, 0.0342336, 0.0613202, 0.0566556, 0.0309742, 0.0413194, 0.0246621, -0.00344879, 0.0132418, 0.0163274, 0.0775826, 0.210575, 0.0212284, 0.00963936, 0.0795179, 0.168712, 0.0699087, 0.0614595, 0.0212284, 0.00963936, 0.000977959, 0.000704606, -0.00945765, 0.0342336, -0.00258914, 0.0139707, -0.0145408, 0.0335014, 0.0295741, 0.0861736, 0.0105714, 0.0246257, -0.00795943, -0.00694053, 0.0111323, -0.00580494, 0.0212284, 0.00963936, 0.00683652, 0.020863, -0.0145408, 0.0335014, 0.0295741, 0.0861736, 0.0613202, 0.0566556, 0.0297362, -0.0140499, 0.00683652, 0.020863, 0.0795179, 0.168712, 0.00683652, 0.020863, 0.0699087, 0.0614595, -0.0497088, 0.0189275, 0.0111323, -0.00580494, 0.0297362, -0.0140499, 0.0613202, 0.0566556, 0.0295741, 0.0861736, 0.0295741, 0.0861736, -0.371314, 0.528116, 0.0295741, 0.0861736, 0.0111323, -0.00580494, -0.0497088, 0.0189275, 0.0699087, 0.0614595, -0.0497088, 0.0189275, 0.020359, -0.00275558, 0.0309742, 0.0413194, 0.0105714, 0.0246257, 0.0613202, 0.0566556, 0.0295741, 0.0861736, -0.00258914, 0.0139707, 0.0132418, 0.0163274, 0.00683652, 0.020863, 0.0212284, 0.00963936, 0.0111323, -0.00580494, 0.000977959, 0.000704606, 0.0297362, -0.0140499, 0.0246621, -0.00344879, 0.0297362, -0.0140499, 0.014411, 0.00277711, -0.00945765, 0.0342336, -0.00258914, 0.0139707, -0.00945765, 0.0342336, 0.000977959, 0.000704606, 0.0212284, 0.00963936, 0.0775826, 0.210575, 0.0132418, 0.0163274, 0.0212284, 0.00963936, 0.0111323, -0.00580494, -0.00795943, -0.00694053, 0.0246621, -0.00344879, 0.0309742, 0.0413194, 0.0613202, 0.0566556, 0.0105714, 0.0246257, 0.0295741, 0.0861736, -0.0145408, 0.0335014, 0.0212284, 0.00963936, 0.0699087, 0.0614595, 0.0795179, 0.168712, 0.00683652, 0.020863, 0.0309742, 0.0413194, 0.0798382, 0.0230692, 0.0309742, 0.0413194, 0.0309742, 0.0413194, 0.0613202, 0.0566556, -0.00945765, 0.0342336, 0.0775826, 0.210575, 0.0795179, 0.168712, 0.0775826, 0.210575, 0.0132418, 0.0163274, -0.00945765, 0.0342336, 0.0613202, 0.0566556, 0.0309742, 0.0413194, 0.020359, -0.00275558, 0.0132418, 0.0163274, 0.0105714, 0.0246257, 0.0309742, 0.0413194, 0.020359, -0.00275558, 0.0246621, -0.00344879, 0.0297362, -0.0140499, 0.000977959, 0.000704606, 0.0212284, 0.00963936, 0.00683652, 0.020863, 0.0132418, 0.0163274, 0.014411, 0.00277711, -0.00258914, 0.0139707, 0.0295741, 0.0861736, 0.0613202, 0.0566556, 0.0297362, -0.0140499, 0.0111323, -0.00580494, -0.00945765, 0.0342336, -0.0145408, 0.0335014, -0.00945765, 0.0342336, 0.000977959, 0.000704606, -0.00795943, -0.00694053, 0.000977959, 0.000704606, ]
best_mc_result_fixed_tau =   [0.56793, 0.56793, ]
evolved_state_fixed_tau =   [[0.00097609, 0.000733182, -0.00757056, -0.00710687, 0.0113571, -0.00519233, 0.0129313, 0.0168617, 0.0141531, 0.00316027, 0.00097609, 0.000733182, 0.0302273, -0.0127789, 0.0204971, -0.00193297, 0.0302273, -0.0127789, 0.0141531, 0.00316027, 0.0129313, 0.0168617, 0.0113571, -0.00519233, 0.00632604, 0.0211091, -0.0493967, 0.0176296, 0.00632604, 0.0211091, -0.0102585, 0.0335574, 0.0590844, 0.0591172, 0.0297092, 0.0423207, 0.0247822, -0.00250056, 0.0129313, 0.0168617, 0.069048, 0.213394, 0.021099, 0.0106067, 0.0728751, 0.171481, 0.0672774, 0.064446, 0.021099, 0.0106067, 0.00097609, 0.000733182, -0.0102585, 0.0335574, -0.0027748, 0.0139252, -0.0152103, 0.0328492, 0.0262265, 0.0879055, 0.00990825, 0.0249275, -0.00757056, -0.00710687, 0.0113571, -0.00519233, 0.021099, 0.0106067, 0.00632604, 0.0211091, -0.0152103, 0.0328492, 0.0262265, 0.0879055, 0.0590844, 0.0591172, 0.0302273, -0.0127789, 0.00632604, 0.0211091, 0.0728751, 0.171481, 0.00632604, 0.0211091, 0.0672774, 0.064446, -0.0493967, 0.0176296, 0.0113571, -0.00519233, 0.0302273, -0.0127789, 0.0590844, 0.0591172, 0.0262265, 0.0879055, 0.0262265, 0.0879055, -0.393273, 0.511834, 0.0262265, 0.0879055, 0.0113571, -0.00519233, -0.0493967, 0.0176296, 0.0672774, 0.064446, -0.0493967, 0.0176296, 0.0204971, -0.00193297, 0.0297092, 0.0423207, 0.00990825, 0.0249275, 0.0590844, 0.0591172, 0.0262265, 0.0879055, -0.0027748, 0.0139252, 0.0129313, 0.0168617, 0.00632604, 0.0211091, 0.021099, 0.0106067, 0.0113571, -0.00519233, 0.00097609, 0.000733182, 0.0302273, -0.0127789, 0.0247822, -0.00250056, 0.0302273, -0.0127789, 0.0141531, 0.00316027, -0.0102585, 0.0335574, -0.0027748, 0.0139252, -0.0102585, 0.0335574, 0.00097609, 0.000733182, 0.021099, 0.0106067, 0.069048, 0.213394, 0.0129313, 0.0168617, 0.021099, 0.0106067, 0.0113571, -0.00519233, -0.00757056, -0.00710687, 0.0247822, -0.00250056, 0.0297092, 0.0423207, 0.0590844, 0.0591172, 0.00990825, 0.0249275, 0.0262265, 0.0879055, -0.0152103, 0.0328492, 0.021099, 0.0106067, 0.0672774, 0.064446, 0.0728751, 0.171481, 0.00632604, 0.0211091, 0.0297092, 0.0423207, 0.0787287, 0.02645, 0.0297092, 0.0423207, 0.0297092, 0.0423207, 0.0590844, 0.0591172, -0.0102585, 0.0335574, 0.069048, 0.213394, 0.0728751, 0.171481, 0.069048, 0.213394, 0.0129313, 0.0168617, -0.0102585, 0.0335574, 0.0590844, 0.0591172, 0.0297092, 0.0423207, 0.0204971, -0.00193297, 0.0129313, 0.0168617, 0.00990825, 0.0249275, 0.0297092, 0.0423207, 0.0204971, -0.00193297, 0.0247822, -0.00250056, 0.0302273, -0.0127789, 0.00097609, 0.000733182, 0.021099, 0.0106067, 0.00632604, 0.0211091, 0.0129313, 0.0168617, 0.0141531, 0.00316027, -0.0027748, 0.0139252, 0.0262265, 0.0879055, 0.0590844, 0.0591172, 0.0302273, -0.0127789, 0.0113571, -0.00519233, -0.0102585, 0.0335574, -0.0152103, 0.0328492, -0.0102585, 0.0335574, 0.00097609, 0.000733182, -0.00757056, -0.00710687, 0.00097609, 0.000733182, ],[0.00097609, 0.000733182, -0.00757056, -0.00710687, 0.0113571, -0.00519233, 0.0129313, 0.0168617, 0.0141531, 0.00316027, 0.00097609, 0.000733182, 0.0302273, -0.0127789, 0.0204971, -0.00193297, 0.0302273, -0.0127789, 0.0141531, 0.00316027, 0.0129313, 0.0168617, 0.0113571, -0.00519233, 0.00632604, 0.0211091, -0.0493967, 0.0176296, 0.00632604, 0.0211091, -0.0102585, 0.0335574, 0.0590844, 0.0591172, 0.0297092, 0.0423207, 0.0247822, -0.00250056, 0.0129313, 0.0168617, 0.069048, 0.213394, 0.021099, 0.0106067, 0.0728751, 0.171481, 0.0672774, 0.064446, 0.021099, 0.0106067, 0.00097609, 0.000733182, -0.0102585, 0.0335574, -0.0027748, 0.0139252, -0.0152103, 0.0328492, 0.0262265, 0.0879055, 0.00990825, 0.0249275, -0.00757056, -0.00710687, 0.0113571, -0.00519233, 0.021099, 0.0106067, 0.00632604, 0.0211091, -0.0152103, 0.0328492, 0.0262265, 0.0879055, 0.0590844, 0.0591172, 0.0302273, -0.0127789, 0.00632604, 0.0211091, 0.0728751, 0.171481, 0.00632604, 0.0211091, 0.0672774, 0.064446, -0.0493967, 0.0176296, 0.0113571, -0.00519233, 0.0302273, -0.0127789, 0.0590844, 0.0591172, 0.0262265, 0.0879055, 0.0262265, 0.0879055, -0.393273, 0.511834, 0.0262265, 0.0879055, 0.0113571, -0.00519233, -0.0493967, 0.0176296, 0.0672774, 0.064446, -0.0493967, 0.0176296, 0.0204971, -0.00193297, 0.0297092, 0.0423207, 0.00990825, 0.0249275, 0.0590844, 0.0591172, 0.0262265, 0.0879055, -0.0027748, 0.0139252, 0.0129313, 0.0168617, 0.00632604, 0.0211091, 0.021099, 0.0106067, 0.0113571, -0.00519233, 0.00097609, 0.000733182, 0.0302273, -0.0127789, 0.0247822, -0.00250056, 0.0302273, -0.0127789, 0.0141531, 0.00316027, -0.0102585, 0.0335574, -0.0027748, 0.0139252, -0.0102585, 0.0335574, 0.00097609, 0.000733182, 0.021099, 0.0106067, 0.069048, 0.213394, 0.0129313, 0.0168617, 0.021099, 0.0106067, 0.0113571, -0.00519233, -0.00757056, -0.00710687, 0.0247822, -0.00250056, 0.0297092, 0.0423207, 0.0590844, 0.0591172, 0.00990825, 0.0249275, 0.0262265, 0.0879055, -0.0152103, 0.0328492, 0.021099, 0.0106067, 0.0672774, 0.064446, 0.0728751, 0.171481, 0.00632604, 0.0211091, 0.0297092, 0.0423207, 0.0787287, 0.02645, 0.0297092, 0.0423207, 0.0297092, 0.0423207, 0.0590844, 0.0591172, -0.0102585, 0.0335574, 0.069048, 0.213394, 0.0728751, 0.171481, 0.069048, 0.213394, 0.0129313, 0.0168617, -0.0102585, 0.0335574, 0.0590844, 0.0591172, 0.0297092, 0.0423207, 0.0204971, -0.00193297, 0.0129313, 0.0168617, 0.00990825, 0.0249275, 0.0297092, 0.0423207, 0.0204971, -0.00193297, 0.0247822, -0.00250056, 0.0302273, -0.0127789, 0.00097609, 0.000733182, 0.021099, 0.0106067, 0.00632604, 0.0211091, 0.0129313, 0.0168617, 0.0141531, 0.00316027, -0.0027748, 0.0139252, 0.0262265, 0.0879055, 0.0590844, 0.0591172, 0.0302273, -0.0127789, 0.0113571, -0.00519233, -0.0102585, 0.0335574, -0.0152103, 0.0328492, -0.0102585, 0.0335574, 0.00097609, 0.000733182, -0.00757056, -0.00710687, 0.00097609, 0.000733182, ],]
##############################################################################
clock_duration  =         1759.12
tau =                     0.692749
total_steps =             32
time_step =               0.0216484
best_mc_result =          0.431801
best_mc_result_non_secondary =          0.433176
evolved_target_dot_squared =  0.568199
distance =          0.496974
j_protocol =  [[0, 1, 1, 1, 1, 1, 1, 1, 1, 1, 1, 1, 1, 1, 1, 1, 1, 1, 1, 1, 1, 1, 1, 1, 0, 1, 1, 1, 1, 1, 1, 1, ],[0, 1, 1, 1, 1, 1, 1, 1, 1, 1, 1, 1, 1, 1, 1, 1, 1, 1, 1, 1, 1, 1, 1, 0, 1, 1, 1, 1, 1, 1, 1, 1, ],]
k_protocol =  [[1, 1, 1, 1, 1, 1, 1, 0, 0, 0, 0, 1, 1, 1, 1, 1, 1, 1, 1, 1, 1, 1, 1, 1, 1, 1, 1, 1, 1, 1, 1, 1, ],[1, 1, 1, 1, 1, 1, 1, 0, 0, 0, 0, 1, 1, 1, 1, 1, 1, 1, 1, 1, 1, 1, 1, 1, 1, 1, 1, 1, 1, 1, 1, 0, ],]
j_protocol_secondary =  [0.0171564, 0.0216484, 0.0216484, 0.180255, 0.180255, 0.438203, 0.438203, 0.50235, 0.532214, 0.637915, 0.637915, 0.68141, 0.68141, 0.692749, ]
k_protocol_secondary =  [0, 0.112894, 0.112894, 0.129443, 0.129443, 0.162779, 0.23781, 0.482468, 0.482468, 0.576403, 0.576403, 0.681151, 0.692749, 0.692749, ]
best_evolved_state = [-0.00249993, -0.00140584, -0.0081035, -0.00749556, 0.00613281, -0.01858, -0.010695, -0.022086, 0.00590459, -0.00743695, -0.00249993, -0.00140584, 0.0108236, -0.000872985, -0.00293045, -0.00131786, 0.0108236, -0.000872985, 0.00590459, -0.00743695, -0.010695, -0.022086, 0.00613281, -0.01858, -0.00767478, -0.0162008, 0.0348327, -0.0237788, -0.00767478, -0.0162008, -0.00908185, -0.0146091, -0.0438951, -0.020031, -0.0314308, -0.0110827, 0.00415021, -0.000924369, -0.010695, -0.022086, -0.149027, -0.187519, -0.00593022, -0.030675, -0.122658, -0.115463, -0.019968, -0.0503929, -0.00593022, -0.030675, -0.00249993, -0.00140584, -0.00908185, -0.0146091, -0.0106707, -0.00862881, -0.0261322, -0.0151337, 0.0260664, -0.0537123, -0.00717754, -0.000699106, -0.0081035, -0.00749556, 0.00613281, -0.01858, -0.00593022, -0.030675, -0.00767478, -0.0162008, -0.0261322, -0.0151337, 0.0260664, -0.0537123, -0.0438951, -0.020031, 0.0108236, -0.000872985, -0.00767478, -0.0162008, -0.122658, -0.115463, -0.00767478, -0.0162008, -0.019968, -0.0503929, 0.0348327, -0.0237788, 0.00613281, -0.01858, 0.0108236, -0.000872985, -0.0438951, -0.020031, 0.0260664, -0.0537123, 0.0260664, -0.0537123, 0.566151, -0.480688, 0.0260664, -0.0537123, 0.00613281, -0.01858, 0.0348327, -0.0237788, -0.019968, -0.0503929, 0.0348327, -0.0237788, -0.00293045, -0.00131786, -0.0314308, -0.0110827, -0.00717754, -0.000699106, -0.0438951, -0.020031, 0.0260664, -0.0537123, -0.0106707, -0.00862881, -0.010695, -0.022086, -0.00767478, -0.0162008, -0.00593022, -0.030675, 0.00613281, -0.01858, -0.00249993, -0.00140584, 0.0108236, -0.000872985, 0.00415021, -0.000924369, 0.0108236, -0.000872985, 0.00590459, -0.00743695, -0.00908185, -0.0146091, -0.0106707, -0.00862881, -0.00908185, -0.0146091, -0.00249993, -0.00140584, -0.00593022, -0.030675, -0.149027, -0.187519, -0.010695, -0.022086, -0.00593022, -0.030675, 0.00613281, -0.01858, -0.0081035, -0.00749556, 0.00415021, -0.000924369, -0.0314308, -0.0110827, -0.0438951, -0.020031, -0.00717754, -0.000699106, 0.0260664, -0.0537123, -0.0261322, -0.0151337, -0.00593022, -0.030675, -0.019968, -0.0503929, -0.122658, -0.115463, -0.00767478, -0.0162008, -0.0314308, -0.0110827, -0.0571184, -0.00731562, -0.0314308, -0.0110827, -0.0314308, -0.0110827, -0.0438951, -0.020031, -0.00908185, -0.0146091, -0.149027, -0.187519, -0.122658, -0.115463, -0.149027, -0.187519, -0.010695, -0.022086, -0.00908185, -0.0146091, -0.0438951, -0.020031, -0.0314308, -0.0110827, -0.00293045, -0.00131786, -0.010695, -0.022086, -0.00717754, -0.000699106, -0.0314308, -0.0110827, -0.00293045, -0.00131786, 0.00415021, -0.000924369, 0.0108236, -0.000872985, -0.00249993, -0.00140584, -0.00593022, -0.030675, -0.00767478, -0.0162008, -0.010695, -0.022086, 0.00590459, -0.00743695, -0.0106707, -0.00862881, 0.0260664, -0.0537123, -0.0438951, -0.020031, 0.0108236, -0.000872985, 0.00613281, -0.01858, -0.00908185, -0.0146091, -0.0261322, -0.0151337, -0.00908185, -0.0146091, -0.00249993, -0.00140584, -0.0081035, -0.00749556, -0.00249993, -0.00140584, ]
best_mc_result_fixed_tau =   [0.433335, 0.433176, ]
evolved_state_fixed_tau =   [[-0.00273288, -0.00147117, -0.00836153, -0.00671777, 0.00419912, -0.0188065, -0.0121635, -0.0218299, 0.00408655, -0.00808312, -0.00273288, -0.00147117, 0.0086164, -0.00187671, -0.00394335, -0.00117429, 0.0086164, -0.00187671, 0.00408655, -0.00808312, -0.0121635, -0.0218299, 0.00419912, -0.0188065, -0.00854496, -0.0163081, 0.0347557, -0.0279714, -0.00854496, -0.0163081, -0.0103599, -0.0150122, -0.0436546, -0.0239499, -0.0320006, -0.0122737, 0.00303381, -0.00156751, -0.0121635, -0.0218299, -0.136877, -0.190748, -0.00837481, -0.0308675, -0.115654, -0.120609, -0.0218428, -0.0552309, -0.00837481, -0.0308675, -0.00273288, -0.00147117, -0.0103599, -0.0150122, -0.00983593, -0.00953145, -0.0242134, -0.0153189, 0.0270456, -0.0623402, -0.00673683, -0.00234042, -0.00836153, -0.00671777, 0.00419912, -0.0188065, -0.00837481, -0.0308675, -0.00854496, -0.0163081, -0.0242134, -0.0153189, 0.0270456, -0.0623402, -0.0436546, -0.0239499, 0.0086164, -0.00187671, -0.00854496, -0.0163081, -0.115654, -0.120609, -0.00854496, -0.0163081, -0.0218428, -0.0552309, 0.0347557, -0.0279714, 0.00419912, -0.0188065, 0.0086164, -0.00187671, -0.0436546, -0.0239499, 0.0270456, -0.0623402, 0.0270456, -0.0623402, 0.590575, -0.446915, 0.0270456, -0.0623402, 0.00419912, -0.0188065, 0.0347557, -0.0279714, -0.0218428, -0.0552309, 0.0347557, -0.0279714, -0.00394335, -0.00117429, -0.0320006, -0.0122737, -0.00673683, -0.00234042, -0.0436546, -0.0239499, 0.0270456, -0.0623402, -0.00983593, -0.00953145, -0.0121635, -0.0218299, -0.00854496, -0.0163081, -0.00837481, -0.0308675, 0.00419912, -0.0188065, -0.00273288, -0.00147117, 0.0086164, -0.00187671, 0.00303381, -0.00156751, 0.0086164, -0.00187671, 0.00408655, -0.00808312, -0.0103599, -0.0150122, -0.00983593, -0.00953145, -0.0103599, -0.0150122, -0.00273288, -0.00147117, -0.00837481, -0.0308675, -0.136877, -0.190748, -0.0121635, -0.0218299, -0.00837481, -0.0308675, 0.00419912, -0.0188065, -0.00836153, -0.00671777, 0.00303381, -0.00156751, -0.0320006, -0.0122737, -0.0436546, -0.0239499, -0.00673683, -0.00234042, 0.0270456, -0.0623402, -0.0242134, -0.0153189, -0.00837481, -0.0308675, -0.0218428, -0.0552309, -0.115654, -0.120609, -0.00854496, -0.0163081, -0.0320006, -0.0122737, -0.0599619, -0.0106996, -0.0320006, -0.0122737, -0.0320006, -0.0122737, -0.0436546, -0.0239499, -0.0103599, -0.0150122, -0.136877, -0.190748, -0.115654, -0.120609, -0.136877, -0.190748, -0.0121635, -0.0218299, -0.0103599, -0.0150122, -0.0436546, -0.0239499, -0.0320006, -0.0122737, -0.00394335, -0.00117429, -0.0121635, -0.0218299, -0.00673683, -0.00234042, -0.0320006, -0.0122737, -0.00394335, -0.00117429, 0.00303381, -0.00156751, 0.0086164, -0.00187671, -0.00273288, -0.00147117, -0.00837481, -0.0308675, -0.00854496, -0.0163081, -0.0121635, -0.0218299, 0.00408655, -0.00808312, -0.00983593, -0.00953145, 0.0270456, -0.0623402, -0.0436546, -0.0239499, 0.0086164, -0.00187671, 0.00419912, -0.0188065, -0.0103599, -0.0150122, -0.0242134, -0.0153189, -0.0103599, -0.0150122, -0.00273288, -0.00147117, -0.00836153, -0.00671777, -0.00273288, -0.00147117, ],[-0.0024304, -0.00174234, -0.00798721, -0.00694597, 0.00426165, -0.0183879, -0.0129609, -0.0218146, 0.00474671, -0.00780192, -0.0024304, -0.00174234, 0.00851816, -0.00203074, -0.0037168, -0.00109359, 0.00851816, -0.00203074, 0.00474671, -0.00780192, -0.0129609, -0.0218146, 0.00426165, -0.0183879, -0.00839186, -0.0165148, 0.0374642, -0.0297323, -0.00839186, -0.0165148, -0.00982023, -0.0169766, -0.045624, -0.0195766, -0.0325398, -0.0115696, 0.003229, -0.00150238, -0.0129609, -0.0218146, -0.168327, -0.163384, -0.00963313, -0.0308935, -0.130913, -0.104728, -0.0273338, -0.0523313, -0.00963313, -0.0308935, -0.0024304, -0.00174234, -0.00982023, -0.0169766, -0.00927962, -0.00944517, -0.023695, -0.0158766, 0.0198627, -0.064512, -0.0063686, -0.00248176, -0.00798721, -0.00694597, 0.00426165, -0.0183879, -0.00963313, -0.0308935, -0.00839186, -0.0165148, -0.023695, -0.0158766, 0.0198627, -0.064512, -0.045624, -0.0195766, 0.00851816, -0.00203074, -0.00839186, -0.0165148, -0.130913, -0.104728, -0.00839186, -0.0165148, -0.0273338, -0.0523313, 0.0374642, -0.0297323, 0.00426165, -0.0183879, 0.00851816, -0.00203074, -0.045624, -0.0195766, 0.0198627, -0.064512, 0.0198627, -0.064512, 0.451562, -0.585802, 0.0198627, -0.064512, 0.00426165, -0.0183879, 0.0374642, -0.0297323, -0.0273338, -0.0523313, 0.0374642, -0.0297323, -0.0037168, -0.00109359, -0.0325398, -0.0115696, -0.0063686, -0.00248176, -0.045624, -0.0195766, 0.0198627, -0.064512, -0.00927962, -0.00944517, -0.0129609, -0.0218146, -0.00839186, -0.0165148, -0.00963313, -0.0308935, 0.00426165, -0.0183879, -0.0024304, -0.00174234, 0.00851816, -0.00203074, 0.003229, -0.00150238, 0.00851816, -0.00203074, 0.00474671, -0.00780192, -0.00982023, -0.0169766, -0.00927962, -0.00944517, -0.00982023, -0.0169766, -0.0024304, -0.00174234, -0.00963313, -0.0308935, -0.168327, -0.163384, -0.0129609, -0.0218146, -0.00963313, -0.0308935, 0.00426165, -0.0183879, -0.00798721, -0.00694597, 0.003229, -0.00150238, -0.0325398, -0.0115696, -0.045624, -0.0195766, -0.0063686, -0.00248176, 0.0198627, -0.064512, -0.023695, -0.0158766, -0.00963313, -0.0308935, -0.0273338, -0.0523313, -0.130913, -0.104728, -0.00839186, -0.0165148, -0.0325398, -0.0115696, -0.0603738, -0.00448759, -0.0325398, -0.0115696, -0.0325398, -0.0115696, -0.045624, -0.0195766, -0.00982023, -0.0169766, -0.168327, -0.163384, -0.130913, -0.104728, -0.168327, -0.163384, -0.0129609, -0.0218146, -0.00982023, -0.0169766, -0.045624, -0.0195766, -0.0325398, -0.0115696, -0.0037168, -0.00109359, -0.0129609, -0.0218146, -0.0063686, -0.00248176, -0.0325398, -0.0115696, -0.0037168, -0.00109359, 0.003229, -0.00150238, 0.00851816, -0.00203074, -0.0024304, -0.00174234, -0.00963313, -0.0308935, -0.00839186, -0.0165148, -0.0129609, -0.0218146, 0.00474671, -0.00780192, -0.00927962, -0.00944517, 0.0198627, -0.064512, -0.045624, -0.0195766, 0.00851816, -0.00203074, 0.00426165, -0.0183879, -0.00982023, -0.0169766, -0.023695, -0.0158766, -0.00982023, -0.0169766, -0.0024304, -0.00174234, -0.00798721, -0.00694597, -0.0024304, -0.00174234, ],]
##############################################################################
clock_duration  =         2780.66
tau =                     0.831299
total_steps =             32
time_step =               0.0259781
best_mc_result =          0.386821
best_mc_result_non_secondary =          0.388864
evolved_target_dot_squared =  0.613179
distance =          0.445205
j_protocol =  [[0, 1, 1, 1, 1, 1, 1, 1, 1, 1, 1, 1, 1, 1, 1, 1, 1, 1, 1, 1, 1, 1, 1, 1, 1, 1, 0, 1, 1, 1, 1, 1, ],[1, 1, 1, 1, 1, 1, 1, 1, 1, 1, 1, 1, 1, 1, 1, 1, 1, 1, 1, 1, 1, 1, 1, 1, 1, 0, 0, 1, 1, 1, 1, 1, ],]
k_protocol =  [[1, 1, 1, 1, 1, 0, 1, 0, 0, 0, 1, 0, 1, 1, 1, 1, 1, 1, 1, 1, 1, 1, 1, 1, 1, 1, 1, 1, 1, 1, 1, 1, ],[1, 1, 1, 1, 1, 1, 0, 0, 0, 1, 1, 0, 1, 1, 1, 1, 1, 1, 1, 1, 1, 1, 1, 1, 1, 1, 1, 1, 1, 1, 1, 1, ],]
j_protocol_secondary =  [0.0150762, 0.186978, 0.186978, 0.534266, 0.534266, 0.614503, 0.614503, 0.649453, 0.649453, 0.662979, 0.703539, 0.716162, 0.716162, 0.831299, ]
k_protocol_secondary =  [0, 0.120818, 0.120818, 0.150532, 0.240611, 0.285906, 0.309149, 0.456055, 0.456055, 0.59278, 0.59278, 0.657432, 0.657432, 0.821537, ]
best_evolved_state = [0.00081424, 0.000244115, -0.00614665, -0.00557964, 0.0104462, -0.0113203, 0.0214631, -0.0179391, 0.00482352, -0.0078353, 0.00081424, 0.000244115, 0.016083, -0.00312449, 0.00360068, -0.00133291, 0.016083, -0.00312449, 0.00482352, -0.0078353, 0.0214631, -0.0179391, 0.0104462, -0.0113203, 0.0127218, -0.00480865, 0.0193373, 0.0470628, 0.0127218, -0.00480865, 0.014316, -0.0101237, 0.00868478, -0.0314281, 0.00879776, -0.0210587, 0.013102, -0.00099633, 0.0214631, -0.0179391, 0.133721, -0.185337, 0.0291957, -0.0234164, 0.0757314, -0.130125, 0.0550026, -0.0412091, 0.0291957, -0.0234164, 0.00081424, 0.000244115, 0.014316, -0.0101237, 0.00398685, 0.00343251, 0.000823993, -0.0016821, 0.0581108, 0.0248853, 0.00946367, 0.00760032, -0.00614665, -0.00557964, 0.0104462, -0.0113203, 0.0291957, -0.0234164, 0.0127218, -0.00480865, 0.000823993, -0.0016821, 0.0581108, 0.0248853, 0.00868478, -0.0314281, 0.016083, -0.00312449, 0.0127218, -0.00480865, 0.0757314, -0.130125, 0.0127218, -0.00480865, 0.0550026, -0.0412091, 0.0193373, 0.0470628, 0.0104462, -0.0113203, 0.016083, -0.00312449, 0.00868478, -0.0314281, 0.0581108, 0.0248853, 0.0581108, 0.0248853, 0.495738, 0.591007, 0.0581108, 0.0248853, 0.0104462, -0.0113203, 0.0193373, 0.0470628, 0.0550026, -0.0412091, 0.0193373, 0.0470628, 0.00360068, -0.00133291, 0.00879776, -0.0210587, 0.00946367, 0.00760032, 0.00868478, -0.0314281, 0.0581108, 0.0248853, 0.00398685, 0.00343251, 0.0214631, -0.0179391, 0.0127218, -0.00480865, 0.0291957, -0.0234164, 0.0104462, -0.0113203, 0.00081424, 0.000244115, 0.016083, -0.00312449, 0.013102, -0.00099633, 0.016083, -0.00312449, 0.00482352, -0.0078353, 0.014316, -0.0101237, 0.00398685, 0.00343251, 0.014316, -0.0101237, 0.00081424, 0.000244115, 0.0291957, -0.0234164, 0.133721, -0.185337, 0.0214631, -0.0179391, 0.0291957, -0.0234164, 0.0104462, -0.0113203, -0.00614665, -0.00557964, 0.013102, -0.00099633, 0.00879776, -0.0210587, 0.00868478, -0.0314281, 0.00946367, 0.00760032, 0.0581108, 0.0248853, 0.000823993, -0.0016821, 0.0291957, -0.0234164, 0.0550026, -0.0412091, 0.0757314, -0.130125, 0.0127218, -0.00480865, 0.00879776, -0.0210587, -0.0238509, -0.0580208, 0.00879776, -0.0210587, 0.00879776, -0.0210587, 0.00868478, -0.0314281, 0.014316, -0.0101237, 0.133721, -0.185337, 0.0757314, -0.130125, 0.133721, -0.185337, 0.0214631, -0.0179391, 0.014316, -0.0101237, 0.00868478, -0.0314281, 0.00879776, -0.0210587, 0.00360068, -0.00133291, 0.0214631, -0.0179391, 0.00946367, 0.00760032, 0.00879776, -0.0210587, 0.00360068, -0.00133291, 0.013102, -0.00099633, 0.016083, -0.00312449, 0.00081424, 0.000244115, 0.0291957, -0.0234164, 0.0127218, -0.00480865, 0.0214631, -0.0179391, 0.00482352, -0.0078353, 0.00398685, 0.00343251, 0.0581108, 0.0248853, 0.00868478, -0.0314281, 0.016083, -0.00312449, 0.0104462, -0.0113203, 0.014316, -0.0101237, 0.000823993, -0.0016821, 0.014316, -0.0101237, 0.00081424, 0.000244115, -0.00614665, -0.00557964, 0.00081424, 0.000244115, ]
best_mc_result_fixed_tau =   [0.38931, 0.388864, ]
evolved_state_fixed_tau =   [[0.00139045, -0.000121385, -0.00742347, -0.00470067, 0.00865959, -0.0125778, 0.0209206, -0.0201857, 0.00407304, -0.0100264, 0.00139045, -0.000121385, 0.0156331, -0.00666708, 0.00396723, -0.00173695, 0.0156331, -0.00666708, 0.00407304, -0.0100264, 0.0209206, -0.0201857, 0.00865959, -0.0125778, 0.013524, -0.00481502, 0.0302262, 0.0521179, 0.013524, -0.00481502, 0.0152745, -0.0133249, 0.0117058, -0.0316559, 0.0104516, -0.023092, 0.0143843, -0.00289215, 0.0209206, -0.0201857, 0.124882, -0.180811, 0.0280865, -0.0273996, 0.0762756, -0.128093, 0.0558311, -0.0474611, 0.0280865, -0.0273996, 0.00139045, -0.000121385, 0.0152745, -0.0133249, 0.00751702, 0.00499682, 0.00527362, 0.00131842, 0.0695325, 0.0220618, 0.0141211, 0.00772668, -0.00742347, -0.00470067, 0.00865959, -0.0125778, 0.0280865, -0.0273996, 0.013524, -0.00481502, 0.00527362, 0.00131842, 0.0695325, 0.0220618, 0.0117058, -0.0316559, 0.0156331, -0.00666708, 0.013524, -0.00481502, 0.0762756, -0.128093, 0.013524, -0.00481502, 0.0558311, -0.0474611, 0.0302262, 0.0521179, 0.00865959, -0.0125778, 0.0156331, -0.00666708, 0.0117058, -0.0316559, 0.0695325, 0.0220618, 0.0695325, 0.0220618, 0.518359, 0.566377, 0.0695325, 0.0220618, 0.00865959, -0.0125778, 0.0302262, 0.0521179, 0.0558311, -0.0474611, 0.0302262, 0.0521179, 0.00396723, -0.00173695, 0.0104516, -0.023092, 0.0141211, 0.00772668, 0.0117058, -0.0316559, 0.0695325, 0.0220618, 0.00751702, 0.00499682, 0.0209206, -0.0201857, 0.013524, -0.00481502, 0.0280865, -0.0273996, 0.00865959, -0.0125778, 0.00139045, -0.000121385, 0.0156331, -0.00666708, 0.0143843, -0.00289215, 0.0156331, -0.00666708, 0.00407304, -0.0100264, 0.0152745, -0.0133249, 0.00751702, 0.00499682, 0.0152745, -0.0133249, 0.00139045, -0.000121385, 0.0280865, -0.0273996, 0.124882, -0.180811, 0.0209206, -0.0201857, 0.0280865, -0.0273996, 0.00865959, -0.0125778, -0.00742347, -0.00470067, 0.0143843, -0.00289215, 0.0104516, -0.023092, 0.0117058, -0.0316559, 0.0141211, 0.00772668, 0.0695325, 0.0220618, 0.00527362, 0.00131842, 0.0280865, -0.0273996, 0.0558311, -0.0474611, 0.0762756, -0.128093, 0.013524, -0.00481502, 0.0104516, -0.023092, -0.0262852, -0.0595928, 0.0104516, -0.023092, 0.0104516, -0.023092, 0.0117058, -0.0316559, 0.0152745, -0.0133249, 0.124882, -0.180811, 0.0762756, -0.128093, 0.124882, -0.180811, 0.0209206, -0.0201857, 0.0152745, -0.0133249, 0.0117058, -0.0316559, 0.0104516, -0.023092, 0.00396723, -0.00173695, 0.0209206, -0.0201857, 0.0141211, 0.00772668, 0.0104516, -0.023092, 0.00396723, -0.00173695, 0.0143843, -0.00289215, 0.0156331, -0.00666708, 0.00139045, -0.000121385, 0.0280865, -0.0273996, 0.013524, -0.00481502, 0.0209206, -0.0201857, 0.00407304, -0.0100264, 0.00751702, 0.00499682, 0.0695325, 0.0220618, 0.0117058, -0.0316559, 0.0156331, -0.00666708, 0.00865959, -0.0125778, 0.0152745, -0.0133249, 0.00527362, 0.00131842, 0.0152745, -0.0133249, 0.00139045, -0.000121385, -0.00742347, -0.00470067, 0.00139045, -0.000121385, ],[7.00387e-05, 0.000426343, -0.00531291, -0.00696572, 0.012794, -0.0110953, 0.0222896, -0.0143854, 0.00578582, -0.00668792, 7.00387e-05, 0.000426343, 0.0165454, 0.000547703, 0.00283216, -0.00131114, 0.0165454, 0.000547703, 0.00578582, -0.00668792, 0.0222896, -0.0143854, 0.012794, -0.0110953, 0.0119581, -0.00488632, 0.00594485, 0.0407066, 0.0119581, -0.00488632, 0.0136012, -0.00630243, 0.0104067, -0.0316283, 0.00836076, -0.0188032, 0.0116828, 0.000842201, 0.0222896, -0.0143854, 0.169394, -0.161588, 0.0311687, -0.0182982, 0.0930486, -0.119382, 0.0598388, -0.03209, 0.0311687, -0.0182982, 7.00387e-05, 0.000426343, 0.0136012, -0.00630243, 0.000535154, 0.00159716, -0.00321326, -0.00415227, 0.0479822, 0.0302507, 0.005223, 0.00734136, -0.00531291, -0.00696572, 0.012794, -0.0110953, 0.0311687, -0.0182982, 0.0119581, -0.00488632, -0.00321326, -0.00415227, 0.0479822, 0.0302507, 0.0104067, -0.0316283, 0.0165454, 0.000547703, 0.0119581, -0.00488632, 0.0930486, -0.119382, 0.0119581, -0.00488632, 0.0598388, -0.03209, 0.00594485, 0.0407066, 0.012794, -0.0110953, 0.0165454, 0.000547703, 0.0104067, -0.0316283, 0.0479822, 0.0302507, 0.0479822, 0.0302507, 0.331866, 0.697521, 0.0479822, 0.0302507, 0.012794, -0.0110953, 0.00594485, 0.0407066, 0.0598388, -0.03209, 0.00594485, 0.0407066, 0.00283216, -0.00131114, 0.00836076, -0.0188032, 0.005223, 0.00734136, 0.0104067, -0.0316283, 0.0479822, 0.0302507, 0.000535154, 0.00159716, 0.0222896, -0.0143854, 0.0119581, -0.00488632, 0.0311687, -0.0182982, 0.012794, -0.0110953, 7.00387e-05, 0.000426343, 0.0165454, 0.000547703, 0.0116828, 0.000842201, 0.0165454, 0.000547703, 0.00578582, -0.00668792, 0.0136012, -0.00630243, 0.000535154, 0.00159716, 0.0136012, -0.00630243, 7.00387e-05, 0.000426343, 0.0311687, -0.0182982, 0.169394, -0.161588, 0.0222896, -0.0143854, 0.0311687, -0.0182982, 0.012794, -0.0110953, -0.00531291, -0.00696572, 0.0116828, 0.000842201, 0.00836076, -0.0188032, 0.0104067, -0.0316283, 0.005223, 0.00734136, 0.0479822, 0.0302507, -0.00321326, -0.00415227, 0.0311687, -0.0182982, 0.0598388, -0.03209, 0.0930486, -0.119382, 0.0119581, -0.00488632, 0.00836076, -0.0188032, -0.0152227, -0.0606232, 0.00836076, -0.0188032, 0.00836076, -0.0188032, 0.0104067, -0.0316283, 0.0136012, -0.00630243, 0.169394, -0.161588, 0.0930486, -0.119382, 0.169394, -0.161588, 0.0222896, -0.0143854, 0.0136012, -0.00630243, 0.0104067, -0.0316283, 0.00836076, -0.0188032, 0.00283216, -0.00131114, 0.0222896, -0.0143854, 0.005223, 0.00734136, 0.00836076, -0.0188032, 0.00283216, -0.00131114, 0.0116828, 0.000842201, 0.0165454, 0.000547703, 7.00387e-05, 0.000426343, 0.0311687, -0.0182982, 0.0119581, -0.00488632, 0.0222896, -0.0143854, 0.00578582, -0.00668792, 0.000535154, 0.00159716, 0.0479822, 0.0302507, 0.0104067, -0.0316283, 0.0165454, 0.000547703, 0.012794, -0.0110953, 0.0136012, -0.00630243, -0.00321326, -0.00415227, 0.0136012, -0.00630243, 7.00387e-05, 0.000426343, -0.00531291, -0.00696572, 7.00387e-05, 0.000426343, ],]
##############################################################################
clock_duration  =         3902.56
tau =                     1.16382
total_steps =             32
time_step =               0.0363693
best_mc_result =          0.23645
best_mc_result_non_secondary =          0.239293
evolved_target_dot_squared =  0.76355
distance =          0.272138
j_protocol =  [[1, 1, 1, 1, 1, 1, 1, 1, 1, 1, 1, 1, 1, 1, 1, 1, 1, 1, 1, 1, 1, 1, 1, 1, 1, 1, 0, 1, 1, 1, 1, 1, ],[1, 1, 1, 1, 1, 1, 1, 1, 1, 1, 1, 1, 1, 1, 1, 1, 1, 1, 1, 1, 1, 1, 1, 1, 1, 1, 1, 0, 1, 1, 1, 1, ],]
k_protocol =  [[1, 1, 1, 1, 1, 0, 0, 0, 0, 1, 1, 1, 1, 1, 0, 1, 1, 1, 0, 1, 1, 1, 1, 1, 1, 1, 1, 1, 1, 1, 1, 1, ],[1, 1, 1, 1, 1, 0, 0, 0, 0, 1, 1, 1, 1, 1, 0, 1, 1, 0, 1, 1, 1, 1, 1, 1, 1, 1, 1, 1, 1, 1, 1, 1, ],]
j_protocol_secondary =  [0.0182666, 0.471971, 0.471971, 0.605962, 0.605962, 0.876904, 0.876904, 0.91169, 0.91169, 0.968056, 1.00343, 1.10996, 1.10996, 1.16382, ]
k_protocol_secondary =  [0, 0.0386123, 0.0386123, 0.0449149, 0.0449149, 0.17609, 0.327344, 0.514439, 0.545891, 0.553825, 0.55724, 0.615943, 0.653886, 1.15041, ]
best_evolved_state = [-0.00143747, 0.00244349, -0.0105119, -0.00268037, -0.00465722, -0.00948165, -0.00813251, 0.0195379, -0.00707168, 0.000944729, -0.00143747, 0.00244349, 0.00392994, 0.0181854, -0.00776625, 0.0222836, 0.00392994, 0.0181854, -0.00707168, 0.000944729, -0.00813251, 0.0195379, -0.00465722, -0.00948165, -0.0196166, 0.0174912, -0.0176136, -0.0357405, -0.0196166, 0.0174912, -0.0209111, 0.0058279, -0.0430432, 0.0136088, -0.0211115, 0.0229381, 0.00562312, 0.0246376, -0.00813251, 0.0195379, -0.0540308, 0.137058, -0.0169147, 0.0292869, -0.0714921, 0.0763027, -0.0354515, 0.0406297, -0.0169147, 0.0292869, -0.00143747, 0.00244349, -0.0209111, 0.0058279, -0.0134664, 0.00954366, -0.0263991, 0.00821601, -0.0555921, -0.0561901, -0.00757687, 0.0226496, -0.0105119, -0.00268037, -0.00465722, -0.00948165, -0.0169147, 0.0292869, -0.0196166, 0.0174912, -0.0263991, 0.00821601, -0.0555921, -0.0561901, -0.0430432, 0.0136088, 0.00392994, 0.0181854, -0.0196166, 0.0174912, -0.0714921, 0.0763027, -0.0196166, 0.0174912, -0.0354515, 0.0406297, -0.0176136, -0.0357405, -0.00465722, -0.00948165, 0.00392994, 0.0181854, -0.0430432, 0.0136088, -0.0555921, -0.0561901, -0.0555921, -0.0561901, -0.319972, -0.798036, -0.0555921, -0.0561901, -0.00465722, -0.00948165, -0.0176136, -0.0357405, -0.0354515, 0.0406297, -0.0176136, -0.0357405, -0.00776625, 0.0222836, -0.0211115, 0.0229381, -0.00757687, 0.0226496, -0.0430432, 0.0136088, -0.0555921, -0.0561901, -0.0134664, 0.00954366, -0.00813251, 0.0195379, -0.0196166, 0.0174912, -0.0169147, 0.0292869, -0.00465722, -0.00948165, -0.00143747, 0.00244349, 0.00392994, 0.0181854, 0.00562312, 0.0246376, 0.00392994, 0.0181854, -0.00707168, 0.000944729, -0.0209111, 0.0058279, -0.0134664, 0.00954366, -0.0209111, 0.0058279, -0.00143747, 0.00244349, -0.0169147, 0.0292869, -0.0540308, 0.137058, -0.00813251, 0.0195379, -0.0169147, 0.0292869, -0.00465722, -0.00948165, -0.0105119, -0.00268037, 0.00562312, 0.0246376, -0.0211115, 0.0229381, -0.0430432, 0.0136088, -0.00757687, 0.0226496, -0.0555921, -0.0561901, -0.0263991, 0.00821601, -0.0169147, 0.0292869, -0.0354515, 0.0406297, -0.0714921, 0.0763027, -0.0196166, 0.0174912, -0.0211115, 0.0229381, 0.0125326, -0.0191687, -0.0211115, 0.0229381, -0.0211115, 0.0229381, -0.0430432, 0.0136088, -0.0209111, 0.0058279, -0.0540308, 0.137058, -0.0714921, 0.0763027, -0.0540308, 0.137058, -0.00813251, 0.0195379, -0.0209111, 0.0058279, -0.0430432, 0.0136088, -0.0211115, 0.0229381, -0.00776625, 0.0222836, -0.00813251, 0.0195379, -0.00757687, 0.0226496, -0.0211115, 0.0229381, -0.00776625, 0.0222836, 0.00562312, 0.0246376, 0.00392994, 0.0181854, -0.00143747, 0.00244349, -0.0169147, 0.0292869, -0.0196166, 0.0174912, -0.00813251, 0.0195379, -0.00707168, 0.000944729, -0.0134664, 0.00954366, -0.0555921, -0.0561901, -0.0430432, 0.0136088, 0.00392994, 0.0181854, -0.00465722, -0.00948165, -0.0209111, 0.0058279, -0.0263991, 0.00821601, -0.0209111, 0.0058279, -0.00143747, 0.00244349, -0.0105119, -0.00268037, -0.00143747, 0.00244349, ]
best_mc_result_fixed_tau =   [0.240021, 0.239293, ]
evolved_state_fixed_tau =   [[-0.00129415, 0.00177397, -0.0103561, -0.00354261, -0.00458025, -0.00941382, -0.0120025, 0.0179928, -0.00706463, -0.000580737, -0.00129415, 0.00177397, -0.000676515, 0.0178741, -0.0110979, 0.0204336, -0.000676515, 0.0178741, -0.00706463, -0.000580737, -0.0120025, 0.0179928, -0.00458025, -0.00941382, -0.0223636, 0.0142711, -0.0085819, -0.0367058, -0.0223636, 0.0142711, -0.0214688, 0.00213569, -0.0430768, 0.00287087, -0.0248375, 0.0182567, 0.00133238, 0.0247178, -0.0120025, 0.0179928, -0.0867652, 0.125367, -0.0228514, 0.0247555, -0.0830348, 0.059129, -0.0443832, 0.0298806, -0.0228514, 0.0247555, -0.00129415, 0.00177397, -0.0214688, 0.00213569, -0.0135906, 0.00710418, -0.0251808, 0.00337455, -0.0394768, -0.0712593, -0.0106689, 0.0199995, -0.0103561, -0.00354261, -0.00458025, -0.00941382, -0.0228514, 0.0247555, -0.0223636, 0.0142711, -0.0251808, 0.00337455, -0.0394768, -0.0712593, -0.0430768, 0.00287087, -0.000676515, 0.0178741, -0.0223636, 0.0142711, -0.0830348, 0.059129, -0.0223636, 0.0142711, -0.0443832, 0.0298806, -0.0085819, -0.0367058, -0.00458025, -0.00941382, -0.000676515, 0.0178741, -0.0430768, 0.00287087, -0.0394768, -0.0712593, -0.0394768, -0.0712593, -0.0628275, -0.855435, -0.0394768, -0.0712593, -0.00458025, -0.00941382, -0.0085819, -0.0367058, -0.0443832, 0.0298806, -0.0085819, -0.0367058, -0.0110979, 0.0204336, -0.0248375, 0.0182567, -0.0106689, 0.0199995, -0.0430768, 0.00287087, -0.0394768, -0.0712593, -0.0135906, 0.00710418, -0.0120025, 0.0179928, -0.0223636, 0.0142711, -0.0228514, 0.0247555, -0.00458025, -0.00941382, -0.00129415, 0.00177397, -0.000676515, 0.0178741, 0.00133238, 0.0247178, -0.000676515, 0.0178741, -0.00706463, -0.000580737, -0.0214688, 0.00213569, -0.0135906, 0.00710418, -0.0214688, 0.00213569, -0.00129415, 0.00177397, -0.0228514, 0.0247555, -0.0867652, 0.125367, -0.0120025, 0.0179928, -0.0228514, 0.0247555, -0.00458025, -0.00941382, -0.0103561, -0.00354261, 0.00133238, 0.0247178, -0.0248375, 0.0182567, -0.0430768, 0.00287087, -0.0106689, 0.0199995, -0.0394768, -0.0712593, -0.0251808, 0.00337455, -0.0228514, 0.0247555, -0.0443832, 0.0298806, -0.0830348, 0.059129, -0.0223636, 0.0142711, -0.0248375, 0.0182567, 0.0156573, -0.0152413, -0.0248375, 0.0182567, -0.0248375, 0.0182567, -0.0430768, 0.00287087, -0.0214688, 0.00213569, -0.0867652, 0.125367, -0.0830348, 0.059129, -0.0867652, 0.125367, -0.0120025, 0.0179928, -0.0214688, 0.00213569, -0.0430768, 0.00287087, -0.0248375, 0.0182567, -0.0110979, 0.0204336, -0.0120025, 0.0179928, -0.0106689, 0.0199995, -0.0248375, 0.0182567, -0.0110979, 0.0204336, 0.00133238, 0.0247178, -0.000676515, 0.0178741, -0.00129415, 0.00177397, -0.0228514, 0.0247555, -0.0223636, 0.0142711, -0.0120025, 0.0179928, -0.00706463, -0.000580737, -0.0135906, 0.00710418, -0.0394768, -0.0712593, -0.0430768, 0.00287087, -0.000676515, 0.0178741, -0.00458025, -0.00941382, -0.0214688, 0.00213569, -0.0251808, 0.00337455, -0.0214688, 0.00213569, -0.00129415, 0.00177397, -0.0103561, -0.00354261, -0.00129415, 0.00177397, ],[-0.00151768, 0.00268578, -0.00966333, -0.0043469, -0.00281286, -0.00975146, -0.0113832, 0.0184064, -0.00633009, 0.000512619, -0.00151768, 0.00268578, -4.3441e-05, 0.0190614, -0.0116182, 0.020572, -4.3441e-05, 0.0190614, -0.00633009, 0.000512619, -0.0113832, 0.0184064, -0.00281286, -0.00975146, -0.0220346, 0.013465, -0.0136713, -0.0362072, -0.0220346, 0.013465, -0.0201992, 0.00294092, -0.0445091, 0.00333787, -0.0244396, 0.0184402, 0.000530199, 0.0254938, -0.0113832, 0.0184064, -0.0880617, 0.120594, -0.0216494, 0.0260696, -0.0857785, 0.057422, -0.0436312, 0.0319084, -0.0216494, 0.0260696, -0.00151768, 0.00268578, -0.0201992, 0.00294092, -0.015804, 0.00710329, -0.0277425, 0.00329798, -0.0421292, -0.0680116, -0.0124659, 0.0208418, -0.00966333, -0.0043469, -0.00281286, -0.00975146, -0.0216494, 0.0260696, -0.0220346, 0.013465, -0.0277425, 0.00329798, -0.0421292, -0.0680116, -0.0445091, 0.00333787, -4.3441e-05, 0.0190614, -0.0220346, 0.013465, -0.0857785, 0.057422, -0.0220346, 0.013465, -0.0436312, 0.0319084, -0.0136713, -0.0362072, -0.00281286, -0.00975146, -4.3441e-05, 0.0190614, -0.0445091, 0.00333787, -0.0421292, -0.0680116, -0.0421292, -0.0680116, -0.0431777, -0.857888, -0.0421292, -0.0680116, -0.00281286, -0.00975146, -0.0136713, -0.0362072, -0.0436312, 0.0319084, -0.0136713, -0.0362072, -0.0116182, 0.020572, -0.0244396, 0.0184402, -0.0124659, 0.0208418, -0.0445091, 0.00333787, -0.0421292, -0.0680116, -0.015804, 0.00710329, -0.0113832, 0.0184064, -0.0220346, 0.013465, -0.0216494, 0.0260696, -0.00281286, -0.00975146, -0.00151768, 0.00268578, -4.3441e-05, 0.0190614, 0.000530199, 0.0254938, -4.3441e-05, 0.0190614, -0.00633009, 0.000512619, -0.0201992, 0.00294092, -0.015804, 0.00710329, -0.0201992, 0.00294092, -0.00151768, 0.00268578, -0.0216494, 0.0260696, -0.0880617, 0.120594, -0.0113832, 0.0184064, -0.0216494, 0.0260696, -0.00281286, -0.00975146, -0.00966333, -0.0043469, 0.000530199, 0.0254938, -0.0244396, 0.0184402, -0.0445091, 0.00333787, -0.0124659, 0.0208418, -0.0421292, -0.0680116, -0.0277425, 0.00329798, -0.0216494, 0.0260696, -0.0436312, 0.0319084, -0.0857785, 0.057422, -0.0220346, 0.013465, -0.0244396, 0.0184402, 0.0169916, -0.0145052, -0.0244396, 0.0184402, -0.0244396, 0.0184402, -0.0445091, 0.00333787, -0.0201992, 0.00294092, -0.0880617, 0.120594, -0.0857785, 0.057422, -0.0880617, 0.120594, -0.0113832, 0.0184064, -0.0201992, 0.00294092, -0.0445091, 0.00333787, -0.0244396, 0.0184402, -0.0116182, 0.020572, -0.0113832, 0.0184064, -0.0124659, 0.0208418, -0.0244396, 0.0184402, -0.0116182, 0.020572, 0.000530199, 0.0254938, -4.3441e-05, 0.0190614, -0.00151768, 0.00268578, -0.0216494, 0.0260696, -0.0220346, 0.013465, -0.0113832, 0.0184064, -0.00633009, 0.000512619, -0.015804, 0.00710329, -0.0421292, -0.0680116, -0.0445091, 0.00333787, -4.3441e-05, 0.0190614, -0.00281286, -0.00975146, -0.0201992, 0.00294092, -0.0277425, 0.00329798, -0.0201992, 0.00294092, -0.00151768, 0.00268578, -0.00966333, -0.0043469, -0.00151768, 0.00268578, ],]
##############################################################################
clock_duration  =         5032.32
tau =                     1.39658
total_steps =             32
time_step =               0.0436432
best_mc_result =          0.127834
best_mc_result_non_secondary =          0.132653
evolved_target_dot_squared =  0.872166
distance =          0.147128
j_protocol =  [[1, 1, 1, 1, 1, 1, 1, 1, 1, 1, 1, 1, 1, 1, 1, 1, 1, 1, 1, 1, 1, 1, 1, 1, 1, 1, 1, 1, 0, 1, 1, 1, ],[1, 1, 1, 1, 1, 1, 1, 1, 1, 1, 1, 1, 1, 1, 1, 1, 1, 1, 1, 1, 1, 1, 1, 1, 1, 1, 1, 0, 1, 1, 1, 1, ],]
k_protocol =  [[1, 1, 1, 1, 0, 0, 0, 1, 1, 1, 0, 1, 1, 0, 1, 0, 1, 1, 1, 1, 0, 1, 1, 1, 1, 1, 1, 1, 1, 1, 1, 1, ],[1, 1, 1, 1, 0, 0, 0, 1, 1, 1, 1, 1, 0, 0, 0, 1, 1, 1, 1, 1, 1, 1, 0, 1, 1, 1, 1, 1, 1, 1, 1, 1, ],]
j_protocol_secondary =  [0.0167043, 0.718095, 0.718095, 1.03795, 1.03795, 1.22977, 1.24883, 1.24883, 1.26021, 1.34052, 1.34052, 1.38057, 1.38057, 1.39658, ]
k_protocol_secondary =  [0, 0.169766, 0.29238, 0.427346, 0.427346, 0.432441, 0.47415, 0.564211, 0.611575, 0.651265, 0.696662, 0.878849, 0.916642, 1.38632, ]
best_evolved_state = [-0.00230047, -0.00110513, -0.00288387, -0.00594199, 0.0035998, -0.0109555, -0.00670827, -0.00902152, -0.00671526, 0.00215839, -0.00230047, -0.00110513, -0.0107416, 0.00168993, -0.0184948, 0.00533117, -0.0107416, 0.00168993, -0.00671526, 0.00215839, -0.00670827, -0.00902152, 0.0035998, -0.0109555, -0.00731365, -0.00336711, 0.0173911, 0.0451863, -0.00731365, -0.00336711, -0.00938763, -0.00989652, 0.00504214, -0.0493832, -0.01072, -0.0181091, -0.0128277, 0.00332769, -0.00670827, -0.00902152, -0.0375435, -0.0532481, -0.0270222, -0.00621044, -0.00214849, -0.0931509, -0.00148813, -0.0283077, -0.0270222, -0.00621044, -0.00230047, -0.00110513, -0.00938763, -0.00989652, -0.00171688, -0.00786575, 0.00168058, -0.0149039, 0.0746886, 0.00751511, 0.000622879, 0.00606863, -0.00288387, -0.00594199, 0.0035998, -0.0109555, -0.0270222, -0.00621044, -0.00731365, -0.00336711, 0.00168058, -0.0149039, 0.0746886, 0.00751511, 0.00504214, -0.0493832, -0.0107416, 0.00168993, -0.00731365, -0.00336711, -0.00214849, -0.0931509, -0.00731365, -0.00336711, -0.00148813, -0.0283077, 0.0173911, 0.0451863, 0.0035998, -0.0109555, -0.0107416, 0.00168993, 0.00504214, -0.0493832, 0.0746886, 0.00751511, 0.0746886, 0.00751511, 0.756668, 0.526215, 0.0746886, 0.00751511, 0.0035998, -0.0109555, 0.0173911, 0.0451863, -0.00148813, -0.0283077, 0.0173911, 0.0451863, -0.0184948, 0.00533117, -0.01072, -0.0181091, 0.000622879, 0.00606863, 0.00504214, -0.0493832, 0.0746886, 0.00751511, -0.00171688, -0.00786575, -0.00670827, -0.00902152, -0.00731365, -0.00336711, -0.0270222, -0.00621044, 0.0035998, -0.0109555, -0.00230047, -0.00110513, -0.0107416, 0.00168993, -0.0128277, 0.00332769, -0.0107416, 0.00168993, -0.00671526, 0.00215839, -0.00938763, -0.00989652, -0.00171688, -0.00786575, -0.00938763, -0.00989652, -0.00230047, -0.00110513, -0.0270222, -0.00621044, -0.0375435, -0.0532481, -0.00670827, -0.00902152, -0.0270222, -0.00621044, 0.0035998, -0.0109555, -0.00288387, -0.00594199, -0.0128277, 0.00332769, -0.01072, -0.0181091, 0.00504214, -0.0493832, 0.000622879, 0.00606863, 0.0746886, 0.00751511, 0.00168058, -0.0149039, -0.0270222, -0.00621044, -0.00148813, -0.0283077, -0.00214849, -0.0931509, -0.00731365, -0.00336711, -0.01072, -0.0181091, 0.0390789, -0.0360015, -0.01072, -0.0181091, -0.01072, -0.0181091, 0.00504214, -0.0493832, -0.00938763, -0.00989652, -0.0375435, -0.0532481, -0.00214849, -0.0931509, -0.0375435, -0.0532481, -0.00670827, -0.00902152, -0.00938763, -0.00989652, 0.00504214, -0.0493832, -0.01072, -0.0181091, -0.0184948, 0.00533117, -0.00670827, -0.00902152, 0.000622879, 0.00606863, -0.01072, -0.0181091, -0.0184948, 0.00533117, -0.0128277, 0.00332769, -0.0107416, 0.00168993, -0.00230047, -0.00110513, -0.0270222, -0.00621044, -0.00731365, -0.00336711, -0.00670827, -0.00902152, -0.00671526, 0.00215839, -0.00171688, -0.00786575, 0.0746886, 0.00751511, 0.00504214, -0.0493832, -0.0107416, 0.00168993, 0.0035998, -0.0109555, -0.00938763, -0.00989652, 0.00168058, -0.0149039, -0.00938763, -0.00989652, -0.00230047, -0.00110513, -0.00288387, -0.00594199, -0.00230047, -0.00110513, ]
best_mc_result_fixed_tau =   [0.132653, 0.135066, ]
evolved_state_fixed_tau =   [[-0.00145896, -0.00190673, -0.00410698, -0.00671663, 0.00424487, -0.0152704, -0.00493698, -0.00959478, -0.00591904, -0.000131222, -0.00145896, -0.00190673, -0.010798, 0.000388748, -0.0181603, 0.00540537, -0.010798, 0.000388748, -0.00591904, -0.000131222, -0.00493698, -0.00959478, 0.00424487, -0.0152704, -0.00959335, -0.00502271, 0.0036076, 0.0374343, -0.00959335, -0.00502271, -0.00886892, -0.00999204, 0.00744, -0.0496579, -0.0109383, -0.0183099, -0.0102433, 0.00616666, -0.00493698, -0.00959478, -0.0264218, -0.0671445, -0.0240097, -0.00919011, 0.00630159, -0.0935382, 0.00510906, -0.036219, -0.0240097, -0.00919011, -0.00145896, -0.00190673, -0.00886892, -0.00999204, -0.00153624, -0.00531471, 0.00071174, -0.0117701, 0.0721909, 0.0023861, 0.000204288, 0.00878402, -0.00410698, -0.00671663, 0.00424487, -0.0152704, -0.0240097, -0.00919011, -0.00959335, -0.00502271, 0.00071174, -0.0117701, 0.0721909, 0.0023861, 0.00744, -0.0496579, -0.010798, 0.000388748, -0.00959335, -0.00502271, 0.00630159, -0.0935382, -0.00959335, -0.00502271, 0.00510906, -0.036219, 0.0036076, 0.0374343, 0.00424487, -0.0152704, -0.010798, 0.000388748, 0.00744, -0.0496579, 0.0721909, 0.0023861, 0.0721909, 0.0023861, 0.686879, 0.614841, 0.0721909, 0.0023861, 0.00424487, -0.0152704, 0.0036076, 0.0374343, 0.00510906, -0.036219, 0.0036076, 0.0374343, -0.0181603, 0.00540537, -0.0109383, -0.0183099, 0.000204288, 0.00878402, 0.00744, -0.0496579, 0.0721909, 0.0023861, -0.00153624, -0.00531471, -0.00493698, -0.00959478, -0.00959335, -0.00502271, -0.0240097, -0.00919011, 0.00424487, -0.0152704, -0.00145896, -0.00190673, -0.010798, 0.000388748, -0.0102433, 0.00616666, -0.010798, 0.000388748, -0.00591904, -0.000131222, -0.00886892, -0.00999204, -0.00153624, -0.00531471, -0.00886892, -0.00999204, -0.00145896, -0.00190673, -0.0240097, -0.00919011, -0.0264218, -0.0671445, -0.00493698, -0.00959478, -0.0240097, -0.00919011, 0.00424487, -0.0152704, -0.00410698, -0.00671663, -0.0102433, 0.00616666, -0.0109383, -0.0183099, 0.00744, -0.0496579, 0.000204288, 0.00878402, 0.0721909, 0.0023861, 0.00071174, -0.0117701, -0.0240097, -0.00919011, 0.00510906, -0.036219, 0.00630159, -0.0935382, -0.00959335, -0.00502271, -0.0109383, -0.0183099, 0.0403675, -0.0322641, -0.0109383, -0.0183099, -0.0109383, -0.0183099, 0.00744, -0.0496579, -0.00886892, -0.00999204, -0.0264218, -0.0671445, 0.00630159, -0.0935382, -0.0264218, -0.0671445, -0.00493698, -0.00959478, -0.00886892, -0.00999204, 0.00744, -0.0496579, -0.0109383, -0.0183099, -0.0181603, 0.00540537, -0.00493698, -0.00959478, 0.000204288, 0.00878402, -0.0109383, -0.0183099, -0.0181603, 0.00540537, -0.0102433, 0.00616666, -0.010798, 0.000388748, -0.00145896, -0.00190673, -0.0240097, -0.00919011, -0.00959335, -0.00502271, -0.00493698, -0.00959478, -0.00591904, -0.000131222, -0.00153624, -0.00531471, 0.0721909, 0.0023861, 0.00744, -0.0496579, -0.010798, 0.000388748, 0.00424487, -0.0152704, -0.00886892, -0.00999204, 0.00071174, -0.0117701, -0.00886892, -0.00999204, -0.00145896, -0.00190673, -0.00410698, -0.00671663, -0.00145896, -0.00190673, ],[-0.00267414, 0.00333122, 0.000349995, -0.00798355, 0.0117697, -0.0085479, -0.00810067, -0.00893376, -0.00595426, 0.00756438, -0.00267414, 0.00333122, -0.011849, 0.00303541, -0.0225818, 0.00172686, -0.011849, 0.00303541, -0.00595426, 0.00756438, -0.00810067, -0.00893376, 0.0117697, -0.0085479, -0.00358548, -0.00926126, 0.0142806, 0.0267965, -0.00358548, -0.00926126, -0.0066219, -0.010908, 0.00630633, -0.0511173, -0.00888156, -0.0212536, -0.020578, 0.00183038, -0.00810067, -0.00893376, -0.0307064, -0.0620556, -0.0269941, -0.00575386, 0.000281216, -0.0983469, -0.00097315, -0.0233732, -0.0269941, -0.00575386, -0.00267414, 0.00333122, -0.0066219, -0.010908, -0.00716893, -0.0139393, -0.00253066, -0.0221288, 0.0734268, 0.00748205, -0.00791869, 0.000355128, 0.000349995, -0.00798355, 0.0117697, -0.0085479, -0.0269941, -0.00575386, -0.00358548, -0.00926126, -0.00253066, -0.0221288, 0.0734268, 0.00748205, 0.00630633, -0.0511173, -0.011849, 0.00303541, -0.00358548, -0.00926126, 0.000281216, -0.0983469, -0.00358548, -0.00926126, -0.00097315, -0.0233732, 0.0142806, 0.0267965, 0.0117697, -0.0085479, -0.011849, 0.00303541, 0.00630633, -0.0511173, 0.0734268, 0.00748205, 0.0734268, 0.00748205, 0.724628, 0.56546, 0.0734268, 0.00748205, 0.0117697, -0.0085479, 0.0142806, 0.0267965, -0.00097315, -0.0233732, 0.0142806, 0.0267965, -0.0225818, 0.00172686, -0.00888156, -0.0212536, -0.00791869, 0.000355128, 0.00630633, -0.0511173, 0.0734268, 0.00748205, -0.00716893, -0.0139393, -0.00810067, -0.00893376, -0.00358548, -0.00926126, -0.0269941, -0.00575386, 0.0117697, -0.0085479, -0.00267414, 0.00333122, -0.011849, 0.00303541, -0.020578, 0.00183038, -0.011849, 0.00303541, -0.00595426, 0.00756438, -0.0066219, -0.010908, -0.00716893, -0.0139393, -0.0066219, -0.010908, -0.00267414, 0.00333122, -0.0269941, -0.00575386, -0.0307064, -0.0620556, -0.00810067, -0.00893376, -0.0269941, -0.00575386, 0.0117697, -0.0085479, 0.000349995, -0.00798355, -0.020578, 0.00183038, -0.00888156, -0.0212536, 0.00630633, -0.0511173, -0.00791869, 0.000355128, 0.0734268, 0.00748205, -0.00253066, -0.0221288, -0.0269941, -0.00575386, -0.00097315, -0.0233732, 0.000281216, -0.0983469, -0.00358548, -0.00926126, -0.00888156, -0.0212536, 0.0421797, -0.0247921, -0.00888156, -0.0212536, -0.00888156, -0.0212536, 0.00630633, -0.0511173, -0.0066219, -0.010908, -0.0307064, -0.0620556, 0.000281216, -0.0983469, -0.0307064, -0.0620556, -0.00810067, -0.00893376, -0.0066219, -0.010908, 0.00630633, -0.0511173, -0.00888156, -0.0212536, -0.0225818, 0.00172686, -0.00810067, -0.00893376, -0.00791869, 0.000355128, -0.00888156, -0.0212536, -0.0225818, 0.00172686, -0.020578, 0.00183038, -0.011849, 0.00303541, -0.00267414, 0.00333122, -0.0269941, -0.00575386, -0.00358548, -0.00926126, -0.00810067, -0.00893376, -0.00595426, 0.00756438, -0.00716893, -0.0139393, 0.0734268, 0.00748205, 0.00630633, -0.0511173, -0.011849, 0.00303541, 0.0117697, -0.0085479, -0.0066219, -0.010908, -0.00253066, -0.0221288, -0.0066219, -0.010908, -0.00267414, 0.00333122, 0.000349995, -0.00798355, -0.00267414, 0.00333122, ],]
##############################################################################
clock_duration  =         6194.27
tau =                     1.53624
total_steps =             32
time_step =               0.0480075
best_mc_result =          0.0748167
best_mc_result_non_secondary =          0.0784097
evolved_target_dot_squared =  0.925183
distance =          0.0861091
j_protocol =  [[1, 1, 1, 1, 1, 1, 1, 1, 1, 1, 1, 1, 1, 1, 1, 1, 1, 1, 1, 1, 1, 1, 1, 1, 1, 1, 1, 1, 0, 1, 1, 1, ],[1, 1, 1, 1, 1, 1, 1, 1, 1, 1, 1, 1, 1, 1, 1, 1, 1, 1, 1, 1, 1, 1, 1, 1, 1, 1, 1, 1, 1, 0, 1, 1, ],]
k_protocol =  [[1, 1, 1, 1, 0, 0, 0, 1, 1, 1, 1, 0, 1, 1, 0, 1, 0, 1, 1, 1, 1, 1, 0, 1, 1, 1, 1, 1, 1, 1, 1, 1, ],[1, 1, 1, 0, 1, 1, 0, 0, 1, 1, 1, 1, 0, 0, 1, 1, 0, 1, 1, 1, 1, 0, 1, 1, 1, 1, 1, 1, 1, 1, 1, 1, ],]
j_protocol_secondary =  [0.0156717, 0.304756, 0.304756, 0.354538, 0.354538, 0.454942, 0.454942, 0.518737, 0.518737, 0.872225, 0.872225, 1.35121, 1.39773, 1.53624, ]
k_protocol_secondary =  [0, 0.179565, 0.315451, 0.523623, 0.589956, 0.671614, 0.716791, 0.769854, 0.812419, 1.04615, 1.09743, 1.51815, 1.51815, 1.52468, ]
best_evolved_state = [-0.00547914, -0.00019781, 0.000296141, -0.00368816, -0.000380979, -0.00641542, 0.000452742, -0.00922624, -0.00735455, 0.00586343, -0.00547914, -0.00019781, -0.00545004, -0.00643409, -0.0137114, 0.000627312, -0.00545004, -0.00643409, -0.00735455, 0.00586343, 0.000452742, -0.00922624, -0.000380979, -0.00641542, -0.00132062, 0.0062052, -0.0419044, 0.0259112, -0.00132062, 0.0062052, -0.00170831, 0.00110106, 0.0314496, -0.0186929, 0.00663294, -0.00532662, -0.00802776, -0.0103767, 0.000452742, -0.00922624, 0.0139509, -0.0311358, -0.0206313, -0.00820079, 0.0629263, -0.0370405, 0.0178133, 0.00100535, -0.0206313, -0.00820079, -0.00547914, -0.00019781, -0.00170831, 0.00110106, 0.000650454, -0.00882986, 0.00840466, -0.0042924, 0.0114091, 0.0632246, 0.00277229, 0.00478179, 0.000296141, -0.00368816, -0.000380979, -0.00641542, -0.0206313, -0.00820079, -0.00132062, 0.0062052, 0.00840466, -0.0042924, 0.0114091, 0.0632246, 0.0314496, -0.0186929, -0.00545004, -0.00643409, -0.00132062, 0.0062052, 0.0629263, -0.0370405, -0.00132062, 0.0062052, 0.0178133, 0.00100535, -0.0419044, 0.0259112, -0.000380979, -0.00641542, -0.00545004, -0.00643409, 0.0314496, -0.0186929, 0.0114091, 0.0632246, 0.0114091, 0.0632246, -0.372313, 0.876131, 0.0114091, 0.0632246, -0.000380979, -0.00641542, -0.0419044, 0.0259112, 0.0178133, 0.00100535, -0.0419044, 0.0259112, -0.0137114, 0.000627312, 0.00663294, -0.00532662, 0.00277229, 0.00478179, 0.0314496, -0.0186929, 0.0114091, 0.0632246, 0.000650454, -0.00882986, 0.000452742, -0.00922624, -0.00132062, 0.0062052, -0.0206313, -0.00820079, -0.000380979, -0.00641542, -0.00547914, -0.00019781, -0.00545004, -0.00643409, -0.00802776, -0.0103767, -0.00545004, -0.00643409, -0.00735455, 0.00586343, -0.00170831, 0.00110106, 0.000650454, -0.00882986, -0.00170831, 0.00110106, -0.00547914, -0.00019781, -0.0206313, -0.00820079, 0.0139509, -0.0311358, 0.000452742, -0.00922624, -0.0206313, -0.00820079, -0.000380979, -0.00641542, 0.000296141, -0.00368816, -0.00802776, -0.0103767, 0.00663294, -0.00532662, 0.0314496, -0.0186929, 0.00277229, 0.00478179, 0.0114091, 0.0632246, 0.00840466, -0.0042924, -0.0206313, -0.00820079, 0.0178133, 0.00100535, 0.0629263, -0.0370405, -0.00132062, 0.0062052, 0.00663294, -0.00532662, 0.058352, -0.018315, 0.00663294, -0.00532662, 0.00663294, -0.00532662, 0.0314496, -0.0186929, -0.00170831, 0.00110106, 0.0139509, -0.0311358, 0.0629263, -0.0370405, 0.0139509, -0.0311358, 0.000452742, -0.00922624, -0.00170831, 0.00110106, 0.0314496, -0.0186929, 0.00663294, -0.00532662, -0.0137114, 0.000627312, 0.000452742, -0.00922624, 0.00277229, 0.00478179, 0.00663294, -0.00532662, -0.0137114, 0.000627312, -0.00802776, -0.0103767, -0.00545004, -0.00643409, -0.00547914, -0.00019781, -0.0206313, -0.00820079, -0.00132062, 0.0062052, 0.000452742, -0.00922624, -0.00735455, 0.00586343, 0.000650454, -0.00882986, 0.0114091, 0.0632246, 0.0314496, -0.0186929, -0.00545004, -0.00643409, -0.000380979, -0.00641542, -0.00170831, 0.00110106, 0.00840466, -0.0042924, -0.00170831, 0.00110106, -0.00547914, -0.00019781, 0.000296141, -0.00368816, -0.00547914, -0.00019781, ]
best_mc_result_fixed_tau =   [0.0784097, 0.0825241, ]
evolved_state_fixed_tau =   [[-0.00588516, -0.00363641, -0.000468518, -0.00366812, -0.00118353, -0.0113156, 0.00501434, -0.00930099, -0.00896428, 0.00250859, -0.00588516, -0.00363641, -0.00255719, -0.00673888, -0.0119443, 0.00120488, -0.00255719, -0.00673888, -0.00896428, 0.00250859, 0.00501434, -0.00930099, -0.00118353, -0.0113156, -0.00557317, 0.00767043, -0.0500449, 0.0211485, -0.00557317, 0.00767043, -0.00411834, 0.00222663, 0.0322995, -0.0124747, 0.0046922, -0.00272721, -0.000969147, -0.00755779, 0.00501434, -0.00930099, 0.0268427, -0.0342511, -0.0172843, -0.0109147, 0.0667578, -0.0240113, 0.0219282, 0.0026612, -0.0172843, -0.0109147, -0.00588516, -0.00363641, -0.00411834, 0.00222663, 0.00360149, -0.00358942, 0.00825913, 0.00178074, -0.00280542, 0.063703, 0.00569662, 0.0102243, -0.000468518, -0.00366812, -0.00118353, -0.0113156, -0.0172843, -0.0109147, -0.00557317, 0.00767043, 0.00825913, 0.00178074, -0.00280542, 0.063703, 0.0322995, -0.0124747, -0.00255719, -0.00673888, -0.00557317, 0.00767043, 0.0667578, -0.0240113, -0.00557317, 0.00767043, 0.0219282, 0.0026612, -0.0500449, 0.0211485, -0.00118353, -0.0113156, -0.00255719, -0.00673888, 0.0322995, -0.0124747, -0.00280542, 0.063703, -0.00280542, 0.063703, -0.592774, 0.742475, -0.00280542, 0.063703, -0.00118353, -0.0113156, -0.0500449, 0.0211485, 0.0219282, 0.0026612, -0.0500449, 0.0211485, -0.0119443, 0.00120488, 0.0046922, -0.00272721, 0.00569662, 0.0102243, 0.0322995, -0.0124747, -0.00280542, 0.063703, 0.00360149, -0.00358942, 0.00501434, -0.00930099, -0.00557317, 0.00767043, -0.0172843, -0.0109147, -0.00118353, -0.0113156, -0.00588516, -0.00363641, -0.00255719, -0.00673888, -0.000969147, -0.00755779, -0.00255719, -0.00673888, -0.00896428, 0.00250859, -0.00411834, 0.00222663, 0.00360149, -0.00358942, -0.00411834, 0.00222663, -0.00588516, -0.00363641, -0.0172843, -0.0109147, 0.0268427, -0.0342511, 0.00501434, -0.00930099, -0.0172843, -0.0109147, -0.00118353, -0.0113156, -0.000468518, -0.00366812, -0.000969147, -0.00755779, 0.0046922, -0.00272721, 0.0322995, -0.0124747, 0.00569662, 0.0102243, -0.00280542, 0.063703, 0.00825913, 0.00178074, -0.0172843, -0.0109147, 0.0219282, 0.0026612, 0.0667578, -0.0240113, -0.00557317, 0.00767043, 0.0046922, -0.00272721, 0.0647524, -0.0149906, 0.0046922, -0.00272721, 0.0046922, -0.00272721, 0.0322995, -0.0124747, -0.00411834, 0.00222663, 0.0268427, -0.0342511, 0.0667578, -0.0240113, 0.0268427, -0.0342511, 0.00501434, -0.00930099, -0.00411834, 0.00222663, 0.0322995, -0.0124747, 0.0046922, -0.00272721, -0.0119443, 0.00120488, 0.00501434, -0.00930099, 0.00569662, 0.0102243, 0.0046922, -0.00272721, -0.0119443, 0.00120488, -0.000969147, -0.00755779, -0.00255719, -0.00673888, -0.00588516, -0.00363641, -0.0172843, -0.0109147, -0.00557317, 0.00767043, 0.00501434, -0.00930099, -0.00896428, 0.00250859, 0.00360149, -0.00358942, -0.00280542, 0.063703, 0.0322995, -0.0124747, -0.00255719, -0.00673888, -0.00118353, -0.0113156, -0.00411834, 0.00222663, 0.00825913, 0.00178074, -0.00411834, 0.00222663, -0.00588516, -0.00363641, -0.000468518, -0.00366812, -0.00588516, -0.00363641, ],[-0.00281301, -0.0015318, 0.00073371, -0.00513984, 0.00350716, -0.00702208, 0.000508559, -0.00576139, -0.00645194, 0.00254252, -0.00281301, -0.0015318, -0.0065269, -0.00708968, -0.0180183, -0.00275094, -0.0065269, -0.00708968, -0.00645194, 0.00254252, 0.000508559, -0.00576139, 0.00350716, -0.00702208, -0.005753, -5.22862e-05, -0.0441064, 0.0235672, -0.005753, -5.22862e-05, -0.00445478, -0.00407902, 0.0404048, -0.0172795, 0.00528639, -0.00913897, -0.0125054, -0.00889512, 0.000508559, -0.00576139, 0.0098284, -0.012261, -0.0220428, -0.0156265, 0.0761776, -0.0210594, 0.0153217, 0.000159847, -0.0220428, -0.0156265, -0.00281301, -0.0015318, -0.00445478, -0.00407902, -0.000945713, -0.00942106, 0.0065161, -0.006397, 0.00426061, 0.0598201, -0.0030906, 0.00683636, 0.00073371, -0.00513984, 0.00350716, -0.00702208, -0.0220428, -0.0156265, -0.005753, -5.22862e-05, 0.0065161, -0.006397, 0.00426061, 0.0598201, 0.0404048, -0.0172795, -0.0065269, -0.00708968, -0.005753, -5.22862e-05, 0.0761776, -0.0210594, -0.005753, -5.22862e-05, 0.0153217, 0.000159847, -0.0441064, 0.0235672, 0.00350716, -0.00702208, -0.0065269, -0.00708968, 0.0404048, -0.0172795, 0.00426061, 0.0598201, 0.00426061, 0.0598201, -0.623408, 0.71669, 0.00426061, 0.0598201, 0.00350716, -0.00702208, -0.0441064, 0.0235672, 0.0153217, 0.000159847, -0.0441064, 0.0235672, -0.0180183, -0.00275094, 0.00528639, -0.00913897, -0.0030906, 0.00683636, 0.0404048, -0.0172795, 0.00426061, 0.0598201, -0.000945713, -0.00942106, 0.000508559, -0.00576139, -0.005753, -5.22862e-05, -0.0220428, -0.0156265, 0.00350716, -0.00702208, -0.00281301, -0.0015318, -0.0065269, -0.00708968, -0.0125054, -0.00889512, -0.0065269, -0.00708968, -0.00645194, 0.00254252, -0.00445478, -0.00407902, -0.000945713, -0.00942106, -0.00445478, -0.00407902, -0.00281301, -0.0015318, -0.0220428, -0.0156265, 0.0098284, -0.012261, 0.000508559, -0.00576139, -0.0220428, -0.0156265, 0.00350716, -0.00702208, 0.00073371, -0.00513984, -0.0125054, -0.00889512, 0.00528639, -0.00913897, 0.0404048, -0.0172795, -0.0030906, 0.00683636, 0.00426061, 0.0598201, 0.0065161, -0.006397, -0.0220428, -0.0156265, 0.0153217, 0.000159847, 0.0761776, -0.0210594, -0.005753, -5.22862e-05, 0.00528639, -0.00913897, 0.0645591, 0.00705793, 0.00528639, -0.00913897, 0.00528639, -0.00913897, 0.0404048, -0.0172795, -0.00445478, -0.00407902, 0.0098284, -0.012261, 0.0761776, -0.0210594, 0.0098284, -0.012261, 0.000508559, -0.00576139, -0.00445478, -0.00407902, 0.0404048, -0.0172795, 0.00528639, -0.00913897, -0.0180183, -0.00275094, 0.000508559, -0.00576139, -0.0030906, 0.00683636, 0.00528639, -0.00913897, -0.0180183, -0.00275094, -0.0125054, -0.00889512, -0.0065269, -0.00708968, -0.00281301, -0.0015318, -0.0220428, -0.0156265, -0.005753, -5.22862e-05, 0.000508559, -0.00576139, -0.00645194, 0.00254252, -0.000945713, -0.00942106, 0.00426061, 0.0598201, 0.0404048, -0.0172795, -0.0065269, -0.00708968, 0.00350716, -0.00702208, -0.00445478, -0.00407902, 0.0065161, -0.006397, -0.00445478, -0.00407902, -0.00281301, -0.0015318, 0.00073371, -0.00513984, -0.00281301, -0.0015318, ],]
##############################################################################
clock_duration  =         7432.08
tau =                     1.68987
total_steps =             32
time_step =               0.0528083
best_mc_result =          0.0338861
best_mc_result_non_secondary =          0.0465071
evolved_target_dot_squared =  0.966114
distance =          0.0390007
j_protocol =  [[1, 1, 1, 1, 1, 1, 1, 1, 1, 1, 1, 1, 1, 1, 1, 1, 1, 1, 1, 1, 1, 1, 1, 1, 1, 1, 1, 1, 0, 0, 1, 1, ],[1, 1, 1, 1, 1, 1, 1, 1, 1, 1, 1, 1, 1, 1, 1, 1, 1, 1, 1, 1, 1, 1, 1, 1, 1, 1, 1, 1, 0, 0, 1, 1, ],]
k_protocol =  [[1, 1, 0, 1, 1, 0, 0, 1, 1, 0, 1, 1, 1, 1, 0, 0, 1, 1, 1, 1, 1, 0, 1, 1, 1, 1, 1, 1, 1, 1, 1, 0, ],[1, 1, 1, 0, 1, 0, 1, 1, 0, 1, 0, 1, 1, 1, 1, 0, 0, 1, 1, 1, 1, 1, 0, 1, 1, 1, 1, 1, 1, 1, 1, 0, ],]
j_protocol_secondary =  [0.0157112, 0.41863, 0.41863, 0.940385, 0.940385, 1.09485, 1.09485, 1.10442, 1.10442, 1.26177, 1.26177, 1.50138, 1.5679, 1.68987, ]
k_protocol_secondary =  [0, 0.136585, 0.221453, 0.262313, 0.303929, 0.434897, 0.466954, 0.523133, 0.594791, 0.789478, 0.895395, 1.14379, 1.20475, 1.67897, ]
best_evolved_state = [-0.00315664, -0.00367062, 0.000539608, -0.00489976, -0.00585449, -0.0108504, 0.00328837, -0.00634354, -0.00258504, -0.000183164, -0.00315664, -0.00367062, 0.000370566, -0.00842467, -0.00655312, 0.00103301, 0.000370566, -0.00842467, -0.00258504, -0.000183164, 0.00328837, -0.00634354, -0.00585449, -0.0108504, -0.0104329, 0.007108, -0.0258647, -0.0351343, -0.0104329, 0.007108, -0.00278952, 0.00415525, 0.0170157, 0.010616, 0.00343827, 0.00805333, 0.000479257, -0.00908329, 0.00328837, -0.00634354, 0.0110202, -0.00383471, -0.0127651, -0.0116047, 0.0374358, 0.0288627, -0.00477245, 0.0127554, -0.0127651, -0.0116047, -0.00315664, -0.00367062, -0.00278952, 0.00415525, -0.00206886, -0.00645237, 0.00207952, 0.00265184, -0.0415112, 0.00809979, -0.000704611, 0.00608156, 0.000539608, -0.00489976, -0.00585449, -0.0108504, -0.0127651, -0.0116047, -0.0104329, 0.007108, 0.00207952, 0.00265184, -0.0415112, 0.00809979, 0.0170157, 0.010616, 0.000370566, -0.00842467, -0.0104329, 0.007108, 0.0374358, 0.0288627, -0.0104329, 0.007108, -0.00477245, 0.0127554, -0.0258647, -0.0351343, -0.00585449, -0.0108504, 0.000370566, -0.00842467, 0.0170157, 0.010616, -0.0415112, 0.00809979, -0.0415112, 0.00809979, -0.905548, -0.365814, -0.0415112, 0.00809979, -0.00585449, -0.0108504, -0.0258647, -0.0351343, -0.00477245, 0.0127554, -0.0258647, -0.0351343, -0.00655312, 0.00103301, 0.00343827, 0.00805333, -0.000704611, 0.00608156, 0.0170157, 0.010616, -0.0415112, 0.00809979, -0.00206886, -0.00645237, 0.00328837, -0.00634354, -0.0104329, 0.007108, -0.0127651, -0.0116047, -0.00585449, -0.0108504, -0.00315664, -0.00367062, 0.000370566, -0.00842467, 0.000479257, -0.00908329, 0.000370566, -0.00842467, -0.00258504, -0.000183164, -0.00278952, 0.00415525, -0.00206886, -0.00645237, -0.00278952, 0.00415525, -0.00315664, -0.00367062, -0.0127651, -0.0116047, 0.0110202, -0.00383471, 0.00328837, -0.00634354, -0.0127651, -0.0116047, -0.00585449, -0.0108504, 0.000539608, -0.00489976, 0.000479257, -0.00908329, 0.00343827, 0.00805333, 0.0170157, 0.010616, -0.000704611, 0.00608156, -0.0415112, 0.00809979, 0.00207952, 0.00265184, -0.0127651, -0.0116047, -0.00477245, 0.0127554, 0.0374358, 0.0288627, -0.0104329, 0.007108, 0.00343827, 0.00805333, 0.0512045, 0.0177434, 0.00343827, 0.00805333, 0.00343827, 0.00805333, 0.0170157, 0.010616, -0.00278952, 0.00415525, 0.0110202, -0.00383471, 0.0374358, 0.0288627, 0.0110202, -0.00383471, 0.00328837, -0.00634354, -0.00278952, 0.00415525, 0.0170157, 0.010616, 0.00343827, 0.00805333, -0.00655312, 0.00103301, 0.00328837, -0.00634354, -0.000704611, 0.00608156, 0.00343827, 0.00805333, -0.00655312, 0.00103301, 0.000479257, -0.00908329, 0.000370566, -0.00842467, -0.00315664, -0.00367062, -0.0127651, -0.0116047, -0.0104329, 0.007108, 0.00328837, -0.00634354, -0.00258504, -0.000183164, -0.00206886, -0.00645237, -0.0415112, 0.00809979, 0.0170157, 0.010616, 0.000370566, -0.00842467, -0.00585449, -0.0108504, -0.00278952, 0.00415525, 0.00207952, 0.00265184, -0.00278952, 0.00415525, -0.00315664, -0.00367062, 0.000539608, -0.00489976, -0.00315664, -0.00367062, ]
best_mc_result_fixed_tau =   [0.0468322, 0.0465071, ]
evolved_state_fixed_tau =   [[-0.00493741, -0.00665961, 0.000450619, -0.00453003, -0.00270605, -0.0148757, 0.00931153, -0.0042899, -0.00727684, -0.000656934, -0.00493741, -0.00665961, 0.00212697, -0.0055823, -0.00732285, 0.00297968, 0.00212697, -0.0055823, -0.00727684, -0.000656934, 0.00931153, -0.0042899, -0.00270605, -0.0148757, -0.0143847, 0.00891207, -0.015424, -0.0261964, -0.0143847, 0.00891207, -0.00855314, 0.00598137, 0.0187543, 0.00659945, -0.000177899, 0.0089627, 0.006013, -0.00271722, 0.00931153, -0.0042899, 0.0429986, 0.000948631, -0.012094, -0.00900236, 0.0494091, 0.0234375, 0.00297635, 0.0180986, -0.012094, -0.00900236, -0.00493741, -0.00665961, -0.00855314, 0.00598137, 0.000790526, -0.00096229, 0.000727512, 0.00632462, -0.0351795, 0.0190219, 0.0032806, 0.012354, 0.000450619, -0.00453003, -0.00270605, -0.0148757, -0.012094, -0.00900236, -0.0143847, 0.00891207, 0.000727512, 0.00632462, -0.0351795, 0.0190219, 0.0187543, 0.00659945, 0.00212697, -0.0055823, -0.0143847, 0.00891207, 0.0494091, 0.0234375, -0.0143847, 0.00891207, 0.00297635, 0.0180986, -0.015424, -0.0261964, -0.00270605, -0.0148757, 0.00212697, -0.0055823, 0.0187543, 0.00659945, -0.0351795, 0.0190219, -0.0351795, 0.0190219, -0.959387, -0.155224, -0.0351795, 0.0190219, -0.00270605, -0.0148757, -0.015424, -0.0261964, 0.00297635, 0.0180986, -0.015424, -0.0261964, -0.00732285, 0.00297968, -0.000177899, 0.0089627, 0.0032806, 0.012354, 0.0187543, 0.00659945, -0.0351795, 0.0190219, 0.000790526, -0.00096229, 0.00931153, -0.0042899, -0.0143847, 0.00891207, -0.012094, -0.00900236, -0.00270605, -0.0148757, -0.00493741, -0.00665961, 0.00212697, -0.0055823, 0.006013, -0.00271722, 0.00212697, -0.0055823, -0.00727684, -0.000656934, -0.00855314, 0.00598137, 0.000790526, -0.00096229, -0.00855314, 0.00598137, -0.00493741, -0.00665961, -0.012094, -0.00900236, 0.0429986, 0.000948631, 0.00931153, -0.0042899, -0.012094, -0.00900236, -0.00270605, -0.0148757, 0.000450619, -0.00453003, 0.006013, -0.00271722, -0.000177899, 0.0089627, 0.0187543, 0.00659945, 0.0032806, 0.012354, -0.0351795, 0.0190219, 0.000727512, 0.00632462, -0.012094, -0.00900236, 0.00297635, 0.0180986, 0.0494091, 0.0234375, -0.0143847, 0.00891207, -0.000177899, 0.0089627, 0.0655691, 0.012227, -0.000177899, 0.0089627, -0.000177899, 0.0089627, 0.0187543, 0.00659945, -0.00855314, 0.00598137, 0.0429986, 0.000948631, 0.0494091, 0.0234375, 0.0429986, 0.000948631, 0.00931153, -0.0042899, -0.00855314, 0.00598137, 0.0187543, 0.00659945, -0.000177899, 0.0089627, -0.00732285, 0.00297968, 0.00931153, -0.0042899, 0.0032806, 0.012354, -0.000177899, 0.0089627, -0.00732285, 0.00297968, 0.006013, -0.00271722, 0.00212697, -0.0055823, -0.00493741, -0.00665961, -0.012094, -0.00900236, -0.0143847, 0.00891207, 0.00931153, -0.0042899, -0.00727684, -0.000656934, 0.000790526, -0.00096229, -0.0351795, 0.0190219, 0.0187543, 0.00659945, 0.00212697, -0.0055823, -0.00270605, -0.0148757, -0.00855314, 0.00598137, 0.000727512, 0.00632462, -0.00855314, 0.00598137, -0.00493741, -0.00665961, 0.000450619, -0.00453003, -0.00493741, -0.00665961, ],[-0.00107347, -0.00932341, 0.00173432, -0.00596069, 0.000564833, -0.0165617, 0.00501899, -0.0013309, -0.00349619, -0.00422285, -0.00107347, -0.00932341, -0.000340692, -0.00640681, -0.0136529, 0.00229059, -0.000340692, -0.00640681, -0.00349619, -0.00422285, 0.00501899, -0.0013309, 0.000564833, -0.0165617, -0.0191492, 0.0020198, -0.0199903, -0.0239332, -0.0191492, 0.0020198, -0.0107477, 0.000311835, 0.0249585, 0.00302836, -0.00368118, 0.000764787, -0.00230942, -0.00175029, 0.00501899, -0.0013309, 0.0117934, -0.00706975, -0.018611, -0.0151805, 0.0493672, 0.0160407, -0.00123827, 0.0182647, -0.018611, -0.0151805, -0.00107347, -0.00932341, -0.0107477, 0.000311835, -0.00508429, -0.00326154, -0.00313925, 0.00230962, -0.0285783, 0.0243341, -0.00405218, 0.0151268, 0.00173432, -0.00596069, 0.000564833, -0.0165617, -0.018611, -0.0151805, -0.0191492, 0.0020198, -0.00313925, 0.00230962, -0.0285783, 0.0243341, 0.0249585, 0.00302836, -0.000340692, -0.00640681, -0.0191492, 0.0020198, 0.0493672, 0.0160407, -0.0191492, 0.0020198, -0.00123827, 0.0182647, -0.0199903, -0.0239332, 0.000564833, -0.0165617, -0.000340692, -0.00640681, 0.0249585, 0.00302836, -0.0285783, 0.0243341, -0.0285783, 0.0243341, -0.968414, -0.0934379, -0.0285783, 0.0243341, 0.000564833, -0.0165617, -0.0199903, -0.0239332, -0.00123827, 0.0182647, -0.0199903, -0.0239332, -0.0136529, 0.00229059, -0.00368118, 0.000764787, -0.00405218, 0.0151268, 0.0249585, 0.00302836, -0.0285783, 0.0243341, -0.00508429, -0.00326154, 0.00501899, -0.0013309, -0.0191492, 0.0020198, -0.018611, -0.0151805, 0.000564833, -0.0165617, -0.00107347, -0.00932341, -0.000340692, -0.00640681, -0.00230942, -0.00175029, -0.000340692, -0.00640681, -0.00349619, -0.00422285, -0.0107477, 0.000311835, -0.00508429, -0.00326154, -0.0107477, 0.000311835, -0.00107347, -0.00932341, -0.018611, -0.0151805, 0.0117934, -0.00706975, 0.00501899, -0.0013309, -0.018611, -0.0151805, 0.000564833, -0.0165617, 0.00173432, -0.00596069, -0.00230942, -0.00175029, -0.00368118, 0.000764787, 0.0249585, 0.00302836, -0.00405218, 0.0151268, -0.0285783, 0.0243341, -0.00313925, 0.00230962, -0.018611, -0.0151805, -0.00123827, 0.0182647, 0.0493672, 0.0160407, -0.0191492, 0.0020198, -0.00368118, 0.000764787, 0.0746252, 0.0213579, -0.00368118, 0.000764787, -0.00368118, 0.000764787, 0.0249585, 0.00302836, -0.0107477, 0.000311835, 0.0117934, -0.00706975, 0.0493672, 0.0160407, 0.0117934, -0.00706975, 0.00501899, -0.0013309, -0.0107477, 0.000311835, 0.0249585, 0.00302836, -0.00368118, 0.000764787, -0.0136529, 0.00229059, 0.00501899, -0.0013309, -0.00405218, 0.0151268, -0.00368118, 0.000764787, -0.0136529, 0.00229059, -0.00230942, -0.00175029, -0.000340692, -0.00640681, -0.00107347, -0.00932341, -0.018611, -0.0151805, -0.0191492, 0.0020198, 0.00501899, -0.0013309, -0.00349619, -0.00422285, -0.00508429, -0.00326154, -0.0285783, 0.0243341, 0.0249585, 0.00302836, -0.000340692, -0.00640681, 0.000564833, -0.0165617, -0.0107477, 0.000311835, -0.00313925, 0.00230962, -0.0107477, 0.000311835, -0.00107347, -0.00932341, 0.00173432, -0.00596069, -0.00107347, -0.00932341, ],]
##############################################################################
clock_duration  =         10177.1
tau =                     1.77436
total_steps =             32
time_step =               0.0580891
best_mc_result =          0.0205191
best_mc_result_non_secondary =          0
evolved_target_dot_squared =  0.979481
distance =          0.0236161
j_protocol =  [[0, 0, 0, 0, 0, 0, 0, 0, 0, 0, 0, 0, 0, 0, 0, 0, 0, 0, 0, 0, 0, 0, 0, 0, 0, 0, 0, 0, 0, 0, 0, 0, ],[0, 0, 0, 0, 0, 0, 0, 0, 0, 0, 0, 0, 0, 0, 0, 0, 0, 0, 0, 0, 0, 0, 0, 0, 0, 0, 0, 0, 0, 0, 0, 0, ],]
k_protocol =  [[0, 0, 0, 0, 0, 0, 0, 0, 0, 0, 0, 0, 0, 0, 0, 0, 0, 0, 0, 0, 0, 0, 0, 0, 0, 0, 0, 0, 0, 0, 0, 0, ],[0, 0, 0, 0, 0, 0, 0, 0, 0, 0, 0, 0, 0, 0, 0, 0, 0, 0, 0, 0, 0, 0, 0, 0, 0, 0, 0, 0, 0, 0, 0, 0, ],]
j_protocol_secondary =  [0.0164657, 0.427402, 0.427402, 0.796063, 0.796063, 1.2342, 1.2342, 1.39714, 1.39714, 1.57253, 1.62658, 1.6491, 1.68419, 1.77436, ]
k_protocol_secondary =  [0, 0.118626, 0.156011, 0.192787, 0.297596, 0.512286, 0.621921, 0.835072, 0.93372, 1.14593, 1.21141, 1.41042, 1.41209, 1.76446, ]
best_evolved_state = [4.6325e-05, -0.00169538, 0.00133709, -0.00534094, -0.00275288, -0.0142726, 0.00303253, -0.0059374, 0.00313787, 0.000338657, 4.6325e-05, -0.00169538, 0.00251872, -0.00794751, -0.00464116, 0.00310442, 0.00251872, -0.00794751, 0.00313787, 0.000338657, 0.00303253, -0.0059374, -0.00275288, -0.0142726, -0.00842951, 0.00165002, 0.00510836, -0.0376266, -0.00842951, 0.00165002, -0.000769006, 0.00334559, 0.00432707, 0.0128408, 0.000927912, 0.0100944, -0.000840694, -0.00701294, 0.00303253, -0.0059374, 0.00886272, -0.000189826, -0.00855305, -0.00975021, 0.0069094, 0.0352066, -0.0107908, 0.00558046, -0.00855305, -0.00975021, 4.6325e-05, -0.00169538, -0.000769006, 0.00334559, -0.00461992, -0.00784231, -0.000583949, 0.00111706, -0.0207642, -0.0219163, -0.00397558, 0.00334373, 0.00133709, -0.00534094, -0.00275288, -0.0142726, -0.00855305, -0.00975021, -0.00842951, 0.00165002, -0.000583949, 0.00111706, -0.0207642, -0.0219163, 0.00432707, 0.0128408, 0.00251872, -0.00794751, -0.00842951, 0.00165002, 0.0069094, 0.0352066, -0.00842951, 0.00165002, -0.0107908, 0.00558046, 0.00510836, -0.0376266, -0.00275288, -0.0142726, 0.00251872, -0.00794751, 0.00432707, 0.0128408, -0.0207642, -0.0219163, -0.0207642, -0.0219163, -0.251914, -0.952541, -0.0207642, -0.0219163, -0.00275288, -0.0142726, 0.00510836, -0.0376266, -0.0107908, 0.00558046, 0.00510836, -0.0376266, -0.00464116, 0.00310442, 0.000927912, 0.0100944, -0.00397558, 0.00334373, 0.00432707, 0.0128408, -0.0207642, -0.0219163, -0.00461992, -0.00784231, 0.00303253, -0.0059374, -0.00842951, 0.00165002, -0.00855305, -0.00975021, -0.00275288, -0.0142726, 4.6325e-05, -0.00169538, 0.00251872, -0.00794751, -0.000840694, -0.00701294, 0.00251872, -0.00794751, 0.00313787, 0.000338657, -0.000769006, 0.00334559, -0.00461992, -0.00784231, -0.000769006, 0.00334559, 4.6325e-05, -0.00169538, -0.00855305, -0.00975021, 0.00886272, -0.000189826, 0.00303253, -0.0059374, -0.00855305, -0.00975021, -0.00275288, -0.0142726, 0.00133709, -0.00534094, -0.000840694, -0.00701294, 0.000927912, 0.0100944, 0.00432707, 0.0128408, -0.00397558, 0.00334373, -0.0207642, -0.0219163, -0.000583949, 0.00111706, -0.00855305, -0.00975021, -0.0107908, 0.00558046, 0.0069094, 0.0352066, -0.00842951, 0.00165002, 0.000927912, 0.0100944, 0.0354991, 0.0309111, 0.000927912, 0.0100944, 0.000927912, 0.0100944, 0.00432707, 0.0128408, -0.000769006, 0.00334559, 0.00886272, -0.000189826, 0.0069094, 0.0352066, 0.00886272, -0.000189826, 0.00303253, -0.0059374, -0.000769006, 0.00334559, 0.00432707, 0.0128408, 0.000927912, 0.0100944, -0.00464116, 0.00310442, 0.00303253, -0.0059374, -0.00397558, 0.00334373, 0.000927912, 0.0100944, -0.00464116, 0.00310442, -0.000840694, -0.00701294, 0.00251872, -0.00794751, 4.6325e-05, -0.00169538, -0.00855305, -0.00975021, -0.00842951, 0.00165002, 0.00303253, -0.0059374, 0.00313787, 0.000338657, -0.00461992, -0.00784231, -0.0207642, -0.0219163, 0.00432707, 0.0128408, 0.00251872, -0.00794751, -0.00275288, -0.0142726, -0.000769006, 0.00334559, -0.000583949, 0.00111706, -0.000769006, 0.00334559, 4.6325e-05, -0.00169538, 0.00133709, -0.00534094, 4.6325e-05, -0.00169538, ]
best_mc_result_fixed_tau =   [0.0231532, 0.0258376, ]
evolved_state_fixed_tau =   [[-0.000381129, -0.00532105, 0.00363225, -0.00559997, 0.00461148, -0.0178882, 0.0057012, 7.81254e-05, 2.9254e-05, -0.00335537, -0.000381129, -0.00532105, 0.00560677, -0.004424, -0.0062668, 0.00212714, 0.00560677, -0.004424, 2.9254e-05, -0.00335537, 0.0057012, 7.81254e-05, 0.00461148, -0.0178882, -0.0139601, -0.00559442, 0.0119635, -0.0201377, -0.0139601, -0.00559442, -0.0059397, 0.00102374, -0.00265698, 0.0085129, -0.0110877, 0.00643536, 0.00172081, 1.44758e-05, 0.0057012, 7.81254e-05, -0.0176856, 0.00499105, -0.0045751, -0.012565, -0.0242182, 0.0284532, -0.00869873, -0.00488412, -0.0045751, -0.012565, -0.000381129, -0.00532105, -0.0059397, 0.00102374, -0.00336312, -0.00438037, -0.00454955, 0.00280798, 0.00395427, -0.0319693, -0.00635542, 0.00758577, 0.00363225, -0.00559997, 0.00461148, -0.0178882, -0.0045751, -0.012565, -0.0139601, -0.00559442, -0.00454955, 0.00280798, 0.00395427, -0.0319693, -0.00265698, 0.0085129, 0.00560677, -0.004424, -0.0139601, -0.00559442, -0.0242182, 0.0284532, -0.0139601, -0.00559442, -0.00869873, -0.00488412, 0.0119635, -0.0201377, 0.00461148, -0.0178882, 0.00560677, -0.004424, -0.00265698, 0.0085129, 0.00395427, -0.0319693, 0.00395427, -0.0319693, 0.655952, -0.734403, 0.00395427, -0.0319693, 0.00461148, -0.0178882, 0.0119635, -0.0201377, -0.00869873, -0.00488412, 0.0119635, -0.0201377, -0.0062668, 0.00212714, -0.0110877, 0.00643536, -0.00635542, 0.00758577, -0.00265698, 0.0085129, 0.00395427, -0.0319693, -0.00336312, -0.00438037, 0.0057012, 7.81254e-05, -0.0139601, -0.00559442, -0.0045751, -0.012565, 0.00461148, -0.0178882, -0.000381129, -0.00532105, 0.00560677, -0.004424, 0.00172081, 1.44758e-05, 0.00560677, -0.004424, 2.9254e-05, -0.00335537, -0.0059397, 0.00102374, -0.00336312, -0.00438037, -0.0059397, 0.00102374, -0.000381129, -0.00532105, -0.0045751, -0.012565, -0.0176856, 0.00499105, 0.0057012, 7.81254e-05, -0.0045751, -0.012565, 0.00461148, -0.0178882, 0.00363225, -0.00559997, 0.00172081, 1.44758e-05, -0.0110877, 0.00643536, -0.00265698, 0.0085129, -0.00635542, 0.00758577, 0.00395427, -0.0319693, -0.00454955, 0.00280798, -0.0045751, -0.012565, -0.00869873, -0.00488412, -0.0242182, 0.0284532, -0.0139601, -0.00559442, -0.0110877, 0.00643536, 0.0113702, 0.0477015, -0.0110877, 0.00643536, -0.0110877, 0.00643536, -0.00265698, 0.0085129, -0.0059397, 0.00102374, -0.0176856, 0.00499105, -0.0242182, 0.0284532, -0.0176856, 0.00499105, 0.0057012, 7.81254e-05, -0.0059397, 0.00102374, -0.00265698, 0.0085129, -0.0110877, 0.00643536, -0.0062668, 0.00212714, 0.0057012, 7.81254e-05, -0.00635542, 0.00758577, -0.0110877, 0.00643536, -0.0062668, 0.00212714, 0.00172081, 1.44758e-05, 0.00560677, -0.004424, -0.000381129, -0.00532105, -0.0045751, -0.012565, -0.0139601, -0.00559442, 0.0057012, 7.81254e-05, 2.9254e-05, -0.00335537, -0.00336312, -0.00438037, 0.00395427, -0.0319693, -0.00265698, 0.0085129, 0.00560677, -0.004424, 0.00461148, -0.0178882, -0.0059397, 0.00102374, -0.00454955, 0.00280798, -0.0059397, 0.00102374, -0.000381129, -0.00532105, 0.00363225, -0.00559997, -0.000381129, -0.00532105, ],[-0.00129952, -0.00603669, 0.0038063, -0.00594251, 0.00199798, -0.0159354, 0.00402253, -0.00225203, -0.00157121, -0.00518534, -0.00129952, -0.00603669, 0.00476039, -0.00740871, -0.00651854, 0.000396469, 0.00476039, -0.00740871, -0.00157121, -0.00518534, 0.00402253, -0.00225203, 0.00199798, -0.0159354, -0.0161923, -0.00531456, 0.0269527, 0.00268049, -0.0161923, -0.00531456, -0.00531409, -0.000952949, -0.000544309, 0.00907024, -0.0112322, 0.00413705, 0.000385836, -0.002194, 0.00402253, -0.00225203, -0.0263929, -0.00968502, -0.00659515, -0.0172177, -0.0223409, 0.0276552, -0.0146747, -0.0063683, -0.00659515, -0.0172177, -0.00129952, -0.00603669, -0.00531409, -0.000952949, -0.0030602, -0.00480307, -0.00368277, 0.00196689, 0.0103785, -0.0144505, -0.00592126, 0.00820975, 0.0038063, -0.00594251, 0.00199798, -0.0159354, -0.00659515, -0.0172177, -0.0161923, -0.00531456, -0.00368277, 0.00196689, 0.0103785, -0.0144505, -0.000544309, 0.00907024, 0.00476039, -0.00740871, -0.0161923, -0.00531456, -0.0223409, 0.0276552, -0.0161923, -0.00531456, -0.0146747, -0.0063683, 0.0269527, 0.00268049, 0.00199798, -0.0159354, 0.00476039, -0.00740871, -0.000544309, 0.00907024, 0.0103785, -0.0144505, 0.0103785, -0.0144505, 0.610686, -0.773561, 0.0103785, -0.0144505, 0.00199798, -0.0159354, 0.0269527, 0.00268049, -0.0146747, -0.0063683, 0.0269527, 0.00268049, -0.00651854, 0.000396469, -0.0112322, 0.00413705, -0.00592126, 0.00820975, -0.000544309, 0.00907024, 0.0103785, -0.0144505, -0.0030602, -0.00480307, 0.00402253, -0.00225203, -0.0161923, -0.00531456, -0.00659515, -0.0172177, 0.00199798, -0.0159354, -0.00129952, -0.00603669, 0.00476039, -0.00740871, 0.000385836, -0.002194, 0.00476039, -0.00740871, -0.00157121, -0.00518534, -0.00531409, -0.000952949, -0.0030602, -0.00480307, -0.00531409, -0.000952949, -0.00129952, -0.00603669, -0.00659515, -0.0172177, -0.0263929, -0.00968502, 0.00402253, -0.00225203, -0.00659515, -0.0172177, 0.00199798, -0.0159354, 0.0038063, -0.00594251, 0.000385836, -0.002194, -0.0112322, 0.00413705, -0.000544309, 0.00907024, -0.00592126, 0.00820975, 0.0103785, -0.0144505, -0.00368277, 0.00196689, -0.00659515, -0.0172177, -0.0146747, -0.0063683, -0.0223409, 0.0276552, -0.0161923, -0.00531456, -0.0112322, 0.00413705, 0.0125132, 0.0494299, -0.0112322, 0.00413705, -0.0112322, 0.00413705, -0.000544309, 0.00907024, -0.00531409, -0.000952949, -0.0263929, -0.00968502, -0.0223409, 0.0276552, -0.0263929, -0.00968502, 0.00402253, -0.00225203, -0.00531409, -0.000952949, -0.000544309, 0.00907024, -0.0112322, 0.00413705, -0.00651854, 0.000396469, 0.00402253, -0.00225203, -0.00592126, 0.00820975, -0.0112322, 0.00413705, -0.00651854, 0.000396469, 0.000385836, -0.002194, 0.00476039, -0.00740871, -0.00129952, -0.00603669, -0.00659515, -0.0172177, -0.0161923, -0.00531456, 0.00402253, -0.00225203, -0.00157121, -0.00518534, -0.0030602, -0.00480307, 0.0103785, -0.0144505, -0.000544309, 0.00907024, 0.00476039, -0.00740871, 0.00199798, -0.0159354, -0.00531409, -0.000952949, -0.00368277, 0.00196689, -0.00531409, -0.000952949, -0.00129952, -0.00603669, 0.0038063, -0.00594251, -0.00129952, -0.00603669, ],]
##############################################################################
clock_duration  =         19088.8
tau =                     1.77568
total_steps =             32
time_step =               0.0580891
best_mc_result =          0.0199129
best_mc_result_non_secondary =          0
evolved_target_dot_squared =  0.980087
distance =          0.0229184
j_protocol =  [[0, 0, 0, 0, 0, 0, 0, 0, 0, 0, 0, 0, 0, 0, 0, 0, 0, 0, 0, 0, 0, 0, 0, 0, 0, 0, 0, 0, 0, 0, 0, 0, ],[0, 0, 0, 0, 0, 0, 0, 0, 0, 0, 0, 0, 0, 0, 0, 0, 0, 0, 0, 0, 0, 0, 0, 0, 0, 0, 0, 0, 0, 0, 0, 0, ],]
k_protocol =  [[0, 0, 0, 0, 0, 0, 0, 0, 0, 0, 0, 0, 0, 0, 0, 0, 0, 0, 0, 0, 0, 0, 0, 0, 0, 0, 0, 0, 0, 0, 0, 0, ],[0, 0, 0, 0, 0, 0, 0, 0, 0, 0, 0, 0, 0, 0, 0, 0, 0, 0, 0, 0, 0, 0, 0, 0, 0, 0, 0, 0, 0, 0, 0, 0, ],]
j_protocol_secondary =  [0.0149206, 0.42772, 0.42772, 0.796655, 0.796655, 1.23512, 1.23512, 1.39818, 1.39818, 1.58408, 1.63949, 1.63949, 1.67177, 1.77568, ]
k_protocol_secondary =  [0, 0.127193, 0.162291, 0.189754, 0.29663, 0.515855, 0.627122, 0.839128, 0.935351, 1.14265, 1.20883, 1.4105, 1.41172, 1.76672, ]
best_evolved_state = [0.000395424, -0.00125288, 0.00147808, -0.00537353, -0.00227394, -0.0145572, 0.00285744, -0.00590689, 0.00379418, 0.000803126, 0.000395424, -0.00125288, 0.00251658, -0.00796543, -0.00484901, 0.00341413, 0.00251658, -0.00796543, 0.00379418, 0.000803126, 0.00285744, -0.00590689, -0.00227394, -0.0145572, -0.00801808, 0.00115607, 0.00615123, -0.0373577, -0.00801808, 0.00115607, -0.000480543, 0.00329124, 0.00372743, 0.0124384, 0.000863736, 0.0101838, -0.00148866, -0.00713099, 0.00285744, -0.00590689, 0.00815072, 0.00012772, -0.00877326, -0.00940433, 0.00547938, 0.034679, -0.0109711, 0.00517952, -0.00877326, -0.00940433, 0.000395424, -0.00125288, -0.000480543, 0.00329124, -0.00510232, -0.00843321, -0.000777068, 0.000746487, -0.0189481, -0.0233263, -0.00447749, 0.00288749, 0.00147808, -0.00537353, -0.00227394, -0.0145572, -0.00877326, -0.00940433, -0.00801808, 0.00115607, -0.000777068, 0.000746487, -0.0189481, -0.0233263, 0.00372743, 0.0124384, 0.00251658, -0.00796543, -0.00801808, 0.00115607, 0.00547938, 0.034679, -0.00801808, 0.00115607, -0.0109711, 0.00517952, 0.00615123, -0.0373577, -0.00227394, -0.0145572, 0.00251658, -0.00796543, 0.00372743, 0.0124384, -0.0189481, -0.0233263, -0.0189481, -0.0233263, -0.209985, -0.962885, -0.0189481, -0.0233263, -0.00227394, -0.0145572, 0.00615123, -0.0373577, -0.0109711, 0.00517952, 0.00615123, -0.0373577, -0.00484901, 0.00341413, 0.000863736, 0.0101838, -0.00447749, 0.00288749, 0.00372743, 0.0124384, -0.0189481, -0.0233263, -0.00510232, -0.00843321, 0.00285744, -0.00590689, -0.00801808, 0.00115607, -0.00877326, -0.00940433, -0.00227394, -0.0145572, 0.000395424, -0.00125288, 0.00251658, -0.00796543, -0.00148866, -0.00713099, 0.00251658, -0.00796543, 0.00379418, 0.000803126, -0.000480543, 0.00329124, -0.00510232, -0.00843321, -0.000480543, 0.00329124, 0.000395424, -0.00125288, -0.00877326, -0.00940433, 0.00815072, 0.00012772, 0.00285744, -0.00590689, -0.00877326, -0.00940433, -0.00227394, -0.0145572, 0.00147808, -0.00537353, -0.00148866, -0.00713099, 0.000863736, 0.0101838, 0.00372743, 0.0124384, -0.00447749, 0.00288749, -0.0189481, -0.0233263, -0.000777068, 0.000746487, -0.00877326, -0.00940433, -0.0109711, 0.00517952, 0.00547938, 0.034679, -0.00801808, 0.00115607, 0.000863736, 0.0101838, 0.0347315, 0.0314541, 0.000863736, 0.0101838, 0.000863736, 0.0101838, 0.00372743, 0.0124384, -0.000480543, 0.00329124, 0.00815072, 0.00012772, 0.00547938, 0.034679, 0.00815072, 0.00012772, 0.00285744, -0.00590689, -0.000480543, 0.00329124, 0.00372743, 0.0124384, 0.000863736, 0.0101838, -0.00484901, 0.00341413, 0.00285744, -0.00590689, -0.00447749, 0.00288749, 0.000863736, 0.0101838, -0.00484901, 0.00341413, -0.00148866, -0.00713099, 0.00251658, -0.00796543, 0.000395424, -0.00125288, -0.00877326, -0.00940433, -0.00801808, 0.00115607, 0.00285744, -0.00590689, 0.00379418, 0.000803126, -0.00510232, -0.00843321, -0.0189481, -0.0233263, 0.00372743, 0.0124384, 0.00251658, -0.00796543, -0.00227394, -0.0145572, -0.000480543, 0.00329124, -0.000777068, 0.000746487, -0.000480543, 0.00329124, 0.000395424, -0.00125288, 0.00147808, -0.00537353, 0.000395424, -0.00125288, ]
best_mc_result_fixed_tau =   [0.0231532, 0.0258376, ]
evolved_state_fixed_tau =   [[-0.000381129, -0.00532105, 0.00363225, -0.00559997, 0.00461148, -0.0178882, 0.0057012, 7.81254e-05, 2.9254e-05, -0.00335537, -0.000381129, -0.00532105, 0.00560677, -0.004424, -0.0062668, 0.00212714, 0.00560677, -0.004424, 2.9254e-05, -0.00335537, 0.0057012, 7.81254e-05, 0.00461148, -0.0178882, -0.0139601, -0.00559442, 0.0119635, -0.0201377, -0.0139601, -0.00559442, -0.0059397, 0.00102374, -0.00265698, 0.0085129, -0.0110877, 0.00643536, 0.00172081, 1.44758e-05, 0.0057012, 7.81254e-05, -0.0176856, 0.00499105, -0.0045751, -0.012565, -0.0242182, 0.0284532, -0.00869873, -0.00488412, -0.0045751, -0.012565, -0.000381129, -0.00532105, -0.0059397, 0.00102374, -0.00336312, -0.00438037, -0.00454955, 0.00280798, 0.00395427, -0.0319693, -0.00635542, 0.00758577, 0.00363225, -0.00559997, 0.00461148, -0.0178882, -0.0045751, -0.012565, -0.0139601, -0.00559442, -0.00454955, 0.00280798, 0.00395427, -0.0319693, -0.00265698, 0.0085129, 0.00560677, -0.004424, -0.0139601, -0.00559442, -0.0242182, 0.0284532, -0.0139601, -0.00559442, -0.00869873, -0.00488412, 0.0119635, -0.0201377, 0.00461148, -0.0178882, 0.00560677, -0.004424, -0.00265698, 0.0085129, 0.00395427, -0.0319693, 0.00395427, -0.0319693, 0.655952, -0.734403, 0.00395427, -0.0319693, 0.00461148, -0.0178882, 0.0119635, -0.0201377, -0.00869873, -0.00488412, 0.0119635, -0.0201377, -0.0062668, 0.00212714, -0.0110877, 0.00643536, -0.00635542, 0.00758577, -0.00265698, 0.0085129, 0.00395427, -0.0319693, -0.00336312, -0.00438037, 0.0057012, 7.81254e-05, -0.0139601, -0.00559442, -0.0045751, -0.012565, 0.00461148, -0.0178882, -0.000381129, -0.00532105, 0.00560677, -0.004424, 0.00172081, 1.44758e-05, 0.00560677, -0.004424, 2.9254e-05, -0.00335537, -0.0059397, 0.00102374, -0.00336312, -0.00438037, -0.0059397, 0.00102374, -0.000381129, -0.00532105, -0.0045751, -0.012565, -0.0176856, 0.00499105, 0.0057012, 7.81254e-05, -0.0045751, -0.012565, 0.00461148, -0.0178882, 0.00363225, -0.00559997, 0.00172081, 1.44758e-05, -0.0110877, 0.00643536, -0.00265698, 0.0085129, -0.00635542, 0.00758577, 0.00395427, -0.0319693, -0.00454955, 0.00280798, -0.0045751, -0.012565, -0.00869873, -0.00488412, -0.0242182, 0.0284532, -0.0139601, -0.00559442, -0.0110877, 0.00643536, 0.0113702, 0.0477015, -0.0110877, 0.00643536, -0.0110877, 0.00643536, -0.00265698, 0.0085129, -0.0059397, 0.00102374, -0.0176856, 0.00499105, -0.0242182, 0.0284532, -0.0176856, 0.00499105, 0.0057012, 7.81254e-05, -0.0059397, 0.00102374, -0.00265698, 0.0085129, -0.0110877, 0.00643536, -0.0062668, 0.00212714, 0.0057012, 7.81254e-05, -0.00635542, 0.00758577, -0.0110877, 0.00643536, -0.0062668, 0.00212714, 0.00172081, 1.44758e-05, 0.00560677, -0.004424, -0.000381129, -0.00532105, -0.0045751, -0.012565, -0.0139601, -0.00559442, 0.0057012, 7.81254e-05, 2.9254e-05, -0.00335537, -0.00336312, -0.00438037, 0.00395427, -0.0319693, -0.00265698, 0.0085129, 0.00560677, -0.004424, 0.00461148, -0.0178882, -0.0059397, 0.00102374, -0.00454955, 0.00280798, -0.0059397, 0.00102374, -0.000381129, -0.00532105, 0.00363225, -0.00559997, -0.000381129, -0.00532105, ],[-0.00129952, -0.00603669, 0.0038063, -0.00594251, 0.00199798, -0.0159354, 0.00402253, -0.00225203, -0.00157121, -0.00518534, -0.00129952, -0.00603669, 0.00476039, -0.00740871, -0.00651854, 0.000396469, 0.00476039, -0.00740871, -0.00157121, -0.00518534, 0.00402253, -0.00225203, 0.00199798, -0.0159354, -0.0161923, -0.00531456, 0.0269527, 0.00268049, -0.0161923, -0.00531456, -0.00531409, -0.000952949, -0.000544309, 0.00907024, -0.0112322, 0.00413705, 0.000385836, -0.002194, 0.00402253, -0.00225203, -0.0263929, -0.00968502, -0.00659515, -0.0172177, -0.0223409, 0.0276552, -0.0146747, -0.0063683, -0.00659515, -0.0172177, -0.00129952, -0.00603669, -0.00531409, -0.000952949, -0.0030602, -0.00480307, -0.00368277, 0.00196689, 0.0103785, -0.0144505, -0.00592126, 0.00820975, 0.0038063, -0.00594251, 0.00199798, -0.0159354, -0.00659515, -0.0172177, -0.0161923, -0.00531456, -0.00368277, 0.00196689, 0.0103785, -0.0144505, -0.000544309, 0.00907024, 0.00476039, -0.00740871, -0.0161923, -0.00531456, -0.0223409, 0.0276552, -0.0161923, -0.00531456, -0.0146747, -0.0063683, 0.0269527, 0.00268049, 0.00199798, -0.0159354, 0.00476039, -0.00740871, -0.000544309, 0.00907024, 0.0103785, -0.0144505, 0.0103785, -0.0144505, 0.610686, -0.773561, 0.0103785, -0.0144505, 0.00199798, -0.0159354, 0.0269527, 0.00268049, -0.0146747, -0.0063683, 0.0269527, 0.00268049, -0.00651854, 0.000396469, -0.0112322, 0.00413705, -0.00592126, 0.00820975, -0.000544309, 0.00907024, 0.0103785, -0.0144505, -0.0030602, -0.00480307, 0.00402253, -0.00225203, -0.0161923, -0.00531456, -0.00659515, -0.0172177, 0.00199798, -0.0159354, -0.00129952, -0.00603669, 0.00476039, -0.00740871, 0.000385836, -0.002194, 0.00476039, -0.00740871, -0.00157121, -0.00518534, -0.00531409, -0.000952949, -0.0030602, -0.00480307, -0.00531409, -0.000952949, -0.00129952, -0.00603669, -0.00659515, -0.0172177, -0.0263929, -0.00968502, 0.00402253, -0.00225203, -0.00659515, -0.0172177, 0.00199798, -0.0159354, 0.0038063, -0.00594251, 0.000385836, -0.002194, -0.0112322, 0.00413705, -0.000544309, 0.00907024, -0.00592126, 0.00820975, 0.0103785, -0.0144505, -0.00368277, 0.00196689, -0.00659515, -0.0172177, -0.0146747, -0.0063683, -0.0223409, 0.0276552, -0.0161923, -0.00531456, -0.0112322, 0.00413705, 0.0125132, 0.0494299, -0.0112322, 0.00413705, -0.0112322, 0.00413705, -0.000544309, 0.00907024, -0.00531409, -0.000952949, -0.0263929, -0.00968502, -0.0223409, 0.0276552, -0.0263929, -0.00968502, 0.00402253, -0.00225203, -0.00531409, -0.000952949, -0.000544309, 0.00907024, -0.0112322, 0.00413705, -0.00651854, 0.000396469, 0.00402253, -0.00225203, -0.00592126, 0.00820975, -0.0112322, 0.00413705, -0.00651854, 0.000396469, 0.000385836, -0.002194, 0.00476039, -0.00740871, -0.00129952, -0.00603669, -0.00659515, -0.0172177, -0.0161923, -0.00531456, 0.00402253, -0.00225203, -0.00157121, -0.00518534, -0.0030602, -0.00480307, 0.0103785, -0.0144505, -0.000544309, 0.00907024, 0.00476039, -0.00740871, 0.00199798, -0.0159354, -0.00531409, -0.000952949, -0.00368277, 0.00196689, -0.00531409, -0.000952949, -0.00129952, -0.00603669, 0.0038063, -0.00594251, -0.00129952, -0.00603669, ],]
