START_PARAMETERS
MAX_STEPS_MCDB =               32
MIN_STEPS_MCDB =               4
STEPS_CRUNCH_MCDB =            1
SWEEPS_MCDB =                  120
TOTAL_STEP_CHANGES =                  6
MCBB_SECONDARY =                  1
SWEEPS_MCBB_SECONDARY =                  250
NUMBER_OF_BANGS =                  8
GROUND_E =                -7.1221
INITIAL_E =               -6.31342
j_initial =               0.087
k_initial =               0.5
b_initial =               0
j_target =                0.563
k_target =                0.5
b_target =                0
init_target_dot_squared = 0.742538
init_state = [1.68123e-06, 0, 2.70311e-05, 0, 0.000670425, 0, 4.59092e-05, 0, 1.97704e-06, 0, 1.68123e-06, 0, 4.52872e-05, 0, 4.34093e-06, 0, 4.52872e-05, 0, 1.97704e-06, 0, 4.59092e-05, 0, 0.000670425, 0, 0.000673692, 0, 0.0173567, 0, 0.000673692, 0, 3.68751e-05, 0, 0.0012587, 0, 5.91454e-05, 0, 5.55386e-06, 0, 4.59092e-05, 0, 4.14925e-05, 0, 8.79175e-05, 0, 0.000253335, 0, 0.00201274, 0, 8.79175e-05, 0, 1.68123e-06, 0, 3.68751e-05, 0, 0.000837349, 0, 0.000838859, 0, 0.0288756, 0, 0.000837992, 0, 2.70311e-05, 0, 0.000670425, 0, 8.79175e-05, 0, 0.000673692, 0, 0.000838859, 0, 0.0288756, 0, 0.0012587, 0, 4.52872e-05, 0, 0.000673692, 0, 0.000253335, 0, 0.000673692, 0, 0.00201274, 0, 0.0173567, 0, 0.000670425, 0, 4.52872e-05, 0, 0.0012587, 0, 0.0288756, 0, 0.0288756, 0, 0.996032, 0, 0.0288756, 0, 0.000670425, 0, 0.0173567, 0, 0.00201274, 0, 0.0173567, 0, 4.34093e-06, 0, 5.91454e-05, 0, 0.000837992, 0, 0.0012587, 0, 0.0288756, 0, 0.000837349, 0, 4.59092e-05, 0, 0.000673692, 0, 8.79175e-05, 0, 0.000670425, 0, 1.68123e-06, 0, 4.52872e-05, 0, 5.55386e-06, 0, 4.52872e-05, 0, 1.97704e-06, 0, 3.68751e-05, 0, 0.000837349, 0, 3.68751e-05, 0, 1.68123e-06, 0, 8.79175e-05, 0, 4.14925e-05, 0, 4.59092e-05, 0, 8.79175e-05, 0, 0.000670425, 0, 2.70311e-05, 0, 5.55386e-06, 0, 5.91454e-05, 0, 0.0012587, 0, 0.000837992, 0, 0.0288756, 0, 0.000838859, 0, 8.79175e-05, 0, 0.00201274, 0, 0.000253335, 0, 0.000673692, 0, 5.91454e-05, 0, 1.02242e-05, 0, 5.91454e-05, 0, 5.91454e-05, 0, 0.0012587, 0, 3.68751e-05, 0, 4.14925e-05, 0, 0.000253335, 0, 4.14925e-05, 0, 4.59092e-05, 0, 3.68751e-05, 0, 0.0012587, 0, 5.91454e-05, 0, 4.34093e-06, 0, 4.59092e-05, 0, 0.000837992, 0, 5.91454e-05, 0, 4.34093e-06, 0, 5.55386e-06, 0, 4.52872e-05, 0, 1.68123e-06, 0, 8.79175e-05, 0, 0.000673692, 0, 4.59092e-05, 0, 1.97704e-06, 0, 0.000837349, 0, 0.0288756, 0, 0.0012587, 0, 4.52872e-05, 0, 0.000670425, 0, 3.68751e-05, 0, 0.000838859, 0, 3.68751e-05, 0, 1.68123e-06, 0, 2.70311e-05, 0, 1.68123e-06, 0, ]
target_state = [-0.00263181, 0, -0.0059015, 0, -0.0243101, 0, -0.0146084, 0, -0.00319291, 0, -0.00263181, 0, -0.0112584, 0, -0.00706565, 0, -0.0112584, 0, -0.00319291, 0, -0.0146084, 0, -0.0243101, 0, -0.0283899, 0, -0.0986235, 0, -0.0283899, 0, -0.010874, 0, -0.0485951, 0, -0.0188243, 0, -0.0082393, 0, -0.0146084, 0, -0.0446675, 0, -0.0220319, 0, -0.0575125, 0, -0.0732639, 0, -0.0220319, 0, -0.00263181, 0, -0.010874, 0, -0.0297244, 0, -0.031254, 0, -0.155105, 0, -0.0309813, 0, -0.0059015, 0, -0.0243101, 0, -0.0220319, 0, -0.0283899, 0, -0.031254, 0, -0.155105, 0, -0.0485951, 0, -0.0112584, 0, -0.0283899, 0, -0.0575125, 0, -0.0283899, 0, -0.0732639, 0, -0.0986235, 0, -0.0243101, 0, -0.0112584, 0, -0.0485951, 0, -0.155105, 0, -0.155105, 0, -0.820511, 0, -0.155105, 0, -0.0243101, 0, -0.0986235, 0, -0.0732639, 0, -0.0986235, 0, -0.00706565, 0, -0.0188243, 0, -0.0309813, 0, -0.0485951, 0, -0.155105, 0, -0.0297244, 0, -0.0146084, 0, -0.0283899, 0, -0.0220319, 0, -0.0243101, 0, -0.00263181, 0, -0.0112584, 0, -0.0082393, 0, -0.0112584, 0, -0.00319291, 0, -0.010874, 0, -0.0297244, 0, -0.010874, 0, -0.00263181, 0, -0.0220319, 0, -0.0446675, 0, -0.0146084, 0, -0.0220319, 0, -0.0243101, 0, -0.0059015, 0, -0.0082393, 0, -0.0188243, 0, -0.0485951, 0, -0.0309813, 0, -0.155105, 0, -0.031254, 0, -0.0220319, 0, -0.0732639, 0, -0.0575125, 0, -0.0283899, 0, -0.0188243, 0, -0.0165527, 0, -0.0188243, 0, -0.0188243, 0, -0.0485951, 0, -0.010874, 0, -0.0446675, 0, -0.0575125, 0, -0.0446675, 0, -0.0146084, 0, -0.010874, 0, -0.0485951, 0, -0.0188243, 0, -0.00706565, 0, -0.0146084, 0, -0.0309813, 0, -0.0188243, 0, -0.00706565, 0, -0.0082393, 0, -0.0112584, 0, -0.00263181, 0, -0.0220319, 0, -0.0283899, 0, -0.0146084, 0, -0.00319291, 0, -0.0297244, 0, -0.155105, 0, -0.0485951, 0, -0.0112584, 0, -0.0243101, 0, -0.010874, 0, -0.031254, 0, -0.010874, 0, -0.00263181, 0, -0.0059015, 0, -0.00263181, 0, ]
USE_ENERGY_DISTANCE =     false
PERIODIC =                false
UNIFORM_SITES =           true
DEVICE_DIMENSION =        2
MAX_PARAM =               1
MIN_PARAM =               0
MIN_PARAM =               0
DIAG =                    true
NUM_SEEDS =               2
NUMBER_OF_BANGS =               8
DISTANCE_LIMIT =          0.02
TAU_INIT =                0.7
MAX_TAU =                 5
TAU_SCALAR =              1.2
TAU_SCALAR_TINY =         1.1
TAU_SCALAR_BIG =          1.3
ACCEPTANCE_PROB =         0.85
TEMP_EXP_DECAY =          0.8
MIN_TEMP_FRACTION =       0.01
TEMP_DECAY_ITERATIONS =   21
ZERO_TEMP_ITREATIONS =    20
RANDOM_STATES =           3
END_PARAMETERS
##############################################################################
clock_duration  =         875.043
tau =                     0.7
total_steps =             32
time_step =               0.021875
best_mc_result =          0.0347408
best_mc_result_non_secondary =          0.0381831
evolved_target_dot_squared =  0.965259
distance =          0.134936
j_protocol =  [[1, 1, 1, 1, 0, 0, 0, 0, 1, 1, 1, 1, 0, 0, 0, 0, 1, 1, 1, 1, 1, 1, 0, 0, 1, 1, 1, 1, 1, 1, 0, 0, ],[1, 1, 1, 1, 0, 0, 0, 0, 1, 1, 1, 1, 0, 0, 0, 0, 1, 1, 1, 1, 1, 1, 0, 0, 1, 1, 1, 1, 1, 1, 0, 0, ],]
k_protocol =  [[1, 1, 1, 1, 1, 1, 1, 1, 1, 1, 1, 1, 1, 1, 1, 1, 1, 1, 1, 1, 0, 0, 1, 1, 1, 1, 1, 1, 1, 1, 1, 1, ],[1, 1, 1, 1, 1, 1, 1, 1, 1, 1, 1, 1, 1, 1, 1, 1, 1, 1, 1, 1, 0, 0, 1, 1, 1, 1, 1, 1, 1, 1, 1, 1, ],]
j_protocol_secondary =  [0, 0.0776479, 0.183928, 0.273676, 0.288002, 0.299476, 0.349985, 0.482368, 0.513473, 0.610338, 0.610338, 0.631346, 0.631346, 0.666896, 0.7, 0.7, ]
k_protocol_secondary =  [0.00697412, 0.294556, 0.294556, 0.3427, 0.3427, 0.377867, 0.377867, 0.4375, 0.4375, 0.468901, 0.468901, 0.552814, 0.552814, 0.644372, 0.644372, 0.7, ]
best_evolved_state = [-0.00041214, 0.0003875, -0.0029605, -0.000374307, -0.0198099, 0.0076476, -0.00600081, -0.00243094, -0.000771084, 0.000576533, -0.00041214, 0.0003875, -0.00829623, 0.000272001, -0.0049275, -4.15254e-08, -0.00829623, 0.000272001, -0.000771084, 0.000576533, -0.00600081, -0.00243094, -0.0198099, 0.0076476, -0.0247734, 0.00556121, -0.0800512, 0.0563786, -0.0247734, 0.00556121, -0.00620173, 0.00134271, -0.0412327, 0.0190601, -0.0141316, -0.00198581, -0.00693544, 0.00193695, -0.00600081, -0.00243094, -0.00809519, -0.032607, -0.0097073, 0.00367235, -0.0443409, -0.0118045, -0.0503435, 0.0177508, -0.0097073, 0.00367235, -0.00041214, 0.0003875, -0.00620173, 0.00134271, -0.0192236, 0.0190639, -0.0209638, 0.0153515, -0.117688, 0.0887626, -0.0206231, 0.0177612, -0.0029605, -0.000374307, -0.0198099, 0.0076476, -0.0097073, 0.00367235, -0.0247734, 0.00556121, -0.0209638, 0.0153515, -0.117688, 0.0887626, -0.0412327, 0.0190601, -0.00829623, 0.000272001, -0.0247734, 0.00556121, -0.0443409, -0.0118045, -0.0247734, 0.00556121, -0.0503435, 0.0177508, -0.0800512, 0.0563786, -0.0198099, 0.0076476, -0.00829623, 0.000272001, -0.0412327, 0.0190601, -0.117688, 0.0887626, -0.117688, 0.0887626, -0.726796, 0.443947, -0.117688, 0.0887626, -0.0198099, 0.0076476, -0.0800512, 0.0563786, -0.0503435, 0.0177508, -0.0800512, 0.0563786, -0.0049275, -4.15254e-08, -0.0141316, -0.00198581, -0.0206231, 0.0177612, -0.0412327, 0.0190601, -0.117688, 0.0887626, -0.0192236, 0.0190639, -0.00600081, -0.00243094, -0.0247734, 0.00556121, -0.0097073, 0.00367235, -0.0198099, 0.0076476, -0.00041214, 0.0003875, -0.00829623, 0.000272001, -0.00693544, 0.00193695, -0.00829623, 0.000272001, -0.000771084, 0.000576533, -0.00620173, 0.00134271, -0.0192236, 0.0190639, -0.00620173, 0.00134271, -0.00041214, 0.0003875, -0.0097073, 0.00367235, -0.00809519, -0.032607, -0.00600081, -0.00243094, -0.0097073, 0.00367235, -0.0198099, 0.0076476, -0.0029605, -0.000374307, -0.00693544, 0.00193695, -0.0141316, -0.00198581, -0.0412327, 0.0190601, -0.0206231, 0.0177612, -0.117688, 0.0887626, -0.0209638, 0.0153515, -0.0097073, 0.00367235, -0.0503435, 0.0177508, -0.0443409, -0.0118045, -0.0247734, 0.00556121, -0.0141316, -0.00198581, -0.0103463, -0.0119705, -0.0141316, -0.00198581, -0.0141316, -0.00198581, -0.0412327, 0.0190601, -0.00620173, 0.00134271, -0.00809519, -0.032607, -0.0443409, -0.0118045, -0.00809519, -0.032607, -0.00600081, -0.00243094, -0.00620173, 0.00134271, -0.0412327, 0.0190601, -0.0141316, -0.00198581, -0.0049275, -4.15254e-08, -0.00600081, -0.00243094, -0.0206231, 0.0177612, -0.0141316, -0.00198581, -0.0049275, -4.15254e-08, -0.00693544, 0.00193695, -0.00829623, 0.000272001, -0.00041214, 0.0003875, -0.0097073, 0.00367235, -0.0247734, 0.00556121, -0.00600081, -0.00243094, -0.000771084, 0.000576533, -0.0192236, 0.0190639, -0.117688, 0.0887626, -0.0412327, 0.0190601, -0.00829623, 0.000272001, -0.0198099, 0.0076476, -0.00620173, 0.00134271, -0.0209638, 0.0153515, -0.00620173, 0.00134271, -0.00041214, 0.0003875, -0.0029605, -0.000374307, -0.00041214, 0.0003875, ]
best_mc_result_fixed_tau =   [0.0381831, 0.0381831, ]
evolved_state_fixed_tau =   [[0.00043223, 0.00118531, -0.00144006, -0.00063543, -0.0165895, 0.0120632, -0.00452321, 0.000377804, 0.000157416, 0.001996, 0.00043223, 0.00118531, -0.00556908, 0.00321053, -0.00443683, 0.00283152, -0.00556908, 0.00321053, 0.000157416, 0.001996, -0.00452321, 0.000377804, -0.0165895, 0.0120632, -0.0223095, 0.0121276, -0.0516846, 0.098202, -0.0223095, 0.0121276, -0.00569336, 0.00375528, -0.0294395, 0.0344957, -0.0134414, 0.00335856, -0.0058097, 0.00556835, -0.00452321, 0.000377804, -0.0181709, -0.0240947, -0.00471518, 0.00783563, -0.0410786, 0.00823463, -0.0337627, 0.0323258, -0.00471518, 0.00783563, 0.00043223, 0.00118531, -0.00569336, 0.00375528, -0.0105054, 0.0281043, -0.0132652, 0.0252595, -0.0644753, 0.138017, -0.0122505, 0.0275766, -0.00144006, -0.00063543, -0.0165895, 0.0120632, -0.00471518, 0.00783563, -0.0223095, 0.0121276, -0.0132652, 0.0252595, -0.0644753, 0.138017, -0.0294395, 0.0344957, -0.00556908, 0.00321053, -0.0223095, 0.0121276, -0.0410786, 0.00823463, -0.0223095, 0.0121276, -0.0337627, 0.0323258, -0.0516846, 0.098202, -0.0165895, 0.0120632, -0.00556908, 0.00321053, -0.0294395, 0.0344957, -0.0644753, 0.138017, -0.0644753, 0.138017, -0.421386, 0.727304, -0.0644753, 0.138017, -0.0165895, 0.0120632, -0.0516846, 0.098202, -0.0337627, 0.0323258, -0.0516846, 0.098202, -0.00443683, 0.00283152, -0.0134414, 0.00335856, -0.0122505, 0.0275766, -0.0294395, 0.0344957, -0.0644753, 0.138017, -0.0105054, 0.0281043, -0.00452321, 0.000377804, -0.0223095, 0.0121276, -0.00471518, 0.00783563, -0.0165895, 0.0120632, 0.00043223, 0.00118531, -0.00556908, 0.00321053, -0.0058097, 0.00556835, -0.00556908, 0.00321053, 0.000157416, 0.001996, -0.00569336, 0.00375528, -0.0105054, 0.0281043, -0.00569336, 0.00375528, 0.00043223, 0.00118531, -0.00471518, 0.00783563, -0.0181709, -0.0240947, -0.00452321, 0.000377804, -0.00471518, 0.00783563, -0.0165895, 0.0120632, -0.00144006, -0.00063543, -0.0058097, 0.00556835, -0.0134414, 0.00335856, -0.0294395, 0.0344957, -0.0122505, 0.0275766, -0.0644753, 0.138017, -0.0132652, 0.0252595, -0.00471518, 0.00783563, -0.0337627, 0.0323258, -0.0410786, 0.00823463, -0.0223095, 0.0121276, -0.0134414, 0.00335856, -0.0122293, -0.00688859, -0.0134414, 0.00335856, -0.0134414, 0.00335856, -0.0294395, 0.0344957, -0.00569336, 0.00375528, -0.0181709, -0.0240947, -0.0410786, 0.00823463, -0.0181709, -0.0240947, -0.00452321, 0.000377804, -0.00569336, 0.00375528, -0.0294395, 0.0344957, -0.0134414, 0.00335856, -0.00443683, 0.00283152, -0.00452321, 0.000377804, -0.0122505, 0.0275766, -0.0134414, 0.00335856, -0.00443683, 0.00283152, -0.0058097, 0.00556835, -0.00556908, 0.00321053, 0.00043223, 0.00118531, -0.00471518, 0.00783563, -0.0223095, 0.0121276, -0.00452321, 0.000377804, 0.000157416, 0.001996, -0.0105054, 0.0281043, -0.0644753, 0.138017, -0.0294395, 0.0344957, -0.00556908, 0.00321053, -0.0165895, 0.0120632, -0.00569336, 0.00375528, -0.0132652, 0.0252595, -0.00569336, 0.00375528, 0.00043223, 0.00118531, -0.00144006, -0.00063543, 0.00043223, 0.00118531, ],[0.00043223, 0.00118531, -0.00144006, -0.00063543, -0.0165895, 0.0120632, -0.00452321, 0.000377804, 0.000157416, 0.001996, 0.00043223, 0.00118531, -0.00556908, 0.00321053, -0.00443683, 0.00283152, -0.00556908, 0.00321053, 0.000157416, 0.001996, -0.00452321, 0.000377804, -0.0165895, 0.0120632, -0.0223095, 0.0121276, -0.0516846, 0.098202, -0.0223095, 0.0121276, -0.00569336, 0.00375528, -0.0294395, 0.0344957, -0.0134414, 0.00335856, -0.0058097, 0.00556835, -0.00452321, 0.000377804, -0.0181709, -0.0240947, -0.00471518, 0.00783563, -0.0410786, 0.00823463, -0.0337627, 0.0323258, -0.00471518, 0.00783563, 0.00043223, 0.00118531, -0.00569336, 0.00375528, -0.0105054, 0.0281043, -0.0132652, 0.0252595, -0.0644753, 0.138017, -0.0122505, 0.0275766, -0.00144006, -0.00063543, -0.0165895, 0.0120632, -0.00471518, 0.00783563, -0.0223095, 0.0121276, -0.0132652, 0.0252595, -0.0644753, 0.138017, -0.0294395, 0.0344957, -0.00556908, 0.00321053, -0.0223095, 0.0121276, -0.0410786, 0.00823463, -0.0223095, 0.0121276, -0.0337627, 0.0323258, -0.0516846, 0.098202, -0.0165895, 0.0120632, -0.00556908, 0.00321053, -0.0294395, 0.0344957, -0.0644753, 0.138017, -0.0644753, 0.138017, -0.421386, 0.727304, -0.0644753, 0.138017, -0.0165895, 0.0120632, -0.0516846, 0.098202, -0.0337627, 0.0323258, -0.0516846, 0.098202, -0.00443683, 0.00283152, -0.0134414, 0.00335856, -0.0122505, 0.0275766, -0.0294395, 0.0344957, -0.0644753, 0.138017, -0.0105054, 0.0281043, -0.00452321, 0.000377804, -0.0223095, 0.0121276, -0.00471518, 0.00783563, -0.0165895, 0.0120632, 0.00043223, 0.00118531, -0.00556908, 0.00321053, -0.0058097, 0.00556835, -0.00556908, 0.00321053, 0.000157416, 0.001996, -0.00569336, 0.00375528, -0.0105054, 0.0281043, -0.00569336, 0.00375528, 0.00043223, 0.00118531, -0.00471518, 0.00783563, -0.0181709, -0.0240947, -0.00452321, 0.000377804, -0.00471518, 0.00783563, -0.0165895, 0.0120632, -0.00144006, -0.00063543, -0.0058097, 0.00556835, -0.0134414, 0.00335856, -0.0294395, 0.0344957, -0.0122505, 0.0275766, -0.0644753, 0.138017, -0.0132652, 0.0252595, -0.00471518, 0.00783563, -0.0337627, 0.0323258, -0.0410786, 0.00823463, -0.0223095, 0.0121276, -0.0134414, 0.00335856, -0.0122293, -0.00688859, -0.0134414, 0.00335856, -0.0134414, 0.00335856, -0.0294395, 0.0344957, -0.00569336, 0.00375528, -0.0181709, -0.0240947, -0.0410786, 0.00823463, -0.0181709, -0.0240947, -0.00452321, 0.000377804, -0.00569336, 0.00375528, -0.0294395, 0.0344957, -0.0134414, 0.00335856, -0.00443683, 0.00283152, -0.00452321, 0.000377804, -0.0122505, 0.0275766, -0.0134414, 0.00335856, -0.00443683, 0.00283152, -0.0058097, 0.00556835, -0.00556908, 0.00321053, 0.00043223, 0.00118531, -0.00471518, 0.00783563, -0.0223095, 0.0121276, -0.00452321, 0.000377804, 0.000157416, 0.001996, -0.0105054, 0.0281043, -0.0644753, 0.138017, -0.0294395, 0.0344957, -0.00556908, 0.00321053, -0.0165895, 0.0120632, -0.00569336, 0.00375528, -0.0132652, 0.0252595, -0.00569336, 0.00375528, 0.00043223, 0.00118531, -0.00144006, -0.00063543, 0.00043223, 0.00118531, ],]
##############################################################################
clock_duration  =         1753.04
tau =                     0.84
total_steps =             32
time_step =               0.02625
best_mc_result =          0.0285448
best_mc_result_non_secondary =          0.0333411
evolved_target_dot_squared =  0.971455
distance =          0.11087
j_protocol =  [[1, 1, 0, 0, 0, 0, 1, 1, 0, 0, 1, 1, 1, 1, 0, 0, 1, 1, 1, 1, 1, 1, 0, 0, 1, 1, 1, 1, 1, 1, 0, 0, ],[1, 1, 0, 0, 0, 1, 1, 0, 0, 0, 0, 1, 1, 1, 0, 1, 1, 1, 1, 0, 0, 0, 1, 1, 1, 1, 1, 1, 1, 1, 0, 0, ],]
k_protocol =  [[1, 1, 1, 1, 1, 1, 1, 1, 1, 1, 1, 1, 1, 1, 1, 1, 1, 1, 1, 1, 1, 1, 1, 1, 1, 1, 0, 0, 1, 1, 1, 1, ],[0, 1, 1, 1, 1, 1, 1, 1, 1, 1, 1, 1, 1, 0, 1, 1, 1, 1, 1, 1, 1, 1, 1, 1, 1, 1, 1, 1, 1, 0, 1, 1, ],]
j_protocol_secondary =  [0, 0.0276019, 0.0276019, 0.0637441, 0.134096, 0.176204, 0.264119, 0.313074, 0.313074, 0.37083, 0.397917, 0.494732, 0.550179, 0.7875, 0.7875, 0.810819, ]
k_protocol_secondary =  [0.00798578, 0.02625, 0.02625, 0.149436, 0.149436, 0.225597, 0.225597, 0.276808, 0.276808, 0.351081, 0.351081, 0.761762, 0.766758, 0.7875, 0.7875, 0.84, ]
best_evolved_state = [0.0010713, -0.00238163, -0.0019542, -0.00593286, -0.00937954, -0.0191512, 0.00459373, -0.0103218, 0.00171788, -0.00298065, 0.0010713, -0.00238163, -0.00102935, -0.0113405, 0.00203919, -0.00497581, -0.00102935, -0.0113405, 0.00171788, -0.00298065, 0.00459373, -0.0103218, -0.00937954, -0.0191512, -0.00878337, -0.0236657, -0.0414911, -0.0927697, -0.00878337, -0.0236657, 0.000526807, -0.00579603, -0.0141592, -0.0375192, 0.000967204, -0.0138957, 0.000365875, -0.0048889, 0.00459373, -0.0103218, 0.0406591, -0.0177289, 0.00241334, -0.0130535, 0.012862, -0.0488253, -0.00971642, -0.0596765, 0.00241334, -0.0130535, 0.0010713, -0.00238163, 0.000526807, -0.00579603, -0.0101589, -0.0183528, -0.00817407, -0.0230028, -0.056423, -0.131068, -0.00952675, -0.0206429, -0.0019542, -0.00593286, -0.00937954, -0.0191512, 0.00241334, -0.0130535, -0.00878337, -0.0236657, -0.00817407, -0.0230028, -0.056423, -0.131068, -0.0141592, -0.0375192, -0.00102935, -0.0113405, -0.00878337, -0.0236657, 0.012862, -0.0488253, -0.00878337, -0.0236657, -0.00971642, -0.0596765, -0.0414911, -0.0927697, -0.00937954, -0.0191512, -0.00102935, -0.0113405, -0.0141592, -0.0375192, -0.056423, -0.131068, -0.056423, -0.131068, -0.295918, -0.800973, -0.056423, -0.131068, -0.00937954, -0.0191512, -0.0414911, -0.0927697, -0.00971642, -0.0596765, -0.0414911, -0.0927697, 0.00203919, -0.00497581, 0.000967204, -0.0138957, -0.00952675, -0.0206429, -0.0141592, -0.0375192, -0.056423, -0.131068, -0.0101589, -0.0183528, 0.00459373, -0.0103218, -0.00878337, -0.0236657, 0.00241334, -0.0130535, -0.00937954, -0.0191512, 0.0010713, -0.00238163, -0.00102935, -0.0113405, 0.000365875, -0.0048889, -0.00102935, -0.0113405, 0.00171788, -0.00298065, 0.000526807, -0.00579603, -0.0101589, -0.0183528, 0.000526807, -0.00579603, 0.0010713, -0.00238163, 0.00241334, -0.0130535, 0.0406591, -0.0177289, 0.00459373, -0.0103218, 0.00241334, -0.0130535, -0.00937954, -0.0191512, -0.0019542, -0.00593286, 0.000365875, -0.0048889, 0.000967204, -0.0138957, -0.0141592, -0.0375192, -0.00952675, -0.0206429, -0.056423, -0.131068, -0.00817407, -0.0230028, 0.00241334, -0.0130535, -0.00971642, -0.0596765, 0.012862, -0.0488253, -0.00878337, -0.0236657, 0.000967204, -0.0138957, 0.00947828, -0.0176215, 0.000967204, -0.0138957, 0.000967204, -0.0138957, -0.0141592, -0.0375192, 0.000526807, -0.00579603, 0.0406591, -0.0177289, 0.012862, -0.0488253, 0.0406591, -0.0177289, 0.00459373, -0.0103218, 0.000526807, -0.00579603, -0.0141592, -0.0375192, 0.000967204, -0.0138957, 0.00203919, -0.00497581, 0.00459373, -0.0103218, -0.00952675, -0.0206429, 0.000967204, -0.0138957, 0.00203919, -0.00497581, 0.000365875, -0.0048889, -0.00102935, -0.0113405, 0.0010713, -0.00238163, 0.00241334, -0.0130535, -0.00878337, -0.0236657, 0.00459373, -0.0103218, 0.00171788, -0.00298065, -0.0101589, -0.0183528, -0.056423, -0.131068, -0.0141592, -0.0375192, -0.00102935, -0.0113405, -0.00937954, -0.0191512, 0.000526807, -0.00579603, -0.00817407, -0.0230028, 0.000526807, -0.00579603, 0.0010713, -0.00238163, -0.0019542, -0.00593286, 0.0010713, -0.00238163, ]
best_mc_result_fixed_tau =   [0.0338233, 0.0333411, ]
evolved_state_fixed_tau =   [[-0.000984501, -0.00191854, -0.00403355, -0.00300432, -0.0176093, -0.0128832, -0.000883154, -0.00970591, -0.000784158, -0.00292491, -0.000984501, -0.00191854, -0.00518419, -0.0104525, -0.000650931, -0.00694451, -0.00518419, -0.0104525, -0.000784158, -0.00292491, -0.000883154, -0.00970591, -0.0176093, -0.0128832, -0.0167861, -0.0185939, -0.0803787, -0.0570334, -0.0167861, -0.0185939, -0.00327024, -0.00587763, -0.0330825, -0.0351875, -0.00278473, -0.0153262, -0.00282337, -0.008407, -0.000883154, -0.00970591, 0.0341936, -0.0232386, -0.00859007, -0.0131156, -0.00288294, -0.0543788, -0.0430629, -0.0473203, -0.00859007, -0.0131156, -0.000984501, -0.00191854, -0.00327024, -0.00587763, -0.0250424, -0.01374, -0.0226377, -0.0170131, -0.127481, -0.0880735, -0.0241053, -0.0158729, -0.00403355, -0.00300432, -0.0176093, -0.0128832, -0.00859007, -0.0131156, -0.0167861, -0.0185939, -0.0226377, -0.0170131, -0.127481, -0.0880735, -0.0330825, -0.0351875, -0.00518419, -0.0104525, -0.0167861, -0.0185939, -0.00288294, -0.0543788, -0.0167861, -0.0185939, -0.0430629, -0.0473203, -0.0803787, -0.0570334, -0.0176093, -0.0128832, -0.00518419, -0.0104525, -0.0330825, -0.0351875, -0.127481, -0.0880735, -0.127481, -0.0880735, -0.645399, -0.522518, -0.127481, -0.0880735, -0.0176093, -0.0128832, -0.0803787, -0.0570334, -0.0430629, -0.0473203, -0.0803787, -0.0570334, -0.000650931, -0.00694451, -0.00278473, -0.0153262, -0.0241053, -0.0158729, -0.0330825, -0.0351875, -0.127481, -0.0880735, -0.0250424, -0.01374, -0.000883154, -0.00970591, -0.0167861, -0.0185939, -0.00859007, -0.0131156, -0.0176093, -0.0128832, -0.000984501, -0.00191854, -0.00518419, -0.0104525, -0.00282337, -0.008407, -0.00518419, -0.0104525, -0.000784158, -0.00292491, -0.00327024, -0.00587763, -0.0250424, -0.01374, -0.00327024, -0.00587763, -0.000984501, -0.00191854, -0.00859007, -0.0131156, 0.0341936, -0.0232386, -0.000883154, -0.00970591, -0.00859007, -0.0131156, -0.0176093, -0.0128832, -0.00403355, -0.00300432, -0.00282337, -0.008407, -0.00278473, -0.0153262, -0.0330825, -0.0351875, -0.0241053, -0.0158729, -0.127481, -0.0880735, -0.0226377, -0.0170131, -0.00859007, -0.0131156, -0.0430629, -0.0473203, -0.00288294, -0.0543788, -0.0167861, -0.0185939, -0.00278473, -0.0153262, 0.00775118, -0.0169019, -0.00278473, -0.0153262, -0.00278473, -0.0153262, -0.0330825, -0.0351875, -0.00327024, -0.00587763, 0.0341936, -0.0232386, -0.00288294, -0.0543788, 0.0341936, -0.0232386, -0.000883154, -0.00970591, -0.00327024, -0.00587763, -0.0330825, -0.0351875, -0.00278473, -0.0153262, -0.000650931, -0.00694451, -0.000883154, -0.00970591, -0.0241053, -0.0158729, -0.00278473, -0.0153262, -0.000650931, -0.00694451, -0.00282337, -0.008407, -0.00518419, -0.0104525, -0.000984501, -0.00191854, -0.00859007, -0.0131156, -0.0167861, -0.0185939, -0.000883154, -0.00970591, -0.000784158, -0.00292491, -0.0250424, -0.01374, -0.127481, -0.0880735, -0.0330825, -0.0351875, -0.00518419, -0.0104525, -0.0176093, -0.0128832, -0.00327024, -0.00587763, -0.0226377, -0.0170131, -0.00327024, -0.00587763, -0.000984501, -0.00191854, -0.00403355, -0.00300432, -0.000984501, -0.00191854, ],[-0.000619953, -0.00139403, -0.00422884, -0.00203074, -0.0184371, -0.00413652, -0.00389251, -0.00721087, -0.000567284, -0.0020435, -0.000619953, -0.00139403, -0.00743585, -0.00585468, -0.00240205, -0.0037053, -0.00743585, -0.00585468, -0.000567284, -0.0020435, -0.00389251, -0.00721087, -0.0184371, -0.00413652, -0.0203439, -0.00791795, -0.0853142, -0.0289543, -0.0203439, -0.00791795, -0.00396589, -0.00261656, -0.038489, -0.0122818, -0.00896502, -0.00896774, -0.0041279, -0.00322384, -0.00389251, -0.00721087, 0.0137201, -0.0309237, -0.00900603, -0.0063532, -0.0248388, -0.0378538, -0.0484024, -0.0216657, -0.00900603, -0.0063532, -0.000619953, -0.00139403, -0.00396589, -0.00261656, -0.0209386, -0.00193593, -0.0208649, -0.00580816, -0.134797, -0.0308091, -0.0213603, -0.00383676, -0.00422884, -0.00203074, -0.0184371, -0.00413652, -0.00900603, -0.0063532, -0.0203439, -0.00791795, -0.0208649, -0.00580816, -0.134797, -0.0308091, -0.038489, -0.0122818, -0.00743585, -0.00585468, -0.0203439, -0.00791795, -0.0248388, -0.0378538, -0.0203439, -0.00791795, -0.0484024, -0.0216657, -0.0853142, -0.0289543, -0.0184371, -0.00413652, -0.00743585, -0.00585468, -0.038489, -0.0122818, -0.134797, -0.0308091, -0.134797, -0.0308091, -0.836408, -0.247905, -0.134797, -0.0308091, -0.0184371, -0.00413652, -0.0853142, -0.0289543, -0.0484024, -0.0216657, -0.0853142, -0.0289543, -0.00240205, -0.0037053, -0.00896502, -0.00896774, -0.0213603, -0.00383676, -0.038489, -0.0122818, -0.134797, -0.0308091, -0.0209386, -0.00193593, -0.00389251, -0.00721087, -0.0203439, -0.00791795, -0.00900603, -0.0063532, -0.0184371, -0.00413652, -0.000619953, -0.00139403, -0.00743585, -0.00585468, -0.0041279, -0.00322384, -0.00743585, -0.00585468, -0.000567284, -0.0020435, -0.00396589, -0.00261656, -0.0209386, -0.00193593, -0.00396589, -0.00261656, -0.000619953, -0.00139403, -0.00900603, -0.0063532, 0.0137201, -0.0309237, -0.00389251, -0.00721087, -0.00900603, -0.0063532, -0.0184371, -0.00413652, -0.00422884, -0.00203074, -0.0041279, -0.00322384, -0.00896502, -0.00896774, -0.038489, -0.0122818, -0.0213603, -0.00383676, -0.134797, -0.0308091, -0.0208649, -0.00580816, -0.00900603, -0.0063532, -0.0484024, -0.0216657, -0.0248388, -0.0378538, -0.0203439, -0.00791795, -0.00896502, -0.00896774, -0.00284382, -0.015752, -0.00896502, -0.00896774, -0.00896502, -0.00896774, -0.038489, -0.0122818, -0.00396589, -0.00261656, 0.0137201, -0.0309237, -0.0248388, -0.0378538, 0.0137201, -0.0309237, -0.00389251, -0.00721087, -0.00396589, -0.00261656, -0.038489, -0.0122818, -0.00896502, -0.00896774, -0.00240205, -0.0037053, -0.00389251, -0.00721087, -0.0213603, -0.00383676, -0.00896502, -0.00896774, -0.00240205, -0.0037053, -0.0041279, -0.00322384, -0.00743585, -0.00585468, -0.000619953, -0.00139403, -0.00900603, -0.0063532, -0.0203439, -0.00791795, -0.00389251, -0.00721087, -0.000567284, -0.0020435, -0.0209386, -0.00193593, -0.134797, -0.0308091, -0.038489, -0.0122818, -0.00743585, -0.00585468, -0.0184371, -0.00413652, -0.00396589, -0.00261656, -0.0208649, -0.00580816, -0.00396589, -0.00261656, -0.000619953, -0.00139403, -0.00422884, -0.00203074, -0.000619953, -0.00139403, ],]
##############################################################################
clock_duration  =         2758.12
tau =                     0.924
total_steps =             32
time_step =               0.028875
best_mc_result =          0.0248864
best_mc_result_non_secondary =          0.0293116
evolved_target_dot_squared =  0.975114
distance =          0.0966606
j_protocol =  [[1, 1, 0, 1, 0, 0, 0, 0, 1, 1, 0, 1, 1, 1, 1, 1, 1, 0, 0, 0, 0, 1, 1, 1, 1, 1, 1, 1, 1, 0, 0, 1, ],[1, 1, 0, 0, 0, 0, 1, 1, 1, 0, 0, 0, 0, 1, 0, 1, 1, 0, 1, 1, 1, 0, 0, 1, 1, 1, 1, 1, 1, 1, 1, 0, ],]
k_protocol =  [[1, 1, 1, 1, 1, 1, 1, 1, 1, 1, 1, 1, 1, 1, 1, 1, 0, 1, 1, 1, 1, 1, 1, 1, 1, 0, 1, 0, 1, 1, 1, 1, ],[1, 1, 1, 1, 1, 1, 1, 1, 0, 1, 1, 1, 1, 0, 1, 1, 0, 1, 1, 1, 1, 1, 1, 1, 1, 1, 1, 1, 1, 1, 1, 1, ],]
j_protocol_secondary =  [0, 0.0674403, 0.0908879, 0.119174, 0.235027, 0.284623, 0.321382, 0.499687, 0.572845, 0.596309, 0.596309, 0.748121, 0.748121, 0.879125, 0.887793, 0.899688, ]
k_protocol_secondary =  [0.00671242, 0.159961, 0.159961, 0.179846, 0.179846, 0.373031, 0.373031, 0.476776, 0.476776, 0.698462, 0.698462, 0.736975, 0.736975, 0.778068, 0.790727, 0.924, ]
best_evolved_state = [0.00287454, -0.00328685, -7.6676e-05, -0.00603016, 0.00896176, -0.0145383, 0.0118476, -0.00545249, 0.00484704, -0.00389165, 0.00287454, -0.00328685, 0.00636794, -0.00963585, 0.0076419, -0.00238601, 0.00636794, -0.00963585, 0.00484704, -0.00389165, 0.0118476, -0.00545249, 0.00896176, -0.0145383, 0.0120041, -0.0158215, 0.0567329, -0.0919949, 0.0120041, -0.0158215, 0.00659144, -0.00118776, 0.0227319, -0.026956, 0.00993497, -0.00554358, 0.00722361, -0.00162261, 0.0118476, -0.00545249, 0.0472055, 0.019001, 0.0152068, -0.00744676, 0.0466605, -0.0208235, 0.0462759, -0.0432399, 0.0152068, -0.00744676, 0.00287454, -0.00328685, 0.00659144, -0.00118776, 0.0154617, -0.0152973, 0.0182718, -0.0194563, 0.086431, -0.116552, 0.0170155, -0.0172105, -7.6676e-05, -0.00603016, 0.00896176, -0.0145383, 0.0152068, -0.00744676, 0.0120041, -0.0158215, 0.0182718, -0.0194563, 0.086431, -0.116552, 0.0227319, -0.026956, 0.00636794, -0.00963585, 0.0120041, -0.0158215, 0.0466605, -0.0208235, 0.0120041, -0.0158215, 0.0462759, -0.0432399, 0.0567329, -0.0919949, 0.00896176, -0.0145383, 0.00636794, -0.00963585, 0.0227319, -0.026956, 0.086431, -0.116552, 0.086431, -0.116552, 0.530612, -0.660655, 0.086431, -0.116552, 0.00896176, -0.0145383, 0.0567329, -0.0919949, 0.0462759, -0.0432399, 0.0567329, -0.0919949, 0.0076419, -0.00238601, 0.00993497, -0.00554358, 0.0170155, -0.0172105, 0.0227319, -0.026956, 0.086431, -0.116552, 0.0154617, -0.0152973, 0.0118476, -0.00545249, 0.0120041, -0.0158215, 0.0152068, -0.00744676, 0.00896176, -0.0145383, 0.00287454, -0.00328685, 0.00636794, -0.00963585, 0.00722361, -0.00162261, 0.00636794, -0.00963585, 0.00484704, -0.00389165, 0.00659144, -0.00118776, 0.0154617, -0.0152973, 0.00659144, -0.00118776, 0.00287454, -0.00328685, 0.0152068, -0.00744676, 0.0472055, 0.019001, 0.0118476, -0.00545249, 0.0152068, -0.00744676, 0.00896176, -0.0145383, -7.6676e-05, -0.00603016, 0.00722361, -0.00162261, 0.00993497, -0.00554358, 0.0227319, -0.026956, 0.0170155, -0.0172105, 0.086431, -0.116552, 0.0182718, -0.0194563, 0.0152068, -0.00744676, 0.0462759, -0.0432399, 0.0466605, -0.0208235, 0.0120041, -0.0158215, 0.00993497, -0.00554358, 0.0173805, -0.0104873, 0.00993497, -0.00554358, 0.00993497, -0.00554358, 0.0227319, -0.026956, 0.00659144, -0.00118776, 0.0472055, 0.019001, 0.0466605, -0.0208235, 0.0472055, 0.019001, 0.0118476, -0.00545249, 0.00659144, -0.00118776, 0.0227319, -0.026956, 0.00993497, -0.00554358, 0.0076419, -0.00238601, 0.0118476, -0.00545249, 0.0170155, -0.0172105, 0.00993497, -0.00554358, 0.0076419, -0.00238601, 0.00722361, -0.00162261, 0.00636794, -0.00963585, 0.00287454, -0.00328685, 0.0152068, -0.00744676, 0.0120041, -0.0158215, 0.0118476, -0.00545249, 0.00484704, -0.00389165, 0.0154617, -0.0152973, 0.086431, -0.116552, 0.0227319, -0.026956, 0.00636794, -0.00963585, 0.00896176, -0.0145383, 0.00659144, -0.00118776, 0.0182718, -0.0194563, 0.00659144, -0.00118776, 0.00287454, -0.00328685, -7.6676e-05, -0.00603016, 0.00287454, -0.00328685, ]
best_mc_result_fixed_tau =   [0.0293116, 0.0300969, ]
evolved_state_fixed_tau =   [[0.000558804, -0.00299843, -0.00257713, -0.00457024, -0.00451766, -0.0169013, 0.00472491, -0.00977921, 0.00152906, -0.00430166, 0.000558804, -0.00299843, -0.000366957, -0.0117932, 0.00330746, -0.00623536, -0.000366957, -0.0117932, 0.00152906, -0.00430166, 0.00472491, -0.00977921, -0.00451766, -0.0169013, -0.00189532, -0.0213002, -0.0207032, -0.104027, -0.00189532, -0.0213002, 0.00226013, -0.00522323, -0.00781414, -0.0407847, 0.00409045, -0.0133428, 0.00201565, -0.00719626, 0.00472491, -0.00977921, 0.0447527, -0.010454, 0.00167256, -0.0139464, 0.0208748, -0.0494555, -0.00378186, -0.0572536, 0.00167256, -0.0139464, 0.000558804, -0.00299843, 0.00226013, -0.00522323, -0.00623406, -0.0218869, -0.00327978, -0.0254552, -0.0391264, -0.141376, -0.00479583, -0.0242377, -0.00257713, -0.00457024, -0.00451766, -0.0169013, 0.00167256, -0.0139464, -0.00189532, -0.0213002, -0.00327978, -0.0254552, -0.0391264, -0.141376, -0.00781414, -0.0407847, -0.000366957, -0.0117932, -0.00189532, -0.0213002, 0.0208748, -0.0494555, -0.00189532, -0.0213002, -0.00378186, -0.0572536, -0.0207032, -0.104027, -0.00451766, -0.0169013, -0.000366957, -0.0117932, -0.00781414, -0.0407847, -0.0391264, -0.141376, -0.0391264, -0.141376, -0.204234, -0.821219, -0.0391264, -0.141376, -0.00451766, -0.0169013, -0.0207032, -0.104027, -0.00378186, -0.0572536, -0.0207032, -0.104027, 0.00330746, -0.00623536, 0.00409045, -0.0133428, -0.00479583, -0.0242377, -0.00781414, -0.0407847, -0.0391264, -0.141376, -0.00623406, -0.0218869, 0.00472491, -0.00977921, -0.00189532, -0.0213002, 0.00167256, -0.0139464, -0.00451766, -0.0169013, 0.000558804, -0.00299843, -0.000366957, -0.0117932, 0.00201565, -0.00719626, -0.000366957, -0.0117932, 0.00152906, -0.00430166, 0.00226013, -0.00522323, -0.00623406, -0.0218869, 0.00226013, -0.00522323, 0.000558804, -0.00299843, 0.00167256, -0.0139464, 0.0447527, -0.010454, 0.00472491, -0.00977921, 0.00167256, -0.0139464, -0.00451766, -0.0169013, -0.00257713, -0.00457024, 0.00201565, -0.00719626, 0.00409045, -0.0133428, -0.00781414, -0.0407847, -0.00479583, -0.0242377, -0.0391264, -0.141376, -0.00327978, -0.0254552, 0.00167256, -0.0139464, -0.00378186, -0.0572536, 0.0208748, -0.0494555, -0.00189532, -0.0213002, 0.00409045, -0.0133428, 0.0124443, -0.0158148, 0.00409045, -0.0133428, 0.00409045, -0.0133428, -0.00781414, -0.0407847, 0.00226013, -0.00522323, 0.0447527, -0.010454, 0.0208748, -0.0494555, 0.0447527, -0.010454, 0.00472491, -0.00977921, 0.00226013, -0.00522323, -0.00781414, -0.0407847, 0.00409045, -0.0133428, 0.00330746, -0.00623536, 0.00472491, -0.00977921, -0.00479583, -0.0242377, 0.00409045, -0.0133428, 0.00330746, -0.00623536, 0.00201565, -0.00719626, -0.000366957, -0.0117932, 0.000558804, -0.00299843, 0.00167256, -0.0139464, -0.00189532, -0.0213002, 0.00472491, -0.00977921, 0.00152906, -0.00430166, -0.00623406, -0.0218869, -0.0391264, -0.141376, -0.00781414, -0.0407847, -0.000366957, -0.0117932, -0.00451766, -0.0169013, 0.00226013, -0.00522323, -0.00327978, -0.0254552, 0.00226013, -0.00522323, 0.000558804, -0.00299843, -0.00257713, -0.00457024, 0.000558804, -0.00299843, ],[0.000661183, -0.00161049, -0.00102686, -0.00476815, -0.00723924, -0.0186973, 0.00415124, -0.00846219, 0.00110818, -0.0021881, 0.000661183, -0.00161049, -0.00024504, -0.010421, 0.00153413, -0.00489109, -0.00024504, -0.010421, 0.00110818, -0.0021881, 0.00415124, -0.00846219, -0.00723924, -0.0186973, -0.00563095, -0.0231562, -0.0315858, -0.090316, -0.00563095, -0.0231562, 0.000526543, -0.00532146, -0.0120849, -0.0389559, 0.00222915, -0.0133498, -0.000155892, -0.00565846, 0.00415124, -0.00846219, 0.039167, -0.0110629, 0.00092353, -0.0117228, 0.0163252, -0.0464491, -0.0083419, -0.0565547, 0.00092353, -0.0117228, 0.000661183, -0.00161049, 0.000526543, -0.00532146, -0.0102695, -0.018859, -0.00732727, -0.022138, -0.0496615, -0.131486, -0.00923956, -0.0207932, -0.00102686, -0.00476815, -0.00723924, -0.0186973, 0.00092353, -0.0117228, -0.00563095, -0.0231562, -0.00732727, -0.022138, -0.0496615, -0.131486, -0.0120849, -0.0389559, -0.00024504, -0.010421, -0.00563095, -0.0231562, 0.0163252, -0.0464491, -0.00563095, -0.0231562, -0.0083419, -0.0565547, -0.0315858, -0.090316, -0.00723924, -0.0186973, -0.00024504, -0.010421, -0.0120849, -0.0389559, -0.0496615, -0.131486, -0.0496615, -0.131486, -0.237936, -0.828907, -0.0496615, -0.131486, -0.00723924, -0.0186973, -0.0315858, -0.090316, -0.0083419, -0.0565547, -0.0315858, -0.090316, 0.00153413, -0.00489109, 0.00222915, -0.0133498, -0.00923956, -0.0207932, -0.0120849, -0.0389559, -0.0496615, -0.131486, -0.0102695, -0.018859, 0.00415124, -0.00846219, -0.00563095, -0.0231562, 0.00092353, -0.0117228, -0.00723924, -0.0186973, 0.000661183, -0.00161049, -0.00024504, -0.010421, -0.000155892, -0.00565846, -0.00024504, -0.010421, 0.00110818, -0.0021881, 0.000526543, -0.00532146, -0.0102695, -0.018859, 0.000526543, -0.00532146, 0.000661183, -0.00161049, 0.00092353, -0.0117228, 0.039167, -0.0110629, 0.00415124, -0.00846219, 0.00092353, -0.0117228, -0.00723924, -0.0186973, -0.00102686, -0.00476815, -0.000155892, -0.00565846, 0.00222915, -0.0133498, -0.0120849, -0.0389559, -0.00923956, -0.0207932, -0.0496615, -0.131486, -0.00732727, -0.022138, 0.00092353, -0.0117228, -0.0083419, -0.0565547, 0.0163252, -0.0464491, -0.00563095, -0.0231562, 0.00222915, -0.0133498, 0.0110471, -0.0144726, 0.00222915, -0.0133498, 0.00222915, -0.0133498, -0.0120849, -0.0389559, 0.000526543, -0.00532146, 0.039167, -0.0110629, 0.0163252, -0.0464491, 0.039167, -0.0110629, 0.00415124, -0.00846219, 0.000526543, -0.00532146, -0.0120849, -0.0389559, 0.00222915, -0.0133498, 0.00153413, -0.00489109, 0.00415124, -0.00846219, -0.00923956, -0.0207932, 0.00222915, -0.0133498, 0.00153413, -0.00489109, -0.000155892, -0.00565846, -0.00024504, -0.010421, 0.000661183, -0.00161049, 0.00092353, -0.0117228, -0.00563095, -0.0231562, 0.00415124, -0.00846219, 0.00110818, -0.0021881, -0.0102695, -0.018859, -0.0496615, -0.131486, -0.0120849, -0.0389559, -0.00024504, -0.010421, -0.00723924, -0.0186973, 0.000526543, -0.00532146, -0.00732727, -0.022138, 0.000526543, -0.00532146, 0.000661183, -0.00161049, -0.00102686, -0.00476815, 0.000661183, -0.00161049, ],]
##############################################################################
clock_duration  =         3754.72
tau =                     1.0164
total_steps =             32
time_step =               0.0317625
best_mc_result =          0.0206354
best_mc_result_non_secondary =          0.0270917
evolved_target_dot_squared =  0.979365
distance =          0.0801494
j_protocol =  [[1, 1, 1, 0, 0, 0, 0, 0, 0, 1, 1, 1, 1, 0, 1, 1, 0, 1, 0, 0, 1, 1, 0, 0, 1, 1, 1, 1, 1, 1, 1, 0, ],[1, 1, 1, 0, 0, 0, 0, 1, 1, 1, 1, 0, 1, 0, 1, 1, 0, 1, 1, 0, 0, 1, 1, 1, 1, 1, 1, 1, 1, 1, 0, 0, ],]
k_protocol =  [[1, 1, 0, 1, 1, 1, 1, 1, 1, 1, 1, 0, 1, 1, 1, 1, 1, 1, 1, 1, 0, 0, 1, 1, 1, 0, 1, 1, 1, 1, 1, 1, ],[1, 1, 1, 1, 1, 1, 1, 1, 1, 1, 1, 1, 1, 1, 1, 1, 1, 0, 0, 1, 1, 1, 1, 1, 1, 1, 1, 1, 0, 0, 1, 1, ],]
j_protocol_secondary =  [0, 0.0916847, 0.224024, 0.247103, 0.275397, 0.405483, 0.449038, 0.511235, 0.536143, 0.593457, 0.616361, 0.660616, 0.661824, 0.726981, 0.731884, 0.995055, ]
k_protocol_secondary =  [0.00738744, 0.0819458, 0.0819458, 0.326658, 0.326658, 0.364533, 0.364533, 0.64356, 0.64356, 0.669476, 0.669476, 0.794689, 0.794689, 0.818291, 0.818291, 1.0164, ]
best_evolved_state = [0.00251589, -0.00136399, 0.00102857, -0.00045545, 0.0157538, 0.0105055, 0.00817622, 0.00841971, 0.00484493, -0.00118301, 0.00251589, -0.00136399, 0.00754804, 0.00119389, 0.00696611, 0.00405175, 0.00754804, 0.00119389, 0.00484493, -0.00118301, 0.00817622, 0.00841971, 0.0157538, 0.0105055, 0.0170277, 0.0139517, 0.0918019, 0.0298041, 0.0170277, 0.0139517, 0.00413521, 0.00976659, 0.026604, 0.0226303, 0.00446653, 0.0118031, 0.00609014, 0.00624127, 0.00817622, 0.00841971, 0.00534431, 0.0576705, 0.0114465, 0.01486, 0.0297956, 0.0381195, 0.0569875, 0.0372858, 0.0114465, 0.01486, 0.00251589, -0.00136399, 0.00413521, 0.00976659, 0.0217989, 0.0172834, 0.0245376, 0.0143628, 0.126822, 0.0687129, 0.0231277, 0.0161198, 0.00102857, -0.00045545, 0.0157538, 0.0105055, 0.0114465, 0.01486, 0.0170277, 0.0139517, 0.0245376, 0.0143628, 0.126822, 0.0687129, 0.026604, 0.0226303, 0.00754804, 0.00119389, 0.0170277, 0.0139517, 0.0297956, 0.0381195, 0.0170277, 0.0139517, 0.0569875, 0.0372858, 0.0918019, 0.0298041, 0.0157538, 0.0105055, 0.00754804, 0.00119389, 0.026604, 0.0226303, 0.126822, 0.0687129, 0.126822, 0.0687129, 0.737847, 0.420765, 0.126822, 0.0687129, 0.0157538, 0.0105055, 0.0918019, 0.0298041, 0.0569875, 0.0372858, 0.0918019, 0.0298041, 0.00696611, 0.00405175, 0.00446653, 0.0118031, 0.0231277, 0.0161198, 0.026604, 0.0226303, 0.126822, 0.0687129, 0.0217989, 0.0172834, 0.00817622, 0.00841971, 0.0170277, 0.0139517, 0.0114465, 0.01486, 0.0157538, 0.0105055, 0.00251589, -0.00136399, 0.00754804, 0.00119389, 0.00609014, 0.00624127, 0.00754804, 0.00119389, 0.00484493, -0.00118301, 0.00413521, 0.00976659, 0.0217989, 0.0172834, 0.00413521, 0.00976659, 0.00251589, -0.00136399, 0.0114465, 0.01486, 0.00534431, 0.0576705, 0.00817622, 0.00841971, 0.0114465, 0.01486, 0.0157538, 0.0105055, 0.00102857, -0.00045545, 0.00609014, 0.00624127, 0.00446653, 0.0118031, 0.026604, 0.0226303, 0.0231277, 0.0161198, 0.126822, 0.0687129, 0.0245376, 0.0143628, 0.0114465, 0.01486, 0.0569875, 0.0372858, 0.0297956, 0.0381195, 0.0170277, 0.0139517, 0.00446653, 0.0118031, 0.0137791, 0.00246853, 0.00446653, 0.0118031, 0.00446653, 0.0118031, 0.026604, 0.0226303, 0.00413521, 0.00976659, 0.00534431, 0.0576705, 0.0297956, 0.0381195, 0.00534431, 0.0576705, 0.00817622, 0.00841971, 0.00413521, 0.00976659, 0.026604, 0.0226303, 0.00446653, 0.0118031, 0.00696611, 0.00405175, 0.00817622, 0.00841971, 0.0231277, 0.0161198, 0.00446653, 0.0118031, 0.00696611, 0.00405175, 0.00609014, 0.00624127, 0.00754804, 0.00119389, 0.00251589, -0.00136399, 0.0114465, 0.01486, 0.0170277, 0.0139517, 0.00817622, 0.00841971, 0.00484493, -0.00118301, 0.0217989, 0.0172834, 0.126822, 0.0687129, 0.026604, 0.0226303, 0.00754804, 0.00119389, 0.0157538, 0.0105055, 0.00413521, 0.00976659, 0.0245376, 0.0143628, 0.00413521, 0.00976659, 0.00251589, -0.00136399, 0.00102857, -0.00045545, 0.00251589, -0.00136399, ]
best_mc_result_fixed_tau =   [0.0270917, 0.0286945, ]
evolved_state_fixed_tau =   [[0.00151814, -0.00321741, -0.00177708, -0.0060642, -0.00206961, -0.0189515, 0.00745576, -0.00971228, 0.00260349, -0.00415032, 0.00151814, -0.00321741, 0.00121903, -0.0117452, 0.00420714, -0.00493943, 0.00121903, -0.0117452, 0.00260349, -0.00415032, 0.00745576, -0.00971228, -0.00206961, -0.0189515, -0.000326932, -0.0228931, -0.0068255, -0.108419, -0.000326932, -0.0228931, 0.00349264, -0.00475016, 4.13778e-05, -0.0369464, 0.00461338, -0.0118824, 0.00301505, -0.00464818, 0.00745576, -0.00971228, 0.0477488, -0.00617361, 0.00742583, -0.0125877, 0.0273513, -0.0437042, 0.0123665, -0.0593932, 0.00742583, -0.0125877, 0.00151814, -0.00321741, 0.00349264, -0.00475016, -3.19516e-05, -0.0202536, 0.00231099, -0.0253211, -0.00160977, -0.143494, 0.00082609, -0.0228404, -0.00177708, -0.0060642, -0.00206961, -0.0189515, 0.00742583, -0.0125877, -0.000326932, -0.0228931, 0.00231099, -0.0253211, -0.00160977, -0.143494, 4.13778e-05, -0.0369464, 0.00121903, -0.0117452, -0.000326932, -0.0228931, 0.0273513, -0.0437042, -0.000326932, -0.0228931, 0.0123665, -0.0593932, -0.0068255, -0.108419, -0.00206961, -0.0189515, 0.00121903, -0.0117452, 4.13778e-05, -0.0369464, -0.00160977, -0.143494, -0.00160977, -0.143494, 0.0348671, -0.849218, -0.00160977, -0.143494, -0.00206961, -0.0189515, -0.0068255, -0.108419, 0.0123665, -0.0593932, -0.0068255, -0.108419, 0.00420714, -0.00493943, 0.00461338, -0.0118824, 0.00082609, -0.0228404, 4.13778e-05, -0.0369464, -0.00160977, -0.143494, -3.19516e-05, -0.0202536, 0.00745576, -0.00971228, -0.000326932, -0.0228931, 0.00742583, -0.0125877, -0.00206961, -0.0189515, 0.00151814, -0.00321741, 0.00121903, -0.0117452, 0.00301505, -0.00464818, 0.00121903, -0.0117452, 0.00260349, -0.00415032, 0.00349264, -0.00475016, -3.19516e-05, -0.0202536, 0.00349264, -0.00475016, 0.00151814, -0.00321741, 0.00742583, -0.0125877, 0.0477488, -0.00617361, 0.00745576, -0.00971228, 0.00742583, -0.0125877, -0.00206961, -0.0189515, -0.00177708, -0.0060642, 0.00301505, -0.00464818, 0.00461338, -0.0118824, 4.13778e-05, -0.0369464, 0.00082609, -0.0228404, -0.00160977, -0.143494, 0.00231099, -0.0253211, 0.00742583, -0.0125877, 0.0123665, -0.0593932, 0.0273513, -0.0437042, -0.000326932, -0.0228931, 0.00461338, -0.0118824, 0.0123748, -0.0171607, 0.00461338, -0.0118824, 0.00461338, -0.0118824, 4.13778e-05, -0.0369464, 0.00349264, -0.00475016, 0.0477488, -0.00617361, 0.0273513, -0.0437042, 0.0477488, -0.00617361, 0.00745576, -0.00971228, 0.00349264, -0.00475016, 4.13778e-05, -0.0369464, 0.00461338, -0.0118824, 0.00420714, -0.00493943, 0.00745576, -0.00971228, 0.00082609, -0.0228404, 0.00461338, -0.0118824, 0.00420714, -0.00493943, 0.00301505, -0.00464818, 0.00121903, -0.0117452, 0.00151814, -0.00321741, 0.00742583, -0.0125877, -0.000326932, -0.0228931, 0.00745576, -0.00971228, 0.00260349, -0.00415032, -3.19516e-05, -0.0202536, -0.00160977, -0.143494, 4.13778e-05, -0.0369464, 0.00121903, -0.0117452, -0.00206961, -0.0189515, 0.00349264, -0.00475016, 0.00231099, -0.0253211, 0.00349264, -0.00475016, 0.00151814, -0.00321741, -0.00177708, -0.0060642, 0.00151814, -0.00321741, ],[0.00435695, -0.00151045, 0.00400062, -0.00664407, 0.0122812, -0.0194176, 0.0154531, -0.00353218, 0.00564381, -0.00131417, 0.00435695, -0.00151045, 0.00736721, -0.00918094, 0.00676616, -0.000809416, 0.00736721, -0.00918094, 0.00564381, -0.00131417, 0.0154531, -0.00353218, 0.0122812, -0.0194176, 0.0143828, -0.0229014, 0.0567108, -0.100149, 0.0143828, -0.0229014, 0.0080638, -0.00212957, 0.0214181, -0.0280985, 0.0114162, -0.00775728, 0.00438126, 0.000658026, 0.0154531, -0.00353218, 0.0561653, 0.0133006, 0.0186887, -0.00243284, 0.0455562, -0.0232806, 0.0531929, -0.0437221, 0.0186887, -0.00243284, 0.00435695, -0.00151045, 0.0080638, -0.00212957, 0.0147161, -0.0141222, 0.0194187, -0.0205934, 0.0843336, -0.119686, 0.0162245, -0.0167358, 0.00400062, -0.00664407, 0.0122812, -0.0194176, 0.0186887, -0.00243284, 0.0143828, -0.0229014, 0.0194187, -0.0205934, 0.0843336, -0.119686, 0.0214181, -0.0280985, 0.00736721, -0.00918094, 0.0143828, -0.0229014, 0.0455562, -0.0232806, 0.0143828, -0.0229014, 0.0531929, -0.0437221, 0.0567108, -0.100149, 0.0122812, -0.0194176, 0.00736721, -0.00918094, 0.0214181, -0.0280985, 0.0843336, -0.119686, 0.0843336, -0.119686, 0.446495, -0.704873, 0.0843336, -0.119686, 0.0122812, -0.0194176, 0.0567108, -0.100149, 0.0531929, -0.0437221, 0.0567108, -0.100149, 0.00676616, -0.000809416, 0.0114162, -0.00775728, 0.0162245, -0.0167358, 0.0214181, -0.0280985, 0.0843336, -0.119686, 0.0147161, -0.0141222, 0.0154531, -0.00353218, 0.0143828, -0.0229014, 0.0186887, -0.00243284, 0.0122812, -0.0194176, 0.00435695, -0.00151045, 0.00736721, -0.00918094, 0.00438126, 0.000658026, 0.00736721, -0.00918094, 0.00564381, -0.00131417, 0.0080638, -0.00212957, 0.0147161, -0.0141222, 0.0080638, -0.00212957, 0.00435695, -0.00151045, 0.0186887, -0.00243284, 0.0561653, 0.0133006, 0.0154531, -0.00353218, 0.0186887, -0.00243284, 0.0122812, -0.0194176, 0.00400062, -0.00664407, 0.00438126, 0.000658026, 0.0114162, -0.00775728, 0.0214181, -0.0280985, 0.0162245, -0.0167358, 0.0843336, -0.119686, 0.0194187, -0.0205934, 0.0186887, -0.00243284, 0.0531929, -0.0437221, 0.0455562, -0.0232806, 0.0143828, -0.0229014, 0.0114162, -0.00775728, 0.0208821, -0.0130221, 0.0114162, -0.00775728, 0.0114162, -0.00775728, 0.0214181, -0.0280985, 0.0080638, -0.00212957, 0.0561653, 0.0133006, 0.0455562, -0.0232806, 0.0561653, 0.0133006, 0.0154531, -0.00353218, 0.0080638, -0.00212957, 0.0214181, -0.0280985, 0.0114162, -0.00775728, 0.00676616, -0.000809416, 0.0154531, -0.00353218, 0.0162245, -0.0167358, 0.0114162, -0.00775728, 0.00676616, -0.000809416, 0.00438126, 0.000658026, 0.00736721, -0.00918094, 0.00435695, -0.00151045, 0.0186887, -0.00243284, 0.0143828, -0.0229014, 0.0154531, -0.00353218, 0.00564381, -0.00131417, 0.0147161, -0.0141222, 0.0843336, -0.119686, 0.0214181, -0.0280985, 0.00736721, -0.00918094, 0.0122812, -0.0194176, 0.0080638, -0.00212957, 0.0194187, -0.0205934, 0.0080638, -0.00212957, 0.00435695, -0.00151045, 0.00400062, -0.00664407, 0.00435695, -0.00151045, ],]
##############################################################################
clock_duration  =         6540.14
tau =                     1.02911
total_steps =             32
time_step =               0.0349388
best_mc_result =          0.0199722
best_mc_result_non_secondary =          0
evolved_target_dot_squared =  0.980028
distance =          0.0775733
j_protocol =  [[0, 0, 0, 0, 0, 0, 0, 0, 0, 0, 0, 0, 0, 0, 0, 0, 0, 0, 0, 0, 0, 0, 0, 0, 0, 0, 0, 0, 0, 0, 0, 0, ],[0, 0, 0, 0, 0, 0, 0, 0, 0, 0, 0, 0, 0, 0, 0, 0, 0, 0, 0, 0, 0, 0, 0, 0, 0, 0, 0, 0, 0, 0, 0, 0, ],]
k_protocol =  [[0, 0, 0, 0, 0, 0, 0, 0, 0, 0, 0, 0, 0, 0, 0, 0, 0, 0, 0, 0, 0, 0, 0, 0, 0, 0, 0, 0, 0, 0, 0, 0, ],[0, 0, 0, 0, 0, 0, 0, 0, 0, 0, 0, 0, 0, 0, 0, 0, 0, 0, 0, 0, 0, 0, 0, 0, 0, 0, 0, 0, 0, 0, 0, 0, ],]
j_protocol_secondary =  [0, 0.0828423, 0.217986, 0.256239, 0.271356, 0.377136, 0.452773, 0.63091, 0.672514, 0.685215, 0.685215, 0.708959, 0.708959, 0.897643, 0.897643, 0.998927, ]
k_protocol_secondary =  [0, 0, 0.00814304, 0.531148, 0.531148, 0.533859, 0.533859, 0.858428, 0.858428, 0.883418, 0.88926, 0.929194, 0.935325, 0.957508, 0.957508, 1.02911, ]
best_evolved_state = [0.0031379, -0.000393718, 0.00256203, -0.000996093, 0.0155526, 0.00868371, 0.00874229, 0.00907446, 0.00519702, 0.0002807, 0.0031379, -0.000393718, 0.0082602, 0.0013781, 0.00624106, 0.00481924, 0.0082602, 0.0013781, 0.00519702, 0.0002807, 0.00874229, 0.00907446, 0.0155526, 0.00868371, 0.0167449, 0.0117025, 0.0956872, 0.0331291, 0.0167449, 0.0117025, 0.00404417, 0.00920506, 0.0269738, 0.0212351, 0.00520972, 0.0108587, 0.00497028, 0.0068762, 0.00874229, 0.00907446, 0.00479768, 0.0567022, 0.012131, 0.015341, 0.0303488, 0.0381371, 0.0566267, 0.0356668, 0.012131, 0.015341, 0.0031379, -0.000393718, 0.00404417, 0.00920506, 0.0209102, 0.0170286, 0.0243403, 0.0145404, 0.129033, 0.0679573, 0.0223312, 0.0162308, 0.00256203, -0.000996093, 0.0155526, 0.00868371, 0.012131, 0.015341, 0.0167449, 0.0117025, 0.0243403, 0.0145404, 0.129033, 0.0679573, 0.0269738, 0.0212351, 0.0082602, 0.0013781, 0.0167449, 0.0117025, 0.0303488, 0.0381371, 0.0167449, 0.0117025, 0.0566267, 0.0356668, 0.0956872, 0.0331291, 0.0155526, 0.00868371, 0.0082602, 0.0013781, 0.0269738, 0.0212351, 0.129033, 0.0679573, 0.129033, 0.0679573, 0.740848, 0.409018, 0.129033, 0.0679573, 0.0155526, 0.00868371, 0.0956872, 0.0331291, 0.0566267, 0.0356668, 0.0956872, 0.0331291, 0.00624106, 0.00481924, 0.00520972, 0.0108587, 0.0223312, 0.0162308, 0.0269738, 0.0212351, 0.129033, 0.0679573, 0.0209102, 0.0170286, 0.00874229, 0.00907446, 0.0167449, 0.0117025, 0.012131, 0.015341, 0.0155526, 0.00868371, 0.0031379, -0.000393718, 0.0082602, 0.0013781, 0.00497028, 0.0068762, 0.0082602, 0.0013781, 0.00519702, 0.0002807, 0.00404417, 0.00920506, 0.0209102, 0.0170286, 0.00404417, 0.00920506, 0.0031379, -0.000393718, 0.012131, 0.015341, 0.00479768, 0.0567022, 0.00874229, 0.00907446, 0.012131, 0.015341, 0.0155526, 0.00868371, 0.00256203, -0.000996093, 0.00497028, 0.0068762, 0.00520972, 0.0108587, 0.0269738, 0.0212351, 0.0223312, 0.0162308, 0.129033, 0.0679573, 0.0243403, 0.0145404, 0.012131, 0.015341, 0.0566267, 0.0356668, 0.0303488, 0.0381371, 0.0167449, 0.0117025, 0.00520972, 0.0108587, 0.0146246, 0.00400712, 0.00520972, 0.0108587, 0.00520972, 0.0108587, 0.0269738, 0.0212351, 0.00404417, 0.00920506, 0.00479768, 0.0567022, 0.0303488, 0.0381371, 0.00479768, 0.0567022, 0.00874229, 0.00907446, 0.00404417, 0.00920506, 0.0269738, 0.0212351, 0.00520972, 0.0108587, 0.00624106, 0.00481924, 0.00874229, 0.00907446, 0.0223312, 0.0162308, 0.00520972, 0.0108587, 0.00624106, 0.00481924, 0.00497028, 0.0068762, 0.0082602, 0.0013781, 0.0031379, -0.000393718, 0.012131, 0.015341, 0.0167449, 0.0117025, 0.00874229, 0.00907446, 0.00519702, 0.0002807, 0.0209102, 0.0170286, 0.129033, 0.0679573, 0.0269738, 0.0212351, 0.0082602, 0.0013781, 0.0155526, 0.00868371, 0.00404417, 0.00920506, 0.0243403, 0.0145404, 0.00404417, 0.00920506, 0.0031379, -0.000393718, 0.00256203, -0.000996093, 0.0031379, -0.000393718, ]
best_mc_result_fixed_tau =   [0.0244827, 0.023113, ]
evolved_state_fixed_tau =   [[0.00472791, -0.00246293, 0.000387923, -0.00424329, 0.013834, 0.0062356, 0.0122708, 0.00552546, 0.00834519, -0.00171664, 0.00472791, -0.00246293, 0.0085423, -0.00355924, 0.00959966, 0.00386707, 0.0085423, -0.00355924, 0.00834519, -0.00171664, 0.0122708, 0.00552546, 0.013834, 0.0062356, 0.0159646, 0.00953466, 0.118434, 0.0120288, 0.0159646, 0.00953466, 0.00577682, 0.0102214, 0.0307863, 0.00994498, 0.00750737, 0.00847527, 0.00851755, 0.00646125, 0.0122708, 0.00552546, 0.0274267, 0.056038, 0.0157334, 0.0094197, 0.0449523, 0.0224103, 0.0591164, 0.0156645, 0.0157334, 0.0094197, 0.00472791, -0.00246293, 0.00577682, 0.0102214, 0.0254391, 0.0140392, 0.0296763, 0.0100597, 0.146163, 0.0247087, 0.0277628, 0.0128449, 0.000387923, -0.00424329, 0.013834, 0.0062356, 0.0157334, 0.0094197, 0.0159646, 0.00953466, 0.0296763, 0.0100597, 0.146163, 0.0247087, 0.0307863, 0.00994498, 0.0085423, -0.00355924, 0.0159646, 0.00953466, 0.0449523, 0.0224103, 0.0159646, 0.00953466, 0.0591164, 0.0156645, 0.118434, 0.0120288, 0.013834, 0.0062356, 0.0085423, -0.00355924, 0.0307863, 0.00994498, 0.146163, 0.0247087, 0.146163, 0.0247087, 0.825727, 0.110407, 0.146163, 0.0247087, 0.013834, 0.0062356, 0.118434, 0.0120288, 0.0591164, 0.0156645, 0.118434, 0.0120288, 0.00959966, 0.00386707, 0.00750737, 0.00847527, 0.0277628, 0.0128449, 0.0307863, 0.00994498, 0.146163, 0.0247087, 0.0254391, 0.0140392, 0.0122708, 0.00552546, 0.0159646, 0.00953466, 0.0157334, 0.0094197, 0.013834, 0.0062356, 0.00472791, -0.00246293, 0.0085423, -0.00355924, 0.00851755, 0.00646125, 0.0085423, -0.00355924, 0.00834519, -0.00171664, 0.00577682, 0.0102214, 0.0254391, 0.0140392, 0.00577682, 0.0102214, 0.00472791, -0.00246293, 0.0157334, 0.0094197, 0.0274267, 0.056038, 0.0122708, 0.00552546, 0.0157334, 0.0094197, 0.013834, 0.0062356, 0.000387923, -0.00424329, 0.00851755, 0.00646125, 0.00750737, 0.00847527, 0.0307863, 0.00994498, 0.0277628, 0.0128449, 0.146163, 0.0247087, 0.0296763, 0.0100597, 0.0157334, 0.0094197, 0.0591164, 0.0156645, 0.0449523, 0.0224103, 0.0159646, 0.00953466, 0.00750737, 0.00847527, 0.0204073, -0.00295366, 0.00750737, 0.00847527, 0.00750737, 0.00847527, 0.0307863, 0.00994498, 0.00577682, 0.0102214, 0.0274267, 0.056038, 0.0449523, 0.0224103, 0.0274267, 0.056038, 0.0122708, 0.00552546, 0.00577682, 0.0102214, 0.0307863, 0.00994498, 0.00750737, 0.00847527, 0.00959966, 0.00386707, 0.0122708, 0.00552546, 0.0277628, 0.0128449, 0.00750737, 0.00847527, 0.00959966, 0.00386707, 0.00851755, 0.00646125, 0.0085423, -0.00355924, 0.00472791, -0.00246293, 0.0157334, 0.0094197, 0.0159646, 0.00953466, 0.0122708, 0.00552546, 0.00834519, -0.00171664, 0.0254391, 0.0140392, 0.146163, 0.0247087, 0.0307863, 0.00994498, 0.0085423, -0.00355924, 0.013834, 0.0062356, 0.00577682, 0.0102214, 0.0296763, 0.0100597, 0.00577682, 0.0102214, 0.00472791, -0.00246293, 0.000387923, -0.00424329, 0.00472791, -0.00246293, ],[0.00184445, 0.00396837, 0.00582936, 0.00245882, 0.0127005, 0.0121831, 0.00184335, 0.0135373, 0.00195917, 0.00574482, 0.00184445, 0.00396837, 0.00794329, 0.00760615, 0.000548387, 0.00695997, 0.00794329, 0.00760615, 0.00195917, 0.00574482, 0.00184335, 0.0135373, 0.0127005, 0.0121831, 0.0142007, 0.0158955, 0.0778245, 0.0854699, 0.0142007, 0.0158955, 2.66919e-05, 0.00823999, 0.0218735, 0.028574, 0.00375231, 0.0126394, -0.000122535, 0.00623932, 0.00184335, 0.0135373, -0.0270494, 0.0478084, 0.00339048, 0.0172239, 0.0126719, 0.0509187, 0.0329079, 0.0512599, 0.00339048, 0.0172239, 0.00184445, 0.00396837, 2.66919e-05, 0.00823999, 0.0120098, 0.0192978, 0.0155882, 0.0236718, 0.0963703, 0.113406, 0.0134141, 0.0212749, 0.00582936, 0.00245882, 0.0127005, 0.0121831, 0.00339048, 0.0172239, 0.0142007, 0.0158955, 0.0155882, 0.0236718, 0.0963703, 0.113406, 0.0218735, 0.028574, 0.00794329, 0.00760615, 0.0142007, 0.0158955, 0.0126719, 0.0509187, 0.0142007, 0.0158955, 0.0329079, 0.0512599, 0.0778245, 0.0854699, 0.0127005, 0.0121831, 0.00794329, 0.00760615, 0.0218735, 0.028574, 0.0963703, 0.113406, 0.0963703, 0.113406, 0.532067, 0.64497, 0.0963703, 0.113406, 0.0127005, 0.0121831, 0.0778245, 0.0854699, 0.0329079, 0.0512599, 0.0778245, 0.0854699, 0.000548387, 0.00695997, 0.00375231, 0.0126394, 0.0134141, 0.0212749, 0.0218735, 0.028574, 0.0963703, 0.113406, 0.0120098, 0.0192978, 0.00184335, 0.0135373, 0.0142007, 0.0158955, 0.00339048, 0.0172239, 0.0127005, 0.0121831, 0.00184445, 0.00396837, 0.00794329, 0.00760615, -0.000122535, 0.00623932, 0.00794329, 0.00760615, 0.00195917, 0.00574482, 2.66919e-05, 0.00823999, 0.0120098, 0.0192978, 2.66919e-05, 0.00823999, 0.00184445, 0.00396837, 0.00339048, 0.0172239, -0.0270494, 0.0478084, 0.00184335, 0.0135373, 0.00339048, 0.0172239, 0.0127005, 0.0121831, 0.00582936, 0.00245882, -0.000122535, 0.00623932, 0.00375231, 0.0126394, 0.0218735, 0.028574, 0.0134141, 0.0212749, 0.0963703, 0.113406, 0.0155882, 0.0236718, 0.00339048, 0.0172239, 0.0329079, 0.0512599, 0.0126719, 0.0509187, 0.0142007, 0.0158955, 0.00375231, 0.0126394, 0.00665058, 0.0190973, 0.00375231, 0.0126394, 0.00375231, 0.0126394, 0.0218735, 0.028574, 2.66919e-05, 0.00823999, -0.0270494, 0.0478084, 0.0126719, 0.0509187, -0.0270494, 0.0478084, 0.00184335, 0.0135373, 2.66919e-05, 0.00823999, 0.0218735, 0.028574, 0.00375231, 0.0126394, 0.000548387, 0.00695997, 0.00184335, 0.0135373, 0.0134141, 0.0212749, 0.00375231, 0.0126394, 0.000548387, 0.00695997, -0.000122535, 0.00623932, 0.00794329, 0.00760615, 0.00184445, 0.00396837, 0.00339048, 0.0172239, 0.0142007, 0.0158955, 0.00184335, 0.0135373, 0.00195917, 0.00574482, 0.0120098, 0.0192978, 0.0963703, 0.113406, 0.0218735, 0.028574, 0.00794329, 0.00760615, 0.0127005, 0.0121831, 2.66919e-05, 0.00823999, 0.0155882, 0.0236718, 2.66919e-05, 0.00823999, 0.00184445, 0.00396837, 0.00582936, 0.00245882, 0.00184445, 0.00396837, ],]
