START_PARAMETERS
MAX_STEPS_MCDB =               32
MIN_STEPS_MCDB =               4
STEPS_CRUNCH_MCDB =            1
SWEEPS_MCDB =                  50
TOTAL_STEP_CHANGES =                  6
MCBB_SECONDARY =                  1
SWEEPS_MCBB_SECONDARY =                  100
NUMBER_OF_BANGS =                  4
GROUND_E =                -3.25859
INITIAL_E =               -3.10336
j_initial =               0.51
k_initial =               0.062
b_initial =               0
j_target =                0.716
k_target =                0.5
b_target =                0
init_target_dot_squared = 0.965634
init_state = [0.338074, 0, 0.520972, 0, 0.338074, 0, 0.338074, 0, 0.520972, 0, 0.338074, 0, ]
target_state = [0.263924, 0, 0.600573, 0, 0.263924, 0, 0.263924, 0, 0.600573, 0, 0.263924, 0, ]
USE_ENERGY_DISTANCE =     false
PERIODIC =                false
UNIFORM_SITES =           true
DEVICE_DIMENSION =        2
MAX_PARAM =               1
MIN_PARAM =               0
MIN_PARAM =               0
DIAG =                    true
NUM_SEEDS =               2
NUMBER_OF_BANGS =               4
DISTANCE_LIMIT =          0.01
TAU_INIT =                0.05
MAX_TAU =                 5
TAU_SCALAR =              1.2
TAU_SCALAR_TINY =         1.1
TAU_SCALAR_BIG =          1.4
ACCEPTANCE_PROB =         0.85
TEMP_EXP_DECAY =          0.8
MIN_TEMP_FRACTION =       0.01
TEMP_DECAY_ITERATIONS =   21
ZERO_TEMP_ITREATIONS =    15
RANDOM_STATES =           3
END_PARAMETERS
##############################################################################
clock_duration  =         1.37051
tau =                     0.05
total_steps =             32
time_step =               0.0015625
best_mc_result =          0.0323818
best_mc_result_non_secondary =          0.0323831
evolved_target_dot_squared =  0.967618
distance =          0.942276
j_protocol =  [[0, 0, 1, 1, 1, 1, 1, 1, 1, 1, 1, 1, 1, 1, 1, 1, 1, 1, 1, 1, 1, 1, 1, 1, 1, 1, 1, 1, 1, 1, 1, 1, ],[0, 0, 1, 1, 1, 1, 1, 1, 1, 1, 1, 1, 1, 1, 1, 1, 1, 1, 1, 1, 1, 1, 1, 1, 1, 1, 1, 1, 1, 1, 1, 1, ],]
k_protocol =  [[1, 1, 1, 1, 1, 1, 1, 1, 1, 1, 1, 1, 1, 1, 0, 0, 0, 0, 0, 0, 0, 0, 0, 0, 0, 0, 0, 0, 0, 0, 0, 0, ],[1, 1, 1, 1, 1, 1, 1, 1, 1, 1, 1, 1, 1, 1, 0, 0, 0, 0, 0, 0, 0, 0, 0, 0, 0, 0, 0, 0, 0, 0, 0, 0, ],]
j_protocol_secondary =  [0.00238281, 0.0179349, 0.0179349, 0.0415056, 0.0415056, 0.0437799, 0.0437799, 0.05, ]
k_protocol_secondary =  [0, 0.0034789, 0.0034789, 0.0163648, 0.0163648, 0.0196017, 0.0196017, 0.0219117, ]
best_evolved_state = [0.331474, 0.0492522, 0.51324, 0.109471, 0.331474, 0.0492522, 0.331474, 0.0492522, 0.51324, 0.109471, 0.331474, 0.0492522, ]
best_mc_result_fixed_tau =   [0.0323831, 0.0323831, ]
evolved_state_fixed_tau =   [[0.331581, 0.0484921, 0.513472, 0.108407, 0.331581, 0.0484921, 0.331581, 0.0484921, 0.513472, 0.108407, 0.331581, 0.0484921, ],[0.331581, 0.0484921, 0.513472, 0.108407, 0.331581, 0.0484921, 0.331581, 0.0484921, 0.513472, 0.108407, 0.331581, 0.0484921, ],]
##############################################################################
clock_duration  =         2.59478
tau =                     0.14
total_steps =             32
time_step =               0.004375
best_mc_result =          0.0205824
best_mc_result_non_secondary =          0.0205938
evolved_target_dot_squared =  0.979418
distance =          0.598925
j_protocol =  [[0, 1, 1, 1, 1, 1, 1, 1, 1, 1, 1, 1, 1, 1, 1, 1, 1, 1, 1, 1, 1, 1, 1, 1, 1, 1, 1, 1, 1, 1, 1, 1, ],[0, 1, 1, 1, 1, 1, 1, 1, 1, 1, 1, 1, 1, 1, 1, 1, 1, 1, 1, 1, 1, 1, 1, 1, 1, 1, 1, 1, 1, 1, 1, 1, ],]
k_protocol =  [[1, 1, 1, 1, 1, 1, 1, 1, 1, 1, 1, 1, 1, 1, 0, 0, 0, 0, 0, 0, 0, 0, 0, 0, 0, 0, 0, 0, 0, 0, 0, 0, ],[1, 1, 1, 1, 1, 1, 1, 1, 1, 1, 1, 1, 1, 1, 0, 0, 0, 0, 0, 0, 0, 0, 0, 0, 0, 0, 0, 0, 0, 0, 0, 0, ],]
j_protocol_secondary =  [0.00667775, 0.034355, 0.034355, 0.079905, 0.079905, 0.0854862, 0.0854862, 0.14, ]
k_protocol_secondary =  [0, 0.0422228, 0.0422228, 0.0604151, 0.089399, 0.089399, 0.104208, 0.104208, ]
best_evolved_state = [0.287646, 0.131184, 0.462428, 0.293702, 0.287646, 0.131184, 0.287646, 0.131184, 0.462428, 0.293702, 0.287646, 0.131184, ]
best_mc_result_fixed_tau =   [0.0205938, 0.0205938, ]
evolved_state_fixed_tau =   [[0.286548, 0.133165, 0.45988, 0.298036, 0.286548, 0.133165, 0.286548, 0.133165, 0.45988, 0.298036, 0.286548, 0.133165, ],[0.286548, 0.133165, 0.45988, 0.298036, 0.286548, 0.133165, 0.286548, 0.133165, 0.45988, 0.298036, 0.286548, 0.133165, ],]
##############################################################################
clock_duration  =         3.82555
tau =                     0.168
total_steps =             32
time_step =               0.00525
best_mc_result =          0.0157497
best_mc_result_non_secondary =          0.0157705
evolved_target_dot_squared =  0.98425
distance =          0.458301
j_protocol =  [[0, 1, 1, 1, 1, 1, 1, 1, 1, 1, 1, 1, 1, 1, 1, 1, 1, 1, 1, 1, 1, 1, 1, 1, 1, 1, 1, 1, 1, 1, 1, 1, ],[0, 1, 1, 1, 1, 1, 1, 1, 1, 1, 1, 1, 1, 1, 1, 1, 1, 1, 1, 1, 1, 1, 1, 1, 1, 1, 1, 1, 1, 1, 1, 1, ],]
k_protocol =  [[1, 1, 1, 1, 1, 1, 1, 1, 1, 1, 1, 1, 1, 1, 0, 0, 0, 0, 0, 0, 0, 0, 0, 0, 0, 0, 0, 0, 0, 0, 0, 0, ],[1, 1, 1, 1, 1, 1, 1, 1, 1, 1, 1, 1, 1, 1, 0, 0, 0, 0, 0, 0, 0, 0, 0, 0, 0, 0, 0, 0, 0, 0, 0, 0, ],]
j_protocol_secondary =  [0.00210119, 0.00210119, 0.00700012, 0.00700012, 0.00804542, 0.0713811, 0.0713811, 0.168, ]
k_protocol_secondary =  [0, 0.000670763, 0.000670763, 0.0452422, 0.0452422, 0.0718927, 0.136807, 0.136807, ]
best_evolved_state = [0.266418, 0.153506, 0.438191, 0.344824, 0.266418, 0.153506, 0.266418, 0.153506, 0.438191, 0.344824, 0.266418, 0.153506, ]
best_mc_result_fixed_tau =   [0.0157705, 0.0157705, ]
evolved_state_fixed_tau =   [[0.264644, 0.155591, 0.434013, 0.350917, 0.264644, 0.155591, 0.264644, 0.155591, 0.434013, 0.350917, 0.264644, 0.155591, ],[0.264644, 0.155591, 0.434013, 0.350917, 0.264644, 0.155591, 0.264644, 0.155591, 0.434013, 0.350917, 0.264644, 0.155591, ],]
##############################################################################
clock_duration  =         5.1099
tau =                     0.2016
total_steps =             32
time_step =               0.0063
best_mc_result =          0.0100261
best_mc_result_non_secondary =          0.0100731
evolved_target_dot_squared =  0.989974
distance =          0.29175
j_protocol =  [[0, 1, 1, 1, 1, 1, 1, 1, 1, 1, 1, 1, 1, 1, 1, 1, 1, 1, 1, 1, 1, 1, 1, 1, 1, 1, 1, 1, 1, 1, 1, 1, ],[0, 1, 1, 1, 1, 1, 1, 1, 1, 1, 1, 1, 1, 1, 1, 1, 1, 1, 1, 1, 1, 1, 1, 1, 1, 1, 1, 1, 1, 1, 1, 1, ],]
k_protocol =  [[1, 1, 1, 1, 1, 1, 1, 1, 1, 1, 1, 1, 1, 1, 0, 0, 0, 0, 0, 0, 0, 0, 0, 0, 0, 0, 0, 0, 0, 0, 0, 0, ],[1, 1, 1, 1, 1, 1, 1, 1, 1, 1, 1, 1, 1, 1, 0, 0, 0, 0, 0, 0, 0, 0, 0, 0, 0, 0, 0, 0, 0, 0, 0, 0, ],]
j_protocol_secondary =  [0.00961596, 0.0357456, 0.0357456, 0.0436237, 0.0436237, 0.0670622, 0.0670622, 0.2016, ]
k_protocol_secondary =  [0, 0.0455434, 0.0455434, 0.0578988, 0.0578988, 0.085232, 0.160746, 0.160746, ]
best_evolved_state = [0.236784, 0.177765, 0.404724, 0.401079, 0.236784, 0.177765, 0.236784, 0.177765, 0.404724, 0.401079, 0.236784, 0.177765, ]
best_mc_result_fixed_tau =   [0.0100731, 0.0100731, ]
evolved_state_fixed_tau =   [[0.23391, 0.179562, 0.39783, 0.409656, 0.23391, 0.179562, 0.23391, 0.179562, 0.39783, 0.409656, 0.23391, 0.179562, ],[0.23391, 0.179562, 0.39783, 0.409656, 0.23391, 0.179562, 0.23391, 0.179562, 0.39783, 0.409656, 0.23391, 0.179562, ],]
##############################################################################
clock_duration  =         9.75919
tau =                     0.20223
total_steps =             32
time_step =               0.00756
best_mc_result =          0.00992358
best_mc_result_non_secondary =          0
evolved_target_dot_squared =  0.990076
distance =          0.288766
j_protocol =  [[0, 0, 0, 0, 0, 0, 0, 0, 0, 0, 0, 0, 0, 0, 0, 0, 0, 0, 0, 0, 0, 0, 0, 0, 0, 0, 0, 0, 0, 0, 0, 0, ],[0, 0, 0, 0, 0, 0, 0, 0, 0, 0, 0, 0, 0, 0, 0, 0, 0, 0, 0, 0, 0, 0, 0, 0, 0, 0, 0, 0, 0, 0, 0, 0, ],]
k_protocol =  [[0, 0, 0, 0, 0, 0, 0, 0, 0, 0, 0, 0, 0, 0, 0, 0, 0, 0, 0, 0, 0, 0, 0, 0, 0, 0, 0, 0, 0, 0, 0, 0, ],[0, 0, 0, 0, 0, 0, 0, 0, 0, 0, 0, 0, 0, 0, 0, 0, 0, 0, 0, 0, 0, 0, 0, 0, 0, 0, 0, 0, 0, 0, 0, 0, ],]
j_protocol_secondary =  [0.00969481, 0.0221837, 0.0221837, 0.138167, 0.138167, 0.166908, 0.166908, 0.20223, ]
k_protocol_secondary =  [0, 0.0641651, 0.0641651, 0.0704221, 0.0704221, 0.0854373, 0.150113, 0.150113, ]
best_evolved_state = [0.23623, 0.178162, 0.404153, 0.401955, 0.23623, 0.178162, 0.23623, 0.178162, 0.404153, 0.401955, 0.23623, 0.178162, ]
best_mc_result_fixed_tau =   [0.00419959, 0.00419959, ]
evolved_state_fixed_tau =   [[0.199212, 0.201053, 0.366612, 0.453189, 0.199212, 0.201053, 0.199212, 0.201053, 0.366612, 0.453189, 0.199212, 0.201053, ],[0.199212, 0.201053, 0.366612, 0.453189, 0.199212, 0.201053, 0.199212, 0.201053, 0.366612, 0.453189, 0.199212, 0.201053, ],]
