START_PARAMETERS
MAX_STEPS_MCDB =               32
MIN_STEPS_MCDB =               4
STEPS_CRUNCH_MCDB =            1
SWEEPS_MCDB =                  50
TOTAL_STEP_CHANGES =                  6
MCBB_SECONDARY =                  1
SWEEPS_MCBB_SECONDARY =                  100
NUMBER_OF_BANGS =                  4
GROUND_E =                -2.06066
INITIAL_E =               -1.90012
j_initial =               0.443
k_initial =               0.5
b_initial =               0
j_target =                0.125
k_target =                0.5
b_target =                0
init_target_dot_squared = 0.924321
init_state = [-0.216857, 0, -0.637139, 0, -0.216857, 0, -0.216857, 0, -0.637139, 0, -0.216857, 0, ]
target_state = [-0.084551, 0, -0.696923, 0, -0.084551, 0, -0.084551, 0, -0.696923, 0, -0.084551, 0, ]
USE_ENERGY_DISTANCE =     false
PERIODIC =                false
UNIFORM_SITES =           true
DEVICE_DIMENSION =        2
MAX_PARAM =               1
MIN_PARAM =               0
MIN_PARAM =               0
DIAG =                    true
NUM_SEEDS =               2
NUMBER_OF_BANGS =               4
DISTANCE_LIMIT =          0.01
TAU_INIT =                0.05
MAX_TAU =                 5
TAU_SCALAR =              1.2
TAU_SCALAR_TINY =         1.1
TAU_SCALAR_BIG =          1.4
ACCEPTANCE_PROB =         0.85
TEMP_EXP_DECAY =          0.8
MIN_TEMP_FRACTION =       0.01
TEMP_DECAY_ITERATIONS =   21
ZERO_TEMP_ITREATIONS =    15
RANDOM_STATES =           3
END_PARAMETERS
##############################################################################
clock_duration  =         1.32332
tau =                     0.05
total_steps =             32
time_step =               0.0015625
best_mc_result =          0.0725736
best_mc_result_non_secondary =          0.0725753
evolved_target_dot_squared =  0.927426
distance =          0.958962
j_protocol =  [[0, 0, 0, 0, 0, 0, 0, 0, 0, 0, 0, 0, 0, 0, 0, 1, 1, 1, 1, 1, 1, 1, 1, 1, 1, 1, 1, 1, 1, 1, 1, 1, ],[0, 0, 0, 0, 0, 0, 0, 0, 0, 0, 0, 0, 0, 0, 0, 1, 1, 1, 1, 1, 1, 1, 1, 1, 1, 1, 1, 1, 1, 1, 1, 1, ],]
k_protocol =  [[1, 1, 1, 1, 1, 1, 1, 1, 1, 1, 1, 1, 1, 1, 1, 1, 1, 1, 1, 1, 1, 1, 1, 1, 1, 1, 1, 1, 1, 0, 0, 0, ],[1, 1, 1, 1, 1, 1, 1, 1, 1, 1, 1, 1, 1, 1, 1, 1, 1, 1, 1, 1, 1, 1, 1, 1, 1, 1, 1, 1, 1, 0, 0, 0, ],]
j_protocol_secondary =  [0.0171691, 0.0171691, 0.0237873, 0.0274695, 0.0274695, 0.0498419, 0.0498419, 0.05, ]
k_protocol_secondary =  [0, 0.0124217, 0.0124217, 0.0127262, 0.0127262, 0.0447616, 0.0448429, 0.0448429, ]
best_evolved_state = [-0.211426, -0.0329881, -0.624461, -0.135907, -0.211426, -0.0329881, -0.211426, -0.0329881, -0.624461, -0.135907, -0.211426, -0.0329881, ]
best_mc_result_fixed_tau =   [0.0725753, 0.0725753, ]
evolved_state_fixed_tau =   [[-0.211354, -0.0334269, -0.624096, -0.137579, -0.211354, -0.0334269, -0.211354, -0.0334269, -0.624096, -0.137579, -0.211354, -0.0334269, ],[-0.211354, -0.0334269, -0.624096, -0.137579, -0.211354, -0.0334269, -0.211354, -0.0334269, -0.624096, -0.137579, -0.211354, -0.0334269, ],]
##############################################################################
clock_duration  =         2.65263
tau =                     0.14
total_steps =             32
time_step =               0.004375
best_mc_result =          0.0533713
best_mc_result_non_secondary =          0.0534046
evolved_target_dot_squared =  0.946629
distance =          0.705229
j_protocol =  [[0, 0, 0, 0, 0, 0, 0, 0, 0, 0, 0, 0, 0, 0, 0, 1, 1, 1, 1, 1, 1, 1, 1, 1, 1, 1, 1, 1, 1, 1, 1, 1, ],[0, 0, 0, 0, 0, 0, 0, 0, 0, 0, 0, 0, 0, 0, 0, 1, 1, 1, 1, 1, 1, 1, 1, 1, 1, 1, 1, 1, 1, 1, 1, 1, ],]
k_protocol =  [[1, 1, 1, 1, 1, 1, 1, 1, 1, 1, 1, 1, 1, 1, 1, 1, 1, 1, 1, 1, 1, 1, 1, 1, 1, 1, 1, 1, 1, 0, 0, 0, ],[1, 1, 1, 1, 1, 1, 1, 1, 1, 1, 1, 1, 1, 1, 1, 1, 1, 1, 1, 1, 1, 1, 1, 1, 1, 1, 1, 1, 1, 0, 0, 0, ],]
j_protocol_secondary =  [0.0388961, 0.0388961, 0.0506665, 0.0506665, 0.0678054, 0.0847571, 0.0847571, 0.14, ]
k_protocol_secondary =  [0, 0.0301233, 0.0301233, 0.104714, 0.104714, 0.109408, 0.109408, 0.125547, ]
best_evolved_state = [-0.176074, -0.0831644, -0.540673, -0.363092, -0.176074, -0.0831644, -0.176074, -0.0831644, -0.540673, -0.363092, -0.176074, -0.0831644, ]
best_mc_result_fixed_tau =   [0.0534046, 0.0534046, ]
evolved_state_fixed_tau =   [[-0.175011, -0.0856981, -0.537593, -0.367488, -0.175011, -0.0856981, -0.175011, -0.0856981, -0.537593, -0.367488, -0.175011, -0.0856981, ],[-0.175011, -0.0856981, -0.537593, -0.367488, -0.175011, -0.0856981, -0.175011, -0.0856981, -0.537593, -0.367488, -0.175011, -0.0856981, ],]
##############################################################################
clock_duration  =         4.00707
tau =                     0.168
total_steps =             32
time_step =               0.00525
best_mc_result =          0.0449815
best_mc_result_non_secondary =          0.0450214
evolved_target_dot_squared =  0.955018
distance =          0.59437
j_protocol =  [[0, 0, 0, 0, 0, 0, 0, 0, 0, 0, 0, 0, 0, 0, 0, 0, 1, 1, 1, 1, 1, 1, 1, 1, 1, 1, 1, 1, 1, 1, 1, 1, ],[0, 0, 0, 0, 0, 0, 0, 0, 0, 0, 0, 0, 0, 0, 0, 0, 1, 1, 1, 1, 1, 1, 1, 1, 1, 1, 1, 1, 1, 1, 1, 1, ],]
k_protocol =  [[1, 1, 1, 1, 1, 1, 1, 1, 1, 1, 1, 1, 1, 1, 1, 1, 1, 1, 1, 1, 1, 1, 1, 1, 1, 1, 1, 1, 1, 0, 0, 0, ],[1, 1, 1, 1, 1, 1, 1, 1, 1, 1, 1, 1, 1, 1, 1, 1, 1, 1, 1, 1, 1, 1, 1, 1, 1, 1, 1, 1, 1, 0, 0, 0, ],]
j_protocol_secondary =  [0.057332, 0.057332, 0.0821231, 0.151289, 0.151289, 0.164036, 0.164036, 0.168, ]
k_protocol_secondary =  [0, 0.0464729, 0.0464729, 0.0528078, 0.0528078, 0.0755611, 0.0755611, 0.150781, ]
best_evolved_state = [-0.159423, -0.0943969, -0.500325, -0.425466, -0.159423, -0.0943969, -0.159423, -0.0943969, -0.500325, -0.425466, -0.159423, -0.0943969, ]
best_mc_result_fixed_tau =   [0.0450214, 0.0450214, ]
evolved_state_fixed_tau =   [[-0.160346, -0.0921622, -0.499044, -0.427254, -0.160346, -0.0921622, -0.160346, -0.0921622, -0.499044, -0.427254, -0.160346, -0.0921622, ],[-0.160346, -0.0921622, -0.499044, -0.427254, -0.160346, -0.0921622, -0.160346, -0.0921622, -0.499044, -0.427254, -0.160346, -0.0921622, ],]
##############################################################################
clock_duration  =         5.3684
tau =                     0.2016
total_steps =             32
time_step =               0.0063
best_mc_result =          0.0343387
best_mc_result_non_secondary =          0.0343565
evolved_target_dot_squared =  0.965661
distance =          0.453739
j_protocol =  [[0, 0, 0, 0, 0, 0, 0, 0, 0, 0, 0, 0, 0, 0, 0, 0, 1, 1, 1, 1, 1, 1, 1, 1, 1, 1, 1, 1, 1, 1, 1, 1, ],[0, 0, 0, 0, 0, 0, 0, 0, 0, 0, 0, 0, 0, 0, 0, 0, 1, 1, 1, 1, 1, 1, 1, 1, 1, 1, 1, 1, 1, 1, 1, 1, ],]
k_protocol =  [[1, 1, 1, 1, 1, 1, 1, 1, 1, 1, 1, 1, 1, 1, 1, 1, 1, 1, 1, 1, 1, 1, 1, 1, 1, 1, 1, 1, 1, 0, 0, 0, ],[1, 1, 1, 1, 1, 1, 1, 1, 1, 1, 1, 1, 1, 1, 1, 1, 1, 1, 1, 1, 1, 1, 1, 1, 1, 1, 1, 1, 1, 0, 0, 0, ],]
j_protocol_secondary =  [0.0336579, 0.0336579, 0.046085, 0.046085, 0.0786882, 0.0786882, 0.0997632, 0.2016, ]
k_protocol_secondary =  [0, 0.126172, 0.126172, 0.146812, 0.146812, 0.150801, 0.150801, 0.181202, ]
best_evolved_state = [-0.136723, -0.104325, -0.444217, -0.493475, -0.136723, -0.104325, -0.136723, -0.104325, -0.444217, -0.493475, -0.136723, -0.104325, ]
best_mc_result_fixed_tau =   [0.0343565, 0.0343565, ]
evolved_state_fixed_tau =   [[-0.137282, -0.103077, -0.44206, -0.495622, -0.137282, -0.103077, -0.137282, -0.103077, -0.44206, -0.495622, -0.137282, -0.103077, ],[-0.137282, -0.103077, -0.44206, -0.495622, -0.137282, -0.103077, -0.137282, -0.103077, -0.44206, -0.495622, -0.137282, -0.103077, ],]
##############################################################################
clock_duration  =         6.6984
tau =                     0.24192
total_steps =             32
time_step =               0.00756
best_mc_result =          0.021822
best_mc_result_non_secondary =          0.0218287
evolved_target_dot_squared =  0.978178
distance =          0.288348
j_protocol =  [[0, 0, 0, 0, 0, 0, 0, 0, 0, 0, 0, 0, 0, 0, 0, 0, 1, 1, 1, 1, 1, 1, 1, 1, 1, 1, 1, 1, 1, 1, 1, 1, ],[0, 0, 0, 0, 0, 0, 0, 0, 0, 0, 0, 0, 0, 0, 0, 0, 1, 1, 1, 1, 1, 1, 1, 1, 1, 1, 1, 1, 1, 1, 1, 1, ],]
k_protocol =  [[1, 1, 1, 1, 1, 1, 1, 1, 1, 1, 1, 1, 1, 1, 1, 1, 1, 1, 1, 1, 1, 1, 1, 1, 1, 1, 1, 1, 1, 0, 0, 0, ],[1, 1, 1, 1, 1, 1, 1, 1, 1, 1, 1, 1, 1, 1, 1, 1, 1, 1, 1, 1, 1, 1, 1, 1, 1, 1, 1, 1, 1, 0, 0, 0, ],]
j_protocol_secondary =  [0.121934, 0.161328, 0.161328, 0.180335, 0.180335, 0.201543, 0.201543, 0.24192, ]
k_protocol_secondary =  [0, 0.00272852, 0.00272852, 0.0537467, 0.0537467, 0.217893, 0.218506, 0.218506, ]
best_evolved_state = [-0.106749, -0.110266, -0.367659, -0.563666, -0.106749, -0.110266, -0.106749, -0.110266, -0.367659, -0.563666, -0.106749, -0.110266, ]
best_mc_result_fixed_tau =   [0.0218287, 0.0218287, ]
evolved_state_fixed_tau =   [[-0.105924, -0.111122, -0.363907, -0.56607, -0.105924, -0.111122, -0.105924, -0.111122, -0.363907, -0.56607, -0.105924, -0.111122, ],[-0.105924, -0.111122, -0.363907, -0.56607, -0.105924, -0.111122, -0.105924, -0.111122, -0.363907, -0.56607, -0.105924, -0.111122, ],]
##############################################################################
clock_duration  =         8.66106
tau =                     0.266112
total_steps =             32
time_step =               0.009072
best_mc_result =          0.0150179
best_mc_result_non_secondary =          0
evolved_target_dot_squared =  0.984982
distance =          0.198442
j_protocol =  [[0, 0, 0, 0, 0, 0, 0, 0, 0, 0, 0, 0, 0, 0, 0, 0, 0, 0, 0, 0, 0, 0, 0, 0, 0, 0, 0, 0, 0, 0, 0, 0, ],[0, 0, 0, 0, 0, 0, 0, 0, 0, 0, 0, 0, 0, 0, 0, 0, 0, 0, 0, 0, 0, 0, 0, 0, 0, 0, 0, 0, 0, 0, 0, 0, ],]
k_protocol =  [[0, 0, 0, 0, 0, 0, 0, 0, 0, 0, 0, 0, 0, 0, 0, 0, 0, 0, 0, 0, 0, 0, 0, 0, 0, 0, 0, 0, 0, 0, 0, 0, ],[0, 0, 0, 0, 0, 0, 0, 0, 0, 0, 0, 0, 0, 0, 0, 0, 0, 0, 0, 0, 0, 0, 0, 0, 0, 0, 0, 0, 0, 0, 0, 0, ],]
j_protocol_secondary =  [0.0399562, 0.0399562, 0.041382, 0.041382, 0.135758, 0.163024, 0.163024, 0.266112, ]
k_protocol_secondary =  [0, 0.028261, 0.028261, 0.0664754, 0.0664754, 0.240023, 0.261117, 0.261117, ]
best_evolved_state = [-0.0878709, -0.110552, -0.317736, -0.599298, -0.0878709, -0.110552, -0.0878709, -0.110552, -0.317736, -0.599298, -0.0878709, -0.110552, ]
best_mc_result_fixed_tau =   [0.00925264, 0.00925264, ]
evolved_state_fixed_tau =   [[-0.0730792, -0.105722, -0.289042, -0.619209, -0.0730792, -0.105722, -0.0730792, -0.105722, -0.289042, -0.619209, -0.0730792, -0.105722, ],[-0.0730792, -0.105722, -0.289042, -0.619209, -0.0730792, -0.105722, -0.0730792, -0.105722, -0.289042, -0.619209, -0.0730792, -0.105722, ],]
##############################################################################
clock_duration  =         9.22474
tau =                     0.278208
total_steps =             32
time_step =               0.009072
best_mc_result =          0.0119413
best_mc_result_non_secondary =          0
evolved_target_dot_squared =  0.988059
distance =          0.157789
j_protocol =  [[0, 0, 0, 0, 0, 0, 0, 0, 0, 0, 0, 0, 0, 0, 0, 0, 0, 0, 0, 0, 0, 0, 0, 0, 0, 0, 0, 0, 0, 0, 0, 0, ],[0, 0, 0, 0, 0, 0, 0, 0, 0, 0, 0, 0, 0, 0, 0, 0, 0, 0, 0, 0, 0, 0, 0, 0, 0, 0, 0, 0, 0, 0, 0, 0, ],]
k_protocol =  [[0, 0, 0, 0, 0, 0, 0, 0, 0, 0, 0, 0, 0, 0, 0, 0, 0, 0, 0, 0, 0, 0, 0, 0, 0, 0, 0, 0, 0, 0, 0, 0, ],[0, 0, 0, 0, 0, 0, 0, 0, 0, 0, 0, 0, 0, 0, 0, 0, 0, 0, 0, 0, 0, 0, 0, 0, 0, 0, 0, 0, 0, 0, 0, 0, ],]
j_protocol_secondary =  [0.0417723, 0.0417723, 0.043263, 0.043263, 0.14286, 0.170434, 0.170434, 0.278208, ]
k_protocol_secondary =  [0, 0.0295455, 0.0295455, 0.069497, 0.069497, 0.251098, 0.272986, 0.272986, ]
best_evolved_state = [-0.078341, -0.109715, -0.291945, -0.615157, -0.078341, -0.109715, -0.078341, -0.109715, -0.291945, -0.615157, -0.078341, -0.109715, ]
best_mc_result_fixed_tau =   [0.00925264, 0.00925264, ]
evolved_state_fixed_tau =   [[-0.0730792, -0.105722, -0.289042, -0.619209, -0.0730792, -0.105722, -0.0730792, -0.105722, -0.289042, -0.619209, -0.0730792, -0.105722, ],[-0.0730792, -0.105722, -0.289042, -0.619209, -0.0730792, -0.105722, -0.0730792, -0.105722, -0.289042, -0.619209, -0.0730792, -0.105722, ],]
##############################################################################
clock_duration  =         9.79015
tau =                     0.284256
total_steps =             32
time_step =               0.009072
best_mc_result =          0.0105017
best_mc_result_non_secondary =          0
evolved_target_dot_squared =  0.989498
distance =          0.138766
j_protocol =  [[0, 0, 0, 0, 0, 0, 0, 0, 0, 0, 0, 0, 0, 0, 0, 0, 0, 0, 0, 0, 0, 0, 0, 0, 0, 0, 0, 0, 0, 0, 0, 0, ],[0, 0, 0, 0, 0, 0, 0, 0, 0, 0, 0, 0, 0, 0, 0, 0, 0, 0, 0, 0, 0, 0, 0, 0, 0, 0, 0, 0, 0, 0, 0, 0, ],]
k_protocol =  [[0, 0, 0, 0, 0, 0, 0, 0, 0, 0, 0, 0, 0, 0, 0, 0, 0, 0, 0, 0, 0, 0, 0, 0, 0, 0, 0, 0, 0, 0, 0, 0, ],[0, 0, 0, 0, 0, 0, 0, 0, 0, 0, 0, 0, 0, 0, 0, 0, 0, 0, 0, 0, 0, 0, 0, 0, 0, 0, 0, 0, 0, 0, 0, 0, ],]
j_protocol_secondary =  [0.0426804, 0.0426804, 0.0442035, 0.0442035, 0.146436, 0.174139, 0.174139, 0.284256, ]
k_protocol_secondary =  [0, 0.0301878, 0.0301878, 0.0710078, 0.0710078, 0.256669, 0.27892, 0.27892, ]
best_evolved_state = [-0.0735505, -0.109069, -0.278778, -0.622633, -0.0735505, -0.109069, -0.0735505, -0.109069, -0.278778, -0.622633, -0.0735505, -0.109069, ]
best_mc_result_fixed_tau =   [0.00925264, 0.00925264, ]
evolved_state_fixed_tau =   [[-0.0730792, -0.105722, -0.289042, -0.619209, -0.0730792, -0.105722, -0.0730792, -0.105722, -0.289042, -0.619209, -0.0730792, -0.105722, ],[-0.0730792, -0.105722, -0.289042, -0.619209, -0.0730792, -0.105722, -0.0730792, -0.105722, -0.289042, -0.619209, -0.0730792, -0.105722, ],]
##############################################################################
clock_duration  =         10.9466
tau =                     0.285768
total_steps =             32
time_step =               0.009072
best_mc_result =          0.0101529
best_mc_result_non_secondary =          0
evolved_target_dot_squared =  0.989847
distance =          0.134157
j_protocol =  [[0, 0, 0, 0, 0, 0, 0, 0, 0, 0, 0, 0, 0, 0, 0, 0, 0, 0, 0, 0, 0, 0, 0, 0, 0, 0, 0, 0, 0, 0, 0, 0, ],[0, 0, 0, 0, 0, 0, 0, 0, 0, 0, 0, 0, 0, 0, 0, 0, 0, 0, 0, 0, 0, 0, 0, 0, 0, 0, 0, 0, 0, 0, 0, 0, ],]
k_protocol =  [[0, 0, 0, 0, 0, 0, 0, 0, 0, 0, 0, 0, 0, 0, 0, 0, 0, 0, 0, 0, 0, 0, 0, 0, 0, 0, 0, 0, 0, 0, 0, 0, ],[0, 0, 0, 0, 0, 0, 0, 0, 0, 0, 0, 0, 0, 0, 0, 0, 0, 0, 0, 0, 0, 0, 0, 0, 0, 0, 0, 0, 0, 0, 0, 0, ],]
j_protocol_secondary =  [0.0429075, 0.0429075, 0.0444386, 0.0444386, 0.147381, 0.175066, 0.175066, 0.285768, ]
k_protocol_secondary =  [0, 0.0303484, 0.0303484, 0.0713855, 0.0713855, 0.258029, 0.280404, 0.280404, ]
best_evolved_state = [-0.0723948, -0.108844, -0.275588, -0.6244, -0.0723948, -0.108844, -0.0723948, -0.108844, -0.275588, -0.6244, -0.0723948, -0.108844, ]
best_mc_result_fixed_tau =   [0.00925264, 0.00925264, ]
evolved_state_fixed_tau =   [[-0.0730792, -0.105722, -0.289042, -0.619209, -0.0730792, -0.105722, -0.0730792, -0.105722, -0.289042, -0.619209, -0.0730792, -0.105722, ],[-0.0730792, -0.105722, -0.289042, -0.619209, -0.0730792, -0.105722, -0.0730792, -0.105722, -0.289042, -0.619209, -0.0730792, -0.105722, ],]
##############################################################################
clock_duration  =         11.5166
tau =                     0.286524
total_steps =             32
time_step =               0.009072
best_mc_result =          0.0099802
best_mc_result_non_secondary =          0
evolved_target_dot_squared =  0.99002
distance =          0.131875
j_protocol =  [[0, 0, 0, 0, 0, 0, 0, 0, 0, 0, 0, 0, 0, 0, 0, 0, 0, 0, 0, 0, 0, 0, 0, 0, 0, 0, 0, 0, 0, 0, 0, 0, ],[0, 0, 0, 0, 0, 0, 0, 0, 0, 0, 0, 0, 0, 0, 0, 0, 0, 0, 0, 0, 0, 0, 0, 0, 0, 0, 0, 0, 0, 0, 0, 0, ],]
k_protocol =  [[0, 0, 0, 0, 0, 0, 0, 0, 0, 0, 0, 0, 0, 0, 0, 0, 0, 0, 0, 0, 0, 0, 0, 0, 0, 0, 0, 0, 0, 0, 0, 0, ],[0, 0, 0, 0, 0, 0, 0, 0, 0, 0, 0, 0, 0, 0, 0, 0, 0, 0, 0, 0, 0, 0, 0, 0, 0, 0, 0, 0, 0, 0, 0, 0, ],]
j_protocol_secondary =  [0.043021, 0.043021, 0.0445562, 0.0445562, 0.147816, 0.175529, 0.175529, 0.286524, ]
k_protocol_secondary =  [0, 0.0304287, 0.0304287, 0.0715744, 0.0715744, 0.258739, 0.281146, 0.281146, ]
best_evolved_state = [-0.0717822, -0.108759, -0.273887, -0.625319, -0.0717822, -0.108759, -0.0717822, -0.108759, -0.273887, -0.625319, -0.0717822, -0.108759, ]
best_mc_result_fixed_tau =   [0.00925264, 0.00925264, ]
evolved_state_fixed_tau =   [[-0.0730792, -0.105722, -0.289042, -0.619209, -0.0730792, -0.105722, -0.0730792, -0.105722, -0.289042, -0.619209, -0.0730792, -0.105722, ],[-0.0730792, -0.105722, -0.289042, -0.619209, -0.0730792, -0.105722, -0.0730792, -0.105722, -0.289042, -0.619209, -0.0730792, -0.105722, ],]
