START_PARAMETERS
MAX_STEPS_MCDB =               32
MIN_STEPS_MCDB =               4
STEPS_CRUNCH_MCDB =            1
SWEEPS_MCDB =                  50
TOTAL_STEP_CHANGES =                  6
MCBB_SECONDARY =                  1
SWEEPS_MCBB_SECONDARY =                  100
NUMBER_OF_BANGS =                  4
GROUND_E =                -2.05216
INITIAL_E =               -0.752249
j_initial =               0.051
k_initial =               0.5
b_initial =               0
j_target =                0.631
k_target =                0.125
b_target =                0
init_target_dot_squared = 0.639346
init_state = [-0.0357848, 0, -0.705293, 0, -0.0357848, 0, -0.0357848, 0, -0.705293, 0, -0.0357848, 0, ]
target_state = [0.328115, 0, 0.533555, 0, 0.328115, 0, 0.328115, 0, 0.533555, 0, 0.328115, 0, ]
USE_ENERGY_DISTANCE =     false
PERIODIC =                false
UNIFORM_SITES =           true
DEVICE_DIMENSION =        2
MAX_PARAM =               1
MIN_PARAM =               0
MIN_PARAM =               0
DIAG =                    true
NUM_SEEDS =               2
NUMBER_OF_BANGS =               4
DISTANCE_LIMIT =          0.01
TAU_INIT =                0.05
MAX_TAU =                 5
TAU_SCALAR =              1.2
TAU_SCALAR_TINY =         1.1
TAU_SCALAR_BIG =          1.4
ACCEPTANCE_PROB =         0.85
TEMP_EXP_DECAY =          0.8
MIN_TEMP_FRACTION =       0.01
TEMP_DECAY_ITERATIONS =   21
ZERO_TEMP_ITREATIONS =    15
RANDOM_STATES =           3
END_PARAMETERS
##############################################################################
clock_duration  =         1.93872
tau =                     0.05
total_steps =             32
time_step =               0.0015625
best_mc_result =          0.350311
best_mc_result_non_secondary =          0.350314
evolved_target_dot_squared =  0.649689
distance =          0.971322
j_protocol =  [[1, 1, 1, 1, 1, 1, 1, 1, 1, 1, 1, 1, 1, 1, 1, 1, 1, 1, 1, 1, 1, 1, 1, 1, 1, 1, 1, 0, 0, 0, 0, 0, ],[1, 1, 1, 1, 1, 1, 1, 1, 1, 1, 1, 1, 1, 1, 1, 1, 1, 1, 1, 1, 1, 1, 1, 1, 1, 1, 1, 0, 0, 0, 0, 0, ],]
k_protocol =  [[0, 0, 0, 1, 1, 1, 1, 1, 1, 1, 1, 1, 1, 1, 1, 1, 1, 1, 1, 1, 1, 1, 1, 1, 1, 1, 1, 1, 1, 1, 1, 1, ],[0, 0, 0, 1, 1, 1, 1, 1, 1, 1, 1, 1, 1, 1, 1, 1, 1, 1, 1, 1, 1, 1, 1, 1, 1, 1, 1, 1, 1, 1, 1, 1, ],]
j_protocol_secondary =  [0, 0.000610618, 0.000610618, 0.0254921, 0.0254921, 0.0326541, 0.0326541, 0.0423004, ]
k_protocol_secondary =  [0.00391903, 0.0171687, 0.0171687, 0.020063, 0.020063, 0.0371924, 0.0371924, 0.05, ]
best_evolved_state = [-0.0313918, -0.0593002, -0.68766, -0.134612, -0.0313918, -0.0593002, -0.0313918, -0.0593002, -0.68766, -0.134612, -0.0313918, -0.0593002, ]
best_mc_result_fixed_tau =   [0.350314, 0.350314, ]
evolved_state_fixed_tau =   [[-0.0315807, -0.0591565, -0.688081, -0.132479, -0.0315807, -0.0591565, -0.0315807, -0.0591565, -0.688081, -0.132479, -0.0315807, -0.0591565, ],[-0.0315807, -0.0591565, -0.688081, -0.132479, -0.0315807, -0.0591565, -0.0315807, -0.0591565, -0.688081, -0.132479, -0.0315807, -0.0591565, ],]
##############################################################################
clock_duration  =         4.40393
tau =                     0.14
total_steps =             32
time_step =               0.004375
best_mc_result =          0.284961
best_mc_result_non_secondary =          0.284992
evolved_target_dot_squared =  0.715039
distance =          0.790123
j_protocol =  [[1, 1, 1, 1, 1, 1, 1, 1, 1, 1, 1, 1, 1, 1, 1, 1, 1, 1, 1, 1, 1, 1, 1, 1, 1, 1, 1, 0, 0, 0, 0, 0, ],[1, 1, 1, 1, 1, 1, 1, 1, 1, 1, 1, 1, 1, 1, 1, 1, 1, 1, 1, 1, 1, 1, 1, 1, 1, 1, 1, 0, 0, 0, 0, 0, ],]
k_protocol =  [[0, 0, 1, 1, 1, 1, 1, 1, 1, 1, 1, 1, 1, 1, 1, 1, 1, 1, 1, 1, 1, 1, 1, 1, 1, 1, 1, 1, 1, 1, 1, 1, ],[0, 0, 1, 1, 1, 1, 1, 1, 1, 1, 1, 1, 1, 1, 1, 1, 1, 1, 1, 1, 1, 1, 1, 1, 1, 1, 1, 1, 1, 1, 1, 1, ],]
j_protocol_secondary =  [0, 0.0256942, 0.0256942, 0.0281257, 0.0281257, 0.0922406, 0.0922406, 0.11682, ]
k_protocol_secondary =  [0.0108095, 0.0802019, 0.0802019, 0.113964, 0.113964, 0.12721, 0.12721, 0.14, ]
best_evolved_state = [-0.00322652, -0.157143, -0.572581, -0.350346, -0.00322652, -0.157143, -0.00322652, -0.157143, -0.572581, -0.350346, -0.00322652, -0.157143, ]
best_mc_result_fixed_tau =   [0.284992, 0.284992, ]
evolved_state_fixed_tau =   [[-0.00125034, -0.158446, -0.568958, -0.355068, -0.00125034, -0.158446, -0.00125034, -0.158446, -0.568958, -0.355068, -0.00125034, -0.158446, ],[-0.00125034, -0.158446, -0.568958, -0.355068, -0.00125034, -0.158446, -0.00125034, -0.158446, -0.568958, -0.355068, -0.00125034, -0.158446, ],]
##############################################################################
clock_duration  =         6.87779
tau =                     0.168
total_steps =             32
time_step =               0.00525
best_mc_result =          0.255408
best_mc_result_non_secondary =          0.255469
evolved_target_dot_squared =  0.744592
distance =          0.70818
j_protocol =  [[1, 1, 1, 1, 1, 1, 1, 1, 1, 1, 1, 1, 1, 1, 1, 1, 1, 1, 1, 1, 1, 1, 1, 1, 1, 1, 1, 0, 0, 0, 0, 0, ],[1, 1, 1, 1, 1, 1, 1, 1, 1, 1, 1, 1, 1, 1, 1, 1, 1, 1, 1, 1, 1, 1, 1, 1, 1, 1, 1, 0, 0, 0, 0, 0, ],]
k_protocol =  [[0, 0, 1, 1, 1, 1, 1, 1, 1, 1, 1, 1, 1, 1, 1, 1, 1, 1, 1, 1, 1, 1, 1, 1, 1, 1, 1, 1, 1, 1, 1, 1, ],[0, 0, 1, 1, 1, 1, 1, 1, 1, 1, 1, 1, 1, 1, 1, 1, 1, 1, 1, 1, 1, 1, 1, 1, 1, 1, 1, 1, 1, 1, 1, 1, ],]
j_protocol_secondary =  [0, 0.0330874, 0.0330874, 0.0584608, 0.0584608, 0.0804918, 0.0804918, 0.139092, ]
k_protocol_secondary =  [0.0128443, 0.0378675, 0.0378675, 0.0755848, 0.0755848, 0.101573, 0.101573, 0.168, ]
best_evolved_state = [0.0097491, -0.183392, -0.518115, -0.405095, 0.0097491, -0.183392, 0.0097491, -0.183392, -0.518115, -0.405095, 0.0097491, -0.183392, ]
best_mc_result_fixed_tau =   [0.255469, 0.255469, ]
evolved_state_fixed_tau =   [[0.0131907, -0.185929, -0.512485, -0.409721, 0.0131907, -0.185929, 0.0131907, -0.185929, -0.512485, -0.409721, 0.0131907, -0.185929, ],[0.0131907, -0.185929, -0.512485, -0.409721, 0.0131907, -0.185929, 0.0131907, -0.185929, -0.512485, -0.409721, 0.0131907, -0.185929, ],]
##############################################################################
clock_duration  =         9.32176
tau =                     0.2352
total_steps =             32
time_step =               0.00735
best_mc_result =          0.176101
best_mc_result_non_secondary =          0.176143
evolved_target_dot_squared =  0.823899
distance =          0.488284
j_protocol =  [[1, 1, 1, 1, 1, 1, 1, 1, 1, 1, 1, 1, 1, 1, 1, 1, 1, 1, 1, 1, 1, 1, 1, 1, 1, 1, 0, 0, 0, 0, 0, 0, ],[1, 1, 1, 1, 1, 1, 1, 1, 1, 1, 1, 1, 1, 1, 1, 1, 1, 1, 1, 1, 1, 1, 1, 1, 1, 1, 0, 0, 0, 0, 0, 0, ],]
k_protocol =  [[0, 0, 1, 1, 1, 1, 1, 1, 1, 1, 1, 1, 1, 1, 1, 1, 1, 1, 1, 1, 1, 1, 1, 1, 1, 1, 1, 1, 1, 1, 1, 1, ],[0, 0, 1, 1, 1, 1, 1, 1, 1, 1, 1, 1, 1, 1, 1, 1, 1, 1, 1, 1, 1, 1, 1, 1, 1, 1, 1, 1, 1, 1, 1, 1, ],]
j_protocol_secondary =  [0, 0.0847368, 0.0847368, 0.189196, 0.209856, 0.209856, 0.213487, 0.213487, ]
k_protocol_secondary =  [0.0173211, 0.0254895, 0.0254895, 0.140399, 0.140399, 0.147724, 0.147724, 0.2352, ]
best_evolved_state = [0.0452379, -0.235264, -0.361955, -0.50418, 0.0452379, -0.235264, 0.0452379, -0.235264, -0.361955, -0.50418, 0.0452379, -0.235264, ]
best_mc_result_fixed_tau =   [0.176143, 0.176143, ]
evolved_state_fixed_tau =   [[0.0491594, -0.236118, -0.355084, -0.507521, 0.0491594, -0.236118, 0.0491594, -0.236118, -0.355084, -0.507521, 0.0491594, -0.236118, ],[0.0491594, -0.236118, -0.355084, -0.507521, 0.0491594, -0.236118, 0.0491594, -0.236118, -0.355084, -0.507521, 0.0491594, -0.236118, ],]
##############################################################################
clock_duration  =         11.7449
tau =                     0.28224
total_steps =             32
time_step =               0.00882
best_mc_result =          0.120552
best_mc_result_non_secondary =          0.120571
evolved_target_dot_squared =  0.879448
distance =          0.334261
j_protocol =  [[1, 1, 1, 1, 1, 1, 1, 1, 1, 1, 1, 1, 1, 1, 1, 1, 1, 1, 1, 1, 1, 1, 1, 1, 1, 0, 0, 0, 0, 0, 0, 0, ],[1, 1, 1, 1, 1, 1, 1, 1, 1, 1, 1, 1, 1, 1, 1, 1, 1, 1, 1, 1, 1, 1, 1, 1, 1, 0, 0, 0, 0, 0, 0, 0, ],]
k_protocol =  [[0, 0, 1, 1, 1, 1, 1, 1, 1, 1, 1, 1, 1, 1, 1, 1, 1, 1, 1, 1, 1, 1, 1, 1, 1, 1, 1, 1, 1, 1, 1, 1, ],[0, 0, 1, 1, 1, 1, 1, 1, 1, 1, 1, 1, 1, 1, 1, 1, 1, 1, 1, 1, 1, 1, 1, 1, 1, 1, 1, 1, 1, 1, 1, 1, ],]
j_protocol_secondary =  [0, 0.0753066, 0.0753066, 0.21285, 0.21285, 0.218138, 0.218138, 0.219938, ]
k_protocol_secondary =  [0.0199043, 0.095741, 0.095741, 0.133366, 0.133366, 0.227461, 0.227461, 0.28224, ]
best_evolved_state = [0.0705449, -0.261277, -0.239931, -0.544012, 0.0705449, -0.261277, 0.0705449, -0.261277, -0.239931, -0.544012, 0.0705449, -0.261277, ]
best_mc_result_fixed_tau =   [0.120571, 0.120571, ]
evolved_state_fixed_tau =   [[0.0732472, -0.26075, -0.234548, -0.546147, 0.0732472, -0.26075, 0.0732472, -0.26075, -0.234548, -0.546147, 0.0732472, -0.26075, ],[0.0732472, -0.26075, -0.234548, -0.546147, 0.0732472, -0.26075, 0.0732472, -0.26075, -0.234548, -0.546147, 0.0732472, -0.26075, ],]
##############################################################################
clock_duration  =         14.1747
tau =                     0.338688
total_steps =             32
time_step =               0.010584
best_mc_result =          0.0625832
best_mc_result_non_secondary =          0.0626379
evolved_target_dot_squared =  0.937417
distance =          0.173527
j_protocol =  [[1, 1, 1, 1, 1, 1, 1, 1, 1, 1, 1, 1, 1, 1, 1, 1, 1, 1, 1, 1, 1, 1, 1, 1, 0, 0, 0, 0, 0, 0, 0, 0, ],[1, 1, 1, 1, 1, 1, 1, 1, 1, 1, 1, 1, 1, 1, 1, 1, 1, 1, 1, 1, 1, 1, 1, 1, 0, 0, 0, 0, 0, 0, 0, 0, ],]
k_protocol =  [[0, 0, 1, 1, 1, 1, 1, 1, 1, 1, 1, 1, 1, 1, 1, 1, 1, 1, 1, 1, 1, 1, 1, 1, 1, 1, 1, 1, 1, 1, 1, 1, ],[0, 0, 1, 1, 1, 1, 1, 1, 1, 1, 1, 1, 1, 1, 1, 1, 1, 1, 1, 1, 1, 1, 1, 1, 1, 1, 1, 1, 1, 1, 1, 1, ],]
j_protocol_secondary =  [0, 0.116333, 0.116333, 0.147654, 0.147654, 0.249909, 0.316483, 0.316483, ]
k_protocol_secondary =  [0.0221873, 0.207332, 0.207332, 0.288605, 0.288605, 0.307786, 0.307786, 0.338688, ]
best_evolved_state = [0.0971566, -0.281753, -0.0914547, -0.560347, 0.0971566, -0.281753, 0.0971566, -0.281753, -0.0914547, -0.560347, 0.0971566, -0.281753, ]
best_mc_result_fixed_tau =   [0.0626379, 0.0626379, ]
evolved_state_fixed_tau =   [[0.102288, -0.283465, -0.085375, -0.557746, 0.102288, -0.283465, 0.102288, -0.283465, -0.085375, -0.557746, 0.102288, -0.283465, ],[0.102288, -0.283465, -0.085375, -0.557746, 0.102288, -0.283465, 0.102288, -0.283465, -0.085375, -0.557746, 0.102288, -0.283465, ],]
##############################################################################
clock_duration  =         15.8032
tau =                     0.372557
total_steps =             32
time_step =               0.0116424
best_mc_result =          0.0353884
best_mc_result_non_secondary =          0.0354434
evolved_target_dot_squared =  0.964612
distance =          0.0981229
j_protocol =  [[1, 1, 1, 1, 1, 1, 1, 1, 1, 1, 1, 1, 1, 1, 1, 1, 1, 1, 1, 1, 1, 1, 1, 0, 0, 0, 0, 0, 0, 0, 0, 0, ],[1, 1, 1, 1, 1, 1, 1, 1, 1, 1, 1, 1, 1, 1, 1, 1, 1, 1, 1, 1, 1, 1, 1, 0, 0, 0, 0, 0, 0, 0, 0, 0, ],]
k_protocol =  [[0, 0, 1, 1, 1, 1, 1, 1, 1, 1, 1, 1, 1, 1, 1, 1, 1, 1, 1, 1, 1, 1, 1, 1, 1, 1, 1, 1, 1, 1, 1, 1, ],[0, 0, 1, 1, 1, 1, 1, 1, 1, 1, 1, 1, 1, 1, 1, 1, 1, 1, 1, 1, 1, 1, 1, 1, 1, 1, 1, 1, 1, 1, 1, 1, ],]
j_protocol_secondary =  [0, 0.0537332, 0.0537332, 0.200917, 0.200917, 0.263638, 0.273404, 0.273404, ]
k_protocol_secondary =  [0.0231287, 0.080948, 0.080948, 0.0925011, 0.0925011, 0.180679, 0.180679, 0.372557, ]
best_evolved_state = [0.109831, -0.289398, -0.00556538, -0.555285, 0.109831, -0.289398, 0.109831, -0.289398, -0.00556538, -0.555285, 0.109831, -0.289398, ]
best_mc_result_fixed_tau =   [0.0354434, 0.0354434, ]
evolved_state_fixed_tau =   [[0.113818, -0.291415, -0.00230613, -0.55158, 0.113818, -0.291415, 0.113818, -0.291415, -0.00230613, -0.55158, 0.113818, -0.291415, ],[0.113818, -0.291415, -0.00230613, -0.55158, 0.113818, -0.291415, 0.113818, -0.291415, -0.00230613, -0.55158, 0.113818, -0.291415, ],]
##############################################################################
clock_duration  =         17.2153
tau =                     0.409812
total_steps =             32
time_step =               0.0128066
best_mc_result =          0.0138374
best_mc_result_non_secondary =          0.0139658
evolved_target_dot_squared =  0.986163
distance =          0.0383675
j_protocol =  [[1, 1, 1, 1, 1, 1, 1, 1, 1, 1, 1, 1, 1, 1, 1, 1, 1, 1, 1, 1, 1, 0, 0, 0, 0, 0, 0, 0, 0, 0, 0, 0, ],[1, 1, 1, 1, 1, 1, 1, 1, 1, 1, 1, 1, 1, 1, 1, 1, 1, 1, 1, 1, 1, 0, 0, 0, 0, 0, 0, 0, 0, 0, 0, 0, ],]
k_protocol =  [[0, 0, 1, 1, 1, 1, 1, 1, 1, 1, 1, 1, 1, 1, 1, 1, 1, 1, 1, 1, 1, 1, 1, 1, 1, 1, 1, 1, 1, 1, 1, 1, ],[0, 0, 1, 1, 1, 1, 1, 1, 1, 1, 1, 1, 1, 1, 1, 1, 1, 1, 1, 1, 1, 1, 1, 1, 1, 1, 1, 1, 1, 1, 1, 1, ],]
j_protocol_secondary =  [0, 0.0902641, 0.0902641, 0.150662, 0.150662, 0.275278, 0.385464, 0.385464, ]
k_protocol_secondary =  [0.0123369, 0.0123369, 0.017179, 0.017179, 0.0238324, 0.126065, 0.126065, 0.409812, ]
best_evolved_state = [0.120792, -0.294967, 0.0840435, -0.538279, 0.120792, -0.294967, 0.120792, -0.294967, 0.0840435, -0.538279, 0.120792, -0.294967, ]
best_mc_result_fixed_tau =   [0.0139658, 0.0139658, ]
evolved_state_fixed_tau =   [[0.112493, -0.293282, 0.0753015, -0.544969, 0.112493, -0.293282, 0.112493, -0.293282, 0.0753015, -0.544969, 0.112493, -0.293282, ],[0.112493, -0.293282, 0.0753015, -0.544969, 0.112493, -0.293282, 0.112493, -0.293282, 0.0753015, -0.544969, 0.112493, -0.293282, ],]
##############################################################################
clock_duration  =         20.4813
tau =                     0.414935
total_steps =             32
time_step =               0.0140873
best_mc_result =          0.0116217
best_mc_result_non_secondary =          0
evolved_target_dot_squared =  0.988378
distance =          0.0322241
j_protocol =  [[0, 0, 0, 0, 0, 0, 0, 0, 0, 0, 0, 0, 0, 0, 0, 0, 0, 0, 0, 0, 0, 0, 0, 0, 0, 0, 0, 0, 0, 0, 0, 0, ],[0, 0, 0, 0, 0, 0, 0, 0, 0, 0, 0, 0, 0, 0, 0, 0, 0, 0, 0, 0, 0, 0, 0, 0, 0, 0, 0, 0, 0, 0, 0, 0, ],]
k_protocol =  [[0, 0, 0, 0, 0, 0, 0, 0, 0, 0, 0, 0, 0, 0, 0, 0, 0, 0, 0, 0, 0, 0, 0, 0, 0, 0, 0, 0, 0, 0, 0, 0, ],[0, 0, 0, 0, 0, 0, 0, 0, 0, 0, 0, 0, 0, 0, 0, 0, 0, 0, 0, 0, 0, 0, 0, 0, 0, 0, 0, 0, 0, 0, 0, 0, ],]
j_protocol_secondary =  [0, 0.00448292, 0.00448292, 0.0649404, 0.0649404, 0.259228, 0.259228, 0.276609, ]
k_protocol_secondary =  [0.0239917, 0.0918327, 0.0918327, 0.305029, 0.305029, 0.396868, 0.396868, 0.414935, ]
best_evolved_state = [0.121965, -0.295601, 0.0957013, -0.535099, 0.121965, -0.295601, 0.121965, -0.295601, 0.0957013, -0.535099, 0.121965, -0.295601, ]
best_mc_result_fixed_tau =   [0.00183713, 0.00155185, ]
evolved_state_fixed_tau =   [[0.154057, -0.281369, 0.222834, -0.49451, 0.154057, -0.281369, 0.154057, -0.281369, 0.222834, -0.49451, 0.154057, -0.281369, ],[0.122921, -0.299358, 0.166289, -0.512736, 0.122921, -0.299358, 0.122921, -0.299358, 0.166289, -0.512736, 0.122921, -0.299358, ],]
##############################################################################
clock_duration  =         21.0739
tau =                     0.417496
total_steps =             32
time_step =               0.0140873
best_mc_result =          0.0105843
best_mc_result_non_secondary =          0
evolved_target_dot_squared =  0.989416
distance =          0.0293475
j_protocol =  [[0, 0, 0, 0, 0, 0, 0, 0, 0, 0, 0, 0, 0, 0, 0, 0, 0, 0, 0, 0, 0, 0, 0, 0, 0, 0, 0, 0, 0, 0, 0, 0, ],[0, 0, 0, 0, 0, 0, 0, 0, 0, 0, 0, 0, 0, 0, 0, 0, 0, 0, 0, 0, 0, 0, 0, 0, 0, 0, 0, 0, 0, 0, 0, 0, ],]
k_protocol =  [[0, 0, 0, 0, 0, 0, 0, 0, 0, 0, 0, 0, 0, 0, 0, 0, 0, 0, 0, 0, 0, 0, 0, 0, 0, 0, 0, 0, 0, 0, 0, 0, ],[0, 0, 0, 0, 0, 0, 0, 0, 0, 0, 0, 0, 0, 0, 0, 0, 0, 0, 0, 0, 0, 0, 0, 0, 0, 0, 0, 0, 0, 0, 0, 0, ],]
j_protocol_secondary =  [0, 0.0045106, 0.0045106, 0.0653413, 0.0653413, 0.260828, 0.260828, 0.277232, ]
k_protocol_secondary =  [0.0238446, 0.0923996, 0.0923996, 0.306912, 0.306912, 0.399318, 0.399318, 0.417496, ]
best_evolved_state = [0.122754, -0.295758, 0.101959, -0.533405, 0.122754, -0.295758, 0.122754, -0.295758, 0.101959, -0.533405, 0.122754, -0.295758, ]
best_mc_result_fixed_tau =   [0.00183713, 0.00155185, ]
evolved_state_fixed_tau =   [[0.154057, -0.281369, 0.222834, -0.49451, 0.154057, -0.281369, 0.154057, -0.281369, 0.222834, -0.49451, 0.154057, -0.281369, ],[0.122921, -0.299358, 0.166289, -0.512736, 0.122921, -0.299358, 0.122921, -0.299358, 0.166289, -0.512736, 0.122921, -0.299358, ],]
##############################################################################
clock_duration  =         21.6656
tau =                     0.418777
total_steps =             32
time_step =               0.0140873
best_mc_result =          0.0100833
best_mc_result_non_secondary =          0
evolved_target_dot_squared =  0.989917
distance =          0.0279583
j_protocol =  [[0, 0, 0, 0, 0, 0, 0, 0, 0, 0, 0, 0, 0, 0, 0, 0, 0, 0, 0, 0, 0, 0, 0, 0, 0, 0, 0, 0, 0, 0, 0, 0, ],[0, 0, 0, 0, 0, 0, 0, 0, 0, 0, 0, 0, 0, 0, 0, 0, 0, 0, 0, 0, 0, 0, 0, 0, 0, 0, 0, 0, 0, 0, 0, 0, ],]
k_protocol =  [[0, 0, 0, 0, 0, 0, 0, 0, 0, 0, 0, 0, 0, 0, 0, 0, 0, 0, 0, 0, 0, 0, 0, 0, 0, 0, 0, 0, 0, 0, 0, 0, ],[0, 0, 0, 0, 0, 0, 0, 0, 0, 0, 0, 0, 0, 0, 0, 0, 0, 0, 0, 0, 0, 0, 0, 0, 0, 0, 0, 0, 0, 0, 0, 0, ],]
j_protocol_secondary =  [0, 0.00452443, 0.00452443, 0.0655417, 0.0655417, 0.261629, 0.261629, 0.27747, ]
k_protocol_secondary =  [0.0240209, 0.092683, 0.092683, 0.307854, 0.307854, 0.400543, 0.400543, 0.418777, ]
best_evolved_state = [0.122803, -0.29596, 0.104482, -0.53267, 0.122803, -0.29596, 0.122803, -0.29596, 0.104482, -0.53267, 0.122803, -0.29596, ]
best_mc_result_fixed_tau =   [0.00183713, 0.00155185, ]
evolved_state_fixed_tau =   [[0.154057, -0.281369, 0.222834, -0.49451, 0.154057, -0.281369, 0.154057, -0.281369, 0.222834, -0.49451, 0.154057, -0.281369, ],[0.122921, -0.299358, 0.166289, -0.512736, 0.122921, -0.299358, 0.122921, -0.299358, 0.166289, -0.512736, 0.122921, -0.299358, ],]
