START_PARAMETERS
MAX_STEPS_MCDB =               32
MIN_STEPS_MCDB =               4
STEPS_CRUNCH_MCDB =            1
SWEEPS_MCDB =                  50
TOTAL_STEP_CHANGES =                  6
MCBB_SECONDARY =                  1
SWEEPS_MCBB_SECONDARY =                  100
NUMBER_OF_BANGS =                  4
GROUND_E =                -2.15311
INITIAL_E =               -1.75968
j_initial =               0.881
k_initial =               0.25
b_initial =               0
j_target =                0.203
k_target =                0.5
b_target =                0
init_target_dot_squared = 0.829405
init_state = [0.316873, 0, 0.546977, 0, 0.316873, 0, 0.316873, 0, 0.546977, 0, 0.316873, 0, ]
target_state = [-0.128833, 0, -0.683231, 0, -0.128833, 0, -0.128833, 0, -0.683231, 0, -0.128833, 0, ]
USE_ENERGY_DISTANCE =     false
PERIODIC =                false
UNIFORM_SITES =           true
DEVICE_DIMENSION =        2
MAX_PARAM =               1
MIN_PARAM =               0
MIN_PARAM =               0
DIAG =                    true
NUM_SEEDS =               2
NUMBER_OF_BANGS =               4
DISTANCE_LIMIT =          0.01
TAU_INIT =                0.05
MAX_TAU =                 5
TAU_SCALAR =              1.2
TAU_SCALAR_TINY =         1.1
TAU_SCALAR_BIG =          1.4
ACCEPTANCE_PROB =         0.85
TEMP_EXP_DECAY =          0.8
MIN_TEMP_FRACTION =       0.01
TEMP_DECAY_ITERATIONS =   21
ZERO_TEMP_ITREATIONS =    15
RANDOM_STATES =           3
END_PARAMETERS
##############################################################################
clock_duration  =         0.927915
tau =                     0.05
total_steps =             32
time_step =               0.0015625
best_mc_result =          0.164371
best_mc_result_non_secondary =          0.164375
evolved_target_dot_squared =  0.835629
distance =          0.963516
j_protocol =  [[0, 0, 0, 0, 0, 1, 1, 1, 1, 1, 1, 1, 1, 1, 1, 1, 1, 1, 1, 1, 1, 1, 1, 1, 1, 1, 1, 1, 1, 1, 1, 1, ],[0, 0, 0, 0, 0, 1, 1, 1, 1, 1, 1, 1, 1, 1, 1, 1, 1, 1, 1, 1, 1, 1, 1, 1, 1, 1, 1, 1, 1, 1, 1, 1, ],]
k_protocol =  [[1, 1, 1, 1, 1, 1, 1, 1, 1, 1, 1, 1, 1, 1, 1, 1, 1, 1, 1, 1, 1, 1, 1, 1, 0, 0, 0, 0, 0, 0, 0, 0, ],[1, 1, 1, 1, 1, 1, 1, 1, 1, 1, 1, 1, 1, 1, 1, 1, 1, 1, 1, 1, 1, 1, 1, 1, 0, 0, 0, 0, 0, 0, 0, 0, ],]
j_protocol_secondary =  [0.0051558, 0.0051558, 0.00844609, 0.0209765, 0.0209765, 0.0301167, 0.0301167, 0.05, ]
k_protocol_secondary =  [0, 0.00596342, 0.00596342, 0.019498, 0.019498, 0.0243331, 0.0243331, 0.0379932, ]
best_evolved_state = [0.309716, 0.0449481, 0.534718, 0.134861, 0.309716, 0.0449481, 0.309716, 0.0449481, 0.534718, 0.134861, 0.309716, 0.0449481, ]
best_mc_result_fixed_tau =   [0.164375, 0.164375, ]
evolved_state_fixed_tau =   [[0.309653, 0.0456366, 0.534744, 0.134587, 0.309653, 0.0456366, 0.309653, 0.0456366, 0.534744, 0.134587, 0.309653, 0.0456366, ],[0.309653, 0.0456366, 0.534744, 0.134587, 0.309653, 0.0456366, 0.309653, 0.0456366, 0.534744, 0.134587, 0.309653, 0.0456366, ],]
##############################################################################
clock_duration  =         1.91896
tau =                     0.14
total_steps =             32
time_step =               0.004375
best_mc_result =          0.12556
best_mc_result_non_secondary =          0.125583
evolved_target_dot_squared =  0.87444
distance =          0.736013
j_protocol =  [[0, 0, 0, 0, 0, 0, 1, 1, 1, 1, 1, 1, 1, 1, 1, 1, 1, 1, 1, 1, 1, 1, 1, 1, 1, 1, 1, 1, 1, 1, 1, 1, ],[0, 0, 0, 0, 0, 0, 1, 1, 1, 1, 1, 1, 1, 1, 1, 1, 1, 1, 1, 1, 1, 1, 1, 1, 1, 1, 1, 1, 1, 1, 1, 1, ],]
k_protocol =  [[1, 1, 1, 1, 1, 1, 1, 1, 1, 1, 1, 1, 1, 1, 1, 1, 1, 1, 1, 1, 1, 1, 1, 1, 0, 0, 0, 0, 0, 0, 0, 0, ],[1, 1, 1, 1, 1, 1, 1, 1, 1, 1, 1, 1, 1, 1, 1, 1, 1, 1, 1, 1, 1, 1, 1, 1, 0, 0, 0, 0, 0, 0, 0, 0, ],]
j_protocol_secondary =  [0.0246, 0.0392786, 0.0392786, 0.0951733, 0.0951733, 0.133088, 0.133088, 0.14, ]
k_protocol_secondary =  [0, 0.0161133, 0.0161133, 0.0753271, 0.0753271, 0.0934511, 0.0934511, 0.106565, ]
best_evolved_state = [0.262704, 0.115352, 0.454067, 0.359422, 0.262704, 0.115352, 0.262704, 0.115352, 0.454067, 0.359422, 0.262704, 0.115352, ]
best_mc_result_fixed_tau =   [0.125583, 0.125583, ]
evolved_state_fixed_tau =   [[0.263526, 0.113882, 0.457487, 0.354791, 0.263526, 0.113882, 0.263526, 0.113882, 0.457487, 0.354791, 0.263526, 0.113882, ],[0.263526, 0.113882, 0.457487, 0.354791, 0.263526, 0.113882, 0.263526, 0.113882, 0.457487, 0.354791, 0.263526, 0.113882, ],]
##############################################################################
clock_duration  =         2.88565
tau =                     0.168
total_steps =             32
time_step =               0.00525
best_mc_result =          0.108368
best_mc_result_non_secondary =          0.108393
evolved_target_dot_squared =  0.891632
distance =          0.635235
j_protocol =  [[0, 0, 0, 0, 0, 0, 1, 1, 1, 1, 1, 1, 1, 1, 1, 1, 1, 1, 1, 1, 1, 1, 1, 1, 1, 1, 1, 1, 1, 1, 1, 1, ],[0, 0, 0, 0, 0, 0, 1, 1, 1, 1, 1, 1, 1, 1, 1, 1, 1, 1, 1, 1, 1, 1, 1, 1, 1, 1, 1, 1, 1, 1, 1, 1, ],]
k_protocol =  [[1, 1, 1, 1, 1, 1, 1, 1, 1, 1, 1, 1, 1, 1, 1, 1, 1, 1, 1, 1, 1, 1, 1, 1, 0, 0, 0, 0, 0, 0, 0, 0, ],[1, 1, 1, 1, 1, 1, 1, 1, 1, 1, 1, 1, 1, 1, 1, 1, 1, 1, 1, 1, 1, 1, 1, 1, 0, 0, 0, 0, 0, 0, 0, 0, ],]
j_protocol_secondary =  [0.0180864, 0.0180864, 0.0212468, 0.0212468, 0.0301841, 0.114201, 0.114201, 0.168, ]
k_protocol_secondary =  [0, 0.0303801, 0.0303801, 0.0489546, 0.0489546, 0.127995, 0.153984, 0.153984, ]
best_evolved_state = [0.240277, 0.13222, 0.415527, 0.420603, 0.240277, 0.13222, 0.240277, 0.13222, 0.415527, 0.420603, 0.240277, 0.13222, ]
best_mc_result_fixed_tau =   [0.108393, 0.108393, ]
evolved_state_fixed_tau =   [[0.24114, 0.131249, 0.419843, 0.415911, 0.24114, 0.131249, 0.24114, 0.131249, 0.419843, 0.415911, 0.24114, 0.131249, ],[0.24114, 0.131249, 0.419843, 0.415911, 0.24114, 0.131249, 0.24114, 0.131249, 0.419843, 0.415911, 0.24114, 0.131249, ],]
##############################################################################
clock_duration  =         3.89322
tau =                     0.2016
total_steps =             32
time_step =               0.0063
best_mc_result =          0.0862497
best_mc_result_non_secondary =          0.0862833
evolved_target_dot_squared =  0.91375
distance =          0.505581
j_protocol =  [[0, 0, 0, 0, 0, 0, 1, 1, 1, 1, 1, 1, 1, 1, 1, 1, 1, 1, 1, 1, 1, 1, 1, 1, 1, 1, 1, 1, 1, 1, 1, 1, ],[0, 0, 0, 0, 0, 0, 1, 1, 1, 1, 1, 1, 1, 1, 1, 1, 1, 1, 1, 1, 1, 1, 1, 1, 1, 1, 1, 1, 1, 1, 1, 1, ],]
k_protocol =  [[1, 1, 1, 1, 1, 1, 1, 1, 1, 1, 1, 1, 1, 1, 1, 1, 1, 1, 1, 1, 1, 1, 1, 1, 0, 0, 0, 0, 0, 0, 0, 0, ],[1, 1, 1, 1, 1, 1, 1, 1, 1, 1, 1, 1, 1, 1, 1, 1, 1, 1, 1, 1, 1, 1, 1, 1, 0, 0, 0, 0, 0, 0, 0, 0, ],]
j_protocol_secondary =  [0.00456765, 0.00456765, 0.0117323, 0.0117323, 0.0148775, 0.0148775, 0.0373812, 0.2016, ]
k_protocol_secondary =  [0, 0.116013, 0.116013, 0.153824, 0.189556, 0.189556, 0.198412, 0.198412, ]
best_evolved_state = [0.209426, 0.148266, 0.362394, 0.486812, 0.209426, 0.148266, 0.209426, 0.148266, 0.362394, 0.486812, 0.209426, 0.148266, ]
best_mc_result_fixed_tau =   [0.0862833, 0.0862833, ]
evolved_state_fixed_tau =   [[0.210039, 0.148358, 0.367449, 0.482418, 0.210039, 0.148358, 0.210039, 0.148358, 0.367449, 0.482418, 0.210039, 0.148358, ],[0.210039, 0.148358, 0.367449, 0.482418, 0.210039, 0.148358, 0.210039, 0.148358, 0.367449, 0.482418, 0.210039, 0.148358, ],]
##############################################################################
clock_duration  =         4.87373
tau =                     0.24192
total_steps =             32
time_step =               0.00756
best_mc_result =          0.0595339
best_mc_result_non_secondary =          0.0595969
evolved_target_dot_squared =  0.940466
distance =          0.348978
j_protocol =  [[0, 0, 0, 0, 0, 0, 1, 1, 1, 1, 1, 1, 1, 1, 1, 1, 1, 1, 1, 1, 1, 1, 1, 1, 1, 1, 1, 1, 1, 1, 1, 1, ],[0, 0, 0, 0, 0, 0, 1, 1, 1, 1, 1, 1, 1, 1, 1, 1, 1, 1, 1, 1, 1, 1, 1, 1, 1, 1, 1, 1, 1, 1, 1, 1, ],]
k_protocol =  [[1, 1, 1, 1, 1, 1, 1, 1, 1, 1, 1, 1, 1, 1, 1, 1, 1, 1, 1, 1, 1, 1, 1, 1, 1, 0, 0, 0, 0, 0, 0, 0, ],[1, 1, 1, 1, 1, 1, 1, 1, 1, 1, 1, 1, 1, 1, 1, 1, 1, 1, 1, 1, 1, 1, 1, 1, 1, 0, 0, 0, 0, 0, 0, 0, ],]
j_protocol_secondary =  [0.0469732, 0.118854, 0.118854, 0.203954, 0.203954, 0.204294, 0.204294, 0.24192, ]
k_protocol_secondary =  [0, 0.106379, 0.106379, 0.147144, 0.147144, 0.185154, 0.220032, 0.220032, ]
best_evolved_state = [0.167905, 0.160632, 0.290416, 0.554679, 0.167905, 0.160632, 0.167905, 0.160632, 0.290416, 0.554679, 0.167905, 0.160632, ]
best_mc_result_fixed_tau =   [0.0595969, 0.0595969, ]
evolved_state_fixed_tau =   [[0.16645, 0.160997, 0.280417, 0.560459, 0.16645, 0.160997, 0.16645, 0.160997, 0.280417, 0.560459, 0.16645, 0.160997, ],[0.16645, 0.160997, 0.280417, 0.560459, 0.16645, 0.160997, 0.16645, 0.160997, 0.280417, 0.560459, 0.16645, 0.160997, ],]
##############################################################################
clock_duration  =         5.88272
tau =                     0.290304
total_steps =             32
time_step =               0.009072
best_mc_result =          0.0307579
best_mc_result_non_secondary =          0.0308519
evolved_target_dot_squared =  0.969242
distance =          0.180298
j_protocol =  [[0, 0, 0, 0, 0, 0, 0, 1, 1, 1, 1, 1, 1, 1, 1, 1, 1, 1, 1, 1, 1, 1, 1, 1, 1, 1, 1, 1, 1, 1, 1, 1, ],[0, 0, 0, 0, 0, 0, 0, 1, 1, 1, 1, 1, 1, 1, 1, 1, 1, 1, 1, 1, 1, 1, 1, 1, 1, 1, 1, 1, 1, 1, 1, 1, ],]
k_protocol =  [[1, 1, 1, 1, 1, 1, 1, 1, 1, 1, 1, 1, 1, 1, 1, 1, 1, 1, 1, 1, 1, 1, 1, 1, 1, 0, 0, 0, 0, 0, 0, 0, ],[1, 1, 1, 1, 1, 1, 1, 1, 1, 1, 1, 1, 1, 1, 1, 1, 1, 1, 1, 1, 1, 1, 1, 1, 1, 0, 0, 0, 0, 0, 0, 0, ],]
j_protocol_secondary =  [0.0604366, 0.146009, 0.146009, 0.177724, 0.177724, 0.247437, 0.247437, 0.290304, ]
k_protocol_secondary =  [0, 0.0592336, 0.0592336, 0.131792, 0.131792, 0.223257, 0.285723, 0.285723, ]
best_evolved_state = [0.114001, 0.164477, 0.196186, 0.617586, 0.114001, 0.164477, 0.114001, 0.164477, 0.196186, 0.617586, 0.114001, 0.164477, ]
best_mc_result_fixed_tau =   [0.0308519, 0.0308519, ]
evolved_state_fixed_tau =   [[0.115555, 0.161409, 0.192658, 0.619735, 0.115555, 0.161409, 0.115555, 0.161409, 0.192658, 0.619735, 0.115555, 0.161409, ],[0.115555, 0.161409, 0.192658, 0.619735, 0.115555, 0.161409, 0.115555, 0.161409, 0.192658, 0.619735, 0.115555, 0.161409, ],]
##############################################################################
clock_duration  =         6.91006
tau =                     0.319334
total_steps =             32
time_step =               0.0099792
best_mc_result =          0.0169461
best_mc_result_non_secondary =          0.0169725
evolved_target_dot_squared =  0.983054
distance =          0.0993355
j_protocol =  [[0, 0, 0, 0, 0, 0, 0, 1, 1, 1, 1, 1, 1, 1, 1, 1, 1, 1, 1, 1, 1, 1, 1, 1, 1, 1, 1, 1, 1, 1, 1, 1, ],[0, 0, 0, 0, 0, 0, 0, 1, 1, 1, 1, 1, 1, 1, 1, 1, 1, 1, 1, 1, 1, 1, 1, 1, 1, 1, 1, 1, 1, 1, 1, 1, ],]
k_protocol =  [[1, 1, 1, 1, 1, 1, 1, 1, 1, 1, 1, 1, 1, 1, 1, 1, 1, 1, 1, 1, 1, 1, 1, 1, 1, 0, 0, 0, 0, 0, 0, 0, ],[1, 1, 1, 1, 1, 1, 1, 1, 1, 1, 1, 1, 1, 1, 1, 1, 1, 1, 1, 1, 1, 1, 1, 1, 1, 0, 0, 0, 0, 0, 0, 0, ],]
j_protocol_secondary =  [0.0698144, 0.158055, 0.158055, 0.245797, 0.245797, 0.276223, 0.276223, 0.319334, ]
k_protocol_secondary =  [0, 0.115845, 0.115845, 0.21089, 0.21089, 0.246591, 0.305785, 0.305785, ]
best_evolved_state = [0.0807853, 0.160706, 0.137205, 0.645345, 0.0807853, 0.160706, 0.0807853, 0.160706, 0.137205, 0.645345, 0.0807853, 0.160706, ]
best_mc_result_fixed_tau =   [0.0169725, 0.0169725, ]
evolved_state_fixed_tau =   [[0.0805234, 0.159683, 0.130355, 0.647334, 0.0805234, 0.159683, 0.0805234, 0.159683, 0.130355, 0.647334, 0.0805234, 0.159683, ],[0.0805234, 0.159683, 0.130355, 0.647334, 0.0805234, 0.159683, 0.0805234, 0.159683, 0.130355, 0.647334, 0.0805234, 0.159683, ],]
##############################################################################
clock_duration  =         8.3593
tau =                     0.335301
total_steps =             32
time_step =               0.0109771
best_mc_result =          0.0108601
best_mc_result_non_secondary =          0
evolved_target_dot_squared =  0.98914
distance =          0.0636602
j_protocol =  [[0, 0, 0, 0, 0, 0, 0, 0, 0, 0, 0, 0, 0, 0, 0, 0, 0, 0, 0, 0, 0, 0, 0, 0, 0, 0, 0, 0, 0, 0, 0, 0, ],[0, 0, 0, 0, 0, 0, 0, 0, 0, 0, 0, 0, 0, 0, 0, 0, 0, 0, 0, 0, 0, 0, 0, 0, 0, 0, 0, 0, 0, 0, 0, 0, ],]
k_protocol =  [[0, 0, 0, 0, 0, 0, 0, 0, 0, 0, 0, 0, 0, 0, 0, 0, 0, 0, 0, 0, 0, 0, 0, 0, 0, 0, 0, 0, 0, 0, 0, 0, ],[0, 0, 0, 0, 0, 0, 0, 0, 0, 0, 0, 0, 0, 0, 0, 0, 0, 0, 0, 0, 0, 0, 0, 0, 0, 0, 0, 0, 0, 0, 0, 0, ],]
j_protocol_secondary =  [0.0754664, 0.233813, 0.233813, 0.25726, 0.25726, 0.300325, 0.300325, 0.335301, ]
k_protocol_secondary =  [0, 0.166336, 0.166336, 0.198027, 0.198027, 0.259589, 0.262703, 0.262703, ]
best_evolved_state = [0.0625797, 0.156668, 0.104499, 0.657387, 0.0625797, 0.156668, 0.0625797, 0.156668, 0.104499, 0.657387, 0.0625797, 0.156668, ]
best_mc_result_fixed_tau =   [0.00604378, 0.00604378, ]
evolved_state_fixed_tau =   [[0.0412106, 0.152908, 0.0601393, 0.668001, 0.0412106, 0.152908, 0.0412106, 0.152908, 0.0601393, 0.668001, 0.0412106, 0.152908, ],[0.0412106, 0.152908, 0.0601393, 0.668001, 0.0412106, 0.152908, 0.0412106, 0.152908, 0.0601393, 0.668001, 0.0412106, 0.152908, ],]
##############################################################################
clock_duration  =         9.52675
tau =                     0.337297
total_steps =             32
time_step =               0.0109771
best_mc_result =          0.010184
best_mc_result_non_secondary =          0
evolved_target_dot_squared =  0.989816
distance =          0.059697
j_protocol =  [[0, 0, 0, 0, 0, 0, 0, 0, 0, 0, 0, 0, 0, 0, 0, 0, 0, 0, 0, 0, 0, 0, 0, 0, 0, 0, 0, 0, 0, 0, 0, 0, ],[0, 0, 0, 0, 0, 0, 0, 0, 0, 0, 0, 0, 0, 0, 0, 0, 0, 0, 0, 0, 0, 0, 0, 0, 0, 0, 0, 0, 0, 0, 0, 0, ],]
k_protocol =  [[0, 0, 0, 0, 0, 0, 0, 0, 0, 0, 0, 0, 0, 0, 0, 0, 0, 0, 0, 0, 0, 0, 0, 0, 0, 0, 0, 0, 0, 0, 0, 0, ],[0, 0, 0, 0, 0, 0, 0, 0, 0, 0, 0, 0, 0, 0, 0, 0, 0, 0, 0, 0, 0, 0, 0, 0, 0, 0, 0, 0, 0, 0, 0, 0, ],]
j_protocol_secondary =  [0.0762121, 0.235205, 0.235205, 0.258792, 0.258792, 0.302113, 0.302113, 0.337297, ]
k_protocol_secondary =  [0, 0.167326, 0.167326, 0.199205, 0.199205, 0.261232, 0.264266, 0.264266, ]
best_evolved_state = [0.0603237, 0.156055, 0.100406, 0.658737, 0.0603237, 0.156055, 0.0603237, 0.156055, 0.100406, 0.658737, 0.0603237, 0.156055, ]
best_mc_result_fixed_tau =   [0.00604378, 0.00604378, ]
evolved_state_fixed_tau =   [[0.0412106, 0.152908, 0.0601393, 0.668001, 0.0412106, 0.152908, 0.0412106, 0.152908, 0.0601393, 0.668001, 0.0412106, 0.152908, ],[0.0412106, 0.152908, 0.0601393, 0.668001, 0.0412106, 0.152908, 0.0412106, 0.152908, 0.0601393, 0.668001, 0.0412106, 0.152908, ],]
##############################################################################
clock_duration  =         10.3105
tau =                     0.337796
total_steps =             32
time_step =               0.0109771
best_mc_result =          0.0100181
best_mc_result_non_secondary =          0
evolved_target_dot_squared =  0.989982
distance =          0.0587243
j_protocol =  [[0, 0, 0, 0, 0, 0, 0, 0, 0, 0, 0, 0, 0, 0, 0, 0, 0, 0, 0, 0, 0, 0, 0, 0, 0, 0, 0, 0, 0, 0, 0, 0, ],[0, 0, 0, 0, 0, 0, 0, 0, 0, 0, 0, 0, 0, 0, 0, 0, 0, 0, 0, 0, 0, 0, 0, 0, 0, 0, 0, 0, 0, 0, 0, 0, ],]
k_protocol =  [[0, 0, 0, 0, 0, 0, 0, 0, 0, 0, 0, 0, 0, 0, 0, 0, 0, 0, 0, 0, 0, 0, 0, 0, 0, 0, 0, 0, 0, 0, 0, 0, ],[0, 0, 0, 0, 0, 0, 0, 0, 0, 0, 0, 0, 0, 0, 0, 0, 0, 0, 0, 0, 0, 0, 0, 0, 0, 0, 0, 0, 0, 0, 0, 0, ],]
j_protocol_secondary =  [0.0763251, 0.235553, 0.235553, 0.259174, 0.259174, 0.30256, 0.30256, 0.337796, ]
k_protocol_secondary =  [0, 0.167574, 0.167574, 0.1995, 0.1995, 0.261609, 0.264657, 0.264657, ]
best_evolved_state = [0.0597116, 0.155952, 0.0993492, 0.659058, 0.0597116, 0.155952, 0.0597116, 0.155952, 0.0993492, 0.659058, 0.0597116, 0.155952, ]
best_mc_result_fixed_tau =   [0.00604378, 0.00604378, ]
evolved_state_fixed_tau =   [[0.0412106, 0.152908, 0.0601393, 0.668001, 0.0412106, 0.152908, 0.0412106, 0.152908, 0.0601393, 0.668001, 0.0412106, 0.152908, ],[0.0412106, 0.152908, 0.0601393, 0.668001, 0.0412106, 0.152908, 0.0412106, 0.152908, 0.0601393, 0.668001, 0.0412106, 0.152908, ],]
