START_PARAMETERS
MAX_STEPS_MCDB =               32
MIN_STEPS_MCDB =               4
STEPS_CRUNCH_MCDB =            1
SWEEPS_MCDB =                  50
TOTAL_STEP_CHANGES =                  6
MCBB_SECONDARY =                  1
SWEEPS_MCBB_SECONDARY =                  100
NUMBER_OF_BANGS =                  4
GROUND_E =                -2.0116
INITIAL_E =               -1.6199
j_initial =               0.635
k_initial =               0.5
b_initial =               0
j_target =                0.054
k_target =                0.5
b_target =                0
init_target_dot_squared = 0.806398
init_state = [-0.253363, 0, -0.609602, 0, -0.253363, 0, -0.253363, 0, -0.609602, 0, -0.253363, 0, ]
target_state = [-0.0378547, 0, -0.705077, 0, -0.0378547, 0, -0.0378547, 0, -0.705077, 0, -0.0378547, 0, ]
USE_ENERGY_DISTANCE =     false
PERIODIC =                false
UNIFORM_SITES =           true
DEVICE_DIMENSION =        2
MAX_PARAM =               1
MIN_PARAM =               0
MIN_PARAM =               0
DIAG =                    true
NUM_SEEDS =               2
NUMBER_OF_BANGS =               4
DISTANCE_LIMIT =          0.01
TAU_INIT =                0.05
MAX_TAU =                 5
TAU_SCALAR =              1.2
TAU_SCALAR_TINY =         1.1
TAU_SCALAR_BIG =          1.4
ACCEPTANCE_PROB =         0.85
TEMP_EXP_DECAY =          0.8
MIN_TEMP_FRACTION =       0.01
TEMP_DECAY_ITERATIONS =   21
ZERO_TEMP_ITREATIONS =    15
RANDOM_STATES =           3
END_PARAMETERS
##############################################################################
clock_duration  =         1.45745
tau =                     0.05
total_steps =             32
time_step =               0.0015625
best_mc_result =          0.187764
best_mc_result_non_secondary =          0.187767
evolved_target_dot_squared =  0.812236
distance =          0.969847
j_protocol =  [[0, 0, 0, 0, 0, 0, 0, 0, 0, 0, 0, 0, 0, 1, 1, 1, 1, 1, 1, 1, 1, 1, 1, 1, 1, 1, 1, 1, 1, 1, 1, 1, ],[0, 0, 0, 0, 0, 0, 0, 0, 0, 0, 0, 0, 0, 1, 1, 1, 1, 1, 1, 1, 1, 1, 1, 1, 1, 1, 1, 1, 1, 1, 1, 1, ],]
k_protocol =  [[1, 1, 1, 1, 1, 1, 1, 1, 1, 1, 1, 1, 1, 1, 1, 1, 1, 1, 1, 1, 1, 1, 1, 1, 1, 1, 1, 1, 1, 1, 0, 0, ],[1, 1, 1, 1, 1, 1, 1, 1, 1, 1, 1, 1, 1, 1, 1, 1, 1, 1, 1, 1, 1, 1, 1, 1, 1, 1, 1, 1, 1, 1, 0, 0, ],]
j_protocol_secondary =  [0.020853, 0.0292196, 0.0292196, 0.0334724, 0.0334724, 0.0454018, 0.0454018, 0.05, ]
k_protocol_secondary =  [0, 0.00276744, 0.00276744, 0.0210331, 0.0210331, 0.0248727, 0.0248727, 0.0471568, ]
best_evolved_state = [-0.247512, -0.0350914, -0.595344, -0.143453, -0.247512, -0.0350914, -0.247512, -0.0350914, -0.595344, -0.143453, -0.247512, -0.0350914, ]
best_mc_result_fixed_tau =   [0.187767, 0.187767, ]
evolved_state_fixed_tau =   [[-0.24743, -0.035745, -0.595367, -0.143314, -0.24743, -0.035745, -0.24743, -0.035745, -0.595367, -0.143314, -0.24743, -0.035745, ],[-0.24743, -0.035745, -0.595367, -0.143314, -0.24743, -0.035745, -0.24743, -0.035745, -0.595367, -0.143314, -0.24743, -0.035745, ],]
##############################################################################
clock_duration  =         2.82311
tau =                     0.14
total_steps =             32
time_step =               0.004375
best_mc_result =          0.150877
best_mc_result_non_secondary =          0.150893
evolved_target_dot_squared =  0.849123
distance =          0.779318
j_protocol =  [[0, 0, 0, 0, 0, 0, 0, 0, 0, 0, 0, 0, 0, 0, 1, 1, 1, 1, 1, 1, 1, 1, 1, 1, 1, 1, 1, 1, 1, 1, 1, 1, ],[0, 0, 0, 0, 0, 0, 0, 0, 0, 0, 0, 0, 0, 0, 1, 1, 1, 1, 1, 1, 1, 1, 1, 1, 1, 1, 1, 1, 1, 1, 1, 1, ],]
k_protocol =  [[1, 1, 1, 1, 1, 1, 1, 1, 1, 1, 1, 1, 1, 1, 1, 1, 1, 1, 1, 1, 1, 1, 1, 1, 1, 1, 1, 1, 1, 1, 0, 0, ],[1, 1, 1, 1, 1, 1, 1, 1, 1, 1, 1, 1, 1, 1, 1, 1, 1, 1, 1, 1, 1, 1, 1, 1, 1, 1, 1, 1, 1, 1, 0, 0, ],]
j_protocol_secondary =  [0.0599372, 0.0753944, 0.0753944, 0.0838823, 0.0838823, 0.128312, 0.128312, 0.14, ]
k_protocol_secondary =  [0, 0.0134279, 0.0134279, 0.0786033, 0.0786033, 0.0950929, 0.0950929, 0.132193, ]
best_evolved_state = [-0.209555, -0.0881705, -0.501789, -0.380569, -0.209555, -0.0881705, -0.209555, -0.0881705, -0.501789, -0.380569, -0.209555, -0.0881705, ]
best_mc_result_fixed_tau =   [0.150893, 0.150893, ]
evolved_state_fixed_tau =   [[-0.210164, -0.0867103, -0.504027, -0.377599, -0.210164, -0.0867103, -0.210164, -0.0867103, -0.504027, -0.377599, -0.210164, -0.0867103, ],[-0.210164, -0.0867103, -0.504027, -0.377599, -0.210164, -0.0867103, -0.210164, -0.0867103, -0.504027, -0.377599, -0.210164, -0.0867103, ],]
##############################################################################
clock_duration  =         4.20547
tau =                     0.168
total_steps =             32
time_step =               0.00525
best_mc_result =          0.1342
best_mc_result_non_secondary =          0.134208
evolved_target_dot_squared =  0.8658
distance =          0.693175
j_protocol =  [[0, 0, 0, 0, 0, 0, 0, 0, 0, 0, 0, 0, 0, 0, 1, 1, 1, 1, 1, 1, 1, 1, 1, 1, 1, 1, 1, 1, 1, 1, 1, 1, ],[0, 0, 0, 0, 0, 0, 0, 0, 0, 0, 0, 0, 0, 0, 1, 1, 1, 1, 1, 1, 1, 1, 1, 1, 1, 1, 1, 1, 1, 1, 1, 1, ],]
k_protocol =  [[1, 1, 1, 1, 1, 1, 1, 1, 1, 1, 1, 1, 1, 1, 1, 1, 1, 1, 1, 1, 1, 1, 1, 1, 1, 1, 1, 1, 1, 1, 0, 0, ],[1, 1, 1, 1, 1, 1, 1, 1, 1, 1, 1, 1, 1, 1, 1, 1, 1, 1, 1, 1, 1, 1, 1, 1, 1, 1, 1, 1, 1, 1, 0, 0, ],]
j_protocol_secondary =  [0.0393771, 0.0393771, 0.0729137, 0.0961633, 0.0961633, 0.15448, 0.15448, 0.168, ]
k_protocol_secondary =  [0, 0.0683731, 0.0683731, 0.139844, 0.139844, 0.140772, 0.140772, 0.158748, ]
best_evolved_state = [-0.191764, -0.0998908, -0.457137, -0.444435, -0.191764, -0.0998908, -0.191764, -0.0998908, -0.457137, -0.444435, -0.191764, -0.0998908, ]
best_mc_result_fixed_tau =   [0.134208, 0.134208, ]
evolved_state_fixed_tau =   [[-0.192114, -0.0992932, -0.459743, -0.441703, -0.192114, -0.0992932, -0.192114, -0.0992932, -0.459743, -0.441703, -0.192114, -0.0992932, ],[-0.192114, -0.0992932, -0.459743, -0.441703, -0.192114, -0.0992932, -0.192114, -0.0992932, -0.459743, -0.441703, -0.192114, -0.0992932, ],]
##############################################################################
clock_duration  =         5.59807
tau =                     0.2352
total_steps =             32
time_step =               0.00735
best_mc_result =          0.0895172
best_mc_result_non_secondary =          0.0896258
evolved_target_dot_squared =  0.910483
distance =          0.462379
j_protocol =  [[0, 0, 0, 0, 0, 0, 0, 0, 0, 0, 0, 0, 0, 0, 1, 1, 1, 1, 1, 1, 1, 1, 1, 1, 1, 1, 1, 1, 1, 1, 1, 1, ],[0, 0, 0, 0, 0, 0, 0, 0, 0, 0, 0, 0, 0, 0, 1, 1, 1, 1, 1, 1, 1, 1, 1, 1, 1, 1, 1, 1, 1, 1, 1, 1, ],]
k_protocol =  [[1, 1, 1, 1, 1, 1, 1, 1, 1, 1, 1, 1, 1, 1, 1, 1, 1, 1, 1, 1, 1, 1, 1, 1, 1, 1, 1, 1, 1, 1, 0, 0, ],[1, 1, 1, 1, 1, 1, 1, 1, 1, 1, 1, 1, 1, 1, 1, 1, 1, 1, 1, 1, 1, 1, 1, 1, 1, 1, 1, 1, 1, 1, 0, 0, ],]
j_protocol_secondary =  [0.106328, 0.199775, 0.199775, 0.200625, 0.200625, 0.21685, 0.21685, 0.2352, ]
k_protocol_secondary =  [0, 0.0873766, 0.0873766, 0.127161, 0.127161, 0.157073, 0.157073, 0.222652, ]
best_evolved_state = [-0.141376, -0.115407, -0.327276, -0.571208, -0.141376, -0.115407, -0.141376, -0.115407, -0.327276, -0.571208, -0.141376, -0.115407, ]
best_mc_result_fixed_tau =   [0.0896258, 0.0896258, ]
evolved_state_fixed_tau =   [[-0.139063, -0.1189, -0.328909, -0.569972, -0.139063, -0.1189, -0.139063, -0.1189, -0.328909, -0.569972, -0.139063, -0.1189, ],[-0.139063, -0.1189, -0.328909, -0.569972, -0.139063, -0.1189, -0.139063, -0.1189, -0.328909, -0.569972, -0.139063, -0.1189, ],]
##############################################################################
clock_duration  =         6.96333
tau =                     0.28224
total_steps =             32
time_step =               0.00882
best_mc_result =          0.0584276
best_mc_result_non_secondary =          0.0584531
evolved_target_dot_squared =  0.941572
distance =          0.301793
j_protocol =  [[0, 0, 0, 0, 0, 0, 0, 0, 0, 0, 0, 0, 0, 0, 0, 1, 1, 1, 1, 1, 1, 1, 1, 1, 1, 1, 1, 1, 1, 1, 1, 1, ],[0, 0, 0, 0, 0, 0, 0, 0, 0, 0, 0, 0, 0, 0, 0, 1, 1, 1, 1, 1, 1, 1, 1, 1, 1, 1, 1, 1, 1, 1, 1, 1, ],]
k_protocol =  [[1, 1, 1, 1, 1, 1, 1, 1, 1, 1, 1, 1, 1, 1, 1, 1, 1, 1, 1, 1, 1, 1, 1, 1, 1, 1, 1, 1, 1, 1, 0, 0, ],[1, 1, 1, 1, 1, 1, 1, 1, 1, 1, 1, 1, 1, 1, 1, 1, 1, 1, 1, 1, 1, 1, 1, 1, 1, 1, 1, 1, 1, 1, 0, 0, ],]
j_protocol_secondary =  [0.0251838, 0.0251838, 0.122258, 0.122258, 0.132161, 0.225984, 0.225984, 0.28224, ]
k_protocol_secondary =  [0, 0.14379, 0.14379, 0.198811, 0.198811, 0.261541, 0.261541, 0.26768, ]
best_evolved_state = [-0.102842, -0.114286, -0.222807, -0.634887, -0.102842, -0.114286, -0.102842, -0.114286, -0.222807, -0.634887, -0.102842, -0.114286, ]
best_mc_result_fixed_tau =   [0.0584531, 0.0584531, ]
evolved_state_fixed_tau =   [[-0.103049, -0.114411, -0.23065, -0.631967, -0.103049, -0.114411, -0.103049, -0.114411, -0.23065, -0.631967, -0.103049, -0.114411, ],[-0.103049, -0.114411, -0.23065, -0.631967, -0.103049, -0.114411, -0.103049, -0.114411, -0.23065, -0.631967, -0.103049, -0.114411, ],]
##############################################################################
clock_duration  =         8.33907
tau =                     0.338688
total_steps =             32
time_step =               0.010584
best_mc_result =          0.0266953
best_mc_result_non_secondary =          0.0267708
evolved_target_dot_squared =  0.973305
distance =          0.137888
j_protocol =  [[0, 0, 0, 0, 0, 0, 0, 0, 0, 0, 0, 0, 0, 0, 0, 0, 1, 1, 1, 1, 1, 1, 1, 1, 1, 1, 1, 1, 1, 1, 1, 1, ],[0, 0, 0, 0, 0, 0, 0, 0, 0, 0, 0, 0, 0, 0, 0, 0, 1, 1, 1, 1, 1, 1, 1, 1, 1, 1, 1, 1, 1, 1, 1, 1, ],]
k_protocol =  [[1, 1, 1, 1, 1, 1, 1, 1, 1, 1, 1, 1, 1, 1, 1, 1, 1, 1, 1, 1, 1, 1, 1, 1, 1, 1, 1, 1, 1, 1, 0, 0, ],[1, 1, 1, 1, 1, 1, 1, 1, 1, 1, 1, 1, 1, 1, 1, 1, 1, 1, 1, 1, 1, 1, 1, 1, 1, 1, 1, 1, 1, 1, 0, 0, ],]
j_protocol_secondary =  [0.166406, 0.206814, 0.206814, 0.257037, 0.257037, 0.320068, 0.320068, 0.338688, ]
k_protocol_secondary =  [0, 0.0504636, 0.0504636, 0.0556546, 0.0556546, 0.311888, 0.311888, 0.322018, ]
best_evolved_state = [-0.0575837, -0.0993385, -0.0905431, -0.682227, -0.0575837, -0.0993385, -0.0575837, -0.0993385, -0.0905431, -0.682227, -0.0575837, -0.0993385, ]
best_mc_result_fixed_tau =   [0.0267708, 0.0267708, ]
evolved_state_fixed_tau =   [[-0.0604757, -0.0975666, -0.105616, -0.680068, -0.0604757, -0.0975666, -0.0604757, -0.0975666, -0.105616, -0.680068, -0.0604757, -0.0975666, ],[-0.0604757, -0.0975666, -0.105616, -0.680068, -0.0604757, -0.0975666, -0.0604757, -0.0975666, -0.105616, -0.680068, -0.0604757, -0.0975666, ],]
##############################################################################
clock_duration  =         9.74825
tau =                     0.372557
total_steps =             32
time_step =               0.0116424
best_mc_result =          0.0126353
best_mc_result_non_secondary =          0.0127011
evolved_target_dot_squared =  0.987365
distance =          0.0652646
j_protocol =  [[0, 0, 0, 0, 0, 0, 0, 0, 0, 0, 0, 0, 0, 0, 0, 0, 1, 1, 1, 1, 1, 1, 1, 1, 1, 1, 1, 1, 1, 1, 1, 1, ],[0, 0, 0, 0, 0, 0, 0, 0, 0, 0, 0, 0, 0, 0, 0, 0, 1, 1, 1, 1, 1, 1, 1, 1, 1, 1, 1, 1, 1, 1, 1, 1, ],]
k_protocol =  [[1, 1, 1, 1, 1, 1, 1, 1, 1, 1, 1, 1, 1, 1, 1, 1, 1, 1, 1, 1, 1, 1, 1, 1, 1, 1, 1, 1, 1, 1, 1, 0, ],[1, 1, 1, 1, 1, 1, 1, 1, 1, 1, 1, 1, 1, 1, 1, 1, 1, 1, 1, 1, 1, 1, 1, 1, 1, 1, 1, 1, 1, 1, 0, 0, ],]
j_protocol_secondary =  [0.0615712, 0.0615712, 0.188774, 0.28331, 0.28331, 0.334776, 0.334776, 0.372557, ]
k_protocol_secondary =  [0, 0.304149, 0.304149, 0.350861, 0.350861, 0.354859, 0.356154, 0.356154, ]
best_evolved_state = [-0.0327913, -0.0835825, -0.0104208, -0.695535, -0.0327913, -0.0835825, -0.0327913, -0.0835825, -0.0104208, -0.695535, -0.0327913, -0.0835825, ]
best_mc_result_fixed_tau =   [0.0127011, 0.0127389, ]
evolved_state_fixed_tau =   [[-0.0302332, -0.0847817, 0.00882355, -0.695499, -0.0302332, -0.0847817, -0.0302332, -0.0847817, 0.00882355, -0.695499, -0.0302332, -0.0847817, ],[-0.0302332, -0.0847817, 0.00882355, -0.695499, -0.0302332, -0.0847817, -0.0302332, -0.0847817, 0.00882355, -0.695499, -0.0302332, -0.0847817, ],]
##############################################################################
clock_duration  =         12.8886
tau =                     0.377214
total_steps =             32
time_step =               0.0128066
best_mc_result =          0.0110674
best_mc_result_non_secondary =          0
evolved_target_dot_squared =  0.988933
distance =          0.0571659
j_protocol =  [[0, 0, 0, 0, 0, 0, 0, 0, 0, 0, 0, 0, 0, 0, 0, 0, 0, 0, 0, 0, 0, 0, 0, 0, 0, 0, 0, 0, 0, 0, 0, 0, ],[0, 0, 0, 0, 0, 0, 0, 0, 0, 0, 0, 0, 0, 0, 0, 0, 0, 0, 0, 0, 0, 0, 0, 0, 0, 0, 0, 0, 0, 0, 0, 0, ],]
k_protocol =  [[0, 0, 0, 0, 0, 0, 0, 0, 0, 0, 0, 0, 0, 0, 0, 0, 0, 0, 0, 0, 0, 0, 0, 0, 0, 0, 0, 0, 0, 0, 0, 0, ],[0, 0, 0, 0, 0, 0, 0, 0, 0, 0, 0, 0, 0, 0, 0, 0, 0, 0, 0, 0, 0, 0, 0, 0, 0, 0, 0, 0, 0, 0, 0, 0, ],]
j_protocol_secondary =  [0.121602, 0.121602, 0.134326, 0.134326, 0.192002, 0.290329, 0.290329, 0.377214, ]
k_protocol_secondary =  [0, 0.0130627, 0.0130627, 0.169707, 0.169707, 0.215188, 0.215188, 0.359295, ]
best_evolved_state = [-0.029637, -0.081026, 0.000224173, -0.6965, -0.029637, -0.081026, -0.029637, -0.081026, 0.000224173, -0.6965, -0.029637, -0.081026, ]
best_mc_result_fixed_tau =   [0.00292083, 0.00292083, ]
evolved_state_fixed_tau =   [[-0.0118737, -0.0602742, 0.0542479, -0.699649, -0.0118737, -0.0602742, -0.0118737, -0.0602742, 0.0542479, -0.699649, -0.0118737, -0.0602742, ],[-0.0118737, -0.0602742, 0.0542479, -0.699649, -0.0118737, -0.0602742, -0.0118737, -0.0602742, 0.0542479, -0.699649, -0.0118737, -0.0602742, ],]
##############################################################################
clock_duration  =         13.4526
tau =                     0.379542
total_steps =             32
time_step =               0.0128066
best_mc_result =          0.0103191
best_mc_result_non_secondary =          0
evolved_target_dot_squared =  0.989681
distance =          0.0533006
j_protocol =  [[0, 0, 0, 0, 0, 0, 0, 0, 0, 0, 0, 0, 0, 0, 0, 0, 0, 0, 0, 0, 0, 0, 0, 0, 0, 0, 0, 0, 0, 0, 0, 0, ],[0, 0, 0, 0, 0, 0, 0, 0, 0, 0, 0, 0, 0, 0, 0, 0, 0, 0, 0, 0, 0, 0, 0, 0, 0, 0, 0, 0, 0, 0, 0, 0, ],]
k_protocol =  [[0, 0, 0, 0, 0, 0, 0, 0, 0, 0, 0, 0, 0, 0, 0, 0, 0, 0, 0, 0, 0, 0, 0, 0, 0, 0, 0, 0, 0, 0, 0, 0, ],[0, 0, 0, 0, 0, 0, 0, 0, 0, 0, 0, 0, 0, 0, 0, 0, 0, 0, 0, 0, 0, 0, 0, 0, 0, 0, 0, 0, 0, 0, 0, 0, ],]
j_protocol_secondary =  [0.122353, 0.122353, 0.135156, 0.135156, 0.193581, 0.292121, 0.292121, 0.379542, ]
k_protocol_secondary =  [0, 0.0131433, 0.0131433, 0.170755, 0.170755, 0.216516, 0.216516, 0.36155, ]
best_evolved_state = [-0.0280343, -0.0797424, 0.0056806, -0.696906, -0.0280343, -0.0797424, -0.0280343, -0.0797424, 0.0056806, -0.696906, -0.0280343, -0.0797424, ]
best_mc_result_fixed_tau =   [0.00292083, 0.00292083, ]
evolved_state_fixed_tau =   [[-0.0118737, -0.0602742, 0.0542479, -0.699649, -0.0118737, -0.0602742, -0.0118737, -0.0602742, 0.0542479, -0.699649, -0.0118737, -0.0602742, ],[-0.0118737, -0.0602742, 0.0542479, -0.699649, -0.0118737, -0.0602742, -0.0118737, -0.0602742, 0.0542479, -0.699649, -0.0118737, -0.0602742, ],]
##############################################################################
clock_duration  =         14.0228
tau =                     0.380706
total_steps =             32
time_step =               0.0128066
best_mc_result =          0.00995393
best_mc_result_non_secondary =          0
evolved_target_dot_squared =  0.990046
distance =          0.0514145
j_protocol =  [[0, 0, 0, 0, 0, 0, 0, 0, 0, 0, 0, 0, 0, 0, 0, 0, 0, 0, 0, 0, 0, 0, 0, 0, 0, 0, 0, 0, 0, 0, 0, 0, ],[0, 0, 0, 0, 0, 0, 0, 0, 0, 0, 0, 0, 0, 0, 0, 0, 0, 0, 0, 0, 0, 0, 0, 0, 0, 0, 0, 0, 0, 0, 0, 0, ],]
k_protocol =  [[0, 0, 0, 0, 0, 0, 0, 0, 0, 0, 0, 0, 0, 0, 0, 0, 0, 0, 0, 0, 0, 0, 0, 0, 0, 0, 0, 0, 0, 0, 0, 0, ],[0, 0, 0, 0, 0, 0, 0, 0, 0, 0, 0, 0, 0, 0, 0, 0, 0, 0, 0, 0, 0, 0, 0, 0, 0, 0, 0, 0, 0, 0, 0, 0, ],]
j_protocol_secondary =  [0.122728, 0.122728, 0.13557, 0.13557, 0.194379, 0.293017, 0.293017, 0.380706, ]
k_protocol_secondary =  [0, 0.0131836, 0.0131836, 0.171279, 0.171279, 0.21718, 0.21718, 0.362701, ]
best_evolved_state = [-0.0272447, -0.0790862, 0.00846419, -0.69709, -0.0272447, -0.0790862, -0.0272447, -0.0790862, 0.00846419, -0.69709, -0.0272447, -0.0790862, ]
best_mc_result_fixed_tau =   [0.00292083, 0.00292083, ]
evolved_state_fixed_tau =   [[-0.0118737, -0.0602742, 0.0542479, -0.699649, -0.0118737, -0.0602742, -0.0118737, -0.0602742, 0.0542479, -0.699649, -0.0118737, -0.0602742, ],[-0.0118737, -0.0602742, 0.0542479, -0.699649, -0.0118737, -0.0602742, -0.0118737, -0.0602742, 0.0542479, -0.699649, -0.0118737, -0.0602742, ],]
