START_PARAMETERS
MAX_STEPS_MCDB =               32
MIN_STEPS_MCDB =               4
STEPS_CRUNCH_MCDB =            1
SWEEPS_MCDB =                  50
TOTAL_STEP_CHANGES =                  6
MCBB_SECONDARY =                  1
SWEEPS_MCBB_SECONDARY =                  100
NUMBER_OF_BANGS =                  4
GROUND_E =                -2.16147
INITIAL_E =               -0.737269
j_initial =               0.045
k_initial =               0.5
b_initial =               0
j_target =                0.67
k_target =                0.125
b_target =                0
init_target_dot_squared = 0.62746
init_state = [-0.0316285, 0, -0.705691, 0, -0.0316285, 0, -0.0316285, 0, -0.705691, 0, -0.0316285, 0, ]
target_state = [0.329623, 0, 0.531693, 0, 0.329623, 0, 0.329623, 0, 0.531693, 0, 0.329623, 0, ]
USE_ENERGY_DISTANCE =     false
PERIODIC =                false
UNIFORM_SITES =           true
DEVICE_DIMENSION =        2
MAX_PARAM =               1
MIN_PARAM =               0
MIN_PARAM =               0
DIAG =                    true
NUM_SEEDS =               2
NUMBER_OF_BANGS =               4
DISTANCE_LIMIT =          0.01
TAU_INIT =                0.05
MAX_TAU =                 5
TAU_SCALAR =              1.2
TAU_SCALAR_TINY =         1.1
TAU_SCALAR_BIG =          1.4
ACCEPTANCE_PROB =         0.85
TEMP_EXP_DECAY =          0.8
MIN_TEMP_FRACTION =       0.01
TEMP_DECAY_ITERATIONS =   21
ZERO_TEMP_ITREATIONS =    15
RANDOM_STATES =           3
END_PARAMETERS
##############################################################################
clock_duration  =         1.33063
tau =                     0.05
total_steps =             32
time_step =               0.0015625
best_mc_result =          0.361935
best_mc_result_non_secondary =          0.361937
evolved_target_dot_squared =  0.638065
distance =          0.971531
j_protocol =  [[1, 1, 1, 1, 1, 1, 1, 1, 1, 1, 1, 1, 1, 1, 1, 1, 1, 1, 1, 1, 1, 1, 1, 1, 1, 1, 1, 0, 0, 0, 0, 0, ],[1, 1, 1, 1, 1, 1, 1, 1, 1, 1, 1, 1, 1, 1, 1, 1, 1, 1, 1, 1, 1, 1, 1, 1, 1, 1, 1, 0, 0, 0, 0, 0, ],]
k_protocol =  [[0, 0, 1, 1, 1, 1, 1, 1, 1, 1, 1, 1, 1, 1, 1, 1, 1, 1, 1, 1, 1, 1, 1, 1, 1, 1, 1, 1, 1, 1, 1, 1, ],[0, 0, 1, 1, 1, 1, 1, 1, 1, 1, 1, 1, 1, 1, 1, 1, 1, 1, 1, 1, 1, 1, 1, 1, 1, 1, 1, 1, 1, 1, 1, 1, ],]
j_protocol_secondary =  [0, 0.00419377, 0.00419377, 0.0253212, 0.0253212, 0.0339477, 0.0339477, 0.0426059, ]
k_protocol_secondary =  [0.00341885, 0.00341885, 0.00352405, 0.025742, 0.025742, 0.0436154, 0.0436154, 0.05, ]
best_evolved_state = [-0.0271075, -0.059751, -0.687849, -0.135108, -0.0271075, -0.059751, -0.0271075, -0.059751, -0.687849, -0.135108, -0.0271075, -0.059751, ]
best_mc_result_fixed_tau =   [0.361937, 0.361937, ]
evolved_state_fixed_tau =   [[-0.027116, -0.0591654, -0.687741, -0.136166, -0.027116, -0.0591654, -0.027116, -0.0591654, -0.687741, -0.136166, -0.027116, -0.0591654, ],[-0.027116, -0.0591654, -0.687741, -0.136166, -0.027116, -0.0591654, -0.027116, -0.0591654, -0.687741, -0.136166, -0.027116, -0.0591654, ],]
##############################################################################
clock_duration  =         2.6253
tau =                     0.14
total_steps =             32
time_step =               0.004375
best_mc_result =          0.294909
best_mc_result_non_secondary =          0.294915
evolved_target_dot_squared =  0.705091
distance =          0.791616
j_protocol =  [[1, 1, 1, 1, 1, 1, 1, 1, 1, 1, 1, 1, 1, 1, 1, 1, 1, 1, 1, 1, 1, 1, 1, 1, 1, 1, 1, 0, 0, 0, 0, 0, ],[1, 1, 1, 1, 1, 1, 1, 1, 1, 1, 1, 1, 1, 1, 1, 1, 1, 1, 1, 1, 1, 1, 1, 1, 1, 1, 1, 0, 0, 0, 0, 0, ],]
k_protocol =  [[0, 0, 1, 1, 1, 1, 1, 1, 1, 1, 1, 1, 1, 1, 1, 1, 1, 1, 1, 1, 1, 1, 1, 1, 1, 1, 1, 1, 1, 1, 1, 1, ],[0, 0, 1, 1, 1, 1, 1, 1, 1, 1, 1, 1, 1, 1, 1, 1, 1, 1, 1, 1, 1, 1, 1, 1, 1, 1, 1, 1, 1, 1, 1, 1, ],]
j_protocol_secondary =  [0, 0.0454447, 0.0454447, 0.0735377, 0.0735377, 0.0894938, 0.0894938, 0.117667, ]
k_protocol_secondary =  [0.00688189, 0.00688189, 0.00970795, 0.0274373, 0.0274373, 0.10923, 0.10923, 0.14, ]
best_evolved_state = [0.00186326, -0.158146, -0.571483, -0.351255, 0.00186326, -0.158146, 0.00186326, -0.158146, -0.571483, -0.351255, 0.00186326, -0.158146, ]
best_mc_result_fixed_tau =   [0.294915, 0.294915, ]
evolved_state_fixed_tau =   [[0.00269857, -0.15857, -0.569887, -0.353448, 0.00269857, -0.15857, 0.00269857, -0.15857, -0.569887, -0.353448, 0.00269857, -0.15857, ],[0.00269857, -0.15857, -0.569887, -0.353448, 0.00269857, -0.15857, 0.00269857, -0.15857, -0.569887, -0.353448, 0.00269857, -0.15857, ],]
##############################################################################
clock_duration  =         3.93566
tau =                     0.168
total_steps =             32
time_step =               0.00525
best_mc_result =          0.264589
best_mc_result_non_secondary =          0.264607
evolved_target_dot_squared =  0.735411
distance =          0.710228
j_protocol =  [[1, 1, 1, 1, 1, 1, 1, 1, 1, 1, 1, 1, 1, 1, 1, 1, 1, 1, 1, 1, 1, 1, 1, 1, 1, 1, 1, 0, 0, 0, 0, 0, ],[1, 1, 1, 1, 1, 1, 1, 1, 1, 1, 1, 1, 1, 1, 1, 1, 1, 1, 1, 1, 1, 1, 1, 1, 1, 1, 1, 0, 0, 0, 0, 0, ],]
k_protocol =  [[0, 0, 1, 1, 1, 1, 1, 1, 1, 1, 1, 1, 1, 1, 1, 1, 1, 1, 1, 1, 1, 1, 1, 1, 1, 1, 1, 1, 1, 1, 1, 1, ],[0, 0, 1, 1, 1, 1, 1, 1, 1, 1, 1, 1, 1, 1, 1, 1, 1, 1, 1, 1, 1, 1, 1, 1, 1, 1, 1, 1, 1, 1, 1, 1, ],]
j_protocol_secondary =  [0, 0.0707835, 0.0707835, 0.0721986, 0.0721986, 0.0919154, 0.0919154, 0.140117, ]
k_protocol_secondary =  [0.0115261, 0.0393148, 0.0393148, 0.0423536, 0.0423536, 0.074885, 0.074885, 0.168, ]
best_evolved_state = [0.0152101, -0.184467, -0.516445, -0.405914, 0.0152101, -0.184467, 0.0152101, -0.184467, -0.516445, -0.405914, 0.0152101, -0.184467, ]
best_mc_result_fixed_tau =   [0.264607, 0.264607, ]
evolved_state_fixed_tau =   [[0.0170519, -0.186094, -0.513633, -0.407845, 0.0170519, -0.186094, 0.0170519, -0.186094, -0.513633, -0.407845, 0.0170519, -0.186094, ],[0.0170519, -0.186094, -0.513633, -0.407845, 0.0170519, -0.186094, 0.0170519, -0.186094, -0.513633, -0.407845, 0.0170519, -0.186094, ],]
##############################################################################
clock_duration  =         5.23809
tau =                     0.2352
total_steps =             32
time_step =               0.00735
best_mc_result =          0.183177
best_mc_result_non_secondary =          0.183181
evolved_target_dot_squared =  0.816823
distance =          0.491698
j_protocol =  [[1, 1, 1, 1, 1, 1, 1, 1, 1, 1, 1, 1, 1, 1, 1, 1, 1, 1, 1, 1, 1, 1, 1, 1, 1, 1, 0, 0, 0, 0, 0, 0, ],[1, 1, 1, 1, 1, 1, 1, 1, 1, 1, 1, 1, 1, 1, 1, 1, 1, 1, 1, 1, 1, 1, 1, 1, 1, 1, 0, 0, 0, 0, 0, 0, ],]
k_protocol =  [[0, 0, 1, 1, 1, 1, 1, 1, 1, 1, 1, 1, 1, 1, 1, 1, 1, 1, 1, 1, 1, 1, 1, 1, 1, 1, 1, 1, 1, 1, 1, 1, ],[0, 0, 1, 1, 1, 1, 1, 1, 1, 1, 1, 1, 1, 1, 1, 1, 1, 1, 1, 1, 1, 1, 1, 1, 1, 1, 1, 1, 1, 1, 1, 1, ],]
j_protocol_secondary =  [0, 0.011973, 0.011973, 0.146848, 0.146848, 0.19052, 0.214471, 0.214471, ]
k_protocol_secondary =  [0.0155378, 0.0180238, 0.0180238, 0.050141, 0.050141, 0.194088, 0.194088, 0.2352, ]
best_evolved_state = [0.051561, -0.236154, -0.359025, -0.504229, 0.051561, -0.236154, 0.051561, -0.236154, -0.359025, -0.504229, 0.051561, -0.236154, ]
best_mc_result_fixed_tau =   [0.183181, 0.183181, ]
evolved_state_fixed_tau =   [[0.0527956, -0.236396, -0.356852, -0.505288, 0.0527956, -0.236396, 0.0527956, -0.236396, -0.356852, -0.505288, 0.0527956, -0.236396, ],[0.0527956, -0.236396, -0.356852, -0.505288, 0.0527956, -0.236396, 0.0527956, -0.236396, -0.356852, -0.505288, 0.0527956, -0.236396, ],]
##############################################################################
clock_duration  =         6.58338
tau =                     0.28224
total_steps =             32
time_step =               0.00882
best_mc_result =          0.126079
best_mc_result_non_secondary =          0.126081
evolved_target_dot_squared =  0.873921
distance =          0.33843
j_protocol =  [[1, 1, 1, 1, 1, 1, 1, 1, 1, 1, 1, 1, 1, 1, 1, 1, 1, 1, 1, 1, 1, 1, 1, 1, 1, 0, 0, 0, 0, 0, 0, 0, ],[1, 1, 1, 1, 1, 1, 1, 1, 1, 1, 1, 1, 1, 1, 1, 1, 1, 1, 1, 1, 1, 1, 1, 1, 1, 0, 0, 0, 0, 0, 0, 0, ],]
k_protocol =  [[0, 0, 1, 1, 1, 1, 1, 1, 1, 1, 1, 1, 1, 1, 1, 1, 1, 1, 1, 1, 1, 1, 1, 1, 1, 1, 1, 1, 1, 1, 1, 1, ],[0, 0, 1, 1, 1, 1, 1, 1, 1, 1, 1, 1, 1, 1, 1, 1, 1, 1, 1, 1, 1, 1, 1, 1, 1, 1, 1, 1, 1, 1, 1, 1, ],]
j_protocol_secondary =  [0, 0.00789632, 0.00789632, 0.160743, 0.160743, 0.204536, 0.204536, 0.221291, ]
k_protocol_secondary =  [0.0178459, 0.0865771, 0.0865771, 0.219753, 0.219753, 0.268041, 0.268041, 0.28224, ]
best_evolved_state = [0.0772705, -0.261772, -0.236493, -0.543213, 0.0772705, -0.261772, 0.0772705, -0.261772, -0.236493, -0.543213, 0.0772705, -0.261772, ]
best_mc_result_fixed_tau =   [0.126081, 0.126081, ]
evolved_state_fixed_tau =   [[0.0767264, -0.261114, -0.236795, -0.543869, 0.0767264, -0.261114, 0.0767264, -0.261114, -0.236795, -0.543869, 0.0767264, -0.261114, ],[0.0767264, -0.261114, -0.236795, -0.543869, 0.0767264, -0.261114, 0.0767264, -0.261114, -0.236795, -0.543869, 0.0767264, -0.261114, ],]
##############################################################################
clock_duration  =         7.92879
tau =                     0.338688
total_steps =             32
time_step =               0.010584
best_mc_result =          0.066317
best_mc_result_non_secondary =          0.0663554
evolved_target_dot_squared =  0.933683
distance =          0.178013
j_protocol =  [[1, 1, 1, 1, 1, 1, 1, 1, 1, 1, 1, 1, 1, 1, 1, 1, 1, 1, 1, 1, 1, 1, 1, 1, 0, 0, 0, 0, 0, 0, 0, 0, ],[1, 1, 1, 1, 1, 1, 1, 1, 1, 1, 1, 1, 1, 1, 1, 1, 1, 1, 1, 1, 1, 1, 1, 1, 0, 0, 0, 0, 0, 0, 0, 0, ],]
k_protocol =  [[0, 0, 1, 1, 1, 1, 1, 1, 1, 1, 1, 1, 1, 1, 1, 1, 1, 1, 1, 1, 1, 1, 1, 1, 1, 1, 1, 1, 1, 1, 1, 1, ],[0, 0, 1, 1, 1, 1, 1, 1, 1, 1, 1, 1, 1, 1, 1, 1, 1, 1, 1, 1, 1, 1, 1, 1, 1, 1, 1, 1, 1, 1, 1, 1, ],]
j_protocol_secondary =  [0, 0.116333, 0.116333, 0.147654, 0.147654, 0.250941, 0.316483, 0.316483, ]
k_protocol_secondary =  [0.019798, 0.207332, 0.207332, 0.288605, 0.288605, 0.307786, 0.307786, 0.338688, ]
best_evolved_state = [0.103963, -0.281556, -0.0879938, -0.558653, 0.103963, -0.281556, 0.103963, -0.281556, -0.0879938, -0.558653, 0.103963, -0.281556, ]
best_mc_result_fixed_tau =   [0.0663554, 0.0663554, ]
evolved_state_fixed_tau =   [[0.105572, -0.283948, -0.0882051, -0.555587, 0.105572, -0.283948, 0.105572, -0.283948, -0.0882051, -0.555587, 0.105572, -0.283948, ],[0.105572, -0.283948, -0.0882051, -0.555587, 0.105572, -0.283948, 0.105572, -0.283948, -0.0882051, -0.555587, 0.105572, -0.283948, ],]
##############################################################################
clock_duration  =         9.27857
tau =                     0.372557
total_steps =             32
time_step =               0.0116424
best_mc_result =          0.0381097
best_mc_result_non_secondary =          0.0381698
evolved_target_dot_squared =  0.96189
distance =          0.102297
j_protocol =  [[1, 1, 1, 1, 1, 1, 1, 1, 1, 1, 1, 1, 1, 1, 1, 1, 1, 1, 1, 1, 1, 1, 1, 0, 0, 0, 0, 0, 0, 0, 0, 0, ],[1, 1, 1, 1, 1, 1, 1, 1, 1, 1, 1, 1, 1, 1, 1, 1, 1, 1, 1, 1, 1, 1, 1, 0, 0, 0, 0, 0, 0, 0, 0, 0, ],]
k_protocol =  [[0, 0, 1, 1, 1, 1, 1, 1, 1, 1, 1, 1, 1, 1, 1, 1, 1, 1, 1, 1, 1, 1, 1, 1, 1, 1, 1, 1, 1, 1, 1, 1, ],[0, 0, 1, 1, 1, 1, 1, 1, 1, 1, 1, 1, 1, 1, 1, 1, 1, 1, 1, 1, 1, 1, 1, 1, 1, 1, 1, 1, 1, 1, 1, 1, ],]
j_protocol_secondary =  [0, 0.164589, 0.164589, 0.165799, 0.165799, 0.233153, 0.233153, 0.264326, ]
k_protocol_secondary =  [0.0205904, 0.0365376, 0.0365376, 0.0915819, 0.0915819, 0.0923545, 0.0923545, 0.372557, ]
best_evolved_state = [0.116454, -0.288806, -0.00244732, -0.553221, 0.116454, -0.288806, 0.116454, -0.288806, -0.00244732, -0.553221, 0.116454, -0.288806, ]
best_mc_result_fixed_tau =   [0.0381698, 0.0381698, ]
evolved_state_fixed_tau =   [[0.117017, -0.291953, -0.00545617, -0.549647, 0.117017, -0.291953, 0.117017, -0.291953, -0.00545617, -0.549647, 0.117017, -0.291953, ],[0.117017, -0.291953, -0.00545617, -0.549647, 0.117017, -0.291953, 0.117017, -0.291953, -0.00545617, -0.549647, 0.117017, -0.291953, ],]
##############################################################################
clock_duration  =         10.6541
tau =                     0.409812
total_steps =             32
time_step =               0.0128066
best_mc_result =          0.0154995
best_mc_result_non_secondary =          0.0156431
evolved_target_dot_squared =  0.984501
distance =          0.0416048
j_protocol =  [[1, 1, 1, 1, 1, 1, 1, 1, 1, 1, 1, 1, 1, 1, 1, 1, 1, 1, 1, 1, 1, 1, 0, 0, 0, 0, 0, 0, 0, 0, 0, 0, ],[1, 1, 1, 1, 1, 1, 1, 1, 1, 1, 1, 1, 1, 1, 1, 1, 1, 1, 1, 1, 1, 0, 0, 0, 0, 0, 0, 0, 0, 0, 0, 0, ],]
k_protocol =  [[0, 0, 1, 1, 1, 1, 1, 1, 1, 1, 1, 1, 1, 1, 1, 1, 1, 1, 1, 1, 1, 1, 1, 1, 1, 1, 1, 1, 1, 1, 1, 1, ],[0, 0, 1, 1, 1, 1, 1, 1, 1, 1, 1, 1, 1, 1, 1, 1, 1, 1, 1, 1, 1, 1, 1, 1, 1, 1, 1, 1, 1, 1, 1, 1, ],]
j_protocol_secondary =  [0, 0.0069595, 0.0069595, 0.0146236, 0.0146236, 0.0473084, 0.0473084, 0.275437, ]
k_protocol_secondary =  [0.0211995, 0.0256133, 0.0256133, 0.0364268, 0.0364268, 0.196522, 0.196522, 0.409812, ]
best_evolved_state = [0.126975, -0.293997, 0.0864821, -0.536104, 0.126975, -0.293997, 0.126975, -0.293997, 0.0864821, -0.536104, 0.126975, -0.293997, ]
best_mc_result_fixed_tau =   [0.0156811, 0.0156431, ]
evolved_state_fixed_tau =   [[0.128498, -0.299182, 0.0817364, -0.530355, 0.128498, -0.299182, 0.128498, -0.299182, 0.0817364, -0.530355, 0.128498, -0.299182, ],[0.115683, -0.293824, 0.0718904, -0.543508, 0.115683, -0.293824, 0.115683, -0.293824, 0.0718904, -0.543508, 0.115683, -0.293824, ],]
##############################################################################
clock_duration  =         13.1773
tau =                     0.420058
total_steps =             32
time_step =               0.0140873
best_mc_result =          0.0109738
best_mc_result_non_secondary =          0
evolved_target_dot_squared =  0.989026
distance =          0.0294567
j_protocol =  [[0, 0, 0, 0, 0, 0, 0, 0, 0, 0, 0, 0, 0, 0, 0, 0, 0, 0, 0, 0, 0, 0, 0, 0, 0, 0, 0, 0, 0, 0, 0, 0, ],[0, 0, 0, 0, 0, 0, 0, 0, 0, 0, 0, 0, 0, 0, 0, 0, 0, 0, 0, 0, 0, 0, 0, 0, 0, 0, 0, 0, 0, 0, 0, 0, ],]
k_protocol =  [[0, 0, 0, 0, 0, 0, 0, 0, 0, 0, 0, 0, 0, 0, 0, 0, 0, 0, 0, 0, 0, 0, 0, 0, 0, 0, 0, 0, 0, 0, 0, 0, ],[0, 0, 0, 0, 0, 0, 0, 0, 0, 0, 0, 0, 0, 0, 0, 0, 0, 0, 0, 0, 0, 0, 0, 0, 0, 0, 0, 0, 0, 0, 0, 0, ],]
j_protocol_secondary =  [0, 0.0151678, 0.0151678, 0.191527, 0.191527, 0.277948, 0.278161, 0.278161, ]
k_protocol_secondary =  [0.0212447, 0.0433542, 0.0433542, 0.175585, 0.175585, 0.286589, 0.286589, 0.420058, ]
best_evolved_state = [0.129463, -0.29501, 0.110062, -0.529437, 0.129463, -0.29501, 0.129463, -0.29501, 0.110062, -0.529437, 0.129463, -0.29501, ]
best_mc_result_fixed_tau =   [0.0020518, 0.0020518, ]
evolved_state_fixed_tau =   [[0.125699, -0.300764, 0.161746, -0.511194, 0.125699, -0.300764, 0.125699, -0.300764, 0.161746, -0.511194, 0.125699, -0.300764, ],[0.125699, -0.300764, 0.161746, -0.511194, 0.125699, -0.300764, 0.125699, -0.300764, 0.161746, -0.511194, 0.125699, -0.300764, ],]
##############################################################################
clock_duration  =         14.3389
tau =                     0.422619
total_steps =             32
time_step =               0.0140873
best_mc_result =          0.00996112
best_mc_result_non_secondary =          0
evolved_target_dot_squared =  0.990039
distance =          0.0267384
j_protocol =  [[0, 0, 0, 0, 0, 0, 0, 0, 0, 0, 0, 0, 0, 0, 0, 0, 0, 0, 0, 0, 0, 0, 0, 0, 0, 0, 0, 0, 0, 0, 0, 0, ],[0, 0, 0, 0, 0, 0, 0, 0, 0, 0, 0, 0, 0, 0, 0, 0, 0, 0, 0, 0, 0, 0, 0, 0, 0, 0, 0, 0, 0, 0, 0, 0, ],]
k_protocol =  [[0, 0, 0, 0, 0, 0, 0, 0, 0, 0, 0, 0, 0, 0, 0, 0, 0, 0, 0, 0, 0, 0, 0, 0, 0, 0, 0, 0, 0, 0, 0, 0, ],[0, 0, 0, 0, 0, 0, 0, 0, 0, 0, 0, 0, 0, 0, 0, 0, 0, 0, 0, 0, 0, 0, 0, 0, 0, 0, 0, 0, 0, 0, 0, 0, ],]
j_protocol_secondary =  [0, 0.0152603, 0.0152603, 0.192695, 0.192695, 0.278187, 0.278667, 0.279034, ]
k_protocol_secondary =  [0.0213444, 0.0436185, 0.0436185, 0.176655, 0.176655, 0.288336, 0.288336, 0.422619, ]
best_evolved_state = [0.129966, -0.295304, 0.115694, -0.527659, 0.129966, -0.295304, 0.129966, -0.295304, 0.115694, -0.527659, 0.129966, -0.295304, ]
best_mc_result_fixed_tau =   [0.0020518, 0.0020518, ]
evolved_state_fixed_tau =   [[0.125699, -0.300764, 0.161746, -0.511194, 0.125699, -0.300764, 0.125699, -0.300764, 0.161746, -0.511194, 0.125699, -0.300764, ],[0.125699, -0.300764, 0.161746, -0.511194, 0.125699, -0.300764, 0.125699, -0.300764, 0.161746, -0.511194, 0.125699, -0.300764, ],]
