START_PARAMETERS
MAX_STEPS_MCDB =               32
MIN_STEPS_MCDB =               4
STEPS_CRUNCH_MCDB =            1
SWEEPS_MCDB =                  50
TOTAL_STEP_CHANGES =                  6
MCBB_SECONDARY =                  1
SWEEPS_MCBB_SECONDARY =                  100
NUMBER_OF_BANGS =                  4
GROUND_E =                -2.09647
INITIAL_E =               -1.69573
j_initial =               0.652
k_initial =               0.25
b_initial =               0
j_target =                0.159
k_target =                0.5
b_target =                0
init_target_dot_squared = 0.817259
init_state = [0.303792, 0, 0.561623, 0, 0.303792, 0, 0.303792, 0, 0.561623, 0, 0.303792, 0, ]
target_state = [-0.104871, 0, -0.691379, 0, -0.104871, 0, -0.104871, 0, -0.691379, 0, -0.104871, 0, ]
USE_ENERGY_DISTANCE =     false
PERIODIC =                false
UNIFORM_SITES =           true
DEVICE_DIMENSION =        2
MAX_PARAM =               1
MIN_PARAM =               0
MIN_PARAM =               0
DIAG =                    true
NUM_SEEDS =               2
NUMBER_OF_BANGS =               4
DISTANCE_LIMIT =          0.01
TAU_INIT =                0.05
MAX_TAU =                 5
TAU_SCALAR =              1.2
TAU_SCALAR_TINY =         1.1
TAU_SCALAR_BIG =          1.4
ACCEPTANCE_PROB =         0.85
TEMP_EXP_DECAY =          0.8
MIN_TEMP_FRACTION =       0.01
TEMP_DECAY_ITERATIONS =   21
ZERO_TEMP_ITREATIONS =    15
RANDOM_STATES =           3
END_PARAMETERS
##############################################################################
clock_duration  =         1.34998
tau =                     0.05
total_steps =             32
time_step =               0.0015625
best_mc_result =          0.176388
best_mc_result_non_secondary =          0.176389
evolved_target_dot_squared =  0.823612
distance =          0.965235
j_protocol =  [[0, 0, 0, 0, 0, 0, 0, 1, 1, 1, 1, 1, 1, 1, 1, 1, 1, 1, 1, 1, 1, 1, 1, 1, 1, 1, 1, 1, 1, 1, 1, 1, ],[0, 0, 0, 0, 0, 0, 0, 1, 1, 1, 1, 1, 1, 1, 1, 1, 1, 1, 1, 1, 1, 1, 1, 1, 1, 1, 1, 1, 1, 1, 1, 1, ],]
k_protocol =  [[1, 1, 1, 1, 1, 1, 1, 1, 1, 1, 1, 1, 1, 1, 1, 1, 1, 1, 1, 1, 1, 1, 1, 1, 1, 1, 0, 0, 0, 0, 0, 0, ],[1, 1, 1, 1, 1, 1, 1, 1, 1, 1, 1, 1, 1, 1, 1, 1, 1, 1, 1, 1, 1, 1, 1, 1, 1, 1, 0, 0, 0, 0, 0, 0, ],]
j_protocol_secondary =  [0.0108013, 0.0108013, 0.0113307, 0.0138439, 0.0138439, 0.0200512, 0.0200512, 0.05, ]
k_protocol_secondary =  [0, 0.00970209, 0.00970209, 0.0122462, 0.0122462, 0.0406668, 0.0451726, 0.0451726, ]
best_evolved_state = [0.296873, 0.0429342, 0.548794, 0.137373, 0.296873, 0.0429342, 0.296873, 0.0429342, 0.548794, 0.137373, 0.296873, 0.0429342, ]
best_mc_result_fixed_tau =   [0.176389, 0.176389, ]
evolved_state_fixed_tau =   [[0.296818, 0.0433704, 0.548691, 0.137746, 0.296818, 0.0433704, 0.296818, 0.0433704, 0.548691, 0.137746, 0.296818, 0.0433704, ],[0.296818, 0.0433704, 0.548691, 0.137746, 0.296818, 0.0433704, 0.296818, 0.0433704, 0.548691, 0.137746, 0.296818, 0.0433704, ],]
##############################################################################
clock_duration  =         2.76433
tau =                     0.14
total_steps =             32
time_step =               0.004375
best_mc_result =          0.136639
best_mc_result_non_secondary =          0.136662
evolved_target_dot_squared =  0.863361
distance =          0.747721
j_protocol =  [[0, 0, 0, 0, 0, 0, 0, 0, 1, 1, 1, 1, 1, 1, 1, 1, 1, 1, 1, 1, 1, 1, 1, 1, 1, 1, 1, 1, 1, 1, 1, 1, ],[0, 0, 0, 0, 0, 0, 0, 0, 1, 1, 1, 1, 1, 1, 1, 1, 1, 1, 1, 1, 1, 1, 1, 1, 1, 1, 1, 1, 1, 1, 1, 1, ],]
k_protocol =  [[1, 1, 1, 1, 1, 1, 1, 1, 1, 1, 1, 1, 1, 1, 1, 1, 1, 1, 1, 1, 1, 1, 1, 1, 1, 1, 0, 0, 0, 0, 0, 0, ],[1, 1, 1, 1, 1, 1, 1, 1, 1, 1, 1, 1, 1, 1, 1, 1, 1, 1, 1, 1, 1, 1, 1, 1, 1, 1, 0, 0, 0, 0, 0, 0, ],]
j_protocol_secondary =  [0.0329485, 0.0383332, 0.0383332, 0.0614653, 0.0614653, 0.12562, 0.12562, 0.14, ]
k_protocol_secondary =  [0, 0.0127625, 0.0127625, 0.107765, 0.107765, 0.114109, 0.131335, 0.131335, ]
best_evolved_state = [0.251573, 0.109572, 0.4645, 0.365582, 0.251573, 0.109572, 0.251573, 0.109572, 0.4645, 0.365582, 0.251573, 0.109572, ]
best_mc_result_fixed_tau =   [0.136662, 0.136662, ]
evolved_state_fixed_tau =   [[0.252402, 0.107515, 0.46667, 0.362886, 0.252402, 0.107515, 0.252402, 0.107515, 0.46667, 0.362886, 0.252402, 0.107515, ],[0.252402, 0.107515, 0.46667, 0.362886, 0.252402, 0.107515, 0.252402, 0.107515, 0.46667, 0.362886, 0.252402, 0.107515, ],]
##############################################################################
clock_duration  =         4.10656
tau =                     0.168
total_steps =             32
time_step =               0.00525
best_mc_result =          0.118938
best_mc_result_non_secondary =          0.118953
evolved_target_dot_squared =  0.881062
distance =          0.650857
j_protocol =  [[0, 0, 0, 0, 0, 0, 0, 0, 1, 1, 1, 1, 1, 1, 1, 1, 1, 1, 1, 1, 1, 1, 1, 1, 1, 1, 1, 1, 1, 1, 1, 1, ],[0, 0, 0, 0, 0, 0, 0, 0, 1, 1, 1, 1, 1, 1, 1, 1, 1, 1, 1, 1, 1, 1, 1, 1, 1, 1, 1, 1, 1, 1, 1, 1, ],]
k_protocol =  [[1, 1, 1, 1, 1, 1, 1, 1, 1, 1, 1, 1, 1, 1, 1, 1, 1, 1, 1, 1, 1, 1, 1, 1, 1, 1, 0, 0, 0, 0, 0, 0, ],[1, 1, 1, 1, 1, 1, 1, 1, 1, 1, 1, 1, 1, 1, 1, 1, 1, 1, 1, 1, 1, 1, 1, 1, 1, 1, 0, 0, 0, 0, 0, 0, ],]
j_protocol_secondary =  [0.0403592, 0.0505471, 0.0505471, 0.083658, 0.083658, 0.0938988, 0.0938988, 0.168, ]
k_protocol_secondary =  [0, 0.0786131, 0.0786131, 0.101974, 0.101974, 0.137126, 0.157281, 0.157281, ]
best_evolved_state = [0.230057, 0.12521, 0.424205, 0.427601, 0.230057, 0.12521, 0.230057, 0.12521, 0.424205, 0.427601, 0.230057, 0.12521, ]
best_mc_result_fixed_tau =   [0.118953, 0.118953, ]
evolved_state_fixed_tau =   [[0.23087, 0.123681, 0.426771, 0.425054, 0.23087, 0.123681, 0.23087, 0.123681, 0.426771, 0.425054, 0.23087, 0.123681, ],[0.23087, 0.123681, 0.426771, 0.425054, 0.23087, 0.123681, 0.23087, 0.123681, 0.426771, 0.425054, 0.23087, 0.123681, ],]
##############################################################################
clock_duration  =         5.48314
tau =                     0.2352
total_steps =             32
time_step =               0.00735
best_mc_result =          0.0727151
best_mc_result_non_secondary =          0.0727402
evolved_target_dot_squared =  0.927285
distance =          0.397914
j_protocol =  [[0, 0, 0, 0, 0, 0, 0, 0, 1, 1, 1, 1, 1, 1, 1, 1, 1, 1, 1, 1, 1, 1, 1, 1, 1, 1, 1, 1, 1, 1, 1, 1, ],[0, 0, 0, 0, 0, 0, 0, 0, 1, 1, 1, 1, 1, 1, 1, 1, 1, 1, 1, 1, 1, 1, 1, 1, 1, 1, 1, 1, 1, 1, 1, 1, ],]
k_protocol =  [[1, 1, 1, 1, 1, 1, 1, 1, 1, 1, 1, 1, 1, 1, 1, 1, 1, 1, 1, 1, 1, 1, 1, 1, 1, 1, 0, 0, 0, 0, 0, 0, ],[1, 1, 1, 1, 1, 1, 1, 1, 1, 1, 1, 1, 1, 1, 1, 1, 1, 1, 1, 1, 1, 1, 1, 1, 1, 1, 0, 0, 0, 0, 0, 0, ],]
j_protocol_secondary =  [0.0602259, 0.086651, 0.086651, 0.111511, 0.111511, 0.113317, 0.113317, 0.2352, ]
k_protocol_secondary =  [0, 0.124319, 0.124319, 0.17395, 0.17395, 0.192825, 0.22226, 0.22226, ]
best_evolved_state = [0.16799, 0.149077, 0.306843, 0.55223, 0.16799, 0.149077, 0.16799, 0.149077, 0.306843, 0.55223, 0.16799, 0.149077, ]
best_mc_result_fixed_tau =   [0.0727402, 0.0727402, ]
evolved_state_fixed_tau =   [[0.167347, 0.150581, 0.308622, 0.550811, 0.167347, 0.150581, 0.167347, 0.150581, 0.308622, 0.550811, 0.167347, 0.150581, ],[0.167347, 0.150581, 0.308622, 0.550811, 0.167347, 0.150581, 0.167347, 0.150581, 0.308622, 0.550811, 0.167347, 0.150581, ],]
##############################################################################
clock_duration  =         6.85628
tau =                     0.28224
total_steps =             32
time_step =               0.00882
best_mc_result =          0.042181
best_mc_result_non_secondary =          0.0422263
evolved_target_dot_squared =  0.957819
distance =          0.230824
j_protocol =  [[0, 0, 0, 0, 0, 0, 0, 0, 0, 1, 1, 1, 1, 1, 1, 1, 1, 1, 1, 1, 1, 1, 1, 1, 1, 1, 1, 1, 1, 1, 1, 1, ],[0, 0, 0, 0, 0, 0, 0, 0, 1, 1, 1, 1, 1, 1, 1, 1, 1, 1, 1, 1, 1, 1, 1, 1, 1, 1, 1, 1, 1, 1, 1, 1, ],]
k_protocol =  [[1, 1, 1, 1, 1, 1, 1, 1, 1, 1, 1, 1, 1, 1, 1, 1, 1, 1, 1, 1, 1, 1, 1, 1, 1, 1, 0, 0, 0, 0, 0, 0, ],[1, 1, 1, 1, 1, 1, 1, 1, 1, 1, 1, 1, 1, 1, 1, 1, 1, 1, 1, 1, 1, 1, 1, 1, 1, 1, 1, 0, 0, 0, 0, 0, ],]
j_protocol_secondary =  [0.0766361, 0.151995, 0.151995, 0.169107, 0.169107, 0.258676, 0.258676, 0.28224, ]
k_protocol_secondary =  [0, 0.0270706, 0.0270706, 0.158464, 0.158464, 0.191707, 0.191707, 0.232393, ]
best_evolved_state = [0.119123, 0.152532, 0.212731, 0.616306, 0.119123, 0.152532, 0.119123, 0.152532, 0.212731, 0.616306, 0.119123, 0.152532, ]
best_mc_result_fixed_tau =   [0.0422263, 0.0423562, ]
evolved_state_fixed_tau =   [[0.121295, 0.151229, 0.223539, 0.612262, 0.121295, 0.151229, 0.121295, 0.151229, 0.223539, 0.612262, 0.121295, 0.151229, ],[0.114612, 0.15571, 0.190772, 0.623573, 0.114612, 0.15571, 0.114612, 0.15571, 0.190772, 0.623573, 0.114612, 0.15571, ],]
##############################################################################
clock_duration  =         8.23759
tau =                     0.338688
total_steps =             32
time_step =               0.010584
best_mc_result =          0.013939
best_mc_result_non_secondary =          0.0140054
evolved_target_dot_squared =  0.986061
distance =          0.0762774
j_protocol =  [[0, 0, 0, 0, 0, 0, 0, 0, 0, 1, 1, 1, 1, 1, 1, 1, 1, 1, 1, 1, 1, 1, 1, 1, 1, 1, 1, 1, 1, 1, 1, 1, ],[0, 0, 0, 0, 0, 0, 0, 0, 0, 0, 1, 1, 1, 1, 1, 1, 1, 1, 1, 1, 1, 1, 1, 1, 1, 1, 1, 1, 1, 1, 1, 1, ],]
k_protocol =  [[1, 1, 1, 1, 1, 1, 1, 1, 1, 1, 1, 1, 1, 1, 1, 1, 1, 1, 1, 1, 1, 1, 1, 1, 1, 1, 1, 0, 0, 0, 0, 0, ],[1, 1, 1, 1, 1, 1, 1, 1, 1, 1, 1, 1, 1, 1, 1, 1, 1, 1, 1, 1, 1, 1, 1, 1, 1, 1, 0, 0, 0, 0, 0, 0, ],]
j_protocol_secondary =  [0.0684137, 0.0684137, 0.0999329, 0.231519, 0.231519, 0.27777, 0.27777, 0.338688, ]
k_protocol_secondary =  [0, 0.0457165, 0.0457165, 0.139149, 0.139149, 0.280992, 0.308913, 0.308913, ]
best_evolved_state = [0.0593397, 0.141191, 0.0935392, 0.666587, 0.0593397, 0.141191, 0.0593397, 0.141191, 0.0935392, 0.666587, 0.0593397, 0.141191, ]
best_mc_result_fixed_tau =   [0.0140054, 0.0140444, ]
evolved_state_fixed_tau =   [[0.0556107, 0.142693, 0.0744963, 0.668986, 0.0556107, 0.142693, 0.0556107, 0.142693, 0.0744963, 0.668986, 0.0556107, 0.142693, ],[0.0556107, 0.142693, 0.0744963, 0.668986, 0.0556107, 0.142693, 0.0556107, 0.142693, 0.0744963, 0.668986, 0.0556107, 0.142693, ],]
##############################################################################
clock_duration  =         10.6658
tau =                     0.347155
total_steps =             32
time_step =               0.0116424
best_mc_result =          0.0108521
best_mc_result_non_secondary =          0
evolved_target_dot_squared =  0.989148
distance =          0.059385
j_protocol =  [[0, 0, 0, 0, 0, 0, 0, 0, 0, 0, 0, 0, 0, 0, 0, 0, 0, 0, 0, 0, 0, 0, 0, 0, 0, 0, 0, 0, 0, 0, 0, 0, ],[0, 0, 0, 0, 0, 0, 0, 0, 0, 0, 0, 0, 0, 0, 0, 0, 0, 0, 0, 0, 0, 0, 0, 0, 0, 0, 0, 0, 0, 0, 0, 0, ],]
k_protocol =  [[0, 0, 0, 0, 0, 0, 0, 0, 0, 0, 0, 0, 0, 0, 0, 0, 0, 0, 0, 0, 0, 0, 0, 0, 0, 0, 0, 0, 0, 0, 0, 0, ],[0, 0, 0, 0, 0, 0, 0, 0, 0, 0, 0, 0, 0, 0, 0, 0, 0, 0, 0, 0, 0, 0, 0, 0, 0, 0, 0, 0, 0, 0, 0, 0, ],]
j_protocol_secondary =  [0.103799, 0.171844, 0.171844, 0.215562, 0.215562, 0.300367, 0.300367, 0.347155, ]
k_protocol_secondary =  [0, 0.057759, 0.057759, 0.0644064, 0.0644064, 0.0866177, 0.0866177, 0.288497, ]
best_evolved_state = [0.0505516, 0.138018, 0.0752341, 0.671663, 0.0505516, 0.138018, 0.0505516, 0.138018, 0.0752341, 0.671663, 0.0505516, 0.138018, ]
best_mc_result_fixed_tau =   [0.00380183, 0.0039033, ]
evolved_state_fixed_tau =   [[0.0251022, 0.125093, 0.0128619, 0.683577, 0.0251022, 0.125093, 0.0251022, 0.125093, 0.0128619, 0.683577, 0.0251022, 0.125093, ],[0.0251022, 0.125093, 0.0128619, 0.683577, 0.0251022, 0.125093, 0.0251022, 0.125093, 0.0128619, 0.683577, 0.0251022, 0.125093, ],]
##############################################################################
clock_duration  =         11.7492
tau =                     0.349272
total_steps =             32
time_step =               0.0116424
best_mc_result =          0.0101349
best_mc_result_non_secondary =          0
evolved_target_dot_squared =  0.989865
distance =          0.0554608
j_protocol =  [[0, 0, 0, 0, 0, 0, 0, 0, 0, 0, 0, 0, 0, 0, 0, 0, 0, 0, 0, 0, 0, 0, 0, 0, 0, 0, 0, 0, 0, 0, 0, 0, ],[0, 0, 0, 0, 0, 0, 0, 0, 0, 0, 0, 0, 0, 0, 0, 0, 0, 0, 0, 0, 0, 0, 0, 0, 0, 0, 0, 0, 0, 0, 0, 0, ],]
k_protocol =  [[0, 0, 0, 0, 0, 0, 0, 0, 0, 0, 0, 0, 0, 0, 0, 0, 0, 0, 0, 0, 0, 0, 0, 0, 0, 0, 0, 0, 0, 0, 0, 0, ],[0, 0, 0, 0, 0, 0, 0, 0, 0, 0, 0, 0, 0, 0, 0, 0, 0, 0, 0, 0, 0, 0, 0, 0, 0, 0, 0, 0, 0, 0, 0, 0, ],]
j_protocol_secondary =  [0.10482, 0.172891, 0.172891, 0.216877, 0.216877, 0.302198, 0.302198, 0.349272, ]
k_protocol_secondary =  [0, 0.0581112, 0.0581112, 0.0647992, 0.0647992, 0.0871459, 0.0871459, 0.290331, ]
best_evolved_state = [0.0484009, 0.137159, 0.0708371, 0.672809, 0.0484009, 0.137159, 0.0484009, 0.137159, 0.0708371, 0.672809, 0.0484009, 0.137159, ]
best_mc_result_fixed_tau =   [0.00380183, 0.0039033, ]
evolved_state_fixed_tau =   [[0.0251022, 0.125093, 0.0128619, 0.683577, 0.0251022, 0.125093, 0.0251022, 0.125093, 0.0128619, 0.683577, 0.0251022, 0.125093, ],[0.0251022, 0.125093, 0.0128619, 0.683577, 0.0251022, 0.125093, 0.0251022, 0.125093, 0.0128619, 0.683577, 0.0251022, 0.125093, ],]
##############################################################################
clock_duration  =         12.85
tau =                     0.349801
total_steps =             32
time_step =               0.0116424
best_mc_result =          0.00995917
best_mc_result_non_secondary =          0
evolved_target_dot_squared =  0.990041
distance =          0.0544989
j_protocol =  [[0, 0, 0, 0, 0, 0, 0, 0, 0, 0, 0, 0, 0, 0, 0, 0, 0, 0, 0, 0, 0, 0, 0, 0, 0, 0, 0, 0, 0, 0, 0, 0, ],[0, 0, 0, 0, 0, 0, 0, 0, 0, 0, 0, 0, 0, 0, 0, 0, 0, 0, 0, 0, 0, 0, 0, 0, 0, 0, 0, 0, 0, 0, 0, 0, ],]
k_protocol =  [[0, 0, 0, 0, 0, 0, 0, 0, 0, 0, 0, 0, 0, 0, 0, 0, 0, 0, 0, 0, 0, 0, 0, 0, 0, 0, 0, 0, 0, 0, 0, 0, ],[0, 0, 0, 0, 0, 0, 0, 0, 0, 0, 0, 0, 0, 0, 0, 0, 0, 0, 0, 0, 0, 0, 0, 0, 0, 0, 0, 0, 0, 0, 0, 0, ],]
j_protocol_secondary =  [0.105207, 0.173153, 0.173153, 0.217205, 0.217205, 0.302656, 0.302656, 0.349801, ]
k_protocol_secondary =  [0, 0.0581993, 0.0581993, 0.0648974, 0.0648974, 0.0872779, 0.0872779, 0.290725, ]
best_evolved_state = [0.0479686, 0.136883, 0.0700956, 0.673061, 0.0479686, 0.136883, 0.0479686, 0.136883, 0.0700956, 0.673061, 0.0479686, 0.136883, ]
best_mc_result_fixed_tau =   [0.00380183, 0.0039033, ]
evolved_state_fixed_tau =   [[0.0251022, 0.125093, 0.0128619, 0.683577, 0.0251022, 0.125093, 0.0251022, 0.125093, 0.0128619, 0.683577, 0.0251022, 0.125093, ],[0.0251022, 0.125093, 0.0128619, 0.683577, 0.0251022, 0.125093, 0.0251022, 0.125093, 0.0128619, 0.683577, 0.0251022, 0.125093, ],]
