START_PARAMETERS
MAX_STEPS_MCDB =               32
MIN_STEPS_MCDB =               4
STEPS_CRUNCH_MCDB =            1
SWEEPS_MCDB =                  50
TOTAL_STEP_CHANGES =                  6
MCBB_SECONDARY =                  1
SWEEPS_MCBB_SECONDARY =                  100
NUMBER_OF_BANGS =                  4
GROUND_E =                -3.15272
INITIAL_E =               -3.09438
j_initial =               0.693
k_initial =               0.25
b_initial =               0
j_target =                0.674
k_target =                0.5
b_target =                0
init_target_dot_squared = 0.98645
init_state = [-0.306763, 0, -0.558385, 0, -0.306763, 0, -0.306763, 0, -0.558385, 0, -0.306763, 0, ]
target_state = [-0.258716, 0, -0.605088, 0, -0.258716, 0, -0.258716, 0, -0.605088, 0, -0.258716, 0, ]
USE_ENERGY_DISTANCE =     false
PERIODIC =                false
UNIFORM_SITES =           true
DEVICE_DIMENSION =        2
MAX_PARAM =               1
MIN_PARAM =               0
MIN_PARAM =               0
DIAG =                    true
NUM_SEEDS =               2
NUMBER_OF_BANGS =               4
DISTANCE_LIMIT =          0.01
TAU_INIT =                0.05
MAX_TAU =                 5
TAU_SCALAR =              1.2
TAU_SCALAR_TINY =         1.1
TAU_SCALAR_BIG =          1.4
ACCEPTANCE_PROB =         0.85
TEMP_EXP_DECAY =          0.8
MIN_TEMP_FRACTION =       0.01
TEMP_DECAY_ITERATIONS =   21
ZERO_TEMP_ITREATIONS =    15
RANDOM_STATES =           3
END_PARAMETERS
##############################################################################
clock_duration  =         1.0403
tau =                     0.05
total_steps =             32
time_step =               0.0015625
best_mc_result =          0.0123722
best_mc_result_non_secondary =          0.0123727
evolved_target_dot_squared =  0.987628
distance =          0.913068
j_protocol =  [[0, 0, 0, 0, 1, 1, 1, 1, 1, 1, 1, 1, 1, 1, 1, 1, 1, 1, 1, 1, 1, 1, 1, 1, 1, 1, 1, 1, 1, 1, 1, 1, ],[0, 0, 0, 0, 1, 1, 1, 1, 1, 1, 1, 1, 1, 1, 1, 1, 1, 1, 1, 1, 1, 1, 1, 1, 1, 1, 1, 1, 1, 1, 1, 1, ],]
k_protocol =  [[1, 1, 1, 1, 1, 1, 1, 1, 1, 1, 1, 1, 1, 1, 1, 1, 0, 0, 0, 0, 0, 0, 0, 0, 0, 0, 0, 0, 0, 0, 0, 0, ],[1, 1, 1, 1, 1, 1, 1, 1, 1, 1, 1, 1, 1, 1, 1, 1, 0, 0, 0, 0, 0, 0, 0, 0, 0, 0, 0, 0, 0, 0, 0, 0, ],]
j_protocol_secondary =  [0.00665705, 0.0218227, 0.0218227, 0.0259969, 0.0259969, 0.0496534, 0.0496534, 0.05, ]
k_protocol_secondary =  [0, 0.00419475, 0.00419475, 0.0250905, 0.0292881, 0.0292881, 0.0436454, 0.0436454, ]
best_evolved_state = [-0.300377, -0.0480455, -0.550568, -0.108651, -0.300377, -0.0480455, -0.300377, -0.0480455, -0.550568, -0.108651, -0.300377, -0.0480455, ]
best_mc_result_fixed_tau =   [0.0123727, 0.0123727, ]
evolved_state_fixed_tau =   [[-0.300332, -0.0484954, -0.550481, -0.108942, -0.300332, -0.0484954, -0.300332, -0.0484954, -0.550481, -0.108942, -0.300332, -0.0484954, ],[-0.300332, -0.0484954, -0.550481, -0.108942, -0.300332, -0.0484954, -0.300332, -0.0484954, -0.550481, -0.108942, -0.300332, -0.0484954, ],]
##############################################################################
clock_duration  =         2.79014
tau =                     0.0725
total_steps =             32
time_step =               0.004375
best_mc_result =          0.0111408
best_mc_result_non_secondary =          0
evolved_target_dot_squared =  0.988859
distance =          0.822192
j_protocol =  [[0, 0, 0, 0, 0, 0, 0, 0, 0, 0, 0, 0, 0, 0, 0, 0, 0, 0, 0, 0, 0, 0, 0, 0, 0, 0, 0, 0, 0, 0, 0, 0, ],[0, 0, 0, 0, 0, 0, 0, 0, 0, 0, 0, 0, 0, 0, 0, 0, 0, 0, 0, 0, 0, 0, 0, 0, 0, 0, 0, 0, 0, 0, 0, 0, ],]
k_protocol =  [[0, 0, 0, 0, 0, 0, 0, 0, 0, 0, 0, 0, 0, 0, 0, 0, 0, 0, 0, 0, 0, 0, 0, 0, 0, 0, 0, 0, 0, 0, 0, 0, ],[0, 0, 0, 0, 0, 0, 0, 0, 0, 0, 0, 0, 0, 0, 0, 0, 0, 0, 0, 0, 0, 0, 0, 0, 0, 0, 0, 0, 0, 0, 0, 0, ],]
j_protocol_secondary =  [0.00966365, 0.0264748, 0.0264748, 0.0449956, 0.0449956, 0.068608, 0.068608, 0.0725, ]
k_protocol_secondary =  [0, 0.00630304, 0.00630304, 0.0165517, 0.0165517, 0.0363355, 0.0381002, 0.0381002, ]
best_evolved_state = [-0.293391, -0.0690847, -0.542034, -0.156518, -0.293391, -0.0690847, -0.293391, -0.0690847, -0.542034, -0.156518, -0.293391, -0.0690847, ]
best_mc_result_fixed_tau =   [0.00583991, 0.00583991, ]
evolved_state_fixed_tau =   [[-0.257372, -0.128935, -0.49778, -0.294085, -0.257372, -0.128935, -0.257372, -0.128935, -0.49778, -0.294085, -0.257372, -0.128935, ],[-0.257372, -0.128935, -0.49778, -0.294085, -0.257372, -0.128935, -0.257372, -0.128935, -0.49778, -0.294085, -0.257372, -0.128935, ],]
##############################################################################
clock_duration  =         3.15861
tau =                     0.08375
total_steps =             32
time_step =               0.004375
best_mc_result =          0.010392
best_mc_result_non_secondary =          0
evolved_target_dot_squared =  0.989608
distance =          0.766926
j_protocol =  [[0, 0, 0, 0, 0, 0, 0, 0, 0, 0, 0, 0, 0, 0, 0, 0, 0, 0, 0, 0, 0, 0, 0, 0, 0, 0, 0, 0, 0, 0, 0, 0, ],[0, 0, 0, 0, 0, 0, 0, 0, 0, 0, 0, 0, 0, 0, 0, 0, 0, 0, 0, 0, 0, 0, 0, 0, 0, 0, 0, 0, 0, 0, 0, 0, ],]
k_protocol =  [[0, 0, 0, 0, 0, 0, 0, 0, 0, 0, 0, 0, 0, 0, 0, 0, 0, 0, 0, 0, 0, 0, 0, 0, 0, 0, 0, 0, 0, 0, 0, 0, ],[0, 0, 0, 0, 0, 0, 0, 0, 0, 0, 0, 0, 0, 0, 0, 0, 0, 0, 0, 0, 0, 0, 0, 0, 0, 0, 0, 0, 0, 0, 0, 0, ],]
j_protocol_secondary =  [0.0111769, 0.030583, 0.030583, 0.0519777, 0.0519777, 0.0792541, 0.0792541, 0.08375, ]
k_protocol_secondary =  [0, 0.0072811, 0.0072811, 0.0191201, 0.0191201, 0.0419285, 0.0440123, 0.0440123, ]
best_evolved_state = [-0.288967, -0.0793735, -0.536645, -0.180021, -0.288967, -0.0793735, -0.288967, -0.0793735, -0.536645, -0.180021, -0.288967, -0.0793735, ]
best_mc_result_fixed_tau =   [0.00583991, 0.00583991, ]
evolved_state_fixed_tau =   [[-0.257372, -0.128935, -0.49778, -0.294085, -0.257372, -0.128935, -0.257372, -0.128935, -0.49778, -0.294085, -0.257372, -0.128935, ],[-0.257372, -0.128935, -0.49778, -0.294085, -0.257372, -0.128935, -0.257372, -0.128935, -0.49778, -0.294085, -0.257372, -0.128935, ],]
##############################################################################
clock_duration  =         3.5287
tau =                     0.089375
total_steps =             32
time_step =               0.004375
best_mc_result =          0.00998924
best_mc_result_non_secondary =          0
evolved_target_dot_squared =  0.990011
distance =          0.737204
j_protocol =  [[0, 0, 0, 0, 0, 0, 0, 0, 0, 0, 0, 0, 0, 0, 0, 0, 0, 0, 0, 0, 0, 0, 0, 0, 0, 0, 0, 0, 0, 0, 0, 0, ],[0, 0, 0, 0, 0, 0, 0, 0, 0, 0, 0, 0, 0, 0, 0, 0, 0, 0, 0, 0, 0, 0, 0, 0, 0, 0, 0, 0, 0, 0, 0, 0, ],]
k_protocol =  [[0, 0, 0, 0, 0, 0, 0, 0, 0, 0, 0, 0, 0, 0, 0, 0, 0, 0, 0, 0, 0, 0, 0, 0, 0, 0, 0, 0, 0, 0, 0, 0, ],[0, 0, 0, 0, 0, 0, 0, 0, 0, 0, 0, 0, 0, 0, 0, 0, 0, 0, 0, 0, 0, 0, 0, 0, 0, 0, 0, 0, 0, 0, 0, 0, ],]
j_protocol_secondary =  [0.0119276, 0.0326371, 0.0326371, 0.0554687, 0.0554687, 0.0845771, 0.0845771, 0.089375, ]
k_protocol_secondary =  [0, 0.00777013, 0.00777013, 0.0204043, 0.0204043, 0.0447216, 0.0469683, 0.0469683, ]
best_evolved_state = [-0.286525, -0.0844593, -0.53367, -0.191667, -0.286525, -0.0844593, -0.286525, -0.0844593, -0.53367, -0.191667, -0.286525, -0.0844593, ]
best_mc_result_fixed_tau =   [0.00583991, 0.00583991, ]
evolved_state_fixed_tau =   [[-0.257372, -0.128935, -0.49778, -0.294085, -0.257372, -0.128935, -0.257372, -0.128935, -0.49778, -0.294085, -0.257372, -0.128935, ],[-0.257372, -0.128935, -0.49778, -0.294085, -0.257372, -0.128935, -0.257372, -0.128935, -0.49778, -0.294085, -0.257372, -0.128935, ],]
