START_PARAMETERS
MAX_STEPS_MCDB =               32
MIN_STEPS_MCDB =               4
STEPS_CRUNCH_MCDB =            1
SWEEPS_MCDB =                  50
TOTAL_STEP_CHANGES =                  6
MCBB_SECONDARY =                  1
SWEEPS_MCBB_SECONDARY =                  100
NUMBER_OF_BANGS =                  4
GROUND_E =                -2.06842
INITIAL_E =               -1.47736
j_initial =               0.852
k_initial =               0.125
b_initial =               0
j_target =                0.133
k_target =                0.5
b_target =                0
init_target_dot_squared = 0.723397
init_state = [0.334816, 0, 0.525164, 0, 0.334816, 0, 0.334816, 0, 0.525164, 0, 0.334816, 0, ]
target_state = [-0.0894669, 0, -0.695695, 0, -0.0894669, 0, -0.0894669, 0, -0.695695, 0, -0.0894669, 0, ]
USE_ENERGY_DISTANCE =     false
PERIODIC =                false
UNIFORM_SITES =           true
DEVICE_DIMENSION =        2
MAX_PARAM =               1
MIN_PARAM =               0
MIN_PARAM =               0
DIAG =                    true
NUM_SEEDS =               2
NUMBER_OF_BANGS =               4
DISTANCE_LIMIT =          0.01
TAU_INIT =                0.05
MAX_TAU =                 5
TAU_SCALAR =              1.2
TAU_SCALAR_TINY =         1.1
TAU_SCALAR_BIG =          1.4
ACCEPTANCE_PROB =         0.85
TEMP_EXP_DECAY =          0.8
MIN_TEMP_FRACTION =       0.01
TEMP_DECAY_ITERATIONS =   21
ZERO_TEMP_ITREATIONS =    15
RANDOM_STATES =           3
END_PARAMETERS
##############################################################################
clock_duration  =         1.46917
tau =                     0.05
total_steps =             32
time_step =               0.0015625
best_mc_result =          0.267742
best_mc_result_non_secondary =          0.267744
evolved_target_dot_squared =  0.732258
distance =          0.967963
j_protocol =  [[0, 0, 0, 1, 1, 1, 1, 1, 1, 1, 1, 1, 1, 1, 1, 1, 1, 1, 1, 1, 1, 1, 1, 1, 1, 1, 1, 1, 1, 1, 1, 1, ],[0, 0, 0, 1, 1, 1, 1, 1, 1, 1, 1, 1, 1, 1, 1, 1, 1, 1, 1, 1, 1, 1, 1, 1, 1, 1, 1, 1, 1, 1, 1, 1, ],]
k_protocol =  [[1, 1, 1, 1, 1, 1, 1, 1, 1, 1, 1, 1, 1, 1, 1, 1, 1, 1, 1, 1, 1, 1, 1, 1, 1, 1, 0, 0, 0, 0, 0, 0, ],[1, 1, 1, 1, 1, 1, 1, 1, 1, 1, 1, 1, 1, 1, 1, 1, 1, 1, 1, 1, 1, 1, 1, 1, 1, 1, 0, 0, 0, 0, 0, 0, ],]
j_protocol_secondary =  [0.0052366, 0.013167, 0.013167, 0.022155, 0.022155, 0.047524, 0.047524, 0.05, ]
k_protocol_secondary =  [0, 0.00869212, 0.00869212, 0.0286488, 0.0286488, 0.033345, 0.033345, 0.0405891, ]
best_evolved_state = [0.327161, 0.0464333, 0.51075, 0.144063, 0.327161, 0.0464333, 0.327161, 0.0464333, 0.51075, 0.144063, 0.327161, 0.0464333, ]
best_mc_result_fixed_tau =   [0.267744, 0.267744, ]
evolved_state_fixed_tau =   [[0.327082, 0.0469992, 0.510524, 0.144851, 0.327082, 0.0469992, 0.327082, 0.0469992, 0.510524, 0.144851, 0.327082, 0.0469992, ],[0.327082, 0.0469992, 0.510524, 0.144851, 0.327082, 0.0469992, 0.327082, 0.0469992, 0.510524, 0.144851, 0.327082, 0.0469992, ],]
##############################################################################
clock_duration  =         2.86564
tau =                     0.14
total_steps =             32
time_step =               0.004375
best_mc_result =          0.212035
best_mc_result_non_secondary =          0.212051
evolved_target_dot_squared =  0.787965
distance =          0.766567
j_protocol =  [[0, 0, 0, 0, 1, 1, 1, 1, 1, 1, 1, 1, 1, 1, 1, 1, 1, 1, 1, 1, 1, 1, 1, 1, 1, 1, 1, 1, 1, 1, 1, 1, ],[0, 0, 0, 0, 1, 1, 1, 1, 1, 1, 1, 1, 1, 1, 1, 1, 1, 1, 1, 1, 1, 1, 1, 1, 1, 1, 1, 1, 1, 1, 1, 1, ],]
k_protocol =  [[1, 1, 1, 1, 1, 1, 1, 1, 1, 1, 1, 1, 1, 1, 1, 1, 1, 1, 1, 1, 1, 1, 1, 1, 1, 1, 0, 0, 0, 0, 0, 0, ],[1, 1, 1, 1, 1, 1, 1, 1, 1, 1, 1, 1, 1, 1, 1, 1, 1, 1, 1, 1, 1, 1, 1, 1, 1, 1, 0, 0, 0, 0, 0, 0, ],]
j_protocol_secondary =  [0.0156582, 0.0538771, 0.0538771, 0.0937184, 0.0937184, 0.129212, 0.129212, 0.14, ]
k_protocol_secondary =  [0, 0.0213456, 0.0213456, 0.0475415, 0.0475415, 0.113833, 0.11794, 0.11794, ]
best_evolved_state = [0.277087, 0.118193, 0.416294, 0.381059, 0.277087, 0.118193, 0.277087, 0.118193, 0.416294, 0.381059, 0.277087, 0.118193, ]
best_mc_result_fixed_tau =   [0.212051, 0.212051, ]
evolved_state_fixed_tau =   [[0.277773, 0.11652, 0.418215, 0.37898, 0.277773, 0.11652, 0.277773, 0.11652, 0.418215, 0.37898, 0.277773, 0.11652, ],[0.277773, 0.11652, 0.418215, 0.37898, 0.277773, 0.11652, 0.277773, 0.11652, 0.418215, 0.37898, 0.277773, 0.11652, ],]
##############################################################################
clock_duration  =         4.24547
tau =                     0.168
total_steps =             32
time_step =               0.00525
best_mc_result =          0.187043
best_mc_result_non_secondary =          0.187054
evolved_target_dot_squared =  0.812957
distance =          0.676214
j_protocol =  [[0, 0, 0, 0, 1, 1, 1, 1, 1, 1, 1, 1, 1, 1, 1, 1, 1, 1, 1, 1, 1, 1, 1, 1, 1, 1, 1, 1, 1, 1, 1, 1, ],[0, 0, 0, 0, 1, 1, 1, 1, 1, 1, 1, 1, 1, 1, 1, 1, 1, 1, 1, 1, 1, 1, 1, 1, 1, 1, 1, 1, 1, 1, 1, 1, ],]
k_protocol =  [[1, 1, 1, 1, 1, 1, 1, 1, 1, 1, 1, 1, 1, 1, 1, 1, 1, 1, 1, 1, 1, 1, 1, 1, 1, 1, 0, 0, 0, 0, 0, 0, ],[1, 1, 1, 1, 1, 1, 1, 1, 1, 1, 1, 1, 1, 1, 1, 1, 1, 1, 1, 1, 1, 1, 1, 1, 1, 1, 0, 0, 0, 0, 0, 0, ],]
j_protocol_secondary =  [0.019428, 0.067355, 0.067355, 0.0887839, 0.0887839, 0.152069, 0.152069, 0.168, ]
k_protocol_secondary =  [0, 0.0571328, 0.0571328, 0.107863, 0.107863, 0.136734, 0.148664, 0.148664, ]
best_evolved_state = [0.253306, 0.134945, 0.371306, 0.444279, 0.253306, 0.134945, 0.253306, 0.134945, 0.371306, 0.444279, 0.253306, 0.134945, ]
best_mc_result_fixed_tau =   [0.187054, 0.187054, ]
evolved_state_fixed_tau =   [[0.254, 0.133626, 0.373487, 0.442452, 0.254, 0.133626, 0.254, 0.133626, 0.373487, 0.442452, 0.254, 0.133626, ],[0.254, 0.133626, 0.373487, 0.442452, 0.254, 0.133626, 0.254, 0.133626, 0.373487, 0.442452, 0.254, 0.133626, ],]
##############################################################################
clock_duration  =         5.62321
tau =                     0.2352
total_steps =             32
time_step =               0.00735
best_mc_result =          0.12093
best_mc_result_non_secondary =          0.120941
evolved_target_dot_squared =  0.87907
distance =          0.437195
j_protocol =  [[0, 0, 0, 0, 1, 1, 1, 1, 1, 1, 1, 1, 1, 1, 1, 1, 1, 1, 1, 1, 1, 1, 1, 1, 1, 1, 1, 1, 1, 1, 1, 1, ],[0, 0, 0, 0, 1, 1, 1, 1, 1, 1, 1, 1, 1, 1, 1, 1, 1, 1, 1, 1, 1, 1, 1, 1, 1, 1, 1, 1, 1, 1, 1, 1, ],]
k_protocol =  [[1, 1, 1, 1, 1, 1, 1, 1, 1, 1, 1, 1, 1, 1, 1, 1, 1, 1, 1, 1, 1, 1, 1, 1, 1, 1, 0, 0, 0, 0, 0, 0, ],[1, 1, 1, 1, 1, 1, 1, 1, 1, 1, 1, 1, 1, 1, 1, 1, 1, 1, 1, 1, 1, 1, 1, 1, 1, 1, 0, 0, 0, 0, 0, 0, ],]
j_protocol_secondary =  [0.0306074, 0.0536246, 0.0536246, 0.20248, 0.20248, 0.221707, 0.221707, 0.2352, ]
k_protocol_secondary =  [0, 0.013297, 0.013297, 0.074853, 0.074853, 0.0984011, 0.0984011, 0.192226, ]
best_evolved_state = [0.184897, 0.159929, 0.241252, 0.567688, 0.184897, 0.159929, 0.184897, 0.159929, 0.241252, 0.567688, 0.184897, 0.159929, ]
best_mc_result_fixed_tau =   [0.120941, 0.120941, ]
evolved_state_fixed_tau =   [[0.184356, 0.16097, 0.241858, 0.567193, 0.184356, 0.16097, 0.184356, 0.16097, 0.241858, 0.567193, 0.184356, 0.16097, ],[0.184356, 0.16097, 0.241858, 0.567193, 0.184356, 0.16097, 0.184356, 0.16097, 0.241858, 0.567193, 0.184356, 0.16097, ],]
##############################################################################
clock_duration  =         7.00747
tau =                     0.28224
total_steps =             32
time_step =               0.00882
best_mc_result =          0.0760157
best_mc_result_non_secondary =          0.0760556
evolved_target_dot_squared =  0.923984
distance =          0.274819
j_protocol =  [[0, 0, 0, 0, 0, 1, 1, 1, 1, 1, 1, 1, 1, 1, 1, 1, 1, 1, 1, 1, 1, 1, 1, 1, 1, 1, 1, 1, 1, 1, 1, 1, ],[0, 0, 0, 0, 0, 1, 1, 1, 1, 1, 1, 1, 1, 1, 1, 1, 1, 1, 1, 1, 1, 1, 1, 1, 1, 1, 1, 1, 1, 1, 1, 1, ],]
k_protocol =  [[1, 1, 1, 1, 1, 1, 1, 1, 1, 1, 1, 1, 1, 1, 1, 1, 1, 1, 1, 1, 1, 1, 1, 1, 1, 1, 0, 0, 0, 0, 0, 0, ],[1, 1, 1, 1, 1, 1, 1, 1, 1, 1, 1, 1, 1, 1, 1, 1, 1, 1, 1, 1, 1, 1, 1, 1, 1, 1, 0, 0, 0, 0, 0, 0, ],]
j_protocol_secondary =  [0.0412917, 0.116667, 0.116667, 0.166337, 0.166337, 0.227192, 0.227192, 0.28224, ]
k_protocol_secondary =  [0, 0.0795396, 0.0795396, 0.231912, 0.271666, 0.271666, 0.276646, 0.276646, ]
best_evolved_state = [0.131334, 0.162746, 0.138254, 0.627228, 0.131334, 0.162746, 0.131334, 0.162746, 0.138254, 0.627228, 0.131334, 0.162746, ]
best_mc_result_fixed_tau =   [0.0760556, 0.0760556, ]
evolved_state_fixed_tau =   [[0.133193, 0.161762, 0.148791, 0.624537, 0.133193, 0.161762, 0.133193, 0.161762, 0.148791, 0.624537, 0.133193, 0.161762, ],[0.133193, 0.161762, 0.148791, 0.624537, 0.133193, 0.161762, 0.133193, 0.161762, 0.148791, 0.624537, 0.133193, 0.161762, ],]
##############################################################################
clock_duration  =         8.43982
tau =                     0.338688
total_steps =             32
time_step =               0.010584
best_mc_result =          0.0319023
best_mc_result_non_secondary =          0.0320047
evolved_target_dot_squared =  0.968098
distance =          0.115336
j_protocol =  [[0, 0, 0, 0, 0, 0, 1, 1, 1, 1, 1, 1, 1, 1, 1, 1, 1, 1, 1, 1, 1, 1, 1, 1, 1, 1, 1, 1, 1, 1, 1, 1, ],[0, 0, 0, 0, 0, 0, 1, 1, 1, 1, 1, 1, 1, 1, 1, 1, 1, 1, 1, 1, 1, 1, 1, 1, 1, 1, 1, 1, 1, 1, 1, 1, ],]
k_protocol =  [[1, 1, 1, 1, 1, 1, 1, 1, 1, 1, 1, 1, 1, 1, 1, 1, 1, 1, 1, 1, 1, 1, 1, 1, 1, 1, 0, 0, 0, 0, 0, 0, ],[1, 1, 1, 1, 1, 1, 1, 1, 1, 1, 1, 1, 1, 1, 1, 1, 1, 1, 1, 1, 1, 1, 1, 1, 1, 1, 0, 0, 0, 0, 0, 0, ],]
j_protocol_secondary =  [0.0477014, 0.0477014, 0.059734, 0.164606, 0.164606, 0.182749, 0.182749, 0.338688, ]
k_protocol_secondary =  [0, 0.0112655, 0.0112655, 0.0855751, 0.0855751, 0.173567, 0.173567, 0.281116, ]
best_evolved_state = [0.0670206, 0.148827, 0.0121713, 0.668258, 0.0670206, 0.148827, 0.0670206, 0.148827, 0.0121713, 0.668258, 0.0670206, 0.148827, ]
best_mc_result_fixed_tau =   [0.0320047, 0.0320047, ]
evolved_state_fixed_tau =   [[0.0696324, 0.148993, 0.0334385, 0.666923, 0.0696324, 0.148993, 0.0696324, 0.148993, 0.0334385, 0.666923, 0.0696324, 0.148993, ],[0.0696324, 0.148993, 0.0334385, 0.666923, 0.0696324, 0.148993, 0.0696324, 0.148993, 0.0334385, 0.666923, 0.0696324, 0.148993, ],]
##############################################################################
clock_duration  =         9.8505
tau =                     0.372557
total_steps =             32
time_step =               0.0116424
best_mc_result =          0.0135224
best_mc_result_non_secondary =          0.0135587
evolved_target_dot_squared =  0.986478
distance =          0.0488875
j_protocol =  [[0, 0, 0, 0, 0, 0, 1, 1, 1, 1, 1, 1, 1, 1, 1, 1, 1, 1, 1, 1, 1, 1, 1, 1, 1, 1, 1, 1, 1, 1, 1, 1, ],[0, 0, 0, 0, 0, 0, 1, 1, 1, 1, 1, 1, 1, 1, 1, 1, 1, 1, 1, 1, 1, 1, 1, 1, 1, 1, 1, 1, 1, 1, 1, 1, ],]
k_protocol =  [[1, 1, 1, 1, 1, 1, 1, 1, 1, 1, 1, 1, 1, 1, 1, 1, 1, 1, 1, 1, 1, 1, 1, 1, 1, 1, 1, 0, 0, 0, 0, 0, ],[1, 1, 1, 1, 1, 1, 1, 1, 1, 1, 1, 1, 1, 1, 1, 1, 1, 1, 1, 1, 1, 1, 1, 1, 1, 1, 1, 0, 0, 0, 0, 0, ],]
j_protocol_secondary =  [0.0706428, 0.0706428, 0.0748829, 0.205433, 0.205433, 0.244907, 0.244907, 0.372557, ]
k_protocol_secondary =  [0, 0.188689, 0.188689, 0.205217, 0.205217, 0.272461, 0.272461, 0.311772, ]
best_evolved_state = [0.0311457, 0.13166, -0.0605088, 0.678034, 0.0311457, 0.13166, 0.0311457, 0.13166, -0.0605088, 0.678034, 0.0311457, 0.13166, ]
best_mc_result_fixed_tau =   [0.0135587, 0.0135587, ]
evolved_state_fixed_tau =   [[0.0278874, 0.132668, -0.0756458, 0.676403, 0.0278874, 0.132668, 0.0278874, 0.132668, -0.0756458, 0.676403, 0.0278874, 0.132668, ],[0.0278874, 0.132668, -0.0756458, 0.676403, 0.0278874, 0.132668, 0.0278874, 0.132668, -0.0756458, 0.676403, 0.0278874, 0.132668, ],]
##############################################################################
clock_duration  =         12.8866
tau =                     0.377214
total_steps =             32
time_step =               0.0128066
best_mc_result =          0.0115649
best_mc_result_non_secondary =          0
evolved_target_dot_squared =  0.988435
distance =          0.0418104
j_protocol =  [[0, 0, 0, 0, 0, 0, 0, 0, 0, 0, 0, 0, 0, 0, 0, 0, 0, 0, 0, 0, 0, 0, 0, 0, 0, 0, 0, 0, 0, 0, 0, 0, ],[0, 0, 0, 0, 0, 0, 0, 0, 0, 0, 0, 0, 0, 0, 0, 0, 0, 0, 0, 0, 0, 0, 0, 0, 0, 0, 0, 0, 0, 0, 0, 0, ],]
k_protocol =  [[0, 0, 0, 0, 0, 0, 0, 0, 0, 0, 0, 0, 0, 0, 0, 0, 0, 0, 0, 0, 0, 0, 0, 0, 0, 0, 0, 0, 0, 0, 0, 0, ],[0, 0, 0, 0, 0, 0, 0, 0, 0, 0, 0, 0, 0, 0, 0, 0, 0, 0, 0, 0, 0, 0, 0, 0, 0, 0, 0, 0, 0, 0, 0, 0, ],]
j_protocol_secondary =  [0.0667577, 0.0667577, 0.0773477, 0.174275, 0.174275, 0.259161, 0.259161, 0.377214, ]
k_protocol_secondary =  [0, 0.110392, 0.110392, 0.267768, 0.267768, 0.271004, 0.271004, 0.316167, ]
best_evolved_state = [0.0265503, 0.128746, -0.0702797, 0.678602, 0.0265503, 0.128746, 0.0265503, 0.128746, -0.0702797, 0.678602, 0.0265503, 0.128746, ]
best_mc_result_fixed_tau =   [0.00222002, 0.00212519, ]
evolved_state_fixed_tau =   [[0.000352298, 0.108886, -0.0885766, 0.684428, 0.000352298, 0.108886, 0.000352298, 0.108886, -0.0885766, 0.684428, 0.000352298, 0.108886, ],[0.000874674, 0.10409, -0.12217, 0.680738, 0.000874674, 0.10409, 0.000874674, 0.10409, -0.12217, 0.680738, 0.000874674, 0.10409, ],]
##############################################################################
clock_duration  =         13.4398
tau =                     0.379542
total_steps =             32
time_step =               0.0128066
best_mc_result =          0.0106406
best_mc_result_non_secondary =          0
evolved_target_dot_squared =  0.989359
distance =          0.038469
j_protocol =  [[0, 0, 0, 0, 0, 0, 0, 0, 0, 0, 0, 0, 0, 0, 0, 0, 0, 0, 0, 0, 0, 0, 0, 0, 0, 0, 0, 0, 0, 0, 0, 0, ],[0, 0, 0, 0, 0, 0, 0, 0, 0, 0, 0, 0, 0, 0, 0, 0, 0, 0, 0, 0, 0, 0, 0, 0, 0, 0, 0, 0, 0, 0, 0, 0, ],]
k_protocol =  [[0, 0, 0, 0, 0, 0, 0, 0, 0, 0, 0, 0, 0, 0, 0, 0, 0, 0, 0, 0, 0, 0, 0, 0, 0, 0, 0, 0, 0, 0, 0, 0, ],[0, 0, 0, 0, 0, 0, 0, 0, 0, 0, 0, 0, 0, 0, 0, 0, 0, 0, 0, 0, 0, 0, 0, 0, 0, 0, 0, 0, 0, 0, 0, 0, ],]
j_protocol_secondary =  [0.0671698, 0.0671698, 0.0785067, 0.175351, 0.175351, 0.260761, 0.260761, 0.379542, ]
k_protocol_secondary =  [0, 0.111074, 0.111074, 0.269421, 0.269421, 0.272677, 0.272677, 0.318216, ]
best_evolved_state = [0.0242107, 0.127332, -0.0748912, 0.678817, 0.0242107, 0.127332, 0.0242107, 0.127332, -0.0748912, 0.678817, 0.0242107, 0.127332, ]
best_mc_result_fixed_tau =   [0.00222002, 0.00212519, ]
evolved_state_fixed_tau =   [[0.000352298, 0.108886, -0.0885766, 0.684428, 0.000352298, 0.108886, 0.000352298, 0.108886, -0.0885766, 0.684428, 0.000352298, 0.108886, ],[0.000874674, 0.10409, -0.12217, 0.680738, 0.000874674, 0.10409, 0.000874674, 0.10409, -0.12217, 0.680738, 0.000874674, 0.10409, ],]
##############################################################################
clock_duration  =         14.0045
tau =                     0.380706
total_steps =             32
time_step =               0.0128066
best_mc_result =          0.0101923
best_mc_result_non_secondary =          0
evolved_target_dot_squared =  0.989808
distance =          0.0368481
j_protocol =  [[0, 0, 0, 0, 0, 0, 0, 0, 0, 0, 0, 0, 0, 0, 0, 0, 0, 0, 0, 0, 0, 0, 0, 0, 0, 0, 0, 0, 0, 0, 0, 0, ],[0, 0, 0, 0, 0, 0, 0, 0, 0, 0, 0, 0, 0, 0, 0, 0, 0, 0, 0, 0, 0, 0, 0, 0, 0, 0, 0, 0, 0, 0, 0, 0, ],]
k_protocol =  [[0, 0, 0, 0, 0, 0, 0, 0, 0, 0, 0, 0, 0, 0, 0, 0, 0, 0, 0, 0, 0, 0, 0, 0, 0, 0, 0, 0, 0, 0, 0, 0, ],[0, 0, 0, 0, 0, 0, 0, 0, 0, 0, 0, 0, 0, 0, 0, 0, 0, 0, 0, 0, 0, 0, 0, 0, 0, 0, 0, 0, 0, 0, 0, 0, ],]
j_protocol_secondary =  [0.0673758, 0.0673758, 0.0790995, 0.175889, 0.175889, 0.261561, 0.261561, 0.380706, ]
k_protocol_secondary =  [0, 0.111414, 0.111414, 0.270248, 0.270248, 0.273513, 0.273513, 0.319345, ]
best_evolved_state = [0.0230546, 0.12658, -0.0774457, 0.678892, 0.0230546, 0.12658, 0.0230546, 0.12658, -0.0774457, 0.678892, 0.0230546, 0.12658, ]
best_mc_result_fixed_tau =   [0.00222002, 0.00212519, ]
evolved_state_fixed_tau =   [[0.000352298, 0.108886, -0.0885766, 0.684428, 0.000352298, 0.108886, 0.000352298, 0.108886, -0.0885766, 0.684428, 0.000352298, 0.108886, ],[0.000874674, 0.10409, -0.12217, 0.680738, 0.000874674, 0.10409, 0.000874674, 0.10409, -0.12217, 0.680738, 0.000874674, 0.10409, ],]
##############################################################################
clock_duration  =         14.5891
tau =                     0.381289
total_steps =             32
time_step =               0.0128066
best_mc_result =          0.0099716
best_mc_result_non_secondary =          0
evolved_target_dot_squared =  0.990028
distance =          0.0360502
j_protocol =  [[0, 0, 0, 0, 0, 0, 0, 0, 0, 0, 0, 0, 0, 0, 0, 0, 0, 0, 0, 0, 0, 0, 0, 0, 0, 0, 0, 0, 0, 0, 0, 0, ],[0, 0, 0, 0, 0, 0, 0, 0, 0, 0, 0, 0, 0, 0, 0, 0, 0, 0, 0, 0, 0, 0, 0, 0, 0, 0, 0, 0, 0, 0, 0, 0, ],]
k_protocol =  [[0, 0, 0, 0, 0, 0, 0, 0, 0, 0, 0, 0, 0, 0, 0, 0, 0, 0, 0, 0, 0, 0, 0, 0, 0, 0, 0, 0, 0, 0, 0, 0, ],[0, 0, 0, 0, 0, 0, 0, 0, 0, 0, 0, 0, 0, 0, 0, 0, 0, 0, 0, 0, 0, 0, 0, 0, 0, 0, 0, 0, 0, 0, 0, 0, ],]
j_protocol_secondary =  [0.0674789, 0.0674789, 0.0794037, 0.176158, 0.176158, 0.261961, 0.261961, 0.381289, ]
k_protocol_secondary =  [0, 0.111585, 0.111585, 0.270661, 0.270661, 0.273932, 0.273932, 0.319797, ]
best_evolved_state = [0.02248, 0.126235, -0.0784146, 0.678948, 0.02248, 0.126235, 0.02248, 0.126235, -0.0784146, 0.678948, 0.02248, 0.126235, ]
best_mc_result_fixed_tau =   [0.00222002, 0.00212519, ]
evolved_state_fixed_tau =   [[0.000352298, 0.108886, -0.0885766, 0.684428, 0.000352298, 0.108886, 0.000352298, 0.108886, -0.0885766, 0.684428, 0.000352298, 0.108886, ],[0.000874674, 0.10409, -0.12217, 0.680738, 0.000874674, 0.10409, 0.000874674, 0.10409, -0.12217, 0.680738, 0.000874674, 0.10409, ],]
