START_PARAMETERS
MAX_STEPS_MCDB =               32
MIN_STEPS_MCDB =               4
STEPS_CRUNCH_MCDB =            1
SWEEPS_MCDB =                  50
TOTAL_STEP_CHANGES =                  6
MCBB_SECONDARY =                  1
SWEEPS_MCBB_SECONDARY =                  100
NUMBER_OF_BANGS =                  4
GROUND_E =                -2.12056
INITIAL_E =               -2.06588
j_initial =               0.824
k_initial =               0.062
b_initial =               0
j_target =                0.545
k_target =                0.25
b_target =                0
init_target_dot_squared = 0.983131
init_state = [0.344033, 0, 0.51311, 0, 0.344033, 0, 0.344033, 0, 0.51311, 0, 0.344033, 0, ]
target_state = [0.293995, 0, 0.571956, 0, 0.293995, 0, 0.293995, 0, 0.571956, 0, 0.293995, 0, ]
USE_ENERGY_DISTANCE =     false
PERIODIC =                false
UNIFORM_SITES =           true
DEVICE_DIMENSION =        2
MAX_PARAM =               1
MIN_PARAM =               0
MIN_PARAM =               0
DIAG =                    true
NUM_SEEDS =               2
NUMBER_OF_BANGS =               4
DISTANCE_LIMIT =          0.01
TAU_INIT =                0.05
MAX_TAU =                 5
TAU_SCALAR =              1.2
TAU_SCALAR_TINY =         1.1
TAU_SCALAR_BIG =          1.4
ACCEPTANCE_PROB =         0.85
TEMP_EXP_DECAY =          0.8
MIN_TEMP_FRACTION =       0.01
TEMP_DECAY_ITERATIONS =   21
ZERO_TEMP_ITREATIONS =    15
RANDOM_STATES =           3
END_PARAMETERS
##############################################################################
clock_duration  =         1.40786
tau =                     0.05
total_steps =             32
time_step =               0.0015625
best_mc_result =          0.0157717
best_mc_result_non_secondary =          0.015775
evolved_target_dot_squared =  0.984228
distance =          0.934941
j_protocol =  [[0, 1, 1, 1, 1, 1, 1, 1, 1, 1, 1, 1, 1, 1, 1, 1, 1, 1, 1, 1, 1, 1, 1, 1, 1, 1, 1, 1, 1, 1, 1, 1, ],[0, 1, 1, 1, 1, 1, 1, 1, 1, 1, 1, 1, 1, 1, 1, 1, 1, 1, 1, 1, 1, 1, 1, 1, 1, 1, 1, 1, 1, 1, 1, 1, ],]
k_protocol =  [[1, 1, 1, 1, 1, 1, 1, 1, 1, 1, 1, 0, 0, 0, 0, 0, 0, 0, 0, 0, 0, 0, 0, 0, 0, 0, 0, 0, 0, 0, 0, 0, ],[1, 1, 1, 1, 1, 1, 1, 1, 1, 1, 1, 0, 0, 0, 0, 0, 0, 0, 0, 0, 0, 0, 0, 0, 0, 0, 0, 0, 0, 0, 0, 0, ],]
j_protocol_secondary =  [0.00114592, 0.0141617, 0.0141617, 0.0272306, 0.0272306, 0.0277659, 0.0277659, 0.05, ]
k_protocol_secondary =  [0, 0.000654934, 0.000654934, 0.0164458, 0.0202544, 0.0202544, 0.0300867, 0.0300867, ]
best_evolved_state = [0.337947, 0.0498396, 0.506477, 0.100485, 0.337947, 0.0498396, 0.337947, 0.0498396, 0.506477, 0.100485, 0.337947, 0.0498396, ]
best_mc_result_fixed_tau =   [0.015775, 0.015775, ]
evolved_state_fixed_tau =   [[0.337904, 0.049408, 0.50643, 0.101428, 0.337904, 0.049408, 0.337904, 0.049408, 0.50643, 0.101428, 0.337904, 0.049408, ],[0.337904, 0.049408, 0.50643, 0.101428, 0.337904, 0.049408, 0.337904, 0.049408, 0.50643, 0.101428, 0.337904, 0.049408, ],]
##############################################################################
clock_duration  =         3.30475
tau =                     0.095
total_steps =             32
time_step =               0.004375
best_mc_result =          0.0131061
best_mc_result_non_secondary =          0
evolved_target_dot_squared =  0.986894
distance =          0.776924
j_protocol =  [[0, 0, 0, 0, 0, 0, 0, 0, 0, 0, 0, 0, 0, 0, 0, 0, 0, 0, 0, 0, 0, 0, 0, 0, 0, 0, 0, 0, 0, 0, 0, 0, ],[0, 0, 0, 0, 0, 0, 0, 0, 0, 0, 0, 0, 0, 0, 0, 0, 0, 0, 0, 0, 0, 0, 0, 0, 0, 0, 0, 0, 0, 0, 0, 0, ],]
k_protocol =  [[0, 0, 0, 0, 0, 0, 0, 0, 0, 0, 0, 0, 0, 0, 0, 0, 0, 0, 0, 0, 0, 0, 0, 0, 0, 0, 0, 0, 0, 0, 0, 0, ],[0, 0, 0, 0, 0, 0, 0, 0, 0, 0, 0, 0, 0, 0, 0, 0, 0, 0, 0, 0, 0, 0, 0, 0, 0, 0, 0, 0, 0, 0, 0, 0, ],]
j_protocol_secondary =  [0.00219341, 0.028286, 0.028286, 0.0432477, 0.0432477, 0.0557605, 0.0557605, 0.095, ]
k_protocol_secondary =  [0, 0.024884, 0.024884, 0.0264972, 0.0264972, 0.0309291, 0.0392176, 0.0392176, ]
best_evolved_state = [0.322293, 0.0932399, 0.489484, 0.18781, 0.322293, 0.0932399, 0.322293, 0.0932399, 0.489484, 0.18781, 0.322293, 0.0932399, ]
best_mc_result_fixed_tau =   [0.00938064, 0.00939331, ]
evolved_state_fixed_tau =   [[0.298435, 0.133172, 0.464331, 0.266081, 0.298435, 0.133172, 0.298435, 0.133172, 0.464331, 0.266081, 0.298435, 0.133172, ],[0.298435, 0.133172, 0.464331, 0.266081, 0.298435, 0.133172, 0.298435, 0.133172, 0.464331, 0.266081, 0.298435, 0.133172, ],]
##############################################################################
clock_duration  =         3.86034
tau =                     0.1175
total_steps =             32
time_step =               0.004375
best_mc_result =          0.0113307
best_mc_result_non_secondary =          0
evolved_target_dot_squared =  0.988669
distance =          0.67168
j_protocol =  [[0, 0, 0, 0, 0, 0, 0, 0, 0, 0, 0, 0, 0, 0, 0, 0, 0, 0, 0, 0, 0, 0, 0, 0, 0, 0, 0, 0, 0, 0, 0, 0, ],[0, 0, 0, 0, 0, 0, 0, 0, 0, 0, 0, 0, 0, 0, 0, 0, 0, 0, 0, 0, 0, 0, 0, 0, 0, 0, 0, 0, 0, 0, 0, 0, ],]
k_protocol =  [[0, 0, 0, 0, 0, 0, 0, 0, 0, 0, 0, 0, 0, 0, 0, 0, 0, 0, 0, 0, 0, 0, 0, 0, 0, 0, 0, 0, 0, 0, 0, 0, ],[0, 0, 0, 0, 0, 0, 0, 0, 0, 0, 0, 0, 0, 0, 0, 0, 0, 0, 0, 0, 0, 0, 0, 0, 0, 0, 0, 0, 0, 0, 0, 0, ],]
j_protocol_secondary =  [0.00265874, 0.0349853, 0.0349853, 0.0534905, 0.0534905, 0.0689669, 0.0689669, 0.1175, ]
k_protocol_secondary =  [0, 0.0307776, 0.0307776, 0.0327728, 0.0327728, 0.0379549, 0.0485059, 0.0485059, ]
best_evolved_state = [0.311014, 0.114099, 0.477282, 0.229577, 0.311014, 0.114099, 0.311014, 0.114099, 0.477282, 0.229577, 0.311014, 0.114099, ]
best_mc_result_fixed_tau =   [0.00938064, 0.00939331, ]
evolved_state_fixed_tau =   [[0.298435, 0.133172, 0.464331, 0.266081, 0.298435, 0.133172, 0.298435, 0.133172, 0.464331, 0.266081, 0.298435, 0.133172, ],[0.298435, 0.133172, 0.464331, 0.266081, 0.298435, 0.133172, 0.298435, 0.133172, 0.464331, 0.266081, 0.298435, 0.133172, ],]
##############################################################################
clock_duration  =         4.42122
tau =                     0.12875
total_steps =             32
time_step =               0.004375
best_mc_result =          0.0103691
best_mc_result_non_secondary =          0
evolved_target_dot_squared =  0.989631
distance =          0.614673
j_protocol =  [[0, 0, 0, 0, 0, 0, 0, 0, 0, 0, 0, 0, 0, 0, 0, 0, 0, 0, 0, 0, 0, 0, 0, 0, 0, 0, 0, 0, 0, 0, 0, 0, ],[0, 0, 0, 0, 0, 0, 0, 0, 0, 0, 0, 0, 0, 0, 0, 0, 0, 0, 0, 0, 0, 0, 0, 0, 0, 0, 0, 0, 0, 0, 0, 0, ],]
k_protocol =  [[0, 0, 0, 0, 0, 0, 0, 0, 0, 0, 0, 0, 0, 0, 0, 0, 0, 0, 0, 0, 0, 0, 0, 0, 0, 0, 0, 0, 0, 0, 0, 0, ],[0, 0, 0, 0, 0, 0, 0, 0, 0, 0, 0, 0, 0, 0, 0, 0, 0, 0, 0, 0, 0, 0, 0, 0, 0, 0, 0, 0, 0, 0, 0, 0, ],]
j_protocol_secondary =  [0.00295392, 0.038335, 0.038335, 0.058612, 0.058612, 0.0755702, 0.0755702, 0.12875, ]
k_protocol_secondary =  [0, 0.0337243, 0.0337243, 0.0359107, 0.0359107, 0.0413951, 0.0531501, 0.0531501, ]
best_evolved_state = [0.30458, 0.124189, 0.470364, 0.249747, 0.30458, 0.124189, 0.30458, 0.124189, 0.470364, 0.249747, 0.30458, 0.124189, ]
best_mc_result_fixed_tau =   [0.00938064, 0.00939331, ]
evolved_state_fixed_tau =   [[0.298435, 0.133172, 0.464331, 0.266081, 0.298435, 0.133172, 0.298435, 0.133172, 0.464331, 0.266081, 0.298435, 0.133172, ],[0.298435, 0.133172, 0.464331, 0.266081, 0.298435, 0.133172, 0.298435, 0.133172, 0.464331, 0.266081, 0.298435, 0.133172, ],]
##############################################################################
clock_duration  =         5.54276
tau =                     0.131562
total_steps =             32
time_step =               0.004375
best_mc_result =          0.010123
best_mc_result_non_secondary =          0
evolved_target_dot_squared =  0.989877
distance =          0.600087
j_protocol =  [[0, 0, 0, 0, 0, 0, 0, 0, 0, 0, 0, 0, 0, 0, 0, 0, 0, 0, 0, 0, 0, 0, 0, 0, 0, 0, 0, 0, 0, 0, 0, 0, ],[0, 0, 0, 0, 0, 0, 0, 0, 0, 0, 0, 0, 0, 0, 0, 0, 0, 0, 0, 0, 0, 0, 0, 0, 0, 0, 0, 0, 0, 0, 0, 0, ],]
k_protocol =  [[0, 0, 0, 0, 0, 0, 0, 0, 0, 0, 0, 0, 0, 0, 0, 0, 0, 0, 0, 0, 0, 0, 0, 0, 0, 0, 0, 0, 0, 0, 0, 0, ],[0, 0, 0, 0, 0, 0, 0, 0, 0, 0, 0, 0, 0, 0, 0, 0, 0, 0, 0, 0, 0, 0, 0, 0, 0, 0, 0, 0, 0, 0, 0, 0, ],]
j_protocol_secondary =  [0.00299931, 0.0391724, 0.0391724, 0.0598923, 0.0598923, 0.077221, 0.077221, 0.131562, ]
k_protocol_secondary =  [0, 0.034461, 0.034461, 0.0366951, 0.0366951, 0.0422495, 0.0543112, 0.0543112, ]
best_evolved_state = [0.302879, 0.126706, 0.468527, 0.254759, 0.302879, 0.126706, 0.302879, 0.126706, 0.468527, 0.254759, 0.302879, 0.126706, ]
best_mc_result_fixed_tau =   [0.00938064, 0.00939331, ]
evolved_state_fixed_tau =   [[0.298435, 0.133172, 0.464331, 0.266081, 0.298435, 0.133172, 0.298435, 0.133172, 0.464331, 0.266081, 0.298435, 0.133172, ],[0.298435, 0.133172, 0.464331, 0.266081, 0.298435, 0.133172, 0.298435, 0.133172, 0.464331, 0.266081, 0.298435, 0.133172, ],]
##############################################################################
clock_duration  =         6.10372
tau =                     0.132969
total_steps =             32
time_step =               0.004375
best_mc_result =          0.00999927
best_mc_result_non_secondary =          0
evolved_target_dot_squared =  0.990001
distance =          0.592752
j_protocol =  [[0, 0, 0, 0, 0, 0, 0, 0, 0, 0, 0, 0, 0, 0, 0, 0, 0, 0, 0, 0, 0, 0, 0, 0, 0, 0, 0, 0, 0, 0, 0, 0, ],[0, 0, 0, 0, 0, 0, 0, 0, 0, 0, 0, 0, 0, 0, 0, 0, 0, 0, 0, 0, 0, 0, 0, 0, 0, 0, 0, 0, 0, 0, 0, 0, ],]
k_protocol =  [[0, 0, 0, 0, 0, 0, 0, 0, 0, 0, 0, 0, 0, 0, 0, 0, 0, 0, 0, 0, 0, 0, 0, 0, 0, 0, 0, 0, 0, 0, 0, 0, ],[0, 0, 0, 0, 0, 0, 0, 0, 0, 0, 0, 0, 0, 0, 0, 0, 0, 0, 0, 0, 0, 0, 0, 0, 0, 0, 0, 0, 0, 0, 0, 0, ],]
j_protocol_secondary =  [0.00303137, 0.0395911, 0.0395911, 0.0605325, 0.0605325, 0.0780464, 0.0780464, 0.132969, ]
k_protocol_secondary =  [0, 0.0348294, 0.0348294, 0.0370873, 0.0370873, 0.042667, 0.0548917, 0.0548917, ]
best_evolved_state = [0.302023, 0.127951, 0.467607, 0.257226, 0.302023, 0.127951, 0.302023, 0.127951, 0.467607, 0.257226, 0.302023, 0.127951, ]
best_mc_result_fixed_tau =   [0.00938064, 0.00939331, ]
evolved_state_fixed_tau =   [[0.298435, 0.133172, 0.464331, 0.266081, 0.298435, 0.133172, 0.298435, 0.133172, 0.464331, 0.266081, 0.298435, 0.133172, ],[0.298435, 0.133172, 0.464331, 0.266081, 0.298435, 0.133172, 0.298435, 0.133172, 0.464331, 0.266081, 0.298435, 0.133172, ],]
