START_PARAMETERS
MAX_STEPS_MCDB =               32
MIN_STEPS_MCDB =               4
STEPS_CRUNCH_MCDB =            1
SWEEPS_MCDB =                  120
TOTAL_STEP_CHANGES =                  6
MCBB_SECONDARY =                  1
SWEEPS_MCBB_SECONDARY =                  200
NUMBER_OF_BANGS =                  7
GROUND_E =                5.48068
INITIAL_E =               5.48133
j_initial =               0.736
k_initial =               0.25
b_initial =               0
j_target =                0.83
k_target =                0.25
b_target =                0
init_target_dot_squared = 0.99968
init_state = [0.00108073, 0, 0.00300134, 0, 0.00444291, 0, 0.0043373, 0, 0.00862879, 0, 0.00635195, 0, 0.00398764, 0, 0.00854076, 0, 0.00862879, 0, 0.00444291, 0, 0.00181611, 0, 0.00398764, 0, 0.0043373, 0, 0.00300134, 0, 0.00108073, 0, 0.00448653, 0, 0.00990515, 0, 0.0109561, 0, 0.0080546, 0, 0.00390923, 0, 0.00108073, 0, 0.00990515, 0, 0.0214335, 0, 0.0225644, 0, 0.014916, 0, 0.00644981, 0, 0.00390923, 0, 0.00644981, 0, 0.0109561, 0, 0.0225644, 0, 0.02101, 0, 0.0122077, 0, 0.014916, 0, 0.0080546, 0, 0.0181589, 0, 0.0264735, 0, 0.0080546, 0, 0.014916, 0, 0.0122077, 0, 0.02101, 0, 0.0225644, 0, 0.0109561, 0, 0.0262075, 0, 0.0521043, 0, 0.0378055, 0, 0.00390923, 0, 0.00644981, 0, 0.014916, 0, 0.0225644, 0, 0.0214335, 0, 0.00990515, 0, 0.0240027, 0, 0.0515168, 0, 0.0521043, 0, 0.0264735, 0, 0.00108073, 0, 0.00390923, 0, 0.0080546, 0, 0.0109561, 0, 0.00990515, 0, 0.00448653, 0, 0.0109049, 0, 0.0240027, 0, 0.0262075, 0, 0.0181589, 0, 0.00644981, 0, 0.00300134, 0, 0.0080546, 0, 0.0132818, 0, 0.01629, 0, 0.0141123, 0, 0.00628999, 0, 0.0149861, 0, 0.0333201, 0, 0.0374918, 0, 0.0286069, 0, 0.014916, 0, 0.00444291, 0, 0.0080546, 0, 0.0181589, 0, 0.0286069, 0, 0.0355398, 0, 0.0313428, 0, 0.0141123, 0, 0.0333201, 0, 0.0728465, 0, 0.0787642, 0, 0.0554959, 0, 0.0264735, 0, 0.014916, 0, 0.0122077, 0, 0.0132818, 0, 0.0286069, 0, 0.0337791, 0, 0.0395492, 0, 0.0355398, 0, 0.01629, 0, 0.0374918, 0, 0.0787642, 0, 0.0776068, 0, 0.0497029, 0, 0.0554959, 0, 0.0286069, 0, 0.0337791, 0, 0.0497029, 0, 0.01629, 0, 0.0355398, 0, 0.0395492, 0, 0.0337791, 0, 0.0286069, 0, 0.0132818, 0, 0.0286069, 0, 0.0554959, 0, 0.0497029, 0, 0.0776068, 0, 0.0787642, 0, 0.0374918, 0, 0.0481673, 0, 0.0963223, 0, 0.070787, 0, 0.0141123, 0, 0.0313428, 0, 0.0355398, 0, 0.0286069, 0, 0.0181589, 0, 0.0080546, 0, 0.014916, 0, 0.0264735, 0, 0.0554959, 0, 0.0787642, 0, 0.0728465, 0, 0.0333201, 0, 0.0438075, 0, 0.0944111, 0, 0.0963223, 0, 0.0497029, 0, 0.00628999, 0, 0.0141123, 0, 0.01629, 0, 0.0132818, 0, 0.0080546, 0, 0.00300134, 0, 0.00444291, 0, 0.014916, 0, 0.0286069, 0, 0.0374918, 0, 0.0333201, 0, 0.0149861, 0, 0.019837, 0, 0.0438075, 0, 0.0481673, 0, 0.0337791, 0, 0.0122077, 0, 0.00672922, 0, 0.0153766, 0, 0.0185068, 0, 0.01629, 0, 0.0109561, 0, 0.0043373, 0, 0.00862879, 0, 0.0225644, 0, 0.0355398, 0, 0.0421154, 0, 0.0357956, 0, 0.0158193, 0, 0.0202917, 0, 0.0452419, 0, 0.0512238, 0, 0.0395492, 0, 0.02101, 0, 0.00635195, 0, 0.0153766, 0, 0.0350352, 0, 0.0421154, 0, 0.0374918, 0, 0.0262075, 0, 0.0109561, 0, 0.0225644, 0, 0.0521043, 0, 0.0787642, 0, 0.0936035, 0, 0.0804269, 0, 0.0357956, 0, 0.0452419, 0, 0.0992797, 0, 0.108279, 0, 0.0776068, 0, 0.0378055, 0, 0.02101, 0, 0.0122077, 0, 0.0185068, 0, 0.0421154, 0, 0.0512238, 0, 0.0481673, 0, 0.0374918, 0, 0.01629, 0, 0.0355398, 0, 0.0787642, 0, 0.0963223, 0, 0.108279, 0, 0.0936035, 0, 0.0421154, 0, 0.0512238, 0, 0.108279, 0, 0.108282, 0, 0.070787, 0, 0.0776068, 0, 0.0395492, 0, 0.0337791, 0, 0.0497029, 0, 0.01629, 0, 0.0374918, 0, 0.0481673, 0, 0.0512238, 0, 0.0421154, 0, 0.0185068, 0, 0.0421154, 0, 0.0936035, 0, 0.108279, 0, 0.0963223, 0, 0.0787642, 0, 0.0355398, 0, 0.0395492, 0, 0.0776068, 0, 0.070787, 0, 0.108282, 0, 0.108279, 0, 0.0512238, 0, 0.0481673, 0, 0.0963223, 0, 0.070787, 0, 0.0109561, 0, 0.0262075, 0, 0.0374918, 0, 0.0421154, 0, 0.0350352, 0, 0.0153766, 0, 0.0357956, 0, 0.0804269, 0, 0.0936035, 0, 0.0787642, 0, 0.0521043, 0, 0.0225644, 0, 0.02101, 0, 0.0378055, 0, 0.0776068, 0, 0.108279, 0, 0.0992797, 0, 0.0452419, 0, 0.0438075, 0, 0.0944111, 0, 0.0963223, 0, 0.0497029, 0, 0.0043373, 0, 0.0109561, 0, 0.01629, 0, 0.0185068, 0, 0.0153766, 0, 0.00672922, 0, 0.0158193, 0, 0.0357956, 0, 0.0421154, 0, 0.0355398, 0, 0.0225644, 0, 0.00862879, 0, 0.00635195, 0, 0.02101, 0, 0.0395492, 0, 0.0512238, 0, 0.0452419, 0, 0.0202917, 0, 0.019837, 0, 0.0438075, 0, 0.0481673, 0, 0.0337791, 0, 0.0122077, 0, 0.00398764, 0, 0.00990515, 0, 0.0141123, 0, 0.0153766, 0, 0.0124262, 0, 0.00536449, 0, 0.0125372, 0, 0.0287991, 0, 0.0350352, 0, 0.0313428, 0, 0.0214335, 0, 0.00854076, 0, 0.00862879, 0, 0.0225644, 0, 0.0355398, 0, 0.0421154, 0, 0.0357956, 0, 0.0158193, 0, 0.0149861, 0, 0.0333201, 0, 0.0374918, 0, 0.0286069, 0, 0.014916, 0, 0.00444291, 0, 0.00990515, 0, 0.0240027, 0, 0.0333201, 0, 0.0357956, 0, 0.0287991, 0, 0.0124262, 0, 0.0287991, 0, 0.0660493, 0, 0.0804269, 0, 0.0728465, 0, 0.0515168, 0, 0.0214335, 0, 0.0225644, 0, 0.0521043, 0, 0.0787642, 0, 0.0936035, 0, 0.0804269, 0, 0.0357956, 0, 0.0333201, 0, 0.0728465, 0, 0.0787642, 0, 0.0554959, 0, 0.0264735, 0, 0.014916, 0, 0.00644981, 0, 0.0141123, 0, 0.0333201, 0, 0.0438075, 0, 0.0452419, 0, 0.0357956, 0, 0.0153766, 0, 0.0350352, 0, 0.0804269, 0, 0.0992797, 0, 0.0944111, 0, 0.0728465, 0, 0.0313428, 0, 0.0355398, 0, 0.0787642, 0, 0.0963223, 0, 0.108279, 0, 0.0936035, 0, 0.0421154, 0, 0.0374918, 0, 0.0787642, 0, 0.0776068, 0, 0.0497029, 0, 0.0554959, 0, 0.0286069, 0, 0.0181589, 0, 0.0264735, 0, 0.0153766, 0, 0.0357956, 0, 0.0452419, 0, 0.0438075, 0, 0.0333201, 0, 0.0141123, 0, 0.0313428, 0, 0.0728465, 0, 0.0944111, 0, 0.0992797, 0, 0.0804269, 0, 0.0350352, 0, 0.0421154, 0, 0.0936035, 0, 0.108279, 0, 0.0963223, 0, 0.0787642, 0, 0.0355398, 0, 0.0286069, 0, 0.0554959, 0, 0.0497029, 0, 0.0776068, 0, 0.0787642, 0, 0.0374918, 0, 0.0262075, 0, 0.0521043, 0, 0.0378055, 0, 0.0124262, 0, 0.0287991, 0, 0.0357956, 0, 0.0333201, 0, 0.0240027, 0, 0.00990515, 0, 0.0214335, 0, 0.0515168, 0, 0.0728465, 0, 0.0804269, 0, 0.0660493, 0, 0.0287991, 0, 0.0357956, 0, 0.0804269, 0, 0.0936035, 0, 0.0787642, 0, 0.0521043, 0, 0.0225644, 0, 0.014916, 0, 0.0264735, 0, 0.0554959, 0, 0.0787642, 0, 0.0728465, 0, 0.0333201, 0, 0.0240027, 0, 0.0515168, 0, 0.0521043, 0, 0.0264735, 0, 0.00536449, 0, 0.0124262, 0, 0.0153766, 0, 0.0141123, 0, 0.00990515, 0, 0.00398764, 0, 0.00854076, 0, 0.0214335, 0, 0.0313428, 0, 0.0350352, 0, 0.0287991, 0, 0.0125372, 0, 0.0158193, 0, 0.0357956, 0, 0.0421154, 0, 0.0355398, 0, 0.0225644, 0, 0.00862879, 0, 0.00444291, 0, 0.014916, 0, 0.0286069, 0, 0.0374918, 0, 0.0333201, 0, 0.0149861, 0, 0.0109049, 0, 0.0240027, 0, 0.0262075, 0, 0.0181589, 0, 0.00644981, 0, 0.00229934, 0, 0.00536449, 0, 0.00672922, 0, 0.00628999, 0, 0.00448653, 0, 0.00181611, 0, 0.00398764, 0, 0.00990515, 0, 0.0141123, 0, 0.0153766, 0, 0.0124262, 0, 0.00536449, 0, 0.00672922, 0, 0.0153766, 0, 0.0185068, 0, 0.01629, 0, 0.0109561, 0, 0.0043373, 0, 0.00300134, 0, 0.0080546, 0, 0.0132818, 0, 0.01629, 0, 0.0141123, 0, 0.00628999, 0, 0.00448653, 0, 0.00990515, 0, 0.0109561, 0, 0.0080546, 0, 0.00390923, 0, 0.00108073, 0, 0.00536449, 0, 0.0125372, 0, 0.0158193, 0, 0.0149861, 0, 0.0109049, 0, 0.00448653, 0, 0.00990515, 0, 0.0240027, 0, 0.0333201, 0, 0.0357956, 0, 0.0287991, 0, 0.0124262, 0, 0.0153766, 0, 0.0350352, 0, 0.0421154, 0, 0.0374918, 0, 0.0262075, 0, 0.0109561, 0, 0.0080546, 0, 0.0181589, 0, 0.0286069, 0, 0.0355398, 0, 0.0313428, 0, 0.0141123, 0, 0.00990515, 0, 0.0214335, 0, 0.0225644, 0, 0.014916, 0, 0.00644981, 0, 0.00390923, 0, 0.00108073, 0, 0.00672922, 0, 0.0158193, 0, 0.0202917, 0, 0.019837, 0, 0.0149861, 0, 0.00628999, 0, 0.0141123, 0, 0.0333201, 0, 0.0438075, 0, 0.0452419, 0, 0.0357956, 0, 0.0153766, 0, 0.0185068, 0, 0.0421154, 0, 0.0512238, 0, 0.0481673, 0, 0.0374918, 0, 0.01629, 0, 0.0132818, 0, 0.0286069, 0, 0.0337791, 0, 0.0395492, 0, 0.0355398, 0, 0.01629, 0, 0.0109561, 0, 0.0225644, 0, 0.02101, 0, 0.0122077, 0, 0.014916, 0, 0.0080546, 0, 0.00300134, 0, 0.00444291, 0, 0.00628999, 0, 0.0149861, 0, 0.019837, 0, 0.0202917, 0, 0.0158193, 0, 0.00672922, 0, 0.0153766, 0, 0.0357956, 0, 0.0452419, 0, 0.0438075, 0, 0.0333201, 0, 0.0141123, 0, 0.01629, 0, 0.0374918, 0, 0.0481673, 0, 0.0512238, 0, 0.0421154, 0, 0.0185068, 0, 0.01629, 0, 0.0355398, 0, 0.0395492, 0, 0.0337791, 0, 0.0286069, 0, 0.0132818, 0, 0.0080546, 0, 0.014916, 0, 0.0122077, 0, 0.02101, 0, 0.0225644, 0, 0.0109561, 0, 0.0043373, 0, 0.00862879, 0, 0.00635195, 0, 0.00448653, 0, 0.0109049, 0, 0.0149861, 0, 0.0158193, 0, 0.0125372, 0, 0.00536449, 0, 0.0124262, 0, 0.0287991, 0, 0.0357956, 0, 0.0333201, 0, 0.0240027, 0, 0.00990515, 0, 0.0109561, 0, 0.0262075, 0, 0.0374918, 0, 0.0421154, 0, 0.0350352, 0, 0.0153766, 0, 0.0141123, 0, 0.0313428, 0, 0.0355398, 0, 0.0286069, 0, 0.0181589, 0, 0.0080546, 0, 0.00390923, 0, 0.00644981, 0, 0.014916, 0, 0.0225644, 0, 0.0214335, 0, 0.00990515, 0, 0.00398764, 0, 0.00854076, 0, 0.00862879, 0, 0.00444291, 0, 0.00181611, 0, 0.00448653, 0, 0.00628999, 0, 0.00672922, 0, 0.00536449, 0, 0.00229934, 0, 0.00536449, 0, 0.0124262, 0, 0.0153766, 0, 0.0141123, 0, 0.00990515, 0, 0.00398764, 0, 0.0043373, 0, 0.0109561, 0, 0.01629, 0, 0.0185068, 0, 0.0153766, 0, 0.00672922, 0, 0.00628999, 0, 0.0141123, 0, 0.01629, 0, 0.0132818, 0, 0.0080546, 0, 0.00300134, 0, 0.00108073, 0, 0.00390923, 0, 0.0080546, 0, 0.0109561, 0, 0.00990515, 0, 0.00448653, 0, 0.00181611, 0, 0.00398764, 0, 0.0043373, 0, 0.00300134, 0, 0.00108073, 0, ]
target_state = [0.00122726, 0, 0.00331254, 0, 0.0048189, 0, 0.00472971, 0, 0.00915231, 0, 0.00682852, 0, 0.00434953, 0, 0.00905043, 0, 0.00915231, 0, 0.0048189, 0, 0.00203905, 0, 0.00434953, 0, 0.00472971, 0, 0.00331254, 0, 0.00122726, 0, 0.00488678, 0, 0.0104824, 0, 0.0115924, 0, 0.00861915, 0, 0.00427254, 0, 0.00122726, 0, 0.0104824, 0, 0.0220419, 0, 0.0232301, 0, 0.0155958, 0, 0.00693313, 0, 0.00427254, 0, 0.00693313, 0, 0.0115924, 0, 0.0232301, 0, 0.0217789, 0, 0.0129399, 0, 0.0155958, 0, 0.00861915, 0, 0.0188968, 0, 0.027164, 0, 0.00861915, 0, 0.0155958, 0, 0.0129399, 0, 0.0217789, 0, 0.0232301, 0, 0.0115924, 0, 0.0269109, 0, 0.0520829, 0, 0.0384427, 0, 0.00427254, 0, 0.00693313, 0, 0.0155958, 0, 0.0232301, 0, 0.0220419, 0, 0.0104824, 0, 0.0246443, 0, 0.0514007, 0, 0.0520829, 0, 0.027164, 0, 0.00122726, 0, 0.00427254, 0, 0.00861915, 0, 0.0115924, 0, 0.0104824, 0, 0.00488678, 0, 0.0115233, 0, 0.0246443, 0, 0.0269109, 0, 0.0188968, 0, 0.00693313, 0, 0.00331254, 0, 0.00861915, 0, 0.0140298, 0, 0.0170817, 0, 0.0148203, 0, 0.00680032, 0, 0.0157246, 0, 0.0339626, 0, 0.038177, 0, 0.0293986, 0, 0.0155958, 0, 0.0048189, 0, 0.00861915, 0, 0.0188968, 0, 0.0293986, 0, 0.036225, 0, 0.0319761, 0, 0.0148203, 0, 0.0339626, 0, 0.0721329, 0, 0.0779806, 0, 0.0555958, 0, 0.027164, 0, 0.0155958, 0, 0.0129399, 0, 0.0140298, 0, 0.0293986, 0, 0.0346838, 0, 0.0403336, 0, 0.036225, 0, 0.0170817, 0, 0.038177, 0, 0.0779806, 0, 0.0771142, 0, 0.0503067, 0, 0.0555958, 0, 0.0293986, 0, 0.0346838, 0, 0.0503067, 0, 0.0170817, 0, 0.036225, 0, 0.0403336, 0, 0.0346838, 0, 0.0293986, 0, 0.0140298, 0, 0.0293986, 0, 0.0555958, 0, 0.0503067, 0, 0.0771142, 0, 0.0779806, 0, 0.038177, 0, 0.048823, 0, 0.0950352, 0, 0.0710119, 0, 0.0148203, 0, 0.0319761, 0, 0.036225, 0, 0.0293986, 0, 0.0188968, 0, 0.00861915, 0, 0.0155958, 0, 0.027164, 0, 0.0555958, 0, 0.0779806, 0, 0.0721329, 0, 0.0339626, 0, 0.0444084, 0, 0.0930003, 0, 0.0950352, 0, 0.0503067, 0, 0.00680032, 0, 0.0148203, 0, 0.0170817, 0, 0.0140298, 0, 0.00861915, 0, 0.00331254, 0, 0.0048189, 0, 0.0155958, 0, 0.0293986, 0, 0.038177, 0, 0.0339626, 0, 0.0157246, 0, 0.0206973, 0, 0.0444084, 0, 0.048823, 0, 0.0346838, 0, 0.0129399, 0, 0.00725838, 0, 0.0161047, 0, 0.0193253, 0, 0.0170817, 0, 0.0115924, 0, 0.00472971, 0, 0.00915231, 0, 0.0232301, 0, 0.036225, 0, 0.04271, 0, 0.0363956, 0, 0.0165645, 0, 0.0211514, 0, 0.0458061, 0, 0.0517962, 0, 0.0403336, 0, 0.0217789, 0, 0.00682852, 0, 0.0161047, 0, 0.0356313, 0, 0.04271, 0, 0.038177, 0, 0.0269109, 0, 0.0115924, 0, 0.0232301, 0, 0.0520829, 0, 0.0779806, 0, 0.0921911, 0, 0.0794045, 0, 0.0363956, 0, 0.0458061, 0, 0.0976396, 0, 0.10643, 0, 0.0771142, 0, 0.0384427, 0, 0.0217789, 0, 0.0129399, 0, 0.0193253, 0, 0.04271, 0, 0.0517962, 0, 0.048823, 0, 0.038177, 0, 0.0170817, 0, 0.036225, 0, 0.0779806, 0, 0.0950352, 0, 0.10643, 0, 0.0921911, 0, 0.04271, 0, 0.0517962, 0, 0.10643, 0, 0.106736, 0, 0.0710119, 0, 0.0771142, 0, 0.0403336, 0, 0.0346838, 0, 0.0503067, 0, 0.0170817, 0, 0.038177, 0, 0.048823, 0, 0.0517962, 0, 0.04271, 0, 0.0193253, 0, 0.04271, 0, 0.0921911, 0, 0.10643, 0, 0.0950352, 0, 0.0779806, 0, 0.036225, 0, 0.0403336, 0, 0.0771142, 0, 0.0710119, 0, 0.106736, 0, 0.10643, 0, 0.0517962, 0, 0.048823, 0, 0.0950352, 0, 0.0710119, 0, 0.0115924, 0, 0.0269109, 0, 0.038177, 0, 0.04271, 0, 0.0356313, 0, 0.0161047, 0, 0.0363956, 0, 0.0794045, 0, 0.0921911, 0, 0.0779806, 0, 0.0520829, 0, 0.0232301, 0, 0.0217789, 0, 0.0384427, 0, 0.0771142, 0, 0.10643, 0, 0.0976396, 0, 0.0458061, 0, 0.0444084, 0, 0.0930003, 0, 0.0950352, 0, 0.0503067, 0, 0.00472971, 0, 0.0115924, 0, 0.0170817, 0, 0.0193253, 0, 0.0161047, 0, 0.00725838, 0, 0.0165645, 0, 0.0363956, 0, 0.04271, 0, 0.036225, 0, 0.0232301, 0, 0.00915231, 0, 0.00682852, 0, 0.0217789, 0, 0.0403336, 0, 0.0517962, 0, 0.0458061, 0, 0.0211514, 0, 0.0206973, 0, 0.0444084, 0, 0.048823, 0, 0.0346838, 0, 0.0129399, 0, 0.00434953, 0, 0.0104824, 0, 0.0148203, 0, 0.0161047, 0, 0.0130649, 0, 0.00581004, 0, 0.013182, 0, 0.0293952, 0, 0.0356313, 0, 0.0319761, 0, 0.0220419, 0, 0.00905043, 0, 0.00915231, 0, 0.0232301, 0, 0.036225, 0, 0.04271, 0, 0.0363956, 0, 0.0165645, 0, 0.0157246, 0, 0.0339626, 0, 0.038177, 0, 0.0293986, 0, 0.0155958, 0, 0.0048189, 0, 0.0104824, 0, 0.0246443, 0, 0.0339626, 0, 0.0363956, 0, 0.0293952, 0, 0.0130649, 0, 0.0293952, 0, 0.0654456, 0, 0.0794045, 0, 0.0721329, 0, 0.0514007, 0, 0.0220419, 0, 0.0232301, 0, 0.0520829, 0, 0.0779806, 0, 0.0921911, 0, 0.0794045, 0, 0.0363956, 0, 0.0339626, 0, 0.0721329, 0, 0.0779806, 0, 0.0555958, 0, 0.027164, 0, 0.0155958, 0, 0.00693313, 0, 0.0148203, 0, 0.0339626, 0, 0.0444084, 0, 0.0458061, 0, 0.0363956, 0, 0.0161047, 0, 0.0356313, 0, 0.0794045, 0, 0.0976396, 0, 0.0930003, 0, 0.0721329, 0, 0.0319761, 0, 0.036225, 0, 0.0779806, 0, 0.0950352, 0, 0.10643, 0, 0.0921911, 0, 0.04271, 0, 0.038177, 0, 0.0779806, 0, 0.0771142, 0, 0.0503067, 0, 0.0555958, 0, 0.0293986, 0, 0.0188968, 0, 0.027164, 0, 0.0161047, 0, 0.0363956, 0, 0.0458061, 0, 0.0444084, 0, 0.0339626, 0, 0.0148203, 0, 0.0319761, 0, 0.0721329, 0, 0.0930003, 0, 0.0976396, 0, 0.0794045, 0, 0.0356313, 0, 0.04271, 0, 0.0921911, 0, 0.10643, 0, 0.0950352, 0, 0.0779806, 0, 0.036225, 0, 0.0293986, 0, 0.0555958, 0, 0.0503067, 0, 0.0771142, 0, 0.0779806, 0, 0.038177, 0, 0.0269109, 0, 0.0520829, 0, 0.0384427, 0, 0.0130649, 0, 0.0293952, 0, 0.0363956, 0, 0.0339626, 0, 0.0246443, 0, 0.0104824, 0, 0.0220419, 0, 0.0514007, 0, 0.0721329, 0, 0.0794045, 0, 0.0654456, 0, 0.0293952, 0, 0.0363956, 0, 0.0794045, 0, 0.0921911, 0, 0.0779806, 0, 0.0520829, 0, 0.0232301, 0, 0.0155958, 0, 0.027164, 0, 0.0555958, 0, 0.0779806, 0, 0.0721329, 0, 0.0339626, 0, 0.0246443, 0, 0.0514007, 0, 0.0520829, 0, 0.027164, 0, 0.00581004, 0, 0.0130649, 0, 0.0161047, 0, 0.0148203, 0, 0.0104824, 0, 0.00434953, 0, 0.00905043, 0, 0.0220419, 0, 0.0319761, 0, 0.0356313, 0, 0.0293952, 0, 0.013182, 0, 0.0165645, 0, 0.0363956, 0, 0.04271, 0, 0.036225, 0, 0.0232301, 0, 0.00915231, 0, 0.0048189, 0, 0.0155958, 0, 0.0293986, 0, 0.038177, 0, 0.0339626, 0, 0.0157246, 0, 0.0115233, 0, 0.0246443, 0, 0.0269109, 0, 0.0188968, 0, 0.00693313, 0, 0.0025653, 0, 0.00581004, 0, 0.00725838, 0, 0.00680032, 0, 0.00488678, 0, 0.00203905, 0, 0.00434953, 0, 0.0104824, 0, 0.0148203, 0, 0.0161047, 0, 0.0130649, 0, 0.00581004, 0, 0.00725838, 0, 0.0161047, 0, 0.0193253, 0, 0.0170817, 0, 0.0115924, 0, 0.00472971, 0, 0.00331254, 0, 0.00861915, 0, 0.0140298, 0, 0.0170817, 0, 0.0148203, 0, 0.00680032, 0, 0.00488678, 0, 0.0104824, 0, 0.0115924, 0, 0.00861915, 0, 0.00427254, 0, 0.00122726, 0, 0.00581004, 0, 0.013182, 0, 0.0165645, 0, 0.0157246, 0, 0.0115233, 0, 0.00488678, 0, 0.0104824, 0, 0.0246443, 0, 0.0339626, 0, 0.0363956, 0, 0.0293952, 0, 0.0130649, 0, 0.0161047, 0, 0.0356313, 0, 0.04271, 0, 0.038177, 0, 0.0269109, 0, 0.0115924, 0, 0.00861915, 0, 0.0188968, 0, 0.0293986, 0, 0.036225, 0, 0.0319761, 0, 0.0148203, 0, 0.0104824, 0, 0.0220419, 0, 0.0232301, 0, 0.0155958, 0, 0.00693313, 0, 0.00427254, 0, 0.00122726, 0, 0.00725838, 0, 0.0165645, 0, 0.0211514, 0, 0.0206973, 0, 0.0157246, 0, 0.00680032, 0, 0.0148203, 0, 0.0339626, 0, 0.0444084, 0, 0.0458061, 0, 0.0363956, 0, 0.0161047, 0, 0.0193253, 0, 0.04271, 0, 0.0517962, 0, 0.048823, 0, 0.038177, 0, 0.0170817, 0, 0.0140298, 0, 0.0293986, 0, 0.0346838, 0, 0.0403336, 0, 0.036225, 0, 0.0170817, 0, 0.0115924, 0, 0.0232301, 0, 0.0217789, 0, 0.0129399, 0, 0.0155958, 0, 0.00861915, 0, 0.00331254, 0, 0.0048189, 0, 0.00680032, 0, 0.0157246, 0, 0.0206973, 0, 0.0211514, 0, 0.0165645, 0, 0.00725838, 0, 0.0161047, 0, 0.0363956, 0, 0.0458061, 0, 0.0444084, 0, 0.0339626, 0, 0.0148203, 0, 0.0170817, 0, 0.038177, 0, 0.048823, 0, 0.0517962, 0, 0.04271, 0, 0.0193253, 0, 0.0170817, 0, 0.036225, 0, 0.0403336, 0, 0.0346838, 0, 0.0293986, 0, 0.0140298, 0, 0.00861915, 0, 0.0155958, 0, 0.0129399, 0, 0.0217789, 0, 0.0232301, 0, 0.0115924, 0, 0.00472971, 0, 0.00915231, 0, 0.00682852, 0, 0.00488678, 0, 0.0115233, 0, 0.0157246, 0, 0.0165645, 0, 0.013182, 0, 0.00581004, 0, 0.0130649, 0, 0.0293952, 0, 0.0363956, 0, 0.0339626, 0, 0.0246443, 0, 0.0104824, 0, 0.0115924, 0, 0.0269109, 0, 0.038177, 0, 0.04271, 0, 0.0356313, 0, 0.0161047, 0, 0.0148203, 0, 0.0319761, 0, 0.036225, 0, 0.0293986, 0, 0.0188968, 0, 0.00861915, 0, 0.00427254, 0, 0.00693313, 0, 0.0155958, 0, 0.0232301, 0, 0.0220419, 0, 0.0104824, 0, 0.00434953, 0, 0.00905043, 0, 0.00915231, 0, 0.0048189, 0, 0.00203905, 0, 0.00488678, 0, 0.00680032, 0, 0.00725838, 0, 0.00581004, 0, 0.0025653, 0, 0.00581004, 0, 0.0130649, 0, 0.0161047, 0, 0.0148203, 0, 0.0104824, 0, 0.00434953, 0, 0.00472971, 0, 0.0115924, 0, 0.0170817, 0, 0.0193253, 0, 0.0161047, 0, 0.00725838, 0, 0.00680032, 0, 0.0148203, 0, 0.0170817, 0, 0.0140298, 0, 0.00861915, 0, 0.00331254, 0, 0.00122726, 0, 0.00427254, 0, 0.00861915, 0, 0.0115924, 0, 0.0104824, 0, 0.00488678, 0, 0.00203905, 0, 0.00434953, 0, 0.00472971, 0, 0.00331254, 0, 0.00122726, 0, ]
USE_ENERGY_DISTANCE =     false
PERIODIC =                false
UNIFORM_SITES =           true
DEVICE_DIMENSION =        2
MAX_PARAM =               1
MIN_PARAM =               0
MIN_PARAM =               0
DIAG =                    true
NUM_SEEDS =               2
NUMBER_OF_BANGS =               7
DISTANCE_LIMIT =          0.02
TAU_INIT =                1
MAX_TAU =                 5
TAU_SCALAR =              1.2
TAU_SCALAR_TINY =         1.1
TAU_SCALAR_BIG =          1.3
ACCEPTANCE_PROB =         0.85
TEMP_EXP_DECAY =          0.8
MIN_TEMP_FRACTION =       0.01
TEMP_DECAY_ITERATIONS =   21
ZERO_TEMP_ITREATIONS =    20
RANDOM_STATES =           3
END_PARAMETERS
##############################################################################
clock_duration  =         2.96439e-323
tau =                     0
total_steps =             4
time_step =               0.25
best_mc_result =          0
best_mc_result_non_secondary =          0
evolved_target_dot_squared =  0
distance =          0
j_protocol =  [[0, 0, 0, 0, ],[0, 0, 0, 0, ],]
k_protocol =  [[0, 0, 0, 0, ],[0, 0, 0, 0, ],]
j_protocol_secondary =  [0, 0, 0, 0, 0, 0, 0, 0, 0, 0, 0, 0, 0, 0, ]
k_protocol_secondary =  [0, 0, 0, 0, 0, 0, 0, 0, 0, 0, 0, 0, 0, 0, ]
best_evolved_state = [0, 0, 0, 0, 0, 0, 0, 0, 0, 0, 0, 0, 0, 0, 0, 0, 0, 0, 0, 0, 0, 0, 0, 0, 0, 0, 0, 0, 0, 0, 0, 0, 0, 0, 0, 0, 0, 0, 0, 0, 0, 0, 0, 0, 0, 0, 0, 0, 0, 0, 0, 0, 0, 0, 0, 0, 0, 0, 0, 0, 0, 0, 0, 0, 0, 0, 0, 0, 0, 0, 0, 0, 0, 0, 0, 0, 0, 0, 0, 0, 0, 0, 0, 0, 0, 0, 0, 0, 0, 0, 0, 0, 0, 0, 0, 0, 0, 0, 0, 0, 0, 0, 0, 0, 0, 0, 0, 0, 0, 0, 0, 0, 0, 0, 0, 0, 0, 0, 0, 0, 0, 0, 0, 0, 0, 0, 0, 0, 0, 0, 0, 0, 0, 0, 0, 0, 0, 0, 0, 0, 0, 0, 0, 0, 0, 0, 0, 0, 0, 0, 0, 0, 0, 0, 0, 0, 0, 0, 0, 0, 0, 0, 0, 0, 0, 0, 0, 0, 0, 0, 0, 0, 0, 0, 0, 0, 0, 0, 0, 0, 0, 0, 0, 0, 0, 0, 0, 0, 0, 0, 0, 0, 0, 0, 0, 0, 0, 0, 0, 0, 0, 0, 0, 0, 0, 0, 0, 0, 0, 0, 0, 0, 0, 0, 0, 0, 0, 0, 0, 0, 0, 0, 0, 0, 0, 0, 0, 0, 0, 0, 0, 0, 0, 0, 0, 0, 0, 0, 0, 0, 0, 0, 0, 0, 0, 0, 0, 0, 0, 0, 0, 0, 0, 0, 0, 0, 0, 0, 0, 0, 0, 0, 0, 0, 0, 0, 0, 0, 0, 0, 0, 0, 0, 0, 0, 0, 0, 0, 0, 0, 0, 0, 0, 0, 0, 0, 0, 0, 0, 0, 0, 0, 0, 0, 0, 0, 0, 0, 0, 0, 0, 0, 0, 0, 0, 0, 0, 0, 0, 0, 0, 0, 0, 0, 0, 0, 0, 0, 0, 0, 0, 0, 0, 0, 0, 0, 0, 0, 0, 0, 0, 0, 0, 0, 0, 0, 0, 0, 0, 0, 0, 0, 0, 0, 0, 0, 0, 0, 0, 0, 0, 0, 0, 0, 0, 0, 0, 0, 0, 0, 0, 0, 0, 0, 0, 0, 0, 0, 0, 0, 0, 0, 0, 0, 0, 0, 0, 0, 0, 0, 0, 0, 0, 0, 0, 0, 0, 0, 0, 0, 0, 0, 0, 0, 0, 0, 0, 0, 0, 0, 0, 0, 0, 0, 0, 0, 0, 0, 0, 0, 0, 0, 0, 0, 0, 0, 0, 0, 0, 0, 0, 0, 0, 0, 0, 0, 0, 0, 0, 0, 0, 0, 0, 0, 0, 0, 0, 0, 0, 0, 0, 0, 0, 0, 0, 0, 0, 0, 0, 0, 0, 0, 0, 0, 0, 0, 0, 0, 0, 0, 0, 0, 0, 0, 0, 0, 0, 0, 0, 0, 0, 0, 0, 0, 0, 0, 0, 0, 0, 0, 0, 0, 0, 0, 0, 0, 0, 0, 0, 0, 0, 0, 0, 0, 0, 0, 0, 0, 0, 0, 0, 0, 0, 0, 0, 0, 0, 0, 0, 0, 0, 0, 0, 0, 0, 0, 0, 0, 0, 0, 0, 0, 0, 0, 0, 0, 0, 0, 0, 0, 0, 0, 0, 0, 0, 0, 0, 0, 0, 0, 0, 0, 0, 0, 0, 0, 0, 0, 0, 0, 0, 0, 0, 0, 0, 0, 0, 0, 0, 0, 0, 0, 0, 0, 0, 0, 0, 0, 0, 0, 0, 0, 0, 0, 0, 0, 0, 0, 0, 0, 0, 0, 0, 0, 0, 0, 0, 0, 0, 0, 0, 0, 0, 0, 0, 0, 0, 0, 0, 0, 0, 0, 0, 0, 0, 0, 0, 0, 0, 0, 0, 0, 0, 0, 0, 0, 0, 0, 0, 0, 0, 0, 0, 0, 0, 0, 0, 0, 0, 0, 0, 0, 0, 0, 0, 0, 0, 0, 0, 0, 0, 0, 0, 0, 0, 0, 0, 0, 0, 0, 0, 0, 0, 0, 0, 0, 0, 0, 0, 0, 0, 0, 0, 0, 0, 0, 0, 0, 0, 0, 0, 0, 0, 0, 0, 0, 0, 0, 0, 0, 0, 0, 0, 0, 0, 0, 0, 0, 0, 0, 0, 0, 0, 0, 0, 0, 0, 0, 0, 0, 0, 0, 0, 0, 0, 0, 0, 0, 0, 0, 0, 0, 0, 0, 0, 0, 0, 0, 0, 0, 0, 0, 0, 0, 0, 0, 0, 0, 0, 0, 0, 0, 0, 0, 0, 0, 0, 0, 0, 0, 0, 0, 0, 0, 0, 0, 0, 0, 0, 0, 0, 0, 0, 0, 0, 0, 0, 0, 0, 0, 0, 0, 0, 0, 0, 0, 0, 0, 0, 0, 0, 0, 0, 0, 0, 0, 0, 0, 0, 0, 0, 0, 0, 0, 0, 0, 0, 0, 0, 0, 0, 0, 0, 0, 0, 0, 0, 0, 0, 0, 0, 0, 0, 0, 0, 0, 0, 0, 0, 0, 0, 0, 0, 0, 0, 0, 0, 0, 0, 0, 0, 0, 0, 0, 0, 0, 0, 0, 0, 0, 0, 0, 0, 0, 0, 0, 0, 0, 0, 0, 0, 0, 0, 0, 0, 0, 0, 0, 0, 0, 0, 0, 0, 0, 0, 0, 0, 0, 0, 0, 0, 0, 0, 0, 0, 0, 0, 0, 0, 0, 0, 0, 0, 0, 0, 0, 0, 0, 0, 0, 0, 0, 0, 0, 0, 0, 0, 0, 0, 0, 0, 0, 0, 0, 0, 0, 0, 0, 0, 0, 0, 0, 0, 0, 0, 0, 0, 0, 0, 0, 0, 0, 0, 0, 0, 0, 0, 0, 0, 0, 0, 0, 0, 0, 0, 0, 0, 0, 0, 0, 0, 0, 0, 0, 0, 0, 0, 0, 0, 0, 0, 0, 0, 0, 0, 0, 0, 0, 0, 0, 0, 0, 0, 0, 0, 0, 0, 0, 0, 0, 0, 0, 0, 0, 0, 0, 0, 0, 0, 0, 0, 0, 0, 0, 0, 0, 0, 0, 0, 0, 0, 0, 0, 0, 0, 0, 0, 0, 0, 0, 0, 0, 0, 0, 0, 0, 0, 0, 0, 0, 0, 0, 0, 0, 0, 0, 0, 0, 0, 0, 0, 0, 0, 0, 0, 0, 0, 0, 0, 0, 0, 0, 0, 0, 0, 0, 0, 0, 0, 0, 0, 0, 0, 0, 0, 0, 0, 0, 0, 0, 0, 0, 0, 0, 0, 0, 0, 0, 0, 0, 0, 0, 0, 0, 0, 0, 0, 0, 0, 0, 0, 0, 0, 0, 0, 0, 0, 0, 0, 0, 0, 0, 0, 0, 0, 0, 0, 0, 0, 0, 0, 0, 0, 0, 0, 0, 0, 0, 0, 0, 0, 0, 0, 0, 0, 0, 0, 0, 0, 0, 0, 0, 0, 0, 0, 0, 0, 0, 0, 0, 0, 0, 0, 0, 0, 0, 0, 0, 0, 0, 0, 0, 0, 0, 0, 0, 0, 0, 0, 0, 0, 0, 0, 0, 0, 0, 0, 0, 0, 0, 0, 0, 0, 0, 0, 0, 0, 0, 0, 0, 0, 0, 0, 0, 0, 0, 0, 0, 0, 0, 0, 0, 0, 0, 0, 0, 0, 0, 0, 0, 0, 0, 0, 0, 0, 0, 0, 0, 0, 0, 0, 0, 0, 0, 0, 0, 0, 0, 0, 0, 0, 0, 0, 0, 0, 0, 0, 0, 0, 0, 0, 0, 0, 0, 0, 0, 0, 0, 0, 0, 0, 0, 0, 0, 0, 0, 0, 0, 0, 0, 0, 0, 0, 0, 0, 0, 0, 0, 0, 0, 0, 0, 0, 0, 0, 0, 0, 0, 0, 0, 0, 0, 0, 0, 0, 0, 0, 0, 0, 0, 0, 0, 0, 0, 0, 0, 0, 0, 0, 0, ]
best_mc_result_fixed_tau =   [0, 0, ]
evolved_state_fixed_tau =   [[0, 0, 0, 0, 0, 0, 0, 0, 0, 0, 0, 0, 0, 0, 0, 0, 0, 0, 0, 0, 0, 0, 0, 0, 0, 0, 0, 0, 0, 0, 0, 0, 0, 0, 0, 0, 0, 0, 0, 0, 0, 0, 0, 0, 0, 0, 0, 0, 0, 0, 0, 0, 0, 0, 0, 0, 0, 0, 0, 0, 0, 0, 0, 0, 0, 0, 0, 0, 0, 0, 0, 0, 0, 0, 0, 0, 0, 0, 0, 0, 0, 0, 0, 0, 0, 0, 0, 0, 0, 0, 0, 0, 0, 0, 0, 0, 0, 0, 0, 0, 0, 0, 0, 0, 0, 0, 0, 0, 0, 0, 0, 0, 0, 0, 0, 0, 0, 0, 0, 0, 0, 0, 0, 0, 0, 0, 0, 0, 0, 0, 0, 0, 0, 0, 0, 0, 0, 0, 0, 0, 0, 0, 0, 0, 0, 0, 0, 0, 0, 0, 0, 0, 0, 0, 0, 0, 0, 0, 0, 0, 0, 0, 0, 0, 0, 0, 0, 0, 0, 0, 0, 0, 0, 0, 0, 0, 0, 0, 0, 0, 0, 0, 0, 0, 0, 0, 0, 0, 0, 0, 0, 0, 0, 0, 0, 0, 0, 0, 0, 0, 0, 0, 0, 0, 0, 0, 0, 0, 0, 0, 0, 0, 0, 0, 0, 0, 0, 0, 0, 0, 0, 0, 0, 0, 0, 0, 0, 0, 0, 0, 0, 0, 0, 0, 0, 0, 0, 0, 0, 0, 0, 0, 0, 0, 0, 0, 0, 0, 0, 0, 0, 0, 0, 0, 0, 0, 0, 0, 0, 0, 0, 0, 0, 0, 0, 0, 0, 0, 0, 0, 0, 0, 0, 0, 0, 0, 0, 0, 0, 0, 0, 0, 0, 0, 0, 0, 0, 0, 0, 0, 0, 0, 0, 0, 0, 0, 0, 0, 0, 0, 0, 0, 0, 0, 0, 0, 0, 0, 0, 0, 0, 0, 0, 0, 0, 0, 0, 0, 0, 0, 0, 0, 0, 0, 0, 0, 0, 0, 0, 0, 0, 0, 0, 0, 0, 0, 0, 0, 0, 0, 0, 0, 0, 0, 0, 0, 0, 0, 0, 0, 0, 0, 0, 0, 0, 0, 0, 0, 0, 0, 0, 0, 0, 0, 0, 0, 0, 0, 0, 0, 0, 0, 0, 0, 0, 0, 0, 0, 0, 0, 0, 0, 0, 0, 0, 0, 0, 0, 0, 0, 0, 0, 0, 0, 0, 0, 0, 0, 0, 0, 0, 0, 0, 0, 0, 0, 0, 0, 0, 0, 0, 0, 0, 0, 0, 0, 0, 0, 0, 0, 0, 0, 0, 0, 0, 0, 0, 0, 0, 0, 0, 0, 0, 0, 0, 0, 0, 0, 0, 0, 0, 0, 0, 0, 0, 0, 0, 0, 0, 0, 0, 0, 0, 0, 0, 0, 0, 0, 0, 0, 0, 0, 0, 0, 0, 0, 0, 0, 0, 0, 0, 0, 0, 0, 0, 0, 0, 0, 0, 0, 0, 0, 0, 0, 0, 0, 0, 0, 0, 0, 0, 0, 0, 0, 0, 0, 0, 0, 0, 0, 0, 0, 0, 0, 0, 0, 0, 0, 0, 0, 0, 0, 0, 0, 0, 0, 0, 0, 0, 0, 0, 0, 0, 0, 0, 0, 0, 0, 0, 0, 0, 0, 0, 0, 0, 0, 0, 0, 0, 0, 0, 0, 0, 0, 0, 0, 0, 0, 0, 0, 0, 0, 0, 0, 0, 0, 0, 0, 0, 0, 0, 0, 0, 0, 0, 0, 0, 0, 0, 0, 0, 0, 0, 0, 0, 0, 0, 0, 0, 0, 0, 0, 0, 0, 0, 0, 0, 0, 0, 0, 0, 0, 0, 0, 0, 0, 0, 0, 0, 0, 0, 0, 0, 0, 0, 0, 0, 0, 0, 0, 0, 0, 0, 0, 0, 0, 0, 0, 0, 0, 0, 0, 0, 0, 0, 0, 0, 0, 0, 0, 0, 0, 0, 0, 0, 0, 0, 0, 0, 0, 0, 0, 0, 0, 0, 0, 0, 0, 0, 0, 0, 0, 0, 0, 0, 0, 0, 0, 0, 0, 0, 0, 0, 0, 0, 0, 0, 0, 0, 0, 0, 0, 0, 0, 0, 0, 0, 0, 0, 0, 0, 0, 0, 0, 0, 0, 0, 0, 0, 0, 0, 0, 0, 0, 0, 0, 0, 0, 0, 0, 0, 0, 0, 0, 0, 0, 0, 0, 0, 0, 0, 0, 0, 0, 0, 0, 0, 0, 0, 0, 0, 0, 0, 0, 0, 0, 0, 0, 0, 0, 0, 0, 0, 0, 0, 0, 0, 0, 0, 0, 0, 0, 0, 0, 0, 0, 0, 0, 0, 0, 0, 0, 0, 0, 0, 0, 0, 0, 0, 0, 0, 0, 0, 0, 0, 0, 0, 0, 0, 0, 0, 0, 0, 0, 0, 0, 0, 0, 0, 0, 0, 0, 0, 0, 0, 0, 0, 0, 0, 0, 0, 0, 0, 0, 0, 0, 0, 0, 0, 0, 0, 0, 0, 0, 0, 0, 0, 0, 0, 0, 0, 0, 0, 0, 0, 0, 0, 0, 0, 0, 0, 0, 0, 0, 0, 0, 0, 0, 0, 0, 0, 0, 0, 0, 0, 0, 0, 0, 0, 0, 0, 0, 0, 0, 0, 0, 0, 0, 0, 0, 0, 0, 0, 0, 0, 0, 0, 0, 0, 0, 0, 0, 0, 0, 0, 0, 0, 0, 0, 0, 0, 0, 0, 0, 0, 0, 0, 0, 0, 0, 0, 0, 0, 0, 0, 0, 0, 0, 0, 0, 0, 0, 0, 0, 0, 0, 0, 0, 0, 0, 0, 0, 0, 0, 0, 0, 0, 0, 0, 0, 0, 0, 0, 0, 0, 0, 0, 0, 0, 0, 0, 0, 0, 0, 0, 0, 0, 0, 0, 0, 0, 0, 0, 0, 0, 0, 0, 0, 0, 0, 0, 0, 0, 0, 0, 0, 0, 0, 0, 0, 0, 0, 0, 0, 0, 0, 0, 0, 0, 0, 0, 0, 0, 0, 0, 0, 0, 0, 0, 0, 0, 0, 0, 0, 0, 0, 0, 0, 0, 0, 0, 0, 0, 0, 0, 0, 0, 0, 0, 0, 0, 0, 0, 0, 0, 0, 0, 0, 0, 0, 0, 0, 0, 0, 0, 0, 0, 0, 0, 0, 0, 0, 0, 0, 0, 0, 0, 0, 0, 0, 0, 0, 0, 0, 0, 0, 0, 0, 0, 0, 0, 0, 0, 0, 0, 0, 0, 0, 0, 0, 0, 0, 0, 0, 0, 0, 0, 0, 0, 0, 0, 0, 0, 0, 0, 0, 0, 0, 0, 0, 0, 0, 0, 0, 0, 0, 0, 0, 0, 0, 0, 0, 0, 0, 0, 0, 0, 0, 0, 0, 0, 0, 0, 0, 0, 0, 0, 0, 0, 0, 0, 0, 0, 0, 0, 0, 0, 0, 0, 0, 0, 0, 0, 0, 0, 0, 0, 0, 0, 0, 0, 0, 0, 0, 0, 0, 0, 0, 0, 0, 0, 0, 0, 0, 0, 0, 0, 0, 0, 0, 0, 0, 0, 0, 0, 0, 0, 0, 0, 0, 0, 0, 0, 0, 0, 0, 0, 0, 0, 0, 0, 0, 0, 0, 0, 0, 0, 0, 0, 0, 0, 0, 0, 0, 0, 0, 0, 0, 0, 0, 0, 0, 0, 0, 0, 0, 0, 0, 0, 0, 0, 0, 0, 0, 0, 0, 0, 0, 0, 0, 0, 0, 0, 0, 0, 0, 0, 0, 0, 0, 0, 0, 0, 0, 0, 0, 0, 0, 0, 0, 0, 0, 0, 0, 0, 0, 0, 0, 0, 0, 0, 0, 0, 0, 0, 0, 0, 0, 0, 0, 0, 0, 0, 0, 0, 0, 0, 0, 0, 0, 0, 0, 0, 0, 0, 0, 0, 0, 0, 0, 0, 0, 0, 0, 0, 0, 0, 0, 0, 0, ],[0, 0, 0, 0, 0, 0, 0, 0, 0, 0, 0, 0, 0, 0, 0, 0, 0, 0, 0, 0, 0, 0, 0, 0, 0, 0, 0, 0, 0, 0, 0, 0, 0, 0, 0, 0, 0, 0, 0, 0, 0, 0, 0, 0, 0, 0, 0, 0, 0, 0, 0, 0, 0, 0, 0, 0, 0, 0, 0, 0, 0, 0, 0, 0, 0, 0, 0, 0, 0, 0, 0, 0, 0, 0, 0, 0, 0, 0, 0, 0, 0, 0, 0, 0, 0, 0, 0, 0, 0, 0, 0, 0, 0, 0, 0, 0, 0, 0, 0, 0, 0, 0, 0, 0, 0, 0, 0, 0, 0, 0, 0, 0, 0, 0, 0, 0, 0, 0, 0, 0, 0, 0, 0, 0, 0, 0, 0, 0, 0, 0, 0, 0, 0, 0, 0, 0, 0, 0, 0, 0, 0, 0, 0, 0, 0, 0, 0, 0, 0, 0, 0, 0, 0, 0, 0, 0, 0, 0, 0, 0, 0, 0, 0, 0, 0, 0, 0, 0, 0, 0, 0, 0, 0, 0, 0, 0, 0, 0, 0, 0, 0, 0, 0, 0, 0, 0, 0, 0, 0, 0, 0, 0, 0, 0, 0, 0, 0, 0, 0, 0, 0, 0, 0, 0, 0, 0, 0, 0, 0, 0, 0, 0, 0, 0, 0, 0, 0, 0, 0, 0, 0, 0, 0, 0, 0, 0, 0, 0, 0, 0, 0, 0, 0, 0, 0, 0, 0, 0, 0, 0, 0, 0, 0, 0, 0, 0, 0, 0, 0, 0, 0, 0, 0, 0, 0, 0, 0, 0, 0, 0, 0, 0, 0, 0, 0, 0, 0, 0, 0, 0, 0, 0, 0, 0, 0, 0, 0, 0, 0, 0, 0, 0, 0, 0, 0, 0, 0, 0, 0, 0, 0, 0, 0, 0, 0, 0, 0, 0, 0, 0, 0, 0, 0, 0, 0, 0, 0, 0, 0, 0, 0, 0, 0, 0, 0, 0, 0, 0, 0, 0, 0, 0, 0, 0, 0, 0, 0, 0, 0, 0, 0, 0, 0, 0, 0, 0, 0, 0, 0, 0, 0, 0, 0, 0, 0, 0, 0, 0, 0, 0, 0, 0, 0, 0, 0, 0, 0, 0, 0, 0, 0, 0, 0, 0, 0, 0, 0, 0, 0, 0, 0, 0, 0, 0, 0, 0, 0, 0, 0, 0, 0, 0, 0, 0, 0, 0, 0, 0, 0, 0, 0, 0, 0, 0, 0, 0, 0, 0, 0, 0, 0, 0, 0, 0, 0, 0, 0, 0, 0, 0, 0, 0, 0, 0, 0, 0, 0, 0, 0, 0, 0, 0, 0, 0, 0, 0, 0, 0, 0, 0, 0, 0, 0, 0, 0, 0, 0, 0, 0, 0, 0, 0, 0, 0, 0, 0, 0, 0, 0, 0, 0, 0, 0, 0, 0, 0, 0, 0, 0, 0, 0, 0, 0, 0, 0, 0, 0, 0, 0, 0, 0, 0, 0, 0, 0, 0, 0, 0, 0, 0, 0, 0, 0, 0, 0, 0, 0, 0, 0, 0, 0, 0, 0, 0, 0, 0, 0, 0, 0, 0, 0, 0, 0, 0, 0, 0, 0, 0, 0, 0, 0, 0, 0, 0, 0, 0, 0, 0, 0, 0, 0, 0, 0, 0, 0, 0, 0, 0, 0, 0, 0, 0, 0, 0, 0, 0, 0, 0, 0, 0, 0, 0, 0, 0, 0, 0, 0, 0, 0, 0, 0, 0, 0, 0, 0, 0, 0, 0, 0, 0, 0, 0, 0, 0, 0, 0, 0, 0, 0, 0, 0, 0, 0, 0, 0, 0, 0, 0, 0, 0, 0, 0, 0, 0, 0, 0, 0, 0, 0, 0, 0, 0, 0, 0, 0, 0, 0, 0, 0, 0, 0, 0, 0, 0, 0, 0, 0, 0, 0, 0, 0, 0, 0, 0, 0, 0, 0, 0, 0, 0, 0, 0, 0, 0, 0, 0, 0, 0, 0, 0, 0, 0, 0, 0, 0, 0, 0, 0, 0, 0, 0, 0, 0, 0, 0, 0, 0, 0, 0, 0, 0, 0, 0, 0, 0, 0, 0, 0, 0, 0, 0, 0, 0, 0, 0, 0, 0, 0, 0, 0, 0, 0, 0, 0, 0, 0, 0, 0, 0, 0, 0, 0, 0, 0, 0, 0, 0, 0, 0, 0, 0, 0, 0, 0, 0, 0, 0, 0, 0, 0, 0, 0, 0, 0, 0, 0, 0, 0, 0, 0, 0, 0, 0, 0, 0, 0, 0, 0, 0, 0, 0, 0, 0, 0, 0, 0, 0, 0, 0, 0, 0, 0, 0, 0, 0, 0, 0, 0, 0, 0, 0, 0, 0, 0, 0, 0, 0, 0, 0, 0, 0, 0, 0, 0, 0, 0, 0, 0, 0, 0, 0, 0, 0, 0, 0, 0, 0, 0, 0, 0, 0, 0, 0, 0, 0, 0, 0, 0, 0, 0, 0, 0, 0, 0, 0, 0, 0, 0, 0, 0, 0, 0, 0, 0, 0, 0, 0, 0, 0, 0, 0, 0, 0, 0, 0, 0, 0, 0, 0, 0, 0, 0, 0, 0, 0, 0, 0, 0, 0, 0, 0, 0, 0, 0, 0, 0, 0, 0, 0, 0, 0, 0, 0, 0, 0, 0, 0, 0, 0, 0, 0, 0, 0, 0, 0, 0, 0, 0, 0, 0, 0, 0, 0, 0, 0, 0, 0, 0, 0, 0, 0, 0, 0, 0, 0, 0, 0, 0, 0, 0, 0, 0, 0, 0, 0, 0, 0, 0, 0, 0, 0, 0, 0, 0, 0, 0, 0, 0, 0, 0, 0, 0, 0, 0, 0, 0, 0, 0, 0, 0, 0, 0, 0, 0, 0, 0, 0, 0, 0, 0, 0, 0, 0, 0, 0, 0, 0, 0, 0, 0, 0, 0, 0, 0, 0, 0, 0, 0, 0, 0, 0, 0, 0, 0, 0, 0, 0, 0, 0, 0, 0, 0, 0, 0, 0, 0, 0, 0, 0, 0, 0, 0, 0, 0, 0, 0, 0, 0, 0, 0, 0, 0, 0, 0, 0, 0, 0, 0, 0, 0, 0, 0, 0, 0, 0, 0, 0, 0, 0, 0, 0, 0, 0, 0, 0, 0, 0, 0, 0, 0, 0, 0, 0, 0, 0, 0, 0, 0, 0, 0, 0, 0, 0, 0, 0, 0, 0, 0, 0, 0, 0, 0, 0, 0, 0, 0, 0, 0, 0, 0, 0, 0, 0, 0, 0, 0, 0, 0, 0, 0, 0, 0, 0, 0, 0, 0, 0, 0, 0, 0, 0, 0, 0, 0, 0, 0, 0, 0, 0, 0, 0, 0, 0, 0, 0, 0, 0, 0, 0, 0, 0, 0, 0, 0, 0, 0, 0, 0, 0, 0, 0, 0, 0, 0, 0, 0, 0, 0, 0, 0, 0, 0, 0, 0, 0, 0, 0, 0, 0, 0, 0, 0, 0, 0, 0, 0, 0, 0, 0, 0, 0, 0, 0, 0, 0, 0, 0, 0, 0, 0, 0, 0, 0, 0, 0, 0, 0, 0, 0, 0, 0, 0, 0, 0, 0, 0, 0, 0, 0, 0, 0, 0, 0, 0, 0, 0, 0, 0, 0, 0, 0, 0, 0, 0, 0, 0, 0, 0, 0, 0, 0, 0, 0, 0, 0, 0, 0, 0, 0, 0, 0, 0, 0, 0, 0, 0, 0, 0, 0, 0, 0, 0, 0, 0, 0, 0, 0, 0, 0, 0, 0, 0, 0, 0, 0, 0, 0, 0, 0, 0, 0, 0, 0, 0, 0, 0, 0, 0, 0, 0, 0, 0, 0, 0, 0, 0, 0, 0, 0, 0, 0, 0, 0, 0, 0, 0, 0, 0, 0, 0, 0, 0, 0, 0, 0, 0, 0, 0, 0, 0, 0, 0, 0, 0, 0, 0, 0, 0, 0, 0, 0, 0, 0, 0, 0, 0, 0, 0, 0, 0, 0, 0, 0, 0, 0, 0, 0, 0, 0, 0, ],]
