START_PARAMETERS
MAX_STEPS_MCDB =               128
MIN_STEPS_MCDB =               4
STEPS_CRUNCH_MCDB =            1
SWEEPS_MCDB =                  150
GROUND_E =                -3.69384
INITIAL_E =               -0.794073
j_initial =               0.074
k_initial =               0.5
b_initial =               0
j_target =                0.567
k_target =                0.031
b_target =                0
init_target_dot_squared = 0.206299
init_state = [-0.000317051, 0, -0.0122221, 0, -0.00048498, 0, -4.13395e-05, 0, -0.000922797, 0, -0.00143398, 0, -0.000922797, 0, -0.00540562, 0, -0.0243167, 0, -0.000922797, 0, -4.13395e-05, 0, -0.00048498, 0, -0.0122221, 0, -0.0123655, 0, -0.493149, 0, -0.0123655, 0, -0.000922797, 0, -0.0243167, 0, -0.00540562, 0, -0.024535, 0, -0.00048498, 0, -0.000414321, 0, -0.00181608, 0, -0.00620931, 0, -0.0720907, 0, -0.00181608, 0, -0.00143398, 0, -0.00540562, 0, -0.00205542, 0, -0.00540562, 0, -0.000317051, 0, -0.0122221, 0, -0.00181608, 0, -0.0123655, 0, -0.000922797, 0, -0.0123655, 0, -0.00620931, 0, -0.0123655, 0, -0.0720907, 0, -0.493149, 0, -0.0122221, 0, -0.00540562, 0, -0.024535, 0, -0.00540562, 0, -0.0243167, 0, -0.0122221, 0, -0.493149, 0, -0.0720907, 0, -0.493149, 0, -0.0243167, 0, -0.00048498, 0, -0.0123655, 0, -0.00181608, 0, -0.0122221, 0, -0.000922797, 0, -4.13395e-05, 0, -0.00181608, 0, -0.000414321, 0, -0.00048498, 0, -0.00181608, 0, -0.0122221, 0, -0.000317051, 0, -0.00205542, 0, -0.00540562, 0, -0.00143398, 0, -0.000922797, 0, -0.00181608, 0, -0.0720907, 0, -0.00620931, 0, -0.0123655, 0, -0.00540562, 0, -0.000414321, 0, -0.00620931, 0, -0.000414321, 0, -0.00048498, 0, -0.00143398, 0, -0.00048498, 0, -0.00181608, 0, -0.0123655, 0, -0.00048498, 0, -4.13395e-05, 0, -0.000922797, 0, -0.0122221, 0, -0.000317051, 0, ]
target_state = [0.0432902, 0, 0.0904309, 0, 0.0663019, 0, 0.0407671, 0, 0.0709491, 0, 0.115362, 0, 0.0709491, 0, 0.138391, 0, 0.119401, 0, 0.0709491, 0, 0.0407671, 0, 0.0663019, 0, 0.0904309, 0, 0.104009, 0, 0.179592, 0, 0.104009, 0, 0.0709491, 0, 0.119401, 0, 0.138391, 0, 0.140105, 0, 0.0663019, 0, 0.0886177, 0, 0.0906077, 0, 0.13175, 0, 0.171645, 0, 0.0906077, 0, 0.115362, 0, 0.138391, 0, 0.145488, 0, 0.138391, 0, 0.0432902, 0, 0.0904309, 0, 0.0906077, 0, 0.104009, 0, 0.0709491, 0, 0.104009, 0, 0.13175, 0, 0.104009, 0, 0.171645, 0, 0.179592, 0, 0.0904309, 0, 0.138391, 0, 0.140105, 0, 0.138391, 0, 0.119401, 0, 0.0904309, 0, 0.179592, 0, 0.171645, 0, 0.179592, 0, 0.119401, 0, 0.0663019, 0, 0.104009, 0, 0.0906077, 0, 0.0904309, 0, 0.0709491, 0, 0.0407671, 0, 0.0906077, 0, 0.0886177, 0, 0.0663019, 0, 0.0906077, 0, 0.0904309, 0, 0.0432902, 0, 0.145488, 0, 0.138391, 0, 0.115362, 0, 0.0709491, 0, 0.0906077, 0, 0.171645, 0, 0.13175, 0, 0.104009, 0, 0.138391, 0, 0.0886177, 0, 0.13175, 0, 0.0886177, 0, 0.0663019, 0, 0.115362, 0, 0.0663019, 0, 0.0906077, 0, 0.104009, 0, 0.0663019, 0, 0.0407671, 0, 0.0709491, 0, 0.0904309, 0, 0.0432902, 0, ]
USE_ENERGY_DISTANCE =     false
PERIODIC =                false
UNIFORM_SITES =           true
DEVICE_DIMENSION =        2
MAX_PARAM =               1
MIN_PARAM =               0
MIN_PARAM =               0
DIAG =                    true
NUM_SEEDS =               1
DISTANCE_LIMIT =          0.01
TAU_INIT =                0.1
MAX_TAU =                 3
TAU_SCALAR =              1.15
TAU_SCALAR_TINY =         1.05
TAU_SCALAR_BIG =          1.3
ACCEPTANCE_PROB =         0.55
TEMP_EXP_DECAY =          0.9
MIN_TEMP_FRACTION =       0.01
TEMP_DECAY_ITERATIONS =   44
ZERO_TEMP_ITREATIONS =    15
RANDOM_STATES =           4
INIT_OVERLAP_LIMIT =      0.99999
END_PARAMETERS
##############################################################################
clock_duration  =         16.1862
tau =                     0.1
total_steps =             16
time_step =               0.00625
best_mc_result =          0.756907
evolved_target_dot_squared =  0.243093
best_evolved_state = [0.0032306, -0.00232647, -0.000390906, -0.042941, 0.00360562, -0.00182785, 0.000583449, 0.000441326, 0.00715299, -0.00373525, 0.00125425, 0.000661732, 0.00715299, -0.00373525, 0.0137963, -0.00993034, -0.00184495, -0.086441, 0.00715299, -0.00373525, 0.000583449, 0.000441326, 0.00360562, -0.00182785, -0.000390906, -0.042941, 4.97239e-05, -0.043107, -0.389744, -0.257821, 4.97239e-05, -0.043107, 0.00715299, -0.00373525, -0.00184495, -0.086441, 0.0137963, -0.00993034, -0.00128486, -0.0865872, 0.00360562, -0.00182785, 0.00194439, 0.000226998, 0.00677217, -0.00741391, 0.00987702, -0.0123518, -0.0251136, -0.105597, 0.00677217, -0.00741391, 0.00125425, 0.000661732, 0.0137963, -0.00993034, 0.00204188, 0.000760579, 0.0137963, -0.00993034, 0.0032306, -0.00232647, -0.000390906, -0.042941, 0.00677217, -0.00741391, 4.97239e-05, -0.043107, 0.00715299, -0.00373525, 4.97239e-05, -0.043107, 0.00987702, -0.0123518, 4.97239e-05, -0.043107, -0.0251136, -0.105597, -0.389744, -0.257821, -0.000390906, -0.042941, 0.0137963, -0.00993034, -0.00128486, -0.0865872, 0.0137963, -0.00993034, -0.00184495, -0.086441, -0.000390906, -0.042941, -0.389744, -0.257821, -0.0251136, -0.105597, -0.389744, -0.257821, -0.00184495, -0.086441, 0.00360562, -0.00182785, 4.97239e-05, -0.043107, 0.00677217, -0.00741391, -0.000390906, -0.042941, 0.00715299, -0.00373525, 0.000583449, 0.000441326, 0.00677217, -0.00741391, 0.00194439, 0.000226998, 0.00360562, -0.00182785, 0.00677217, -0.00741391, -0.000390906, -0.042941, 0.0032306, -0.00232647, 0.00204188, 0.000760579, 0.0137963, -0.00993034, 0.00125425, 0.000661732, 0.00715299, -0.00373525, 0.00677217, -0.00741391, -0.0251136, -0.105597, 0.00987702, -0.0123518, 4.97239e-05, -0.043107, 0.0137963, -0.00993034, 0.00194439, 0.000226998, 0.00987702, -0.0123518, 0.00194439, 0.000226998, 0.00360562, -0.00182785, 0.00125425, 0.000661732, 0.00360562, -0.00182785, 0.00677217, -0.00741391, 4.97239e-05, -0.043107, 0.00360562, -0.00182785, 0.000583449, 0.000441326, 0.00715299, -0.00373525, -0.000390906, -0.042941, 0.0032306, -0.00232647, ]
distance =          0.953643
j_protocol =  [[1, 1, 1, 1, 1, 1, 1, 1, 1, 1, 1, 1, 1, 1, 1, 0, ],]
k_protocol =  [[0, 0, 1, 1, 1, 1, 1, 1, 1, 1, 1, 1, 1, 1, 1, 1, ],]
b_protocol =  [[1, 1, 1, 1, 1, 1, 1, 1, 1, 1, 1, 1, 1, 1, 1, 1, ],]
best_mc_result_fixed_tau =   [0.756907, ]
evolved_state_fixed_tau =   [[0.0032306, -0.00232647, -0.000390906, -0.042941, 0.00360562, -0.00182785, 0.000583449, 0.000441326, 0.00715299, -0.00373525, 0.00125425, 0.000661732, 0.00715299, -0.00373525, 0.0137963, -0.00993034, -0.00184495, -0.086441, 0.00715299, -0.00373525, 0.000583449, 0.000441326, 0.00360562, -0.00182785, -0.000390906, -0.042941, 4.97239e-05, -0.043107, -0.389744, -0.257821, 4.97239e-05, -0.043107, 0.00715299, -0.00373525, -0.00184495, -0.086441, 0.0137963, -0.00993034, -0.00128486, -0.0865872, 0.00360562, -0.00182785, 0.00194439, 0.000226998, 0.00677217, -0.00741391, 0.00987702, -0.0123518, -0.0251136, -0.105597, 0.00677217, -0.00741391, 0.00125425, 0.000661732, 0.0137963, -0.00993034, 0.00204188, 0.000760579, 0.0137963, -0.00993034, 0.0032306, -0.00232647, -0.000390906, -0.042941, 0.00677217, -0.00741391, 4.97239e-05, -0.043107, 0.00715299, -0.00373525, 4.97239e-05, -0.043107, 0.00987702, -0.0123518, 4.97239e-05, -0.043107, -0.0251136, -0.105597, -0.389744, -0.257821, -0.000390906, -0.042941, 0.0137963, -0.00993034, -0.00128486, -0.0865872, 0.0137963, -0.00993034, -0.00184495, -0.086441, -0.000390906, -0.042941, -0.389744, -0.257821, -0.0251136, -0.105597, -0.389744, -0.257821, -0.00184495, -0.086441, 0.00360562, -0.00182785, 4.97239e-05, -0.043107, 0.00677217, -0.00741391, -0.000390906, -0.042941, 0.00715299, -0.00373525, 0.000583449, 0.000441326, 0.00677217, -0.00741391, 0.00194439, 0.000226998, 0.00360562, -0.00182785, 0.00677217, -0.00741391, -0.000390906, -0.042941, 0.0032306, -0.00232647, 0.00204188, 0.000760579, 0.0137963, -0.00993034, 0.00125425, 0.000661732, 0.00715299, -0.00373525, 0.00677217, -0.00741391, -0.0251136, -0.105597, 0.00987702, -0.0123518, 4.97239e-05, -0.043107, 0.0137963, -0.00993034, 0.00194439, 0.000226998, 0.00987702, -0.0123518, 0.00194439, 0.000226998, 0.00360562, -0.00182785, 0.00125425, 0.000661732, 0.00360562, -0.00182785, 0.00677217, -0.00741391, 4.97239e-05, -0.043107, 0.00360562, -0.00182785, 0.000583449, 0.000441326, 0.00715299, -0.00373525, -0.000390906, -0.042941, 0.0032306, -0.00232647, ],]
##############################################################################
clock_duration  =         32.8044
tau =                     0.26
total_steps =             16
time_step =               0.01625
best_mc_result =          0.612154
evolved_target_dot_squared =  0.387846
best_evolved_state = [0.0151865, -0.00508238, 0.0509657, -0.0561876, 0.0168692, 0.00284534, 0.00406836, 0.00904399, 0.0392299, 0.00271948, -0.00863601, 0.0317896, 0.0392299, 0.00271948, 0.0779669, 0.0367294, 0.0982826, -0.12569, 0.0392299, 0.00271948, 0.00406836, 0.00904399, 0.0168692, 0.00284534, 0.0509657, -0.0561876, 0.0511097, -0.0523226, 0.0632267, -0.355916, 0.0511097, -0.0523226, 0.0392299, 0.00271948, 0.0982826, -0.12569, 0.0779669, 0.0367294, 0.097105, -0.118451, 0.0168692, 0.00284534, 0.00393673, 0.0210446, 0.037236, 0.00170388, 0.059055, 0.0267073, 0.154476, -0.0875595, 0.037236, 0.00170388, -0.00863601, 0.0317896, 0.0779669, 0.0367294, -0.0107326, 0.0431511, 0.0779669, 0.0367294, 0.0151865, -0.00508238, 0.0509657, -0.0561876, 0.037236, 0.00170388, 0.0511097, -0.0523226, 0.0392299, 0.00271948, 0.0511097, -0.0523226, 0.059055, 0.0267073, 0.0511097, -0.0523226, 0.154476, -0.0875595, 0.0632267, -0.355916, 0.0509657, -0.0561876, 0.0779669, 0.0367294, 0.097105, -0.118451, 0.0779669, 0.0367294, 0.0982826, -0.12569, 0.0509657, -0.0561876, 0.0632267, -0.355916, 0.154476, -0.0875595, 0.0632267, -0.355916, 0.0982826, -0.12569, 0.0168692, 0.00284534, 0.0511097, -0.0523226, 0.037236, 0.00170388, 0.0509657, -0.0561876, 0.0392299, 0.00271948, 0.00406836, 0.00904399, 0.037236, 0.00170388, 0.00393673, 0.0210446, 0.0168692, 0.00284534, 0.037236, 0.00170388, 0.0509657, -0.0561876, 0.0151865, -0.00508238, -0.0107326, 0.0431511, 0.0779669, 0.0367294, -0.00863601, 0.0317896, 0.0392299, 0.00271948, 0.037236, 0.00170388, 0.154476, -0.0875595, 0.059055, 0.0267073, 0.0511097, -0.0523226, 0.0779669, 0.0367294, 0.00393673, 0.0210446, 0.059055, 0.0267073, 0.00393673, 0.0210446, 0.0168692, 0.00284534, -0.00863601, 0.0317896, 0.0168692, 0.00284534, 0.037236, 0.00170388, 0.0511097, -0.0523226, 0.0168692, 0.00284534, 0.00406836, 0.00904399, 0.0392299, 0.00271948, 0.0509657, -0.0561876, 0.0151865, -0.00508238, ]
distance =          0.771265
j_protocol =  [[1, 1, 1, 1, 1, 1, 1, 1, 1, 1, 1, 1, 1, 1, 1, 0, ],]
k_protocol =  [[0, 1, 1, 1, 1, 1, 1, 1, 1, 1, 1, 1, 1, 1, 1, 1, ],]
b_protocol =  [[1, 1, 1, 1, 1, 1, 1, 1, 1, 1, 1, 1, 1, 1, 1, 1, ],]
best_mc_result_fixed_tau =   [0.612154, ]
evolved_state_fixed_tau =   [[0.0151865, -0.00508238, 0.0509657, -0.0561876, 0.0168692, 0.00284534, 0.00406836, 0.00904399, 0.0392299, 0.00271948, -0.00863601, 0.0317896, 0.0392299, 0.00271948, 0.0779669, 0.0367294, 0.0982826, -0.12569, 0.0392299, 0.00271948, 0.00406836, 0.00904399, 0.0168692, 0.00284534, 0.0509657, -0.0561876, 0.0511097, -0.0523226, 0.0632267, -0.355916, 0.0511097, -0.0523226, 0.0392299, 0.00271948, 0.0982826, -0.12569, 0.0779669, 0.0367294, 0.097105, -0.118451, 0.0168692, 0.00284534, 0.00393673, 0.0210446, 0.037236, 0.00170388, 0.059055, 0.0267073, 0.154476, -0.0875595, 0.037236, 0.00170388, -0.00863601, 0.0317896, 0.0779669, 0.0367294, -0.0107326, 0.0431511, 0.0779669, 0.0367294, 0.0151865, -0.00508238, 0.0509657, -0.0561876, 0.037236, 0.00170388, 0.0511097, -0.0523226, 0.0392299, 0.00271948, 0.0511097, -0.0523226, 0.059055, 0.0267073, 0.0511097, -0.0523226, 0.154476, -0.0875595, 0.0632267, -0.355916, 0.0509657, -0.0561876, 0.0779669, 0.0367294, 0.097105, -0.118451, 0.0779669, 0.0367294, 0.0982826, -0.12569, 0.0509657, -0.0561876, 0.0632267, -0.355916, 0.154476, -0.0875595, 0.0632267, -0.355916, 0.0982826, -0.12569, 0.0168692, 0.00284534, 0.0511097, -0.0523226, 0.037236, 0.00170388, 0.0509657, -0.0561876, 0.0392299, 0.00271948, 0.00406836, 0.00904399, 0.037236, 0.00170388, 0.00393673, 0.0210446, 0.0168692, 0.00284534, 0.037236, 0.00170388, 0.0509657, -0.0561876, 0.0151865, -0.00508238, -0.0107326, 0.0431511, 0.0779669, 0.0367294, -0.00863601, 0.0317896, 0.0392299, 0.00271948, 0.037236, 0.00170388, 0.154476, -0.0875595, 0.059055, 0.0267073, 0.0511097, -0.0523226, 0.0779669, 0.0367294, 0.00393673, 0.0210446, 0.059055, 0.0267073, 0.00393673, 0.0210446, 0.0168692, 0.00284534, -0.00863601, 0.0317896, 0.0168692, 0.00284534, 0.037236, 0.00170388, 0.0511097, -0.0523226, 0.0168692, 0.00284534, 0.00406836, 0.00904399, 0.0392299, 0.00271948, 0.0509657, -0.0561876, 0.0151865, -0.00508238, ],]
##############################################################################
clock_duration  =         49.4939
tau =                     0.299
total_steps =             16
time_step =               0.0186875
best_mc_result =          0.581151
evolved_target_dot_squared =  0.418849
best_evolved_state = [0.0152676, -0.00739388, 0.0556165, -0.0526201, 0.0179352, 0.00309112, 0.00565056, 0.0103791, 0.0430665, 0.00241486, -0.0164247, 0.0362824, 0.0430665, 0.00241486, 0.0812042, 0.050303, 0.107532, -0.121146, 0.0430665, 0.00241486, 0.00565056, 0.0103791, 0.0179352, 0.00309112, 0.0556165, -0.0526201, 0.0552288, -0.0479273, 0.148023, -0.315216, 0.0552288, -0.0479273, 0.0430665, 0.00241486, 0.107532, -0.121146, 0.0812042, 0.050303, 0.105223, -0.112391, 0.0179352, 0.00309112, 0.0029253, 0.0252913, 0.039977, 0.00257147, 0.0602298, 0.0382499, 0.173677, -0.0549049, 0.039977, 0.00257147, -0.0164247, 0.0362824, 0.0812042, 0.050303, -0.0214493, 0.0492928, 0.0812042, 0.050303, 0.0152676, -0.00739388, 0.0556165, -0.0526201, 0.039977, 0.00257147, 0.0552288, -0.0479273, 0.0430665, 0.00241486, 0.0552288, -0.0479273, 0.0602298, 0.0382499, 0.0552288, -0.0479273, 0.173677, -0.0549049, 0.148023, -0.315216, 0.0556165, -0.0526201, 0.0812042, 0.050303, 0.105223, -0.112391, 0.0812042, 0.050303, 0.107532, -0.121146, 0.0556165, -0.0526201, 0.148023, -0.315216, 0.173677, -0.0549049, 0.148023, -0.315216, 0.107532, -0.121146, 0.0179352, 0.00309112, 0.0552288, -0.0479273, 0.039977, 0.00257147, 0.0556165, -0.0526201, 0.0430665, 0.00241486, 0.00565056, 0.0103791, 0.039977, 0.00257147, 0.0029253, 0.0252913, 0.0179352, 0.00309112, 0.039977, 0.00257147, 0.0556165, -0.0526201, 0.0152676, -0.00739388, -0.0214493, 0.0492928, 0.0812042, 0.050303, -0.0164247, 0.0362824, 0.0430665, 0.00241486, 0.039977, 0.00257147, 0.173677, -0.0549049, 0.0602298, 0.0382499, 0.0552288, -0.0479273, 0.0812042, 0.050303, 0.0029253, 0.0252913, 0.0602298, 0.0382499, 0.0029253, 0.0252913, 0.0179352, 0.00309112, -0.0164247, 0.0362824, 0.0179352, 0.00309112, 0.039977, 0.00257147, 0.0552288, -0.0479273, 0.0179352, 0.00309112, 0.00565056, 0.0103791, 0.0430665, 0.00241486, 0.0556165, -0.0526201, 0.0152676, -0.00739388, ]
distance =          0.732204
j_protocol =  [[1, 1, 1, 1, 1, 1, 1, 1, 1, 1, 1, 1, 1, 1, 0, 0, ],]
k_protocol =  [[0, 1, 1, 1, 1, 1, 1, 1, 1, 1, 1, 1, 1, 1, 1, 1, ],]
b_protocol =  [[1, 1, 1, 1, 1, 1, 1, 1, 1, 1, 1, 1, 1, 1, 1, 1, ],]
best_mc_result_fixed_tau =   [0.581151, ]
evolved_state_fixed_tau =   [[0.0152676, -0.00739388, 0.0556165, -0.0526201, 0.0179352, 0.00309112, 0.00565056, 0.0103791, 0.0430665, 0.00241486, -0.0164247, 0.0362824, 0.0430665, 0.00241486, 0.0812042, 0.050303, 0.107532, -0.121146, 0.0430665, 0.00241486, 0.00565056, 0.0103791, 0.0179352, 0.00309112, 0.0556165, -0.0526201, 0.0552288, -0.0479273, 0.148023, -0.315216, 0.0552288, -0.0479273, 0.0430665, 0.00241486, 0.107532, -0.121146, 0.0812042, 0.050303, 0.105223, -0.112391, 0.0179352, 0.00309112, 0.0029253, 0.0252913, 0.039977, 0.00257147, 0.0602298, 0.0382499, 0.173677, -0.0549049, 0.039977, 0.00257147, -0.0164247, 0.0362824, 0.0812042, 0.050303, -0.0214493, 0.0492928, 0.0812042, 0.050303, 0.0152676, -0.00739388, 0.0556165, -0.0526201, 0.039977, 0.00257147, 0.0552288, -0.0479273, 0.0430665, 0.00241486, 0.0552288, -0.0479273, 0.0602298, 0.0382499, 0.0552288, -0.0479273, 0.173677, -0.0549049, 0.148023, -0.315216, 0.0556165, -0.0526201, 0.0812042, 0.050303, 0.105223, -0.112391, 0.0812042, 0.050303, 0.107532, -0.121146, 0.0556165, -0.0526201, 0.148023, -0.315216, 0.173677, -0.0549049, 0.148023, -0.315216, 0.107532, -0.121146, 0.0179352, 0.00309112, 0.0552288, -0.0479273, 0.039977, 0.00257147, 0.0556165, -0.0526201, 0.0430665, 0.00241486, 0.00565056, 0.0103791, 0.039977, 0.00257147, 0.0029253, 0.0252913, 0.0179352, 0.00309112, 0.039977, 0.00257147, 0.0556165, -0.0526201, 0.0152676, -0.00739388, -0.0214493, 0.0492928, 0.0812042, 0.050303, -0.0164247, 0.0362824, 0.0430665, 0.00241486, 0.039977, 0.00257147, 0.173677, -0.0549049, 0.0602298, 0.0382499, 0.0552288, -0.0479273, 0.0812042, 0.050303, 0.0029253, 0.0252913, 0.0602298, 0.0382499, 0.0029253, 0.0252913, 0.0179352, 0.00309112, -0.0164247, 0.0362824, 0.0179352, 0.00309112, 0.039977, 0.00257147, 0.0552288, -0.0479273, 0.0179352, 0.00309112, 0.00565056, 0.0103791, 0.0430665, 0.00241486, 0.0556165, -0.0526201, 0.0152676, -0.00739388, ],]
##############################################################################
clock_duration  =         61.23
tau =                     0.3887
total_steps =             16
time_step =               0.0242937
best_mc_result =          0.537778
evolved_target_dot_squared =  0.462222
best_evolved_state = [0.0131161, -0.00178013, 0.0677973, 0.00383471, 0.0116558, 0.011752, 0.00433692, 0.021412, 0.046642, 0.0241316, -0.065202, 0.051969, 0.046642, 0.0241316, 0.0560501, 0.119393, 0.138966, -0.0210098, 0.046642, 0.0241316, 0.00433692, 0.021412, 0.0116558, 0.011752, 0.0677973, 0.00383471, 0.059031, 0.0112109, 0.302594, -0.056968, 0.059031, 0.0112109, 0.046642, 0.0241316, 0.138966, -0.0210098, 0.0560501, 0.119393, 0.120523, -0.0077595, 0.0116558, 0.011752, -0.020904, 0.0434317, 0.0297727, 0.0287287, 0.0227364, 0.0969219, 0.164908, 0.117874, 0.0297727, 0.0287287, -0.065202, 0.051969, 0.0560501, 0.119393, -0.0906249, 0.069124, 0.0560501, 0.119393, 0.0131161, -0.00178013, 0.0677973, 0.00383471, 0.0297727, 0.0287287, 0.059031, 0.0112109, 0.046642, 0.0241316, 0.059031, 0.0112109, 0.0227364, 0.0969219, 0.059031, 0.0112109, 0.164908, 0.117874, 0.302594, -0.056968, 0.0677973, 0.00383471, 0.0560501, 0.119393, 0.120523, -0.0077595, 0.0560501, 0.119393, 0.138966, -0.0210098, 0.0677973, 0.00383471, 0.302594, -0.056968, 0.164908, 0.117874, 0.302594, -0.056968, 0.138966, -0.0210098, 0.0116558, 0.011752, 0.059031, 0.0112109, 0.0297727, 0.0287287, 0.0677973, 0.00383471, 0.046642, 0.0241316, 0.00433692, 0.021412, 0.0297727, 0.0287287, -0.020904, 0.0434317, 0.0116558, 0.011752, 0.0297727, 0.0287287, 0.0677973, 0.00383471, 0.0131161, -0.00178013, -0.0906249, 0.069124, 0.0560501, 0.119393, -0.065202, 0.051969, 0.046642, 0.0241316, 0.0297727, 0.0287287, 0.164908, 0.117874, 0.0227364, 0.0969219, 0.059031, 0.0112109, 0.0560501, 0.119393, -0.020904, 0.0434317, 0.0227364, 0.0969219, -0.020904, 0.0434317, 0.0116558, 0.011752, -0.065202, 0.051969, 0.0116558, 0.011752, 0.0297727, 0.0287287, 0.059031, 0.0112109, 0.0116558, 0.011752, 0.00433692, 0.021412, 0.046642, 0.0241316, 0.0677973, 0.00383471, 0.0131161, -0.00178013, ]
distance =          0.677557
j_protocol =  [[1, 1, 1, 1, 1, 1, 1, 0, 1, 1, 1, 1, 1, 1, 1, 1, ],]
k_protocol =  [[1, 1, 1, 1, 1, 1, 1, 1, 1, 1, 1, 1, 1, 1, 1, 1, ],]
b_protocol =  [[1, 1, 1, 1, 1, 1, 1, 1, 1, 1, 1, 1, 1, 1, 1, 1, ],]
best_mc_result_fixed_tau =   [0.537778, ]
evolved_state_fixed_tau =   [[0.0131161, -0.00178013, 0.0677973, 0.00383471, 0.0116558, 0.011752, 0.00433692, 0.021412, 0.046642, 0.0241316, -0.065202, 0.051969, 0.046642, 0.0241316, 0.0560501, 0.119393, 0.138966, -0.0210098, 0.046642, 0.0241316, 0.00433692, 0.021412, 0.0116558, 0.011752, 0.0677973, 0.00383471, 0.059031, 0.0112109, 0.302594, -0.056968, 0.059031, 0.0112109, 0.046642, 0.0241316, 0.138966, -0.0210098, 0.0560501, 0.119393, 0.120523, -0.0077595, 0.0116558, 0.011752, -0.020904, 0.0434317, 0.0297727, 0.0287287, 0.0227364, 0.0969219, 0.164908, 0.117874, 0.0297727, 0.0287287, -0.065202, 0.051969, 0.0560501, 0.119393, -0.0906249, 0.069124, 0.0560501, 0.119393, 0.0131161, -0.00178013, 0.0677973, 0.00383471, 0.0297727, 0.0287287, 0.059031, 0.0112109, 0.046642, 0.0241316, 0.059031, 0.0112109, 0.0227364, 0.0969219, 0.059031, 0.0112109, 0.164908, 0.117874, 0.302594, -0.056968, 0.0677973, 0.00383471, 0.0560501, 0.119393, 0.120523, -0.0077595, 0.0560501, 0.119393, 0.138966, -0.0210098, 0.0677973, 0.00383471, 0.302594, -0.056968, 0.164908, 0.117874, 0.302594, -0.056968, 0.138966, -0.0210098, 0.0116558, 0.011752, 0.059031, 0.0112109, 0.0297727, 0.0287287, 0.0677973, 0.00383471, 0.046642, 0.0241316, 0.00433692, 0.021412, 0.0297727, 0.0287287, -0.020904, 0.0434317, 0.0116558, 0.011752, 0.0297727, 0.0287287, 0.0677973, 0.00383471, 0.0131161, -0.00178013, -0.0906249, 0.069124, 0.0560501, 0.119393, -0.065202, 0.051969, 0.046642, 0.0241316, 0.0297727, 0.0287287, 0.164908, 0.117874, 0.0227364, 0.0969219, 0.059031, 0.0112109, 0.0560501, 0.119393, -0.020904, 0.0434317, 0.0227364, 0.0969219, -0.020904, 0.0434317, 0.0116558, 0.011752, -0.065202, 0.051969, 0.0116558, 0.011752, 0.0297727, 0.0287287, 0.059031, 0.0112109, 0.0116558, 0.011752, 0.00433692, 0.021412, 0.046642, 0.0241316, 0.0677973, 0.00383471, 0.0131161, -0.00178013, ],]
##############################################################################
clock_duration  =         70.823
tau =                     0.50531
total_steps =             16
time_step =               0.0315819
best_mc_result =          0.506321
evolved_target_dot_squared =  0.493679
best_evolved_state = [0.00188751, 0.000133127, 0.0384788, 0.0457009, -0.00315671, 0.00920959, 0.0032626, 0.0229953, 0.0278197, 0.0300369, -0.109503, 0.0187695, 0.0278197, 0.0300369, -0.0212864, 0.131486, 0.0890559, 0.0650091, 0.0278197, 0.0300369, 0.0032626, 0.0229953, -0.00315671, 0.00920959, 0.0384788, 0.0457009, 0.0211336, 0.0492259, 0.223459, 0.192506, 0.0211336, 0.0492259, 0.0278197, 0.0300369, 0.0890559, 0.0650091, -0.0212864, 0.131486, 0.0539363, 0.0718552, -0.00315671, 0.00920959, -0.0467886, 0.0334427, -0.00321174, 0.0319933, -0.0580618, 0.0993259, 0.021212, 0.225533, -0.00321174, 0.0319933, -0.109503, 0.0187695, -0.0212864, 0.131486, -0.15426, 0.0199608, -0.0212864, 0.131486, 0.00188751, 0.000133127, 0.0384788, 0.0457009, -0.00321174, 0.0319933, 0.0211336, 0.0492259, 0.0278197, 0.0300369, 0.0211336, 0.0492259, -0.0580618, 0.0993259, 0.0211336, 0.0492259, 0.021212, 0.225533, 0.223459, 0.192506, 0.0384788, 0.0457009, -0.0212864, 0.131486, 0.0539363, 0.0718552, -0.0212864, 0.131486, 0.0890559, 0.0650091, 0.0384788, 0.0457009, 0.223459, 0.192506, 0.021212, 0.225533, 0.223459, 0.192506, 0.0890559, 0.0650091, -0.00315671, 0.00920959, 0.0211336, 0.0492259, -0.00321174, 0.0319933, 0.0384788, 0.0457009, 0.0278197, 0.0300369, 0.0032626, 0.0229953, -0.00321174, 0.0319933, -0.0467886, 0.0334427, -0.00315671, 0.00920959, -0.00321174, 0.0319933, 0.0384788, 0.0457009, 0.00188751, 0.000133127, -0.15426, 0.0199608, -0.0212864, 0.131486, -0.109503, 0.0187695, 0.0278197, 0.0300369, -0.00321174, 0.0319933, 0.021212, 0.225533, -0.0580618, 0.0993259, 0.0211336, 0.0492259, -0.0212864, 0.131486, -0.0467886, 0.0334427, -0.0580618, 0.0993259, -0.0467886, 0.0334427, -0.00315671, 0.00920959, -0.109503, 0.0187695, -0.00315671, 0.00920959, -0.00321174, 0.0319933, 0.0211336, 0.0492259, -0.00315671, 0.00920959, 0.0032626, 0.0229953, 0.0278197, 0.0300369, 0.0384788, 0.0457009, 0.00188751, 0.000133127, ]
distance =          0.637924
j_protocol =  [[1, 1, 1, 1, 0, 0, 1, 1, 1, 1, 1, 1, 1, 1, 1, 1, ],]
k_protocol =  [[1, 1, 1, 1, 1, 1, 1, 1, 1, 1, 1, 1, 1, 1, 1, 1, ],]
b_protocol =  [[1, 1, 1, 1, 1, 1, 1, 1, 1, 1, 1, 1, 1, 1, 1, 1, ],]
best_mc_result_fixed_tau =   [0.506321, ]
evolved_state_fixed_tau =   [[0.00188751, 0.000133127, 0.0384788, 0.0457009, -0.00315671, 0.00920959, 0.0032626, 0.0229953, 0.0278197, 0.0300369, -0.109503, 0.0187695, 0.0278197, 0.0300369, -0.0212864, 0.131486, 0.0890559, 0.0650091, 0.0278197, 0.0300369, 0.0032626, 0.0229953, -0.00315671, 0.00920959, 0.0384788, 0.0457009, 0.0211336, 0.0492259, 0.223459, 0.192506, 0.0211336, 0.0492259, 0.0278197, 0.0300369, 0.0890559, 0.0650091, -0.0212864, 0.131486, 0.0539363, 0.0718552, -0.00315671, 0.00920959, -0.0467886, 0.0334427, -0.00321174, 0.0319933, -0.0580618, 0.0993259, 0.021212, 0.225533, -0.00321174, 0.0319933, -0.109503, 0.0187695, -0.0212864, 0.131486, -0.15426, 0.0199608, -0.0212864, 0.131486, 0.00188751, 0.000133127, 0.0384788, 0.0457009, -0.00321174, 0.0319933, 0.0211336, 0.0492259, 0.0278197, 0.0300369, 0.0211336, 0.0492259, -0.0580618, 0.0993259, 0.0211336, 0.0492259, 0.021212, 0.225533, 0.223459, 0.192506, 0.0384788, 0.0457009, -0.0212864, 0.131486, 0.0539363, 0.0718552, -0.0212864, 0.131486, 0.0890559, 0.0650091, 0.0384788, 0.0457009, 0.223459, 0.192506, 0.021212, 0.225533, 0.223459, 0.192506, 0.0890559, 0.0650091, -0.00315671, 0.00920959, 0.0211336, 0.0492259, -0.00321174, 0.0319933, 0.0384788, 0.0457009, 0.0278197, 0.0300369, 0.0032626, 0.0229953, -0.00321174, 0.0319933, -0.0467886, 0.0334427, -0.00315671, 0.00920959, -0.00321174, 0.0319933, 0.0384788, 0.0457009, 0.00188751, 0.000133127, -0.15426, 0.0199608, -0.0212864, 0.131486, -0.109503, 0.0187695, 0.0278197, 0.0300369, -0.00321174, 0.0319933, 0.021212, 0.225533, -0.0580618, 0.0993259, 0.0211336, 0.0492259, -0.0212864, 0.131486, -0.0467886, 0.0334427, -0.0580618, 0.0993259, -0.0467886, 0.0334427, -0.00315671, 0.00920959, -0.109503, 0.0187695, -0.00315671, 0.00920959, -0.00321174, 0.0319933, 0.0211336, 0.0492259, -0.00315671, 0.00920959, 0.0032626, 0.0229953, 0.0278197, 0.0300369, 0.0384788, 0.0457009, 0.00188751, 0.000133127, ],]
##############################################################################
clock_duration  =         85.2578
tau =                     0.656903
total_steps =             16
time_step =               0.0410564
best_mc_result =          0.458593
evolved_target_dot_squared =  0.541407
best_evolved_state = [-0.0103629, -0.00203292, -0.0182768, 0.0479478, -0.0155941, -0.00788813, 0.00402987, 0.0125252, -0.00291127, 0.0135646, -0.104144, -0.0698151, -0.00291127, 0.0135646, -0.105987, 0.0494038, -0.0220924, 0.0907456, -0.00291127, 0.0135646, 0.00402987, 0.0125252, -0.0155941, -0.00788813, -0.0182768, 0.0479478, -0.0386972, 0.038203, -0.0683244, 0.263932, -0.0386972, 0.038203, -0.00291127, 0.0135646, -0.0220924, 0.0907456, -0.105987, 0.0494038, -0.0668535, 0.076002, -0.0155941, -0.00788813, -0.055302, -0.0143395, -0.0414405, 0.00078367, -0.136857, 0.00803078, -0.199827, 0.154956, -0.0414405, 0.00078367, -0.104144, -0.0698151, -0.105987, 0.0494038, -0.147783, -0.109007, -0.105987, 0.0494038, -0.0103629, -0.00203292, -0.0182768, 0.0479478, -0.0414405, 0.00078367, -0.0386972, 0.038203, -0.00291127, 0.0135646, -0.0386972, 0.038203, -0.136857, 0.00803078, -0.0386972, 0.038203, -0.199827, 0.154956, -0.0683244, 0.263932, -0.0182768, 0.0479478, -0.105987, 0.0494038, -0.0668535, 0.076002, -0.105987, 0.0494038, -0.0220924, 0.0907456, -0.0182768, 0.0479478, -0.0683244, 0.263932, -0.199827, 0.154956, -0.0683244, 0.263932, -0.0220924, 0.0907456, -0.0155941, -0.00788813, -0.0386972, 0.038203, -0.0414405, 0.00078367, -0.0182768, 0.0479478, -0.00291127, 0.0135646, 0.00402987, 0.0125252, -0.0414405, 0.00078367, -0.055302, -0.0143395, -0.0155941, -0.00788813, -0.0414405, 0.00078367, -0.0182768, 0.0479478, -0.0103629, -0.00203292, -0.147783, -0.109007, -0.105987, 0.0494038, -0.104144, -0.0698151, -0.00291127, 0.0135646, -0.0414405, 0.00078367, -0.199827, 0.154956, -0.136857, 0.00803078, -0.0386972, 0.038203, -0.105987, 0.0494038, -0.055302, -0.0143395, -0.136857, 0.00803078, -0.055302, -0.0143395, -0.0155941, -0.00788813, -0.104144, -0.0698151, -0.0155941, -0.00788813, -0.0414405, 0.00078367, -0.0386972, 0.038203, -0.0155941, -0.00788813, 0.00402987, 0.0125252, -0.00291127, 0.0135646, -0.0182768, 0.0479478, -0.0103629, -0.00203292, ]
distance =          0.57779
j_protocol =  [[1, 1, 1, 0, 0, 0, 1, 1, 1, 1, 1, 1, 1, 1, 1, 1, ],]
k_protocol =  [[1, 1, 1, 1, 1, 1, 1, 1, 1, 1, 1, 1, 1, 1, 1, 1, ],]
b_protocol =  [[1, 1, 1, 1, 1, 1, 1, 1, 1, 1, 1, 1, 1, 1, 1, 1, ],]
best_mc_result_fixed_tau =   [0.458593, ]
evolved_state_fixed_tau =   [[-0.0103629, -0.00203292, -0.0182768, 0.0479478, -0.0155941, -0.00788813, 0.00402987, 0.0125252, -0.00291127, 0.0135646, -0.104144, -0.0698151, -0.00291127, 0.0135646, -0.105987, 0.0494038, -0.0220924, 0.0907456, -0.00291127, 0.0135646, 0.00402987, 0.0125252, -0.0155941, -0.00788813, -0.0182768, 0.0479478, -0.0386972, 0.038203, -0.0683244, 0.263932, -0.0386972, 0.038203, -0.00291127, 0.0135646, -0.0220924, 0.0907456, -0.105987, 0.0494038, -0.0668535, 0.076002, -0.0155941, -0.00788813, -0.055302, -0.0143395, -0.0414405, 0.00078367, -0.136857, 0.00803078, -0.199827, 0.154956, -0.0414405, 0.00078367, -0.104144, -0.0698151, -0.105987, 0.0494038, -0.147783, -0.109007, -0.105987, 0.0494038, -0.0103629, -0.00203292, -0.0182768, 0.0479478, -0.0414405, 0.00078367, -0.0386972, 0.038203, -0.00291127, 0.0135646, -0.0386972, 0.038203, -0.136857, 0.00803078, -0.0386972, 0.038203, -0.199827, 0.154956, -0.0683244, 0.263932, -0.0182768, 0.0479478, -0.105987, 0.0494038, -0.0668535, 0.076002, -0.105987, 0.0494038, -0.0220924, 0.0907456, -0.0182768, 0.0479478, -0.0683244, 0.263932, -0.199827, 0.154956, -0.0683244, 0.263932, -0.0220924, 0.0907456, -0.0155941, -0.00788813, -0.0386972, 0.038203, -0.0414405, 0.00078367, -0.0182768, 0.0479478, -0.00291127, 0.0135646, 0.00402987, 0.0125252, -0.0414405, 0.00078367, -0.055302, -0.0143395, -0.0155941, -0.00788813, -0.0414405, 0.00078367, -0.0182768, 0.0479478, -0.0103629, -0.00203292, -0.147783, -0.109007, -0.105987, 0.0494038, -0.104144, -0.0698151, -0.00291127, 0.0135646, -0.0414405, 0.00078367, -0.199827, 0.154956, -0.136857, 0.00803078, -0.0386972, 0.038203, -0.105987, 0.0494038, -0.055302, -0.0143395, -0.136857, 0.00803078, -0.055302, -0.0143395, -0.0155941, -0.00788813, -0.104144, -0.0698151, -0.0155941, -0.00788813, -0.0414405, 0.00078367, -0.0386972, 0.038203, -0.0155941, -0.00788813, 0.00402987, 0.0125252, -0.00291127, 0.0135646, -0.0182768, 0.0479478, -0.0103629, -0.00203292, ],]
##############################################################################
clock_duration  =         94.5656
tau =                     0.853974
total_steps =             16
time_step =               0.0533734
best_mc_result =          0.346216
evolved_target_dot_squared =  0.653784
best_evolved_state = [-0.0090871, -0.00974657, -0.00427021, -0.0181534, 0.00492709, -0.0330706, 0.0399594, -0.00407635, 0.0223537, -0.0338842, 0.0294262, -0.164086, 0.0223537, -0.0338842, -0.0103115, -0.0935731, -0.0408202, -0.0262625, 0.0223537, -0.0338842, 0.0399594, -0.00407635, 0.00492709, -0.0330706, -0.00427021, -0.0181534, -0.0129152, -0.0457013, -0.169535, -0.116833, -0.0129152, -0.0457013, 0.0223537, -0.0338842, -0.0408202, -0.0262625, -0.0103115, -0.0935731, -0.0919734, -0.0705847, 0.00492709, -0.0330706, 0.0149898, -0.06514, -0.0103908, -0.080703, -0.0493677, -0.168283, -0.15437, -0.189462, -0.0103908, -0.080703, 0.0294262, -0.164086, -0.0103115, -0.0935731, 0.0469033, -0.249783, -0.0103115, -0.0935731, -0.0090871, -0.00974657, -0.00427021, -0.0181534, -0.0103908, -0.080703, -0.0129152, -0.0457013, 0.0223537, -0.0338842, -0.0129152, -0.0457013, -0.0493677, -0.168283, -0.0129152, -0.0457013, -0.15437, -0.189462, -0.169535, -0.116833, -0.00427021, -0.0181534, -0.0103115, -0.0935731, -0.0919734, -0.0705847, -0.0103115, -0.0935731, -0.0408202, -0.0262625, -0.00427021, -0.0181534, -0.169535, -0.116833, -0.15437, -0.189462, -0.169535, -0.116833, -0.0408202, -0.0262625, 0.00492709, -0.0330706, -0.0129152, -0.0457013, -0.0103908, -0.080703, -0.00427021, -0.0181534, 0.0223537, -0.0338842, 0.0399594, -0.00407635, -0.0103908, -0.080703, 0.0149898, -0.06514, 0.00492709, -0.0330706, -0.0103908, -0.080703, -0.00427021, -0.0181534, -0.0090871, -0.00974657, 0.0469033, -0.249783, -0.0103115, -0.0935731, 0.0294262, -0.164086, 0.0223537, -0.0338842, -0.0103908, -0.080703, -0.15437, -0.189462, -0.0493677, -0.168283, -0.0129152, -0.0457013, -0.0103115, -0.0935731, 0.0149898, -0.06514, -0.0493677, -0.168283, 0.0149898, -0.06514, 0.00492709, -0.0330706, 0.0294262, -0.164086, 0.00492709, -0.0330706, -0.0103908, -0.080703, -0.0129152, -0.0457013, 0.00492709, -0.0330706, 0.0399594, -0.00407635, 0.0223537, -0.0338842, -0.00427021, -0.0181534, -0.0090871, -0.00974657, ]
distance =          0.436204
j_protocol =  [[1, 1, 1, 0, 1, 0, 1, 1, 1, 1, 1, 1, 1, 1, 1, 1, ],]
k_protocol =  [[1, 1, 1, 1, 1, 1, 1, 1, 1, 1, 1, 1, 1, 1, 1, 1, ],]
b_protocol =  [[1, 1, 1, 1, 1, 1, 1, 1, 1, 1, 1, 1, 1, 1, 1, 1, ],]
best_mc_result_fixed_tau =   [0.346216, ]
evolved_state_fixed_tau =   [[-0.0090871, -0.00974657, -0.00427021, -0.0181534, 0.00492709, -0.0330706, 0.0399594, -0.00407635, 0.0223537, -0.0338842, 0.0294262, -0.164086, 0.0223537, -0.0338842, -0.0103115, -0.0935731, -0.0408202, -0.0262625, 0.0223537, -0.0338842, 0.0399594, -0.00407635, 0.00492709, -0.0330706, -0.00427021, -0.0181534, -0.0129152, -0.0457013, -0.169535, -0.116833, -0.0129152, -0.0457013, 0.0223537, -0.0338842, -0.0408202, -0.0262625, -0.0103115, -0.0935731, -0.0919734, -0.0705847, 0.00492709, -0.0330706, 0.0149898, -0.06514, -0.0103908, -0.080703, -0.0493677, -0.168283, -0.15437, -0.189462, -0.0103908, -0.080703, 0.0294262, -0.164086, -0.0103115, -0.0935731, 0.0469033, -0.249783, -0.0103115, -0.0935731, -0.0090871, -0.00974657, -0.00427021, -0.0181534, -0.0103908, -0.080703, -0.0129152, -0.0457013, 0.0223537, -0.0338842, -0.0129152, -0.0457013, -0.0493677, -0.168283, -0.0129152, -0.0457013, -0.15437, -0.189462, -0.169535, -0.116833, -0.00427021, -0.0181534, -0.0103115, -0.0935731, -0.0919734, -0.0705847, -0.0103115, -0.0935731, -0.0408202, -0.0262625, -0.00427021, -0.0181534, -0.169535, -0.116833, -0.15437, -0.189462, -0.169535, -0.116833, -0.0408202, -0.0262625, 0.00492709, -0.0330706, -0.0129152, -0.0457013, -0.0103908, -0.080703, -0.00427021, -0.0181534, 0.0223537, -0.0338842, 0.0399594, -0.00407635, -0.0103908, -0.080703, 0.0149898, -0.06514, 0.00492709, -0.0330706, -0.0103908, -0.080703, -0.00427021, -0.0181534, -0.0090871, -0.00974657, 0.0469033, -0.249783, -0.0103115, -0.0935731, 0.0294262, -0.164086, 0.0223537, -0.0338842, -0.0103908, -0.080703, -0.15437, -0.189462, -0.0493677, -0.168283, -0.0129152, -0.0457013, -0.0103115, -0.0935731, 0.0149898, -0.06514, -0.0493677, -0.168283, 0.0149898, -0.06514, 0.00492709, -0.0330706, 0.0294262, -0.164086, 0.00492709, -0.0330706, -0.0103908, -0.080703, -0.0129152, -0.0457013, 0.00492709, -0.0330706, 0.0399594, -0.00407635, 0.0223537, -0.0338842, -0.00427021, -0.0181534, -0.0090871, -0.00974657, ],]
##############################################################################
clock_duration  =         103.74
tau =                     0.98207
total_steps =             16
time_step =               0.0613794
best_mc_result =          0.256716
evolved_target_dot_squared =  0.743284
best_evolved_state = [0.0128041, 0.0095182, 0.0544837, 0.00247425, 0.0343258, -0.00348705, 0.0542541, -0.0105327, 0.0576151, -0.0109527, 0.167379, -0.0843071, 0.0576151, -0.0109527, 0.120221, -0.0255614, 0.0462179, -0.00316061, 0.0576151, -0.0109527, 0.0542541, -0.0105327, 0.0343258, -0.00348705, 0.0544837, 0.00247425, 0.0653754, -0.021719, 0.0748555, -0.136343, 0.0653754, -0.021719, 0.0576151, -0.0109527, 0.0462179, -0.00316061, 0.120221, -0.0255614, 0.000804043, -0.0455263, 0.0343258, -0.00348705, 0.0845329, -0.0402775, 0.0513716, -0.0559134, 0.106773, -0.125624, 0.113159, -0.166282, 0.0513716, -0.0559134, 0.167379, -0.0843071, 0.120221, -0.0255614, 0.252968, -0.136726, 0.120221, -0.0255614, 0.0128041, 0.0095182, 0.0544837, 0.00247425, 0.0513716, -0.0559134, 0.0653754, -0.021719, 0.0576151, -0.0109527, 0.0653754, -0.021719, 0.106773, -0.125624, 0.0653754, -0.021719, 0.113159, -0.166282, 0.0748555, -0.136343, 0.0544837, 0.00247425, 0.120221, -0.0255614, 0.000804043, -0.0455263, 0.120221, -0.0255614, 0.0462179, -0.00316061, 0.0544837, 0.00247425, 0.0748555, -0.136343, 0.113159, -0.166282, 0.0748555, -0.136343, 0.0462179, -0.00316061, 0.0343258, -0.00348705, 0.0653754, -0.021719, 0.0513716, -0.0559134, 0.0544837, 0.00247425, 0.0576151, -0.0109527, 0.0542541, -0.0105327, 0.0513716, -0.0559134, 0.0845329, -0.0402775, 0.0343258, -0.00348705, 0.0513716, -0.0559134, 0.0544837, 0.00247425, 0.0128041, 0.0095182, 0.252968, -0.136726, 0.120221, -0.0255614, 0.167379, -0.0843071, 0.0576151, -0.0109527, 0.0513716, -0.0559134, 0.113159, -0.166282, 0.106773, -0.125624, 0.0653754, -0.021719, 0.120221, -0.0255614, 0.0845329, -0.0402775, 0.106773, -0.125624, 0.0845329, -0.0402775, 0.0343258, -0.00348705, 0.167379, -0.0843071, 0.0343258, -0.00348705, 0.0513716, -0.0559134, 0.0653754, -0.021719, 0.0343258, -0.00348705, 0.0542541, -0.0105327, 0.0576151, -0.0109527, 0.0544837, 0.00247425, 0.0128041, 0.0095182, ]
distance =          0.323441
j_protocol =  [[1, 1, 1, 0, 1, 1, 1, 1, 1, 1, 1, 1, 1, 1, 1, 1, ],]
k_protocol =  [[1, 1, 1, 1, 1, 1, 1, 1, 1, 1, 1, 1, 1, 1, 1, 1, ],]
b_protocol =  [[1, 1, 1, 1, 1, 1, 1, 1, 1, 1, 1, 1, 1, 1, 1, 1, ],]
best_mc_result_fixed_tau =   [0.256716, ]
evolved_state_fixed_tau =   [[0.0128041, 0.0095182, 0.0544837, 0.00247425, 0.0343258, -0.00348705, 0.0542541, -0.0105327, 0.0576151, -0.0109527, 0.167379, -0.0843071, 0.0576151, -0.0109527, 0.120221, -0.0255614, 0.0462179, -0.00316061, 0.0576151, -0.0109527, 0.0542541, -0.0105327, 0.0343258, -0.00348705, 0.0544837, 0.00247425, 0.0653754, -0.021719, 0.0748555, -0.136343, 0.0653754, -0.021719, 0.0576151, -0.0109527, 0.0462179, -0.00316061, 0.120221, -0.0255614, 0.000804043, -0.0455263, 0.0343258, -0.00348705, 0.0845329, -0.0402775, 0.0513716, -0.0559134, 0.106773, -0.125624, 0.113159, -0.166282, 0.0513716, -0.0559134, 0.167379, -0.0843071, 0.120221, -0.0255614, 0.252968, -0.136726, 0.120221, -0.0255614, 0.0128041, 0.0095182, 0.0544837, 0.00247425, 0.0513716, -0.0559134, 0.0653754, -0.021719, 0.0576151, -0.0109527, 0.0653754, -0.021719, 0.106773, -0.125624, 0.0653754, -0.021719, 0.113159, -0.166282, 0.0748555, -0.136343, 0.0544837, 0.00247425, 0.120221, -0.0255614, 0.000804043, -0.0455263, 0.120221, -0.0255614, 0.0462179, -0.00316061, 0.0544837, 0.00247425, 0.0748555, -0.136343, 0.113159, -0.166282, 0.0748555, -0.136343, 0.0462179, -0.00316061, 0.0343258, -0.00348705, 0.0653754, -0.021719, 0.0513716, -0.0559134, 0.0544837, 0.00247425, 0.0576151, -0.0109527, 0.0542541, -0.0105327, 0.0513716, -0.0559134, 0.0845329, -0.0402775, 0.0343258, -0.00348705, 0.0513716, -0.0559134, 0.0544837, 0.00247425, 0.0128041, 0.0095182, 0.252968, -0.136726, 0.120221, -0.0255614, 0.167379, -0.0843071, 0.0576151, -0.0109527, 0.0513716, -0.0559134, 0.113159, -0.166282, 0.106773, -0.125624, 0.0653754, -0.021719, 0.120221, -0.0255614, 0.0845329, -0.0402775, 0.106773, -0.125624, 0.0845329, -0.0402775, 0.0343258, -0.00348705, 0.167379, -0.0843071, 0.0343258, -0.00348705, 0.0513716, -0.0559134, 0.0653754, -0.021719, 0.0343258, -0.00348705, 0.0542541, -0.0105327, 0.0576151, -0.0109527, 0.0544837, 0.00247425, 0.0128041, 0.0095182, ],]
##############################################################################
clock_duration  =         113.392
tau =                     1.12938
total_steps =             16
time_step =               0.0705863
best_mc_result =          0.168828
evolved_target_dot_squared =  0.831172
best_evolved_state = [0.0300523, 0.0343805, 0.0590282, 0.0575609, 0.045265, 0.0545162, 0.0487755, -0.000319044, 0.0592434, 0.0317894, 0.137819, 0.0592963, 0.0592434, 0.0317894, 0.131973, 0.098634, 0.0602214, 0.0687007, 0.0592434, 0.0317894, 0.0487755, -0.000319044, 0.045265, 0.0545162, 0.0590282, 0.0575609, 0.0844983, 0.0484452, 0.0916076, 0.00751554, 0.0844983, 0.0484452, 0.0592434, 0.0317894, 0.0602214, 0.0687007, 0.131973, 0.098634, 0.00994453, 0.0504891, 0.045265, 0.0545162, 0.108775, 0.0281898, 0.0721288, 0.0129178, 0.139542, 0.00810395, 0.161258, -0.000209994, 0.0721288, 0.0129178, 0.137819, 0.0592963, 0.131973, 0.098634, 0.235251, 0.0690623, 0.131973, 0.098634, 0.0300523, 0.0343805, 0.0590282, 0.0575609, 0.0721288, 0.0129178, 0.0844983, 0.0484452, 0.0592434, 0.0317894, 0.0844983, 0.0484452, 0.139542, 0.00810395, 0.0844983, 0.0484452, 0.161258, -0.000209994, 0.0916076, 0.00751554, 0.0590282, 0.0575609, 0.131973, 0.098634, 0.00994453, 0.0504891, 0.131973, 0.098634, 0.0602214, 0.0687007, 0.0590282, 0.0575609, 0.0916076, 0.00751554, 0.161258, -0.000209994, 0.0916076, 0.00751554, 0.0602214, 0.0687007, 0.045265, 0.0545162, 0.0844983, 0.0484452, 0.0721288, 0.0129178, 0.0590282, 0.0575609, 0.0592434, 0.0317894, 0.0487755, -0.000319044, 0.0721288, 0.0129178, 0.108775, 0.0281898, 0.045265, 0.0545162, 0.0721288, 0.0129178, 0.0590282, 0.0575609, 0.0300523, 0.0343805, 0.235251, 0.0690623, 0.131973, 0.098634, 0.137819, 0.0592963, 0.0592434, 0.0317894, 0.0721288, 0.0129178, 0.161258, -0.000209994, 0.139542, 0.00810395, 0.0844983, 0.0484452, 0.131973, 0.098634, 0.108775, 0.0281898, 0.139542, 0.00810395, 0.108775, 0.0281898, 0.045265, 0.0545162, 0.137819, 0.0592963, 0.045265, 0.0545162, 0.0721288, 0.0129178, 0.0844983, 0.0484452, 0.045265, 0.0545162, 0.0487755, -0.000319044, 0.0592434, 0.0317894, 0.0590282, 0.0575609, 0.0300523, 0.0343805, ]
distance =          0.212709
j_protocol =  [[1, 1, 1, 0, 1, 1, 1, 1, 1, 1, 1, 1, 1, 1, 1, 1, ],]
k_protocol =  [[1, 1, 1, 1, 1, 1, 1, 1, 1, 1, 1, 1, 1, 0, 1, 1, ],]
b_protocol =  [[1, 1, 1, 1, 1, 1, 1, 1, 1, 1, 1, 1, 1, 1, 1, 1, ],]
best_mc_result_fixed_tau =   [0.168828, ]
evolved_state_fixed_tau =   [[0.0300523, 0.0343805, 0.0590282, 0.0575609, 0.045265, 0.0545162, 0.0487755, -0.000319044, 0.0592434, 0.0317894, 0.137819, 0.0592963, 0.0592434, 0.0317894, 0.131973, 0.098634, 0.0602214, 0.0687007, 0.0592434, 0.0317894, 0.0487755, -0.000319044, 0.045265, 0.0545162, 0.0590282, 0.0575609, 0.0844983, 0.0484452, 0.0916076, 0.00751554, 0.0844983, 0.0484452, 0.0592434, 0.0317894, 0.0602214, 0.0687007, 0.131973, 0.098634, 0.00994453, 0.0504891, 0.045265, 0.0545162, 0.108775, 0.0281898, 0.0721288, 0.0129178, 0.139542, 0.00810395, 0.161258, -0.000209994, 0.0721288, 0.0129178, 0.137819, 0.0592963, 0.131973, 0.098634, 0.235251, 0.0690623, 0.131973, 0.098634, 0.0300523, 0.0343805, 0.0590282, 0.0575609, 0.0721288, 0.0129178, 0.0844983, 0.0484452, 0.0592434, 0.0317894, 0.0844983, 0.0484452, 0.139542, 0.00810395, 0.0844983, 0.0484452, 0.161258, -0.000209994, 0.0916076, 0.00751554, 0.0590282, 0.0575609, 0.131973, 0.098634, 0.00994453, 0.0504891, 0.131973, 0.098634, 0.0602214, 0.0687007, 0.0590282, 0.0575609, 0.0916076, 0.00751554, 0.161258, -0.000209994, 0.0916076, 0.00751554, 0.0602214, 0.0687007, 0.045265, 0.0545162, 0.0844983, 0.0484452, 0.0721288, 0.0129178, 0.0590282, 0.0575609, 0.0592434, 0.0317894, 0.0487755, -0.000319044, 0.0721288, 0.0129178, 0.108775, 0.0281898, 0.045265, 0.0545162, 0.0721288, 0.0129178, 0.0590282, 0.0575609, 0.0300523, 0.0343805, 0.235251, 0.0690623, 0.131973, 0.098634, 0.137819, 0.0592963, 0.0592434, 0.0317894, 0.0721288, 0.0129178, 0.161258, -0.000209994, 0.139542, 0.00810395, 0.0844983, 0.0484452, 0.131973, 0.098634, 0.108775, 0.0281898, 0.139542, 0.00810395, 0.108775, 0.0281898, 0.045265, 0.0545162, 0.137819, 0.0592963, 0.045265, 0.0545162, 0.0721288, 0.0129178, 0.0844983, 0.0484452, 0.045265, 0.0545162, 0.0487755, -0.000319044, 0.0592434, 0.0317894, 0.0590282, 0.0575609, 0.0300523, 0.0343805, ],]
##############################################################################
clock_duration  =         395.013
tau =                     1.29879
total_steps =             128
time_step =               0.0101468
best_mc_result =          0.0956507
evolved_target_dot_squared =  0.904349
best_evolved_state = [0.0225712, 0.0298749, 0.0158389, 0.0796654, 0.0198007, 0.0650435, 0.00527652, 0.00364985, 0.0163511, 0.0486876, 0.0310862, 0.151724, 0.0163511, 0.0486876, 0.0287517, 0.15925, 0.0290858, 0.0989484, 0.0163511, 0.0486876, 0.00527652, 0.00364985, 0.0198007, 0.0650435, 0.0158389, 0.0796654, 0.0393127, 0.0858388, 0.0734001, 0.121482, 0.0393127, 0.0858388, 0.0163511, 0.0486876, 0.0290858, 0.0989484, 0.0287517, 0.15925, -0.0202667, 0.0983133, 0.0198007, 0.0650435, 0.0495396, 0.0727293, 0.0435688, 0.0664143, 0.0939726, 0.104765, 0.118859, 0.11554, 0.0435688, 0.0664143, 0.0310862, 0.151724, 0.0287517, 0.15925, 0.0827786, 0.198799, 0.0287517, 0.15925, 0.0225712, 0.0298749, 0.0158389, 0.0796654, 0.0435688, 0.0664143, 0.0393127, 0.0858388, 0.0163511, 0.0486876, 0.0393127, 0.0858388, 0.0939726, 0.104765, 0.0393127, 0.0858388, 0.118859, 0.11554, 0.0734001, 0.121482, 0.0158389, 0.0796654, 0.0287517, 0.15925, -0.0202667, 0.0983133, 0.0287517, 0.15925, 0.0290858, 0.0989484, 0.0158389, 0.0796654, 0.0734001, 0.121482, 0.118859, 0.11554, 0.0734001, 0.121482, 0.0290858, 0.0989484, 0.0198007, 0.0650435, 0.0393127, 0.0858388, 0.0435688, 0.0664143, 0.0158389, 0.0796654, 0.0163511, 0.0486876, 0.00527652, 0.00364985, 0.0435688, 0.0664143, 0.0495396, 0.0727293, 0.0198007, 0.0650435, 0.0435688, 0.0664143, 0.0158389, 0.0796654, 0.0225712, 0.0298749, 0.0827786, 0.198799, 0.0287517, 0.15925, 0.0310862, 0.151724, 0.0163511, 0.0486876, 0.0435688, 0.0664143, 0.118859, 0.11554, 0.0939726, 0.104765, 0.0393127, 0.0858388, 0.0287517, 0.15925, 0.0495396, 0.0727293, 0.0939726, 0.104765, 0.0495396, 0.0727293, 0.0198007, 0.0650435, 0.0310862, 0.151724, 0.0198007, 0.0650435, 0.0435688, 0.0664143, 0.0393127, 0.0858388, 0.0198007, 0.0650435, 0.00527652, 0.00364985, 0.0163511, 0.0486876, 0.0158389, 0.0796654, 0.0225712, 0.0298749, ]
distance =          0.120512
j_protocol =  [[1, 1, 1, 1, 1, 1, 1, 1, 1, 1, 1, 1, 1, 1, 1, 0, 0, 0, 0, 0, 0, 0, 0, 0, 0, 0, 0, 0, 1, 1, 1, 1, 1, 1, 1, 1, 1, 1, 1, 1, 1, 1, 1, 1, 1, 1, 0, 0, 0, 0, 1, 1, 1, 1, 1, 1, 1, 1, 1, 1, 1, 1, 1, 1, 1, 1, 1, 1, 1, 1, 1, 1, 0, 0, 0, 0, 1, 1, 1, 1, 1, 1, 1, 0, 1, 1, 1, 1, 1, 1, 1, 1, 1, 1, 1, 1, 1, 1, 1, 1, 1, 1, 1, 1, 1, 1, 1, 1, 1, 1, 1, 1, 1, 1, 1, 1, 1, 1, 1, 1, 1, 1, 1, 1, 1, 1, 1, 0, ],]
k_protocol =  [[0, 1, 1, 1, 1, 1, 1, 1, 1, 1, 1, 1, 1, 1, 1, 1, 1, 1, 1, 1, 1, 1, 1, 1, 1, 1, 1, 1, 1, 1, 1, 1, 1, 1, 1, 1, 1, 1, 1, 1, 1, 1, 1, 1, 1, 1, 1, 1, 1, 1, 1, 1, 1, 1, 1, 1, 1, 1, 1, 1, 1, 1, 1, 1, 1, 1, 1, 1, 1, 1, 1, 1, 1, 1, 1, 1, 1, 1, 1, 1, 1, 1, 1, 1, 1, 1, 1, 1, 1, 1, 1, 1, 1, 1, 1, 1, 1, 1, 1, 1, 1, 0, 1, 1, 0, 1, 1, 0, 0, 1, 1, 1, 1, 0, 1, 1, 1, 1, 1, 1, 1, 1, 1, 1, 1, 1, 1, 1, ],]
b_protocol =  [[1, 1, 1, 1, 1, 1, 1, 1, 1, 1, 1, 1, 1, 1, 1, 1, 1, 1, 1, 1, 1, 1, 1, 1, 1, 1, 1, 1, 1, 1, 1, 1, 1, 1, 1, 1, 1, 1, 1, 1, 1, 1, 1, 1, 1, 1, 1, 1, 1, 1, 1, 1, 1, 1, 1, 1, 1, 1, 1, 1, 1, 1, 1, 1, 1, 1, 1, 1, 1, 1, 1, 1, 1, 1, 1, 1, 1, 1, 1, 1, 1, 1, 1, 1, 1, 1, 1, 1, 1, 1, 1, 1, 1, 1, 1, 1, 1, 1, 1, 1, 1, 1, 1, 1, 1, 1, 1, 1, 1, 1, 1, 1, 1, 1, 1, 1, 1, 1, 1, 1, 1, 1, 1, 1, 1, 1, 1, 1, ],]
best_mc_result_fixed_tau =   [0.0956507, ]
evolved_state_fixed_tau =   [[0.0225712, 0.0298749, 0.0158389, 0.0796654, 0.0198007, 0.0650435, 0.00527652, 0.00364985, 0.0163511, 0.0486876, 0.0310862, 0.151724, 0.0163511, 0.0486876, 0.0287517, 0.15925, 0.0290858, 0.0989484, 0.0163511, 0.0486876, 0.00527652, 0.00364985, 0.0198007, 0.0650435, 0.0158389, 0.0796654, 0.0393127, 0.0858388, 0.0734001, 0.121482, 0.0393127, 0.0858388, 0.0163511, 0.0486876, 0.0290858, 0.0989484, 0.0287517, 0.15925, -0.0202667, 0.0983133, 0.0198007, 0.0650435, 0.0495396, 0.0727293, 0.0435688, 0.0664143, 0.0939726, 0.104765, 0.118859, 0.11554, 0.0435688, 0.0664143, 0.0310862, 0.151724, 0.0287517, 0.15925, 0.0827786, 0.198799, 0.0287517, 0.15925, 0.0225712, 0.0298749, 0.0158389, 0.0796654, 0.0435688, 0.0664143, 0.0393127, 0.0858388, 0.0163511, 0.0486876, 0.0393127, 0.0858388, 0.0939726, 0.104765, 0.0393127, 0.0858388, 0.118859, 0.11554, 0.0734001, 0.121482, 0.0158389, 0.0796654, 0.0287517, 0.15925, -0.0202667, 0.0983133, 0.0287517, 0.15925, 0.0290858, 0.0989484, 0.0158389, 0.0796654, 0.0734001, 0.121482, 0.118859, 0.11554, 0.0734001, 0.121482, 0.0290858, 0.0989484, 0.0198007, 0.0650435, 0.0393127, 0.0858388, 0.0435688, 0.0664143, 0.0158389, 0.0796654, 0.0163511, 0.0486876, 0.00527652, 0.00364985, 0.0435688, 0.0664143, 0.0495396, 0.0727293, 0.0198007, 0.0650435, 0.0435688, 0.0664143, 0.0158389, 0.0796654, 0.0225712, 0.0298749, 0.0827786, 0.198799, 0.0287517, 0.15925, 0.0310862, 0.151724, 0.0163511, 0.0486876, 0.0435688, 0.0664143, 0.118859, 0.11554, 0.0939726, 0.104765, 0.0393127, 0.0858388, 0.0287517, 0.15925, 0.0495396, 0.0727293, 0.0939726, 0.104765, 0.0495396, 0.0727293, 0.0198007, 0.0650435, 0.0310862, 0.151724, 0.0198007, 0.0650435, 0.0435688, 0.0664143, 0.0393127, 0.0858388, 0.0198007, 0.0650435, 0.00527652, 0.00364985, 0.0163511, 0.0486876, 0.0158389, 0.0796654, 0.0225712, 0.0298749, ],]
##############################################################################
clock_duration  =         668.899
tau =                     1.36373
total_steps =             128
time_step =               0.0106541
best_mc_result =          0.0810099
evolved_target_dot_squared =  0.91899
best_evolved_state = [0.00848842, 0.0277167, -0.00994481, 0.0852564, -0.000949254, 0.0643697, -0.0114137, 0.00580914, -0.00546328, 0.0513717, -0.0281506, 0.145716, -0.00546328, 0.0513717, -0.0308242, 0.16444, -0.000797178, 0.108325, -0.00546328, 0.0513717, -0.0114137, 0.00580914, -0.000949254, 0.0643697, -0.00994481, 0.0852564, 0.00642349, 0.0962514, 0.0196809, 0.150004, 0.00642349, 0.0962514, -0.00546328, 0.0513717, -0.000797178, 0.108325, -0.0308242, 0.16444, -0.0615461, 0.109884, -0.000949254, 0.0643697, 0.0136442, 0.0841781, 0.0196622, 0.0785108, 0.0466281, 0.125581, 0.0618744, 0.143833, 0.0196622, 0.0785108, -0.0281506, 0.145716, -0.0308242, 0.16444, -0.00485101, 0.192951, -0.0308242, 0.16444, 0.00848842, 0.0277167, -0.00994481, 0.0852564, 0.0196622, 0.0785108, 0.00642349, 0.0962514, -0.00546328, 0.0513717, 0.00642349, 0.0962514, 0.0466281, 0.125581, 0.00642349, 0.0962514, 0.0618744, 0.143833, 0.0196809, 0.150004, -0.00994481, 0.0852564, -0.0308242, 0.16444, -0.0615461, 0.109884, -0.0308242, 0.16444, -0.000797178, 0.108325, -0.00994481, 0.0852564, 0.0196809, 0.150004, 0.0618744, 0.143833, 0.0196809, 0.150004, -0.000797178, 0.108325, -0.000949254, 0.0643697, 0.00642349, 0.0962514, 0.0196622, 0.0785108, -0.00994481, 0.0852564, -0.00546328, 0.0513717, -0.0114137, 0.00580914, 0.0196622, 0.0785108, 0.0136442, 0.0841781, -0.000949254, 0.0643697, 0.0196622, 0.0785108, -0.00994481, 0.0852564, 0.00848842, 0.0277167, -0.00485101, 0.192951, -0.0308242, 0.16444, -0.0281506, 0.145716, -0.00546328, 0.0513717, 0.0196622, 0.0785108, 0.0618744, 0.143833, 0.0466281, 0.125581, 0.00642349, 0.0962514, -0.0308242, 0.16444, 0.0136442, 0.0841781, 0.0466281, 0.125581, 0.0136442, 0.0841781, -0.000949254, 0.0643697, -0.0281506, 0.145716, -0.000949254, 0.0643697, 0.0196622, 0.0785108, 0.00642349, 0.0962514, -0.000949254, 0.0643697, -0.0114137, 0.00580914, -0.00546328, 0.0513717, -0.00994481, 0.0852564, 0.00848842, 0.0277167, ]
distance =          0.102066
j_protocol =  [[1, 1, 1, 1, 1, 1, 1, 1, 1, 1, 1, 1, 1, 0, 0, 0, 0, 0, 0, 0, 0, 0, 1, 1, 1, 1, 1, 1, 0, 0, 0, 0, 0, 0, 0, 1, 1, 1, 1, 1, 1, 1, 1, 1, 1, 1, 1, 1, 1, 1, 1, 1, 1, 1, 1, 1, 1, 1, 1, 1, 0, 0, 0, 0, 0, 0, 1, 1, 1, 1, 1, 1, 1, 1, 1, 0, 0, 0, 1, 1, 1, 1, 1, 1, 1, 1, 1, 1, 1, 1, 1, 1, 1, 1, 1, 1, 1, 1, 1, 1, 1, 1, 1, 1, 1, 1, 1, 1, 1, 1, 1, 1, 1, 1, 1, 1, 1, 1, 1, 1, 1, 1, 1, 1, 1, 1, 1, 0, ],]
k_protocol =  [[0, 1, 1, 1, 1, 1, 1, 1, 1, 1, 1, 1, 1, 1, 1, 1, 1, 1, 1, 1, 1, 1, 1, 1, 1, 1, 1, 1, 1, 1, 1, 1, 1, 1, 1, 1, 1, 1, 1, 1, 1, 1, 1, 1, 1, 1, 1, 1, 1, 1, 1, 1, 1, 1, 1, 1, 1, 1, 1, 1, 1, 1, 1, 1, 1, 1, 1, 1, 1, 1, 1, 1, 1, 1, 1, 1, 1, 1, 1, 1, 1, 1, 1, 1, 1, 1, 1, 1, 1, 1, 1, 1, 1, 1, 1, 1, 1, 1, 1, 1, 1, 1, 1, 1, 1, 1, 1, 0, 1, 1, 1, 0, 0, 0, 0, 1, 1, 1, 1, 1, 1, 1, 1, 1, 1, 1, 1, 1, ],]
b_protocol =  [[1, 1, 1, 1, 1, 1, 1, 1, 1, 1, 1, 1, 1, 1, 1, 1, 1, 1, 1, 1, 1, 1, 1, 1, 1, 1, 1, 1, 1, 1, 1, 1, 1, 1, 1, 1, 1, 1, 1, 1, 1, 1, 1, 1, 1, 1, 1, 1, 1, 1, 1, 1, 1, 1, 1, 1, 1, 1, 1, 1, 1, 1, 1, 1, 1, 1, 1, 1, 1, 1, 1, 1, 1, 1, 1, 1, 1, 1, 1, 1, 1, 1, 1, 1, 1, 1, 1, 1, 1, 1, 1, 1, 1, 1, 1, 1, 1, 1, 1, 1, 1, 1, 1, 1, 1, 1, 1, 1, 1, 1, 1, 1, 1, 1, 1, 1, 1, 1, 1, 1, 1, 1, 1, 1, 1, 1, 1, 1, ],]
best_mc_result_fixed_tau =   [0.0810099, ]
evolved_state_fixed_tau =   [[0.00848842, 0.0277167, -0.00994481, 0.0852564, -0.000949254, 0.0643697, -0.0114137, 0.00580914, -0.00546328, 0.0513717, -0.0281506, 0.145716, -0.00546328, 0.0513717, -0.0308242, 0.16444, -0.000797178, 0.108325, -0.00546328, 0.0513717, -0.0114137, 0.00580914, -0.000949254, 0.0643697, -0.00994481, 0.0852564, 0.00642349, 0.0962514, 0.0196809, 0.150004, 0.00642349, 0.0962514, -0.00546328, 0.0513717, -0.000797178, 0.108325, -0.0308242, 0.16444, -0.0615461, 0.109884, -0.000949254, 0.0643697, 0.0136442, 0.0841781, 0.0196622, 0.0785108, 0.0466281, 0.125581, 0.0618744, 0.143833, 0.0196622, 0.0785108, -0.0281506, 0.145716, -0.0308242, 0.16444, -0.00485101, 0.192951, -0.0308242, 0.16444, 0.00848842, 0.0277167, -0.00994481, 0.0852564, 0.0196622, 0.0785108, 0.00642349, 0.0962514, -0.00546328, 0.0513717, 0.00642349, 0.0962514, 0.0466281, 0.125581, 0.00642349, 0.0962514, 0.0618744, 0.143833, 0.0196809, 0.150004, -0.00994481, 0.0852564, -0.0308242, 0.16444, -0.0615461, 0.109884, -0.0308242, 0.16444, -0.000797178, 0.108325, -0.00994481, 0.0852564, 0.0196809, 0.150004, 0.0618744, 0.143833, 0.0196809, 0.150004, -0.000797178, 0.108325, -0.000949254, 0.0643697, 0.00642349, 0.0962514, 0.0196622, 0.0785108, -0.00994481, 0.0852564, -0.00546328, 0.0513717, -0.0114137, 0.00580914, 0.0196622, 0.0785108, 0.0136442, 0.0841781, -0.000949254, 0.0643697, 0.0196622, 0.0785108, -0.00994481, 0.0852564, 0.00848842, 0.0277167, -0.00485101, 0.192951, -0.0308242, 0.16444, -0.0281506, 0.145716, -0.00546328, 0.0513717, 0.0196622, 0.0785108, 0.0618744, 0.143833, 0.0466281, 0.125581, 0.00642349, 0.0962514, -0.0308242, 0.16444, 0.0136442, 0.0841781, 0.0466281, 0.125581, 0.0136442, 0.0841781, -0.000949254, 0.0643697, -0.0281506, 0.145716, -0.000949254, 0.0643697, 0.0196622, 0.0785108, 0.00642349, 0.0962514, -0.000949254, 0.0643697, -0.0114137, 0.00580914, -0.00546328, 0.0513717, -0.00994481, 0.0852564, 0.00848842, 0.0277167, ],]
##############################################################################
clock_duration  =         953.226
tau =                     1.43191
total_steps =             128
time_step =               0.0111868
best_mc_result =          0.0742391
evolved_target_dot_squared =  0.925761
best_evolved_state = [0.00470375, 0.033828, -0.02624, 0.0793511, -0.0146811, 0.0613187, -0.0160388, 0.001964, -0.0206969, 0.0455055, -0.0681402, 0.131214, -0.0206969, 0.0455055, -0.0667486, 0.152142, -0.0206427, 0.109079, -0.0206969, 0.0455055, -0.0160388, 0.001964, -0.0146811, 0.0613187, -0.02624, 0.0793511, -0.0137911, 0.0952977, -0.0172003, 0.157453, -0.0137911, 0.0952977, -0.0206969, 0.0455055, -0.0206427, 0.109079, -0.0667486, 0.152142, -0.0867405, 0.112558, -0.0146811, 0.0613187, -0.00693941, 0.0815164, -0.00102392, 0.081064, 0.0116157, 0.132675, 0.0209507, 0.152391, -0.00102392, 0.081064, -0.0681402, 0.131214, -0.0667486, 0.152142, -0.0618208, 0.175423, -0.0667486, 0.152142, 0.00470375, 0.033828, -0.02624, 0.0793511, -0.00102392, 0.081064, -0.0137911, 0.0952977, -0.0206969, 0.0455055, -0.0137911, 0.0952977, 0.0116157, 0.132675, -0.0137911, 0.0952977, 0.0209507, 0.152391, -0.0172003, 0.157453, -0.02624, 0.0793511, -0.0667486, 0.152142, -0.0867405, 0.112558, -0.0667486, 0.152142, -0.0206427, 0.109079, -0.02624, 0.0793511, -0.0172003, 0.157453, 0.0209507, 0.152391, -0.0172003, 0.157453, -0.0206427, 0.109079, -0.0146811, 0.0613187, -0.0137911, 0.0952977, -0.00102392, 0.081064, -0.02624, 0.0793511, -0.0206969, 0.0455055, -0.0160388, 0.001964, -0.00102392, 0.081064, -0.00693941, 0.0815164, -0.0146811, 0.0613187, -0.00102392, 0.081064, -0.02624, 0.0793511, 0.00470375, 0.033828, -0.0618208, 0.175423, -0.0667486, 0.152142, -0.0681402, 0.131214, -0.0206969, 0.0455055, -0.00102392, 0.081064, 0.0209507, 0.152391, 0.0116157, 0.132675, -0.0137911, 0.0952977, -0.0667486, 0.152142, -0.00693941, 0.0815164, 0.0116157, 0.132675, -0.00693941, 0.0815164, -0.0146811, 0.0613187, -0.0681402, 0.131214, -0.0146811, 0.0613187, -0.00102392, 0.081064, -0.0137911, 0.0952977, -0.0146811, 0.0613187, -0.0160388, 0.001964, -0.0206969, 0.0455055, -0.02624, 0.0793511, 0.00470375, 0.033828, ]
distance =          0.0935354
j_protocol =  [[1, 1, 1, 1, 1, 1, 1, 1, 0, 0, 0, 0, 1, 1, 1, 1, 1, 1, 0, 0, 0, 0, 0, 0, 0, 0, 0, 0, 0, 0, 1, 1, 1, 1, 1, 1, 1, 1, 1, 1, 1, 1, 1, 1, 1, 1, 1, 1, 1, 1, 0, 0, 0, 0, 0, 0, 0, 0, 1, 1, 1, 1, 1, 1, 1, 1, 1, 1, 1, 1, 1, 1, 1, 1, 1, 1, 1, 1, 1, 1, 0, 0, 0, 0, 0, 0, 1, 1, 1, 1, 1, 1, 1, 1, 1, 1, 1, 1, 1, 1, 1, 1, 1, 1, 1, 1, 1, 1, 1, 1, 1, 1, 1, 1, 1, 1, 1, 1, 1, 1, 1, 1, 1, 1, 1, 1, 1, 1, ],]
k_protocol =  [[0, 0, 1, 1, 1, 1, 1, 1, 1, 1, 1, 1, 1, 1, 1, 1, 1, 1, 1, 1, 1, 1, 1, 1, 1, 1, 1, 1, 1, 1, 1, 1, 1, 1, 1, 1, 1, 1, 1, 1, 1, 1, 1, 1, 1, 1, 1, 1, 1, 1, 1, 1, 1, 1, 1, 1, 1, 1, 1, 1, 1, 1, 1, 1, 1, 1, 1, 1, 1, 1, 1, 1, 1, 1, 1, 1, 1, 1, 1, 1, 1, 1, 1, 1, 1, 1, 1, 1, 1, 1, 1, 1, 1, 1, 1, 1, 1, 1, 1, 1, 1, 1, 1, 1, 0, 0, 0, 0, 0, 0, 1, 1, 1, 1, 1, 1, 1, 1, 1, 1, 1, 1, 1, 1, 1, 1, 1, 1, ],]
b_protocol =  [[1, 1, 1, 1, 1, 1, 1, 1, 1, 1, 1, 1, 1, 1, 1, 1, 1, 1, 1, 1, 1, 1, 1, 1, 1, 1, 1, 1, 1, 1, 1, 1, 1, 1, 1, 1, 1, 1, 1, 1, 1, 1, 1, 1, 1, 1, 1, 1, 1, 1, 1, 1, 1, 1, 1, 1, 1, 1, 1, 1, 1, 1, 1, 1, 1, 1, 1, 1, 1, 1, 1, 1, 1, 1, 1, 1, 1, 1, 1, 1, 1, 1, 1, 1, 1, 1, 1, 1, 1, 1, 1, 1, 1, 1, 1, 1, 1, 1, 1, 1, 1, 1, 1, 1, 1, 1, 1, 1, 1, 1, 1, 1, 1, 1, 1, 1, 1, 1, 1, 1, 1, 1, 1, 1, 1, 1, 1, 1, ],]
best_mc_result_fixed_tau =   [0.0742391, ]
evolved_state_fixed_tau =   [[0.00470375, 0.033828, -0.02624, 0.0793511, -0.0146811, 0.0613187, -0.0160388, 0.001964, -0.0206969, 0.0455055, -0.0681402, 0.131214, -0.0206969, 0.0455055, -0.0667486, 0.152142, -0.0206427, 0.109079, -0.0206969, 0.0455055, -0.0160388, 0.001964, -0.0146811, 0.0613187, -0.02624, 0.0793511, -0.0137911, 0.0952977, -0.0172003, 0.157453, -0.0137911, 0.0952977, -0.0206969, 0.0455055, -0.0206427, 0.109079, -0.0667486, 0.152142, -0.0867405, 0.112558, -0.0146811, 0.0613187, -0.00693941, 0.0815164, -0.00102392, 0.081064, 0.0116157, 0.132675, 0.0209507, 0.152391, -0.00102392, 0.081064, -0.0681402, 0.131214, -0.0667486, 0.152142, -0.0618208, 0.175423, -0.0667486, 0.152142, 0.00470375, 0.033828, -0.02624, 0.0793511, -0.00102392, 0.081064, -0.0137911, 0.0952977, -0.0206969, 0.0455055, -0.0137911, 0.0952977, 0.0116157, 0.132675, -0.0137911, 0.0952977, 0.0209507, 0.152391, -0.0172003, 0.157453, -0.02624, 0.0793511, -0.0667486, 0.152142, -0.0867405, 0.112558, -0.0667486, 0.152142, -0.0206427, 0.109079, -0.02624, 0.0793511, -0.0172003, 0.157453, 0.0209507, 0.152391, -0.0172003, 0.157453, -0.0206427, 0.109079, -0.0146811, 0.0613187, -0.0137911, 0.0952977, -0.00102392, 0.081064, -0.02624, 0.0793511, -0.0206969, 0.0455055, -0.0160388, 0.001964, -0.00102392, 0.081064, -0.00693941, 0.0815164, -0.0146811, 0.0613187, -0.00102392, 0.081064, -0.02624, 0.0793511, 0.00470375, 0.033828, -0.0618208, 0.175423, -0.0667486, 0.152142, -0.0681402, 0.131214, -0.0206969, 0.0455055, -0.00102392, 0.081064, 0.0209507, 0.152391, 0.0116157, 0.132675, -0.0137911, 0.0952977, -0.0667486, 0.152142, -0.00693941, 0.0815164, 0.0116157, 0.132675, -0.00693941, 0.0815164, -0.0146811, 0.0613187, -0.0681402, 0.131214, -0.0146811, 0.0613187, -0.00102392, 0.081064, -0.0137911, 0.0952977, -0.0146811, 0.0613187, -0.0160388, 0.001964, -0.0206969, 0.0455055, -0.02624, 0.0793511, 0.00470375, 0.033828, ],]
##############################################################################
clock_duration  =         1235.2
tau =                     1.50351
total_steps =             128
time_step =               0.0117462
best_mc_result =          0.0649446
evolved_target_dot_squared =  0.935055
best_evolved_state = [-0.0170397, 0.0350556, -0.0620007, 0.0572054, -0.039637, 0.0452063, -0.0225073, -0.00070618, -0.0436742, 0.0311148, -0.114778, 0.0898074, -0.0436742, 0.0311148, -0.132902, 0.104409, -0.0768842, 0.0862759, -0.0436742, 0.0311148, -0.0225073, -0.00070618, -0.039637, 0.0452063, -0.0620007, 0.0572054, -0.0584708, 0.0756998, -0.0991896, 0.122344, -0.0584708, 0.0756998, -0.0436742, 0.0311148, -0.0768842, 0.0862759, -0.132902, 0.104409, -0.14434, 0.069191, -0.039637, 0.0452063, -0.0400575, 0.0651237, -0.0388398, 0.0713491, -0.0485979, 0.116064, -0.0623627, 0.134152, -0.0388398, 0.0713491, -0.114778, 0.0898074, -0.132902, 0.104409, -0.129887, 0.125888, -0.132902, 0.104409, -0.0170397, 0.0350556, -0.0620007, 0.0572054, -0.0388398, 0.0713491, -0.0584708, 0.0756998, -0.0436742, 0.0311148, -0.0584708, 0.0756998, -0.0485979, 0.116064, -0.0584708, 0.0756998, -0.0623627, 0.134152, -0.0991896, 0.122344, -0.0620007, 0.0572054, -0.132902, 0.104409, -0.14434, 0.069191, -0.132902, 0.104409, -0.0768842, 0.0862759, -0.0620007, 0.0572054, -0.0991896, 0.122344, -0.0623627, 0.134152, -0.0991896, 0.122344, -0.0768842, 0.0862759, -0.039637, 0.0452063, -0.0584708, 0.0756998, -0.0388398, 0.0713491, -0.0620007, 0.0572054, -0.0436742, 0.0311148, -0.0225073, -0.00070618, -0.0388398, 0.0713491, -0.0400575, 0.0651237, -0.039637, 0.0452063, -0.0388398, 0.0713491, -0.0620007, 0.0572054, -0.0170397, 0.0350556, -0.129887, 0.125888, -0.132902, 0.104409, -0.114778, 0.0898074, -0.0436742, 0.0311148, -0.0388398, 0.0713491, -0.0623627, 0.134152, -0.0485979, 0.116064, -0.0584708, 0.0756998, -0.132902, 0.104409, -0.0400575, 0.0651237, -0.0485979, 0.116064, -0.0400575, 0.0651237, -0.039637, 0.0452063, -0.114778, 0.0898074, -0.039637, 0.0452063, -0.0388398, 0.0713491, -0.0584708, 0.0756998, -0.039637, 0.0452063, -0.0225073, -0.00070618, -0.0436742, 0.0311148, -0.0620007, 0.0572054, -0.0170397, 0.0350556, ]
distance =          0.0818251
j_protocol =  [[1, 1, 1, 1, 1, 1, 1, 1, 1, 1, 1, 0, 0, 0, 0, 0, 0, 0, 0, 0, 0, 0, 0, 0, 0, 1, 1, 1, 1, 1, 1, 1, 1, 1, 1, 1, 1, 1, 0, 0, 1, 1, 1, 1, 1, 1, 1, 1, 1, 1, 1, 0, 0, 0, 0, 0, 0, 0, 0, 1, 1, 1, 1, 1, 1, 1, 1, 1, 1, 1, 1, 1, 1, 1, 1, 1, 1, 1, 1, 1, 1, 1, 1, 1, 0, 0, 0, 0, 0, 0, 0, 1, 1, 1, 1, 1, 1, 1, 1, 1, 1, 1, 1, 1, 1, 1, 1, 1, 1, 1, 1, 1, 1, 1, 1, 1, 1, 1, 1, 1, 1, 1, 1, 1, 1, 1, 1, 1, ],]
k_protocol =  [[1, 1, 1, 1, 1, 1, 1, 1, 1, 1, 1, 1, 1, 1, 1, 1, 1, 1, 1, 1, 1, 1, 1, 1, 1, 1, 1, 1, 1, 1, 1, 1, 1, 1, 1, 1, 1, 1, 1, 1, 1, 1, 1, 1, 1, 1, 1, 1, 1, 1, 1, 1, 1, 1, 1, 1, 1, 1, 1, 1, 1, 1, 1, 1, 1, 1, 1, 1, 1, 1, 1, 1, 1, 1, 1, 1, 1, 1, 1, 1, 1, 1, 1, 1, 1, 1, 1, 1, 1, 1, 1, 1, 1, 1, 1, 1, 1, 1, 0, 1, 0, 0, 1, 1, 1, 1, 1, 0, 1, 0, 0, 0, 0, 1, 1, 1, 1, 1, 1, 1, 1, 1, 1, 1, 1, 1, 1, 1, ],]
b_protocol =  [[1, 1, 1, 1, 1, 1, 1, 1, 1, 1, 1, 1, 1, 1, 1, 1, 1, 1, 1, 1, 1, 1, 1, 1, 1, 1, 1, 1, 1, 1, 1, 1, 1, 1, 1, 1, 1, 1, 1, 1, 1, 1, 1, 1, 1, 1, 1, 1, 1, 1, 1, 1, 1, 1, 1, 1, 1, 1, 1, 1, 1, 1, 1, 1, 1, 1, 1, 1, 1, 1, 1, 1, 1, 1, 1, 1, 1, 1, 1, 1, 1, 1, 1, 1, 1, 1, 1, 1, 1, 1, 1, 1, 1, 1, 1, 1, 1, 1, 1, 1, 1, 1, 1, 1, 1, 1, 1, 1, 1, 1, 1, 1, 1, 1, 1, 1, 1, 1, 1, 1, 1, 1, 1, 1, 1, 1, 1, 1, ],]
best_mc_result_fixed_tau =   [0.0649446, ]
evolved_state_fixed_tau =   [[-0.0170397, 0.0350556, -0.0620007, 0.0572054, -0.039637, 0.0452063, -0.0225073, -0.00070618, -0.0436742, 0.0311148, -0.114778, 0.0898074, -0.0436742, 0.0311148, -0.132902, 0.104409, -0.0768842, 0.0862759, -0.0436742, 0.0311148, -0.0225073, -0.00070618, -0.039637, 0.0452063, -0.0620007, 0.0572054, -0.0584708, 0.0756998, -0.0991896, 0.122344, -0.0584708, 0.0756998, -0.0436742, 0.0311148, -0.0768842, 0.0862759, -0.132902, 0.104409, -0.14434, 0.069191, -0.039637, 0.0452063, -0.0400575, 0.0651237, -0.0388398, 0.0713491, -0.0485979, 0.116064, -0.0623627, 0.134152, -0.0388398, 0.0713491, -0.114778, 0.0898074, -0.132902, 0.104409, -0.129887, 0.125888, -0.132902, 0.104409, -0.0170397, 0.0350556, -0.0620007, 0.0572054, -0.0388398, 0.0713491, -0.0584708, 0.0756998, -0.0436742, 0.0311148, -0.0584708, 0.0756998, -0.0485979, 0.116064, -0.0584708, 0.0756998, -0.0623627, 0.134152, -0.0991896, 0.122344, -0.0620007, 0.0572054, -0.132902, 0.104409, -0.14434, 0.069191, -0.132902, 0.104409, -0.0768842, 0.0862759, -0.0620007, 0.0572054, -0.0991896, 0.122344, -0.0623627, 0.134152, -0.0991896, 0.122344, -0.0768842, 0.0862759, -0.039637, 0.0452063, -0.0584708, 0.0756998, -0.0388398, 0.0713491, -0.0620007, 0.0572054, -0.0436742, 0.0311148, -0.0225073, -0.00070618, -0.0388398, 0.0713491, -0.0400575, 0.0651237, -0.039637, 0.0452063, -0.0388398, 0.0713491, -0.0620007, 0.0572054, -0.0170397, 0.0350556, -0.129887, 0.125888, -0.132902, 0.104409, -0.114778, 0.0898074, -0.0436742, 0.0311148, -0.0388398, 0.0713491, -0.0623627, 0.134152, -0.0485979, 0.116064, -0.0584708, 0.0756998, -0.132902, 0.104409, -0.0400575, 0.0651237, -0.0485979, 0.116064, -0.0400575, 0.0651237, -0.039637, 0.0452063, -0.114778, 0.0898074, -0.039637, 0.0452063, -0.0388398, 0.0713491, -0.0584708, 0.0756998, -0.039637, 0.0452063, -0.0225073, -0.00070618, -0.0436742, 0.0311148, -0.0620007, 0.0572054, -0.0170397, 0.0350556, ],]
##############################################################################
clock_duration  =         1505.94
tau =                     1.57868
total_steps =             128
time_step =               0.0123335
best_mc_result =          0.05733
evolved_target_dot_squared =  0.94267
best_evolved_state = [-0.0371084, 0.00657551, -0.0790543, 0.0255828, -0.0533303, 0.0189888, -0.0383774, -0.0119563, -0.0627865, 0.00760958, -0.143908, 0.0339576, -0.0627865, 0.00760958, -0.165547, 0.0379171, -0.104998, 0.036848, -0.0627865, 0.00760958, -0.0383774, -0.0119563, -0.0533303, 0.0189888, -0.0790543, 0.0255828, -0.0855474, 0.0396086, -0.141369, 0.0630469, -0.0855474, 0.0396086, -0.0627865, 0.00760958, -0.104998, 0.036848, -0.165547, 0.0379171, -0.173176, 0.0176139, -0.0533303, 0.0189888, -0.0660964, 0.0423692, -0.066639, 0.0444547, -0.0907413, 0.0758067, -0.118921, 0.0750648, -0.066639, 0.0444547, -0.143908, 0.0339576, -0.165547, 0.0379171, -0.178685, 0.0491925, -0.165547, 0.0379171, -0.0371084, 0.00657551, -0.0790543, 0.0255828, -0.066639, 0.0444547, -0.0855474, 0.0396086, -0.0627865, 0.00760958, -0.0855474, 0.0396086, -0.0907413, 0.0758067, -0.0855474, 0.0396086, -0.118921, 0.0750648, -0.141369, 0.0630469, -0.0790543, 0.0255828, -0.165547, 0.0379171, -0.173176, 0.0176139, -0.165547, 0.0379171, -0.104998, 0.036848, -0.0790543, 0.0255828, -0.141369, 0.0630469, -0.118921, 0.0750648, -0.141369, 0.0630469, -0.104998, 0.036848, -0.0533303, 0.0189888, -0.0855474, 0.0396086, -0.066639, 0.0444547, -0.0790543, 0.0255828, -0.0627865, 0.00760958, -0.0383774, -0.0119563, -0.066639, 0.0444547, -0.0660964, 0.0423692, -0.0533303, 0.0189888, -0.066639, 0.0444547, -0.0790543, 0.0255828, -0.0371084, 0.00657551, -0.178685, 0.0491925, -0.165547, 0.0379171, -0.143908, 0.0339576, -0.0627865, 0.00760958, -0.066639, 0.0444547, -0.118921, 0.0750648, -0.0907413, 0.0758067, -0.0855474, 0.0396086, -0.165547, 0.0379171, -0.0660964, 0.0423692, -0.0907413, 0.0758067, -0.0660964, 0.0423692, -0.0533303, 0.0189888, -0.143908, 0.0339576, -0.0533303, 0.0189888, -0.066639, 0.0444547, -0.0855474, 0.0396086, -0.0533303, 0.0189888, -0.0383774, -0.0119563, -0.0627865, 0.00760958, -0.0790543, 0.0255828, -0.0371084, 0.00657551, ]
distance =          0.0722312
j_protocol =  [[1, 1, 1, 1, 1, 1, 1, 0, 0, 0, 0, 0, 0, 0, 0, 0, 1, 1, 1, 1, 1, 1, 1, 1, 1, 0, 0, 0, 0, 0, 0, 0, 0, 0, 0, 0, 1, 1, 1, 1, 1, 1, 1, 1, 1, 1, 1, 1, 1, 1, 1, 1, 1, 1, 1, 1, 1, 1, 1, 0, 0, 0, 0, 0, 0, 0, 0, 0, 1, 1, 1, 1, 1, 1, 1, 1, 1, 1, 1, 1, 1, 1, 1, 1, 1, 1, 1, 1, 1, 1, 1, 1, 1, 1, 1, 1, 0, 0, 1, 1, 1, 1, 1, 1, 1, 1, 1, 1, 1, 1, 1, 1, 1, 1, 1, 1, 1, 1, 1, 1, 1, 1, 1, 1, 1, 1, 1, 0, ],]
k_protocol =  [[0, 1, 1, 1, 1, 1, 1, 1, 1, 1, 1, 1, 1, 1, 1, 1, 1, 1, 1, 1, 1, 1, 1, 1, 1, 1, 1, 1, 1, 1, 1, 1, 1, 1, 1, 1, 1, 1, 1, 1, 1, 1, 1, 1, 1, 1, 1, 1, 1, 1, 1, 1, 1, 1, 1, 1, 1, 1, 1, 1, 1, 1, 1, 1, 1, 1, 1, 1, 1, 1, 1, 1, 1, 1, 1, 1, 1, 1, 1, 1, 1, 1, 1, 1, 1, 1, 1, 1, 1, 1, 1, 1, 1, 1, 1, 1, 1, 1, 1, 1, 1, 1, 1, 1, 1, 1, 1, 1, 0, 0, 0, 0, 1, 1, 0, 0, 0, 0, 0, 1, 1, 1, 1, 1, 1, 1, 1, 1, ],]
b_protocol =  [[1, 1, 1, 1, 1, 1, 1, 1, 1, 1, 1, 1, 1, 1, 1, 1, 1, 1, 1, 1, 1, 1, 1, 1, 1, 1, 1, 1, 1, 1, 1, 1, 1, 1, 1, 1, 1, 1, 1, 1, 1, 1, 1, 1, 1, 1, 1, 1, 1, 1, 1, 1, 1, 1, 1, 1, 1, 1, 1, 1, 1, 1, 1, 1, 1, 1, 1, 1, 1, 1, 1, 1, 1, 1, 1, 1, 1, 1, 1, 1, 1, 1, 1, 1, 1, 1, 1, 1, 1, 1, 1, 1, 1, 1, 1, 1, 1, 1, 1, 1, 1, 1, 1, 1, 1, 1, 1, 1, 1, 1, 1, 1, 1, 1, 1, 1, 1, 1, 1, 1, 1, 1, 1, 1, 1, 1, 1, 1, ],]
best_mc_result_fixed_tau =   [0.05733, ]
evolved_state_fixed_tau =   [[-0.0371084, 0.00657551, -0.0790543, 0.0255828, -0.0533303, 0.0189888, -0.0383774, -0.0119563, -0.0627865, 0.00760958, -0.143908, 0.0339576, -0.0627865, 0.00760958, -0.165547, 0.0379171, -0.104998, 0.036848, -0.0627865, 0.00760958, -0.0383774, -0.0119563, -0.0533303, 0.0189888, -0.0790543, 0.0255828, -0.0855474, 0.0396086, -0.141369, 0.0630469, -0.0855474, 0.0396086, -0.0627865, 0.00760958, -0.104998, 0.036848, -0.165547, 0.0379171, -0.173176, 0.0176139, -0.0533303, 0.0189888, -0.0660964, 0.0423692, -0.066639, 0.0444547, -0.0907413, 0.0758067, -0.118921, 0.0750648, -0.066639, 0.0444547, -0.143908, 0.0339576, -0.165547, 0.0379171, -0.178685, 0.0491925, -0.165547, 0.0379171, -0.0371084, 0.00657551, -0.0790543, 0.0255828, -0.066639, 0.0444547, -0.0855474, 0.0396086, -0.0627865, 0.00760958, -0.0855474, 0.0396086, -0.0907413, 0.0758067, -0.0855474, 0.0396086, -0.118921, 0.0750648, -0.141369, 0.0630469, -0.0790543, 0.0255828, -0.165547, 0.0379171, -0.173176, 0.0176139, -0.165547, 0.0379171, -0.104998, 0.036848, -0.0790543, 0.0255828, -0.141369, 0.0630469, -0.118921, 0.0750648, -0.141369, 0.0630469, -0.104998, 0.036848, -0.0533303, 0.0189888, -0.0855474, 0.0396086, -0.066639, 0.0444547, -0.0790543, 0.0255828, -0.0627865, 0.00760958, -0.0383774, -0.0119563, -0.066639, 0.0444547, -0.0660964, 0.0423692, -0.0533303, 0.0189888, -0.066639, 0.0444547, -0.0790543, 0.0255828, -0.0371084, 0.00657551, -0.178685, 0.0491925, -0.165547, 0.0379171, -0.143908, 0.0339576, -0.0627865, 0.00760958, -0.066639, 0.0444547, -0.118921, 0.0750648, -0.0907413, 0.0758067, -0.0855474, 0.0396086, -0.165547, 0.0379171, -0.0660964, 0.0423692, -0.0907413, 0.0758067, -0.0660964, 0.0423692, -0.0533303, 0.0189888, -0.143908, 0.0339576, -0.0533303, 0.0189888, -0.066639, 0.0444547, -0.0855474, 0.0396086, -0.0533303, 0.0189888, -0.0383774, -0.0119563, -0.0627865, 0.00760958, -0.0790543, 0.0255828, -0.0371084, 0.00657551, ],]
##############################################################################
clock_duration  =         1771.49
tau =                     1.65762
total_steps =             128
time_step =               0.0129501
best_mc_result =          0.0517771
evolved_target_dot_squared =  0.948223
best_evolved_state = [-0.0348719, -0.024532, -0.0768992, -0.0333244, -0.0552061, -0.0325147, -0.0296077, -0.0153026, -0.0530817, -0.0307781, -0.123436, -0.0777197, -0.0530817, -0.0307781, -0.153961, -0.0800782, -0.101967, -0.0547552, -0.0530817, -0.0307781, -0.0296077, -0.0153026, -0.0552061, -0.0325147, -0.0768992, -0.0333244, -0.0885637, -0.0288579, -0.149223, -0.0616459, -0.0885637, -0.0288579, -0.0530817, -0.0307781, -0.101967, -0.0547552, -0.153961, -0.0800782, -0.14142, -0.108871, -0.0552061, -0.0325147, -0.0751606, -0.00296067, -0.0609063, -0.0225067, -0.10447, -0.020601, -0.133396, -0.0416046, -0.0609063, -0.0225067, -0.123436, -0.0777197, -0.153961, -0.0800782, -0.167493, -0.0900113, -0.153961, -0.0800782, -0.0348719, -0.024532, -0.0768992, -0.0333244, -0.0609063, -0.0225067, -0.0885637, -0.0288579, -0.0530817, -0.0307781, -0.0885637, -0.0288579, -0.10447, -0.020601, -0.0885637, -0.0288579, -0.133396, -0.0416046, -0.149223, -0.0616459, -0.0768992, -0.0333244, -0.153961, -0.0800782, -0.14142, -0.108871, -0.153961, -0.0800782, -0.101967, -0.0547552, -0.0768992, -0.0333244, -0.149223, -0.0616459, -0.133396, -0.0416046, -0.149223, -0.0616459, -0.101967, -0.0547552, -0.0552061, -0.0325147, -0.0885637, -0.0288579, -0.0609063, -0.0225067, -0.0768992, -0.0333244, -0.0530817, -0.0307781, -0.0296077, -0.0153026, -0.0609063, -0.0225067, -0.0751606, -0.00296067, -0.0552061, -0.0325147, -0.0609063, -0.0225067, -0.0768992, -0.0333244, -0.0348719, -0.024532, -0.167493, -0.0900113, -0.153961, -0.0800782, -0.123436, -0.0777197, -0.0530817, -0.0307781, -0.0609063, -0.0225067, -0.133396, -0.0416046, -0.10447, -0.020601, -0.0885637, -0.0288579, -0.153961, -0.0800782, -0.0751606, -0.00296067, -0.10447, -0.020601, -0.0751606, -0.00296067, -0.0552061, -0.0325147, -0.123436, -0.0777197, -0.0552061, -0.0325147, -0.0609063, -0.0225067, -0.0885637, -0.0288579, -0.0552061, -0.0325147, -0.0296077, -0.0153026, -0.0530817, -0.0307781, -0.0768992, -0.0333244, -0.0348719, -0.024532, ]
distance =          0.065235
j_protocol =  [[1, 1, 1, 1, 1, 1, 1, 1, 0, 0, 0, 0, 0, 0, 0, 0, 0, 0, 0, 0, 0, 0, 0, 0, 1, 1, 1, 1, 1, 1, 1, 1, 1, 1, 1, 1, 1, 1, 1, 1, 0, 0, 0, 0, 0, 0, 0, 0, 1, 1, 1, 1, 1, 1, 1, 1, 1, 1, 1, 1, 1, 1, 1, 1, 0, 0, 0, 0, 0, 0, 0, 0, 1, 1, 1, 1, 1, 1, 1, 1, 1, 1, 1, 1, 1, 1, 1, 1, 1, 1, 1, 1, 1, 1, 1, 1, 1, 1, 1, 1, 1, 1, 1, 1, 1, 1, 1, 1, 1, 1, 1, 1, 1, 1, 1, 1, 1, 1, 1, 1, 1, 1, 1, 1, 1, 1, 1, 1, ],]
k_protocol =  [[1, 1, 1, 1, 1, 1, 1, 1, 1, 1, 1, 1, 1, 1, 1, 1, 1, 1, 1, 1, 1, 1, 1, 1, 1, 1, 1, 1, 1, 1, 1, 1, 1, 1, 1, 1, 1, 1, 1, 1, 1, 1, 1, 1, 1, 1, 1, 1, 1, 1, 1, 1, 1, 1, 1, 1, 1, 1, 1, 1, 1, 1, 1, 1, 1, 1, 1, 1, 1, 1, 1, 1, 1, 1, 1, 1, 1, 1, 1, 1, 1, 1, 1, 1, 1, 1, 1, 1, 1, 1, 1, 1, 1, 1, 1, 1, 1, 1, 1, 1, 1, 1, 1, 1, 1, 1, 1, 1, 1, 1, 1, 1, 0, 0, 0, 0, 0, 0, 0, 0, 1, 1, 1, 1, 1, 1, 1, 1, ],]
b_protocol =  [[1, 1, 1, 1, 1, 1, 1, 1, 1, 1, 1, 1, 1, 1, 1, 1, 1, 1, 1, 1, 1, 1, 1, 1, 1, 1, 1, 1, 1, 1, 1, 1, 1, 1, 1, 1, 1, 1, 1, 1, 1, 1, 1, 1, 1, 1, 1, 1, 1, 1, 1, 1, 1, 1, 1, 1, 1, 1, 1, 1, 1, 1, 1, 1, 1, 1, 1, 1, 1, 1, 1, 1, 1, 1, 1, 1, 1, 1, 1, 1, 1, 1, 1, 1, 1, 1, 1, 1, 1, 1, 1, 1, 1, 1, 1, 1, 1, 1, 1, 1, 1, 1, 1, 1, 1, 1, 1, 1, 1, 1, 1, 1, 1, 1, 1, 1, 1, 1, 1, 1, 1, 1, 1, 1, 1, 1, 1, 1, ],]
best_mc_result_fixed_tau =   [0.0517771, ]
evolved_state_fixed_tau =   [[-0.0348719, -0.024532, -0.0768992, -0.0333244, -0.0552061, -0.0325147, -0.0296077, -0.0153026, -0.0530817, -0.0307781, -0.123436, -0.0777197, -0.0530817, -0.0307781, -0.153961, -0.0800782, -0.101967, -0.0547552, -0.0530817, -0.0307781, -0.0296077, -0.0153026, -0.0552061, -0.0325147, -0.0768992, -0.0333244, -0.0885637, -0.0288579, -0.149223, -0.0616459, -0.0885637, -0.0288579, -0.0530817, -0.0307781, -0.101967, -0.0547552, -0.153961, -0.0800782, -0.14142, -0.108871, -0.0552061, -0.0325147, -0.0751606, -0.00296067, -0.0609063, -0.0225067, -0.10447, -0.020601, -0.133396, -0.0416046, -0.0609063, -0.0225067, -0.123436, -0.0777197, -0.153961, -0.0800782, -0.167493, -0.0900113, -0.153961, -0.0800782, -0.0348719, -0.024532, -0.0768992, -0.0333244, -0.0609063, -0.0225067, -0.0885637, -0.0288579, -0.0530817, -0.0307781, -0.0885637, -0.0288579, -0.10447, -0.020601, -0.0885637, -0.0288579, -0.133396, -0.0416046, -0.149223, -0.0616459, -0.0768992, -0.0333244, -0.153961, -0.0800782, -0.14142, -0.108871, -0.153961, -0.0800782, -0.101967, -0.0547552, -0.0768992, -0.0333244, -0.149223, -0.0616459, -0.133396, -0.0416046, -0.149223, -0.0616459, -0.101967, -0.0547552, -0.0552061, -0.0325147, -0.0885637, -0.0288579, -0.0609063, -0.0225067, -0.0768992, -0.0333244, -0.0530817, -0.0307781, -0.0296077, -0.0153026, -0.0609063, -0.0225067, -0.0751606, -0.00296067, -0.0552061, -0.0325147, -0.0609063, -0.0225067, -0.0768992, -0.0333244, -0.0348719, -0.024532, -0.167493, -0.0900113, -0.153961, -0.0800782, -0.123436, -0.0777197, -0.0530817, -0.0307781, -0.0609063, -0.0225067, -0.133396, -0.0416046, -0.10447, -0.020601, -0.0885637, -0.0288579, -0.153961, -0.0800782, -0.0751606, -0.00296067, -0.10447, -0.020601, -0.0751606, -0.00296067, -0.0552061, -0.0325147, -0.123436, -0.0777197, -0.0552061, -0.0325147, -0.0609063, -0.0225067, -0.0885637, -0.0288579, -0.0552061, -0.0325147, -0.0296077, -0.0153026, -0.0530817, -0.0307781, -0.0768992, -0.0333244, -0.0348719, -0.024532, ],]
##############################################################################
clock_duration  =         2614.05
tau =                     1.7405
total_steps =             128
time_step =               0.0135977
best_mc_result =          0.0482596
evolved_target_dot_squared =  0.95174
best_evolved_state = [-0.0370774, -0.0237404, -0.0702497, -0.0446567, -0.048567, -0.0381472, -0.0339305, -0.0257752, -0.0551172, -0.0450796, -0.111419, -0.0826707, -0.0551172, -0.0450796, -0.143328, -0.0978338, -0.0985614, -0.06706, -0.0551172, -0.0450796, -0.0339305, -0.0257752, -0.048567, -0.0381472, -0.0702497, -0.0446567, -0.0824915, -0.0402946, -0.136237, -0.0804883, -0.0824915, -0.0402946, -0.0551172, -0.0450796, -0.0985614, -0.06706, -0.143328, -0.0978338, -0.157392, -0.112864, -0.048567, -0.0381472, -0.0664217, -0.0135291, -0.0611725, -0.0287204, -0.0938473, -0.0316605, -0.122923, -0.0668318, -0.0611725, -0.0287204, -0.111419, -0.0826707, -0.143328, -0.0978338, -0.15104, -0.107316, -0.143328, -0.0978338, -0.0370774, -0.0237404, -0.0702497, -0.0446567, -0.0611725, -0.0287204, -0.0824915, -0.0402946, -0.0551172, -0.0450796, -0.0824915, -0.0402946, -0.0938473, -0.0316605, -0.0824915, -0.0402946, -0.122923, -0.0668318, -0.136237, -0.0804883, -0.0702497, -0.0446567, -0.143328, -0.0978338, -0.157392, -0.112864, -0.143328, -0.0978338, -0.0985614, -0.06706, -0.0702497, -0.0446567, -0.136237, -0.0804883, -0.122923, -0.0668318, -0.136237, -0.0804883, -0.0985614, -0.06706, -0.048567, -0.0381472, -0.0824915, -0.0402946, -0.0611725, -0.0287204, -0.0702497, -0.0446567, -0.0551172, -0.0450796, -0.0339305, -0.0257752, -0.0611725, -0.0287204, -0.0664217, -0.0135291, -0.048567, -0.0381472, -0.0611725, -0.0287204, -0.0702497, -0.0446567, -0.0370774, -0.0237404, -0.15104, -0.107316, -0.143328, -0.0978338, -0.111419, -0.0826707, -0.0551172, -0.0450796, -0.0611725, -0.0287204, -0.122923, -0.0668318, -0.0938473, -0.0316605, -0.0824915, -0.0402946, -0.143328, -0.0978338, -0.0664217, -0.0135291, -0.0938473, -0.0316605, -0.0664217, -0.0135291, -0.048567, -0.0381472, -0.111419, -0.0826707, -0.048567, -0.0381472, -0.0611725, -0.0287204, -0.0824915, -0.0402946, -0.048567, -0.0381472, -0.0339305, -0.0257752, -0.0551172, -0.0450796, -0.0702497, -0.0446567, -0.0370774, -0.0237404, ]
distance =          0.0608033
j_protocol =  [[1, 1, 1, 1, 1, 1, 1, 1, 1, 1, 0, 0, 0, 0, 0, 0, 0, 0, 0, 0, 0, 0, 0, 0, 0, 0, 1, 1, 1, 1, 1, 1, 1, 1, 1, 1, 1, 1, 1, 1, 1, 1, 1, 1, 1, 1, 0, 0, 0, 0, 0, 0, 0, 0, 0, 0, 1, 1, 1, 1, 1, 1, 1, 1, 1, 1, 1, 1, 1, 1, 0, 0, 0, 0, 0, 0, 1, 1, 1, 1, 1, 1, 1, 1, 1, 1, 1, 1, 1, 1, 1, 1, 1, 1, 1, 1, 1, 1, 1, 1, 1, 1, 1, 1, 0, 0, 1, 1, 1, 1, 1, 1, 1, 1, 1, 1, 1, 1, 1, 1, 1, 1, 1, 1, 1, 1, 1, 1, ],]
k_protocol =  [[1, 1, 1, 1, 1, 1, 1, 1, 1, 1, 1, 1, 1, 1, 1, 1, 1, 1, 1, 1, 1, 1, 1, 1, 1, 1, 1, 1, 1, 1, 1, 1, 1, 1, 1, 1, 1, 1, 1, 1, 1, 1, 1, 1, 1, 1, 1, 1, 1, 1, 1, 1, 1, 1, 1, 1, 1, 1, 1, 1, 1, 1, 1, 1, 0, 0, 1, 1, 1, 1, 1, 1, 1, 1, 1, 1, 1, 1, 1, 1, 1, 1, 1, 1, 1, 1, 1, 1, 1, 1, 1, 1, 1, 1, 1, 1, 1, 1, 1, 1, 0, 0, 1, 1, 1, 1, 1, 1, 1, 1, 0, 0, 0, 0, 0, 0, 1, 1, 0, 0, 0, 0, 1, 1, 1, 1, 1, 1, ],]
b_protocol =  [[1, 1, 1, 1, 1, 1, 1, 1, 1, 1, 1, 1, 1, 1, 1, 1, 1, 1, 1, 1, 1, 1, 1, 1, 1, 1, 1, 1, 1, 1, 1, 1, 1, 1, 1, 1, 1, 1, 1, 1, 1, 1, 1, 1, 1, 1, 1, 1, 1, 1, 1, 1, 1, 1, 1, 1, 1, 1, 1, 1, 1, 1, 1, 1, 1, 1, 1, 1, 1, 1, 1, 1, 1, 1, 1, 1, 1, 1, 1, 1, 1, 1, 1, 1, 1, 1, 1, 1, 1, 1, 1, 1, 1, 1, 1, 1, 1, 1, 1, 1, 1, 1, 1, 1, 1, 1, 1, 1, 1, 1, 1, 1, 1, 1, 1, 1, 1, 1, 1, 1, 1, 1, 1, 1, 1, 1, 1, 1, ],]
best_mc_result_fixed_tau =   [0.0482596, ]
evolved_state_fixed_tau =   [[-0.0370774, -0.0237404, -0.0702497, -0.0446567, -0.048567, -0.0381472, -0.0339305, -0.0257752, -0.0551172, -0.0450796, -0.111419, -0.0826707, -0.0551172, -0.0450796, -0.143328, -0.0978338, -0.0985614, -0.06706, -0.0551172, -0.0450796, -0.0339305, -0.0257752, -0.048567, -0.0381472, -0.0702497, -0.0446567, -0.0824915, -0.0402946, -0.136237, -0.0804883, -0.0824915, -0.0402946, -0.0551172, -0.0450796, -0.0985614, -0.06706, -0.143328, -0.0978338, -0.157392, -0.112864, -0.048567, -0.0381472, -0.0664217, -0.0135291, -0.0611725, -0.0287204, -0.0938473, -0.0316605, -0.122923, -0.0668318, -0.0611725, -0.0287204, -0.111419, -0.0826707, -0.143328, -0.0978338, -0.15104, -0.107316, -0.143328, -0.0978338, -0.0370774, -0.0237404, -0.0702497, -0.0446567, -0.0611725, -0.0287204, -0.0824915, -0.0402946, -0.0551172, -0.0450796, -0.0824915, -0.0402946, -0.0938473, -0.0316605, -0.0824915, -0.0402946, -0.122923, -0.0668318, -0.136237, -0.0804883, -0.0702497, -0.0446567, -0.143328, -0.0978338, -0.157392, -0.112864, -0.143328, -0.0978338, -0.0985614, -0.06706, -0.0702497, -0.0446567, -0.136237, -0.0804883, -0.122923, -0.0668318, -0.136237, -0.0804883, -0.0985614, -0.06706, -0.048567, -0.0381472, -0.0824915, -0.0402946, -0.0611725, -0.0287204, -0.0702497, -0.0446567, -0.0551172, -0.0450796, -0.0339305, -0.0257752, -0.0611725, -0.0287204, -0.0664217, -0.0135291, -0.048567, -0.0381472, -0.0611725, -0.0287204, -0.0702497, -0.0446567, -0.0370774, -0.0237404, -0.15104, -0.107316, -0.143328, -0.0978338, -0.111419, -0.0826707, -0.0551172, -0.0450796, -0.0611725, -0.0287204, -0.122923, -0.0668318, -0.0938473, -0.0316605, -0.0824915, -0.0402946, -0.143328, -0.0978338, -0.0664217, -0.0135291, -0.0938473, -0.0316605, -0.0664217, -0.0135291, -0.048567, -0.0381472, -0.111419, -0.0826707, -0.048567, -0.0381472, -0.0611725, -0.0287204, -0.0824915, -0.0402946, -0.048567, -0.0381472, -0.0339305, -0.0257752, -0.0551172, -0.0450796, -0.0702497, -0.0446567, -0.0370774, -0.0237404, ],]
##############################################################################
clock_duration  =         3449.16
tau =                     1.82752
total_steps =             128
time_step =               0.0142775
best_mc_result =          0.0430146
evolved_target_dot_squared =  0.956985
best_evolved_state = [-0.028192, -0.0346603, -0.0472689, -0.0674328, -0.030841, -0.0514136, -0.0223393, -0.0342745, -0.0379553, -0.062334, -0.0766919, -0.113378, -0.0379553, -0.062334, -0.0942095, -0.143807, -0.0715272, -0.0992065, -0.0379553, -0.062334, -0.0223393, -0.0342745, -0.030841, -0.0514136, -0.0472689, -0.0674328, -0.0612984, -0.0681224, -0.106866, -0.115827, -0.0612984, -0.0681224, -0.0379553, -0.062334, -0.0715272, -0.0992065, -0.0942095, -0.143807, -0.111006, -0.147386, -0.030841, -0.0514136, -0.0510696, -0.0370383, -0.051971, -0.050954, -0.0790758, -0.0628966, -0.100216, -0.108593, -0.051971, -0.050954, -0.0766919, -0.113378, -0.0942095, -0.143807, -0.103359, -0.151681, -0.0942095, -0.143807, -0.028192, -0.0346603, -0.0472689, -0.0674328, -0.051971, -0.050954, -0.0612984, -0.0681224, -0.0379553, -0.062334, -0.0612984, -0.0681224, -0.0790758, -0.0628966, -0.0612984, -0.0681224, -0.100216, -0.108593, -0.106866, -0.115827, -0.0472689, -0.0674328, -0.0942095, -0.143807, -0.111006, -0.147386, -0.0942095, -0.143807, -0.0715272, -0.0992065, -0.0472689, -0.0674328, -0.106866, -0.115827, -0.100216, -0.108593, -0.106866, -0.115827, -0.0715272, -0.0992065, -0.030841, -0.0514136, -0.0612984, -0.0681224, -0.051971, -0.050954, -0.0472689, -0.0674328, -0.0379553, -0.062334, -0.0223393, -0.0342745, -0.051971, -0.050954, -0.0510696, -0.0370383, -0.030841, -0.0514136, -0.051971, -0.050954, -0.0472689, -0.0674328, -0.028192, -0.0346603, -0.103359, -0.151681, -0.0942095, -0.143807, -0.0766919, -0.113378, -0.0379553, -0.062334, -0.051971, -0.050954, -0.100216, -0.108593, -0.0790758, -0.0628966, -0.0612984, -0.0681224, -0.0942095, -0.143807, -0.0510696, -0.0370383, -0.0790758, -0.0628966, -0.0510696, -0.0370383, -0.030841, -0.0514136, -0.0766919, -0.113378, -0.030841, -0.0514136, -0.051971, -0.050954, -0.0612984, -0.0681224, -0.030841, -0.0514136, -0.0223393, -0.0342745, -0.0379553, -0.062334, -0.0472689, -0.0674328, -0.028192, -0.0346603, ]
distance =          0.054195
j_protocol =  [[1, 1, 1, 0, 0, 0, 0, 1, 1, 1, 1, 1, 1, 1, 0, 0, 0, 0, 0, 0, 0, 0, 0, 0, 0, 0, 0, 0, 0, 1, 1, 1, 1, 1, 1, 1, 1, 1, 1, 1, 1, 1, 1, 1, 1, 1, 0, 0, 0, 0, 0, 0, 0, 0, 0, 1, 1, 1, 1, 1, 1, 1, 1, 1, 1, 1, 1, 1, 1, 1, 0, 0, 0, 0, 0, 1, 1, 1, 1, 1, 1, 1, 1, 1, 1, 1, 1, 1, 1, 1, 1, 1, 1, 1, 1, 1, 1, 1, 1, 1, 1, 1, 1, 1, 1, 1, 1, 1, 1, 1, 1, 1, 1, 1, 1, 1, 1, 1, 1, 1, 1, 1, 0, 0, 0, 0, 0, 0, ],]
k_protocol =  [[1, 1, 1, 1, 1, 1, 1, 1, 1, 1, 1, 1, 1, 1, 1, 1, 1, 1, 1, 1, 1, 1, 1, 1, 1, 1, 1, 1, 1, 1, 1, 1, 1, 1, 1, 1, 1, 1, 1, 1, 1, 1, 1, 1, 1, 1, 1, 1, 1, 1, 1, 1, 1, 1, 1, 1, 1, 1, 1, 1, 1, 1, 1, 1, 1, 1, 1, 1, 1, 1, 1, 1, 1, 1, 1, 1, 1, 1, 1, 1, 1, 1, 1, 1, 1, 1, 1, 1, 1, 1, 1, 1, 1, 1, 1, 1, 1, 1, 1, 1, 1, 1, 1, 1, 1, 0, 1, 1, 0, 0, 0, 0, 0, 0, 1, 0, 0, 0, 1, 1, 1, 1, 1, 0, 0, 0, 0, 1, ],]
b_protocol =  [[1, 1, 1, 1, 1, 1, 1, 1, 1, 1, 1, 1, 1, 1, 1, 1, 1, 1, 1, 1, 1, 1, 1, 1, 1, 1, 1, 1, 1, 1, 1, 1, 1, 1, 1, 1, 1, 1, 1, 1, 1, 1, 1, 1, 1, 1, 1, 1, 1, 1, 1, 1, 1, 1, 1, 1, 1, 1, 1, 1, 1, 1, 1, 1, 1, 1, 1, 1, 1, 1, 1, 1, 1, 1, 1, 1, 1, 1, 1, 1, 1, 1, 1, 1, 1, 1, 1, 1, 1, 1, 1, 1, 1, 1, 1, 1, 1, 1, 1, 1, 1, 1, 1, 1, 1, 1, 1, 1, 1, 1, 1, 1, 1, 1, 1, 1, 1, 1, 1, 1, 1, 1, 1, 1, 1, 1, 1, 1, ],]
best_mc_result_fixed_tau =   [0.0430146, ]
evolved_state_fixed_tau =   [[-0.028192, -0.0346603, -0.0472689, -0.0674328, -0.030841, -0.0514136, -0.0223393, -0.0342745, -0.0379553, -0.062334, -0.0766919, -0.113378, -0.0379553, -0.062334, -0.0942095, -0.143807, -0.0715272, -0.0992065, -0.0379553, -0.062334, -0.0223393, -0.0342745, -0.030841, -0.0514136, -0.0472689, -0.0674328, -0.0612984, -0.0681224, -0.106866, -0.115827, -0.0612984, -0.0681224, -0.0379553, -0.062334, -0.0715272, -0.0992065, -0.0942095, -0.143807, -0.111006, -0.147386, -0.030841, -0.0514136, -0.0510696, -0.0370383, -0.051971, -0.050954, -0.0790758, -0.0628966, -0.100216, -0.108593, -0.051971, -0.050954, -0.0766919, -0.113378, -0.0942095, -0.143807, -0.103359, -0.151681, -0.0942095, -0.143807, -0.028192, -0.0346603, -0.0472689, -0.0674328, -0.051971, -0.050954, -0.0612984, -0.0681224, -0.0379553, -0.062334, -0.0612984, -0.0681224, -0.0790758, -0.0628966, -0.0612984, -0.0681224, -0.100216, -0.108593, -0.106866, -0.115827, -0.0472689, -0.0674328, -0.0942095, -0.143807, -0.111006, -0.147386, -0.0942095, -0.143807, -0.0715272, -0.0992065, -0.0472689, -0.0674328, -0.106866, -0.115827, -0.100216, -0.108593, -0.106866, -0.115827, -0.0715272, -0.0992065, -0.030841, -0.0514136, -0.0612984, -0.0681224, -0.051971, -0.050954, -0.0472689, -0.0674328, -0.0379553, -0.062334, -0.0223393, -0.0342745, -0.051971, -0.050954, -0.0510696, -0.0370383, -0.030841, -0.0514136, -0.051971, -0.050954, -0.0472689, -0.0674328, -0.028192, -0.0346603, -0.103359, -0.151681, -0.0942095, -0.143807, -0.0766919, -0.113378, -0.0379553, -0.062334, -0.051971, -0.050954, -0.100216, -0.108593, -0.0790758, -0.0628966, -0.0612984, -0.0681224, -0.0942095, -0.143807, -0.0510696, -0.0370383, -0.0790758, -0.0628966, -0.0510696, -0.0370383, -0.030841, -0.0514136, -0.0766919, -0.113378, -0.030841, -0.0514136, -0.051971, -0.050954, -0.0612984, -0.0681224, -0.030841, -0.0514136, -0.0223393, -0.0342745, -0.0379553, -0.062334, -0.0472689, -0.0674328, -0.028192, -0.0346603, ],]
