START_PARAMETERS
MAX_STEPS_MCDB =               32
MIN_STEPS_MCDB =               4
STEPS_CRUNCH_MCDB =            1
SWEEPS_MCDB =                  100
TOTAL_STEP_CHANGES =                  6
MCBB_SECONDARY =                  1
SWEEPS_MCBB_SECONDARY =                  250
NUMBER_OF_BANGS =                  7
GROUND_E =                -5.56033
INITIAL_E =               -5.20111
j_initial =               0.929
k_initial =               0.062
b_initial =               0
j_target =                0.674
k_target =                0.5
b_target =                0
init_target_dot_squared = 0.89993
init_state = [0.0425761, 0, 0.0899857, 0, 0.0654965, 0, 0.0398979, 0, 0.070208, 0, 0.11534, 0, 0.070208, 0, 0.138594, 0, 0.119357, 0, 0.070208, 0, 0.0398979, 0, 0.0654965, 0, 0.0899857, 0, 0.103646, 0, 0.181234, 0, 0.103646, 0, 0.070208, 0, 0.119357, 0, 0.138594, 0, 0.140284, 0, 0.0654965, 0, 0.087935, 0, 0.0900055, 0, 0.131853, 0, 0.172823, 0, 0.0900055, 0, 0.11534, 0, 0.138594, 0, 0.145868, 0, 0.138594, 0, 0.0425761, 0, 0.0899857, 0, 0.0900055, 0, 0.103646, 0, 0.070208, 0, 0.103646, 0, 0.131853, 0, 0.103646, 0, 0.172823, 0, 0.181234, 0, 0.0899857, 0, 0.138594, 0, 0.140284, 0, 0.138594, 0, 0.119357, 0, 0.0899857, 0, 0.181234, 0, 0.172823, 0, 0.181234, 0, 0.119357, 0, 0.0654965, 0, 0.103646, 0, 0.0900055, 0, 0.0899857, 0, 0.070208, 0, 0.0398979, 0, 0.0900055, 0, 0.087935, 0, 0.0654965, 0, 0.0900055, 0, 0.0899857, 0, 0.0425761, 0, 0.145868, 0, 0.138594, 0, 0.11534, 0, 0.070208, 0, 0.0900055, 0, 0.172823, 0, 0.131853, 0, 0.103646, 0, 0.138594, 0, 0.087935, 0, 0.131853, 0, 0.087935, 0, 0.0654965, 0, 0.11534, 0, 0.0654965, 0, 0.0900055, 0, 0.103646, 0, 0.0654965, 0, 0.0398979, 0, 0.070208, 0, 0.0899857, 0, 0.0425761, 0, ]
target_state = [0.0183738, 0, 0.0670926, 0, 0.0316422, 0, 0.0123473, 0, 0.0376081, 0, 0.0991769, 0, 0.0376081, 0, 0.124371, 0, 0.108237, 0, 0.0376081, 0, 0.0123473, 0, 0.0316422, 0, 0.0670926, 0, 0.0792021, 0, 0.284484, 0, 0.0792021, 0, 0.0376081, 0, 0.108237, 0, 0.124371, 0, 0.129271, 0, 0.0316422, 0, 0.0501676, 0, 0.0570184, 0, 0.118274, 0, 0.221168, 0, 0.0570184, 0, 0.0991769, 0, 0.124371, 0, 0.137354, 0, 0.124371, 0, 0.0183738, 0, 0.0670926, 0, 0.0570184, 0, 0.0792021, 0, 0.0376081, 0, 0.0792021, 0, 0.118274, 0, 0.0792021, 0, 0.221168, 0, 0.284484, 0, 0.0670926, 0, 0.124371, 0, 0.129271, 0, 0.124371, 0, 0.108237, 0, 0.0670926, 0, 0.284484, 0, 0.221168, 0, 0.284484, 0, 0.108237, 0, 0.0316422, 0, 0.0792021, 0, 0.0570184, 0, 0.0670926, 0, 0.0376081, 0, 0.0123473, 0, 0.0570184, 0, 0.0501676, 0, 0.0316422, 0, 0.0570184, 0, 0.0670926, 0, 0.0183738, 0, 0.137354, 0, 0.124371, 0, 0.0991769, 0, 0.0376081, 0, 0.0570184, 0, 0.221168, 0, 0.118274, 0, 0.0792021, 0, 0.124371, 0, 0.0501676, 0, 0.118274, 0, 0.0501676, 0, 0.0316422, 0, 0.0991769, 0, 0.0316422, 0, 0.0570184, 0, 0.0792021, 0, 0.0316422, 0, 0.0123473, 0, 0.0376081, 0, 0.0670926, 0, 0.0183738, 0, ]
USE_ENERGY_DISTANCE =     false
PERIODIC =                false
UNIFORM_SITES =           true
DEVICE_DIMENSION =        2
MAX_PARAM =               1
MIN_PARAM =               0
MIN_PARAM =               0
DIAG =                    true
NUM_SEEDS =               2
NUMBER_OF_BANGS =               7
DISTANCE_LIMIT =          0.02
TAU_INIT =                0.4
MAX_TAU =                 5
TAU_SCALAR =              1.2
TAU_SCALAR_TINY =         1.1
TAU_SCALAR_BIG =          1.4
ACCEPTANCE_PROB =         0.85
TEMP_EXP_DECAY =          0.8
MIN_TEMP_FRACTION =       0.01
TEMP_DECAY_ITERATIONS =   21
ZERO_TEMP_ITREATIONS =    15
RANDOM_STATES =           3
END_PARAMETERS
##############################################################################
clock_duration  =         458.984
tau =                     0.4
total_steps =             32
time_step =               0.0125
best_mc_result =          0.0350858
best_mc_result_non_secondary =          0.0353838
evolved_target_dot_squared =  0.964914
distance =          0.350611
j_protocol =  [[1, 1, 1, 1, 1, 1, 1, 1, 1, 1, 1, 1, 1, 1, 1, 1, 1, 1, 1, 1, 1, 1, 1, 1, 1, 1, 1, 1, 1, 1, 1, 1, ],[1, 1, 1, 1, 1, 1, 1, 1, 1, 1, 1, 1, 1, 1, 1, 1, 1, 1, 1, 1, 1, 1, 1, 1, 1, 1, 1, 1, 1, 1, 1, 1, ],]
k_protocol =  [[1, 1, 1, 1, 1, 1, 0, 0, 0, 0, 0, 0, 0, 0, 0, 0, 1, 1, 0, 0, 1, 1, 1, 1, 1, 1, 0, 0, 0, 0, 0, 0, ],[1, 1, 1, 1, 1, 0, 0, 0, 0, 0, 0, 0, 0, 0, 0, 1, 1, 1, 0, 1, 0, 1, 1, 1, 1, 0, 0, 0, 0, 0, 0, 0, ],]
j_protocol_secondary =  [0.00297647, 0.0220511, 0.0220511, 0.0776548, 0.0776548, 0.0987967, 0.0987967, 0.336131, 0.336131, 0.385665, 0.385665, 0.398929, 0.398929, 0.4, ]
k_protocol_secondary =  [0, 0.0275946, 0.0275946, 0.0680365, 0.201783, 0.222313, 0.232347, 0.235637, 0.235637, 0.257969, 0.257969, 0.305843, 0.337279, 0.337279, ]
best_evolved_state = [-0.0257751, 0.00227787, -0.0611053, 0.0239607, -0.03888, 0.0254967, -0.00957311, 0.0154792, -0.0380453, 0.0198122, -0.121109, 0.0642458, -0.0380453, 0.0198122, -0.12984, 0.0370401, -0.104115, 0.0118023, -0.0380453, 0.0198122, -0.00957311, 0.0154792, -0.03888, 0.0254967, -0.0611053, 0.0239607, -0.0781108, 0.0235081, -0.232211, 0.0524496, -0.0781108, 0.0235081, -0.0380453, 0.0198122, -0.104115, 0.0118023, -0.12984, 0.0370401, -0.128169, 0.00542269, -0.03888, 0.0254967, -0.0521061, 0.0352138, -0.0619468, 0.0138781, -0.129344, 0.0388844, -0.20767, 0.0319678, -0.0619468, 0.0138781, -0.121109, 0.0642458, -0.12984, 0.0370401, -0.14955, 0.0685178, -0.12984, 0.0370401, -0.0257751, 0.00227787, -0.0611053, 0.0239607, -0.0619468, 0.0138781, -0.0781108, 0.0235081, -0.0380453, 0.0198122, -0.0781108, 0.0235081, -0.129344, 0.0388844, -0.0781108, 0.0235081, -0.20767, 0.0319678, -0.232211, 0.0524496, -0.0611053, 0.0239607, -0.12984, 0.0370401, -0.128169, 0.00542269, -0.12984, 0.0370401, -0.104115, 0.0118023, -0.0611053, 0.0239607, -0.232211, 0.0524496, -0.20767, 0.0319678, -0.232211, 0.0524496, -0.104115, 0.0118023, -0.03888, 0.0254967, -0.0781108, 0.0235081, -0.0619468, 0.0138781, -0.0611053, 0.0239607, -0.0380453, 0.0198122, -0.00957311, 0.0154792, -0.0619468, 0.0138781, -0.0521061, 0.0352138, -0.03888, 0.0254967, -0.0619468, 0.0138781, -0.0611053, 0.0239607, -0.0257751, 0.00227787, -0.14955, 0.0685178, -0.12984, 0.0370401, -0.121109, 0.0642458, -0.0380453, 0.0198122, -0.0619468, 0.0138781, -0.20767, 0.0319678, -0.129344, 0.0388844, -0.0781108, 0.0235081, -0.12984, 0.0370401, -0.0521061, 0.0352138, -0.129344, 0.0388844, -0.0521061, 0.0352138, -0.03888, 0.0254967, -0.121109, 0.0642458, -0.03888, 0.0254967, -0.0619468, 0.0138781, -0.0781108, 0.0235081, -0.03888, 0.0254967, -0.00957311, 0.0154792, -0.0380453, 0.0198122, -0.0611053, 0.0239607, -0.0257751, 0.00227787, ]
best_mc_result_fixed_tau =   [0.0356743, 0.0353838, ]
evolved_state_fixed_tau =   [[-0.0260027, 0.00224182, -0.0604571, 0.0212696, -0.0382087, 0.0248332, -0.00844522, 0.0148362, -0.0370242, 0.0185081, -0.124709, 0.0587186, -0.0370242, 0.0185081, -0.130766, 0.0309581, -0.104236, 0.00748326, -0.0370242, 0.0185081, -0.00844522, 0.0148362, -0.0382087, 0.0248332, -0.0604571, 0.0212696, -0.0777495, 0.0203828, -0.237594, 0.0354694, -0.0777495, 0.0203828, -0.0370242, 0.0185081, -0.104236, 0.00748326, -0.130766, 0.0309581, -0.128599, -1.79353e-05, -0.0382087, 0.0248332, -0.051263, 0.0332822, -0.0615288, 0.0120243, -0.130715, 0.0334026, -0.211018, 0.0191893, -0.0615288, 0.0120243, -0.124709, 0.0587186, -0.130766, 0.0309581, -0.153216, 0.0610455, -0.130766, 0.0309581, -0.0260027, 0.00224182, -0.0604571, 0.0212696, -0.0615288, 0.0120243, -0.0777495, 0.0203828, -0.0370242, 0.0185081, -0.0777495, 0.0203828, -0.130715, 0.0334026, -0.0777495, 0.0203828, -0.211018, 0.0191893, -0.237594, 0.0354694, -0.0604571, 0.0212696, -0.130766, 0.0309581, -0.128599, -1.79353e-05, -0.130766, 0.0309581, -0.104236, 0.00748326, -0.0604571, 0.0212696, -0.237594, 0.0354694, -0.211018, 0.0191893, -0.237594, 0.0354694, -0.104236, 0.00748326, -0.0382087, 0.0248332, -0.0777495, 0.0203828, -0.0615288, 0.0120243, -0.0604571, 0.0212696, -0.0370242, 0.0185081, -0.00844522, 0.0148362, -0.0615288, 0.0120243, -0.051263, 0.0332822, -0.0382087, 0.0248332, -0.0615288, 0.0120243, -0.0604571, 0.0212696, -0.0260027, 0.00224182, -0.153216, 0.0610455, -0.130766, 0.0309581, -0.124709, 0.0587186, -0.0370242, 0.0185081, -0.0615288, 0.0120243, -0.211018, 0.0191893, -0.130715, 0.0334026, -0.0777495, 0.0203828, -0.130766, 0.0309581, -0.051263, 0.0332822, -0.130715, 0.0334026, -0.051263, 0.0332822, -0.0382087, 0.0248332, -0.124709, 0.0587186, -0.0382087, 0.0248332, -0.0615288, 0.0120243, -0.0777495, 0.0203828, -0.0382087, 0.0248332, -0.00844522, 0.0148362, -0.0370242, 0.0185081, -0.0604571, 0.0212696, -0.0260027, 0.00224182, ],[-0.0250609, 0.00178565, -0.0614902, 0.0233081, -0.0392706, 0.0248202, -0.00994589, 0.0157842, -0.0383077, 0.0195982, -0.123667, 0.0609272, -0.0383077, 0.0195982, -0.1306, 0.0345136, -0.103088, 0.00987716, -0.0383077, 0.0195982, -0.00994589, 0.0157842, -0.0392706, 0.0248202, -0.0614902, 0.0233081, -0.0781746, 0.0224237, -0.234629, 0.0458423, -0.0781746, 0.0224237, -0.0383077, 0.0195982, -0.103088, 0.00987716, -0.1306, 0.0345136, -0.126491, 0.00307672, -0.0392706, 0.0248202, -0.053261, 0.0349702, -0.0613972, 0.0130329, -0.129991, 0.0359774, -0.207805, 0.0266381, -0.0613972, 0.0130329, -0.123667, 0.0609272, -0.1306, 0.0345136, -0.152472, 0.0647269, -0.1306, 0.0345136, -0.0250609, 0.00178565, -0.0614902, 0.0233081, -0.0613972, 0.0130329, -0.0781746, 0.0224237, -0.0383077, 0.0195982, -0.0781746, 0.0224237, -0.129991, 0.0359774, -0.0781746, 0.0224237, -0.207805, 0.0266381, -0.234629, 0.0458423, -0.0614902, 0.0233081, -0.1306, 0.0345136, -0.126491, 0.00307672, -0.1306, 0.0345136, -0.103088, 0.00987716, -0.0614902, 0.0233081, -0.234629, 0.0458423, -0.207805, 0.0266381, -0.234629, 0.0458423, -0.103088, 0.00987716, -0.0392706, 0.0248202, -0.0781746, 0.0224237, -0.0613972, 0.0130329, -0.0614902, 0.0233081, -0.0383077, 0.0195982, -0.00994589, 0.0157842, -0.0613972, 0.0130329, -0.053261, 0.0349702, -0.0392706, 0.0248202, -0.0613972, 0.0130329, -0.0614902, 0.0233081, -0.0250609, 0.00178565, -0.152472, 0.0647269, -0.1306, 0.0345136, -0.123667, 0.0609272, -0.0383077, 0.0195982, -0.0613972, 0.0130329, -0.207805, 0.0266381, -0.129991, 0.0359774, -0.0781746, 0.0224237, -0.1306, 0.0345136, -0.053261, 0.0349702, -0.129991, 0.0359774, -0.053261, 0.0349702, -0.0392706, 0.0248202, -0.123667, 0.0609272, -0.0392706, 0.0248202, -0.0613972, 0.0130329, -0.0781746, 0.0224237, -0.0392706, 0.0248202, -0.00994589, 0.0157842, -0.0383077, 0.0195982, -0.0614902, 0.0233081, -0.0250609, 0.00178565, ],]
##############################################################################
clock_duration  =         886.385
tau =                     0.48
total_steps =             32
time_step =               0.015
best_mc_result =          0.0285585
best_mc_result_non_secondary =          0.028761
evolved_target_dot_squared =  0.971442
distance =          0.285384
j_protocol =  [[0, 1, 1, 1, 1, 1, 1, 1, 1, 1, 1, 1, 1, 1, 1, 1, 1, 1, 1, 1, 1, 1, 1, 1, 1, 1, 1, 1, 1, 1, 1, 1, ],[1, 1, 1, 1, 1, 1, 1, 1, 1, 1, 1, 1, 1, 1, 1, 1, 1, 1, 1, 1, 1, 1, 1, 1, 1, 1, 1, 1, 1, 1, 1, 1, ],]
k_protocol =  [[1, 1, 1, 1, 1, 0, 0, 0, 0, 0, 0, 0, 0, 0, 0, 0, 0, 0, 1, 1, 1, 1, 1, 1, 1, 1, 0, 0, 0, 0, 0, 0, ],[1, 1, 1, 1, 1, 0, 0, 0, 0, 0, 0, 0, 0, 0, 0, 0, 0, 1, 1, 1, 1, 1, 1, 1, 1, 0, 0, 0, 0, 0, 0, 0, ],]
j_protocol_secondary =  [0.00327874, 0.0572403, 0.0572403, 0.061996, 0.061996, 0.192316, 0.192316, 0.307763, 0.307763, 0.414684, 0.414684, 0.471421, 0.471421, 0.48, ]
k_protocol_secondary =  [0, 0.0722614, 0.137885, 0.137885, 0.170349, 0.170349, 0.256368, 0.340224, 0.340224, 0.379416, 0.404215, 0.404215, 0.466899, 0.466899, ]
best_evolved_state = [-0.0246285, -0.00763756, -0.0612687, -0.015978, -0.0409744, 0.00311186, -0.0128947, 0.00427304, -0.0397085, -0.00647325, -0.130708, -0.00538538, -0.0397085, -0.00647325, -0.129678, -0.0415873, -0.0975209, -0.0441371, -0.0397085, -0.00647325, -0.0128947, 0.00427304, -0.0409744, 0.00311186, -0.0612687, -0.015978, -0.0775357, -0.0239615, -0.22387, -0.0876733, -0.0775357, -0.0239615, -0.0397085, -0.00647325, -0.0975209, -0.0441371, -0.129678, -0.0415873, -0.118769, -0.063233, -0.0409744, 0.00311186, -0.0575505, -0.00378594, -0.0599944, -0.0205884, -0.129194, -0.0348185, -0.199768, -0.0861502, -0.0599944, -0.0205884, -0.130708, -0.00538538, -0.129678, -0.0415873, -0.154736, -0.022297, -0.129678, -0.0415873, -0.0246285, -0.00763756, -0.0612687, -0.015978, -0.0599944, -0.0205884, -0.0775357, -0.0239615, -0.0397085, -0.00647325, -0.0775357, -0.0239615, -0.129194, -0.0348185, -0.0775357, -0.0239615, -0.199768, -0.0861502, -0.22387, -0.0876733, -0.0612687, -0.015978, -0.129678, -0.0415873, -0.118769, -0.063233, -0.129678, -0.0415873, -0.0975209, -0.0441371, -0.0612687, -0.015978, -0.22387, -0.0876733, -0.199768, -0.0861502, -0.22387, -0.0876733, -0.0975209, -0.0441371, -0.0409744, 0.00311186, -0.0775357, -0.0239615, -0.0599944, -0.0205884, -0.0612687, -0.015978, -0.0397085, -0.00647325, -0.0128947, 0.00427304, -0.0599944, -0.0205884, -0.0575505, -0.00378594, -0.0409744, 0.00311186, -0.0599944, -0.0205884, -0.0612687, -0.015978, -0.0246285, -0.00763756, -0.154736, -0.022297, -0.129678, -0.0415873, -0.130708, -0.00538538, -0.0397085, -0.00647325, -0.0599944, -0.0205884, -0.199768, -0.0861502, -0.129194, -0.0348185, -0.0775357, -0.0239615, -0.129678, -0.0415873, -0.0575505, -0.00378594, -0.129194, -0.0348185, -0.0575505, -0.00378594, -0.0409744, 0.00311186, -0.130708, -0.00538538, -0.0409744, 0.00311186, -0.0599944, -0.0205884, -0.0775357, -0.0239615, -0.0409744, 0.00311186, -0.0128947, 0.00427304, -0.0397085, -0.00647325, -0.0612687, -0.015978, -0.0246285, -0.00763756, ]
best_mc_result_fixed_tau =   [0.0291571, 0.028761, ]
evolved_state_fixed_tau =   [[-0.0265736, -0.00382737, -0.0635382, -0.0112765, -0.0412247, 0.00701263, -0.0129217, 0.00488839, -0.0410683, -0.00328692, -0.128886, 0.00299382, -0.0410683, -0.00328692, -0.132698, -0.0320624, -0.103477, -0.0343227, -0.0410683, -0.00328692, -0.0129217, 0.00488839, -0.0412247, 0.00701263, -0.0635382, -0.0112765, -0.0807311, -0.0175205, -0.225753, -0.0730382, -0.0807311, -0.0175205, -0.0410683, -0.00328692, -0.103477, -0.0343227, -0.132698, -0.0320624, -0.126838, -0.0510837, -0.0412247, 0.00701263, -0.0579849, -0.000718263, -0.0635266, -0.0143537, -0.131788, -0.0246286, -0.205265, -0.0705308, -0.0635266, -0.0143537, -0.128886, 0.00299382, -0.132698, -0.0320624, -0.153519, -0.0125272, -0.132698, -0.0320624, -0.0265736, -0.00382737, -0.0635382, -0.0112765, -0.0635266, -0.0143537, -0.0807311, -0.0175205, -0.0410683, -0.00328692, -0.0807311, -0.0175205, -0.131788, -0.0246286, -0.0807311, -0.0175205, -0.205265, -0.0705308, -0.225753, -0.0730382, -0.0635382, -0.0112765, -0.132698, -0.0320624, -0.126838, -0.0510837, -0.132698, -0.0320624, -0.103477, -0.0343227, -0.0635382, -0.0112765, -0.225753, -0.0730382, -0.205265, -0.0705308, -0.225753, -0.0730382, -0.103477, -0.0343227, -0.0412247, 0.00701263, -0.0807311, -0.0175205, -0.0635266, -0.0143537, -0.0635382, -0.0112765, -0.0410683, -0.00328692, -0.0129217, 0.00488839, -0.0635266, -0.0143537, -0.0579849, -0.000718263, -0.0412247, 0.00701263, -0.0635266, -0.0143537, -0.0635382, -0.0112765, -0.0265736, -0.00382737, -0.153519, -0.0125272, -0.132698, -0.0320624, -0.128886, 0.00299382, -0.0410683, -0.00328692, -0.0635266, -0.0143537, -0.205265, -0.0705308, -0.131788, -0.0246286, -0.0807311, -0.0175205, -0.132698, -0.0320624, -0.0579849, -0.000718263, -0.131788, -0.0246286, -0.0579849, -0.000718263, -0.0412247, 0.00701263, -0.128886, 0.00299382, -0.0412247, 0.00701263, -0.0635266, -0.0143537, -0.0807311, -0.0175205, -0.0412247, 0.00701263, -0.0129217, 0.00488839, -0.0410683, -0.00328692, -0.0635382, -0.0112765, -0.0265736, -0.00382737, ],[-0.0251626, -0.00924944, -0.0603209, -0.0181953, -0.040927, 0.00178271, -0.0124476, 0.00360384, -0.0390493, -0.0081323, -0.130134, -0.0058834, -0.0390493, -0.0081323, -0.128413, -0.0442606, -0.0971487, -0.0480651, -0.0390493, -0.0081323, -0.0124476, 0.00360384, -0.040927, 0.00178271, -0.0603209, -0.0181953, -0.076707, -0.0266508, -0.222692, -0.0886422, -0.076707, -0.0266508, -0.0390493, -0.0081323, -0.0971487, -0.0480651, -0.128413, -0.0442606, -0.118373, -0.0681344, -0.040927, 0.00178271, -0.0562653, -0.0052365, -0.0597444, -0.0234157, -0.128519, -0.0372946, -0.199218, -0.0893209, -0.0597444, -0.0234157, -0.130134, -0.0058834, -0.128413, -0.0442606, -0.153537, -0.0230634, -0.128413, -0.0442606, -0.0251626, -0.00924944, -0.0603209, -0.0181953, -0.0597444, -0.0234157, -0.076707, -0.0266508, -0.0390493, -0.0081323, -0.076707, -0.0266508, -0.128519, -0.0372946, -0.076707, -0.0266508, -0.199218, -0.0893209, -0.222692, -0.0886422, -0.0603209, -0.0181953, -0.128413, -0.0442606, -0.118373, -0.0681344, -0.128413, -0.0442606, -0.0971487, -0.0480651, -0.0603209, -0.0181953, -0.222692, -0.0886422, -0.199218, -0.0893209, -0.222692, -0.0886422, -0.0971487, -0.0480651, -0.040927, 0.00178271, -0.076707, -0.0266508, -0.0597444, -0.0234157, -0.0603209, -0.0181953, -0.0390493, -0.0081323, -0.0124476, 0.00360384, -0.0597444, -0.0234157, -0.0562653, -0.0052365, -0.040927, 0.00178271, -0.0597444, -0.0234157, -0.0603209, -0.0181953, -0.0251626, -0.00924944, -0.153537, -0.0230634, -0.128413, -0.0442606, -0.130134, -0.0058834, -0.0390493, -0.0081323, -0.0597444, -0.0234157, -0.199218, -0.0893209, -0.128519, -0.0372946, -0.076707, -0.0266508, -0.128413, -0.0442606, -0.0562653, -0.0052365, -0.128519, -0.0372946, -0.0562653, -0.0052365, -0.040927, 0.00178271, -0.130134, -0.0058834, -0.040927, 0.00178271, -0.0597444, -0.0234157, -0.076707, -0.0266508, -0.040927, 0.00178271, -0.0124476, 0.00360384, -0.0390493, -0.0081323, -0.0603209, -0.0181953, -0.0251626, -0.00924944, ],]
##############################################################################
clock_duration  =         1667.57
tau =                     0.576
total_steps =             32
time_step =               0.021
best_mc_result =          0.0202625
best_mc_result_non_secondary =          0
evolved_target_dot_squared =  0.979738
distance =          0.202482
j_protocol =  [[0, 0, 0, 0, 0, 0, 0, 0, 0, 0, 0, 0, 0, 0, 0, 0, 0, 0, 0, 0, 0, 0, 0, 0, 0, 0, 0, 0, 0, 0, 0, 0, ],[0, 0, 0, 0, 0, 0, 0, 0, 0, 0, 0, 0, 0, 0, 0, 0, 0, 0, 0, 0, 0, 0, 0, 0, 0, 0, 0, 0, 0, 0, 0, 0, ],]
k_protocol =  [[0, 0, 0, 0, 0, 0, 0, 0, 0, 0, 0, 0, 0, 0, 0, 0, 0, 0, 0, 0, 0, 0, 0, 0, 0, 0, 0, 0, 0, 0, 0, 0, ],[0, 0, 0, 0, 0, 0, 0, 0, 0, 0, 0, 0, 0, 0, 0, 0, 0, 0, 0, 0, 0, 0, 0, 0, 0, 0, 0, 0, 0, 0, 0, 0, ],]
j_protocol_secondary =  [0.00286493, 0.00286493, 0.00383302, 0.0723433, 0.0723433, 0.202747, 0.202747, 0.373407, 0.373407, 0.433643, 0.433643, 0.538956, 0.538956, 0.576, ]
k_protocol_secondary =  [0, 0.014221, 0.014221, 0.0510645, 0.0510645, 0.0765537, 0.0765537, 0.0802593, 0.123598, 0.123598, 0.306771, 0.367884, 0.367884, 0.457642, ]
best_evolved_state = [-0.014731, -0.0141882, -0.0339919, -0.0535713, -0.0260203, -0.018608, -0.00931108, -0.00826907, -0.0238016, -0.0328693, -0.0933127, -0.0747301, -0.0238016, -0.0328693, -0.077212, -0.117068, -0.0505481, -0.0905358, -0.0238016, -0.0328693, -0.00931108, -0.00826907, -0.0260203, -0.018608, -0.0339919, -0.0535713, -0.0442334, -0.0678599, -0.12099, -0.215597, -0.0442334, -0.0678599, -0.0238016, -0.0328693, -0.0505481, -0.0905358, -0.077212, -0.117068, -0.0605489, -0.120271, -0.0260203, -0.018608, -0.0379186, -0.0451839, -0.0330674, -0.0507253, -0.0782865, -0.104592, -0.112549, -0.192223, -0.0330674, -0.0507253, -0.0933127, -0.0747301, -0.077212, -0.117068, -0.0968343, -0.111025, -0.077212, -0.117068, -0.014731, -0.0141882, -0.0339919, -0.0535713, -0.0330674, -0.0507253, -0.0442334, -0.0678599, -0.0238016, -0.0328693, -0.0442334, -0.0678599, -0.0782865, -0.104592, -0.0442334, -0.0678599, -0.112549, -0.192223, -0.12099, -0.215597, -0.0339919, -0.0535713, -0.077212, -0.117068, -0.0605489, -0.120271, -0.077212, -0.117068, -0.0505481, -0.0905358, -0.0339919, -0.0535713, -0.12099, -0.215597, -0.112549, -0.192223, -0.12099, -0.215597, -0.0505481, -0.0905358, -0.0260203, -0.018608, -0.0442334, -0.0678599, -0.0330674, -0.0507253, -0.0339919, -0.0535713, -0.0238016, -0.0328693, -0.00931108, -0.00826907, -0.0330674, -0.0507253, -0.0379186, -0.0451839, -0.0260203, -0.018608, -0.0330674, -0.0507253, -0.0339919, -0.0535713, -0.014731, -0.0141882, -0.0968343, -0.111025, -0.077212, -0.117068, -0.0933127, -0.0747301, -0.0238016, -0.0328693, -0.0330674, -0.0507253, -0.112549, -0.192223, -0.0782865, -0.104592, -0.0442334, -0.0678599, -0.077212, -0.117068, -0.0379186, -0.0451839, -0.0782865, -0.104592, -0.0379186, -0.0451839, -0.0260203, -0.018608, -0.0933127, -0.0747301, -0.0260203, -0.018608, -0.0330674, -0.0507253, -0.0442334, -0.0678599, -0.0260203, -0.018608, -0.00931108, -0.00826907, -0.0238016, -0.0328693, -0.0339919, -0.0535713, -0.014731, -0.0141882, ]
best_mc_result_fixed_tau =   [0.0153263, 0.0153263, ]
evolved_state_fixed_tau =   [[-0.00179528, -0.0130084, 0.0100013, -0.0669565, 0.000263697, -0.0271043, 9.34005e-05, -0.0156394, 0.00345358, -0.0446297, -0.0199048, -0.104437, 0.00345358, -0.0446297, 0.00869772, -0.143776, 0.0168688, -0.0969541, 0.00345358, -0.0446297, 9.34005e-05, -0.0156394, 0.000263697, -0.0271043, 0.0100013, -0.0669565, 0.00876886, -0.0818789, 0.0375549, -0.250987, 0.00876886, -0.0818789, 0.00345358, -0.0446297, 0.0168688, -0.0969541, 0.00869772, -0.143776, 0.0221764, -0.127919, 0.000263697, -0.0271043, 0.000668944, -0.0668036, 0.00725506, -0.0578717, 0.0050516, -0.128214, 0.0204361, -0.217649, 0.00725506, -0.0578717, -0.0199048, -0.104437, 0.00869772, -0.143776, 0.00644327, -0.145068, 0.00869772, -0.143776, -0.00179528, -0.0130084, 0.0100013, -0.0669565, 0.00725506, -0.0578717, 0.00876886, -0.0818789, 0.00345358, -0.0446297, 0.00876886, -0.0818789, 0.0050516, -0.128214, 0.00876886, -0.0818789, 0.0204361, -0.217649, 0.0375549, -0.250987, 0.0100013, -0.0669565, 0.00869772, -0.143776, 0.0221764, -0.127919, 0.00869772, -0.143776, 0.0168688, -0.0969541, 0.0100013, -0.0669565, 0.0375549, -0.250987, 0.0204361, -0.217649, 0.0375549, -0.250987, 0.0168688, -0.0969541, 0.000263697, -0.0271043, 0.00876886, -0.0818789, 0.00725506, -0.0578717, 0.0100013, -0.0669565, 0.00345358, -0.0446297, 9.34005e-05, -0.0156394, 0.00725506, -0.0578717, 0.000668944, -0.0668036, 0.000263697, -0.0271043, 0.00725506, -0.0578717, 0.0100013, -0.0669565, -0.00179528, -0.0130084, 0.00644327, -0.145068, 0.00869772, -0.143776, -0.0199048, -0.104437, 0.00345358, -0.0446297, 0.00725506, -0.0578717, 0.0204361, -0.217649, 0.0050516, -0.128214, 0.00876886, -0.0818789, 0.00869772, -0.143776, 0.000668944, -0.0668036, 0.0050516, -0.128214, 0.000668944, -0.0668036, 0.000263697, -0.0271043, -0.0199048, -0.104437, 0.000263697, -0.0271043, 0.00725506, -0.0578717, 0.00876886, -0.0818789, 0.000263697, -0.0271043, 9.34005e-05, -0.0156394, 0.00345358, -0.0446297, 0.0100013, -0.0669565, -0.00179528, -0.0130084, ],[-0.00179528, -0.0130084, 0.0100013, -0.0669565, 0.000263697, -0.0271043, 9.34005e-05, -0.0156394, 0.00345358, -0.0446297, -0.0199048, -0.104437, 0.00345358, -0.0446297, 0.00869772, -0.143776, 0.0168688, -0.0969541, 0.00345358, -0.0446297, 9.34005e-05, -0.0156394, 0.000263697, -0.0271043, 0.0100013, -0.0669565, 0.00876886, -0.0818789, 0.0375549, -0.250987, 0.00876886, -0.0818789, 0.00345358, -0.0446297, 0.0168688, -0.0969541, 0.00869772, -0.143776, 0.0221764, -0.127919, 0.000263697, -0.0271043, 0.000668944, -0.0668036, 0.00725506, -0.0578717, 0.0050516, -0.128214, 0.0204361, -0.217649, 0.00725506, -0.0578717, -0.0199048, -0.104437, 0.00869772, -0.143776, 0.00644327, -0.145068, 0.00869772, -0.143776, -0.00179528, -0.0130084, 0.0100013, -0.0669565, 0.00725506, -0.0578717, 0.00876886, -0.0818789, 0.00345358, -0.0446297, 0.00876886, -0.0818789, 0.0050516, -0.128214, 0.00876886, -0.0818789, 0.0204361, -0.217649, 0.0375549, -0.250987, 0.0100013, -0.0669565, 0.00869772, -0.143776, 0.0221764, -0.127919, 0.00869772, -0.143776, 0.0168688, -0.0969541, 0.0100013, -0.0669565, 0.0375549, -0.250987, 0.0204361, -0.217649, 0.0375549, -0.250987, 0.0168688, -0.0969541, 0.000263697, -0.0271043, 0.00876886, -0.0818789, 0.00725506, -0.0578717, 0.0100013, -0.0669565, 0.00345358, -0.0446297, 9.34005e-05, -0.0156394, 0.00725506, -0.0578717, 0.000668944, -0.0668036, 0.000263697, -0.0271043, 0.00725506, -0.0578717, 0.0100013, -0.0669565, -0.00179528, -0.0130084, 0.00644327, -0.145068, 0.00869772, -0.143776, -0.0199048, -0.104437, 0.00345358, -0.0446297, 0.00725506, -0.0578717, 0.0204361, -0.217649, 0.0050516, -0.128214, 0.00876886, -0.0818789, 0.00869772, -0.143776, 0.000668944, -0.0668036, 0.0050516, -0.128214, 0.000668944, -0.0668036, 0.000263697, -0.0271043, -0.0199048, -0.104437, 0.000263697, -0.0271043, 0.00725506, -0.0578717, 0.00876886, -0.0818789, 0.000263697, -0.0271043, 9.34005e-05, -0.0156394, 0.00345358, -0.0446297, 0.0100013, -0.0669565, -0.00179528, -0.0130084, ],]
##############################################################################
clock_duration  =         3174.01
tau =                     0.579
total_steps =             32
time_step =               0.021
best_mc_result =          0.020029
best_mc_result_non_secondary =          0
evolved_target_dot_squared =  0.979971
distance =          0.200149
j_protocol =  [[0, 0, 0, 0, 0, 0, 0, 0, 0, 0, 0, 0, 0, 0, 0, 0, 0, 0, 0, 0, 0, 0, 0, 0, 0, 0, 0, 0, 0, 0, 0, 0, ],[0, 0, 0, 0, 0, 0, 0, 0, 0, 0, 0, 0, 0, 0, 0, 0, 0, 0, 0, 0, 0, 0, 0, 0, 0, 0, 0, 0, 0, 0, 0, 0, ],]
k_protocol =  [[0, 0, 0, 0, 0, 0, 0, 0, 0, 0, 0, 0, 0, 0, 0, 0, 0, 0, 0, 0, 0, 0, 0, 0, 0, 0, 0, 0, 0, 0, 0, 0, ],[0, 0, 0, 0, 0, 0, 0, 0, 0, 0, 0, 0, 0, 0, 0, 0, 0, 0, 0, 0, 0, 0, 0, 0, 0, 0, 0, 0, 0, 0, 0, 0, ],]
j_protocol_secondary =  [0.00374662, 0.00390913, 0.00390913, 0.0727201, 0.0727201, 0.203803, 0.203803, 0.375352, 0.375352, 0.435901, 0.435901, 0.541763, 0.541763, 0.579, ]
k_protocol_secondary =  [0, 0.0142951, 0.0142951, 0.0513304, 0.0513304, 0.0770963, 0.0770963, 0.0806588, 0.124241, 0.124241, 0.308324, 0.369579, 0.369579, 0.460016, ]
best_evolved_state = [-0.0143136, -0.0142336, -0.0327018, -0.0544057, -0.0252721, -0.0190788, -0.00905661, -0.00859391, -0.0230088, -0.0334969, -0.0914078, -0.07639, -0.0230088, -0.0334969, -0.074758, -0.118829, -0.0485035, -0.0914019, -0.0230088, -0.0334969, -0.00905661, -0.00859391, -0.0252721, -0.0190788, -0.0327018, -0.0544057, -0.0426818, -0.0688144, -0.116378, -0.218492, -0.0426818, -0.0688144, -0.0230088, -0.0334969, -0.0485035, -0.0914019, -0.074758, -0.118829, -0.0580405, -0.121353, -0.0252721, -0.0190788, -0.0368601, -0.0462269, -0.0318555, -0.0513185, -0.0759136, -0.106179, -0.108662, -0.194562, -0.0318555, -0.0513185, -0.0914078, -0.07639, -0.074758, -0.118829, -0.0940342, -0.113107, -0.074758, -0.118829, -0.0143136, -0.0142336, -0.0327018, -0.0544057, -0.0318555, -0.0513185, -0.0426818, -0.0688144, -0.0230088, -0.0334969, -0.0426818, -0.0688144, -0.0759136, -0.106179, -0.0426818, -0.0688144, -0.108662, -0.194562, -0.116378, -0.218492, -0.0327018, -0.0544057, -0.074758, -0.118829, -0.0580405, -0.121353, -0.074758, -0.118829, -0.0485035, -0.0914019, -0.0327018, -0.0544057, -0.116378, -0.218492, -0.108662, -0.194562, -0.116378, -0.218492, -0.0485035, -0.0914019, -0.0252721, -0.0190788, -0.0426818, -0.0688144, -0.0318555, -0.0513185, -0.0327018, -0.0544057, -0.0230088, -0.0334969, -0.00905661, -0.00859391, -0.0318555, -0.0513185, -0.0368601, -0.0462269, -0.0252721, -0.0190788, -0.0318555, -0.0513185, -0.0327018, -0.0544057, -0.0143136, -0.0142336, -0.0940342, -0.113107, -0.074758, -0.118829, -0.0914078, -0.07639, -0.0230088, -0.0334969, -0.0318555, -0.0513185, -0.108662, -0.194562, -0.0759136, -0.106179, -0.0426818, -0.0688144, -0.074758, -0.118829, -0.0368601, -0.0462269, -0.0759136, -0.106179, -0.0368601, -0.0462269, -0.0252721, -0.0190788, -0.0914078, -0.07639, -0.0252721, -0.0190788, -0.0318555, -0.0513185, -0.0426818, -0.0688144, -0.0252721, -0.0190788, -0.00905661, -0.00859391, -0.0230088, -0.0334969, -0.0327018, -0.0544057, -0.0143136, -0.0142336, ]
best_mc_result_fixed_tau =   [0.0153263, 0.0153263, ]
evolved_state_fixed_tau =   [[-0.00179528, -0.0130084, 0.0100013, -0.0669565, 0.000263697, -0.0271043, 9.34005e-05, -0.0156394, 0.00345358, -0.0446297, -0.0199048, -0.104437, 0.00345358, -0.0446297, 0.00869772, -0.143776, 0.0168688, -0.0969541, 0.00345358, -0.0446297, 9.34005e-05, -0.0156394, 0.000263697, -0.0271043, 0.0100013, -0.0669565, 0.00876886, -0.0818789, 0.0375549, -0.250987, 0.00876886, -0.0818789, 0.00345358, -0.0446297, 0.0168688, -0.0969541, 0.00869772, -0.143776, 0.0221764, -0.127919, 0.000263697, -0.0271043, 0.000668944, -0.0668036, 0.00725506, -0.0578717, 0.0050516, -0.128214, 0.0204361, -0.217649, 0.00725506, -0.0578717, -0.0199048, -0.104437, 0.00869772, -0.143776, 0.00644327, -0.145068, 0.00869772, -0.143776, -0.00179528, -0.0130084, 0.0100013, -0.0669565, 0.00725506, -0.0578717, 0.00876886, -0.0818789, 0.00345358, -0.0446297, 0.00876886, -0.0818789, 0.0050516, -0.128214, 0.00876886, -0.0818789, 0.0204361, -0.217649, 0.0375549, -0.250987, 0.0100013, -0.0669565, 0.00869772, -0.143776, 0.0221764, -0.127919, 0.00869772, -0.143776, 0.0168688, -0.0969541, 0.0100013, -0.0669565, 0.0375549, -0.250987, 0.0204361, -0.217649, 0.0375549, -0.250987, 0.0168688, -0.0969541, 0.000263697, -0.0271043, 0.00876886, -0.0818789, 0.00725506, -0.0578717, 0.0100013, -0.0669565, 0.00345358, -0.0446297, 9.34005e-05, -0.0156394, 0.00725506, -0.0578717, 0.000668944, -0.0668036, 0.000263697, -0.0271043, 0.00725506, -0.0578717, 0.0100013, -0.0669565, -0.00179528, -0.0130084, 0.00644327, -0.145068, 0.00869772, -0.143776, -0.0199048, -0.104437, 0.00345358, -0.0446297, 0.00725506, -0.0578717, 0.0204361, -0.217649, 0.0050516, -0.128214, 0.00876886, -0.0818789, 0.00869772, -0.143776, 0.000668944, -0.0668036, 0.0050516, -0.128214, 0.000668944, -0.0668036, 0.000263697, -0.0271043, -0.0199048, -0.104437, 0.000263697, -0.0271043, 0.00725506, -0.0578717, 0.00876886, -0.0818789, 0.000263697, -0.0271043, 9.34005e-05, -0.0156394, 0.00345358, -0.0446297, 0.0100013, -0.0669565, -0.00179528, -0.0130084, ],[-0.00179528, -0.0130084, 0.0100013, -0.0669565, 0.000263697, -0.0271043, 9.34005e-05, -0.0156394, 0.00345358, -0.0446297, -0.0199048, -0.104437, 0.00345358, -0.0446297, 0.00869772, -0.143776, 0.0168688, -0.0969541, 0.00345358, -0.0446297, 9.34005e-05, -0.0156394, 0.000263697, -0.0271043, 0.0100013, -0.0669565, 0.00876886, -0.0818789, 0.0375549, -0.250987, 0.00876886, -0.0818789, 0.00345358, -0.0446297, 0.0168688, -0.0969541, 0.00869772, -0.143776, 0.0221764, -0.127919, 0.000263697, -0.0271043, 0.000668944, -0.0668036, 0.00725506, -0.0578717, 0.0050516, -0.128214, 0.0204361, -0.217649, 0.00725506, -0.0578717, -0.0199048, -0.104437, 0.00869772, -0.143776, 0.00644327, -0.145068, 0.00869772, -0.143776, -0.00179528, -0.0130084, 0.0100013, -0.0669565, 0.00725506, -0.0578717, 0.00876886, -0.0818789, 0.00345358, -0.0446297, 0.00876886, -0.0818789, 0.0050516, -0.128214, 0.00876886, -0.0818789, 0.0204361, -0.217649, 0.0375549, -0.250987, 0.0100013, -0.0669565, 0.00869772, -0.143776, 0.0221764, -0.127919, 0.00869772, -0.143776, 0.0168688, -0.0969541, 0.0100013, -0.0669565, 0.0375549, -0.250987, 0.0204361, -0.217649, 0.0375549, -0.250987, 0.0168688, -0.0969541, 0.000263697, -0.0271043, 0.00876886, -0.0818789, 0.00725506, -0.0578717, 0.0100013, -0.0669565, 0.00345358, -0.0446297, 9.34005e-05, -0.0156394, 0.00725506, -0.0578717, 0.000668944, -0.0668036, 0.000263697, -0.0271043, 0.00725506, -0.0578717, 0.0100013, -0.0669565, -0.00179528, -0.0130084, 0.00644327, -0.145068, 0.00869772, -0.143776, -0.0199048, -0.104437, 0.00345358, -0.0446297, 0.00725506, -0.0578717, 0.0204361, -0.217649, 0.0050516, -0.128214, 0.00876886, -0.0818789, 0.00869772, -0.143776, 0.000668944, -0.0668036, 0.0050516, -0.128214, 0.000668944, -0.0668036, 0.000263697, -0.0271043, -0.0199048, -0.104437, 0.000263697, -0.0271043, 0.00725506, -0.0578717, 0.00876886, -0.0818789, 0.000263697, -0.0271043, 9.34005e-05, -0.0156394, 0.00345358, -0.0446297, 0.0100013, -0.0669565, -0.00179528, -0.0130084, ],]
