START_PARAMETERS
MAX_STEPS_MCDB =               32
MIN_STEPS_MCDB =               4
STEPS_CRUNCH_MCDB =            1
SWEEPS_MCDB =                  100
TOTAL_STEP_CHANGES =                  6
MCBB_SECONDARY =                  1
SWEEPS_MCBB_SECONDARY =                  300
NUMBER_OF_BANGS =                  8
GROUND_E =                -5.08969
INITIAL_E =               -4.60108
j_initial =               0.598
k_initial =               0.5
b_initial =               0
j_target =                0.776
k_target =                0.062
b_target =                0
init_target_dot_squared = 0.876639
init_state = [0.016421, 0, 0.0642954, 0, 0.0283657, 0, 0.0105113, 0, 0.0342503, 0, 0.0945095, 0, 0.0342503, 0, 0.119148, 0, 0.105801, 0, 0.0342503, 0, 0.0105113, 0, 0.0283657, 0, 0.0642954, 0, 0.0756666, 0, 0.299933, 0, 0.0756666, 0, 0.0342503, 0, 0.105801, 0, 0.119148, 0, 0.125615, 0, 0.0283657, 0, 0.0455323, 0, 0.0528628, 0, 0.113867, 0, 0.224232, 0, 0.0528628, 0, 0.0945095, 0, 0.119148, 0, 0.131682, 0, 0.119148, 0, 0.016421, 0, 0.0642954, 0, 0.0528628, 0, 0.0756666, 0, 0.0342503, 0, 0.0756666, 0, 0.113867, 0, 0.0756666, 0, 0.224232, 0, 0.299933, 0, 0.0642954, 0, 0.119148, 0, 0.125615, 0, 0.119148, 0, 0.105801, 0, 0.0642954, 0, 0.299933, 0, 0.224232, 0, 0.299933, 0, 0.105801, 0, 0.0283657, 0, 0.0756666, 0, 0.0528628, 0, 0.0642954, 0, 0.0342503, 0, 0.0105113, 0, 0.0528628, 0, 0.0455323, 0, 0.0283657, 0, 0.0528628, 0, 0.0642954, 0, 0.016421, 0, 0.131682, 0, 0.119148, 0, 0.0945095, 0, 0.0342503, 0, 0.0528628, 0, 0.224232, 0, 0.113867, 0, 0.0756666, 0, 0.119148, 0, 0.0455323, 0, 0.113867, 0, 0.0455323, 0, 0.0283657, 0, 0.0945095, 0, 0.0283657, 0, 0.0528628, 0, 0.0756666, 0, 0.0283657, 0, 0.0105113, 0, 0.0342503, 0, 0.0642954, 0, 0.016421, 0, ]
target_state = [0.0418153, 0, 0.0895006, 0, 0.0646271, 0, 0.038972, 0, 0.0694067, 0, 0.115306, 0, 0.0694067, 0, 0.138796, 0, 0.119299, 0, 0.0694067, 0, 0.038972, 0, 0.0646271, 0, 0.0895006, 0, 0.103243, 0, 0.183032, 0, 0.103243, 0, 0.0694067, 0, 0.119299, 0, 0.138796, 0, 0.140458, 0, 0.0646271, 0, 0.087187, 0, 0.0893467, 0, 0.131951, 0, 0.174098, 0, 0.0893467, 0, 0.115306, 0, 0.138796, 0, 0.146262, 0, 0.138796, 0, 0.0418153, 0, 0.0895006, 0, 0.0893467, 0, 0.103243, 0, 0.0694067, 0, 0.103243, 0, 0.131951, 0, 0.103243, 0, 0.174098, 0, 0.183032, 0, 0.0895006, 0, 0.138796, 0, 0.140458, 0, 0.138796, 0, 0.119299, 0, 0.0895006, 0, 0.183032, 0, 0.174098, 0, 0.183032, 0, 0.119299, 0, 0.0646271, 0, 0.103243, 0, 0.0893467, 0, 0.0895006, 0, 0.0694067, 0, 0.038972, 0, 0.0893467, 0, 0.087187, 0, 0.0646271, 0, 0.0893467, 0, 0.0895006, 0, 0.0418153, 0, 0.146262, 0, 0.138796, 0, 0.115306, 0, 0.0694067, 0, 0.0893467, 0, 0.174098, 0, 0.131951, 0, 0.103243, 0, 0.138796, 0, 0.087187, 0, 0.131951, 0, 0.087187, 0, 0.0646271, 0, 0.115306, 0, 0.0646271, 0, 0.0893467, 0, 0.103243, 0, 0.0646271, 0, 0.038972, 0, 0.0694067, 0, 0.0895006, 0, 0.0418153, 0, ]
USE_ENERGY_DISTANCE =     false
PERIODIC =                false
UNIFORM_SITES =           true
DEVICE_DIMENSION =        2
MAX_PARAM =               1
MIN_PARAM =               0
MIN_PARAM =               0
DIAG =                    true
NUM_SEEDS =               2
NUMBER_OF_BANGS =               8
DISTANCE_LIMIT =          0.02
TAU_INIT =                0.7
MAX_TAU =                 5
TAU_SCALAR =              1.2
TAU_SCALAR_TINY =         1.1
TAU_SCALAR_BIG =          1.3
ACCEPTANCE_PROB =         0.85
TEMP_EXP_DECAY =          0.8
MIN_TEMP_FRACTION =       0.01
TEMP_DECAY_ITERATIONS =   21
ZERO_TEMP_ITREATIONS =    25
RANDOM_STATES =           3
END_PARAMETERS
##############################################################################
clock_duration  =         1897.34
tau =                     0.35
total_steps =             32
time_step =               0.021875
best_mc_result =          0.0492971
best_mc_result_non_secondary =          0
evolved_target_dot_squared =  0.950703
distance =          0.399618
j_protocol =  [[0, 0, 0, 0, 0, 0, 0, 0, 0, 0, 0, 0, 0, 0, 0, 0, 0, 0, 0, 0, 0, 0, 0, 0, 0, 0, 0, 0, 0, 0, 0, 0, ],[0, 0, 0, 0, 0, 0, 0, 0, 0, 0, 0, 0, 0, 0, 0, 0, 0, 0, 0, 0, 0, 0, 0, 0, 0, 0, 0, 0, 0, 0, 0, 0, ],]
k_protocol =  [[0, 0, 0, 0, 0, 0, 0, 0, 0, 0, 0, 0, 0, 0, 0, 0, 0, 0, 0, 0, 0, 0, 0, 0, 0, 0, 0, 0, 0, 0, 0, 0, ],[0, 0, 0, 0, 0, 0, 0, 0, 0, 0, 0, 0, 0, 0, 0, 0, 0, 0, 0, 0, 0, 0, 0, 0, 0, 0, 0, 0, 0, 0, 0, 0, ],]
j_protocol_secondary =  [0, 0.0337531, 0.0337531, 0.0570382, 0.0570382, 0.0579477, 0.0579477, 0.0642321, 0.0642321, 0.16301, 0.16301, 0.270155, 0.270155, 0.319858, 0.319858, 0.346447, ]
k_protocol_secondary =  [0.0529904, 0.0529904, 0.0934419, 0.107054, 0.108459, 0.152463, 0.152546, 0.152546, 0.152599, 0.174226, 0.231649, 0.231649, 0.272148, 0.280086, 0.280086, 0.35, ]
best_evolved_state = [-0.0198424, 0.0192607, -0.0693452, 0.0478158, -0.0393024, 0.0156674, -0.0240115, 0.00345658, -0.0519106, 0.0266261, -0.0781742, 0.0169212, -0.0519106, 0.0266261, -0.123335, 0.0652241, -0.093829, 0.0935955, -0.0519106, 0.0266261, -0.0240115, 0.00345658, -0.0393024, 0.0156674, -0.0693452, 0.0478158, -0.080637, 0.0559072, -0.172496, 0.142522, -0.080637, 0.0559072, -0.0519106, 0.0266261, -0.093829, 0.0935955, -0.123335, 0.0652241, -0.112971, 0.109126, -0.0393024, 0.0156674, -0.067445, 0.0182188, -0.0614127, 0.0468575, -0.107893, 0.0637627, -0.15358, 0.128429, -0.0614127, 0.0468575, -0.0781742, 0.0169212, -0.123335, 0.0652241, -0.113924, 0.0291666, -0.123335, 0.0652241, -0.0198424, 0.0192607, -0.0693452, 0.0478158, -0.0614127, 0.0468575, -0.080637, 0.0559072, -0.0519106, 0.0266261, -0.080637, 0.0559072, -0.107893, 0.0637627, -0.080637, 0.0559072, -0.15358, 0.128429, -0.172496, 0.142522, -0.0693452, 0.0478158, -0.123335, 0.0652241, -0.112971, 0.109126, -0.123335, 0.0652241, -0.093829, 0.0935955, -0.0693452, 0.0478158, -0.172496, 0.142522, -0.15358, 0.128429, -0.172496, 0.142522, -0.093829, 0.0935955, -0.0393024, 0.0156674, -0.080637, 0.0559072, -0.0614127, 0.0468575, -0.0693452, 0.0478158, -0.0519106, 0.0266261, -0.0240115, 0.00345658, -0.0614127, 0.0468575, -0.067445, 0.0182188, -0.0393024, 0.0156674, -0.0614127, 0.0468575, -0.0693452, 0.0478158, -0.0198424, 0.0192607, -0.113924, 0.0291666, -0.123335, 0.0652241, -0.0781742, 0.0169212, -0.0519106, 0.0266261, -0.0614127, 0.0468575, -0.15358, 0.128429, -0.107893, 0.0637627, -0.080637, 0.0559072, -0.123335, 0.0652241, -0.067445, 0.0182188, -0.107893, 0.0637627, -0.067445, 0.0182188, -0.0393024, 0.0156674, -0.0781742, 0.0169212, -0.0393024, 0.0156674, -0.0614127, 0.0468575, -0.080637, 0.0559072, -0.0393024, 0.0156674, -0.0240115, 0.00345658, -0.0519106, 0.0266261, -0.0693452, 0.0478158, -0.0198424, 0.0192607, ]
best_mc_result_fixed_tau =   [0.0206718, 0.0206718, ]
evolved_state_fixed_tau =   [[0.0185769, -0.0423798, 0.0241945, -0.0699424, 0.0289908, -0.0576622, 0.00923793, -0.0228559, 0.0227187, -0.0495324, 0.0835787, -0.106501, 0.0227187, -0.0495324, 0.0579994, -0.121643, 0.0293721, -0.117993, 0.0227187, -0.0495324, 0.00923793, -0.0228559, 0.0289908, -0.0576622, 0.0241945, -0.0699424, 0.0309725, -0.0890078, 0.0562405, -0.180522, 0.0309725, -0.0890078, 0.0227187, -0.0495324, 0.0293721, -0.117993, 0.0579994, -0.121643, 0.0411348, -0.144686, 0.0289908, -0.0576622, 0.0325728, -0.0600228, 0.0393673, -0.081181, 0.0582213, -0.124132, 0.0686124, -0.169294, 0.0393673, -0.081181, 0.0835787, -0.106501, 0.0579994, -0.121643, 0.0886019, -0.14648, 0.0579994, -0.121643, 0.0185769, -0.0423798, 0.0241945, -0.0699424, 0.0393673, -0.081181, 0.0309725, -0.0890078, 0.0227187, -0.0495324, 0.0309725, -0.0890078, 0.0582213, -0.124132, 0.0309725, -0.0890078, 0.0686124, -0.169294, 0.0562405, -0.180522, 0.0241945, -0.0699424, 0.0579994, -0.121643, 0.0411348, -0.144686, 0.0579994, -0.121643, 0.0293721, -0.117993, 0.0241945, -0.0699424, 0.0562405, -0.180522, 0.0686124, -0.169294, 0.0562405, -0.180522, 0.0293721, -0.117993, 0.0289908, -0.0576622, 0.0309725, -0.0890078, 0.0393673, -0.081181, 0.0241945, -0.0699424, 0.0227187, -0.0495324, 0.00923793, -0.0228559, 0.0393673, -0.081181, 0.0325728, -0.0600228, 0.0289908, -0.0576622, 0.0393673, -0.081181, 0.0241945, -0.0699424, 0.0185769, -0.0423798, 0.0886019, -0.14648, 0.0579994, -0.121643, 0.0835787, -0.106501, 0.0227187, -0.0495324, 0.0393673, -0.081181, 0.0686124, -0.169294, 0.0582213, -0.124132, 0.0309725, -0.0890078, 0.0579994, -0.121643, 0.0325728, -0.0600228, 0.0582213, -0.124132, 0.0325728, -0.0600228, 0.0289908, -0.0576622, 0.0835787, -0.106501, 0.0289908, -0.0576622, 0.0393673, -0.081181, 0.0309725, -0.0890078, 0.0289908, -0.0576622, 0.00923793, -0.0228559, 0.0227187, -0.0495324, 0.0241945, -0.0699424, 0.0185769, -0.0423798, ],[0.0185769, -0.0423798, 0.0241945, -0.0699424, 0.0289908, -0.0576622, 0.00923793, -0.0228559, 0.0227187, -0.0495324, 0.0835787, -0.106501, 0.0227187, -0.0495324, 0.0579994, -0.121643, 0.0293721, -0.117993, 0.0227187, -0.0495324, 0.00923793, -0.0228559, 0.0289908, -0.0576622, 0.0241945, -0.0699424, 0.0309725, -0.0890078, 0.0562405, -0.180522, 0.0309725, -0.0890078, 0.0227187, -0.0495324, 0.0293721, -0.117993, 0.0579994, -0.121643, 0.0411348, -0.144686, 0.0289908, -0.0576622, 0.0325728, -0.0600228, 0.0393673, -0.081181, 0.0582213, -0.124132, 0.0686124, -0.169294, 0.0393673, -0.081181, 0.0835787, -0.106501, 0.0579994, -0.121643, 0.0886019, -0.14648, 0.0579994, -0.121643, 0.0185769, -0.0423798, 0.0241945, -0.0699424, 0.0393673, -0.081181, 0.0309725, -0.0890078, 0.0227187, -0.0495324, 0.0309725, -0.0890078, 0.0582213, -0.124132, 0.0309725, -0.0890078, 0.0686124, -0.169294, 0.0562405, -0.180522, 0.0241945, -0.0699424, 0.0579994, -0.121643, 0.0411348, -0.144686, 0.0579994, -0.121643, 0.0293721, -0.117993, 0.0241945, -0.0699424, 0.0562405, -0.180522, 0.0686124, -0.169294, 0.0562405, -0.180522, 0.0293721, -0.117993, 0.0289908, -0.0576622, 0.0309725, -0.0890078, 0.0393673, -0.081181, 0.0241945, -0.0699424, 0.0227187, -0.0495324, 0.00923793, -0.0228559, 0.0393673, -0.081181, 0.0325728, -0.0600228, 0.0289908, -0.0576622, 0.0393673, -0.081181, 0.0241945, -0.0699424, 0.0185769, -0.0423798, 0.0886019, -0.14648, 0.0579994, -0.121643, 0.0835787, -0.106501, 0.0227187, -0.0495324, 0.0393673, -0.081181, 0.0686124, -0.169294, 0.0582213, -0.124132, 0.0309725, -0.0890078, 0.0579994, -0.121643, 0.0325728, -0.0600228, 0.0582213, -0.124132, 0.0325728, -0.0600228, 0.0289908, -0.0576622, 0.0835787, -0.106501, 0.0289908, -0.0576622, 0.0393673, -0.081181, 0.0309725, -0.0890078, 0.0289908, -0.0576622, 0.00923793, -0.0228559, 0.0227187, -0.0495324, 0.0241945, -0.0699424, 0.0185769, -0.0423798, ],]
##############################################################################
clock_duration  =         2724.83
tau =                     0.525
total_steps =             32
time_step =               0.021875
best_mc_result =          0.0327228
best_mc_result_non_secondary =          0
evolved_target_dot_squared =  0.967277
distance =          0.265261
j_protocol =  [[0, 0, 0, 0, 0, 0, 0, 0, 0, 0, 0, 0, 0, 0, 0, 0, 0, 0, 0, 0, 0, 0, 0, 0, 0, 0, 0, 0, 0, 0, 0, 0, ],[0, 0, 0, 0, 0, 0, 0, 0, 0, 0, 0, 0, 0, 0, 0, 0, 0, 0, 0, 0, 0, 0, 0, 0, 0, 0, 0, 0, 0, 0, 0, 0, ],]
k_protocol =  [[0, 0, 0, 0, 0, 0, 0, 0, 0, 0, 0, 0, 0, 0, 0, 0, 0, 0, 0, 0, 0, 0, 0, 0, 0, 0, 0, 0, 0, 0, 0, 0, ],[0, 0, 0, 0, 0, 0, 0, 0, 0, 0, 0, 0, 0, 0, 0, 0, 0, 0, 0, 0, 0, 0, 0, 0, 0, 0, 0, 0, 0, 0, 0, 0, ],]
j_protocol_secondary =  [0, 0.0506297, 0.0506297, 0.0855573, 0.0855573, 0.0855573, 0.0855573, 0.0963481, 0.0963481, 0.244514, 0.244514, 0.405233, 0.405233, 0.479788, 0.479788, 0.520573, ]
k_protocol_secondary =  [0.0847524, 0.0847524, 0.0992654, 0.160581, 0.160581, 0.226549, 0.226549, 0.228963, 0.228963, 0.252987, 0.347473, 0.347473, 0.408222, 0.408222, 0.441828, 0.525, ]
best_evolved_state = [-0.0205988, -0.0231133, -0.0670194, -0.048714, -0.0295006, -0.0421889, -0.0170981, -0.0224643, -0.0438398, -0.0385526, -0.0457781, -0.09409, -0.0438398, -0.0385526, -0.105176, -0.0946481, -0.106965, -0.0631634, -0.0438398, -0.0385526, -0.0170981, -0.0224643, -0.0295006, -0.0421889, -0.0670194, -0.048714, -0.0780528, -0.0603689, -0.177745, -0.111912, -0.0780528, -0.0603689, -0.0438398, -0.0385526, -0.106965, -0.0631634, -0.105176, -0.0946481, -0.125815, -0.0800215, -0.0295006, -0.0421889, -0.0491405, -0.0575744, -0.0573365, -0.0514387, -0.0942321, -0.089887, -0.155419, -0.108326, -0.0573365, -0.0514387, -0.0457781, -0.09409, -0.105176, -0.0946481, -0.0772399, -0.125237, -0.105176, -0.0946481, -0.0205988, -0.0231133, -0.0670194, -0.048714, -0.0573365, -0.0514387, -0.0780528, -0.0603689, -0.0438398, -0.0385526, -0.0780528, -0.0603689, -0.0942321, -0.089887, -0.0780528, -0.0603689, -0.155419, -0.108326, -0.177745, -0.111912, -0.0670194, -0.048714, -0.105176, -0.0946481, -0.125815, -0.0800215, -0.105176, -0.0946481, -0.106965, -0.0631634, -0.0670194, -0.048714, -0.177745, -0.111912, -0.155419, -0.108326, -0.177745, -0.111912, -0.106965, -0.0631634, -0.0295006, -0.0421889, -0.0780528, -0.0603689, -0.0573365, -0.0514387, -0.0670194, -0.048714, -0.0438398, -0.0385526, -0.0170981, -0.0224643, -0.0573365, -0.0514387, -0.0491405, -0.0575744, -0.0295006, -0.0421889, -0.0573365, -0.0514387, -0.0670194, -0.048714, -0.0205988, -0.0231133, -0.0772399, -0.125237, -0.105176, -0.0946481, -0.0457781, -0.09409, -0.0438398, -0.0385526, -0.0573365, -0.0514387, -0.155419, -0.108326, -0.0942321, -0.089887, -0.0780528, -0.0603689, -0.105176, -0.0946481, -0.0491405, -0.0575744, -0.0942321, -0.089887, -0.0491405, -0.0575744, -0.0295006, -0.0421889, -0.0457781, -0.09409, -0.0295006, -0.0421889, -0.0573365, -0.0514387, -0.0780528, -0.0603689, -0.0295006, -0.0421889, -0.0170981, -0.0224643, -0.0438398, -0.0385526, -0.0670194, -0.048714, -0.0205988, -0.0231133, ]
best_mc_result_fixed_tau =   [0.0206718, 0.0206718, ]
evolved_state_fixed_tau =   [[0.0185769, -0.0423798, 0.0241945, -0.0699424, 0.0289908, -0.0576622, 0.00923793, -0.0228559, 0.0227187, -0.0495324, 0.0835787, -0.106501, 0.0227187, -0.0495324, 0.0579994, -0.121643, 0.0293721, -0.117993, 0.0227187, -0.0495324, 0.00923793, -0.0228559, 0.0289908, -0.0576622, 0.0241945, -0.0699424, 0.0309725, -0.0890078, 0.0562405, -0.180522, 0.0309725, -0.0890078, 0.0227187, -0.0495324, 0.0293721, -0.117993, 0.0579994, -0.121643, 0.0411348, -0.144686, 0.0289908, -0.0576622, 0.0325728, -0.0600228, 0.0393673, -0.081181, 0.0582213, -0.124132, 0.0686124, -0.169294, 0.0393673, -0.081181, 0.0835787, -0.106501, 0.0579994, -0.121643, 0.0886019, -0.14648, 0.0579994, -0.121643, 0.0185769, -0.0423798, 0.0241945, -0.0699424, 0.0393673, -0.081181, 0.0309725, -0.0890078, 0.0227187, -0.0495324, 0.0309725, -0.0890078, 0.0582213, -0.124132, 0.0309725, -0.0890078, 0.0686124, -0.169294, 0.0562405, -0.180522, 0.0241945, -0.0699424, 0.0579994, -0.121643, 0.0411348, -0.144686, 0.0579994, -0.121643, 0.0293721, -0.117993, 0.0241945, -0.0699424, 0.0562405, -0.180522, 0.0686124, -0.169294, 0.0562405, -0.180522, 0.0293721, -0.117993, 0.0289908, -0.0576622, 0.0309725, -0.0890078, 0.0393673, -0.081181, 0.0241945, -0.0699424, 0.0227187, -0.0495324, 0.00923793, -0.0228559, 0.0393673, -0.081181, 0.0325728, -0.0600228, 0.0289908, -0.0576622, 0.0393673, -0.081181, 0.0241945, -0.0699424, 0.0185769, -0.0423798, 0.0886019, -0.14648, 0.0579994, -0.121643, 0.0835787, -0.106501, 0.0227187, -0.0495324, 0.0393673, -0.081181, 0.0686124, -0.169294, 0.0582213, -0.124132, 0.0309725, -0.0890078, 0.0579994, -0.121643, 0.0325728, -0.0600228, 0.0582213, -0.124132, 0.0325728, -0.0600228, 0.0289908, -0.0576622, 0.0835787, -0.106501, 0.0289908, -0.0576622, 0.0393673, -0.081181, 0.0309725, -0.0890078, 0.0289908, -0.0576622, 0.00923793, -0.0228559, 0.0227187, -0.0495324, 0.0241945, -0.0699424, 0.0185769, -0.0423798, ],[0.0185769, -0.0423798, 0.0241945, -0.0699424, 0.0289908, -0.0576622, 0.00923793, -0.0228559, 0.0227187, -0.0495324, 0.0835787, -0.106501, 0.0227187, -0.0495324, 0.0579994, -0.121643, 0.0293721, -0.117993, 0.0227187, -0.0495324, 0.00923793, -0.0228559, 0.0289908, -0.0576622, 0.0241945, -0.0699424, 0.0309725, -0.0890078, 0.0562405, -0.180522, 0.0309725, -0.0890078, 0.0227187, -0.0495324, 0.0293721, -0.117993, 0.0579994, -0.121643, 0.0411348, -0.144686, 0.0289908, -0.0576622, 0.0325728, -0.0600228, 0.0393673, -0.081181, 0.0582213, -0.124132, 0.0686124, -0.169294, 0.0393673, -0.081181, 0.0835787, -0.106501, 0.0579994, -0.121643, 0.0886019, -0.14648, 0.0579994, -0.121643, 0.0185769, -0.0423798, 0.0241945, -0.0699424, 0.0393673, -0.081181, 0.0309725, -0.0890078, 0.0227187, -0.0495324, 0.0309725, -0.0890078, 0.0582213, -0.124132, 0.0309725, -0.0890078, 0.0686124, -0.169294, 0.0562405, -0.180522, 0.0241945, -0.0699424, 0.0579994, -0.121643, 0.0411348, -0.144686, 0.0579994, -0.121643, 0.0293721, -0.117993, 0.0241945, -0.0699424, 0.0562405, -0.180522, 0.0686124, -0.169294, 0.0562405, -0.180522, 0.0293721, -0.117993, 0.0289908, -0.0576622, 0.0309725, -0.0890078, 0.0393673, -0.081181, 0.0241945, -0.0699424, 0.0227187, -0.0495324, 0.00923793, -0.0228559, 0.0393673, -0.081181, 0.0325728, -0.0600228, 0.0289908, -0.0576622, 0.0393673, -0.081181, 0.0241945, -0.0699424, 0.0185769, -0.0423798, 0.0886019, -0.14648, 0.0579994, -0.121643, 0.0835787, -0.106501, 0.0227187, -0.0495324, 0.0393673, -0.081181, 0.0686124, -0.169294, 0.0582213, -0.124132, 0.0309725, -0.0890078, 0.0579994, -0.121643, 0.0325728, -0.0600228, 0.0582213, -0.124132, 0.0325728, -0.0600228, 0.0289908, -0.0576622, 0.0835787, -0.106501, 0.0289908, -0.0576622, 0.0393673, -0.081181, 0.0309725, -0.0890078, 0.0289908, -0.0576622, 0.00923793, -0.0228559, 0.0227187, -0.0495324, 0.0241945, -0.0699424, 0.0185769, -0.0423798, ],]
##############################################################################
clock_duration  =         3507.78
tau =                     0.6125
total_steps =             32
time_step =               0.021875
best_mc_result =          0.0243441
best_mc_result_non_secondary =          0
evolved_target_dot_squared =  0.975656
distance =          0.197341
j_protocol =  [[0, 0, 0, 0, 0, 0, 0, 0, 0, 0, 0, 0, 0, 0, 0, 0, 0, 0, 0, 0, 0, 0, 0, 0, 0, 0, 0, 0, 0, 0, 0, 0, ],[0, 0, 0, 0, 0, 0, 0, 0, 0, 0, 0, 0, 0, 0, 0, 0, 0, 0, 0, 0, 0, 0, 0, 0, 0, 0, 0, 0, 0, 0, 0, 0, ],]
k_protocol =  [[0, 0, 0, 0, 0, 0, 0, 0, 0, 0, 0, 0, 0, 0, 0, 0, 0, 0, 0, 0, 0, 0, 0, 0, 0, 0, 0, 0, 0, 0, 0, 0, ],[0, 0, 0, 0, 0, 0, 0, 0, 0, 0, 0, 0, 0, 0, 0, 0, 0, 0, 0, 0, 0, 0, 0, 0, 0, 0, 0, 0, 0, 0, 0, 0, ],]
j_protocol_secondary =  [0, 0.059068, 0.059068, 0.0998168, 0.0998168, 0.0998168, 0.0998168, 0.112406, 0.112406, 0.285267, 0.285267, 0.472771, 0.472771, 0.559752, 0.559752, 0.607729, ]
k_protocol_secondary =  [0.0988778, 0.0988778, 0.116273, 0.187344, 0.187344, 0.264307, 0.264307, 0.267123, 0.267123, 0.295466, 0.405386, 0.405386, 0.475173, 0.475173, 0.519058, 0.6125, ]
best_evolved_state = [-0.00445228, -0.0396431, -0.0267799, -0.0744871, -0.00339213, -0.059014, -0.00470583, -0.0268815, -0.01365, -0.0547829, 0.0132449, -0.117898, -0.01365, -0.0547829, -0.0311088, -0.134244, -0.0493997, -0.115069, -0.01365, -0.0547829, -0.00470583, -0.0268815, -0.00339213, -0.059014, -0.0267799, -0.0744871, -0.0300603, -0.0931954, -0.0739684, -0.182164, -0.0300603, -0.0931954, -0.01365, -0.0547829, -0.0493997, -0.115069, -0.0311088, -0.134244, -0.0548611, -0.142526, -0.00339213, -0.059014, -0.0107209, -0.0713223, -0.0152104, -0.0825224, -0.0258795, -0.132138, -0.0573727, -0.176505, -0.0152104, -0.0825224, 0.0132449, -0.117898, -0.0311088, -0.134244, -0.000995545, -0.159244, -0.0311088, -0.134244, -0.00445228, -0.0396431, -0.0267799, -0.0744871, -0.0152104, -0.0825224, -0.0300603, -0.0931954, -0.01365, -0.0547829, -0.0300603, -0.0931954, -0.0258795, -0.132138, -0.0300603, -0.0931954, -0.0573727, -0.176505, -0.0739684, -0.182164, -0.0267799, -0.0744871, -0.0311088, -0.134244, -0.0548611, -0.142526, -0.0311088, -0.134244, -0.0493997, -0.115069, -0.0267799, -0.0744871, -0.0739684, -0.182164, -0.0573727, -0.176505, -0.0739684, -0.182164, -0.0493997, -0.115069, -0.00339213, -0.059014, -0.0300603, -0.0931954, -0.0152104, -0.0825224, -0.0267799, -0.0744871, -0.01365, -0.0547829, -0.00470583, -0.0268815, -0.0152104, -0.0825224, -0.0107209, -0.0713223, -0.00339213, -0.059014, -0.0152104, -0.0825224, -0.0267799, -0.0744871, -0.00445228, -0.0396431, -0.000995545, -0.159244, -0.0311088, -0.134244, 0.0132449, -0.117898, -0.01365, -0.0547829, -0.0152104, -0.0825224, -0.0573727, -0.176505, -0.0258795, -0.132138, -0.0300603, -0.0931954, -0.0311088, -0.134244, -0.0107209, -0.0713223, -0.0258795, -0.132138, -0.0107209, -0.0713223, -0.00339213, -0.059014, 0.0132449, -0.117898, -0.00339213, -0.059014, -0.0152104, -0.0825224, -0.0300603, -0.0931954, -0.00339213, -0.059014, -0.00470583, -0.0268815, -0.01365, -0.0547829, -0.0267799, -0.0744871, -0.00445228, -0.0396431, ]
best_mc_result_fixed_tau =   [0.0206718, 0.0206718, ]
evolved_state_fixed_tau =   [[0.0185769, -0.0423798, 0.0241945, -0.0699424, 0.0289908, -0.0576622, 0.00923793, -0.0228559, 0.0227187, -0.0495324, 0.0835787, -0.106501, 0.0227187, -0.0495324, 0.0579994, -0.121643, 0.0293721, -0.117993, 0.0227187, -0.0495324, 0.00923793, -0.0228559, 0.0289908, -0.0576622, 0.0241945, -0.0699424, 0.0309725, -0.0890078, 0.0562405, -0.180522, 0.0309725, -0.0890078, 0.0227187, -0.0495324, 0.0293721, -0.117993, 0.0579994, -0.121643, 0.0411348, -0.144686, 0.0289908, -0.0576622, 0.0325728, -0.0600228, 0.0393673, -0.081181, 0.0582213, -0.124132, 0.0686124, -0.169294, 0.0393673, -0.081181, 0.0835787, -0.106501, 0.0579994, -0.121643, 0.0886019, -0.14648, 0.0579994, -0.121643, 0.0185769, -0.0423798, 0.0241945, -0.0699424, 0.0393673, -0.081181, 0.0309725, -0.0890078, 0.0227187, -0.0495324, 0.0309725, -0.0890078, 0.0582213, -0.124132, 0.0309725, -0.0890078, 0.0686124, -0.169294, 0.0562405, -0.180522, 0.0241945, -0.0699424, 0.0579994, -0.121643, 0.0411348, -0.144686, 0.0579994, -0.121643, 0.0293721, -0.117993, 0.0241945, -0.0699424, 0.0562405, -0.180522, 0.0686124, -0.169294, 0.0562405, -0.180522, 0.0293721, -0.117993, 0.0289908, -0.0576622, 0.0309725, -0.0890078, 0.0393673, -0.081181, 0.0241945, -0.0699424, 0.0227187, -0.0495324, 0.00923793, -0.0228559, 0.0393673, -0.081181, 0.0325728, -0.0600228, 0.0289908, -0.0576622, 0.0393673, -0.081181, 0.0241945, -0.0699424, 0.0185769, -0.0423798, 0.0886019, -0.14648, 0.0579994, -0.121643, 0.0835787, -0.106501, 0.0227187, -0.0495324, 0.0393673, -0.081181, 0.0686124, -0.169294, 0.0582213, -0.124132, 0.0309725, -0.0890078, 0.0579994, -0.121643, 0.0325728, -0.0600228, 0.0582213, -0.124132, 0.0325728, -0.0600228, 0.0289908, -0.0576622, 0.0835787, -0.106501, 0.0289908, -0.0576622, 0.0393673, -0.081181, 0.0309725, -0.0890078, 0.0289908, -0.0576622, 0.00923793, -0.0228559, 0.0227187, -0.0495324, 0.0241945, -0.0699424, 0.0185769, -0.0423798, ],[0.0185769, -0.0423798, 0.0241945, -0.0699424, 0.0289908, -0.0576622, 0.00923793, -0.0228559, 0.0227187, -0.0495324, 0.0835787, -0.106501, 0.0227187, -0.0495324, 0.0579994, -0.121643, 0.0293721, -0.117993, 0.0227187, -0.0495324, 0.00923793, -0.0228559, 0.0289908, -0.0576622, 0.0241945, -0.0699424, 0.0309725, -0.0890078, 0.0562405, -0.180522, 0.0309725, -0.0890078, 0.0227187, -0.0495324, 0.0293721, -0.117993, 0.0579994, -0.121643, 0.0411348, -0.144686, 0.0289908, -0.0576622, 0.0325728, -0.0600228, 0.0393673, -0.081181, 0.0582213, -0.124132, 0.0686124, -0.169294, 0.0393673, -0.081181, 0.0835787, -0.106501, 0.0579994, -0.121643, 0.0886019, -0.14648, 0.0579994, -0.121643, 0.0185769, -0.0423798, 0.0241945, -0.0699424, 0.0393673, -0.081181, 0.0309725, -0.0890078, 0.0227187, -0.0495324, 0.0309725, -0.0890078, 0.0582213, -0.124132, 0.0309725, -0.0890078, 0.0686124, -0.169294, 0.0562405, -0.180522, 0.0241945, -0.0699424, 0.0579994, -0.121643, 0.0411348, -0.144686, 0.0579994, -0.121643, 0.0293721, -0.117993, 0.0241945, -0.0699424, 0.0562405, -0.180522, 0.0686124, -0.169294, 0.0562405, -0.180522, 0.0293721, -0.117993, 0.0289908, -0.0576622, 0.0309725, -0.0890078, 0.0393673, -0.081181, 0.0241945, -0.0699424, 0.0227187, -0.0495324, 0.00923793, -0.0228559, 0.0393673, -0.081181, 0.0325728, -0.0600228, 0.0289908, -0.0576622, 0.0393673, -0.081181, 0.0241945, -0.0699424, 0.0185769, -0.0423798, 0.0886019, -0.14648, 0.0579994, -0.121643, 0.0835787, -0.106501, 0.0227187, -0.0495324, 0.0393673, -0.081181, 0.0686124, -0.169294, 0.0582213, -0.124132, 0.0309725, -0.0890078, 0.0579994, -0.121643, 0.0325728, -0.0600228, 0.0582213, -0.124132, 0.0325728, -0.0600228, 0.0289908, -0.0576622, 0.0835787, -0.106501, 0.0289908, -0.0576622, 0.0393673, -0.081181, 0.0309725, -0.0890078, 0.0289908, -0.0576622, 0.00923793, -0.0228559, 0.0227187, -0.0495324, 0.0241945, -0.0699424, 0.0185769, -0.0423798, ],]
##############################################################################
clock_duration  =         4401.31
tau =                     0.65625
total_steps =             32
time_step =               0.021875
best_mc_result =          0.0217089
best_mc_result_non_secondary =          0
evolved_target_dot_squared =  0.978291
distance =          0.175979
j_protocol =  [[0, 0, 0, 0, 0, 0, 0, 0, 0, 0, 0, 0, 0, 0, 0, 0, 0, 0, 0, 0, 0, 0, 0, 0, 0, 0, 0, 0, 0, 0, 0, 0, ],[0, 0, 0, 0, 0, 0, 0, 0, 0, 0, 0, 0, 0, 0, 0, 0, 0, 0, 0, 0, 0, 0, 0, 0, 0, 0, 0, 0, 0, 0, 0, 0, ],]
k_protocol =  [[0, 0, 0, 0, 0, 0, 0, 0, 0, 0, 0, 0, 0, 0, 0, 0, 0, 0, 0, 0, 0, 0, 0, 0, 0, 0, 0, 0, 0, 0, 0, 0, ],[0, 0, 0, 0, 0, 0, 0, 0, 0, 0, 0, 0, 0, 0, 0, 0, 0, 0, 0, 0, 0, 0, 0, 0, 0, 0, 0, 0, 0, 0, 0, 0, ],]
j_protocol_secondary =  [0, 0.0632871, 0.0632871, 0.106947, 0.106947, 0.106947, 0.106947, 0.120435, 0.120435, 0.305643, 0.305643, 0.506541, 0.506541, 0.599735, 0.599735, 0.651995, ]
k_protocol_secondary =  [0.105145, 0.107692, 0.121893, 0.195451, 0.203571, 0.28123, 0.283207, 0.283207, 0.287356, 0.319862, 0.427475, 0.435853, 0.509206, 0.509206, 0.562527, 0.65625, ]
best_evolved_state = [0.00637932, -0.0437779, -0.00216173, -0.0770488, 0.0125988, -0.0613526, 0.00270722, -0.0262791, 0.00445759, -0.0559874, 0.0469048, -0.115843, 0.00445759, -0.0559874, 0.0126807, -0.135683, -0.0122525, -0.124948, 0.00445759, -0.0559874, 0.00270722, -0.0262791, 0.0125988, -0.0613526, -0.00216173, -0.0770488, -0.000484169, -0.0970485, -0.012137, -0.189333, -0.000484169, -0.0970485, 0.00445759, -0.0559874, -0.0122525, -0.124948, 0.0126807, -0.135683, -0.00936637, -0.153961, 0.0125988, -0.0613526, 0.0112842, -0.0691488, 0.0110349, -0.0876194, 0.0150745, -0.135488, 0.00252144, -0.183324, 0.0110349, -0.0876194, 0.0469048, -0.115843, 0.0126807, -0.135683, 0.0423965, -0.157818, 0.0126807, -0.135683, 0.00637932, -0.0437779, -0.00216173, -0.0770488, 0.0110349, -0.0876194, -0.000484169, -0.0970485, 0.00445759, -0.0559874, -0.000484169, -0.0970485, 0.0150745, -0.135488, -0.000484169, -0.0970485, 0.00252144, -0.183324, -0.012137, -0.189333, -0.00216173, -0.0770488, 0.0126807, -0.135683, -0.00936637, -0.153961, 0.0126807, -0.135683, -0.0122525, -0.124948, -0.00216173, -0.0770488, -0.012137, -0.189333, 0.00252144, -0.183324, -0.012137, -0.189333, -0.0122525, -0.124948, 0.0125988, -0.0613526, -0.000484169, -0.0970485, 0.0110349, -0.0876194, -0.00216173, -0.0770488, 0.00445759, -0.0559874, 0.00270722, -0.0262791, 0.0110349, -0.0876194, 0.0112842, -0.0691488, 0.0125988, -0.0613526, 0.0110349, -0.0876194, -0.00216173, -0.0770488, 0.00637932, -0.0437779, 0.0423965, -0.157818, 0.0126807, -0.135683, 0.0469048, -0.115843, 0.00445759, -0.0559874, 0.0110349, -0.0876194, 0.00252144, -0.183324, 0.0150745, -0.135488, -0.000484169, -0.0970485, 0.0126807, -0.135683, 0.0112842, -0.0691488, 0.0150745, -0.135488, 0.0112842, -0.0691488, 0.0125988, -0.0613526, 0.0469048, -0.115843, 0.0125988, -0.0613526, 0.0110349, -0.0876194, -0.000484169, -0.0970485, 0.0125988, -0.0613526, 0.00270722, -0.0262791, 0.00445759, -0.0559874, -0.00216173, -0.0770488, 0.00637932, -0.0437779, ]
best_mc_result_fixed_tau =   [0.0206718, 0.0206718, ]
evolved_state_fixed_tau =   [[0.0185769, -0.0423798, 0.0241945, -0.0699424, 0.0289908, -0.0576622, 0.00923793, -0.0228559, 0.0227187, -0.0495324, 0.0835787, -0.106501, 0.0227187, -0.0495324, 0.0579994, -0.121643, 0.0293721, -0.117993, 0.0227187, -0.0495324, 0.00923793, -0.0228559, 0.0289908, -0.0576622, 0.0241945, -0.0699424, 0.0309725, -0.0890078, 0.0562405, -0.180522, 0.0309725, -0.0890078, 0.0227187, -0.0495324, 0.0293721, -0.117993, 0.0579994, -0.121643, 0.0411348, -0.144686, 0.0289908, -0.0576622, 0.0325728, -0.0600228, 0.0393673, -0.081181, 0.0582213, -0.124132, 0.0686124, -0.169294, 0.0393673, -0.081181, 0.0835787, -0.106501, 0.0579994, -0.121643, 0.0886019, -0.14648, 0.0579994, -0.121643, 0.0185769, -0.0423798, 0.0241945, -0.0699424, 0.0393673, -0.081181, 0.0309725, -0.0890078, 0.0227187, -0.0495324, 0.0309725, -0.0890078, 0.0582213, -0.124132, 0.0309725, -0.0890078, 0.0686124, -0.169294, 0.0562405, -0.180522, 0.0241945, -0.0699424, 0.0579994, -0.121643, 0.0411348, -0.144686, 0.0579994, -0.121643, 0.0293721, -0.117993, 0.0241945, -0.0699424, 0.0562405, -0.180522, 0.0686124, -0.169294, 0.0562405, -0.180522, 0.0293721, -0.117993, 0.0289908, -0.0576622, 0.0309725, -0.0890078, 0.0393673, -0.081181, 0.0241945, -0.0699424, 0.0227187, -0.0495324, 0.00923793, -0.0228559, 0.0393673, -0.081181, 0.0325728, -0.0600228, 0.0289908, -0.0576622, 0.0393673, -0.081181, 0.0241945, -0.0699424, 0.0185769, -0.0423798, 0.0886019, -0.14648, 0.0579994, -0.121643, 0.0835787, -0.106501, 0.0227187, -0.0495324, 0.0393673, -0.081181, 0.0686124, -0.169294, 0.0582213, -0.124132, 0.0309725, -0.0890078, 0.0579994, -0.121643, 0.0325728, -0.0600228, 0.0582213, -0.124132, 0.0325728, -0.0600228, 0.0289908, -0.0576622, 0.0835787, -0.106501, 0.0289908, -0.0576622, 0.0393673, -0.081181, 0.0309725, -0.0890078, 0.0289908, -0.0576622, 0.00923793, -0.0228559, 0.0227187, -0.0495324, 0.0241945, -0.0699424, 0.0185769, -0.0423798, ],[0.0185769, -0.0423798, 0.0241945, -0.0699424, 0.0289908, -0.0576622, 0.00923793, -0.0228559, 0.0227187, -0.0495324, 0.0835787, -0.106501, 0.0227187, -0.0495324, 0.0579994, -0.121643, 0.0293721, -0.117993, 0.0227187, -0.0495324, 0.00923793, -0.0228559, 0.0289908, -0.0576622, 0.0241945, -0.0699424, 0.0309725, -0.0890078, 0.0562405, -0.180522, 0.0309725, -0.0890078, 0.0227187, -0.0495324, 0.0293721, -0.117993, 0.0579994, -0.121643, 0.0411348, -0.144686, 0.0289908, -0.0576622, 0.0325728, -0.0600228, 0.0393673, -0.081181, 0.0582213, -0.124132, 0.0686124, -0.169294, 0.0393673, -0.081181, 0.0835787, -0.106501, 0.0579994, -0.121643, 0.0886019, -0.14648, 0.0579994, -0.121643, 0.0185769, -0.0423798, 0.0241945, -0.0699424, 0.0393673, -0.081181, 0.0309725, -0.0890078, 0.0227187, -0.0495324, 0.0309725, -0.0890078, 0.0582213, -0.124132, 0.0309725, -0.0890078, 0.0686124, -0.169294, 0.0562405, -0.180522, 0.0241945, -0.0699424, 0.0579994, -0.121643, 0.0411348, -0.144686, 0.0579994, -0.121643, 0.0293721, -0.117993, 0.0241945, -0.0699424, 0.0562405, -0.180522, 0.0686124, -0.169294, 0.0562405, -0.180522, 0.0293721, -0.117993, 0.0289908, -0.0576622, 0.0309725, -0.0890078, 0.0393673, -0.081181, 0.0241945, -0.0699424, 0.0227187, -0.0495324, 0.00923793, -0.0228559, 0.0393673, -0.081181, 0.0325728, -0.0600228, 0.0289908, -0.0576622, 0.0393673, -0.081181, 0.0241945, -0.0699424, 0.0185769, -0.0423798, 0.0886019, -0.14648, 0.0579994, -0.121643, 0.0835787, -0.106501, 0.0227187, -0.0495324, 0.0393673, -0.081181, 0.0686124, -0.169294, 0.0582213, -0.124132, 0.0309725, -0.0890078, 0.0579994, -0.121643, 0.0325728, -0.0600228, 0.0582213, -0.124132, 0.0325728, -0.0600228, 0.0289908, -0.0576622, 0.0835787, -0.106501, 0.0289908, -0.0576622, 0.0393673, -0.081181, 0.0309725, -0.0890078, 0.0289908, -0.0576622, 0.00923793, -0.0228559, 0.0227187, -0.0495324, 0.0241945, -0.0699424, 0.0185769, -0.0423798, ],]
##############################################################################
clock_duration  =         5348.51
tau =                     0.678125
total_steps =             32
time_step =               0.021875
best_mc_result =          0.0206694
best_mc_result_non_secondary =          0
evolved_target_dot_squared =  0.979331
distance =          0.167552
j_protocol =  [[0, 0, 0, 0, 0, 0, 0, 0, 0, 0, 0, 0, 0, 0, 0, 0, 0, 0, 0, 0, 0, 0, 0, 0, 0, 0, 0, 0, 0, 0, 0, 0, ],[0, 0, 0, 0, 0, 0, 0, 0, 0, 0, 0, 0, 0, 0, 0, 0, 0, 0, 0, 0, 0, 0, 0, 0, 0, 0, 0, 0, 0, 0, 0, 0, ],]
k_protocol =  [[0, 0, 0, 0, 0, 0, 0, 0, 0, 0, 0, 0, 0, 0, 0, 0, 0, 0, 0, 0, 0, 0, 0, 0, 0, 0, 0, 0, 0, 0, 0, 0, ],[0, 0, 0, 0, 0, 0, 0, 0, 0, 0, 0, 0, 0, 0, 0, 0, 0, 0, 0, 0, 0, 0, 0, 0, 0, 0, 0, 0, 0, 0, 0, 0, ],]
j_protocol_secondary =  [0, 0.0653967, 0.0653967, 0.110511, 0.110511, 0.110511, 0.110511, 0.12445, 0.12445, 0.315831, 0.315831, 0.523425, 0.523425, 0.619726, 0.619726, 0.674353, ]
k_protocol_secondary =  [0.103265, 0.115123, 0.122714, 0.194341, 0.215222, 0.285638, 0.292183, 0.292183, 0.298398, 0.33202, 0.431547, 0.454185, 0.526139, 0.526139, 0.590286, 0.678125, ]
best_evolved_state = [0.0126931, -0.0429713, 0.0117745, -0.075776, 0.0219342, -0.0591737, 0.0074457, -0.025123, 0.0146764, -0.0545464, 0.0647843, -0.109326, 0.0146764, -0.0545464, 0.0363729, -0.131444, 0.00859246, -0.124491, 0.0146764, -0.0545464, 0.0074457, -0.025123, 0.0219342, -0.0591737, 0.0117745, -0.075776, 0.0161422, -0.0952109, 0.0204245, -0.187488, 0.0161422, -0.0952109, 0.0146764, -0.0545464, 0.00859246, -0.124491, 0.0363729, -0.131444, 0.0159644, -0.15277, 0.0219342, -0.0591737, 0.023692, -0.0659306, 0.0254176, -0.0856279, 0.0370929, -0.131013, 0.0340891, -0.179311, 0.0254176, -0.0856279, 0.0647843, -0.109326, 0.0363729, -0.131444, 0.0663906, -0.150565, 0.0363729, -0.131444, 0.0126931, -0.0429713, 0.0117745, -0.075776, 0.0254176, -0.0856279, 0.0161422, -0.0952109, 0.0146764, -0.0545464, 0.0161422, -0.0952109, 0.0370929, -0.131013, 0.0161422, -0.0952109, 0.0340891, -0.179311, 0.0204245, -0.187488, 0.0117745, -0.075776, 0.0363729, -0.131444, 0.0159644, -0.15277, 0.0363729, -0.131444, 0.00859246, -0.124491, 0.0117745, -0.075776, 0.0204245, -0.187488, 0.0340891, -0.179311, 0.0204245, -0.187488, 0.00859246, -0.124491, 0.0219342, -0.0591737, 0.0161422, -0.0952109, 0.0254176, -0.0856279, 0.0117745, -0.075776, 0.0146764, -0.0545464, 0.0074457, -0.025123, 0.0254176, -0.0856279, 0.023692, -0.0659306, 0.0219342, -0.0591737, 0.0254176, -0.0856279, 0.0117745, -0.075776, 0.0126931, -0.0429713, 0.0663906, -0.150565, 0.0363729, -0.131444, 0.0647843, -0.109326, 0.0146764, -0.0545464, 0.0254176, -0.0856279, 0.0340891, -0.179311, 0.0370929, -0.131013, 0.0161422, -0.0952109, 0.0363729, -0.131444, 0.023692, -0.0659306, 0.0370929, -0.131013, 0.023692, -0.0659306, 0.0219342, -0.0591737, 0.0647843, -0.109326, 0.0219342, -0.0591737, 0.0254176, -0.0856279, 0.0161422, -0.0952109, 0.0219342, -0.0591737, 0.0074457, -0.025123, 0.0146764, -0.0545464, 0.0117745, -0.075776, 0.0126931, -0.0429713, ]
best_mc_result_fixed_tau =   [0.0206718, 0.0206718, ]
evolved_state_fixed_tau =   [[0.0185769, -0.0423798, 0.0241945, -0.0699424, 0.0289908, -0.0576622, 0.00923793, -0.0228559, 0.0227187, -0.0495324, 0.0835787, -0.106501, 0.0227187, -0.0495324, 0.0579994, -0.121643, 0.0293721, -0.117993, 0.0227187, -0.0495324, 0.00923793, -0.0228559, 0.0289908, -0.0576622, 0.0241945, -0.0699424, 0.0309725, -0.0890078, 0.0562405, -0.180522, 0.0309725, -0.0890078, 0.0227187, -0.0495324, 0.0293721, -0.117993, 0.0579994, -0.121643, 0.0411348, -0.144686, 0.0289908, -0.0576622, 0.0325728, -0.0600228, 0.0393673, -0.081181, 0.0582213, -0.124132, 0.0686124, -0.169294, 0.0393673, -0.081181, 0.0835787, -0.106501, 0.0579994, -0.121643, 0.0886019, -0.14648, 0.0579994, -0.121643, 0.0185769, -0.0423798, 0.0241945, -0.0699424, 0.0393673, -0.081181, 0.0309725, -0.0890078, 0.0227187, -0.0495324, 0.0309725, -0.0890078, 0.0582213, -0.124132, 0.0309725, -0.0890078, 0.0686124, -0.169294, 0.0562405, -0.180522, 0.0241945, -0.0699424, 0.0579994, -0.121643, 0.0411348, -0.144686, 0.0579994, -0.121643, 0.0293721, -0.117993, 0.0241945, -0.0699424, 0.0562405, -0.180522, 0.0686124, -0.169294, 0.0562405, -0.180522, 0.0293721, -0.117993, 0.0289908, -0.0576622, 0.0309725, -0.0890078, 0.0393673, -0.081181, 0.0241945, -0.0699424, 0.0227187, -0.0495324, 0.00923793, -0.0228559, 0.0393673, -0.081181, 0.0325728, -0.0600228, 0.0289908, -0.0576622, 0.0393673, -0.081181, 0.0241945, -0.0699424, 0.0185769, -0.0423798, 0.0886019, -0.14648, 0.0579994, -0.121643, 0.0835787, -0.106501, 0.0227187, -0.0495324, 0.0393673, -0.081181, 0.0686124, -0.169294, 0.0582213, -0.124132, 0.0309725, -0.0890078, 0.0579994, -0.121643, 0.0325728, -0.0600228, 0.0582213, -0.124132, 0.0325728, -0.0600228, 0.0289908, -0.0576622, 0.0835787, -0.106501, 0.0289908, -0.0576622, 0.0393673, -0.081181, 0.0309725, -0.0890078, 0.0289908, -0.0576622, 0.00923793, -0.0228559, 0.0227187, -0.0495324, 0.0241945, -0.0699424, 0.0185769, -0.0423798, ],[0.0185769, -0.0423798, 0.0241945, -0.0699424, 0.0289908, -0.0576622, 0.00923793, -0.0228559, 0.0227187, -0.0495324, 0.0835787, -0.106501, 0.0227187, -0.0495324, 0.0579994, -0.121643, 0.0293721, -0.117993, 0.0227187, -0.0495324, 0.00923793, -0.0228559, 0.0289908, -0.0576622, 0.0241945, -0.0699424, 0.0309725, -0.0890078, 0.0562405, -0.180522, 0.0309725, -0.0890078, 0.0227187, -0.0495324, 0.0293721, -0.117993, 0.0579994, -0.121643, 0.0411348, -0.144686, 0.0289908, -0.0576622, 0.0325728, -0.0600228, 0.0393673, -0.081181, 0.0582213, -0.124132, 0.0686124, -0.169294, 0.0393673, -0.081181, 0.0835787, -0.106501, 0.0579994, -0.121643, 0.0886019, -0.14648, 0.0579994, -0.121643, 0.0185769, -0.0423798, 0.0241945, -0.0699424, 0.0393673, -0.081181, 0.0309725, -0.0890078, 0.0227187, -0.0495324, 0.0309725, -0.0890078, 0.0582213, -0.124132, 0.0309725, -0.0890078, 0.0686124, -0.169294, 0.0562405, -0.180522, 0.0241945, -0.0699424, 0.0579994, -0.121643, 0.0411348, -0.144686, 0.0579994, -0.121643, 0.0293721, -0.117993, 0.0241945, -0.0699424, 0.0562405, -0.180522, 0.0686124, -0.169294, 0.0562405, -0.180522, 0.0293721, -0.117993, 0.0289908, -0.0576622, 0.0309725, -0.0890078, 0.0393673, -0.081181, 0.0241945, -0.0699424, 0.0227187, -0.0495324, 0.00923793, -0.0228559, 0.0393673, -0.081181, 0.0325728, -0.0600228, 0.0289908, -0.0576622, 0.0393673, -0.081181, 0.0241945, -0.0699424, 0.0185769, -0.0423798, 0.0886019, -0.14648, 0.0579994, -0.121643, 0.0835787, -0.106501, 0.0227187, -0.0495324, 0.0393673, -0.081181, 0.0686124, -0.169294, 0.0582213, -0.124132, 0.0309725, -0.0890078, 0.0579994, -0.121643, 0.0325728, -0.0600228, 0.0582213, -0.124132, 0.0325728, -0.0600228, 0.0289908, -0.0576622, 0.0835787, -0.106501, 0.0289908, -0.0576622, 0.0393673, -0.081181, 0.0309725, -0.0890078, 0.0289908, -0.0576622, 0.00923793, -0.0228559, 0.0227187, -0.0495324, 0.0241945, -0.0699424, 0.0185769, -0.0423798, ],]
##############################################################################
clock_duration  =         6292.55
tau =                     0.689062
total_steps =             32
time_step =               0.021875
best_mc_result =          0.0201553
best_mc_result_non_secondary =          0
evolved_target_dot_squared =  0.979845
distance =          0.163385
j_protocol =  [[0, 0, 0, 0, 0, 0, 0, 0, 0, 0, 0, 0, 0, 0, 0, 0, 0, 0, 0, 0, 0, 0, 0, 0, 0, 0, 0, 0, 0, 0, 0, 0, ],[0, 0, 0, 0, 0, 0, 0, 0, 0, 0, 0, 0, 0, 0, 0, 0, 0, 0, 0, 0, 0, 0, 0, 0, 0, 0, 0, 0, 0, 0, 0, 0, ],]
k_protocol =  [[0, 0, 0, 0, 0, 0, 0, 0, 0, 0, 0, 0, 0, 0, 0, 0, 0, 0, 0, 0, 0, 0, 0, 0, 0, 0, 0, 0, 0, 0, 0, 0, ],[0, 0, 0, 0, 0, 0, 0, 0, 0, 0, 0, 0, 0, 0, 0, 0, 0, 0, 0, 0, 0, 0, 0, 0, 0, 0, 0, 0, 0, 0, 0, 0, ],]
j_protocol_secondary =  [0, 0.0664515, 0.0664515, 0.112294, 0.112294, 0.112294, 0.112294, 0.126457, 0.126457, 0.320925, 0.320925, 0.531868, 0.531868, 0.629721, 0.629721, 0.685296, ]
k_protocol_secondary =  [0.104842, 0.118944, 0.120182, 0.194701, 0.221459, 0.286608, 0.297234, 0.29759, 0.305152, 0.339166, 0.432228, 0.46204, 0.534625, 0.534625, 0.603904, 0.689062, ]
best_evolved_state = [0.0156826, -0.0420366, 0.0185867, -0.0742818, 0.0263801, -0.0573664, 0.00974727, -0.0242203, 0.0196368, -0.0531839, 0.0731789, -0.104908, 0.0196368, -0.0531839, 0.0477757, -0.127946, 0.0187335, -0.122879, 0.0196368, -0.0531839, 0.00974727, -0.0242203, 0.0263801, -0.0573664, 0.0185867, -0.0742818, 0.0242156, -0.0932525, 0.0362361, -0.184715, 0.0242156, -0.0932525, 0.0196368, -0.0531839, 0.0187335, -0.122879, 0.0477757, -0.127946, 0.0282536, -0.150525, 0.0263801, -0.0573664, 0.0296978, -0.0636259, 0.0323136, -0.0836622, 0.0476031, -0.127427, 0.0492418, -0.175482, 0.0323136, -0.0836622, 0.0731789, -0.104908, 0.0477757, -0.127946, 0.0778574, -0.145358, 0.0477757, -0.127946, 0.0156826, -0.0420366, 0.0185867, -0.0742818, 0.0323136, -0.0836622, 0.0242156, -0.0932525, 0.0196368, -0.0531839, 0.0242156, -0.0932525, 0.0476031, -0.127427, 0.0242156, -0.0932525, 0.0492418, -0.175482, 0.0362361, -0.184715, 0.0185867, -0.0742818, 0.0477757, -0.127946, 0.0282536, -0.150525, 0.0477757, -0.127946, 0.0187335, -0.122879, 0.0185867, -0.0742818, 0.0362361, -0.184715, 0.0492418, -0.175482, 0.0362361, -0.184715, 0.0187335, -0.122879, 0.0263801, -0.0573664, 0.0242156, -0.0932525, 0.0323136, -0.0836622, 0.0185867, -0.0742818, 0.0196368, -0.0531839, 0.00974727, -0.0242203, 0.0323136, -0.0836622, 0.0296978, -0.0636259, 0.0263801, -0.0573664, 0.0323136, -0.0836622, 0.0185867, -0.0742818, 0.0156826, -0.0420366, 0.0778574, -0.145358, 0.0477757, -0.127946, 0.0731789, -0.104908, 0.0196368, -0.0531839, 0.0323136, -0.0836622, 0.0492418, -0.175482, 0.0476031, -0.127427, 0.0242156, -0.0932525, 0.0477757, -0.127946, 0.0296978, -0.0636259, 0.0476031, -0.127427, 0.0296978, -0.0636259, 0.0263801, -0.0573664, 0.0731789, -0.104908, 0.0263801, -0.0573664, 0.0323136, -0.0836622, 0.0242156, -0.0932525, 0.0263801, -0.0573664, 0.00974727, -0.0242203, 0.0196368, -0.0531839, 0.0185867, -0.0742818, 0.0156826, -0.0420366, ]
best_mc_result_fixed_tau =   [0.0206718, 0.0206718, ]
evolved_state_fixed_tau =   [[0.0185769, -0.0423798, 0.0241945, -0.0699424, 0.0289908, -0.0576622, 0.00923793, -0.0228559, 0.0227187, -0.0495324, 0.0835787, -0.106501, 0.0227187, -0.0495324, 0.0579994, -0.121643, 0.0293721, -0.117993, 0.0227187, -0.0495324, 0.00923793, -0.0228559, 0.0289908, -0.0576622, 0.0241945, -0.0699424, 0.0309725, -0.0890078, 0.0562405, -0.180522, 0.0309725, -0.0890078, 0.0227187, -0.0495324, 0.0293721, -0.117993, 0.0579994, -0.121643, 0.0411348, -0.144686, 0.0289908, -0.0576622, 0.0325728, -0.0600228, 0.0393673, -0.081181, 0.0582213, -0.124132, 0.0686124, -0.169294, 0.0393673, -0.081181, 0.0835787, -0.106501, 0.0579994, -0.121643, 0.0886019, -0.14648, 0.0579994, -0.121643, 0.0185769, -0.0423798, 0.0241945, -0.0699424, 0.0393673, -0.081181, 0.0309725, -0.0890078, 0.0227187, -0.0495324, 0.0309725, -0.0890078, 0.0582213, -0.124132, 0.0309725, -0.0890078, 0.0686124, -0.169294, 0.0562405, -0.180522, 0.0241945, -0.0699424, 0.0579994, -0.121643, 0.0411348, -0.144686, 0.0579994, -0.121643, 0.0293721, -0.117993, 0.0241945, -0.0699424, 0.0562405, -0.180522, 0.0686124, -0.169294, 0.0562405, -0.180522, 0.0293721, -0.117993, 0.0289908, -0.0576622, 0.0309725, -0.0890078, 0.0393673, -0.081181, 0.0241945, -0.0699424, 0.0227187, -0.0495324, 0.00923793, -0.0228559, 0.0393673, -0.081181, 0.0325728, -0.0600228, 0.0289908, -0.0576622, 0.0393673, -0.081181, 0.0241945, -0.0699424, 0.0185769, -0.0423798, 0.0886019, -0.14648, 0.0579994, -0.121643, 0.0835787, -0.106501, 0.0227187, -0.0495324, 0.0393673, -0.081181, 0.0686124, -0.169294, 0.0582213, -0.124132, 0.0309725, -0.0890078, 0.0579994, -0.121643, 0.0325728, -0.0600228, 0.0582213, -0.124132, 0.0325728, -0.0600228, 0.0289908, -0.0576622, 0.0835787, -0.106501, 0.0289908, -0.0576622, 0.0393673, -0.081181, 0.0309725, -0.0890078, 0.0289908, -0.0576622, 0.00923793, -0.0228559, 0.0227187, -0.0495324, 0.0241945, -0.0699424, 0.0185769, -0.0423798, ],[0.0185769, -0.0423798, 0.0241945, -0.0699424, 0.0289908, -0.0576622, 0.00923793, -0.0228559, 0.0227187, -0.0495324, 0.0835787, -0.106501, 0.0227187, -0.0495324, 0.0579994, -0.121643, 0.0293721, -0.117993, 0.0227187, -0.0495324, 0.00923793, -0.0228559, 0.0289908, -0.0576622, 0.0241945, -0.0699424, 0.0309725, -0.0890078, 0.0562405, -0.180522, 0.0309725, -0.0890078, 0.0227187, -0.0495324, 0.0293721, -0.117993, 0.0579994, -0.121643, 0.0411348, -0.144686, 0.0289908, -0.0576622, 0.0325728, -0.0600228, 0.0393673, -0.081181, 0.0582213, -0.124132, 0.0686124, -0.169294, 0.0393673, -0.081181, 0.0835787, -0.106501, 0.0579994, -0.121643, 0.0886019, -0.14648, 0.0579994, -0.121643, 0.0185769, -0.0423798, 0.0241945, -0.0699424, 0.0393673, -0.081181, 0.0309725, -0.0890078, 0.0227187, -0.0495324, 0.0309725, -0.0890078, 0.0582213, -0.124132, 0.0309725, -0.0890078, 0.0686124, -0.169294, 0.0562405, -0.180522, 0.0241945, -0.0699424, 0.0579994, -0.121643, 0.0411348, -0.144686, 0.0579994, -0.121643, 0.0293721, -0.117993, 0.0241945, -0.0699424, 0.0562405, -0.180522, 0.0686124, -0.169294, 0.0562405, -0.180522, 0.0293721, -0.117993, 0.0289908, -0.0576622, 0.0309725, -0.0890078, 0.0393673, -0.081181, 0.0241945, -0.0699424, 0.0227187, -0.0495324, 0.00923793, -0.0228559, 0.0393673, -0.081181, 0.0325728, -0.0600228, 0.0289908, -0.0576622, 0.0393673, -0.081181, 0.0241945, -0.0699424, 0.0185769, -0.0423798, 0.0886019, -0.14648, 0.0579994, -0.121643, 0.0835787, -0.106501, 0.0227187, -0.0495324, 0.0393673, -0.081181, 0.0686124, -0.169294, 0.0582213, -0.124132, 0.0309725, -0.0890078, 0.0579994, -0.121643, 0.0325728, -0.0600228, 0.0582213, -0.124132, 0.0325728, -0.0600228, 0.0289908, -0.0576622, 0.0835787, -0.106501, 0.0289908, -0.0576622, 0.0393673, -0.081181, 0.0309725, -0.0890078, 0.0289908, -0.0576622, 0.00923793, -0.0228559, 0.0227187, -0.0495324, 0.0241945, -0.0699424, 0.0185769, -0.0423798, ],]
