START_PARAMETERS
MAX_STEPS_MCDB =               32
MIN_STEPS_MCDB =               4
STEPS_CRUNCH_MCDB =            1
SWEEPS_MCDB =                  100
TOTAL_STEP_CHANGES =                  6
MCBB_SECONDARY =                  1
SWEEPS_MCBB_SECONDARY =                  300
NUMBER_OF_BANGS =                  8
GROUND_E =                -3.52923
INITIAL_E =               -3.4509
j_initial =               0.417
k_initial =               0.5
b_initial =               0
j_target =                0.274
k_target =                0.5
b_target =                0
init_target_dot_squared = 0.946038
init_state = [-0.0106206, 0, -0.0544086, 0, -0.018321, 0, -0.00567562, 0, -0.0235781, 0, -0.0734602, 0, -0.0235781, 0, -0.0958114, 0, -0.0952702, 0, -0.0235781, 0, -0.00567562, 0, -0.018321, 0, -0.0544086, 0, -0.0627643, 0, -0.355458, 0, -0.0627643, 0, -0.0235781, 0, -0.0952702, 0, -0.0958114, 0, -0.109763, 0, -0.018321, 0, -0.0302584, 0, -0.0385793, 0, -0.093914, 0, -0.225728, 0, -0.0385793, 0, -0.0734602, 0, -0.0958114, 0, -0.103932, 0, -0.0958114, 0, -0.0106206, 0, -0.0544086, 0, -0.0385793, 0, -0.0627643, 0, -0.0235781, 0, -0.0627643, 0, -0.093914, 0, -0.0627643, 0, -0.225728, 0, -0.355458, 0, -0.0544086, 0, -0.0958114, 0, -0.109763, 0, -0.0958114, 0, -0.0952702, 0, -0.0544086, 0, -0.355458, 0, -0.225728, 0, -0.355458, 0, -0.0952702, 0, -0.018321, 0, -0.0627643, 0, -0.0385793, 0, -0.0544086, 0, -0.0235781, 0, -0.00567562, 0, -0.0385793, 0, -0.0302584, 0, -0.018321, 0, -0.0385793, 0, -0.0544086, 0, -0.0106206, 0, -0.103932, 0, -0.0958114, 0, -0.0734602, 0, -0.0235781, 0, -0.0385793, 0, -0.225728, 0, -0.093914, 0, -0.0627643, 0, -0.0958114, 0, -0.0302584, 0, -0.093914, 0, -0.0302584, 0, -0.018321, 0, -0.0734602, 0, -0.018321, 0, -0.0385793, 0, -0.0627643, 0, -0.018321, 0, -0.00567562, 0, -0.0235781, 0, -0.0544086, 0, -0.0106206, 0, ]
target_state = [-0.00514394, 0, -0.0409754, 0, -0.00866275, 0, -0.00209024, 0, -0.0124274, 0, -0.0406256, 0, -0.0124274, 0, -0.0592216, 0, -0.0764242, 0, -0.0124274, 0, -0.00209024, 0, -0.00866275, 0, -0.0409754, 0, -0.0453095, 0, -0.420538, 0, -0.0453095, 0, -0.0124274, 0, -0.0764242, 0, -0.0592216, 0, -0.0836902, 0, -0.00866275, 0, -0.0141948, 0, -0.0217855, 0, -0.0609689, 0, -0.201577, 0, -0.0217855, 0, -0.0406256, 0, -0.0592216, 0, -0.0580579, 0, -0.0592216, 0, -0.00514394, 0, -0.0409754, 0, -0.0217855, 0, -0.0453095, 0, -0.0124274, 0, -0.0453095, 0, -0.0609689, 0, -0.0453095, 0, -0.201577, 0, -0.420538, 0, -0.0409754, 0, -0.0592216, 0, -0.0836902, 0, -0.0592216, 0, -0.0764242, 0, -0.0409754, 0, -0.420538, 0, -0.201577, 0, -0.420538, 0, -0.0764242, 0, -0.00866275, 0, -0.0453095, 0, -0.0217855, 0, -0.0409754, 0, -0.0124274, 0, -0.00209024, 0, -0.0217855, 0, -0.0141948, 0, -0.00866275, 0, -0.0217855, 0, -0.0409754, 0, -0.00514394, 0, -0.0580579, 0, -0.0592216, 0, -0.0406256, 0, -0.0124274, 0, -0.0217855, 0, -0.201577, 0, -0.0609689, 0, -0.0453095, 0, -0.0592216, 0, -0.0141948, 0, -0.0609689, 0, -0.0141948, 0, -0.00866275, 0, -0.0406256, 0, -0.00866275, 0, -0.0217855, 0, -0.0453095, 0, -0.00866275, 0, -0.00209024, 0, -0.0124274, 0, -0.0409754, 0, -0.00514394, 0, ]
USE_ENERGY_DISTANCE =     false
PERIODIC =                false
UNIFORM_SITES =           true
DEVICE_DIMENSION =        2
MAX_PARAM =               1
MIN_PARAM =               0
MIN_PARAM =               0
DIAG =                    true
NUM_SEEDS =               2
NUMBER_OF_BANGS =               8
DISTANCE_LIMIT =          0.02
TAU_INIT =                0.7
MAX_TAU =                 5
TAU_SCALAR =              1.2
TAU_SCALAR_TINY =         1.1
TAU_SCALAR_BIG =          1.3
ACCEPTANCE_PROB =         0.85
TEMP_EXP_DECAY =          0.8
MIN_TEMP_FRACTION =       0.01
TEMP_DECAY_ITERATIONS =   21
ZERO_TEMP_ITREATIONS =    25
RANDOM_STATES =           3
END_PARAMETERS
##############################################################################
clock_duration  =         1591.53
tau =                     0.35
total_steps =             32
time_step =               0.021875
best_mc_result =          0.0321087
best_mc_result_non_secondary =          0
evolved_target_dot_squared =  0.967891
distance =          0.595028
j_protocol =  [[0, 0, 0, 0, 0, 0, 0, 0, 0, 0, 0, 0, 0, 0, 0, 0, 0, 0, 0, 0, 0, 0, 0, 0, 0, 0, 0, 0, 0, 0, 0, 0, ],[0, 0, 0, 0, 0, 0, 0, 0, 0, 0, 0, 0, 0, 0, 0, 0, 0, 0, 0, 0, 0, 0, 0, 0, 0, 0, 0, 0, 0, 0, 0, 0, ],]
k_protocol =  [[0, 0, 0, 0, 0, 0, 0, 0, 0, 0, 0, 0, 0, 0, 0, 0, 0, 0, 0, 0, 0, 0, 0, 0, 0, 0, 0, 0, 0, 0, 0, 0, ],[0, 0, 0, 0, 0, 0, 0, 0, 0, 0, 0, 0, 0, 0, 0, 0, 0, 0, 0, 0, 0, 0, 0, 0, 0, 0, 0, 0, 0, 0, 0, 0, ],]
j_protocol_secondary =  [0.024158, 0.024158, 0.0331233, 0.0331233, 0.0559093, 0.107469, 0.107469, 0.118517, 0.118517, 0.158328, 0.158328, 0.164486, 0.177278, 0.218551, 0.276522, 0.35, ]
k_protocol_secondary =  [0, 0.0684976, 0.0684976, 0.0798794, 0.0798794, 0.116497, 0.116497, 0.131699, 0.131699, 0.245517, 0.245517, 0.293882, 0.293882, 0.293882, 0.293882, 0.330229, ]
best_evolved_state = [0.00776649, -0.00392747, 0.0340707, -0.0210147, 0.00914497, -0.00825143, 0.000997835, -0.00229711, 0.0103639, -0.00830125, 0.054836, -0.0599727, 0.0103639, -0.00830125, 0.0563246, -0.0609392, 0.0661359, -0.0341563, 0.0103639, -0.00830125, 0.000997835, -0.00229711, 0.00914497, -0.00825143, 0.0340707, -0.0210147, 0.0393849, -0.0263052, 0.309906, -0.223418, 0.0393849, -0.0263052, 0.0103639, -0.00830125, 0.0661359, -0.0341563, 0.0563246, -0.0609392, 0.0766042, -0.0430167, 0.00914497, -0.00825143, 0.0126339, -0.0184542, 0.0252072, -0.0141985, 0.0599484, -0.0586112, 0.175729, -0.139076, 0.0252072, -0.0141985, 0.054836, -0.0599727, 0.0563246, -0.0609392, 0.0765597, -0.0834363, 0.0563246, -0.0609392, 0.00776649, -0.00392747, 0.0340707, -0.0210147, 0.0252072, -0.0141985, 0.0393849, -0.0263052, 0.0103639, -0.00830125, 0.0393849, -0.0263052, 0.0599484, -0.0586112, 0.0393849, -0.0263052, 0.175729, -0.139076, 0.309906, -0.223418, 0.0340707, -0.0210147, 0.0563246, -0.0609392, 0.0766042, -0.0430167, 0.0563246, -0.0609392, 0.0661359, -0.0341563, 0.0340707, -0.0210147, 0.309906, -0.223418, 0.175729, -0.139076, 0.309906, -0.223418, 0.0661359, -0.0341563, 0.00914497, -0.00825143, 0.0393849, -0.0263052, 0.0252072, -0.0141985, 0.0340707, -0.0210147, 0.0103639, -0.00830125, 0.000997835, -0.00229711, 0.0252072, -0.0141985, 0.0126339, -0.0184542, 0.00914497, -0.00825143, 0.0252072, -0.0141985, 0.0340707, -0.0210147, 0.00776649, -0.00392747, 0.0765597, -0.0834363, 0.0563246, -0.0609392, 0.054836, -0.0599727, 0.0103639, -0.00830125, 0.0252072, -0.0141985, 0.175729, -0.139076, 0.0599484, -0.0586112, 0.0393849, -0.0263052, 0.0563246, -0.0609392, 0.0126339, -0.0184542, 0.0599484, -0.0586112, 0.0126339, -0.0184542, 0.00914497, -0.00825143, 0.054836, -0.0599727, 0.00914497, -0.00825143, 0.0252072, -0.0141985, 0.0393849, -0.0263052, 0.00914497, -0.00825143, 0.000997835, -0.00229711, 0.0103639, -0.00830125, 0.0340707, -0.0210147, 0.00776649, -0.00392747, ]
best_mc_result_fixed_tau =   [0.0208361, 0.0208361, ]
evolved_state_fixed_tau =   [[-0.00538076, 0.00652617, -0.0174395, 0.0434225, -0.00319626, 0.0128223, -0.00351108, 0.00512935, -0.00530029, 0.0217496, 0.0202338, 0.0615015, -0.00530029, 0.0217496, -0.013158, 0.0734096, -0.0288459, 0.0766335, -0.00530029, 0.0217496, -0.00351108, 0.00512935, -0.00319626, 0.0128223, -0.0174395, 0.0434225, -0.0174047, 0.0480311, -0.0951176, 0.383195, -0.0174047, 0.0480311, -0.00530029, 0.0217496, -0.0288459, 0.0766335, -0.013158, 0.0734096, -0.0242878, 0.0832601, -0.00319626, 0.0128223, -0.00596362, 0.0194287, -0.00346597, 0.0280583, -0.00861036, 0.0709375, -0.0324106, 0.211482, -0.00346597, 0.0280583, 0.0202338, 0.0615015, -0.013158, 0.0734096, 0.0250243, 0.0901704, -0.013158, 0.0734096, -0.00538076, 0.00652617, -0.0174395, 0.0434225, -0.00346597, 0.0280583, -0.0174047, 0.0480311, -0.00530029, 0.0217496, -0.0174047, 0.0480311, -0.00861036, 0.0709375, -0.0174047, 0.0480311, -0.0324106, 0.211482, -0.0951176, 0.383195, -0.0174395, 0.0434225, -0.013158, 0.0734096, -0.0242878, 0.0832601, -0.013158, 0.0734096, -0.0288459, 0.0766335, -0.0174395, 0.0434225, -0.0951176, 0.383195, -0.0324106, 0.211482, -0.0951176, 0.383195, -0.0288459, 0.0766335, -0.00319626, 0.0128223, -0.0174047, 0.0480311, -0.00346597, 0.0280583, -0.0174395, 0.0434225, -0.00530029, 0.0217496, -0.00351108, 0.00512935, -0.00346597, 0.0280583, -0.00596362, 0.0194287, -0.00319626, 0.0128223, -0.00346597, 0.0280583, -0.0174395, 0.0434225, -0.00538076, 0.00652617, 0.0250243, 0.0901704, -0.013158, 0.0734096, 0.0202338, 0.0615015, -0.00530029, 0.0217496, -0.00346597, 0.0280583, -0.0324106, 0.211482, -0.00861036, 0.0709375, -0.0174047, 0.0480311, -0.013158, 0.0734096, -0.00596362, 0.0194287, -0.00861036, 0.0709375, -0.00596362, 0.0194287, -0.00319626, 0.0128223, 0.0202338, 0.0615015, -0.00319626, 0.0128223, -0.00346597, 0.0280583, -0.0174047, 0.0480311, -0.00319626, 0.0128223, -0.00351108, 0.00512935, -0.00530029, 0.0217496, -0.0174395, 0.0434225, -0.00538076, 0.00652617, ],[-0.00538076, 0.00652617, -0.0174395, 0.0434225, -0.00319626, 0.0128223, -0.00351108, 0.00512935, -0.00530029, 0.0217496, 0.0202338, 0.0615015, -0.00530029, 0.0217496, -0.013158, 0.0734096, -0.0288459, 0.0766335, -0.00530029, 0.0217496, -0.00351108, 0.00512935, -0.00319626, 0.0128223, -0.0174395, 0.0434225, -0.0174047, 0.0480311, -0.0951176, 0.383195, -0.0174047, 0.0480311, -0.00530029, 0.0217496, -0.0288459, 0.0766335, -0.013158, 0.0734096, -0.0242878, 0.0832601, -0.00319626, 0.0128223, -0.00596362, 0.0194287, -0.00346597, 0.0280583, -0.00861036, 0.0709375, -0.0324106, 0.211482, -0.00346597, 0.0280583, 0.0202338, 0.0615015, -0.013158, 0.0734096, 0.0250243, 0.0901704, -0.013158, 0.0734096, -0.00538076, 0.00652617, -0.0174395, 0.0434225, -0.00346597, 0.0280583, -0.0174047, 0.0480311, -0.00530029, 0.0217496, -0.0174047, 0.0480311, -0.00861036, 0.0709375, -0.0174047, 0.0480311, -0.0324106, 0.211482, -0.0951176, 0.383195, -0.0174395, 0.0434225, -0.013158, 0.0734096, -0.0242878, 0.0832601, -0.013158, 0.0734096, -0.0288459, 0.0766335, -0.0174395, 0.0434225, -0.0951176, 0.383195, -0.0324106, 0.211482, -0.0951176, 0.383195, -0.0288459, 0.0766335, -0.00319626, 0.0128223, -0.0174047, 0.0480311, -0.00346597, 0.0280583, -0.0174395, 0.0434225, -0.00530029, 0.0217496, -0.00351108, 0.00512935, -0.00346597, 0.0280583, -0.00596362, 0.0194287, -0.00319626, 0.0128223, -0.00346597, 0.0280583, -0.0174395, 0.0434225, -0.00538076, 0.00652617, 0.0250243, 0.0901704, -0.013158, 0.0734096, 0.0202338, 0.0615015, -0.00530029, 0.0217496, -0.00346597, 0.0280583, -0.0324106, 0.211482, -0.00861036, 0.0709375, -0.0174047, 0.0480311, -0.013158, 0.0734096, -0.00596362, 0.0194287, -0.00861036, 0.0709375, -0.00596362, 0.0194287, -0.00319626, 0.0128223, 0.0202338, 0.0615015, -0.00319626, 0.0128223, -0.00346597, 0.0280583, -0.0174047, 0.0480311, -0.00319626, 0.0128223, -0.00351108, 0.00512935, -0.00530029, 0.0217496, -0.0174395, 0.0434225, -0.00538076, 0.00652617, ],]
##############################################################################
clock_duration  =         2280.78
tau =                     0.525
total_steps =             32
time_step =               0.021875
best_mc_result =          0.0243925
best_mc_result_non_secondary =          0
evolved_target_dot_squared =  0.975607
distance =          0.452034
j_protocol =  [[0, 0, 0, 0, 0, 0, 0, 0, 0, 0, 0, 0, 0, 0, 0, 0, 0, 0, 0, 0, 0, 0, 0, 0, 0, 0, 0, 0, 0, 0, 0, 0, ],[0, 0, 0, 0, 0, 0, 0, 0, 0, 0, 0, 0, 0, 0, 0, 0, 0, 0, 0, 0, 0, 0, 0, 0, 0, 0, 0, 0, 0, 0, 0, 0, ],]
k_protocol =  [[0, 0, 0, 0, 0, 0, 0, 0, 0, 0, 0, 0, 0, 0, 0, 0, 0, 0, 0, 0, 0, 0, 0, 0, 0, 0, 0, 0, 0, 0, 0, 0, ],[0, 0, 0, 0, 0, 0, 0, 0, 0, 0, 0, 0, 0, 0, 0, 0, 0, 0, 0, 0, 0, 0, 0, 0, 0, 0, 0, 0, 0, 0, 0, 0, ],]
j_protocol_secondary =  [0.036237, 0.036237, 0.049685, 0.049685, 0.0677967, 0.161203, 0.161203, 0.177776, 0.177776, 0.237368, 0.237368, 0.258902, 0.263662, 0.303371, 0.416617, 0.525, ]
k_protocol_secondary =  [0, 0.102746, 0.102746, 0.119819, 0.119819, 0.174745, 0.174745, 0.197549, 0.197549, 0.368275, 0.368275, 0.440823, 0.440823, 0.440823, 0.440823, 0.49829, ]
best_evolved_state = [0.00168473, 0.0021215, 0.0304026, 0.0287336, 0.0096961, 0.00722403, 0.000667466, 0.00289151, 0.0117266, 0.0140413, 0.0732843, 0.0208085, 0.0117266, 0.0140413, 0.0651278, 0.038578, 0.0563874, 0.0518713, 0.0117266, 0.0140413, 0.000667466, 0.00289151, 0.0096961, 0.00722403, 0.0304026, 0.0287336, 0.0360339, 0.0308187, 0.309014, 0.236121, 0.0360339, 0.0308187, 0.0117266, 0.0140413, 0.0563874, 0.0518713, 0.0651278, 0.038578, 0.0690593, 0.0548011, 0.0096961, 0.00722403, 0.0156804, 0.00976619, 0.0240579, 0.0167501, 0.0674074, 0.0375605, 0.184654, 0.12221, 0.0240579, 0.0167501, 0.0732843, 0.0208085, 0.0651278, 0.038578, 0.10195, 0.0322385, 0.0651278, 0.038578, 0.00168473, 0.0021215, 0.0304026, 0.0287336, 0.0240579, 0.0167501, 0.0360339, 0.0308187, 0.0117266, 0.0140413, 0.0360339, 0.0308187, 0.0674074, 0.0375605, 0.0360339, 0.0308187, 0.184654, 0.12221, 0.309014, 0.236121, 0.0304026, 0.0287336, 0.0651278, 0.038578, 0.0690593, 0.0548011, 0.0651278, 0.038578, 0.0563874, 0.0518713, 0.0304026, 0.0287336, 0.309014, 0.236121, 0.184654, 0.12221, 0.309014, 0.236121, 0.0563874, 0.0518713, 0.0096961, 0.00722403, 0.0360339, 0.0308187, 0.0240579, 0.0167501, 0.0304026, 0.0287336, 0.0117266, 0.0140413, 0.000667466, 0.00289151, 0.0240579, 0.0167501, 0.0156804, 0.00976619, 0.0096961, 0.00722403, 0.0240579, 0.0167501, 0.0304026, 0.0287336, 0.00168473, 0.0021215, 0.10195, 0.0322385, 0.0651278, 0.038578, 0.0732843, 0.0208085, 0.0117266, 0.0140413, 0.0240579, 0.0167501, 0.184654, 0.12221, 0.0674074, 0.0375605, 0.0360339, 0.0308187, 0.0651278, 0.038578, 0.0156804, 0.00976619, 0.0674074, 0.0375605, 0.0156804, 0.00976619, 0.0096961, 0.00722403, 0.0732843, 0.0208085, 0.0096961, 0.00722403, 0.0240579, 0.0167501, 0.0360339, 0.0308187, 0.0096961, 0.00722403, 0.000667466, 0.00289151, 0.0117266, 0.0140413, 0.0304026, 0.0287336, 0.00168473, 0.0021215, ]
best_mc_result_fixed_tau =   [0.0208361, 0.0208361, ]
evolved_state_fixed_tau =   [[-0.00538076, 0.00652617, -0.0174395, 0.0434225, -0.00319626, 0.0128223, -0.00351108, 0.00512935, -0.00530029, 0.0217496, 0.0202338, 0.0615015, -0.00530029, 0.0217496, -0.013158, 0.0734096, -0.0288459, 0.0766335, -0.00530029, 0.0217496, -0.00351108, 0.00512935, -0.00319626, 0.0128223, -0.0174395, 0.0434225, -0.0174047, 0.0480311, -0.0951176, 0.383195, -0.0174047, 0.0480311, -0.00530029, 0.0217496, -0.0288459, 0.0766335, -0.013158, 0.0734096, -0.0242878, 0.0832601, -0.00319626, 0.0128223, -0.00596362, 0.0194287, -0.00346597, 0.0280583, -0.00861036, 0.0709375, -0.0324106, 0.211482, -0.00346597, 0.0280583, 0.0202338, 0.0615015, -0.013158, 0.0734096, 0.0250243, 0.0901704, -0.013158, 0.0734096, -0.00538076, 0.00652617, -0.0174395, 0.0434225, -0.00346597, 0.0280583, -0.0174047, 0.0480311, -0.00530029, 0.0217496, -0.0174047, 0.0480311, -0.00861036, 0.0709375, -0.0174047, 0.0480311, -0.0324106, 0.211482, -0.0951176, 0.383195, -0.0174395, 0.0434225, -0.013158, 0.0734096, -0.0242878, 0.0832601, -0.013158, 0.0734096, -0.0288459, 0.0766335, -0.0174395, 0.0434225, -0.0951176, 0.383195, -0.0324106, 0.211482, -0.0951176, 0.383195, -0.0288459, 0.0766335, -0.00319626, 0.0128223, -0.0174047, 0.0480311, -0.00346597, 0.0280583, -0.0174395, 0.0434225, -0.00530029, 0.0217496, -0.00351108, 0.00512935, -0.00346597, 0.0280583, -0.00596362, 0.0194287, -0.00319626, 0.0128223, -0.00346597, 0.0280583, -0.0174395, 0.0434225, -0.00538076, 0.00652617, 0.0250243, 0.0901704, -0.013158, 0.0734096, 0.0202338, 0.0615015, -0.00530029, 0.0217496, -0.00346597, 0.0280583, -0.0324106, 0.211482, -0.00861036, 0.0709375, -0.0174047, 0.0480311, -0.013158, 0.0734096, -0.00596362, 0.0194287, -0.00861036, 0.0709375, -0.00596362, 0.0194287, -0.00319626, 0.0128223, 0.0202338, 0.0615015, -0.00319626, 0.0128223, -0.00346597, 0.0280583, -0.0174047, 0.0480311, -0.00319626, 0.0128223, -0.00351108, 0.00512935, -0.00530029, 0.0217496, -0.0174395, 0.0434225, -0.00538076, 0.00652617, ],[-0.00538076, 0.00652617, -0.0174395, 0.0434225, -0.00319626, 0.0128223, -0.00351108, 0.00512935, -0.00530029, 0.0217496, 0.0202338, 0.0615015, -0.00530029, 0.0217496, -0.013158, 0.0734096, -0.0288459, 0.0766335, -0.00530029, 0.0217496, -0.00351108, 0.00512935, -0.00319626, 0.0128223, -0.0174395, 0.0434225, -0.0174047, 0.0480311, -0.0951176, 0.383195, -0.0174047, 0.0480311, -0.00530029, 0.0217496, -0.0288459, 0.0766335, -0.013158, 0.0734096, -0.0242878, 0.0832601, -0.00319626, 0.0128223, -0.00596362, 0.0194287, -0.00346597, 0.0280583, -0.00861036, 0.0709375, -0.0324106, 0.211482, -0.00346597, 0.0280583, 0.0202338, 0.0615015, -0.013158, 0.0734096, 0.0250243, 0.0901704, -0.013158, 0.0734096, -0.00538076, 0.00652617, -0.0174395, 0.0434225, -0.00346597, 0.0280583, -0.0174047, 0.0480311, -0.00530029, 0.0217496, -0.0174047, 0.0480311, -0.00861036, 0.0709375, -0.0174047, 0.0480311, -0.0324106, 0.211482, -0.0951176, 0.383195, -0.0174395, 0.0434225, -0.013158, 0.0734096, -0.0242878, 0.0832601, -0.013158, 0.0734096, -0.0288459, 0.0766335, -0.0174395, 0.0434225, -0.0951176, 0.383195, -0.0324106, 0.211482, -0.0951176, 0.383195, -0.0288459, 0.0766335, -0.00319626, 0.0128223, -0.0174047, 0.0480311, -0.00346597, 0.0280583, -0.0174395, 0.0434225, -0.00530029, 0.0217496, -0.00351108, 0.00512935, -0.00346597, 0.0280583, -0.00596362, 0.0194287, -0.00319626, 0.0128223, -0.00346597, 0.0280583, -0.0174395, 0.0434225, -0.00538076, 0.00652617, 0.0250243, 0.0901704, -0.013158, 0.0734096, 0.0202338, 0.0615015, -0.00530029, 0.0217496, -0.00346597, 0.0280583, -0.0324106, 0.211482, -0.00861036, 0.0709375, -0.0174047, 0.0480311, -0.013158, 0.0734096, -0.00596362, 0.0194287, -0.00861036, 0.0709375, -0.00596362, 0.0194287, -0.00319626, 0.0128223, 0.0202338, 0.0615015, -0.00319626, 0.0128223, -0.00346597, 0.0280583, -0.0174047, 0.0480311, -0.00319626, 0.0128223, -0.00351108, 0.00512935, -0.00530029, 0.0217496, -0.0174395, 0.0434225, -0.00538076, 0.00652617, ],]
##############################################################################
clock_duration  =         3009.9
tau =                     0.6125
total_steps =             32
time_step =               0.021875
best_mc_result =          0.0208789
best_mc_result_non_secondary =          0
evolved_target_dot_squared =  0.979121
distance =          0.386921
j_protocol =  [[0, 0, 0, 0, 0, 0, 0, 0, 0, 0, 0, 0, 0, 0, 0, 0, 0, 0, 0, 0, 0, 0, 0, 0, 0, 0, 0, 0, 0, 0, 0, 0, ],[0, 0, 0, 0, 0, 0, 0, 0, 0, 0, 0, 0, 0, 0, 0, 0, 0, 0, 0, 0, 0, 0, 0, 0, 0, 0, 0, 0, 0, 0, 0, 0, ],]
k_protocol =  [[0, 0, 0, 0, 0, 0, 0, 0, 0, 0, 0, 0, 0, 0, 0, 0, 0, 0, 0, 0, 0, 0, 0, 0, 0, 0, 0, 0, 0, 0, 0, 0, ],[0, 0, 0, 0, 0, 0, 0, 0, 0, 0, 0, 0, 0, 0, 0, 0, 0, 0, 0, 0, 0, 0, 0, 0, 0, 0, 0, 0, 0, 0, 0, 0, ],]
j_protocol_secondary =  [0.0422765, 0.0422765, 0.0579246, 0.0579246, 0.0794706, 0.187532, 0.187532, 0.2076, 0.2076, 0.276039, 0.278968, 0.30103, 0.307931, 0.356405, 0.481016, 0.6125, ]
k_protocol_secondary =  [0, 0.119871, 0.119871, 0.139789, 0.139789, 0.203869, 0.203869, 0.230474, 0.230474, 0.429654, 0.429654, 0.514293, 0.514293, 0.514293, 0.514293, 0.587914, ]
best_evolved_state = [-0.00526503, 0.00308754, 0.00587856, 0.0419745, 0.00285407, 0.0124399, -0.00207734, 0.00551574, 0.00377075, 0.0231246, 0.0461468, 0.0506559, 0.00377075, 0.0231246, 0.0225299, 0.0739499, 0.0125462, 0.0717792, 0.00377075, 0.0231246, -0.00207734, 0.00551574, 0.00285407, 0.0124399, 0.00587856, 0.0419745, 0.00802305, 0.0461078, 0.100492, 0.382302, 0.00802305, 0.0461078, 0.00377075, 0.0231246, 0.0125462, 0.0717792, 0.0225299, 0.0739499, 0.0209998, 0.076886, 0.00285407, 0.0124399, 0.00349994, 0.0204364, 0.00990691, 0.0241055, 0.025977, 0.0691199, 0.0704452, 0.205115, 0.00990691, 0.0241055, 0.0461468, 0.0506559, 0.0225299, 0.0739499, 0.0631889, 0.0757863, 0.0225299, 0.0739499, -0.00526503, 0.00308754, 0.00587856, 0.0419745, 0.00990691, 0.0241055, 0.00802305, 0.0461078, 0.00377075, 0.0231246, 0.00802305, 0.0461078, 0.025977, 0.0691199, 0.00802305, 0.0461078, 0.0704452, 0.205115, 0.100492, 0.382302, 0.00587856, 0.0419745, 0.0225299, 0.0739499, 0.0209998, 0.076886, 0.0225299, 0.0739499, 0.0125462, 0.0717792, 0.00587856, 0.0419745, 0.100492, 0.382302, 0.0704452, 0.205115, 0.100492, 0.382302, 0.0125462, 0.0717792, 0.00285407, 0.0124399, 0.00802305, 0.0461078, 0.00990691, 0.0241055, 0.00587856, 0.0419745, 0.00377075, 0.0231246, -0.00207734, 0.00551574, 0.00990691, 0.0241055, 0.00349994, 0.0204364, 0.00285407, 0.0124399, 0.00990691, 0.0241055, 0.00587856, 0.0419745, -0.00526503, 0.00308754, 0.0631889, 0.0757863, 0.0225299, 0.0739499, 0.0461468, 0.0506559, 0.00377075, 0.0231246, 0.00990691, 0.0241055, 0.0704452, 0.205115, 0.025977, 0.0691199, 0.00802305, 0.0461078, 0.0225299, 0.0739499, 0.00349994, 0.0204364, 0.025977, 0.0691199, 0.00349994, 0.0204364, 0.00285407, 0.0124399, 0.0461468, 0.0506559, 0.00285407, 0.0124399, 0.00990691, 0.0241055, 0.00802305, 0.0461078, 0.00285407, 0.0124399, -0.00207734, 0.00551574, 0.00377075, 0.0231246, 0.00587856, 0.0419745, -0.00526503, 0.00308754, ]
best_mc_result_fixed_tau =   [0.0208361, 0.0208361, ]
evolved_state_fixed_tau =   [[-0.00538076, 0.00652617, -0.0174395, 0.0434225, -0.00319626, 0.0128223, -0.00351108, 0.00512935, -0.00530029, 0.0217496, 0.0202338, 0.0615015, -0.00530029, 0.0217496, -0.013158, 0.0734096, -0.0288459, 0.0766335, -0.00530029, 0.0217496, -0.00351108, 0.00512935, -0.00319626, 0.0128223, -0.0174395, 0.0434225, -0.0174047, 0.0480311, -0.0951176, 0.383195, -0.0174047, 0.0480311, -0.00530029, 0.0217496, -0.0288459, 0.0766335, -0.013158, 0.0734096, -0.0242878, 0.0832601, -0.00319626, 0.0128223, -0.00596362, 0.0194287, -0.00346597, 0.0280583, -0.00861036, 0.0709375, -0.0324106, 0.211482, -0.00346597, 0.0280583, 0.0202338, 0.0615015, -0.013158, 0.0734096, 0.0250243, 0.0901704, -0.013158, 0.0734096, -0.00538076, 0.00652617, -0.0174395, 0.0434225, -0.00346597, 0.0280583, -0.0174047, 0.0480311, -0.00530029, 0.0217496, -0.0174047, 0.0480311, -0.00861036, 0.0709375, -0.0174047, 0.0480311, -0.0324106, 0.211482, -0.0951176, 0.383195, -0.0174395, 0.0434225, -0.013158, 0.0734096, -0.0242878, 0.0832601, -0.013158, 0.0734096, -0.0288459, 0.0766335, -0.0174395, 0.0434225, -0.0951176, 0.383195, -0.0324106, 0.211482, -0.0951176, 0.383195, -0.0288459, 0.0766335, -0.00319626, 0.0128223, -0.0174047, 0.0480311, -0.00346597, 0.0280583, -0.0174395, 0.0434225, -0.00530029, 0.0217496, -0.00351108, 0.00512935, -0.00346597, 0.0280583, -0.00596362, 0.0194287, -0.00319626, 0.0128223, -0.00346597, 0.0280583, -0.0174395, 0.0434225, -0.00538076, 0.00652617, 0.0250243, 0.0901704, -0.013158, 0.0734096, 0.0202338, 0.0615015, -0.00530029, 0.0217496, -0.00346597, 0.0280583, -0.0324106, 0.211482, -0.00861036, 0.0709375, -0.0174047, 0.0480311, -0.013158, 0.0734096, -0.00596362, 0.0194287, -0.00861036, 0.0709375, -0.00596362, 0.0194287, -0.00319626, 0.0128223, 0.0202338, 0.0615015, -0.00319626, 0.0128223, -0.00346597, 0.0280583, -0.0174047, 0.0480311, -0.00319626, 0.0128223, -0.00351108, 0.00512935, -0.00530029, 0.0217496, -0.0174395, 0.0434225, -0.00538076, 0.00652617, ],[-0.00538076, 0.00652617, -0.0174395, 0.0434225, -0.00319626, 0.0128223, -0.00351108, 0.00512935, -0.00530029, 0.0217496, 0.0202338, 0.0615015, -0.00530029, 0.0217496, -0.013158, 0.0734096, -0.0288459, 0.0766335, -0.00530029, 0.0217496, -0.00351108, 0.00512935, -0.00319626, 0.0128223, -0.0174395, 0.0434225, -0.0174047, 0.0480311, -0.0951176, 0.383195, -0.0174047, 0.0480311, -0.00530029, 0.0217496, -0.0288459, 0.0766335, -0.013158, 0.0734096, -0.0242878, 0.0832601, -0.00319626, 0.0128223, -0.00596362, 0.0194287, -0.00346597, 0.0280583, -0.00861036, 0.0709375, -0.0324106, 0.211482, -0.00346597, 0.0280583, 0.0202338, 0.0615015, -0.013158, 0.0734096, 0.0250243, 0.0901704, -0.013158, 0.0734096, -0.00538076, 0.00652617, -0.0174395, 0.0434225, -0.00346597, 0.0280583, -0.0174047, 0.0480311, -0.00530029, 0.0217496, -0.0174047, 0.0480311, -0.00861036, 0.0709375, -0.0174047, 0.0480311, -0.0324106, 0.211482, -0.0951176, 0.383195, -0.0174395, 0.0434225, -0.013158, 0.0734096, -0.0242878, 0.0832601, -0.013158, 0.0734096, -0.0288459, 0.0766335, -0.0174395, 0.0434225, -0.0951176, 0.383195, -0.0324106, 0.211482, -0.0951176, 0.383195, -0.0288459, 0.0766335, -0.00319626, 0.0128223, -0.0174047, 0.0480311, -0.00346597, 0.0280583, -0.0174395, 0.0434225, -0.00530029, 0.0217496, -0.00351108, 0.00512935, -0.00346597, 0.0280583, -0.00596362, 0.0194287, -0.00319626, 0.0128223, -0.00346597, 0.0280583, -0.0174395, 0.0434225, -0.00538076, 0.00652617, 0.0250243, 0.0901704, -0.013158, 0.0734096, 0.0202338, 0.0615015, -0.00530029, 0.0217496, -0.00346597, 0.0280583, -0.0324106, 0.211482, -0.00861036, 0.0709375, -0.0174047, 0.0480311, -0.013158, 0.0734096, -0.00596362, 0.0194287, -0.00861036, 0.0709375, -0.00596362, 0.0194287, -0.00319626, 0.0128223, 0.0202338, 0.0615015, -0.00319626, 0.0128223, -0.00346597, 0.0280583, -0.0174047, 0.0480311, -0.00319626, 0.0128223, -0.00351108, 0.00512935, -0.00530029, 0.0217496, -0.0174395, 0.0434225, -0.00538076, 0.00652617, ],]
##############################################################################
clock_duration  =         3865.83
tau =                     0.65625
total_steps =             32
time_step =               0.021875
best_mc_result =          0.0198346
best_mc_result_non_secondary =          0
evolved_target_dot_squared =  0.980165
distance =          0.367567
j_protocol =  [[0, 0, 0, 0, 0, 0, 0, 0, 0, 0, 0, 0, 0, 0, 0, 0, 0, 0, 0, 0, 0, 0, 0, 0, 0, 0, 0, 0, 0, 0, 0, 0, ],[0, 0, 0, 0, 0, 0, 0, 0, 0, 0, 0, 0, 0, 0, 0, 0, 0, 0, 0, 0, 0, 0, 0, 0, 0, 0, 0, 0, 0, 0, 0, 0, ],]
k_protocol =  [[0, 0, 0, 0, 0, 0, 0, 0, 0, 0, 0, 0, 0, 0, 0, 0, 0, 0, 0, 0, 0, 0, 0, 0, 0, 0, 0, 0, 0, 0, 0, 0, ],[0, 0, 0, 0, 0, 0, 0, 0, 0, 0, 0, 0, 0, 0, 0, 0, 0, 0, 0, 0, 0, 0, 0, 0, 0, 0, 0, 0, 0, 0, 0, 0, ],]
j_protocol_secondary =  [0.0468339, 0.0468339, 0.0604937, 0.0649046, 0.0789816, 0.198325, 0.204886, 0.217909, 0.228615, 0.293283, 0.300143, 0.322058, 0.32775, 0.39764, 0.514394, 0.65625, ]
k_protocol_secondary =  [0, 0.128433, 0.128433, 0.149774, 0.149774, 0.218431, 0.218431, 0.246936, 0.246936, 0.459855, 0.459855, 0.551177, 0.551177, 0.551177, 0.551177, 0.642329, ]
best_evolved_state = [-0.00755767, 0.00358488, -0.01177, 0.041834, -0.00207865, 0.0130569, -0.00368937, 0.00591314, -0.00283547, 0.0240384, 0.0223873, 0.060175, -0.00283547, 0.0240384, -0.00937634, 0.0785003, -0.0187191, 0.0707835, -0.00283547, 0.0240384, -0.00368937, 0.00591314, -0.00207865, 0.0130569, -0.01177, 0.041834, -0.0118977, 0.0462051, -0.062819, 0.392272, -0.0118977, 0.0462051, -0.00283547, 0.0240384, -0.0187191, 0.0707835, -0.00937634, 0.0785003, -0.0136288, 0.0762273, -0.00207865, 0.0130569, -0.00507631, 0.0216267, -0.000389045, 0.0247605, -0.00470648, 0.0728409, -0.0175451, 0.213224, -0.000389045, 0.0247605, 0.0223873, 0.060175, -0.00937634, 0.0785003, 0.0288881, 0.089304, -0.00937634, 0.0785003, -0.00755767, 0.00358488, -0.01177, 0.041834, -0.000389045, 0.0247605, -0.0118977, 0.0462051, -0.00283547, 0.0240384, -0.0118977, 0.0462051, -0.00470648, 0.0728409, -0.0118977, 0.0462051, -0.0175451, 0.213224, -0.062819, 0.392272, -0.01177, 0.041834, -0.00937634, 0.0785003, -0.0136288, 0.0762273, -0.00937634, 0.0785003, -0.0187191, 0.0707835, -0.01177, 0.041834, -0.062819, 0.392272, -0.0175451, 0.213224, -0.062819, 0.392272, -0.0187191, 0.0707835, -0.00207865, 0.0130569, -0.0118977, 0.0462051, -0.000389045, 0.0247605, -0.01177, 0.041834, -0.00283547, 0.0240384, -0.00368937, 0.00591314, -0.000389045, 0.0247605, -0.00507631, 0.0216267, -0.00207865, 0.0130569, -0.000389045, 0.0247605, -0.01177, 0.041834, -0.00755767, 0.00358488, 0.0288881, 0.089304, -0.00937634, 0.0785003, 0.0223873, 0.060175, -0.00283547, 0.0240384, -0.000389045, 0.0247605, -0.0175451, 0.213224, -0.00470648, 0.0728409, -0.0118977, 0.0462051, -0.00937634, 0.0785003, -0.00507631, 0.0216267, -0.00470648, 0.0728409, -0.00507631, 0.0216267, -0.00207865, 0.0130569, 0.0223873, 0.060175, -0.00207865, 0.0130569, -0.000389045, 0.0247605, -0.0118977, 0.0462051, -0.00207865, 0.0130569, -0.00368937, 0.00591314, -0.00283547, 0.0240384, -0.01177, 0.041834, -0.00755767, 0.00358488, ]
best_mc_result_fixed_tau =   [0.0208361, 0.0208361, ]
evolved_state_fixed_tau =   [[-0.00538076, 0.00652617, -0.0174395, 0.0434225, -0.00319626, 0.0128223, -0.00351108, 0.00512935, -0.00530029, 0.0217496, 0.0202338, 0.0615015, -0.00530029, 0.0217496, -0.013158, 0.0734096, -0.0288459, 0.0766335, -0.00530029, 0.0217496, -0.00351108, 0.00512935, -0.00319626, 0.0128223, -0.0174395, 0.0434225, -0.0174047, 0.0480311, -0.0951176, 0.383195, -0.0174047, 0.0480311, -0.00530029, 0.0217496, -0.0288459, 0.0766335, -0.013158, 0.0734096, -0.0242878, 0.0832601, -0.00319626, 0.0128223, -0.00596362, 0.0194287, -0.00346597, 0.0280583, -0.00861036, 0.0709375, -0.0324106, 0.211482, -0.00346597, 0.0280583, 0.0202338, 0.0615015, -0.013158, 0.0734096, 0.0250243, 0.0901704, -0.013158, 0.0734096, -0.00538076, 0.00652617, -0.0174395, 0.0434225, -0.00346597, 0.0280583, -0.0174047, 0.0480311, -0.00530029, 0.0217496, -0.0174047, 0.0480311, -0.00861036, 0.0709375, -0.0174047, 0.0480311, -0.0324106, 0.211482, -0.0951176, 0.383195, -0.0174395, 0.0434225, -0.013158, 0.0734096, -0.0242878, 0.0832601, -0.013158, 0.0734096, -0.0288459, 0.0766335, -0.0174395, 0.0434225, -0.0951176, 0.383195, -0.0324106, 0.211482, -0.0951176, 0.383195, -0.0288459, 0.0766335, -0.00319626, 0.0128223, -0.0174047, 0.0480311, -0.00346597, 0.0280583, -0.0174395, 0.0434225, -0.00530029, 0.0217496, -0.00351108, 0.00512935, -0.00346597, 0.0280583, -0.00596362, 0.0194287, -0.00319626, 0.0128223, -0.00346597, 0.0280583, -0.0174395, 0.0434225, -0.00538076, 0.00652617, 0.0250243, 0.0901704, -0.013158, 0.0734096, 0.0202338, 0.0615015, -0.00530029, 0.0217496, -0.00346597, 0.0280583, -0.0324106, 0.211482, -0.00861036, 0.0709375, -0.0174047, 0.0480311, -0.013158, 0.0734096, -0.00596362, 0.0194287, -0.00861036, 0.0709375, -0.00596362, 0.0194287, -0.00319626, 0.0128223, 0.0202338, 0.0615015, -0.00319626, 0.0128223, -0.00346597, 0.0280583, -0.0174047, 0.0480311, -0.00319626, 0.0128223, -0.00351108, 0.00512935, -0.00530029, 0.0217496, -0.0174395, 0.0434225, -0.00538076, 0.00652617, ],[-0.00538076, 0.00652617, -0.0174395, 0.0434225, -0.00319626, 0.0128223, -0.00351108, 0.00512935, -0.00530029, 0.0217496, 0.0202338, 0.0615015, -0.00530029, 0.0217496, -0.013158, 0.0734096, -0.0288459, 0.0766335, -0.00530029, 0.0217496, -0.00351108, 0.00512935, -0.00319626, 0.0128223, -0.0174395, 0.0434225, -0.0174047, 0.0480311, -0.0951176, 0.383195, -0.0174047, 0.0480311, -0.00530029, 0.0217496, -0.0288459, 0.0766335, -0.013158, 0.0734096, -0.0242878, 0.0832601, -0.00319626, 0.0128223, -0.00596362, 0.0194287, -0.00346597, 0.0280583, -0.00861036, 0.0709375, -0.0324106, 0.211482, -0.00346597, 0.0280583, 0.0202338, 0.0615015, -0.013158, 0.0734096, 0.0250243, 0.0901704, -0.013158, 0.0734096, -0.00538076, 0.00652617, -0.0174395, 0.0434225, -0.00346597, 0.0280583, -0.0174047, 0.0480311, -0.00530029, 0.0217496, -0.0174047, 0.0480311, -0.00861036, 0.0709375, -0.0174047, 0.0480311, -0.0324106, 0.211482, -0.0951176, 0.383195, -0.0174395, 0.0434225, -0.013158, 0.0734096, -0.0242878, 0.0832601, -0.013158, 0.0734096, -0.0288459, 0.0766335, -0.0174395, 0.0434225, -0.0951176, 0.383195, -0.0324106, 0.211482, -0.0951176, 0.383195, -0.0288459, 0.0766335, -0.00319626, 0.0128223, -0.0174047, 0.0480311, -0.00346597, 0.0280583, -0.0174395, 0.0434225, -0.00530029, 0.0217496, -0.00351108, 0.00512935, -0.00346597, 0.0280583, -0.00596362, 0.0194287, -0.00319626, 0.0128223, -0.00346597, 0.0280583, -0.0174395, 0.0434225, -0.00538076, 0.00652617, 0.0250243, 0.0901704, -0.013158, 0.0734096, 0.0202338, 0.0615015, -0.00530029, 0.0217496, -0.00346597, 0.0280583, -0.0324106, 0.211482, -0.00861036, 0.0709375, -0.0174047, 0.0480311, -0.013158, 0.0734096, -0.00596362, 0.0194287, -0.00861036, 0.0709375, -0.00596362, 0.0194287, -0.00319626, 0.0128223, 0.0202338, 0.0615015, -0.00319626, 0.0128223, -0.00346597, 0.0280583, -0.0174047, 0.0480311, -0.00319626, 0.0128223, -0.00351108, 0.00512935, -0.00530029, 0.0217496, -0.0174395, 0.0434225, -0.00538076, 0.00652617, ],]
