START_PARAMETERS
MAX_STEPS_MCDB =               32
MIN_STEPS_MCDB =               4
STEPS_CRUNCH_MCDB =            1
SWEEPS_MCDB =                  100
TOTAL_STEP_CHANGES =                  6
MCBB_SECONDARY =                  1
SWEEPS_MCBB_SECONDARY =                  250
NUMBER_OF_BANGS =                  7
GROUND_E =                -4.11754
INITIAL_E =               -3.48569
j_initial =               0.567
k_initial =               0.031
b_initial =               0
j_target =                0.409
k_target =                0.5
b_target =                0
init_target_dot_squared = 0.735303
init_state = [0.0432902, 0, 0.0904309, 0, 0.0663019, 0, 0.0407671, 0, 0.0709491, 0, 0.115362, 0, 0.0709491, 0, 0.138391, 0, 0.119401, 0, 0.0709491, 0, 0.0407671, 0, 0.0663019, 0, 0.0904309, 0, 0.104009, 0, 0.179592, 0, 0.104009, 0, 0.0709491, 0, 0.119401, 0, 0.138391, 0, 0.140105, 0, 0.0663019, 0, 0.0886177, 0, 0.0906077, 0, 0.13175, 0, 0.171645, 0, 0.0906077, 0, 0.115362, 0, 0.138391, 0, 0.145488, 0, 0.138391, 0, 0.0432902, 0, 0.0904309, 0, 0.0906077, 0, 0.104009, 0, 0.0709491, 0, 0.104009, 0, 0.13175, 0, 0.104009, 0, 0.171645, 0, 0.179592, 0, 0.0904309, 0, 0.138391, 0, 0.140105, 0, 0.138391, 0, 0.119401, 0, 0.0904309, 0, 0.179592, 0, 0.171645, 0, 0.179592, 0, 0.119401, 0, 0.0663019, 0, 0.104009, 0, 0.0906077, 0, 0.0904309, 0, 0.0709491, 0, 0.0407671, 0, 0.0906077, 0, 0.0886177, 0, 0.0663019, 0, 0.0906077, 0, 0.0904309, 0, 0.0432902, 0, 0.145488, 0, 0.138391, 0, 0.115362, 0, 0.0709491, 0, 0.0906077, 0, 0.171645, 0, 0.13175, 0, 0.104009, 0, 0.138391, 0, 0.0886177, 0, 0.13175, 0, 0.0886177, 0, 0.0663019, 0, 0.115362, 0, 0.0663019, 0, 0.0906077, 0, 0.104009, 0, 0.0663019, 0, 0.0407671, 0, 0.0709491, 0, 0.0904309, 0, 0.0432902, 0, ]
target_state = [-0.0103251, 0, -0.0538191, 0, -0.0178009, 0, -0.00545639, 0, -0.0230056, 0, -0.0720423, 0, -0.0230056, 0, -0.0942484, 0, -0.0945481, 0, -0.0230056, 0, -0.00545639, 0, -0.0178009, 0, -0.0538191, 0, -0.0619869, 0, -0.358669, 0, -0.0619869, 0, -0.0230056, 0, -0.0945481, 0, -0.0942484, 0, -0.108701, 0, -0.0178009, 0, -0.0294257, 0, -0.037765, 0, -0.0925534, 0, -0.225303, 0, -0.037765, 0, -0.0720423, 0, -0.0942484, 0, -0.101993, 0, -0.0942484, 0, -0.0103251, 0, -0.0538191, 0, -0.037765, 0, -0.0619869, 0, -0.0230056, 0, -0.0619869, 0, -0.0925534, 0, -0.0619869, 0, -0.225303, 0, -0.358669, 0, -0.0538191, 0, -0.0942484, 0, -0.108701, 0, -0.0942484, 0, -0.0945481, 0, -0.0538191, 0, -0.358669, 0, -0.225303, 0, -0.358669, 0, -0.0945481, 0, -0.0178009, 0, -0.0619869, 0, -0.037765, 0, -0.0538191, 0, -0.0230056, 0, -0.00545639, 0, -0.037765, 0, -0.0294257, 0, -0.0178009, 0, -0.037765, 0, -0.0538191, 0, -0.0103251, 0, -0.101993, 0, -0.0942484, 0, -0.0720423, 0, -0.0230056, 0, -0.037765, 0, -0.225303, 0, -0.0925534, 0, -0.0619869, 0, -0.0942484, 0, -0.0294257, 0, -0.0925534, 0, -0.0294257, 0, -0.0178009, 0, -0.0720423, 0, -0.0178009, 0, -0.037765, 0, -0.0619869, 0, -0.0178009, 0, -0.00545639, 0, -0.0230056, 0, -0.0538191, 0, -0.0103251, 0, ]
USE_ENERGY_DISTANCE =     false
PERIODIC =                false
UNIFORM_SITES =           true
DEVICE_DIMENSION =        2
MAX_PARAM =               1
MIN_PARAM =               0
MIN_PARAM =               0
DIAG =                    true
NUM_SEEDS =               2
NUMBER_OF_BANGS =               7
DISTANCE_LIMIT =          0.02
TAU_INIT =                0.4
MAX_TAU =                 5
TAU_SCALAR =              1.2
TAU_SCALAR_TINY =         1.1
TAU_SCALAR_BIG =          1.4
ACCEPTANCE_PROB =         0.85
TEMP_EXP_DECAY =          0.8
MIN_TEMP_FRACTION =       0.01
TEMP_DECAY_ITERATIONS =   21
ZERO_TEMP_ITREATIONS =    15
RANDOM_STATES =           3
END_PARAMETERS
##############################################################################
clock_duration  =         351.595
tau =                     0.4
total_steps =             32
time_step =               0.0125
best_mc_result =          0.117388
best_mc_result_non_secondary =          0.117755
evolved_target_dot_squared =  0.882612
distance =          0.443483
j_protocol =  [[1, 1, 1, 1, 1, 1, 1, 1, 1, 1, 1, 1, 1, 1, 1, 1, 1, 1, 1, 1, 1, 1, 1, 1, 1, 1, 1, 1, 1, 1, 1, 1, ],[1, 1, 1, 1, 1, 1, 1, 1, 1, 1, 1, 1, 1, 1, 1, 1, 1, 1, 1, 1, 1, 1, 1, 1, 1, 1, 1, 1, 1, 1, 1, 1, ],]
k_protocol =  [[1, 1, 1, 1, 1, 1, 1, 0, 0, 0, 0, 1, 0, 0, 1, 0, 1, 1, 1, 1, 1, 1, 1, 1, 1, 0, 0, 0, 0, 0, 0, 0, ],[1, 1, 1, 1, 1, 1, 1, 0, 0, 0, 0, 1, 0, 0, 0, 1, 1, 1, 1, 1, 1, 1, 1, 1, 1, 0, 0, 0, 0, 0, 0, 0, ],]
j_protocol_secondary =  [0.00296721, 0.066413, 0.066413, 0.0698679, 0.0698679, 0.196125, 0.196125, 0.196797, 0.196797, 0.35218, 0.35218, 0.394162, 0.394162, 0.4, ]
k_protocol_secondary =  [0, 0.0295627, 0.0295627, 0.097078, 0.0988253, 0.102022, 0.138974, 0.138974, 0.189672, 0.282979, 0.282979, 0.283861, 0.283861, 0.322922, ]
best_evolved_state = [-0.0247118, -0.00698352, -0.0452638, 0.0124378, -0.0291439, 0.0209011, 0.00099492, 0.0121932, -0.0242791, 0.0129916, -0.139429, 0.0593144, -0.0242791, 0.0129916, -0.126737, 0.0199487, -0.0896027, -0.0168133, -0.0242791, 0.0129916, 0.00099492, 0.0121932, -0.0291439, 0.0209011, -0.0452638, 0.0124378, -0.0637704, 0.00923238, -0.265659, -0.000121099, -0.0637704, 0.00923238, -0.0242791, 0.0129916, -0.0896027, -0.0168133, -0.126737, 0.0199487, -0.114936, -0.0317626, -0.0291439, 0.0209011, -0.037938, 0.0352781, -0.0496499, -0.00226471, -0.129743, 0.022898, -0.222014, -0.0169222, -0.0496499, -0.00226471, -0.139429, 0.0593144, -0.126737, 0.0199487, -0.168905, 0.0581948, -0.126737, 0.0199487, -0.0247118, -0.00698352, -0.0452638, 0.0124378, -0.0496499, -0.00226471, -0.0637704, 0.00923238, -0.0242791, 0.0129916, -0.0637704, 0.00923238, -0.129743, 0.022898, -0.0637704, 0.00923238, -0.222014, -0.0169222, -0.265659, -0.000121099, -0.0452638, 0.0124378, -0.126737, 0.0199487, -0.114936, -0.0317626, -0.126737, 0.0199487, -0.0896027, -0.0168133, -0.0452638, 0.0124378, -0.265659, -0.000121099, -0.222014, -0.0169222, -0.265659, -0.000121099, -0.0896027, -0.0168133, -0.0291439, 0.0209011, -0.0637704, 0.00923238, -0.0496499, -0.00226471, -0.0452638, 0.0124378, -0.0242791, 0.0129916, 0.00099492, 0.0121932, -0.0496499, -0.00226471, -0.037938, 0.0352781, -0.0291439, 0.0209011, -0.0496499, -0.00226471, -0.0452638, 0.0124378, -0.0247118, -0.00698352, -0.168905, 0.0581948, -0.126737, 0.0199487, -0.139429, 0.0593144, -0.0242791, 0.0129916, -0.0496499, -0.00226471, -0.222014, -0.0169222, -0.129743, 0.022898, -0.0637704, 0.00923238, -0.126737, 0.0199487, -0.037938, 0.0352781, -0.129743, 0.022898, -0.037938, 0.0352781, -0.0291439, 0.0209011, -0.139429, 0.0593144, -0.0291439, 0.0209011, -0.0496499, -0.00226471, -0.0637704, 0.00923238, -0.0291439, 0.0209011, 0.00099492, 0.0121932, -0.0242791, 0.0129916, -0.0452638, 0.0124378, -0.0247118, -0.00698352, ]
best_mc_result_fixed_tau =   [0.117843, 0.117755, ]
evolved_state_fixed_tau =   [[-0.0244637, -0.00861922, -0.0461375, 0.0121152, -0.0303668, 0.0200665, 0.000191991, 0.0126638, -0.0252653, 0.0126886, -0.138796, 0.0601065, -0.0252653, 0.0126886, -0.12708, 0.0198237, -0.0898401, -0.0182692, -0.0252653, 0.0126886, 0.000191991, 0.0126638, -0.0303668, 0.0200665, -0.0461375, 0.0121152, -0.0645092, 0.00845494, -0.26454, 0.00633019, -0.0645092, 0.00845494, -0.0252653, 0.0126886, -0.0898401, -0.0182692, -0.12708, 0.0198237, -0.114675, -0.0335908, -0.0303668, 0.0200665, -0.0391784, 0.0351791, -0.050086, -0.00361686, -0.130098, 0.0222948, -0.221347, -0.0145886, -0.050086, -0.00361686, -0.138796, 0.0601065, -0.12708, 0.0198237, -0.168249, 0.0595765, -0.12708, 0.0198237, -0.0244637, -0.00861922, -0.0461375, 0.0121152, -0.050086, -0.00361686, -0.0645092, 0.00845494, -0.0252653, 0.0126886, -0.0645092, 0.00845494, -0.130098, 0.0222948, -0.0645092, 0.00845494, -0.221347, -0.0145886, -0.26454, 0.00633019, -0.0461375, 0.0121152, -0.12708, 0.0198237, -0.114675, -0.0335908, -0.12708, 0.0198237, -0.0898401, -0.0182692, -0.0461375, 0.0121152, -0.26454, 0.00633019, -0.221347, -0.0145886, -0.26454, 0.00633019, -0.0898401, -0.0182692, -0.0303668, 0.0200665, -0.0645092, 0.00845494, -0.050086, -0.00361686, -0.0461375, 0.0121152, -0.0252653, 0.0126886, 0.000191991, 0.0126638, -0.050086, -0.00361686, -0.0391784, 0.0351791, -0.0303668, 0.0200665, -0.050086, -0.00361686, -0.0461375, 0.0121152, -0.0244637, -0.00861922, -0.168249, 0.0595765, -0.12708, 0.0198237, -0.138796, 0.0601065, -0.0252653, 0.0126886, -0.050086, -0.00361686, -0.221347, -0.0145886, -0.130098, 0.0222948, -0.0645092, 0.00845494, -0.12708, 0.0198237, -0.0391784, 0.0351791, -0.130098, 0.0222948, -0.0391784, 0.0351791, -0.0303668, 0.0200665, -0.138796, 0.0601065, -0.0303668, 0.0200665, -0.050086, -0.00361686, -0.0645092, 0.00845494, -0.0303668, 0.0200665, 0.000191991, 0.0126638, -0.0252653, 0.0126886, -0.0461375, 0.0121152, -0.0244637, -0.00861922, ],[-0.0241938, -0.00845712, -0.0462226, 0.0123657, -0.0303325, 0.0201686, 0.000115302, 0.0127459, -0.0253207, 0.0128527, -0.138964, 0.0597372, -0.0253207, 0.0128527, -0.127215, 0.019832, -0.0896359, -0.0178363, -0.0253207, 0.0128527, 0.000115302, 0.0127459, -0.0303325, 0.0201686, -0.0462226, 0.0123657, -0.0645278, 0.00870872, -0.264624, 0.00565664, -0.0645278, 0.00870872, -0.0253207, 0.0128527, -0.0896359, -0.0178363, -0.127215, 0.019832, -0.114368, -0.0330745, -0.0303325, 0.0201686, -0.0394198, 0.0352537, -0.0499319, -0.00330607, -0.130118, 0.0222631, -0.221208, -0.0147331, -0.0499319, -0.00330607, -0.138964, 0.0597372, -0.127215, 0.019832, -0.168489, 0.059152, -0.127215, 0.019832, -0.0241938, -0.00845712, -0.0462226, 0.0123657, -0.0499319, -0.00330607, -0.0645278, 0.00870872, -0.0253207, 0.0128527, -0.0645278, 0.00870872, -0.130118, 0.0222631, -0.0645278, 0.00870872, -0.221208, -0.0147331, -0.264624, 0.00565664, -0.0462226, 0.0123657, -0.127215, 0.019832, -0.114368, -0.0330745, -0.127215, 0.019832, -0.0896359, -0.0178363, -0.0462226, 0.0123657, -0.264624, 0.00565664, -0.221208, -0.0147331, -0.264624, 0.00565664, -0.0896359, -0.0178363, -0.0303325, 0.0201686, -0.0645278, 0.00870872, -0.0499319, -0.00330607, -0.0462226, 0.0123657, -0.0253207, 0.0128527, 0.000115302, 0.0127459, -0.0499319, -0.00330607, -0.0394198, 0.0352537, -0.0303325, 0.0201686, -0.0499319, -0.00330607, -0.0462226, 0.0123657, -0.0241938, -0.00845712, -0.168489, 0.059152, -0.127215, 0.019832, -0.138964, 0.0597372, -0.0253207, 0.0128527, -0.0499319, -0.00330607, -0.221208, -0.0147331, -0.130118, 0.0222631, -0.0645278, 0.00870872, -0.127215, 0.019832, -0.0394198, 0.0352537, -0.130118, 0.0222631, -0.0394198, 0.0352537, -0.0303325, 0.0201686, -0.138964, 0.0597372, -0.0303325, 0.0201686, -0.0499319, -0.00330607, -0.0645278, 0.00870872, -0.0303325, 0.0201686, 0.000115302, 0.0127459, -0.0253207, 0.0128527, -0.0462226, 0.0123657, -0.0241938, -0.00845712, ],]
##############################################################################
clock_duration  =         691.029
tau =                     0.48
total_steps =             32
time_step =               0.015
best_mc_result =          0.103081
best_mc_result_non_secondary =          0.103845
evolved_target_dot_squared =  0.896919
distance =          0.389432
j_protocol =  [[1, 1, 1, 1, 1, 1, 1, 1, 1, 1, 1, 1, 1, 1, 1, 1, 1, 1, 1, 1, 1, 1, 1, 1, 1, 1, 1, 1, 1, 1, 1, 1, ],[1, 1, 1, 1, 1, 1, 1, 1, 1, 1, 1, 1, 1, 1, 1, 1, 1, 1, 1, 1, 1, 1, 1, 1, 1, 1, 1, 1, 1, 1, 1, 1, ],]
k_protocol =  [[1, 1, 1, 1, 1, 0, 1, 0, 0, 0, 0, 0, 0, 0, 1, 1, 1, 0, 1, 1, 1, 1, 1, 1, 1, 1, 1, 0, 0, 0, 0, 0, ],[1, 1, 1, 1, 1, 0, 1, 0, 0, 0, 0, 0, 0, 1, 0, 0, 1, 1, 1, 1, 1, 1, 1, 1, 1, 1, 1, 0, 0, 0, 0, 0, ],]
j_protocol_secondary =  [0.00332919, 0.115963, 0.115963, 0.181866, 0.181866, 0.189474, 0.189474, 0.210485, 0.210485, 0.303235, 0.303235, 0.408909, 0.408909, 0.48, ]
k_protocol_secondary =  [0, 0.0833801, 0.0833801, 0.100129, 0.207083, 0.207083, 0.226331, 0.314047, 0.314047, 0.397368, 0.397368, 0.408611, 0.463758, 0.463758, ]
best_evolved_state = [-0.0211178, -0.0114253, -0.0385228, -0.0214791, -0.028621, 0.00350444, -0.00161752, 0.0043122, -0.0223529, -0.00810978, -0.14316, -0.0190566, -0.0223529, -0.00810978, -0.112769, -0.0591344, -0.0694629, -0.0652222, -0.0223529, -0.00810978, -0.00161752, 0.0043122, -0.028621, 0.00350444, -0.0385228, -0.0214791, -0.0548656, -0.0319279, -0.213999, -0.162992, -0.0548656, -0.0319279, -0.0223529, -0.00810978, -0.0694629, -0.0652222, -0.112769, -0.0591344, -0.0890622, -0.0928725, -0.028621, 0.00350444, -0.0402682, 0.0013664, -0.0415362, -0.0294185, -0.117052, -0.0508256, -0.181471, -0.146661, -0.0415362, -0.0294185, -0.14316, -0.0190566, -0.112769, -0.0591344, -0.162652, -0.0423103, -0.112769, -0.0591344, -0.0211178, -0.0114253, -0.0385228, -0.0214791, -0.0415362, -0.0294185, -0.0548656, -0.0319279, -0.0223529, -0.00810978, -0.0548656, -0.0319279, -0.117052, -0.0508256, -0.0548656, -0.0319279, -0.181471, -0.146661, -0.213999, -0.162992, -0.0385228, -0.0214791, -0.112769, -0.0591344, -0.0890622, -0.0928725, -0.112769, -0.0591344, -0.0694629, -0.0652222, -0.0385228, -0.0214791, -0.213999, -0.162992, -0.181471, -0.146661, -0.213999, -0.162992, -0.0694629, -0.0652222, -0.028621, 0.00350444, -0.0548656, -0.0319279, -0.0415362, -0.0294185, -0.0385228, -0.0214791, -0.0223529, -0.00810978, -0.00161752, 0.0043122, -0.0415362, -0.0294185, -0.0402682, 0.0013664, -0.028621, 0.00350444, -0.0415362, -0.0294185, -0.0385228, -0.0214791, -0.0211178, -0.0114253, -0.162652, -0.0423103, -0.112769, -0.0591344, -0.14316, -0.0190566, -0.0223529, -0.00810978, -0.0415362, -0.0294185, -0.181471, -0.146661, -0.117052, -0.0508256, -0.0548656, -0.0319279, -0.112769, -0.0591344, -0.0402682, 0.0013664, -0.117052, -0.0508256, -0.0402682, 0.0013664, -0.028621, 0.00350444, -0.14316, -0.0190566, -0.028621, 0.00350444, -0.0415362, -0.0294185, -0.0548656, -0.0319279, -0.028621, 0.00350444, -0.00161752, 0.0043122, -0.0223529, -0.00810978, -0.0385228, -0.0214791, -0.0211178, -0.0114253, ]
best_mc_result_fixed_tau =   [0.103972, 0.103845, ]
evolved_state_fixed_tau =   [[-0.0202259, -0.0125832, -0.0408821, -0.0209306, -0.0303223, 0.00272304, -0.00303624, 0.00506985, -0.0242652, -0.00773048, -0.142681, -0.0205804, -0.0242652, -0.00773048, -0.114154, -0.0590628, -0.0701368, -0.064608, -0.0242652, -0.00773048, -0.00303624, 0.00506985, -0.0303223, 0.00272304, -0.0408821, -0.0209306, -0.0566484, -0.0317806, -0.215403, -0.157915, -0.0566484, -0.0317806, -0.0242652, -0.00773048, -0.0701368, -0.064608, -0.114154, -0.0590628, -0.0885257, -0.0917906, -0.0303223, 0.00272304, -0.0431599, 0.0010469, -0.0420854, -0.029382, -0.117841, -0.0517064, -0.181141, -0.143257, -0.0420854, -0.029382, -0.142681, -0.0205804, -0.114154, -0.0590628, -0.162786, -0.0431832, -0.114154, -0.0590628, -0.0202259, -0.0125832, -0.0408821, -0.0209306, -0.0420854, -0.029382, -0.0566484, -0.0317806, -0.0242652, -0.00773048, -0.0566484, -0.0317806, -0.117841, -0.0517064, -0.0566484, -0.0317806, -0.181141, -0.143257, -0.215403, -0.157915, -0.0408821, -0.0209306, -0.114154, -0.0590628, -0.0885257, -0.0917906, -0.114154, -0.0590628, -0.0701368, -0.064608, -0.0408821, -0.0209306, -0.215403, -0.157915, -0.181141, -0.143257, -0.215403, -0.157915, -0.0701368, -0.064608, -0.0303223, 0.00272304, -0.0566484, -0.0317806, -0.0420854, -0.029382, -0.0408821, -0.0209306, -0.0242652, -0.00773048, -0.00303624, 0.00506985, -0.0420854, -0.029382, -0.0431599, 0.0010469, -0.0303223, 0.00272304, -0.0420854, -0.029382, -0.0408821, -0.0209306, -0.0202259, -0.0125832, -0.162786, -0.0431832, -0.114154, -0.0590628, -0.142681, -0.0205804, -0.0242652, -0.00773048, -0.0420854, -0.029382, -0.181141, -0.143257, -0.117841, -0.0517064, -0.0566484, -0.0317806, -0.114154, -0.0590628, -0.0431599, 0.0010469, -0.117841, -0.0517064, -0.0431599, 0.0010469, -0.0303223, 0.00272304, -0.142681, -0.0205804, -0.0303223, 0.00272304, -0.0420854, -0.029382, -0.0566484, -0.0317806, -0.0303223, 0.00272304, -0.00303624, 0.00506985, -0.0242652, -0.00773048, -0.0408821, -0.0209306, -0.0202259, -0.0125832, ],[-0.019998, -0.0121188, -0.0412406, -0.02067, -0.0303682, 0.00289916, -0.00320705, 0.00508386, -0.0245018, -0.00758494, -0.142519, -0.0211166, -0.0245018, -0.00758494, -0.114376, -0.0591871, -0.0703839, -0.0638113, -0.0245018, -0.00758494, -0.00320705, 0.00508386, -0.0303682, 0.00289916, -0.0412406, -0.02067, -0.0569532, -0.0314641, -0.214876, -0.158699, -0.0569532, -0.0314641, -0.0245018, -0.00758494, -0.0703839, -0.0638113, -0.114376, -0.0591871, -0.0887407, -0.0908008, -0.0303682, 0.00289916, -0.0435225, 0.000883208, -0.0422079, -0.02882, -0.117896, -0.0517538, -0.180931, -0.143272, -0.0422079, -0.02882, -0.142519, -0.0211166, -0.114376, -0.0591871, -0.162636, -0.0438553, -0.114376, -0.0591871, -0.019998, -0.0121188, -0.0412406, -0.02067, -0.0422079, -0.02882, -0.0569532, -0.0314641, -0.0245018, -0.00758494, -0.0569532, -0.0314641, -0.117896, -0.0517538, -0.0569532, -0.0314641, -0.180931, -0.143272, -0.214876, -0.158699, -0.0412406, -0.02067, -0.114376, -0.0591871, -0.0887407, -0.0908008, -0.114376, -0.0591871, -0.0703839, -0.0638113, -0.0412406, -0.02067, -0.214876, -0.158699, -0.180931, -0.143272, -0.214876, -0.158699, -0.0703839, -0.0638113, -0.0303682, 0.00289916, -0.0569532, -0.0314641, -0.0422079, -0.02882, -0.0412406, -0.02067, -0.0245018, -0.00758494, -0.00320705, 0.00508386, -0.0422079, -0.02882, -0.0435225, 0.000883208, -0.0303682, 0.00289916, -0.0422079, -0.02882, -0.0412406, -0.02067, -0.019998, -0.0121188, -0.162636, -0.0438553, -0.114376, -0.0591871, -0.142519, -0.0211166, -0.0245018, -0.00758494, -0.0422079, -0.02882, -0.180931, -0.143272, -0.117896, -0.0517538, -0.0569532, -0.0314641, -0.114376, -0.0591871, -0.0435225, 0.000883208, -0.117896, -0.0517538, -0.0435225, 0.000883208, -0.0303682, 0.00289916, -0.142519, -0.0211166, -0.0303682, 0.00289916, -0.0422079, -0.02882, -0.0569532, -0.0314641, -0.0303682, 0.00289916, -0.00320705, 0.00508386, -0.0245018, -0.00758494, -0.0412406, -0.02067, -0.019998, -0.0121188, ],]
##############################################################################
clock_duration  =         1047.46
tau =                     0.672
total_steps =             32
time_step =               0.021
best_mc_result =          0.0665371
best_mc_result_non_secondary =          0.0666302
evolved_target_dot_squared =  0.933463
distance =          0.251371
j_protocol =  [[1, 1, 1, 1, 1, 1, 1, 1, 1, 1, 1, 1, 1, 1, 1, 1, 1, 1, 1, 1, 1, 1, 1, 1, 1, 1, 1, 1, 1, 1, 1, 1, ],[1, 1, 1, 1, 1, 1, 1, 1, 1, 1, 1, 1, 1, 1, 1, 1, 1, 1, 1, 1, 1, 1, 1, 1, 1, 1, 1, 1, 1, 1, 1, 1, ],]
k_protocol =  [[1, 1, 1, 1, 0, 1, 1, 0, 0, 0, 0, 0, 0, 0, 1, 0, 1, 1, 1, 1, 1, 1, 1, 1, 1, 1, 1, 1, 0, 0, 0, 0, ],[1, 1, 1, 1, 1, 1, 0, 0, 0, 0, 0, 0, 0, 0, 1, 1, 0, 1, 1, 1, 1, 1, 1, 1, 1, 1, 1, 1, 0, 0, 0, 0, ],]
j_protocol_secondary =  [0.00362071, 0.104165, 0.104165, 0.12129, 0.12129, 0.140833, 0.140833, 0.489869, 0.489869, 0.522241, 0.522241, 0.534527, 0.534527, 0.672, ]
k_protocol_secondary =  [0, 0.0166683, 0.0166683, 0.122677, 0.286971, 0.286971, 0.293511, 0.316613, 0.320765, 0.337458, 0.339239, 0.340117, 0.35473, 0.586078, ]
best_evolved_state = [0.00168945, 0.000673628, 0.0315616, -0.0408103, 0.00770205, -0.0101062, 0.00597916, -0.00692476, 0.01662, -0.0300535, -0.0180033, -0.103487, 0.01662, -0.0300535, 0.0478494, -0.127723, 0.0491535, -0.0673539, 0.01662, -0.0300535, 0.00597916, -0.00692476, 0.00770205, -0.0101062, 0.0315616, -0.0408103, 0.0316554, -0.0541681, 0.156472, -0.246436, 0.0316554, -0.0541681, 0.01662, -0.0300535, 0.0491535, -0.0673539, 0.0478494, -0.127723, 0.0589313, -0.100313, 0.00770205, -0.0101062, 0.0141573, -0.0409823, 0.0207711, -0.0365377, 0.0349464, -0.107702, 0.107576, -0.217943, 0.0207711, -0.0365377, -0.0180033, -0.103487, 0.0478494, -0.127723, 0.02592, -0.135798, 0.0478494, -0.127723, 0.00168945, 0.000673628, 0.0315616, -0.0408103, 0.0207711, -0.0365377, 0.0316554, -0.0541681, 0.01662, -0.0300535, 0.0316554, -0.0541681, 0.0349464, -0.107702, 0.0316554, -0.0541681, 0.107576, -0.217943, 0.156472, -0.246436, 0.0315616, -0.0408103, 0.0478494, -0.127723, 0.0589313, -0.100313, 0.0478494, -0.127723, 0.0491535, -0.0673539, 0.0315616, -0.0408103, 0.156472, -0.246436, 0.107576, -0.217943, 0.156472, -0.246436, 0.0491535, -0.0673539, 0.00770205, -0.0101062, 0.0316554, -0.0541681, 0.0207711, -0.0365377, 0.0315616, -0.0408103, 0.01662, -0.0300535, 0.00597916, -0.00692476, 0.0207711, -0.0365377, 0.0141573, -0.0409823, 0.00770205, -0.0101062, 0.0207711, -0.0365377, 0.0315616, -0.0408103, 0.00168945, 0.000673628, 0.02592, -0.135798, 0.0478494, -0.127723, -0.0180033, -0.103487, 0.01662, -0.0300535, 0.0207711, -0.0365377, 0.107576, -0.217943, 0.0349464, -0.107702, 0.0316554, -0.0541681, 0.0478494, -0.127723, 0.0141573, -0.0409823, 0.0349464, -0.107702, 0.0141573, -0.0409823, 0.00770205, -0.0101062, -0.0180033, -0.103487, 0.00770205, -0.0101062, 0.0207711, -0.0365377, 0.0316554, -0.0541681, 0.00770205, -0.0101062, 0.00597916, -0.00692476, 0.01662, -0.0300535, 0.0315616, -0.0408103, 0.00168945, 0.000673628, ]
best_mc_result_fixed_tau =   [0.0670935, 0.0666302, ]
evolved_state_fixed_tau =   [[0.00196753, 8.40435e-05, 0.0331298, -0.0381808, 0.00765589, -0.00969704, 0.00623083, -0.00614574, 0.0177753, -0.0283331, -0.0157705, -0.105753, 0.0177753, -0.0283331, 0.0522597, -0.1246, 0.0529373, -0.0650187, 0.0177753, -0.0283331, 0.00623083, -0.00614574, 0.00765589, -0.00969704, 0.0331298, -0.0381808, 0.0338751, -0.0517414, 0.166736, -0.24063, 0.0338751, -0.0517414, 0.0177753, -0.0283331, 0.0529373, -0.0650187, 0.0522597, -0.1246, 0.064413, -0.0977282, 0.00765589, -0.00969704, 0.0148129, -0.0384641, 0.0225891, -0.0353299, 0.0382506, -0.105713, 0.117657, -0.213851, 0.0225891, -0.0353299, -0.0157705, -0.105753, 0.0522597, -0.1246, 0.0285184, -0.136027, 0.0522597, -0.1246, 0.00196753, 8.40435e-05, 0.0331298, -0.0381808, 0.0225891, -0.0353299, 0.0338751, -0.0517414, 0.0177753, -0.0283331, 0.0338751, -0.0517414, 0.0382506, -0.105713, 0.0338751, -0.0517414, 0.117657, -0.213851, 0.166736, -0.24063, 0.0331298, -0.0381808, 0.0522597, -0.1246, 0.064413, -0.0977282, 0.0522597, -0.1246, 0.0529373, -0.0650187, 0.0331298, -0.0381808, 0.166736, -0.24063, 0.117657, -0.213851, 0.166736, -0.24063, 0.0529373, -0.0650187, 0.00765589, -0.00969704, 0.0338751, -0.0517414, 0.0225891, -0.0353299, 0.0331298, -0.0381808, 0.0177753, -0.0283331, 0.00623083, -0.00614574, 0.0225891, -0.0353299, 0.0148129, -0.0384641, 0.00765589, -0.00969704, 0.0225891, -0.0353299, 0.0331298, -0.0381808, 0.00196753, 8.40435e-05, 0.0285184, -0.136027, 0.0522597, -0.1246, -0.0157705, -0.105753, 0.0177753, -0.0283331, 0.0225891, -0.0353299, 0.117657, -0.213851, 0.0382506, -0.105713, 0.0338751, -0.0517414, 0.0522597, -0.1246, 0.0148129, -0.0384641, 0.0382506, -0.105713, 0.0148129, -0.0384641, 0.00765589, -0.00969704, -0.0157705, -0.105753, 0.00765589, -0.00969704, 0.0225891, -0.0353299, 0.0338751, -0.0517414, 0.00765589, -0.00969704, 0.00623083, -0.00614574, 0.0177753, -0.0283331, 0.0331298, -0.0381808, 0.00196753, 8.40435e-05, ],[0.000895122, 0.00100395, 0.033653, -0.040023, 0.00818174, -0.00951828, 0.00671235, -0.00676227, 0.0182711, -0.0297051, -0.0157596, -0.102691, 0.0182711, -0.0297051, 0.0526924, -0.125719, 0.0511276, -0.0665881, 0.0182711, -0.0297051, 0.00671235, -0.00676227, 0.00818174, -0.00951828, 0.033653, -0.040023, 0.0338349, -0.0532301, 0.165977, -0.240117, 0.0338349, -0.0532301, 0.0182711, -0.0297051, 0.0511276, -0.0665881, 0.0526924, -0.125719, 0.0613249, -0.0996588, 0.00818174, -0.00951828, 0.0165422, -0.0398722, 0.0215978, -0.0363699, 0.0383437, -0.105727, 0.114675, -0.214743, 0.0215978, -0.0363699, -0.0157596, -0.102691, 0.0526924, -0.125719, 0.0297377, -0.133271, 0.0526924, -0.125719, 0.000895122, 0.00100395, 0.033653, -0.040023, 0.0215978, -0.0363699, 0.0338349, -0.0532301, 0.0182711, -0.0297051, 0.0338349, -0.0532301, 0.0383437, -0.105727, 0.0338349, -0.0532301, 0.114675, -0.214743, 0.165977, -0.240117, 0.033653, -0.040023, 0.0526924, -0.125719, 0.0613249, -0.0996588, 0.0526924, -0.125719, 0.0511276, -0.0665881, 0.033653, -0.040023, 0.165977, -0.240117, 0.114675, -0.214743, 0.165977, -0.240117, 0.0511276, -0.0665881, 0.00818174, -0.00951828, 0.0338349, -0.0532301, 0.0215978, -0.0363699, 0.033653, -0.040023, 0.0182711, -0.0297051, 0.00671235, -0.00676227, 0.0215978, -0.0363699, 0.0165422, -0.0398722, 0.00818174, -0.00951828, 0.0215978, -0.0363699, 0.033653, -0.040023, 0.000895122, 0.00100395, 0.0297377, -0.133271, 0.0526924, -0.125719, -0.0157596, -0.102691, 0.0182711, -0.0297051, 0.0215978, -0.0363699, 0.114675, -0.214743, 0.0383437, -0.105727, 0.0338349, -0.0532301, 0.0526924, -0.125719, 0.0165422, -0.0398722, 0.0383437, -0.105727, 0.0165422, -0.0398722, 0.00818174, -0.00951828, -0.0157596, -0.102691, 0.00818174, -0.00951828, 0.0215978, -0.0363699, 0.0338349, -0.0532301, 0.00818174, -0.00951828, 0.00671235, -0.00676227, 0.0182711, -0.0297051, 0.033653, -0.040023, 0.000895122, 0.00100395, ],]
##############################################################################
clock_duration  =         1441.28
tau =                     0.8064
total_steps =             32
time_step =               0.0252
best_mc_result =          0.049327
best_mc_result_non_secondary =          0.0511214
evolved_target_dot_squared =  0.950673
distance =          0.186353
j_protocol =  [[1, 1, 1, 1, 1, 1, 1, 1, 1, 1, 1, 1, 1, 1, 1, 1, 1, 1, 1, 1, 1, 1, 1, 1, 1, 1, 1, 1, 1, 1, 1, 1, ],[1, 1, 1, 1, 1, 1, 1, 1, 1, 1, 1, 1, 1, 1, 1, 1, 1, 1, 1, 1, 1, 1, 1, 1, 1, 1, 1, 1, 1, 1, 1, 1, ],]
k_protocol =  [[1, 1, 1, 1, 0, 0, 0, 0, 1, 1, 0, 0, 0, 0, 1, 1, 1, 1, 1, 1, 0, 0, 1, 1, 1, 1, 1, 1, 1, 1, 0, 0, ],[1, 1, 0, 1, 1, 0, 0, 0, 0, 1, 0, 0, 0, 1, 1, 1, 1, 0, 1, 0, 0, 1, 1, 1, 1, 1, 1, 1, 1, 0, 0, 0, ],]
j_protocol_secondary =  [0.00314432, 0.0720923, 0.0720923, 0.0876062, 0.0876062, 0.19777, 0.19777, 0.241649, 0.241649, 0.460776, 0.460776, 0.619669, 0.619669, 0.8064, ]
k_protocol_secondary =  [0, 0.063344, 0.063344, 0.106889, 0.232702, 0.240263, 0.260402, 0.279872, 0.309168, 0.423052, 0.455298, 0.475877, 0.522574, 0.741401, ]
best_evolved_state = [0.00763933, 0.0125551, 0.057579, 0.0115678, 0.0234581, 0.00873668, 0.0111439, 0.000440415, 0.0325848, -0.00629803, 0.0610318, -0.042522, 0.0325848, -0.00629803, 0.126077, -0.0272301, 0.0879178, 0.0222143, 0.0325848, -0.00629803, 0.0111439, 0.000440415, 0.0234581, 0.00873668, 0.057579, 0.0115678, 0.0651561, 0.00795183, 0.307974, 0.032976, 0.0651561, 0.00795183, 0.0325848, -0.00629803, 0.0879178, 0.0222143, 0.126077, -0.0272301, 0.111427, 0.007471, 0.0234581, 0.00873668, 0.0423943, -0.00631064, 0.0421822, 0.00602937, 0.106184, -0.0142725, 0.235763, -0.0141975, 0.0421822, 0.00602937, 0.0610318, -0.042522, 0.126077, -0.0272301, 0.129777, -0.025812, 0.126077, -0.0272301, 0.00763933, 0.0125551, 0.057579, 0.0115678, 0.0421822, 0.00602937, 0.0651561, 0.00795183, 0.0325848, -0.00629803, 0.0651561, 0.00795183, 0.106184, -0.0142725, 0.0651561, 0.00795183, 0.235763, -0.0141975, 0.307974, 0.032976, 0.057579, 0.0115678, 0.126077, -0.0272301, 0.111427, 0.007471, 0.126077, -0.0272301, 0.0879178, 0.0222143, 0.057579, 0.0115678, 0.307974, 0.032976, 0.235763, -0.0141975, 0.307974, 0.032976, 0.0879178, 0.0222143, 0.0234581, 0.00873668, 0.0651561, 0.00795183, 0.0421822, 0.00602937, 0.057579, 0.0115678, 0.0325848, -0.00629803, 0.0111439, 0.000440415, 0.0421822, 0.00602937, 0.0423943, -0.00631064, 0.0234581, 0.00873668, 0.0421822, 0.00602937, 0.057579, 0.0115678, 0.00763933, 0.0125551, 0.129777, -0.025812, 0.126077, -0.0272301, 0.0610318, -0.042522, 0.0325848, -0.00629803, 0.0421822, 0.00602937, 0.235763, -0.0141975, 0.106184, -0.0142725, 0.0651561, 0.00795183, 0.126077, -0.0272301, 0.0423943, -0.00631064, 0.106184, -0.0142725, 0.0423943, -0.00631064, 0.0234581, 0.00873668, 0.0610318, -0.042522, 0.0234581, 0.00873668, 0.0421822, 0.00602937, 0.0651561, 0.00795183, 0.0234581, 0.00873668, 0.0111439, 0.000440415, 0.0325848, -0.00629803, 0.057579, 0.0115678, 0.00763933, 0.0125551, ]
best_mc_result_fixed_tau =   [0.051195, 0.0511214, ]
evolved_state_fixed_tau =   [[0.00879232, 0.0143434, 0.0549407, 0.0139149, 0.0231068, 0.00965653, 0.0108846, -0.000266769, 0.0316401, -0.0069804, 0.0644703, -0.0376291, 0.0316401, -0.0069804, 0.127042, -0.0218344, 0.0831286, 0.0276799, 0.0316401, -0.0069804, 0.0108846, -0.000266769, 0.0231068, 0.00965653, 0.0549407, 0.0139149, 0.0625765, 0.0108263, 0.306963, 0.0644949, 0.0625765, 0.0108263, 0.0316401, -0.0069804, 0.0831286, 0.0276799, 0.127042, -0.0218344, 0.106208, 0.0142895, 0.0231068, 0.00965653, 0.0420244, -0.00602741, 0.0396369, 0.0081744, 0.10602, -0.00795443, 0.236274, 0.00488517, 0.0396369, 0.0081744, 0.0644703, -0.0376291, 0.127042, -0.0218344, 0.132537, -0.0161398, 0.127042, -0.0218344, 0.00879232, 0.0143434, 0.0549407, 0.0139149, 0.0396369, 0.0081744, 0.0625765, 0.0108263, 0.0316401, -0.0069804, 0.0625765, 0.0108263, 0.10602, -0.00795443, 0.0625765, 0.0108263, 0.236274, 0.00488517, 0.306963, 0.0644949, 0.0549407, 0.0139149, 0.127042, -0.0218344, 0.106208, 0.0142895, 0.127042, -0.0218344, 0.0831286, 0.0276799, 0.0549407, 0.0139149, 0.306963, 0.0644949, 0.236274, 0.00488517, 0.306963, 0.0644949, 0.0831286, 0.0276799, 0.0231068, 0.00965653, 0.0625765, 0.0108263, 0.0396369, 0.0081744, 0.0549407, 0.0139149, 0.0316401, -0.0069804, 0.0108846, -0.000266769, 0.0396369, 0.0081744, 0.0420244, -0.00602741, 0.0231068, 0.00965653, 0.0396369, 0.0081744, 0.0549407, 0.0139149, 0.00879232, 0.0143434, 0.132537, -0.0161398, 0.127042, -0.0218344, 0.0644703, -0.0376291, 0.0316401, -0.0069804, 0.0396369, 0.0081744, 0.236274, 0.00488517, 0.10602, -0.00795443, 0.0625765, 0.0108263, 0.127042, -0.0218344, 0.0420244, -0.00602741, 0.10602, -0.00795443, 0.0420244, -0.00602741, 0.0231068, 0.00965653, 0.0644703, -0.0376291, 0.0231068, 0.00965653, 0.0396369, 0.0081744, 0.0625765, 0.0108263, 0.0231068, 0.00965653, 0.0108846, -0.000266769, 0.0316401, -0.0069804, 0.0549407, 0.0139149, 0.00879232, 0.0143434, ],[0.00717031, 0.011424, 0.0569277, 0.00644226, 0.0228969, 0.00664512, 0.0106011, -0.000444734, 0.0326275, -0.00758731, 0.0658302, -0.0479046, 0.0326275, -0.00758731, 0.126801, -0.034505, 0.0882328, 0.0161507, 0.0326275, -0.00758731, 0.0106011, -0.000444734, 0.0228969, 0.00664512, 0.0569277, 0.00644226, 0.0656023, 0.00233461, 0.304109, 0.00421661, 0.0656023, 0.00233461, 0.0326275, -0.00758731, 0.0882328, 0.0161507, 0.126801, -0.034505, 0.113686, 0.00248971, 0.0228969, 0.00664512, 0.0429718, -0.0114815, 0.0431045, 0.00389645, 0.1085, -0.0224501, 0.233931, -0.0281963, 0.0431045, 0.00389645, 0.0658302, -0.0479046, 0.126801, -0.034505, 0.132968, -0.0347446, 0.126801, -0.034505, 0.00717031, 0.011424, 0.0569277, 0.00644226, 0.0431045, 0.00389645, 0.0656023, 0.00233461, 0.0326275, -0.00758731, 0.0656023, 0.00233461, 0.1085, -0.0224501, 0.0656023, 0.00233461, 0.233931, -0.0281963, 0.304109, 0.00421661, 0.0569277, 0.00644226, 0.126801, -0.034505, 0.113686, 0.00248971, 0.126801, -0.034505, 0.0882328, 0.0161507, 0.0569277, 0.00644226, 0.304109, 0.00421661, 0.233931, -0.0281963, 0.304109, 0.00421661, 0.0882328, 0.0161507, 0.0228969, 0.00664512, 0.0656023, 0.00233461, 0.0431045, 0.00389645, 0.0569277, 0.00644226, 0.0326275, -0.00758731, 0.0106011, -0.000444734, 0.0431045, 0.00389645, 0.0429718, -0.0114815, 0.0228969, 0.00664512, 0.0431045, 0.00389645, 0.0569277, 0.00644226, 0.00717031, 0.011424, 0.132968, -0.0347446, 0.126801, -0.034505, 0.0658302, -0.0479046, 0.0326275, -0.00758731, 0.0431045, 0.00389645, 0.233931, -0.0281963, 0.1085, -0.0224501, 0.0656023, 0.00233461, 0.126801, -0.034505, 0.0429718, -0.0114815, 0.1085, -0.0224501, 0.0429718, -0.0114815, 0.0228969, 0.00664512, 0.0658302, -0.0479046, 0.0228969, 0.00664512, 0.0431045, 0.00389645, 0.0656023, 0.00233461, 0.0228969, 0.00664512, 0.0106011, -0.000444734, 0.0326275, -0.00758731, 0.0569277, 0.00644226, 0.00717031, 0.011424, ],]
##############################################################################
clock_duration  =         1797.54
tau =                     0.88704
total_steps =             32
time_step =               0.02772
best_mc_result =          0.0380531
best_mc_result_non_secondary =          0.0390285
evolved_target_dot_squared =  0.961947
distance =          0.143761
j_protocol =  [[1, 1, 1, 1, 1, 1, 1, 1, 1, 1, 1, 1, 1, 1, 1, 1, 1, 1, 1, 1, 1, 1, 1, 1, 1, 1, 1, 1, 1, 1, 1, 1, ],[1, 1, 1, 1, 1, 1, 1, 1, 1, 1, 1, 1, 1, 1, 1, 1, 1, 1, 1, 1, 1, 1, 1, 1, 1, 1, 1, 1, 1, 1, 1, 1, ],]
k_protocol =  [[1, 1, 1, 1, 0, 0, 0, 0, 0, 0, 1, 1, 1, 1, 0, 0, 1, 1, 1, 1, 0, 0, 1, 1, 1, 1, 1, 1, 1, 1, 0, 0, ],[1, 1, 1, 1, 0, 0, 0, 0, 0, 0, 1, 1, 1, 1, 0, 0, 1, 1, 1, 1, 0, 0, 1, 1, 1, 1, 1, 1, 1, 1, 0, 0, ],]
j_protocol_secondary =  [0.00345491, 0.0702865, 0.0702865, 0.0799031, 0.0799031, 0.346242, 0.346242, 0.572334, 0.572334, 0.697547, 0.697547, 0.712541, 0.712541, 0.88704, ]
k_protocol_secondary =  [0, 0.106, 0.276345, 0.343933, 0.343933, 0.40549, 0.449326, 0.517361, 0.583964, 0.788862, 0.788862, 0.828268, 0.88704, 0.88704, ]
best_evolved_state = [0.00523323, 0.0175555, 0.0419108, 0.0461872, 0.01964, 0.0221701, 0.00948425, 0.00622197, 0.0252568, 0.0109172, 0.0599039, 0.0131979, 0.0252568, 0.0109172, 0.108567, 0.0472051, 0.060937, 0.0763364, 0.0252568, 0.0109172, 0.00948425, 0.00622197, 0.01964, 0.0221701, 0.0419108, 0.0461872, 0.0481706, 0.0488985, 0.230984, 0.223366, 0.0481706, 0.0488985, 0.0252568, 0.0109172, 0.060937, 0.0763364, 0.108567, 0.0472051, 0.0823049, 0.0740233, 0.01964, 0.0221701, 0.0354041, 0.0214607, 0.0302877, 0.0334293, 0.0892158, 0.0538136, 0.191637, 0.126632, 0.0302877, 0.0334293, 0.0599039, 0.0131979, 0.108567, 0.0472051, 0.117833, 0.0635107, 0.108567, 0.0472051, 0.00523323, 0.0175555, 0.0419108, 0.0461872, 0.0302877, 0.0334293, 0.0481706, 0.0488985, 0.0252568, 0.0109172, 0.0481706, 0.0488985, 0.0892158, 0.0538136, 0.0481706, 0.0488985, 0.191637, 0.126632, 0.230984, 0.223366, 0.0419108, 0.0461872, 0.108567, 0.0472051, 0.0823049, 0.0740233, 0.108567, 0.0472051, 0.060937, 0.0763364, 0.0419108, 0.0461872, 0.230984, 0.223366, 0.191637, 0.126632, 0.230984, 0.223366, 0.060937, 0.0763364, 0.01964, 0.0221701, 0.0481706, 0.0488985, 0.0302877, 0.0334293, 0.0419108, 0.0461872, 0.0252568, 0.0109172, 0.00948425, 0.00622197, 0.0302877, 0.0334293, 0.0354041, 0.0214607, 0.01964, 0.0221701, 0.0302877, 0.0334293, 0.0419108, 0.0461872, 0.00523323, 0.0175555, 0.117833, 0.0635107, 0.108567, 0.0472051, 0.0599039, 0.0131979, 0.0252568, 0.0109172, 0.0302877, 0.0334293, 0.191637, 0.126632, 0.0892158, 0.0538136, 0.0481706, 0.0488985, 0.108567, 0.0472051, 0.0354041, 0.0214607, 0.0892158, 0.0538136, 0.0354041, 0.0214607, 0.01964, 0.0221701, 0.0599039, 0.0131979, 0.01964, 0.0221701, 0.0302877, 0.0334293, 0.0481706, 0.0488985, 0.01964, 0.0221701, 0.00948425, 0.00622197, 0.0252568, 0.0109172, 0.0419108, 0.0461872, 0.00523323, 0.0175555, ]
best_mc_result_fixed_tau =   [0.0390285, 0.0390285, ]
evolved_state_fixed_tau =   [[0.0069282, 0.0196235, 0.0388769, 0.0480776, 0.0195754, 0.0231777, 0.00908341, 0.00577937, 0.0234317, 0.0100517, 0.0595659, 0.0164367, 0.0234317, 0.0100517, 0.105606, 0.0484425, 0.0563642, 0.0822203, 0.0234317, 0.0100517, 0.00908341, 0.00577937, 0.0195754, 0.0231777, 0.0388769, 0.0480776, 0.0451103, 0.0514317, 0.222618, 0.233228, 0.0451103, 0.0514317, 0.0234317, 0.0100517, 0.0563642, 0.0822203, 0.105606, 0.0484425, 0.0769135, 0.0813691, 0.0195754, 0.0231777, 0.0338564, 0.0206431, 0.0279593, 0.0363952, 0.0868026, 0.0570116, 0.185538, 0.134923, 0.0279593, 0.0363952, 0.0595659, 0.0164367, 0.105606, 0.0484425, 0.116743, 0.0680376, 0.105606, 0.0484425, 0.0069282, 0.0196235, 0.0388769, 0.0480776, 0.0279593, 0.0363952, 0.0451103, 0.0514317, 0.0234317, 0.0100517, 0.0451103, 0.0514317, 0.0868026, 0.0570116, 0.0451103, 0.0514317, 0.185538, 0.134923, 0.222618, 0.233228, 0.0388769, 0.0480776, 0.105606, 0.0484425, 0.0769135, 0.0813691, 0.105606, 0.0484425, 0.0563642, 0.0822203, 0.0388769, 0.0480776, 0.222618, 0.233228, 0.185538, 0.134923, 0.222618, 0.233228, 0.0563642, 0.0822203, 0.0195754, 0.0231777, 0.0451103, 0.0514317, 0.0279593, 0.0363952, 0.0388769, 0.0480776, 0.0234317, 0.0100517, 0.00908341, 0.00577937, 0.0279593, 0.0363952, 0.0338564, 0.0206431, 0.0195754, 0.0231777, 0.0279593, 0.0363952, 0.0388769, 0.0480776, 0.0069282, 0.0196235, 0.116743, 0.0680376, 0.105606, 0.0484425, 0.0595659, 0.0164367, 0.0234317, 0.0100517, 0.0279593, 0.0363952, 0.185538, 0.134923, 0.0868026, 0.0570116, 0.0451103, 0.0514317, 0.105606, 0.0484425, 0.0338564, 0.0206431, 0.0868026, 0.0570116, 0.0338564, 0.0206431, 0.0195754, 0.0231777, 0.0595659, 0.0164367, 0.0195754, 0.0231777, 0.0279593, 0.0363952, 0.0451103, 0.0514317, 0.0195754, 0.0231777, 0.00908341, 0.00577937, 0.0234317, 0.0100517, 0.0388769, 0.0480776, 0.0069282, 0.0196235, ],[0.0069282, 0.0196235, 0.0388769, 0.0480776, 0.0195754, 0.0231777, 0.00908341, 0.00577937, 0.0234317, 0.0100517, 0.0595659, 0.0164367, 0.0234317, 0.0100517, 0.105606, 0.0484425, 0.0563642, 0.0822203, 0.0234317, 0.0100517, 0.00908341, 0.00577937, 0.0195754, 0.0231777, 0.0388769, 0.0480776, 0.0451103, 0.0514317, 0.222618, 0.233228, 0.0451103, 0.0514317, 0.0234317, 0.0100517, 0.0563642, 0.0822203, 0.105606, 0.0484425, 0.0769135, 0.0813691, 0.0195754, 0.0231777, 0.0338564, 0.0206431, 0.0279593, 0.0363952, 0.0868026, 0.0570116, 0.185538, 0.134923, 0.0279593, 0.0363952, 0.0595659, 0.0164367, 0.105606, 0.0484425, 0.116743, 0.0680376, 0.105606, 0.0484425, 0.0069282, 0.0196235, 0.0388769, 0.0480776, 0.0279593, 0.0363952, 0.0451103, 0.0514317, 0.0234317, 0.0100517, 0.0451103, 0.0514317, 0.0868026, 0.0570116, 0.0451103, 0.0514317, 0.185538, 0.134923, 0.222618, 0.233228, 0.0388769, 0.0480776, 0.105606, 0.0484425, 0.0769135, 0.0813691, 0.105606, 0.0484425, 0.0563642, 0.0822203, 0.0388769, 0.0480776, 0.222618, 0.233228, 0.185538, 0.134923, 0.222618, 0.233228, 0.0563642, 0.0822203, 0.0195754, 0.0231777, 0.0451103, 0.0514317, 0.0279593, 0.0363952, 0.0388769, 0.0480776, 0.0234317, 0.0100517, 0.00908341, 0.00577937, 0.0279593, 0.0363952, 0.0338564, 0.0206431, 0.0195754, 0.0231777, 0.0279593, 0.0363952, 0.0388769, 0.0480776, 0.0069282, 0.0196235, 0.116743, 0.0680376, 0.105606, 0.0484425, 0.0595659, 0.0164367, 0.0234317, 0.0100517, 0.0279593, 0.0363952, 0.185538, 0.134923, 0.0868026, 0.0570116, 0.0451103, 0.0514317, 0.105606, 0.0484425, 0.0338564, 0.0206431, 0.0868026, 0.0570116, 0.0338564, 0.0206431, 0.0195754, 0.0231777, 0.0595659, 0.0164367, 0.0195754, 0.0231777, 0.0279593, 0.0363952, 0.0451103, 0.0514317, 0.0195754, 0.0231777, 0.00908341, 0.00577937, 0.0234317, 0.0100517, 0.0388769, 0.0480776, 0.0069282, 0.0196235, ],]
##############################################################################
clock_duration  =         2167.71
tau =                     0.975744
total_steps =             32
time_step =               0.030492
best_mc_result =          0.0247617
best_mc_result_non_secondary =          0.0269022
evolved_target_dot_squared =  0.975238
distance =          0.0935474
j_protocol =  [[1, 1, 1, 1, 1, 1, 1, 1, 1, 1, 1, 1, 1, 1, 1, 1, 1, 1, 1, 1, 1, 1, 1, 1, 1, 1, 1, 1, 1, 1, 1, 1, ],[1, 1, 1, 1, 1, 1, 1, 1, 1, 1, 1, 1, 1, 1, 1, 1, 1, 1, 1, 1, 1, 1, 1, 1, 1, 1, 1, 1, 1, 1, 1, 1, ],]
k_protocol =  [[1, 1, 1, 0, 0, 0, 0, 0, 1, 1, 0, 0, 1, 1, 1, 1, 0, 1, 0, 0, 0, 1, 1, 1, 1, 1, 1, 1, 1, 1, 0, 0, ],[1, 1, 1, 1, 0, 0, 0, 0, 1, 0, 0, 1, 1, 1, 1, 1, 1, 1, 0, 0, 0, 1, 1, 1, 1, 1, 1, 1, 1, 1, 0, 0, ],]
j_protocol_secondary =  [0.0035413, 0.0556506, 0.0556506, 0.170552, 0.170552, 0.202819, 0.202819, 0.299869, 0.299869, 0.523894, 0.523894, 0.615977, 0.615977, 0.975744, ]
k_protocol_secondary =  [0, 0.111959, 0.26185, 0.279627, 0.292976, 0.297618, 0.323922, 0.51417, 0.604765, 0.613022, 0.630701, 0.918127, 0.975744, 0.975744, ]
best_evolved_state = [-8.64262e-05, 0.0161596, 0.00369396, 0.0652542, 0.00607287, 0.0292052, 0.00429269, 0.00972472, 0.00464012, 0.0207905, 0.0173356, 0.053018, 0.00464012, 0.0207905, 0.0409075, 0.0958226, 0.000368265, 0.101623, 0.00464012, 0.0207905, 0.00429269, 0.00972472, 0.00607287, 0.0292052, 0.00369396, 0.0652542, 0.00444971, 0.0714252, 0.0257087, 0.335167, 0.00444971, 0.0714252, 0.00464012, 0.0207905, 0.000368265, 0.101623, 0.0409075, 0.0958226, 0.0120704, 0.107517, 0.00607287, 0.0292052, 0.00853116, 0.0412275, 0.000633364, 0.0485259, 0.025936, 0.0975744, 0.0561779, 0.212648, 0.000633364, 0.0485259, 0.0173356, 0.053018, 0.0409075, 0.0958226, 0.0442937, 0.127436, 0.0409075, 0.0958226, -8.64262e-05, 0.0161596, 0.00369396, 0.0652542, 0.000633364, 0.0485259, 0.00444971, 0.0714252, 0.00464012, 0.0207905, 0.00444971, 0.0714252, 0.025936, 0.0975744, 0.00444971, 0.0714252, 0.0561779, 0.212648, 0.0257087, 0.335167, 0.00369396, 0.0652542, 0.0409075, 0.0958226, 0.0120704, 0.107517, 0.0409075, 0.0958226, 0.000368265, 0.101623, 0.00369396, 0.0652542, 0.0257087, 0.335167, 0.0561779, 0.212648, 0.0257087, 0.335167, 0.000368265, 0.101623, 0.00607287, 0.0292052, 0.00444971, 0.0714252, 0.000633364, 0.0485259, 0.00369396, 0.0652542, 0.00464012, 0.0207905, 0.00429269, 0.00972472, 0.000633364, 0.0485259, 0.00853116, 0.0412275, 0.00607287, 0.0292052, 0.000633364, 0.0485259, 0.00369396, 0.0652542, -8.64262e-05, 0.0161596, 0.0442937, 0.127436, 0.0409075, 0.0958226, 0.0173356, 0.053018, 0.00464012, 0.0207905, 0.000633364, 0.0485259, 0.0561779, 0.212648, 0.025936, 0.0975744, 0.00444971, 0.0714252, 0.0409075, 0.0958226, 0.00853116, 0.0412275, 0.025936, 0.0975744, 0.00853116, 0.0412275, 0.00607287, 0.0292052, 0.0173356, 0.053018, 0.00607287, 0.0292052, 0.000633364, 0.0485259, 0.00444971, 0.0714252, 0.00607287, 0.0292052, 0.00429269, 0.00972472, 0.00464012, 0.0207905, 0.00369396, 0.0652542, -8.64262e-05, 0.0161596, ]
best_mc_result_fixed_tau =   [0.02691, 0.0269022, ]
evolved_state_fixed_tau =   [[-0.00275467, 0.0168013, 0.0103895, 0.0619841, 0.00724843, 0.0295392, 0.00541141, 0.0103992, 0.0101176, 0.0222092, 0.0245868, 0.0583079, 0.0101176, 0.0222092, 0.0521296, 0.098918, 0.00876801, 0.0966144, 0.0101176, 0.0222092, 0.00541141, 0.0103992, 0.00724843, 0.0295392, 0.0103895, 0.0619841, 0.0123245, 0.0689848, 0.0540734, 0.324856, 0.0123245, 0.0689848, 0.0101176, 0.0222092, 0.00876801, 0.0966144, 0.0521296, 0.098918, 0.0224309, 0.103358, 0.00724843, 0.0295392, 0.015881, 0.0413553, 0.00498376, 0.045993, 0.0370449, 0.0974654, 0.0714773, 0.209609, 0.00498376, 0.045993, 0.0245868, 0.0583079, 0.0521296, 0.098918, 0.0537248, 0.1322, 0.0521296, 0.098918, -0.00275467, 0.0168013, 0.0103895, 0.0619841, 0.00498376, 0.045993, 0.0123245, 0.0689848, 0.0101176, 0.0222092, 0.0123245, 0.0689848, 0.0370449, 0.0974654, 0.0123245, 0.0689848, 0.0714773, 0.209609, 0.0540734, 0.324856, 0.0103895, 0.0619841, 0.0521296, 0.098918, 0.0224309, 0.103358, 0.0521296, 0.098918, 0.00876801, 0.0966144, 0.0103895, 0.0619841, 0.0540734, 0.324856, 0.0714773, 0.209609, 0.0540734, 0.324856, 0.00876801, 0.0966144, 0.00724843, 0.0295392, 0.0123245, 0.0689848, 0.00498376, 0.045993, 0.0103895, 0.0619841, 0.0101176, 0.0222092, 0.00541141, 0.0103992, 0.00498376, 0.045993, 0.015881, 0.0413553, 0.00724843, 0.0295392, 0.00498376, 0.045993, 0.0103895, 0.0619841, -0.00275467, 0.0168013, 0.0537248, 0.1322, 0.0521296, 0.098918, 0.0245868, 0.0583079, 0.0101176, 0.0222092, 0.00498376, 0.045993, 0.0714773, 0.209609, 0.0370449, 0.0974654, 0.0123245, 0.0689848, 0.0521296, 0.098918, 0.015881, 0.0413553, 0.0370449, 0.0974654, 0.015881, 0.0413553, 0.00724843, 0.0295392, 0.0245868, 0.0583079, 0.00724843, 0.0295392, 0.00498376, 0.045993, 0.0123245, 0.0689848, 0.00724843, 0.0295392, 0.00541141, 0.0103992, 0.0101176, 0.0222092, 0.0103895, 0.0619841, -0.00275467, 0.0168013, ],[0.0015724, 0.0175184, -0.00263046, 0.0693875, 0.00362878, 0.0301664, 0.00373288, 0.00963643, 0.000674328, 0.0193352, 0.00830504, 0.047172, 0.000674328, 0.0193352, 0.0313915, 0.0937177, -0.00837075, 0.109207, 0.000674328, 0.0193352, 0.00373288, 0.00963643, 0.00362878, 0.0301664, -0.00263046, 0.0693875, -0.00304055, 0.0753015, 0.00504681, 0.336701, -0.00304055, 0.0753015, 0.000674328, 0.0193352, -0.00837075, 0.109207, 0.0313915, 0.0937177, 0.000966266, 0.115206, 0.00362878, 0.0301664, 0.00228964, 0.0413959, -0.00477973, 0.0515676, 0.0146416, 0.0986848, 0.0423136, 0.212892, -0.00477973, 0.0515676, 0.00830504, 0.047172, 0.0313915, 0.0937177, 0.0326902, 0.12203, 0.0313915, 0.0937177, 0.0015724, 0.0175184, -0.00263046, 0.0693875, -0.00477973, 0.0515676, -0.00304055, 0.0753015, 0.000674328, 0.0193352, -0.00304055, 0.0753015, 0.0146416, 0.0986848, -0.00304055, 0.0753015, 0.0423136, 0.212892, 0.00504681, 0.336701, -0.00263046, 0.0693875, 0.0313915, 0.0937177, 0.000966266, 0.115206, 0.0313915, 0.0937177, -0.00837075, 0.109207, -0.00263046, 0.0693875, 0.00504681, 0.336701, 0.0423136, 0.212892, 0.00504681, 0.336701, -0.00837075, 0.109207, 0.00362878, 0.0301664, -0.00304055, 0.0753015, -0.00477973, 0.0515676, -0.00263046, 0.0693875, 0.000674328, 0.0193352, 0.00373288, 0.00963643, -0.00477973, 0.0515676, 0.00228964, 0.0413959, 0.00362878, 0.0301664, -0.00477973, 0.0515676, -0.00263046, 0.0693875, 0.0015724, 0.0175184, 0.0326902, 0.12203, 0.0313915, 0.0937177, 0.00830504, 0.047172, 0.000674328, 0.0193352, -0.00477973, 0.0515676, 0.0423136, 0.212892, 0.0146416, 0.0986848, -0.00304055, 0.0753015, 0.0313915, 0.0937177, 0.00228964, 0.0413959, 0.0146416, 0.0986848, 0.00228964, 0.0413959, 0.00362878, 0.0301664, 0.00830504, 0.047172, 0.00362878, 0.0301664, -0.00477973, 0.0515676, -0.00304055, 0.0753015, 0.00362878, 0.0301664, 0.00373288, 0.00963643, 0.000674328, 0.0193352, -0.00263046, 0.0693875, 0.0015724, 0.0175184, ],]
##############################################################################
clock_duration  =         3226.1
tau =                     1.00014
total_steps =             32
time_step =               0.0335412
best_mc_result =          0.0213807
best_mc_result_non_secondary =          0
evolved_target_dot_squared =  0.978619
distance =          0.0807744
j_protocol =  [[0, 0, 0, 0, 0, 0, 0, 0, 0, 0, 0, 0, 0, 0, 0, 0, 0, 0, 0, 0, 0, 0, 0, 0, 0, 0, 0, 0, 0, 0, 0, 0, ],[0, 0, 0, 0, 0, 0, 0, 0, 0, 0, 0, 0, 0, 0, 0, 0, 0, 0, 0, 0, 0, 0, 0, 0, 0, 0, 0, 0, 0, 0, 0, 0, ],]
k_protocol =  [[0, 0, 0, 0, 0, 0, 0, 0, 0, 0, 0, 0, 0, 0, 0, 0, 0, 0, 0, 0, 0, 0, 0, 0, 0, 0, 0, 0, 0, 0, 0, 0, ],[0, 0, 0, 0, 0, 0, 0, 0, 0, 0, 0, 0, 0, 0, 0, 0, 0, 0, 0, 0, 0, 0, 0, 0, 0, 0, 0, 0, 0, 0, 0, 0, ],]
j_protocol_secondary =  [0.00369501, 0.0150078, 0.0150078, 0.366122, 0.366122, 0.462376, 0.462376, 0.706292, 0.706292, 0.858898, 0.858898, 0.866302, 0.866302, 1.00014, ]
k_protocol_secondary =  [0, 0.114582, 0.147791, 0.147791, 0.279457, 0.306913, 0.333737, 0.420179, 0.420179, 0.527817, 0.637755, 0.668196, 0.668196, 0.942126, ]
best_evolved_state = [-0.00160195, 0.0142151, -0.00826051, 0.0650046, 0.0016888, 0.0288161, 0.00251961, 0.00975393, -0.0021961, 0.0209094, 0.00227301, 0.0565265, -0.0021961, 0.0209094, 0.0179501, 0.0990611, -0.0179973, 0.0995132, -0.0021961, 0.0209094, 0.00251961, 0.00975393, 0.0016888, 0.0288161, -0.00826051, 0.0650046, -0.00936366, 0.0711588, -0.0401233, 0.338221, -0.00936366, 0.0711588, -0.0021961, 0.0209094, -0.0179973, 0.0995132, 0.0179501, 0.0990611, -0.00951321, 0.10619, 0.0016888, 0.0288161, -0.000730025, 0.0428045, -0.00856817, 0.0485201, 0.0048427, 0.09997, 0.0118713, 0.216592, -0.00856817, 0.0485201, 0.00227301, 0.0565265, 0.0179501, 0.0990611, 0.0187748, 0.133668, 0.0179501, 0.0990611, -0.00160195, 0.0142151, -0.00826051, 0.0650046, -0.00856817, 0.0485201, -0.00936366, 0.0711588, -0.0021961, 0.0209094, -0.00936366, 0.0711588, 0.0048427, 0.09997, -0.00936366, 0.0711588, 0.0118713, 0.216592, -0.0401233, 0.338221, -0.00826051, 0.0650046, 0.0179501, 0.0990611, -0.00951321, 0.10619, 0.0179501, 0.0990611, -0.0179973, 0.0995132, -0.00826051, 0.0650046, -0.0401233, 0.338221, 0.0118713, 0.216592, -0.0401233, 0.338221, -0.0179973, 0.0995132, 0.0016888, 0.0288161, -0.00936366, 0.0711588, -0.00856817, 0.0485201, -0.00826051, 0.0650046, -0.0021961, 0.0209094, 0.00251961, 0.00975393, -0.00856817, 0.0485201, -0.000730025, 0.0428045, 0.0016888, 0.0288161, -0.00856817, 0.0485201, -0.00826051, 0.0650046, -0.00160195, 0.0142151, 0.0187748, 0.133668, 0.0179501, 0.0990611, 0.00227301, 0.0565265, -0.0021961, 0.0209094, -0.00856817, 0.0485201, 0.0118713, 0.216592, 0.0048427, 0.09997, -0.00936366, 0.0711588, 0.0179501, 0.0990611, -0.000730025, 0.0428045, 0.0048427, 0.09997, -0.000730025, 0.0428045, 0.0016888, 0.0288161, 0.00227301, 0.0565265, 0.0016888, 0.0288161, -0.00856817, 0.0485201, -0.00936366, 0.0711588, 0.0016888, 0.0288161, 0.00251961, 0.00975393, -0.0021961, 0.0209094, -0.00826051, 0.0650046, -0.00160195, 0.0142151, ]
best_mc_result_fixed_tau =   [0.0162681, 0.0152455, ]
evolved_state_fixed_tau =   [[-0.00886134, 0.00549372, -0.0413127, 0.0468284, -0.010534, 0.0208017, -0.00350423, 0.00769431, -0.0198486, 0.0165087, -0.0281063, 0.0564025, -0.0198486, 0.0165087, -0.0442207, 0.0876765, -0.0686848, 0.0666739, -0.0198486, 0.0165087, -0.00350423, 0.00769431, -0.010534, 0.0208017, -0.0413127, 0.0468284, -0.046507, 0.0512582, -0.206444, 0.280393, -0.046507, 0.0512582, -0.0198486, 0.0165087, -0.0686848, 0.0666739, -0.0442207, 0.0876765, -0.0675305, 0.074056, -0.010534, 0.0208017, -0.0243292, 0.0358424, -0.0332028, 0.0362773, -0.048616, 0.0827306, -0.107576, 0.185858, -0.0332028, 0.0362773, -0.0281063, 0.0564025, -0.0442207, 0.0876765, -0.0439264, 0.129122, -0.0442207, 0.0876765, -0.00886134, 0.00549372, -0.0413127, 0.0468284, -0.0332028, 0.0362773, -0.046507, 0.0512582, -0.0198486, 0.0165087, -0.046507, 0.0512582, -0.048616, 0.0827306, -0.046507, 0.0512582, -0.107576, 0.185858, -0.206444, 0.280393, -0.0413127, 0.0468284, -0.0442207, 0.0876765, -0.0675305, 0.074056, -0.0442207, 0.0876765, -0.0686848, 0.0666739, -0.0413127, 0.0468284, -0.206444, 0.280393, -0.107576, 0.185858, -0.206444, 0.280393, -0.0686848, 0.0666739, -0.010534, 0.0208017, -0.046507, 0.0512582, -0.0332028, 0.0362773, -0.0413127, 0.0468284, -0.0198486, 0.0165087, -0.00350423, 0.00769431, -0.0332028, 0.0362773, -0.0243292, 0.0358424, -0.010534, 0.0208017, -0.0332028, 0.0362773, -0.0413127, 0.0468284, -0.00886134, 0.00549372, -0.0439264, 0.129122, -0.0442207, 0.0876765, -0.0281063, 0.0564025, -0.0198486, 0.0165087, -0.0332028, 0.0362773, -0.107576, 0.185858, -0.048616, 0.0827306, -0.046507, 0.0512582, -0.0442207, 0.0876765, -0.0243292, 0.0358424, -0.048616, 0.0827306, -0.0243292, 0.0358424, -0.010534, 0.0208017, -0.0281063, 0.0564025, -0.010534, 0.0208017, -0.0332028, 0.0362773, -0.046507, 0.0512582, -0.010534, 0.0208017, -0.00350423, 0.00769431, -0.0198486, 0.0165087, -0.0413127, 0.0468284, -0.00886134, 0.00549372, ],[-0.00672809, 0.00687157, -0.0410465, 0.0516848, -0.0116223, 0.0222088, -0.00354045, 0.00836334, -0.0203895, 0.0173465, -0.0345628, 0.0482212, -0.0203895, 0.0173465, -0.0459697, 0.0875722, -0.0654457, 0.074522, -0.0203895, 0.0173465, -0.00354045, 0.00836334, -0.0116223, 0.0222088, -0.0410465, 0.0516848, -0.0463981, 0.0559986, -0.204472, 0.278502, -0.0463981, 0.0559986, -0.0203895, 0.0173465, -0.0654457, 0.074522, -0.0459697, 0.0875722, -0.0642176, 0.0813337, -0.0116223, 0.0222088, -0.0273505, 0.0374752, -0.032478, 0.0389455, -0.0516609, 0.0834269, -0.104449, 0.183507, -0.032478, 0.0389455, -0.0345628, 0.0482212, -0.0459697, 0.0875722, -0.0501932, 0.121776, -0.0459697, 0.0875722, -0.00672809, 0.00687157, -0.0410465, 0.0516848, -0.032478, 0.0389455, -0.0463981, 0.0559986, -0.0203895, 0.0173465, -0.0463981, 0.0559986, -0.0516609, 0.0834269, -0.0463981, 0.0559986, -0.104449, 0.183507, -0.204472, 0.278502, -0.0410465, 0.0516848, -0.0459697, 0.0875722, -0.0642176, 0.0813337, -0.0459697, 0.0875722, -0.0654457, 0.074522, -0.0410465, 0.0516848, -0.204472, 0.278502, -0.104449, 0.183507, -0.204472, 0.278502, -0.0654457, 0.074522, -0.0116223, 0.0222088, -0.0463981, 0.0559986, -0.032478, 0.0389455, -0.0410465, 0.0516848, -0.0203895, 0.0173465, -0.00354045, 0.00836334, -0.032478, 0.0389455, -0.0273505, 0.0374752, -0.0116223, 0.0222088, -0.032478, 0.0389455, -0.0410465, 0.0516848, -0.00672809, 0.00687157, -0.0501932, 0.121776, -0.0459697, 0.0875722, -0.0345628, 0.0482212, -0.0203895, 0.0173465, -0.032478, 0.0389455, -0.104449, 0.183507, -0.0516609, 0.0834269, -0.0463981, 0.0559986, -0.0459697, 0.0875722, -0.0273505, 0.0374752, -0.0516609, 0.0834269, -0.0273505, 0.0374752, -0.0116223, 0.0222088, -0.0345628, 0.0482212, -0.0116223, 0.0222088, -0.032478, 0.0389455, -0.0463981, 0.0559986, -0.0116223, 0.0222088, -0.00354045, 0.00836334, -0.0203895, 0.0173465, -0.0410465, 0.0516848, -0.00672809, 0.00687157, ],]
##############################################################################
clock_duration  =         3523.92
tau =                     1.01233
total_steps =             32
time_step =               0.0335412
best_mc_result =          0.0198037
best_mc_result_non_secondary =          0
evolved_target_dot_squared =  0.980196
distance =          0.0748166
j_protocol =  [[0, 0, 0, 0, 0, 0, 0, 0, 0, 0, 0, 0, 0, 0, 0, 0, 0, 0, 0, 0, 0, 0, 0, 0, 0, 0, 0, 0, 0, 0, 0, 0, ],[0, 0, 0, 0, 0, 0, 0, 0, 0, 0, 0, 0, 0, 0, 0, 0, 0, 0, 0, 0, 0, 0, 0, 0, 0, 0, 0, 0, 0, 0, 0, 0, ],]
k_protocol =  [[0, 0, 0, 0, 0, 0, 0, 0, 0, 0, 0, 0, 0, 0, 0, 0, 0, 0, 0, 0, 0, 0, 0, 0, 0, 0, 0, 0, 0, 0, 0, 0, ],[0, 0, 0, 0, 0, 0, 0, 0, 0, 0, 0, 0, 0, 0, 0, 0, 0, 0, 0, 0, 0, 0, 0, 0, 0, 0, 0, 0, 0, 0, 0, 0, ],]
j_protocol_secondary =  [0.00388339, 0.0151908, 0.0151908, 0.370587, 0.370587, 0.468015, 0.468015, 0.714905, 0.714905, 0.869372, 0.869372, 0.876867, 0.876867, 1.01233, ]
k_protocol_secondary =  [0, 0.116275, 0.149594, 0.149594, 0.284116, 0.310712, 0.335684, 0.425303, 0.425303, 0.533285, 0.644357, 0.676345, 0.676345, 0.95412, ]
best_evolved_state = [-0.00221248, 0.0131323, -0.0139637, 0.063793, -0.000322765, 0.0282967, 0.00172311, 0.00952838, -0.00555975, 0.0203057, -0.00539995, 0.0574919, -0.00555975, 0.0203057, 0.00670041, 0.0987119, -0.0268666, 0.0969119, -0.00555975, 0.0203057, 0.00172311, 0.00952838, -0.000322765, 0.0282967, -0.0139637, 0.063793, -0.0159913, 0.0698445, -0.0723601, 0.335142, -0.0159913, 0.0698445, -0.00555975, 0.0203057, -0.0268666, 0.0969119, 0.00670041, 0.0987119, -0.0200832, 0.103766, -0.000322765, 0.0282967, -0.00511601, 0.0427772, -0.0131194, 0.0478228, -0.00539053, 0.0995711, -0.0100952, 0.215121, -0.0131194, 0.0478228, -0.00539995, 0.0574919, 0.00670041, 0.0987119, 0.00605898, 0.135359, 0.00670041, 0.0987119, -0.00221248, 0.0131323, -0.0139637, 0.063793, -0.0131194, 0.0478228, -0.0159913, 0.0698445, -0.00555975, 0.0203057, -0.0159913, 0.0698445, -0.00539053, 0.0995711, -0.0159913, 0.0698445, -0.0100952, 0.215121, -0.0723601, 0.335142, -0.0139637, 0.063793, 0.00670041, 0.0987119, -0.0200832, 0.103766, 0.00670041, 0.0987119, -0.0268666, 0.0969119, -0.0139637, 0.063793, -0.0723601, 0.335142, -0.0100952, 0.215121, -0.0723601, 0.335142, -0.0268666, 0.0969119, -0.000322765, 0.0282967, -0.0159913, 0.0698445, -0.0131194, 0.0478228, -0.0139637, 0.063793, -0.00555975, 0.0203057, 0.00172311, 0.00952838, -0.0131194, 0.0478228, -0.00511601, 0.0427772, -0.000322765, 0.0282967, -0.0131194, 0.0478228, -0.0139637, 0.063793, -0.00221248, 0.0131323, 0.00605898, 0.135359, 0.00670041, 0.0987119, -0.00539995, 0.0574919, -0.00555975, 0.0203057, -0.0131194, 0.0478228, -0.0100952, 0.215121, -0.00539053, 0.0995711, -0.0159913, 0.0698445, 0.00670041, 0.0987119, -0.00511601, 0.0427772, -0.00539053, 0.0995711, -0.00511601, 0.0427772, -0.000322765, 0.0282967, -0.00539995, 0.0574919, -0.000322765, 0.0282967, -0.0131194, 0.0478228, -0.0159913, 0.0698445, -0.000322765, 0.0282967, 0.00172311, 0.00952838, -0.00555975, 0.0203057, -0.0139637, 0.063793, -0.00221248, 0.0131323, ]
best_mc_result_fixed_tau =   [0.0162681, 0.0152455, ]
evolved_state_fixed_tau =   [[-0.00886134, 0.00549372, -0.0413127, 0.0468284, -0.010534, 0.0208017, -0.00350423, 0.00769431, -0.0198486, 0.0165087, -0.0281063, 0.0564025, -0.0198486, 0.0165087, -0.0442207, 0.0876765, -0.0686848, 0.0666739, -0.0198486, 0.0165087, -0.00350423, 0.00769431, -0.010534, 0.0208017, -0.0413127, 0.0468284, -0.046507, 0.0512582, -0.206444, 0.280393, -0.046507, 0.0512582, -0.0198486, 0.0165087, -0.0686848, 0.0666739, -0.0442207, 0.0876765, -0.0675305, 0.074056, -0.010534, 0.0208017, -0.0243292, 0.0358424, -0.0332028, 0.0362773, -0.048616, 0.0827306, -0.107576, 0.185858, -0.0332028, 0.0362773, -0.0281063, 0.0564025, -0.0442207, 0.0876765, -0.0439264, 0.129122, -0.0442207, 0.0876765, -0.00886134, 0.00549372, -0.0413127, 0.0468284, -0.0332028, 0.0362773, -0.046507, 0.0512582, -0.0198486, 0.0165087, -0.046507, 0.0512582, -0.048616, 0.0827306, -0.046507, 0.0512582, -0.107576, 0.185858, -0.206444, 0.280393, -0.0413127, 0.0468284, -0.0442207, 0.0876765, -0.0675305, 0.074056, -0.0442207, 0.0876765, -0.0686848, 0.0666739, -0.0413127, 0.0468284, -0.206444, 0.280393, -0.107576, 0.185858, -0.206444, 0.280393, -0.0686848, 0.0666739, -0.010534, 0.0208017, -0.046507, 0.0512582, -0.0332028, 0.0362773, -0.0413127, 0.0468284, -0.0198486, 0.0165087, -0.00350423, 0.00769431, -0.0332028, 0.0362773, -0.0243292, 0.0358424, -0.010534, 0.0208017, -0.0332028, 0.0362773, -0.0413127, 0.0468284, -0.00886134, 0.00549372, -0.0439264, 0.129122, -0.0442207, 0.0876765, -0.0281063, 0.0564025, -0.0198486, 0.0165087, -0.0332028, 0.0362773, -0.107576, 0.185858, -0.048616, 0.0827306, -0.046507, 0.0512582, -0.0442207, 0.0876765, -0.0243292, 0.0358424, -0.048616, 0.0827306, -0.0243292, 0.0358424, -0.010534, 0.0208017, -0.0281063, 0.0564025, -0.010534, 0.0208017, -0.0332028, 0.0362773, -0.046507, 0.0512582, -0.010534, 0.0208017, -0.00350423, 0.00769431, -0.0198486, 0.0165087, -0.0413127, 0.0468284, -0.00886134, 0.00549372, ],[-0.00672809, 0.00687157, -0.0410465, 0.0516848, -0.0116223, 0.0222088, -0.00354045, 0.00836334, -0.0203895, 0.0173465, -0.0345628, 0.0482212, -0.0203895, 0.0173465, -0.0459697, 0.0875722, -0.0654457, 0.074522, -0.0203895, 0.0173465, -0.00354045, 0.00836334, -0.0116223, 0.0222088, -0.0410465, 0.0516848, -0.0463981, 0.0559986, -0.204472, 0.278502, -0.0463981, 0.0559986, -0.0203895, 0.0173465, -0.0654457, 0.074522, -0.0459697, 0.0875722, -0.0642176, 0.0813337, -0.0116223, 0.0222088, -0.0273505, 0.0374752, -0.032478, 0.0389455, -0.0516609, 0.0834269, -0.104449, 0.183507, -0.032478, 0.0389455, -0.0345628, 0.0482212, -0.0459697, 0.0875722, -0.0501932, 0.121776, -0.0459697, 0.0875722, -0.00672809, 0.00687157, -0.0410465, 0.0516848, -0.032478, 0.0389455, -0.0463981, 0.0559986, -0.0203895, 0.0173465, -0.0463981, 0.0559986, -0.0516609, 0.0834269, -0.0463981, 0.0559986, -0.104449, 0.183507, -0.204472, 0.278502, -0.0410465, 0.0516848, -0.0459697, 0.0875722, -0.0642176, 0.0813337, -0.0459697, 0.0875722, -0.0654457, 0.074522, -0.0410465, 0.0516848, -0.204472, 0.278502, -0.104449, 0.183507, -0.204472, 0.278502, -0.0654457, 0.074522, -0.0116223, 0.0222088, -0.0463981, 0.0559986, -0.032478, 0.0389455, -0.0410465, 0.0516848, -0.0203895, 0.0173465, -0.00354045, 0.00836334, -0.032478, 0.0389455, -0.0273505, 0.0374752, -0.0116223, 0.0222088, -0.032478, 0.0389455, -0.0410465, 0.0516848, -0.00672809, 0.00687157, -0.0501932, 0.121776, -0.0459697, 0.0875722, -0.0345628, 0.0482212, -0.0203895, 0.0173465, -0.032478, 0.0389455, -0.104449, 0.183507, -0.0516609, 0.0834269, -0.0463981, 0.0559986, -0.0459697, 0.0875722, -0.0273505, 0.0374752, -0.0516609, 0.0834269, -0.0273505, 0.0374752, -0.0116223, 0.0222088, -0.0345628, 0.0482212, -0.0116223, 0.0222088, -0.032478, 0.0389455, -0.0463981, 0.0559986, -0.0116223, 0.0222088, -0.00354045, 0.00836334, -0.0203895, 0.0173465, -0.0410465, 0.0516848, -0.00672809, 0.00687157, ],]
