START_PARAMETERS
MAX_STEPS_MCDB =               32
MIN_STEPS_MCDB =               4
STEPS_CRUNCH_MCDB =            1
SWEEPS_MCDB =                  100
TOTAL_STEP_CHANGES =                  6
MCBB_SECONDARY =                  1
SWEEPS_MCBB_SECONDARY =                  300
NUMBER_OF_BANGS =                  8
GROUND_E =                -3.00495
INITIAL_E =               -1.23031
j_initial =               0.56
k_initial =               0.125
b_initial =               0
j_target =                0.026
k_target =                0.5
b_target =                0
init_target_dot_squared = 0.19308
init_state = [0.0345825, 0, 0.0842756, 0, 0.0557545, 0, 0.0302349, 0, 0.061138, 0, 0.11429, 0, 0.061138, 0, 0.139645, 0, 0.118128, 0, 0.061138, 0, 0.0302349, 0, 0.0557545, 0, 0.0842756, 0, 0.0985157, 0, 0.203181, 0, 0.0985157, 0, 0.061138, 0, 0.118128, 0, 0.139645, 0, 0.141085, 0, 0.0557545, 0, 0.0789039, 0, 0.0820976, 0, 0.131977, 0, 0.187301, 0, 0.0820976, 0, 0.11429, 0, 0.139645, 0, 0.149156, 0, 0.139645, 0, 0.0345825, 0, 0.0842756, 0, 0.0820976, 0, 0.0985157, 0, 0.061138, 0, 0.0985157, 0, 0.131977, 0, 0.0985157, 0, 0.187301, 0, 0.203181, 0, 0.0842756, 0, 0.139645, 0, 0.141085, 0, 0.139645, 0, 0.118128, 0, 0.0842756, 0, 0.203181, 0, 0.187301, 0, 0.203181, 0, 0.118128, 0, 0.0557545, 0, 0.0985157, 0, 0.0820976, 0, 0.0842756, 0, 0.061138, 0, 0.0302349, 0, 0.0820976, 0, 0.0789039, 0, 0.0557545, 0, 0.0820976, 0, 0.0842756, 0, 0.0345825, 0, 0.149156, 0, 0.139645, 0, 0.11429, 0, 0.061138, 0, 0.0820976, 0, 0.187301, 0, 0.131977, 0, 0.0985157, 0, 0.139645, 0, 0.0789039, 0, 0.131977, 0, 0.0789039, 0, 0.0557545, 0, 0.11429, 0, 0.0557545, 0, 0.0820976, 0, 0.0985157, 0, 0.0557545, 0, 0.0302349, 0, 0.061138, 0, 0.0842756, 0, 0.0345825, 0, ]
target_state = [-3.77626e-05, 0, -0.00432832, 0, -5.6794e-05, 0, -1.76241e-06, 0, -0.000112837, 0, -6.50102e-05, 0, -0.000112837, 0, -0.000674948, 0, -0.0086511, 0, -0.000112837, 0, -1.76241e-06, 0, -5.6794e-05, 0, -0.00432832, 0, -0.00433479, 0, -0.499139, 0, -0.00433479, 0, -0.000112837, 0, -0.0086511, 0, -0.000674948, 0, -0.00866083, 0, -5.6794e-05, 0, -1.8479e-05, 0, -0.000225201, 0, -0.00078586, 0, -0.0259145, 0, -0.000225201, 0, -6.50102e-05, 0, -0.000674948, 0, -9.31539e-05, 0, -0.000674948, 0, -3.77626e-05, 0, -0.00432832, 0, -0.000225201, 0, -0.00433479, 0, -0.000112837, 0, -0.00433479, 0, -0.00078586, 0, -0.00433479, 0, -0.0259145, 0, -0.499139, 0, -0.00432832, 0, -0.000674948, 0, -0.00866083, 0, -0.000674948, 0, -0.0086511, 0, -0.00432832, 0, -0.499139, 0, -0.0259145, 0, -0.499139, 0, -0.0086511, 0, -5.6794e-05, 0, -0.00433479, 0, -0.000225201, 0, -0.00432832, 0, -0.000112837, 0, -1.76241e-06, 0, -0.000225201, 0, -1.8479e-05, 0, -5.6794e-05, 0, -0.000225201, 0, -0.00432832, 0, -3.77626e-05, 0, -9.31539e-05, 0, -0.000674948, 0, -6.50102e-05, 0, -0.000112837, 0, -0.000225201, 0, -0.0259145, 0, -0.00078586, 0, -0.00433479, 0, -0.000674948, 0, -1.8479e-05, 0, -0.00078586, 0, -1.8479e-05, 0, -5.6794e-05, 0, -6.50102e-05, 0, -5.6794e-05, 0, -0.000225201, 0, -0.00433479, 0, -5.6794e-05, 0, -1.76241e-06, 0, -0.000112837, 0, -0.00432832, 0, -3.77626e-05, 0, ]
USE_ENERGY_DISTANCE =     false
PERIODIC =                false
UNIFORM_SITES =           true
DEVICE_DIMENSION =        2
MAX_PARAM =               1
MIN_PARAM =               0
MIN_PARAM =               0
DIAG =                    true
NUM_SEEDS =               2
NUMBER_OF_BANGS =               8
DISTANCE_LIMIT =          0.02
TAU_INIT =                0.7
MAX_TAU =                 5
TAU_SCALAR =              1.2
TAU_SCALAR_TINY =         1.1
TAU_SCALAR_BIG =          1.3
ACCEPTANCE_PROB =         0.85
TEMP_EXP_DECAY =          0.8
MIN_TEMP_FRACTION =       0.01
TEMP_DECAY_ITERATIONS =   21
ZERO_TEMP_ITREATIONS =    25
RANDOM_STATES =           3
END_PARAMETERS
##############################################################################
clock_duration  =         786.314
tau =                     0.7
total_steps =             32
time_step =               0.021875
best_mc_result =          0.464732
best_mc_result_non_secondary =          0.465027
evolved_target_dot_squared =  0.535268
distance =          0.575933
j_protocol =  [[0, 1, 1, 1, 1, 1, 1, 1, 1, 1, 1, 1, 1, 1, 1, 1, 1, 1, 0, 1, 0, 0, 0, 0, 0, 0, 1, 1, 1, 1, 1, 1, ],[0, 1, 1, 1, 1, 1, 1, 1, 1, 1, 1, 1, 1, 1, 1, 1, 1, 1, 1, 0, 0, 0, 0, 0, 0, 0, 1, 1, 1, 1, 1, 1, ],]
k_protocol =  [[1, 1, 1, 1, 1, 1, 1, 1, 1, 1, 1, 1, 1, 1, 1, 1, 1, 1, 1, 1, 1, 1, 1, 1, 1, 1, 1, 1, 1, 1, 1, 1, ],[1, 1, 1, 1, 1, 1, 1, 1, 1, 1, 1, 1, 1, 1, 1, 1, 1, 1, 1, 1, 1, 1, 1, 1, 1, 1, 1, 1, 1, 1, 1, 1, ],]
j_protocol_secondary =  [0.0238676, 0.298486, 0.298486, 0.374772, 0.374772, 0.405135, 0.418058, 0.424315, 0.470322, 0.470585, 0.531184, 0.531184, 0.562472, 0.699568, 0.699568, 0.7, ]
k_protocol_secondary =  [0, 0.0136068, 0.0136068, 0.193812, 0.193812, 0.237349, 0.237349, 0.446103, 0.446103, 0.522204, 0.522204, 0.590333, 0.590333, 0.641848, 0.641848, 0.696044, ]
best_evolved_state = [0.0143213, 0.00999558, 0.0311044, 0.00368244, 0.0108967, -2.60049e-05, 0.00610373, -0.00433546, 0.0209443, -0.0130484, -0.0338533, -0.153222, 0.0209443, -0.0130484, 0.0149955, -0.0747319, 0.0452733, -0.0190956, 0.0209443, -0.0130484, 0.00610373, -0.00433546, 0.0108967, -2.60049e-05, 0.0311044, 0.00368244, 0.0256764, -0.00611565, 0.309023, -0.170006, 0.0256764, -0.00611565, 0.0209443, -0.0130484, 0.0452733, -0.0190956, 0.0149955, -0.0747319, 0.0351684, -0.0505397, 0.0108967, -2.60049e-05, 0.00607964, 0.00686427, 0.0129506, -0.0164891, -0.00493245, -0.0628555, 0.145982, -0.185451, 0.0129506, -0.0164891, -0.0338533, -0.153222, 0.0149955, -0.0747319, -0.013072, -0.195713, 0.0149955, -0.0747319, 0.0143213, 0.00999558, 0.0311044, 0.00368244, 0.0129506, -0.0164891, 0.0256764, -0.00611565, 0.0209443, -0.0130484, 0.0256764, -0.00611565, -0.00493245, -0.0628555, 0.0256764, -0.00611565, 0.145982, -0.185451, 0.309023, -0.170006, 0.0311044, 0.00368244, 0.0149955, -0.0747319, 0.0351684, -0.0505397, 0.0149955, -0.0747319, 0.0452733, -0.0190956, 0.0311044, 0.00368244, 0.309023, -0.170006, 0.145982, -0.185451, 0.309023, -0.170006, 0.0452733, -0.0190956, 0.0108967, -2.60049e-05, 0.0256764, -0.00611565, 0.0129506, -0.0164891, 0.0311044, 0.00368244, 0.0209443, -0.0130484, 0.00610373, -0.00433546, 0.0129506, -0.0164891, 0.00607964, 0.00686427, 0.0108967, -2.60049e-05, 0.0129506, -0.0164891, 0.0311044, 0.00368244, 0.0143213, 0.00999558, -0.013072, -0.195713, 0.0149955, -0.0747319, -0.0338533, -0.153222, 0.0209443, -0.0130484, 0.0129506, -0.0164891, 0.145982, -0.185451, -0.00493245, -0.0628555, 0.0256764, -0.00611565, 0.0149955, -0.0747319, 0.00607964, 0.00686427, -0.00493245, -0.0628555, 0.00607964, 0.00686427, 0.0108967, -2.60049e-05, -0.0338533, -0.153222, 0.0108967, -2.60049e-05, 0.0129506, -0.0164891, 0.0256764, -0.00611565, 0.0108967, -2.60049e-05, 0.00610373, -0.00433546, 0.0209443, -0.0130484, 0.0311044, 0.00368244, 0.0143213, 0.00999558, ]
best_mc_result_fixed_tau =   [0.465027, 0.465086, ]
evolved_state_fixed_tau =   [[0.0137807, 0.0100484, 0.0300891, 0.00316858, 0.0104917, 6.6314e-05, 0.00600145, -0.00448803, 0.0205214, -0.0129472, -0.0295945, -0.154462, 0.0205214, -0.0129472, 0.0152062, -0.0749851, 0.0436977, -0.0199754, 0.0205214, -0.0129472, 0.00600145, -0.00448803, 0.0104917, 6.6314e-05, 0.0300891, 0.00316858, 0.0246114, -0.00660605, 0.314396, -0.159848, 0.0246114, -0.00660605, 0.0205214, -0.0129472, 0.0436977, -0.0199754, 0.0152062, -0.0749851, 0.0337657, -0.0514131, 0.0104917, 6.6314e-05, 0.00552511, 0.00676329, 0.0119541, -0.0166131, -0.00480791, -0.0637262, 0.149703, -0.182688, 0.0119541, -0.0166131, -0.0295945, -0.154462, 0.0152062, -0.0749851, -0.00786354, -0.196325, 0.0152062, -0.0749851, 0.0137807, 0.0100484, 0.0300891, 0.00316858, 0.0119541, -0.0166131, 0.0246114, -0.00660605, 0.0205214, -0.0129472, 0.0246114, -0.00660605, -0.00480791, -0.0637262, 0.0246114, -0.00660605, 0.149703, -0.182688, 0.314396, -0.159848, 0.0300891, 0.00316858, 0.0152062, -0.0749851, 0.0337657, -0.0514131, 0.0152062, -0.0749851, 0.0436977, -0.0199754, 0.0300891, 0.00316858, 0.314396, -0.159848, 0.149703, -0.182688, 0.314396, -0.159848, 0.0436977, -0.0199754, 0.0104917, 6.6314e-05, 0.0246114, -0.00660605, 0.0119541, -0.0166131, 0.0300891, 0.00316858, 0.0205214, -0.0129472, 0.00600145, -0.00448803, 0.0119541, -0.0166131, 0.00552511, 0.00676329, 0.0104917, 6.6314e-05, 0.0119541, -0.0166131, 0.0300891, 0.00316858, 0.0137807, 0.0100484, -0.00786354, -0.196325, 0.0152062, -0.0749851, -0.0295945, -0.154462, 0.0205214, -0.0129472, 0.0119541, -0.0166131, 0.149703, -0.182688, -0.00480791, -0.0637262, 0.0246114, -0.00660605, 0.0152062, -0.0749851, 0.00552511, 0.00676329, -0.00480791, -0.0637262, 0.00552511, 0.00676329, 0.0104917, 6.6314e-05, -0.0295945, -0.154462, 0.0104917, 6.6314e-05, 0.0119541, -0.0166131, 0.0246114, -0.00660605, 0.0104917, 6.6314e-05, 0.00600145, -0.00448803, 0.0205214, -0.0129472, 0.0300891, 0.00316858, 0.0137807, 0.0100484, ],[0.0139259, 0.0107103, 0.0292301, 0.00233176, 0.0102352, 0.000135283, 0.00590902, -0.00464541, 0.0202844, -0.0131703, -0.0291557, -0.154226, 0.0202844, -0.0131703, 0.0154651, -0.075656, 0.0419695, -0.021161, 0.0202844, -0.0131703, 0.00590902, -0.00464541, 0.0102352, 0.000135283, 0.0292301, 0.00233176, 0.0237309, -0.00743637, 0.31467, -0.15932, 0.0237309, -0.00743637, 0.0202844, -0.0131703, 0.0419695, -0.021161, 0.0154651, -0.075656, 0.0319099, -0.0525169, 0.0102352, 0.000135283, 0.00549223, 0.00628829, 0.0109342, -0.0164628, -0.00469618, -0.064281, 0.150034, -0.18297, 0.0109342, -0.0164628, -0.0291557, -0.154226, 0.0154651, -0.075656, -0.00735213, -0.196059, 0.0154651, -0.075656, 0.0139259, 0.0107103, 0.0292301, 0.00233176, 0.0109342, -0.0164628, 0.0237309, -0.00743637, 0.0202844, -0.0131703, 0.0237309, -0.00743637, -0.00469618, -0.064281, 0.0237309, -0.00743637, 0.150034, -0.18297, 0.31467, -0.15932, 0.0292301, 0.00233176, 0.0154651, -0.075656, 0.0319099, -0.0525169, 0.0154651, -0.075656, 0.0419695, -0.021161, 0.0292301, 0.00233176, 0.31467, -0.15932, 0.150034, -0.18297, 0.31467, -0.15932, 0.0419695, -0.021161, 0.0102352, 0.000135283, 0.0237309, -0.00743637, 0.0109342, -0.0164628, 0.0292301, 0.00233176, 0.0202844, -0.0131703, 0.00590902, -0.00464541, 0.0109342, -0.0164628, 0.00549223, 0.00628829, 0.0102352, 0.000135283, 0.0109342, -0.0164628, 0.0292301, 0.00233176, 0.0139259, 0.0107103, -0.00735213, -0.196059, 0.0154651, -0.075656, -0.0291557, -0.154226, 0.0202844, -0.0131703, 0.0109342, -0.0164628, 0.150034, -0.18297, -0.00469618, -0.064281, 0.0237309, -0.00743637, 0.0154651, -0.075656, 0.00549223, 0.00628829, -0.00469618, -0.064281, 0.00549223, 0.00628829, 0.0102352, 0.000135283, -0.0291557, -0.154226, 0.0102352, 0.000135283, 0.0109342, -0.0164628, 0.0237309, -0.00743637, 0.0102352, 0.000135283, 0.00590902, -0.00464541, 0.0202844, -0.0131703, 0.0292301, 0.00233176, 0.0139259, 0.0107103, ],]
##############################################################################
clock_duration  =         1584.02
tau =                     0.99041
total_steps =             32
time_step =               0.0309503
best_mc_result =          0.297439
best_mc_result_non_secondary =          0.297902
evolved_target_dot_squared =  0.702561
distance =          0.36861
j_protocol =  [[0, 1, 1, 1, 1, 1, 1, 1, 1, 1, 1, 1, 1, 1, 1, 1, 1, 1, 1, 1, 1, 1, 0, 0, 1, 0, 0, 1, 1, 1, 1, 1, ],[0, 1, 1, 1, 1, 1, 1, 1, 1, 1, 1, 1, 1, 1, 1, 1, 1, 1, 1, 1, 1, 0, 1, 0, 1, 0, 0, 1, 1, 1, 1, 1, ],]
k_protocol =  [[1, 1, 1, 1, 1, 1, 1, 1, 1, 1, 1, 1, 1, 1, 1, 1, 1, 1, 1, 1, 1, 1, 1, 1, 1, 1, 1, 1, 1, 1, 1, 1, ],[1, 1, 1, 1, 1, 1, 1, 1, 1, 1, 1, 1, 1, 1, 1, 1, 1, 1, 1, 1, 1, 1, 1, 1, 1, 1, 1, 1, 1, 1, 1, 1, ],]
j_protocol_secondary =  [0.0238806, 0.0691085, 0.0691085, 0.187052, 0.187052, 0.649301, 0.677251, 0.709815, 0.750807, 0.76971, 0.781561, 0.784108, 0.83269, 0.977587, 0.977587, 0.99041, ]
k_protocol_secondary =  [0, 0.0319076, 0.0319076, 0.240417, 0.240417, 0.4243, 0.4243, 0.647163, 0.647163, 0.712941, 0.712941, 0.764537, 0.764537, 0.981716, 0.981716, 0.986245, ]
best_evolved_state = [0.0131719, 0.007336, 0.00110989, 0.0441405, 0.0151903, 0.0210449, 0.01165, 0.00418366, 0.0279193, 0.000678027, 0.033257, 0.000954489, 0.0279193, 0.000678027, 0.0371647, 0.101471, -0.0338818, 0.0420605, 0.0279193, 0.000678027, 0.01165, 0.00418366, 0.0151903, 0.0210449, 0.00110989, 0.0441405, -0.00946746, 0.040415, -0.228952, 0.337983, -0.00946746, 0.040415, 0.0279193, 0.000678027, -0.0338818, 0.0420605, 0.0371647, 0.101471, -0.0618018, 0.0260879, 0.0151903, 0.0210449, 0.0149468, 0.0387695, -0.0104052, 0.0166824, -0.0240171, 0.0838525, -0.0407457, 0.171047, -0.0104052, 0.0166824, 0.033257, 0.000954489, 0.0371647, 0.101471, 0.0401183, 0.05013, 0.0371647, 0.101471, 0.0131719, 0.007336, 0.00110989, 0.0441405, -0.0104052, 0.0166824, -0.00946746, 0.040415, 0.0279193, 0.000678027, -0.00946746, 0.040415, -0.0240171, 0.0838525, -0.00946746, 0.040415, -0.0407457, 0.171047, -0.228952, 0.337983, 0.00110989, 0.0441405, 0.0371647, 0.101471, -0.0618018, 0.0260879, 0.0371647, 0.101471, -0.0338818, 0.0420605, 0.00110989, 0.0441405, -0.228952, 0.337983, -0.0407457, 0.171047, -0.228952, 0.337983, -0.0338818, 0.0420605, 0.0151903, 0.0210449, -0.00946746, 0.040415, -0.0104052, 0.0166824, 0.00110989, 0.0441405, 0.0279193, 0.000678027, 0.01165, 0.00418366, -0.0104052, 0.0166824, 0.0149468, 0.0387695, 0.0151903, 0.0210449, -0.0104052, 0.0166824, 0.00110989, 0.0441405, 0.0131719, 0.007336, 0.0401183, 0.05013, 0.0371647, 0.101471, 0.033257, 0.000954489, 0.0279193, 0.000678027, -0.0104052, 0.0166824, -0.0407457, 0.171047, -0.0240171, 0.0838525, -0.00946746, 0.040415, 0.0371647, 0.101471, 0.0149468, 0.0387695, -0.0240171, 0.0838525, 0.0149468, 0.0387695, 0.0151903, 0.0210449, 0.033257, 0.000954489, 0.0151903, 0.0210449, -0.0104052, 0.0166824, -0.00946746, 0.040415, 0.0151903, 0.0210449, 0.01165, 0.00418366, 0.0279193, 0.000678027, 0.00110989, 0.0441405, 0.0131719, 0.007336, ]
best_mc_result_fixed_tau =   [0.298065, 0.297902, ]
evolved_state_fixed_tau =   [[0.0132275, 0.00535329, 0.00456438, 0.0453853, 0.0161791, 0.0206117, 0.0125687, 0.00367359, 0.0281595, -0.00028308, 0.0283678, -0.00205128, 0.0281595, -0.00028308, 0.0379272, 0.102183, -0.0298534, 0.0445734, 0.0281595, -0.00028308, 0.0125687, 0.00367359, 0.0161791, 0.0206117, 0.00456438, 0.0453853, -0.00673162, 0.0421017, -0.232347, 0.335542, -0.00673162, 0.0421017, 0.0281595, -0.00028308, -0.0298534, 0.0445734, 0.0379272, 0.102183, -0.059591, 0.0293682, 0.0161791, 0.0206117, 0.0163901, 0.03963, -0.00897478, 0.016331, -0.0239837, 0.0859391, -0.0418678, 0.169229, -0.00897478, 0.016331, 0.0283678, -0.00205128, 0.0379272, 0.102183, 0.0349565, 0.0478559, 0.0379272, 0.102183, 0.0132275, 0.00535329, 0.00456438, 0.0453853, -0.00897478, 0.016331, -0.00673162, 0.0421017, 0.0281595, -0.00028308, -0.00673162, 0.0421017, -0.0239837, 0.0859391, -0.00673162, 0.0421017, -0.0418678, 0.169229, -0.232347, 0.335542, 0.00456438, 0.0453853, 0.0379272, 0.102183, -0.059591, 0.0293682, 0.0379272, 0.102183, -0.0298534, 0.0445734, 0.00456438, 0.0453853, -0.232347, 0.335542, -0.0418678, 0.169229, -0.232347, 0.335542, -0.0298534, 0.0445734, 0.0161791, 0.0206117, -0.00673162, 0.0421017, -0.00897478, 0.016331, 0.00456438, 0.0453853, 0.0281595, -0.00028308, 0.0125687, 0.00367359, -0.00897478, 0.016331, 0.0163901, 0.03963, 0.0161791, 0.0206117, -0.00897478, 0.016331, 0.00456438, 0.0453853, 0.0132275, 0.00535329, 0.0349565, 0.0478559, 0.0379272, 0.102183, 0.0283678, -0.00205128, 0.0281595, -0.00028308, -0.00897478, 0.016331, -0.0418678, 0.169229, -0.0239837, 0.0859391, -0.00673162, 0.0421017, 0.0379272, 0.102183, 0.0163901, 0.03963, -0.0239837, 0.0859391, 0.0163901, 0.03963, 0.0161791, 0.0206117, 0.0283678, -0.00205128, 0.0161791, 0.0206117, -0.00897478, 0.016331, -0.00673162, 0.0421017, 0.0161791, 0.0206117, 0.0125687, 0.00367359, 0.0281595, -0.00028308, 0.00456438, 0.0453853, 0.0132275, 0.00535329, ],[0.0138723, 0.00534835, 0.0021718, 0.0459421, 0.015983, 0.020473, 0.0123899, 0.00385959, 0.027435, -0.00092514, 0.0292316, -0.00136147, 0.027435, -0.00092514, 0.0377584, 0.100475, -0.0339556, 0.0460983, 0.027435, -0.00092514, 0.0123899, 0.00385959, 0.015983, 0.020473, 0.0021718, 0.0459421, -0.00912845, 0.042519, -0.230751, 0.336485, -0.00912845, 0.042519, 0.027435, -0.00092514, -0.0339556, 0.0460983, 0.0377584, 0.100475, -0.0639512, 0.0312756, 0.015983, 0.020473, 0.0156987, 0.0389397, -0.00973888, 0.0175795, -0.0243606, 0.0852156, -0.0425444, 0.168902, -0.00973888, 0.0175795, 0.0292316, -0.00136147, 0.0377584, 0.100475, 0.0362772, 0.047773, 0.0377584, 0.100475, 0.0138723, 0.00534835, 0.0021718, 0.0459421, -0.00973888, 0.0175795, -0.00912845, 0.042519, 0.027435, -0.00092514, -0.00912845, 0.042519, -0.0243606, 0.0852156, -0.00912845, 0.042519, -0.0425444, 0.168902, -0.230751, 0.336485, 0.0021718, 0.0459421, 0.0377584, 0.100475, -0.0639512, 0.0312756, 0.0377584, 0.100475, -0.0339556, 0.0460983, 0.0021718, 0.0459421, -0.230751, 0.336485, -0.0425444, 0.168902, -0.230751, 0.336485, -0.0339556, 0.0460983, 0.015983, 0.020473, -0.00912845, 0.042519, -0.00973888, 0.0175795, 0.0021718, 0.0459421, 0.027435, -0.00092514, 0.0123899, 0.00385959, -0.00973888, 0.0175795, 0.0156987, 0.0389397, 0.015983, 0.020473, -0.00973888, 0.0175795, 0.0021718, 0.0459421, 0.0138723, 0.00534835, 0.0362772, 0.047773, 0.0377584, 0.100475, 0.0292316, -0.00136147, 0.027435, -0.00092514, -0.00973888, 0.0175795, -0.0425444, 0.168902, -0.0243606, 0.0852156, -0.00912845, 0.042519, 0.0377584, 0.100475, 0.0156987, 0.0389397, -0.0243606, 0.0852156, 0.0156987, 0.0389397, 0.015983, 0.020473, 0.0292316, -0.00136147, 0.015983, 0.020473, -0.00973888, 0.0175795, -0.00912845, 0.042519, 0.015983, 0.020473, 0.0123899, 0.00385959, 0.027435, -0.00092514, 0.0021718, 0.0459421, 0.0138723, 0.00534835, ],]
##############################################################################
clock_duration  =         2443.56
tau =                     1.18849
total_steps =             32
time_step =               0.0371404
best_mc_result =          0.185529
best_mc_result_non_secondary =          0.187324
evolved_target_dot_squared =  0.814471
distance =          0.229922
j_protocol =  [[0, 1, 1, 1, 1, 1, 1, 1, 1, 1, 1, 1, 1, 0, 0, 1, 1, 1, 1, 1, 1, 1, 1, 0, 1, 0, 0, 0, 1, 1, 1, 1, ],[0, 1, 1, 1, 1, 1, 1, 1, 1, 1, 1, 1, 0, 1, 1, 0, 1, 1, 1, 1, 1, 1, 1, 0, 0, 1, 0, 0, 1, 1, 1, 1, ],]
k_protocol =  [[1, 1, 1, 1, 1, 1, 1, 1, 1, 1, 1, 1, 1, 1, 1, 1, 1, 1, 1, 1, 1, 1, 1, 1, 1, 1, 1, 1, 1, 1, 1, 1, ],[1, 1, 1, 1, 1, 1, 1, 1, 1, 1, 1, 1, 1, 1, 1, 1, 1, 1, 1, 1, 1, 1, 1, 1, 1, 1, 1, 1, 1, 1, 1, 1, ],]
j_protocol_secondary =  [0.0255417, 0.45157, 0.45157, 0.470814, 0.48954, 0.497779, 0.523601, 0.55914, 0.577985, 0.725135, 0.725135, 0.856199, 0.936283, 0.961845, 1.03662, 1.18849, ]
k_protocol_secondary =  [0, 0.0265914, 0.0265914, 0.141573, 0.141573, 0.448164, 0.448164, 0.637787, 0.637787, 0.709637, 0.709637, 0.838024, 0.838024, 0.897683, 0.897683, 1.18431, ]
best_evolved_state = [-0.00781316, -0.0116219, -0.0118113, 0.0189239, 0.00453215, 0.0149006, 0.00886918, -7.77084e-05, -3.97587e-05, -0.00296106, 0.0169036, 0.0053108, -3.97587e-05, -0.00296106, -0.0440188, 0.05695, -0.0402372, -0.0142322, -3.97587e-05, -0.00296106, 0.00886918, -7.77084e-05, 0.00453215, 0.0149006, -0.0118113, 0.0189239, -0.0274954, 0.0048824, -0.416342, -0.147485, -0.0274954, 0.0048824, -3.97587e-05, -0.00296106, -0.0402372, -0.0142322, -0.0440188, 0.05695, -0.0788074, -0.0358529, 0.00453215, 0.0149006, -0.0147536, 0.023997, -0.0143778, 0.00699015, -0.0858979, 0.0196975, -0.156297, -0.0283898, -0.0143778, 0.00699015, 0.0169036, 0.0053108, -0.0440188, 0.05695, -0.0255962, 0.037303, -0.0440188, 0.05695, -0.00781316, -0.0116219, -0.0118113, 0.0189239, -0.0143778, 0.00699015, -0.0274954, 0.0048824, -3.97587e-05, -0.00296106, -0.0274954, 0.0048824, -0.0858979, 0.0196975, -0.0274954, 0.0048824, -0.156297, -0.0283898, -0.416342, -0.147485, -0.0118113, 0.0189239, -0.0440188, 0.05695, -0.0788074, -0.0358529, -0.0440188, 0.05695, -0.0402372, -0.0142322, -0.0118113, 0.0189239, -0.416342, -0.147485, -0.156297, -0.0283898, -0.416342, -0.147485, -0.0402372, -0.0142322, 0.00453215, 0.0149006, -0.0274954, 0.0048824, -0.0143778, 0.00699015, -0.0118113, 0.0189239, -3.97587e-05, -0.00296106, 0.00886918, -7.77084e-05, -0.0143778, 0.00699015, -0.0147536, 0.023997, 0.00453215, 0.0149006, -0.0143778, 0.00699015, -0.0118113, 0.0189239, -0.00781316, -0.0116219, -0.0255962, 0.037303, -0.0440188, 0.05695, 0.0169036, 0.0053108, -3.97587e-05, -0.00296106, -0.0143778, 0.00699015, -0.156297, -0.0283898, -0.0858979, 0.0196975, -0.0274954, 0.0048824, -0.0440188, 0.05695, -0.0147536, 0.023997, -0.0858979, 0.0196975, -0.0147536, 0.023997, 0.00453215, 0.0149006, 0.0169036, 0.0053108, 0.00453215, 0.0149006, -0.0143778, 0.00699015, -0.0274954, 0.0048824, 0.00453215, 0.0149006, 0.00886918, -7.77084e-05, -3.97587e-05, -0.00296106, -0.0118113, 0.0189239, -0.00781316, -0.0116219, ]
best_mc_result_fixed_tau =   [0.187823, 0.187324, ]
evolved_state_fixed_tau =   [[-0.0101038, -0.0129501, -0.0139987, 0.0242474, 0.00505582, 0.0138656, 0.00930595, -0.0013395, -0.00377086, -0.00424786, 0.0230525, 0.00453871, -0.00377086, -0.00424786, -0.0409226, 0.0557786, -0.0469658, -0.00279728, -0.00377086, -0.00424786, 0.00930595, -0.0013395, 0.00505582, 0.0138656, -0.0139987, 0.0242474, -0.0306501, 0.0107388, -0.424145, -0.120819, -0.0306501, 0.0107388, -0.00377086, -0.00424786, -0.0469658, -0.00279728, -0.0409226, 0.0557786, -0.0869337, -0.0205605, 0.00505582, 0.0138656, -0.0143344, 0.0242748, -0.0131614, 0.0114909, -0.0849766, 0.0239437, -0.155922, -0.0162386, -0.0131614, 0.0114909, 0.0230525, 0.00453871, -0.0409226, 0.0557786, -0.0149905, 0.0388163, -0.0409226, 0.0557786, -0.0101038, -0.0129501, -0.0139987, 0.0242474, -0.0131614, 0.0114909, -0.0306501, 0.0107388, -0.00377086, -0.00424786, -0.0306501, 0.0107388, -0.0849766, 0.0239437, -0.0306501, 0.0107388, -0.155922, -0.0162386, -0.424145, -0.120819, -0.0139987, 0.0242474, -0.0409226, 0.0557786, -0.0869337, -0.0205605, -0.0409226, 0.0557786, -0.0469658, -0.00279728, -0.0139987, 0.0242474, -0.424145, -0.120819, -0.155922, -0.0162386, -0.424145, -0.120819, -0.0469658, -0.00279728, 0.00505582, 0.0138656, -0.0306501, 0.0107388, -0.0131614, 0.0114909, -0.0139987, 0.0242474, -0.00377086, -0.00424786, 0.00930595, -0.0013395, -0.0131614, 0.0114909, -0.0143344, 0.0242748, 0.00505582, 0.0138656, -0.0131614, 0.0114909, -0.0139987, 0.0242474, -0.0101038, -0.0129501, -0.0149905, 0.0388163, -0.0409226, 0.0557786, 0.0230525, 0.00453871, -0.00377086, -0.00424786, -0.0131614, 0.0114909, -0.155922, -0.0162386, -0.0849766, 0.0239437, -0.0306501, 0.0107388, -0.0409226, 0.0557786, -0.0143344, 0.0242748, -0.0849766, 0.0239437, -0.0143344, 0.0242748, 0.00505582, 0.0138656, 0.0230525, 0.00453871, 0.00505582, 0.0138656, -0.0131614, 0.0114909, -0.0306501, 0.0107388, 0.00505582, 0.0138656, 0.00930595, -0.0013395, -0.00377086, -0.00424786, -0.0139987, 0.0242474, -0.0101038, -0.0129501, ],[-0.00904907, -0.0111047, -0.0135046, 0.020295, 0.00584914, 0.0143184, 0.00911524, -0.000584695, -0.000767678, -0.00421229, 0.0221062, 0.00543748, -0.000767678, -0.00421229, -0.0386863, 0.0582609, -0.0477674, -0.0109359, -0.000767678, -0.00421229, 0.00911524, -0.000584695, 0.00584914, 0.0143184, -0.0135046, 0.020295, -0.0304949, 0.0067603, -0.42499, -0.117866, -0.0304949, 0.0067603, -0.000767678, -0.00421229, -0.0477674, -0.0109359, -0.0386863, 0.0582609, -0.089106, -0.0300878, 0.00584914, 0.0143184, -0.0132225, 0.0244565, -0.0141806, 0.00963525, -0.0841076, 0.0247507, -0.155319, -0.018495, -0.0141806, 0.00963525, 0.0221062, 0.00543748, -0.0386863, 0.0582609, -0.0161406, 0.0394962, -0.0386863, 0.0582609, -0.00904907, -0.0111047, -0.0135046, 0.020295, -0.0141806, 0.00963525, -0.0304949, 0.0067603, -0.000767678, -0.00421229, -0.0304949, 0.0067603, -0.0841076, 0.0247507, -0.0304949, 0.0067603, -0.155319, -0.018495, -0.42499, -0.117866, -0.0135046, 0.020295, -0.0386863, 0.0582609, -0.089106, -0.0300878, -0.0386863, 0.0582609, -0.0477674, -0.0109359, -0.0135046, 0.020295, -0.42499, -0.117866, -0.155319, -0.018495, -0.42499, -0.117866, -0.0477674, -0.0109359, 0.00584914, 0.0143184, -0.0304949, 0.0067603, -0.0141806, 0.00963525, -0.0135046, 0.020295, -0.000767678, -0.00421229, 0.00911524, -0.000584695, -0.0141806, 0.00963525, -0.0132225, 0.0244565, 0.00584914, 0.0143184, -0.0141806, 0.00963525, -0.0135046, 0.020295, -0.00904907, -0.0111047, -0.0161406, 0.0394962, -0.0386863, 0.0582609, 0.0221062, 0.00543748, -0.000767678, -0.00421229, -0.0141806, 0.00963525, -0.155319, -0.018495, -0.0841076, 0.0247507, -0.0304949, 0.0067603, -0.0386863, 0.0582609, -0.0132225, 0.0244565, -0.0841076, 0.0247507, -0.0132225, 0.0244565, 0.00584914, 0.0143184, 0.0221062, 0.00543748, 0.00584914, 0.0143184, -0.0141806, 0.00963525, -0.0304949, 0.0067603, 0.00584914, 0.0143184, 0.00911524, -0.000584695, -0.000767678, -0.00421229, -0.0135046, 0.020295, -0.00904907, -0.0111047, ],]
##############################################################################
clock_duration  =         3330.98
tau =                     1.42619
total_steps =             32
time_step =               0.0445685
best_mc_result =          0.109947
best_mc_result_non_secondary =          0.112941
evolved_target_dot_squared =  0.890053
distance =          0.136255
j_protocol =  [[1, 1, 1, 1, 1, 1, 1, 1, 1, 1, 1, 0, 1, 1, 0, 1, 1, 0, 1, 1, 1, 1, 1, 0, 0, 1, 0, 0, 1, 0, 1, 1, ],[1, 1, 1, 1, 1, 1, 1, 1, 1, 1, 1, 1, 0, 0, 0, 1, 1, 1, 1, 0, 1, 1, 1, 0, 0, 1, 0, 0, 0, 1, 1, 1, ],]
k_protocol =  [[1, 1, 1, 1, 1, 1, 1, 1, 1, 1, 1, 1, 1, 1, 1, 1, 1, 1, 1, 1, 1, 1, 1, 1, 1, 1, 1, 1, 1, 1, 1, 1, ],[1, 1, 1, 1, 1, 1, 1, 1, 1, 1, 1, 1, 1, 1, 1, 1, 1, 1, 1, 1, 1, 1, 1, 1, 1, 1, 1, 1, 1, 1, 1, 1, ],]
j_protocol_secondary =  [0.0121916, 0.51952, 0.623385, 0.703006, 0.711365, 0.727073, 0.736316, 0.84521, 0.897596, 1.03454, 1.11091, 1.16959, 1.30107, 1.38714, 1.38714, 1.42619, ]
k_protocol_secondary =  [0, 0.0266587, 0.0266587, 0.393186, 0.393186, 0.47544, 0.47544, 1.0804, 1.0804, 1.26105, 1.26105, 1.36603, 1.36603, 1.39293, 1.39293, 1.42306, ]
best_evolved_state = [-0.0247862, -0.0051349, 0.011702, 0.00796595, 0.00372053, 0.00222233, 0.0108357, -0.00818322, -0.0127995, -0.0224977, -0.00745897, 0.0290739, -0.0127995, -0.0224977, -0.029583, -0.00425654, 0.016385, -0.0229269, -0.0127995, -0.0224977, 0.0108357, -0.00818322, 0.00372053, 0.00222233, 0.011702, 0.00796595, 0.00176521, -0.0110703, 0.117082, -0.449355, 0.00176521, -0.0110703, -0.0127995, -0.0224977, 0.016385, -0.0229269, -0.029583, -0.00425654, -0.0256733, -0.0444596, 0.00372053, 0.00222233, -0.0128545, 0.000786216, -0.00443205, 0.00812681, -0.0487249, -0.0429849, 0.0137947, -0.140762, -0.00443205, 0.00812681, -0.00745897, 0.0290739, -0.029583, -0.00425654, -0.0648018, 0.0104616, -0.029583, -0.00425654, -0.0247862, -0.0051349, 0.011702, 0.00796595, -0.00443205, 0.00812681, 0.00176521, -0.0110703, -0.0127995, -0.0224977, 0.00176521, -0.0110703, -0.0487249, -0.0429849, 0.00176521, -0.0110703, 0.0137947, -0.140762, 0.117082, -0.449355, 0.011702, 0.00796595, -0.029583, -0.00425654, -0.0256733, -0.0444596, -0.029583, -0.00425654, 0.016385, -0.0229269, 0.011702, 0.00796595, 0.117082, -0.449355, 0.0137947, -0.140762, 0.117082, -0.449355, 0.016385, -0.0229269, 0.00372053, 0.00222233, 0.00176521, -0.0110703, -0.00443205, 0.00812681, 0.011702, 0.00796595, -0.0127995, -0.0224977, 0.0108357, -0.00818322, -0.00443205, 0.00812681, -0.0128545, 0.000786216, 0.00372053, 0.00222233, -0.00443205, 0.00812681, 0.011702, 0.00796595, -0.0247862, -0.0051349, -0.0648018, 0.0104616, -0.029583, -0.00425654, -0.00745897, 0.0290739, -0.0127995, -0.0224977, -0.00443205, 0.00812681, 0.0137947, -0.140762, -0.0487249, -0.0429849, 0.00176521, -0.0110703, -0.029583, -0.00425654, -0.0128545, 0.000786216, -0.0487249, -0.0429849, -0.0128545, 0.000786216, 0.00372053, 0.00222233, -0.00745897, 0.0290739, 0.00372053, 0.00222233, -0.00443205, 0.00812681, 0.00176521, -0.0110703, 0.00372053, 0.00222233, 0.0108357, -0.00818322, -0.0127995, -0.0224977, 0.011702, 0.00796595, -0.0247862, -0.0051349, ]
best_mc_result_fixed_tau =   [0.113816, 0.112941, ]
evolved_state_fixed_tau =   [[-0.0190528, -0.00716694, 0.00822594, 0.0136661, 0.0040287, 0.00337383, 0.0118652, -0.00717977, -0.00920129, -0.023182, 7.05113e-05, 0.0147468, -0.00920129, -0.023182, -0.0265162, -0.0118692, 0.013539, -0.0137219, -0.00920129, -0.023182, 0.0118652, -0.00717977, 0.0040287, 0.00337383, 0.00822594, 0.0136661, -4.66792e-05, -0.00725344, 0.210188, -0.412632, -4.66792e-05, -0.00725344, -0.00920129, -0.023182, 0.013539, -0.0137219, -0.0265162, -0.0118692, -0.0265081, -0.0417859, 0.0040287, 0.00337383, -0.0136324, -0.000784946, -0.00450527, 0.00709242, -0.0408122, -0.0516099, 0.0500633, -0.144776, -0.00450527, 0.00709242, 7.05113e-05, 0.0147468, -0.0265162, -0.0118692, -0.0509461, -0.0150556, -0.0265162, -0.0118692, -0.0190528, -0.00716694, 0.00822594, 0.0136661, -0.00450527, 0.00709242, -4.66792e-05, -0.00725344, -0.00920129, -0.023182, -4.66792e-05, -0.00725344, -0.0408122, -0.0516099, -4.66792e-05, -0.00725344, 0.0500633, -0.144776, 0.210188, -0.412632, 0.00822594, 0.0136661, -0.0265162, -0.0118692, -0.0265081, -0.0417859, -0.0265162, -0.0118692, 0.013539, -0.0137219, 0.00822594, 0.0136661, 0.210188, -0.412632, 0.0500633, -0.144776, 0.210188, -0.412632, 0.013539, -0.0137219, 0.0040287, 0.00337383, -4.66792e-05, -0.00725344, -0.00450527, 0.00709242, 0.00822594, 0.0136661, -0.00920129, -0.023182, 0.0118652, -0.00717977, -0.00450527, 0.00709242, -0.0136324, -0.000784946, 0.0040287, 0.00337383, -0.00450527, 0.00709242, 0.00822594, 0.0136661, -0.0190528, -0.00716694, -0.0509461, -0.0150556, -0.0265162, -0.0118692, 7.05113e-05, 0.0147468, -0.00920129, -0.023182, -0.00450527, 0.00709242, 0.0500633, -0.144776, -0.0408122, -0.0516099, -4.66792e-05, -0.00725344, -0.0265162, -0.0118692, -0.0136324, -0.000784946, -0.0408122, -0.0516099, -0.0136324, -0.000784946, 0.0040287, 0.00337383, 7.05113e-05, 0.0147468, 0.0040287, 0.00337383, -0.00450527, 0.00709242, -4.66792e-05, -0.00725344, 0.0040287, 0.00337383, 0.0118652, -0.00717977, -0.00920129, -0.023182, 0.00822594, 0.0136661, -0.0190528, -0.00716694, ],[-0.0280596, -0.0120016, 0.0103995, 0.00888892, 0.00278999, 0.00121332, 0.0123721, -0.00678472, -0.0125356, -0.0258773, -0.017359, 0.0365818, -0.0125356, -0.0258773, -0.0328389, -0.00339941, 0.0168204, -0.0196858, -0.0125356, -0.0258773, 0.0123721, -0.00678472, 0.00278999, 0.00121332, 0.0103995, 0.00888892, 0.0023301, -0.00951146, 0.120873, -0.448188, 0.0023301, -0.00951146, -0.0125356, -0.0258773, 0.0168204, -0.0196858, -0.0328389, -0.00339941, -0.0225915, -0.0427346, 0.00278999, 0.00121332, -0.0121602, 0.000662916, -0.00637564, 0.00835745, -0.0482283, -0.0444612, 0.00317076, -0.133212, -0.00637564, 0.00835745, -0.017359, 0.0365818, -0.0328389, -0.00339941, -0.0762363, 0.0176954, -0.0328389, -0.00339941, -0.0280596, -0.0120016, 0.0103995, 0.00888892, -0.00637564, 0.00835745, 0.0023301, -0.00951146, -0.0125356, -0.0258773, 0.0023301, -0.00951146, -0.0482283, -0.0444612, 0.0023301, -0.00951146, 0.00317076, -0.133212, 0.120873, -0.448188, 0.0103995, 0.00888892, -0.0328389, -0.00339941, -0.0225915, -0.0427346, -0.0328389, -0.00339941, 0.0168204, -0.0196858, 0.0103995, 0.00888892, 0.120873, -0.448188, 0.00317076, -0.133212, 0.120873, -0.448188, 0.0168204, -0.0196858, 0.00278999, 0.00121332, 0.0023301, -0.00951146, -0.00637564, 0.00835745, 0.0103995, 0.00888892, -0.0125356, -0.0258773, 0.0123721, -0.00678472, -0.00637564, 0.00835745, -0.0121602, 0.000662916, 0.00278999, 0.00121332, -0.00637564, 0.00835745, 0.0103995, 0.00888892, -0.0280596, -0.0120016, -0.0762363, 0.0176954, -0.0328389, -0.00339941, -0.017359, 0.0365818, -0.0125356, -0.0258773, -0.00637564, 0.00835745, 0.00317076, -0.133212, -0.0482283, -0.0444612, 0.0023301, -0.00951146, -0.0328389, -0.00339941, -0.0121602, 0.000662916, -0.0482283, -0.0444612, -0.0121602, 0.000662916, 0.00278999, 0.00121332, -0.017359, 0.0365818, 0.00278999, 0.00121332, -0.00637564, 0.00835745, 0.0023301, -0.00951146, 0.00278999, 0.00121332, 0.0123721, -0.00678472, -0.0125356, -0.0258773, 0.0103995, 0.00888892, -0.0280596, -0.0120016, ],]
##############################################################################
clock_duration  =         4298.52
tau =                     1.56881
total_steps =             32
time_step =               0.0490253
best_mc_result =          0.0841367
best_mc_result_non_secondary =          0.0899789
evolved_target_dot_squared =  0.915863
distance =          0.104269
j_protocol =  [[1, 1, 1, 1, 1, 1, 1, 1, 1, 1, 0, 0, 1, 1, 1, 1, 0, 0, 1, 1, 0, 1, 1, 1, 0, 0, 1, 0, 0, 0, 1, 1, ],[1, 1, 1, 1, 1, 1, 1, 1, 1, 0, 1, 1, 1, 1, 0, 1, 1, 0, 0, 1, 1, 1, 1, 0, 1, 0, 0, 0, 1, 0, 1, 1, ],]
k_protocol =  [[1, 1, 1, 1, 0, 1, 1, 1, 1, 1, 1, 1, 1, 1, 1, 1, 1, 1, 1, 1, 1, 1, 1, 1, 1, 1, 1, 1, 1, 1, 1, 1, ],[1, 1, 1, 1, 0, 1, 1, 1, 1, 1, 1, 1, 1, 1, 1, 1, 1, 1, 1, 1, 1, 1, 1, 1, 1, 1, 1, 1, 1, 1, 1, 1, ],]
j_protocol_secondary =  [0.0188404, 0.447114, 0.509299, 0.685983, 0.746122, 0.838808, 0.927962, 1.05147, 1.0744, 1.13596, 1.17228, 1.24426, 1.39222, 1.41618, 1.46886, 1.56881, ]
k_protocol_secondary =  [0, 0.168873, 0.208468, 0.339539, 0.339539, 0.5096, 0.5096, 0.565377, 0.565377, 0.857579, 0.857579, 1.159, 1.159, 1.43442, 1.43442, 1.56576, ]
best_evolved_state = [-0.00512014, 0.0055292, 0.0134154, 0.0106797, 0.00597554, -0.00309543, 0.00419293, -0.00471449, -0.00785589, -0.0169525, -0.0326815, 0.0186821, -0.00785589, -0.0169525, -0.00958581, -0.0139975, 0.0253968, -0.00782348, -0.00785589, -0.0169525, 0.00419293, -0.00471449, 0.00597554, -0.00309543, 0.0134154, 0.0106797, 0.00804834, -0.00555501, 0.395551, -0.257685, 0.00804834, -0.00555501, -0.00785589, -0.0169525, 0.0253968, -0.00782348, -0.00958581, -0.0139975, -0.00608551, -0.0222823, 0.00597554, -0.00309543, -0.00930012, -0.00328654, 0.000330888, 0.0074585, -0.0204546, -0.0463222, 0.089124, -0.0917196, 0.000330888, 0.0074585, -0.0326815, 0.0186821, -0.00958581, -0.0139975, -0.0776226, -0.0270715, -0.00958581, -0.0139975, -0.00512014, 0.0055292, 0.0134154, 0.0106797, 0.000330888, 0.0074585, 0.00804834, -0.00555501, -0.00785589, -0.0169525, 0.00804834, -0.00555501, -0.0204546, -0.0463222, 0.00804834, -0.00555501, 0.089124, -0.0917196, 0.395551, -0.257685, 0.0134154, 0.0106797, -0.00958581, -0.0139975, -0.00608551, -0.0222823, -0.00958581, -0.0139975, 0.0253968, -0.00782348, 0.0134154, 0.0106797, 0.395551, -0.257685, 0.089124, -0.0917196, 0.395551, -0.257685, 0.0253968, -0.00782348, 0.00597554, -0.00309543, 0.00804834, -0.00555501, 0.000330888, 0.0074585, 0.0134154, 0.0106797, -0.00785589, -0.0169525, 0.00419293, -0.00471449, 0.000330888, 0.0074585, -0.00930012, -0.00328654, 0.00597554, -0.00309543, 0.000330888, 0.0074585, 0.0134154, 0.0106797, -0.00512014, 0.0055292, -0.0776226, -0.0270715, -0.00958581, -0.0139975, -0.0326815, 0.0186821, -0.00785589, -0.0169525, 0.000330888, 0.0074585, 0.089124, -0.0917196, -0.0204546, -0.0463222, 0.00804834, -0.00555501, -0.00958581, -0.0139975, -0.00930012, -0.00328654, -0.0204546, -0.0463222, -0.00930012, -0.00328654, 0.00597554, -0.00309543, -0.0326815, 0.0186821, 0.00597554, -0.00309543, 0.000330888, 0.0074585, 0.00804834, -0.00555501, 0.00597554, -0.00309543, 0.00419293, -0.00471449, -0.00785589, -0.0169525, 0.0134154, 0.0106797, -0.00512014, 0.0055292, ]
best_mc_result_fixed_tau =   [0.0903556, 0.0899789, ]
evolved_state_fixed_tau =   [[-0.0107322, 0.00972731, 0.00614583, 0.00637179, 0.0040813, -0.00541526, 0.00248264, -0.00807135, -0.0161378, -0.0199635, -0.0454445, 0.0178181, -0.0161378, -0.0199635, -0.00604669, -0.024737, 0.0162827, -0.0075424, -0.0161378, -0.0199635, 0.00248264, -0.00807135, 0.0040813, -0.00541526, 0.00614583, 0.00637179, 0.0029221, -0.00752061, 0.405833, -0.239949, 0.0029221, -0.00752061, -0.0161378, -0.0199635, 0.0162827, -0.0075424, -0.00604669, -0.024737, -0.0098039, -0.0137506, 0.0040813, -0.00541526, -0.0104385, -0.00749882, -0.00165571, 0.00913569, -0.0152041, -0.0522611, 0.0747959, -0.0917592, -0.00165571, 0.00913569, -0.0454445, 0.0178181, -0.00604669, -0.024737, -0.0876587, -0.0298609, -0.00604669, -0.024737, -0.0107322, 0.00972731, 0.00614583, 0.00637179, -0.00165571, 0.00913569, 0.0029221, -0.00752061, -0.0161378, -0.0199635, 0.0029221, -0.00752061, -0.0152041, -0.0522611, 0.0029221, -0.00752061, 0.0747959, -0.0917592, 0.405833, -0.239949, 0.00614583, 0.00637179, -0.00604669, -0.024737, -0.0098039, -0.0137506, -0.00604669, -0.024737, 0.0162827, -0.0075424, 0.00614583, 0.00637179, 0.405833, -0.239949, 0.0747959, -0.0917592, 0.405833, -0.239949, 0.0162827, -0.0075424, 0.0040813, -0.00541526, 0.0029221, -0.00752061, -0.00165571, 0.00913569, 0.00614583, 0.00637179, -0.0161378, -0.0199635, 0.00248264, -0.00807135, -0.00165571, 0.00913569, -0.0104385, -0.00749882, 0.0040813, -0.00541526, -0.00165571, 0.00913569, 0.00614583, 0.00637179, -0.0107322, 0.00972731, -0.0876587, -0.0298609, -0.00604669, -0.024737, -0.0454445, 0.0178181, -0.0161378, -0.0199635, -0.00165571, 0.00913569, 0.0747959, -0.0917592, -0.0152041, -0.0522611, 0.0029221, -0.00752061, -0.00604669, -0.024737, -0.0104385, -0.00749882, -0.0152041, -0.0522611, -0.0104385, -0.00749882, 0.0040813, -0.00541526, -0.0454445, 0.0178181, 0.0040813, -0.00541526, -0.00165571, 0.00913569, 0.0029221, -0.00752061, 0.0040813, -0.00541526, 0.00248264, -0.00807135, -0.0161378, -0.0199635, 0.00614583, 0.00637179, -0.0107322, 0.00972731, ],[-0.00562903, 0.00524306, 0.0185476, 0.0177414, 0.00765892, -0.00231883, 0.00495237, -0.00486423, -0.005551, -0.0174051, -0.026597, 0.000979873, -0.005551, -0.0174051, -0.00280317, -0.0129085, 0.0361986, 0.00835251, -0.005551, -0.0174051, 0.00495237, -0.00486423, 0.00765892, -0.00231883, 0.0185476, 0.0177414, 0.0147239, 0.00184423, 0.436629, -0.17371, 0.0147239, 0.00184423, -0.005551, -0.0174051, 0.0361986, 0.00835251, -0.00280317, -0.0129085, 0.00477386, -0.0079093, 0.00765892, -0.00231883, -0.0067508, -0.00466405, 0.00153146, 0.00674302, -0.00980756, -0.0447543, 0.112375, -0.0753374, 0.00153146, 0.00674302, -0.026597, 0.000979873, -0.00280317, -0.0129085, -0.0627577, -0.0548403, -0.00280317, -0.0129085, -0.00562903, 0.00524306, 0.0185476, 0.0177414, 0.00153146, 0.00674302, 0.0147239, 0.00184423, -0.005551, -0.0174051, 0.0147239, 0.00184423, -0.00980756, -0.0447543, 0.0147239, 0.00184423, 0.112375, -0.0753374, 0.436629, -0.17371, 0.0185476, 0.0177414, -0.00280317, -0.0129085, 0.00477386, -0.0079093, -0.00280317, -0.0129085, 0.0361986, 0.00835251, 0.0185476, 0.0177414, 0.436629, -0.17371, 0.112375, -0.0753374, 0.436629, -0.17371, 0.0361986, 0.00835251, 0.00765892, -0.00231883, 0.0147239, 0.00184423, 0.00153146, 0.00674302, 0.0185476, 0.0177414, -0.005551, -0.0174051, 0.00495237, -0.00486423, 0.00153146, 0.00674302, -0.0067508, -0.00466405, 0.00765892, -0.00231883, 0.00153146, 0.00674302, 0.0185476, 0.0177414, -0.00562903, 0.00524306, -0.0627577, -0.0548403, -0.00280317, -0.0129085, -0.026597, 0.000979873, -0.005551, -0.0174051, 0.00153146, 0.00674302, 0.112375, -0.0753374, -0.00980756, -0.0447543, 0.0147239, 0.00184423, -0.00280317, -0.0129085, -0.0067508, -0.00466405, -0.00980756, -0.0447543, -0.0067508, -0.00466405, 0.00765892, -0.00231883, -0.026597, 0.000979873, 0.00765892, -0.00231883, 0.00153146, 0.00674302, 0.0147239, 0.00184423, 0.00765892, -0.00231883, 0.00495237, -0.00486423, -0.005551, -0.0174051, 0.0185476, 0.0177414, -0.00562903, 0.00524306, ],]
##############################################################################
clock_duration  =         5249.2
tau =                     1.72569
total_steps =             32
time_step =               0.0539278
best_mc_result =          0.0648856
best_mc_result_non_secondary =          0.0725545
evolved_target_dot_squared =  0.935114
distance =          0.0804115
j_protocol =  [[1, 1, 1, 1, 1, 1, 1, 1, 1, 0, 1, 1, 1, 1, 0, 0, 1, 0, 1, 1, 0, 0, 1, 1, 0, 1, 0, 0, 0, 0, 1, 1, ],[0, 1, 1, 1, 1, 1, 1, 1, 1, 0, 0, 1, 1, 1, 1, 0, 0, 1, 1, 0, 1, 0, 1, 1, 1, 0, 0, 0, 0, 0, 1, 1, ],]
k_protocol =  [[1, 1, 1, 0, 1, 1, 1, 1, 1, 1, 1, 1, 1, 1, 1, 1, 1, 1, 1, 1, 1, 1, 1, 1, 1, 1, 1, 1, 1, 1, 1, 1, ],[1, 1, 1, 0, 1, 1, 1, 1, 1, 1, 1, 1, 1, 1, 1, 1, 1, 1, 1, 1, 1, 1, 1, 1, 1, 1, 1, 1, 1, 1, 1, 1, ],]
j_protocol_secondary =  [0.0182501, 0.489973, 0.563804, 0.799029, 0.912246, 0.974981, 0.980642, 1.02409, 1.0777, 1.13386, 1.18908, 1.35308, 1.59665, 1.59782, 1.61566, 1.72569, ]
k_protocol_secondary =  [0, 0.155799, 0.214473, 0.371853, 0.371853, 0.73776, 0.73776, 1.53796, 1.53796, 1.55812, 1.55812, 1.69679, 1.69679, 1.70655, 1.70655, 1.72293, ]
best_evolved_state = [0.0137793, 0.00695127, 0.00630965, 0.0174079, 0.00901793, -0.00380102, -0.00261338, -0.000410374, 0.000169731, -0.00406776, -0.0344267, -0.0133358, 0.000169731, -0.00406776, 0.00459307, -0.00567601, 0.0141951, 0.00933968, 0.000169731, -0.00406776, -0.00261338, -0.000410374, 0.00901793, -0.00380102, 0.00630965, 0.0174079, 0.00476495, 0.00299763, 0.441742, 0.18308, 0.00476495, 0.00299763, 0.000169731, -0.00406776, 0.0141951, 0.00933968, 0.00459307, -0.00567601, -0.00882611, -0.00200961, 0.00901793, -0.00380102, -0.00466518, -0.00334441, 0.00339874, 0.00769692, 0.00171985, -0.0349747, 0.11155, 0.015262, 0.00339874, 0.00769692, -0.0344267, -0.0133358, 0.00459307, -0.00567601, -0.0450093, -0.0804664, 0.00459307, -0.00567601, 0.0137793, 0.00695127, 0.00630965, 0.0174079, 0.00339874, 0.00769692, 0.00476495, 0.00299763, 0.000169731, -0.00406776, 0.00476495, 0.00299763, 0.00171985, -0.0349747, 0.00476495, 0.00299763, 0.11155, 0.015262, 0.441742, 0.18308, 0.00630965, 0.0174079, 0.00459307, -0.00567601, -0.00882611, -0.00200961, 0.00459307, -0.00567601, 0.0141951, 0.00933968, 0.00630965, 0.0174079, 0.441742, 0.18308, 0.11155, 0.015262, 0.441742, 0.18308, 0.0141951, 0.00933968, 0.00901793, -0.00380102, 0.00476495, 0.00299763, 0.00339874, 0.00769692, 0.00630965, 0.0174079, 0.000169731, -0.00406776, -0.00261338, -0.000410374, 0.00339874, 0.00769692, -0.00466518, -0.00334441, 0.00901793, -0.00380102, 0.00339874, 0.00769692, 0.00630965, 0.0174079, 0.0137793, 0.00695127, -0.0450093, -0.0804664, 0.00459307, -0.00567601, -0.0344267, -0.0133358, 0.000169731, -0.00406776, 0.00339874, 0.00769692, 0.11155, 0.015262, 0.00171985, -0.0349747, 0.00476495, 0.00299763, 0.00459307, -0.00567601, -0.00466518, -0.00334441, 0.00171985, -0.0349747, -0.00466518, -0.00334441, 0.00901793, -0.00380102, -0.0344267, -0.0133358, 0.00901793, -0.00380102, 0.00339874, 0.00769692, 0.00476495, 0.00299763, 0.00901793, -0.00380102, -0.00261338, -0.000410374, 0.000169731, -0.00406776, 0.00630965, 0.0174079, 0.0137793, 0.00695127, ]
best_mc_result_fixed_tau =   [0.0731866, 0.0725545, ]
evolved_state_fixed_tau =   [[0.00802742, 0.00519273, 0.0105538, 0.0257013, 0.0105282, -0.00225974, 0.000920171, -0.00044435, 0.0022029, -0.007552, -0.0411804, -0.0332934, 0.0022029, -0.007552, -0.00720638, 0.00118248, 0.019636, 0.0236832, 0.0022029, -0.007552, 0.000920171, -0.00044435, 0.0105282, -0.00225974, 0.0105538, 0.0257013, 0.00907623, 0.0115187, 0.426577, 0.213461, 0.00907623, 0.0115187, 0.0022029, -0.007552, 0.019636, 0.0236832, -0.00720638, 0.00118248, -0.0087602, 0.00361638, 0.0105282, -0.00225974, -0.00148354, -0.000645815, 0.00265963, 0.00682159, -0.00329001, -0.0341974, 0.0907291, -0.000342878, 0.00265963, 0.00682159, -0.0411804, -0.0332934, -0.00720638, 0.00118248, -0.045171, -0.105829, -0.00720638, 0.00118248, 0.00802742, 0.00519273, 0.0105538, 0.0257013, 0.00265963, 0.00682159, 0.00907623, 0.0115187, 0.0022029, -0.007552, 0.00907623, 0.0115187, -0.00329001, -0.0341974, 0.00907623, 0.0115187, 0.0907291, -0.000342878, 0.426577, 0.213461, 0.0105538, 0.0257013, -0.00720638, 0.00118248, -0.0087602, 0.00361638, -0.00720638, 0.00118248, 0.019636, 0.0236832, 0.0105538, 0.0257013, 0.426577, 0.213461, 0.0907291, -0.000342878, 0.426577, 0.213461, 0.019636, 0.0236832, 0.0105282, -0.00225974, 0.00907623, 0.0115187, 0.00265963, 0.00682159, 0.0105538, 0.0257013, 0.0022029, -0.007552, 0.000920171, -0.00044435, 0.00265963, 0.00682159, -0.00148354, -0.000645815, 0.0105282, -0.00225974, 0.00265963, 0.00682159, 0.0105538, 0.0257013, 0.00802742, 0.00519273, -0.045171, -0.105829, -0.00720638, 0.00118248, -0.0411804, -0.0332934, 0.0022029, -0.007552, 0.00265963, 0.00682159, 0.0907291, -0.000342878, -0.00329001, -0.0341974, 0.00907623, 0.0115187, -0.00720638, 0.00118248, -0.00148354, -0.000645815, -0.00329001, -0.0341974, -0.00148354, -0.000645815, 0.0105282, -0.00225974, -0.0411804, -0.0332934, 0.0105282, -0.00225974, 0.00265963, 0.00682159, 0.00907623, 0.0115187, 0.0105282, -0.00225974, 0.000920171, -0.00044435, 0.0022029, -0.007552, 0.0105538, 0.0257013, 0.00802742, 0.00519273, ],[0.015296, 0.00846492, 0.00349807, 0.01692, 0.00515755, -0.00774379, -0.00460185, -0.00471675, -0.0130574, -0.00719685, -0.0445045, 0.0115724, -0.0130574, -0.00719685, -0.0010933, -0.0172135, 0.00361167, 0.00670737, -0.0130574, -0.00719685, -0.00460185, -0.00471675, 0.00515755, -0.00774379, 0.00349807, 0.01692, -0.00218137, 0.00177828, 0.475934, 0.0322431, -0.00218137, 0.00177828, -0.0130574, -0.00719685, 0.00361167, 0.00670737, -0.0010933, -0.0172135, -0.0249238, 0.00517882, 0.00515755, -0.00774379, -0.0079744, -0.00315081, 0.00670091, 0.00992882, -0.0127133, -0.0422632, 0.1065, -0.0148544, 0.00670091, 0.00992882, -0.0445045, 0.0115724, -0.0010933, -0.0172135, -0.0758453, -0.0453629, -0.0010933, -0.0172135, 0.015296, 0.00846492, 0.00349807, 0.01692, 0.00670091, 0.00992882, -0.00218137, 0.00177828, -0.0130574, -0.00719685, -0.00218137, 0.00177828, -0.0127133, -0.0422632, -0.00218137, 0.00177828, 0.1065, -0.0148544, 0.475934, 0.0322431, 0.00349807, 0.01692, -0.0010933, -0.0172135, -0.0249238, 0.00517882, -0.0010933, -0.0172135, 0.00361167, 0.00670737, 0.00349807, 0.01692, 0.475934, 0.0322431, 0.1065, -0.0148544, 0.475934, 0.0322431, 0.00361167, 0.00670737, 0.00515755, -0.00774379, -0.00218137, 0.00177828, 0.00670091, 0.00992882, 0.00349807, 0.01692, -0.0130574, -0.00719685, -0.00460185, -0.00471675, 0.00670091, 0.00992882, -0.0079744, -0.00315081, 0.00515755, -0.00774379, 0.00670091, 0.00992882, 0.00349807, 0.01692, 0.015296, 0.00846492, -0.0758453, -0.0453629, -0.0010933, -0.0172135, -0.0445045, 0.0115724, -0.0130574, -0.00719685, 0.00670091, 0.00992882, 0.1065, -0.0148544, -0.0127133, -0.0422632, -0.00218137, 0.00177828, -0.0010933, -0.0172135, -0.0079744, -0.00315081, -0.0127133, -0.0422632, -0.0079744, -0.00315081, 0.00515755, -0.00774379, -0.0445045, 0.0115724, 0.00515755, -0.00774379, 0.00670091, 0.00992882, -0.00218137, 0.00177828, 0.00515755, -0.00774379, -0.00460185, -0.00471675, -0.0130574, -0.00719685, 0.00349807, 0.01692, 0.015296, 0.00846492, ],]
##############################################################################
clock_duration  =         6164.43
tau =                     1.89826
total_steps =             32
time_step =               0.0593206
best_mc_result =          0.050845
best_mc_result_non_secondary =          0.0595039
evolved_target_dot_squared =  0.949155
distance =          0.0630112
j_protocol =  [[1, 1, 1, 1, 1, 1, 1, 0, 1, 1, 1, 1, 1, 0, 0, 1, 1, 0, 1, 0, 1, 1, 0, 0, 1, 1, 0, 0, 0, 0, 1, 1, ],[1, 1, 1, 1, 1, 1, 1, 1, 1, 0, 1, 1, 1, 0, 0, 1, 1, 1, 0, 0, 1, 0, 1, 1, 1, 0, 0, 0, 0, 0, 1, 1, ],]
k_protocol =  [[1, 1, 0, 1, 0, 1, 1, 1, 1, 1, 1, 1, 1, 1, 1, 1, 1, 1, 1, 1, 1, 1, 1, 1, 1, 1, 1, 1, 1, 1, 1, 1, ],[1, 1, 0, 1, 1, 1, 1, 1, 1, 1, 1, 1, 1, 1, 1, 1, 1, 1, 1, 1, 1, 1, 1, 1, 1, 1, 1, 1, 1, 1, 1, 1, ],]
j_protocol_secondary =  [0.0168253, 0.542487, 0.594987, 0.777445, 0.802423, 0.809262, 0.809262, 0.823939, 0.904127, 1.06813, 1.18087, 1.24841, 1.33302, 1.49436, 1.79933, 1.89826, ]
k_protocol_secondary =  [0, 0.0112267, 0.0112267, 0.115041, 0.115041, 0.129486, 0.203344, 0.279813, 0.279813, 1.13031, 1.13031, 1.13753, 1.13753, 1.14012, 1.14012, 1.89602, ]
best_evolved_state = [0.0117543, 0.00388996, -0.00463722, 0.0147814, 0.00585469, -0.000905314, -0.00523102, -0.000971718, -0.00245852, 0.00776748, 9.18012e-06, -0.0331804, -0.00245852, 0.00776748, 0.00305076, 0.00391102, -0.00547839, 0.0063128, -0.00245852, 0.00776748, -0.00523102, -0.000971718, 0.00585469, -0.000905314, -0.00463722, 0.0147814, -0.00352932, 0.00244284, 0.00017679, 0.482813, -0.00352932, 0.00244284, -0.00245852, 0.00776748, -0.00547839, 0.0063128, 0.00305076, 0.00391102, -0.0209724, -0.00416616, 0.00585469, -0.000905314, -0.00158025, -0.00142711, 0.00316843, 0.00751192, 0.0084653, -0.0215172, 0.0301536, 0.0924965, 0.00316843, 0.00751192, 9.18012e-06, -0.0331804, 0.00305076, 0.00391102, 0.0398423, -0.0849859, 0.00305076, 0.00391102, 0.0117543, 0.00388996, -0.00463722, 0.0147814, 0.00316843, 0.00751192, -0.00352932, 0.00244284, -0.00245852, 0.00776748, -0.00352932, 0.00244284, 0.0084653, -0.0215172, -0.00352932, 0.00244284, 0.0301536, 0.0924965, 0.00017679, 0.482813, -0.00463722, 0.0147814, 0.00305076, 0.00391102, -0.0209724, -0.00416616, 0.00305076, 0.00391102, -0.00547839, 0.0063128, -0.00463722, 0.0147814, 0.00017679, 0.482813, 0.0301536, 0.0924965, 0.00017679, 0.482813, -0.00547839, 0.0063128, 0.00585469, -0.000905314, -0.00352932, 0.00244284, 0.00316843, 0.00751192, -0.00463722, 0.0147814, -0.00245852, 0.00776748, -0.00523102, -0.000971718, 0.00316843, 0.00751192, -0.00158025, -0.00142711, 0.00585469, -0.000905314, 0.00316843, 0.00751192, -0.00463722, 0.0147814, 0.0117543, 0.00388996, 0.0398423, -0.0849859, 0.00305076, 0.00391102, 9.18012e-06, -0.0331804, -0.00245852, 0.00776748, 0.00316843, 0.00751192, 0.0301536, 0.0924965, 0.0084653, -0.0215172, -0.00352932, 0.00244284, 0.00305076, 0.00391102, -0.00158025, -0.00142711, 0.0084653, -0.0215172, -0.00158025, -0.00142711, 0.00585469, -0.000905314, 9.18012e-06, -0.0331804, 0.00585469, -0.000905314, 0.00316843, 0.00751192, -0.00352932, 0.00244284, 0.00585469, -0.000905314, -0.00523102, -0.000971718, -0.00245852, 0.00776748, -0.00463722, 0.0147814, 0.0117543, 0.00388996, ]
best_mc_result_fixed_tau =   [0.0609329, 0.0595039, ]
evolved_state_fixed_tau =   [[0.0105636, -0.00941519, -0.0156923, 0.0177186, 0.00650968, -0.00435145, -3.59376e-05, 0.00447886, 0.00606207, 0.00253802, -0.00815257, -0.0437377, 0.00606207, 0.00253802, 0.0144849, 0.00146937, -0.0222539, 0.0203182, 0.00606207, 0.00253802, -3.59376e-05, 0.00447886, 0.00650968, -0.00435145, -0.0156923, 0.0177186, -0.0109392, 0.00897911, 0.0534162, 0.476927, -0.0109392, 0.00897911, 0.00606207, 0.00253802, -0.0222539, 0.0203182, 0.0144849, 0.00146937, -0.0251609, 0.0132807, 0.00650968, -0.00435145, 0.000375414, -0.00236002, 0.00141338, 0.00462567, 0.0185305, -0.0187699, 0.0179904, 0.0886177, 0.00141338, 0.00462567, -0.00815257, -0.0437377, 0.0144849, 0.00146937, 0.0279691, -0.0970062, 0.0144849, 0.00146937, 0.0105636, -0.00941519, -0.0156923, 0.0177186, 0.00141338, 0.00462567, -0.0109392, 0.00897911, 0.00606207, 0.00253802, -0.0109392, 0.00897911, 0.0185305, -0.0187699, -0.0109392, 0.00897911, 0.0179904, 0.0886177, 0.0534162, 0.476927, -0.0156923, 0.0177186, 0.0144849, 0.00146937, -0.0251609, 0.0132807, 0.0144849, 0.00146937, -0.0222539, 0.0203182, -0.0156923, 0.0177186, 0.0534162, 0.476927, 0.0179904, 0.0886177, 0.0534162, 0.476927, -0.0222539, 0.0203182, 0.00650968, -0.00435145, -0.0109392, 0.00897911, 0.00141338, 0.00462567, -0.0156923, 0.0177186, 0.00606207, 0.00253802, -3.59376e-05, 0.00447886, 0.00141338, 0.00462567, 0.000375414, -0.00236002, 0.00650968, -0.00435145, 0.00141338, 0.00462567, -0.0156923, 0.0177186, 0.0105636, -0.00941519, 0.0279691, -0.0970062, 0.0144849, 0.00146937, -0.00815257, -0.0437377, 0.00606207, 0.00253802, 0.00141338, 0.00462567, 0.0179904, 0.0886177, 0.0185305, -0.0187699, -0.0109392, 0.00897911, 0.0144849, 0.00146937, 0.000375414, -0.00236002, 0.0185305, -0.0187699, 0.000375414, -0.00236002, 0.00650968, -0.00435145, -0.00815257, -0.0437377, 0.00650968, -0.00435145, 0.00141338, 0.00462567, -0.0109392, 0.00897911, 0.00650968, -0.00435145, -3.59376e-05, 0.00447886, 0.00606207, 0.00253802, -0.0156923, 0.0177186, 0.0105636, -0.00941519, ],[0.0103878, 0.00488221, -0.0113285, 0.0124007, 0.00993841, -0.000390222, -0.00153015, -0.00223851, 0.0033327, -1.21744e-05, -0.0116157, -0.0379987, 0.0033327, -1.21744e-05, 0.00350374, 0.010557, -0.0161038, -0.00141125, 0.0033327, -1.21744e-05, -0.00153015, -0.00223851, 0.00993841, -0.000390222, -0.0113285, 0.0124007, -0.0079737, -0.00138329, -0.0514966, 0.477728, -0.0079737, -0.00138329, 0.0033327, -1.21744e-05, -0.0161038, -0.00141125, 0.00350374, 0.010557, -0.0380165, -0.0215659, 0.00993841, -0.000390222, 0.000156367, -0.00135533, 0.000879518, 0.00868987, 0.0090606, -0.0195705, -0.0040495, 0.0996514, 0.000879518, 0.00868987, -0.0116157, -0.0379987, 0.00350374, 0.010557, 0.0314032, -0.0890756, 0.00350374, 0.010557, 0.0103878, 0.00488221, -0.0113285, 0.0124007, 0.000879518, 0.00868987, -0.0079737, -0.00138329, 0.0033327, -1.21744e-05, -0.0079737, -0.00138329, 0.0090606, -0.0195705, -0.0079737, -0.00138329, -0.0040495, 0.0996514, -0.0514966, 0.477728, -0.0113285, 0.0124007, 0.00350374, 0.010557, -0.0380165, -0.0215659, 0.00350374, 0.010557, -0.0161038, -0.00141125, -0.0113285, 0.0124007, -0.0514966, 0.477728, -0.0040495, 0.0996514, -0.0514966, 0.477728, -0.0161038, -0.00141125, 0.00993841, -0.000390222, -0.0079737, -0.00138329, 0.000879518, 0.00868987, -0.0113285, 0.0124007, 0.0033327, -1.21744e-05, -0.00153015, -0.00223851, 0.000879518, 0.00868987, 0.000156367, -0.00135533, 0.00993841, -0.000390222, 0.000879518, 0.00868987, -0.0113285, 0.0124007, 0.0103878, 0.00488221, 0.0314032, -0.0890756, 0.00350374, 0.010557, -0.0116157, -0.0379987, 0.0033327, -1.21744e-05, 0.000879518, 0.00868987, -0.0040495, 0.0996514, 0.0090606, -0.0195705, -0.0079737, -0.00138329, 0.00350374, 0.010557, 0.000156367, -0.00135533, 0.0090606, -0.0195705, 0.000156367, -0.00135533, 0.00993841, -0.000390222, -0.0116157, -0.0379987, 0.00993841, -0.000390222, 0.000879518, 0.00868987, -0.0079737, -0.00138329, 0.00993841, -0.000390222, -0.00153015, -0.00223851, 0.0033327, -1.21744e-05, -0.0113285, 0.0124007, 0.0103878, 0.00488221, ],]
##############################################################################
clock_duration  =         7150.49
tau =                     2.08809
total_steps =             32
time_step =               0.0652527
best_mc_result =          0.0382899
best_mc_result_non_secondary =          0.0453511
evolved_target_dot_squared =  0.96171
distance =          0.047452
j_protocol =  [[1, 1, 1, 1, 1, 1, 1, 0, 1, 1, 1, 1, 0, 1, 1, 0, 0, 1, 1, 0, 1, 0, 0, 1, 0, 0, 1, 0, 0, 0, 0, 1, ],[1, 1, 1, 1, 1, 1, 1, 1, 1, 0, 0, 1, 1, 1, 0, 1, 0, 1, 0, 1, 1, 0, 0, 1, 0, 1, 0, 0, 0, 0, 0, 1, ],]
k_protocol =  [[1, 1, 1, 0, 1, 1, 1, 1, 1, 1, 1, 1, 1, 1, 1, 1, 1, 1, 1, 1, 1, 1, 1, 1, 1, 1, 1, 1, 1, 1, 1, 1, ],[1, 1, 0, 1, 1, 1, 1, 1, 1, 1, 1, 0, 1, 1, 1, 1, 1, 1, 1, 1, 1, 1, 1, 1, 1, 1, 1, 1, 1, 1, 1, 0, ],]
j_protocol_secondary =  [0.0123933, 0.475412, 0.509348, 0.766261, 0.856183, 1.00659, 1.09165, 1.21385, 1.30919, 1.37612, 1.49256, 1.59161, 1.69488, 1.75051, 2.01338, 2.08809, ]
k_protocol_secondary =  [0, 0.145615, 0.232724, 0.631137, 0.631137, 1.0128, 1.0128, 1.25309, 1.25309, 1.45047, 1.45047, 1.8266, 1.8266, 2.00909, 2.00909, 2.08504, ]
best_evolved_state = [-0.000281461, -0.00661506, -0.00826382, 0.0065119, -0.000301155, -0.00313175, -0.00244895, 0.0016857, -0.00614841, 0.0101227, 0.0257912, -0.0113976, -0.00614841, 0.0101227, -0.00349521, 0.00342728, -0.011562, -0.00848262, -0.00614841, 0.0101227, -0.00244895, 0.0016857, -0.000301155, -0.00313175, -0.00826382, 0.0065119, -0.00642093, -0.00404257, -0.462234, 0.152593, -0.00642093, -0.00404257, -0.00614841, 0.0101227, -0.011562, -0.00848262, -0.00349521, 0.00342728, -0.0210322, -0.0144133, -0.000301155, -0.00313175, -0.00127984, 0.000397471, 0.00379874, 0.00483229, 0.00895521, -0.01854, -0.0607028, 0.055442, 0.00379874, 0.00483229, 0.0257912, -0.0113976, -0.00349521, 0.00342728, 0.0852959, -0.0137134, -0.00349521, 0.00342728, -0.000281461, -0.00661506, -0.00826382, 0.0065119, 0.00379874, 0.00483229, -0.00642093, -0.00404257, -0.00614841, 0.0101227, -0.00642093, -0.00404257, 0.00895521, -0.01854, -0.00642093, -0.00404257, -0.0607028, 0.055442, -0.462234, 0.152593, -0.00826382, 0.0065119, -0.00349521, 0.00342728, -0.0210322, -0.0144133, -0.00349521, 0.00342728, -0.011562, -0.00848262, -0.00826382, 0.0065119, -0.462234, 0.152593, -0.0607028, 0.055442, -0.462234, 0.152593, -0.011562, -0.00848262, -0.000301155, -0.00313175, -0.00642093, -0.00404257, 0.00379874, 0.00483229, -0.00826382, 0.0065119, -0.00614841, 0.0101227, -0.00244895, 0.0016857, 0.00379874, 0.00483229, -0.00127984, 0.000397471, -0.000301155, -0.00313175, 0.00379874, 0.00483229, -0.00826382, 0.0065119, -0.000281461, -0.00661506, 0.0852959, -0.0137134, -0.00349521, 0.00342728, 0.0257912, -0.0113976, -0.00614841, 0.0101227, 0.00379874, 0.00483229, -0.0607028, 0.055442, 0.00895521, -0.01854, -0.00642093, -0.00404257, -0.00349521, 0.00342728, -0.00127984, 0.000397471, 0.00895521, -0.01854, -0.00127984, 0.000397471, -0.000301155, -0.00313175, 0.0257912, -0.0113976, -0.000301155, -0.00313175, 0.00379874, 0.00483229, -0.00642093, -0.00404257, -0.000301155, -0.00313175, -0.00244895, 0.0016857, -0.00614841, 0.0101227, -0.00826382, 0.0065119, -0.000281461, -0.00661506, ]
best_mc_result_fixed_tau =   [0.0453511, 0.0482787, ]
evolved_state_fixed_tau =   [[0.00589297, -0.0163452, -0.00880923, 0.0084376, 0.00383232, -0.00184329, -0.00440196, 0.00725006, -0.00317582, 0.0134599, 0.0243816, -0.0135161, -0.00317582, 0.0134599, -0.0106795, -0.00714354, -0.0115123, -0.0153987, -0.00317582, 0.0134599, -0.00440196, 0.00725006, 0.00383232, -0.00184329, -0.00880923, 0.0084376, -0.00744343, -0.006765, -0.452042, 0.178714, -0.00744343, -0.006765, -0.00317582, 0.0134599, -0.0115123, -0.0153987, -0.0106795, -0.00714354, -0.0257905, -0.0316968, 0.00383232, -0.00184329, -0.00337451, 0.00186871, 0.00547053, 0.00655732, 0.0100563, -0.0297252, -0.0346558, 0.061213, 0.00547053, 0.00655732, 0.0243816, -0.0135161, -0.0106795, -0.00714354, 0.0873042, -0.0205232, -0.0106795, -0.00714354, 0.00589297, -0.0163452, -0.00880923, 0.0084376, 0.00547053, 0.00655732, -0.00744343, -0.006765, -0.00317582, 0.0134599, -0.00744343, -0.006765, 0.0100563, -0.0297252, -0.00744343, -0.006765, -0.0346558, 0.061213, -0.452042, 0.178714, -0.00880923, 0.0084376, -0.0106795, -0.00714354, -0.0257905, -0.0316968, -0.0106795, -0.00714354, -0.0115123, -0.0153987, -0.00880923, 0.0084376, -0.452042, 0.178714, -0.0346558, 0.061213, -0.452042, 0.178714, -0.0115123, -0.0153987, 0.00383232, -0.00184329, -0.00744343, -0.006765, 0.00547053, 0.00655732, -0.00880923, 0.0084376, -0.00317582, 0.0134599, -0.00440196, 0.00725006, 0.00547053, 0.00655732, -0.00337451, 0.00186871, 0.00383232, -0.00184329, 0.00547053, 0.00655732, -0.00880923, 0.0084376, 0.00589297, -0.0163452, 0.0873042, -0.0205232, -0.0106795, -0.00714354, 0.0243816, -0.0135161, -0.00317582, 0.0134599, 0.00547053, 0.00655732, -0.0346558, 0.061213, 0.0100563, -0.0297252, -0.00744343, -0.006765, -0.0106795, -0.00714354, -0.00337451, 0.00186871, 0.0100563, -0.0297252, -0.00337451, 0.00186871, 0.00383232, -0.00184329, 0.0243816, -0.0135161, 0.00383232, -0.00184329, 0.00547053, 0.00655732, -0.00744343, -0.006765, 0.00383232, -0.00184329, -0.00440196, 0.00725006, -0.00317582, 0.0134599, -0.00880923, 0.0084376, 0.00589297, -0.0163452, ],[0.0138068, 0.00164902, -0.0038604, 0.00934213, 0.0043713, -0.00028242, -0.00673393, 0.000217016, -0.00570759, 0.00879308, 0.012255, -0.0232385, -0.00570759, 0.00879308, -0.000315144, 0.000671645, 0.0016225, -0.00499161, -0.00570759, 0.00879308, -0.00673393, 0.000217016, 0.0043713, -0.00028242, -0.0038604, 0.00934213, -0.000743154, -0.00332109, -0.244996, 0.417948, -0.000743154, -0.00332109, -0.00570759, 0.00879308, 0.0016225, -0.00499161, -0.000315144, 0.000671645, -0.0110222, -0.018373, 0.0043713, -0.00028242, -0.0031088, -0.00165057, 0.00256482, 0.0072183, 0.0148115, -0.0228298, 0.00075423, 0.0952303, 0.00256482, 0.0072183, 0.012255, -0.0232385, -0.000315144, 0.000671645, 0.0671607, -0.053444, -0.000315144, 0.000671645, 0.0138068, 0.00164902, -0.0038604, 0.00934213, 0.00256482, 0.0072183, -0.000743154, -0.00332109, -0.00570759, 0.00879308, -0.000743154, -0.00332109, 0.0148115, -0.0228298, -0.000743154, -0.00332109, 0.00075423, 0.0952303, -0.244996, 0.417948, -0.0038604, 0.00934213, -0.000315144, 0.000671645, -0.0110222, -0.018373, -0.000315144, 0.000671645, 0.0016225, -0.00499161, -0.0038604, 0.00934213, -0.244996, 0.417948, 0.00075423, 0.0952303, -0.244996, 0.417948, 0.0016225, -0.00499161, 0.0043713, -0.00028242, -0.000743154, -0.00332109, 0.00256482, 0.0072183, -0.0038604, 0.00934213, -0.00570759, 0.00879308, -0.00673393, 0.000217016, 0.00256482, 0.0072183, -0.0031088, -0.00165057, 0.0043713, -0.00028242, 0.00256482, 0.0072183, -0.0038604, 0.00934213, 0.0138068, 0.00164902, 0.0671607, -0.053444, -0.000315144, 0.000671645, 0.012255, -0.0232385, -0.00570759, 0.00879308, 0.00256482, 0.0072183, 0.00075423, 0.0952303, 0.0148115, -0.0228298, -0.000743154, -0.00332109, -0.000315144, 0.000671645, -0.0031088, -0.00165057, 0.0148115, -0.0228298, -0.0031088, -0.00165057, 0.0043713, -0.00028242, 0.012255, -0.0232385, 0.0043713, -0.00028242, 0.00256482, 0.0072183, -0.000743154, -0.00332109, 0.0043713, -0.00028242, -0.00673393, 0.000217016, -0.00570759, 0.00879308, -0.0038604, 0.00934213, 0.0138068, 0.00164902, ],]
##############################################################################
clock_duration  =         8165.81
tau =                     2.29689
total_steps =             32
time_step =               0.071778
best_mc_result =          0.0265944
best_mc_result_non_secondary =          0.0362129
evolved_target_dot_squared =  0.973406
distance =          0.0329579
j_protocol =  [[1, 1, 1, 1, 1, 1, 1, 1, 1, 1, 0, 1, 1, 0, 0, 1, 1, 0, 1, 0, 1, 0, 0, 0, 1, 1, 0, 0, 0, 0, 0, 1, ],[1, 1, 1, 1, 1, 1, 1, 0, 1, 1, 1, 0, 0, 1, 0, 1, 1, 1, 0, 0, 0, 1, 0, 1, 1, 0, 0, 0, 0, 0, 0, 1, ],]
k_protocol =  [[1, 1, 0, 1, 1, 1, 1, 1, 1, 1, 1, 1, 0, 1, 1, 1, 1, 1, 1, 1, 1, 1, 1, 1, 1, 1, 1, 1, 1, 1, 1, 1, ],[1, 1, 0, 1, 1, 1, 1, 1, 1, 0, 1, 1, 1, 1, 1, 0, 1, 1, 1, 1, 1, 1, 1, 1, 1, 1, 1, 1, 1, 1, 1, 0, ],]
j_protocol_secondary =  [0.0154881, 0.707425, 0.778734, 0.983955, 1.07509, 1.21381, 1.30329, 1.36847, 1.45186, 1.51846, 1.59614, 1.60824, 1.73279, 1.85555, 2.21579, 2.29689, ]
k_protocol_secondary =  [0, 0.122646, 0.174425, 0.175411, 0.217271, 0.889885, 0.889885, 1.83927, 1.83927, 1.84608, 1.84608, 2.02081, 2.02081, 2.11158, 2.11158, 2.29366, ]
best_evolved_state = [-0.00431994, -0.00295508, 0.000539688, 0.00033016, -0.0048451, -0.00724993, -0.0018094, -0.000655182, -0.0110408, 5.77834e-05, 0.00770042, 0.0194826, -0.0110408, 5.77834e-05, -8.28576e-06, -0.00139949, 0.00589632, -0.016955, -0.0110408, 5.77834e-05, -0.0018094, -0.000655182, -0.0048451, -0.00724993, 0.000539688, 0.00033016, 0.00307389, -0.00786524, -0.205619, -0.445442, 0.00307389, -0.00786524, -0.0110408, 5.77834e-05, 0.00589632, -0.016955, -8.28576e-06, -0.00139949, -0.00580119, -0.0190783, -0.0048451, -0.00724993, 0.000251457, 0.00122453, 0.00336102, 0.00347642, 0.0172268, -0.0183033, -0.050093, -0.0415946, 0.00336102, 0.00347642, 0.00770042, 0.0194826, -8.28576e-06, -0.00139949, 0.0363785, 0.0661348, -8.28576e-06, -0.00139949, -0.00431994, -0.00295508, 0.000539688, 0.00033016, 0.00336102, 0.00347642, 0.00307389, -0.00786524, -0.0110408, 5.77834e-05, 0.00307389, -0.00786524, 0.0172268, -0.0183033, 0.00307389, -0.00786524, -0.050093, -0.0415946, -0.205619, -0.445442, 0.000539688, 0.00033016, -8.28576e-06, -0.00139949, -0.00580119, -0.0190783, -8.28576e-06, -0.00139949, 0.00589632, -0.016955, 0.000539688, 0.00033016, -0.205619, -0.445442, -0.050093, -0.0415946, -0.205619, -0.445442, 0.00589632, -0.016955, -0.0048451, -0.00724993, 0.00307389, -0.00786524, 0.00336102, 0.00347642, 0.000539688, 0.00033016, -0.0110408, 5.77834e-05, -0.0018094, -0.000655182, 0.00336102, 0.00347642, 0.000251457, 0.00122453, -0.0048451, -0.00724993, 0.00336102, 0.00347642, 0.000539688, 0.00033016, -0.00431994, -0.00295508, 0.0363785, 0.0661348, -8.28576e-06, -0.00139949, 0.00770042, 0.0194826, -0.0110408, 5.77834e-05, 0.00336102, 0.00347642, -0.050093, -0.0415946, 0.0172268, -0.0183033, 0.00307389, -0.00786524, -8.28576e-06, -0.00139949, 0.000251457, 0.00122453, 0.0172268, -0.0183033, 0.000251457, 0.00122453, -0.0048451, -0.00724993, 0.00770042, 0.0194826, -0.0048451, -0.00724993, 0.00336102, 0.00347642, 0.00307389, -0.00786524, -0.0048451, -0.00724993, -0.0018094, -0.000655182, -0.0110408, 5.77834e-05, 0.000539688, 0.00033016, -0.00431994, -0.00295508, ]
best_mc_result_fixed_tau =   [0.0362129, 0.046926, ]
evolved_state_fixed_tau =   [[-0.00351251, -0.00649029, -0.00512956, 0.0069714, 0.000146771, -0.00798633, -0.000222276, -0.00126913, -0.0107263, -0.00408085, 0.0113386, 0.0218255, -0.0107263, -0.00408085, -0.0140133, -0.00218693, -0.00795246, -0.0148633, -0.0107263, -0.00408085, -0.000222276, -0.00126913, 0.000146771, -0.00798633, -0.00512956, 0.0069714, -0.00424439, -0.0057317, -0.330791, -0.358426, -0.00424439, -0.0057317, -0.0107263, -0.00408085, -0.00795246, -0.0148633, -0.0140133, -0.00218693, -0.0319298, -0.031876, 0.000146771, -0.00798633, -0.000536323, 0.00339995, 0.00279505, 0.0070668, 0.00797073, -0.0230889, -0.0680383, -0.0200105, 0.00279505, 0.0070668, 0.0113386, 0.0218255, -0.0140133, -0.00218693, 0.0532231, 0.0621401, -0.0140133, -0.00218693, -0.00351251, -0.00649029, -0.00512956, 0.0069714, 0.00279505, 0.0070668, -0.00424439, -0.0057317, -0.0107263, -0.00408085, -0.00424439, -0.0057317, 0.00797073, -0.0230889, -0.00424439, -0.0057317, -0.0680383, -0.0200105, -0.330791, -0.358426, -0.00512956, 0.0069714, -0.0140133, -0.00218693, -0.0319298, -0.031876, -0.0140133, -0.00218693, -0.00795246, -0.0148633, -0.00512956, 0.0069714, -0.330791, -0.358426, -0.0680383, -0.0200105, -0.330791, -0.358426, -0.00795246, -0.0148633, 0.000146771, -0.00798633, -0.00424439, -0.0057317, 0.00279505, 0.0070668, -0.00512956, 0.0069714, -0.0107263, -0.00408085, -0.000222276, -0.00126913, 0.00279505, 0.0070668, -0.000536323, 0.00339995, 0.000146771, -0.00798633, 0.00279505, 0.0070668, -0.00512956, 0.0069714, -0.00351251, -0.00649029, 0.0532231, 0.0621401, -0.0140133, -0.00218693, 0.0113386, 0.0218255, -0.0107263, -0.00408085, 0.00279505, 0.0070668, -0.0680383, -0.0200105, 0.00797073, -0.0230889, -0.00424439, -0.0057317, -0.0140133, -0.00218693, -0.000536323, 0.00339995, 0.00797073, -0.0230889, -0.000536323, 0.00339995, 0.000146771, -0.00798633, 0.0113386, 0.0218255, 0.000146771, -0.00798633, 0.00279505, 0.0070668, -0.00424439, -0.0057317, 0.000146771, -0.00798633, -0.000222276, -0.00126913, -0.0107263, -0.00408085, -0.00512956, 0.0069714, -0.00351251, -0.00649029, ],[-0.00434159, 0.00154042, -0.0054205, 0.0122511, -0.00481415, -0.00477179, -0.00243017, -0.00779241, -0.0212428, 0.00198905, 0.0146804, -0.00657258, -0.0212428, 0.00198905, 0.0020981, -0.00844542, -0.00196737, 0.0038835, -0.0212428, 0.00198905, -0.00243017, -0.00779241, -0.00481415, -0.00477179, -0.0054205, 0.0122511, -0.00175071, 0.00109731, -0.4609, 0.149349, -0.00175071, 0.00109731, -0.0212428, 0.00198905, -0.00196737, 0.0038835, 0.0020981, -0.00844542, -0.014273, -0.00398231, -0.00481415, -0.00477179, -0.00153404, -0.00168888, 0.00291061, 0.00618657, 0.0168421, -0.0212736, -0.0596069, 0.0763241, 0.00291061, 0.00618657, 0.0146804, -0.00657258, 0.0020981, -0.00844542, 0.0779407, -0.00622526, 0.0020981, -0.00844542, -0.00434159, 0.00154042, -0.0054205, 0.0122511, 0.00291061, 0.00618657, -0.00175071, 0.00109731, -0.0212428, 0.00198905, -0.00175071, 0.00109731, 0.0168421, -0.0212736, -0.00175071, 0.00109731, -0.0596069, 0.0763241, -0.4609, 0.149349, -0.0054205, 0.0122511, 0.0020981, -0.00844542, -0.014273, -0.00398231, 0.0020981, -0.00844542, -0.00196737, 0.0038835, -0.0054205, 0.0122511, -0.4609, 0.149349, -0.0596069, 0.0763241, -0.4609, 0.149349, -0.00196737, 0.0038835, -0.00481415, -0.00477179, -0.00175071, 0.00109731, 0.00291061, 0.00618657, -0.0054205, 0.0122511, -0.0212428, 0.00198905, -0.00243017, -0.00779241, 0.00291061, 0.00618657, -0.00153404, -0.00168888, -0.00481415, -0.00477179, 0.00291061, 0.00618657, -0.0054205, 0.0122511, -0.00434159, 0.00154042, 0.0779407, -0.00622526, 0.0020981, -0.00844542, 0.0146804, -0.00657258, -0.0212428, 0.00198905, 0.00291061, 0.00618657, -0.0596069, 0.0763241, 0.0168421, -0.0212736, -0.00175071, 0.00109731, 0.0020981, -0.00844542, -0.00153404, -0.00168888, 0.0168421, -0.0212736, -0.00153404, -0.00168888, -0.00481415, -0.00477179, 0.0146804, -0.00657258, -0.00481415, -0.00477179, 0.00291061, 0.00618657, -0.00175071, 0.00109731, -0.00481415, -0.00477179, -0.00243017, -0.00779241, -0.0212428, 0.00198905, -0.0054205, 0.0122511, -0.00434159, 0.00154042, ],]
##############################################################################
clock_duration  =         10169.2
tau =                     2.41174
total_steps =             32
time_step =               0.0789558
best_mc_result =          0.0216773
best_mc_result_non_secondary =          0
evolved_target_dot_squared =  0.978323
distance =          0.0268642
j_protocol =  [[0, 0, 0, 0, 0, 0, 0, 0, 0, 0, 0, 0, 0, 0, 0, 0, 0, 0, 0, 0, 0, 0, 0, 0, 0, 0, 0, 0, 0, 0, 0, 0, ],[0, 0, 0, 0, 0, 0, 0, 0, 0, 0, 0, 0, 0, 0, 0, 0, 0, 0, 0, 0, 0, 0, 0, 0, 0, 0, 0, 0, 0, 0, 0, 0, ],]
k_protocol =  [[0, 0, 0, 0, 0, 0, 0, 0, 0, 0, 0, 0, 0, 0, 0, 0, 0, 0, 0, 0, 0, 0, 0, 0, 0, 0, 0, 0, 0, 0, 0, 0, ],[0, 0, 0, 0, 0, 0, 0, 0, 0, 0, 0, 0, 0, 0, 0, 0, 0, 0, 0, 0, 0, 0, 0, 0, 0, 0, 0, 0, 0, 0, 0, 0, ],]
j_protocol_secondary =  [0.00975543, 0.569735, 0.612569, 0.859803, 0.945474, 1.07606, 1.13204, 1.26245, 1.37719, 1.47633, 1.71586, 1.79878, 1.88944, 1.95974, 2.33017, 2.41174, ]
k_protocol_secondary =  [0, 0.151583, 0.226914, 0.434973, 0.434973, 0.556906, 0.556906, 1.2702, 1.2702, 1.6202, 1.6202, 1.73663, 1.73663, 1.8088, 1.8088, 2.40819, ]
best_evolved_state = [-0.013229, -0.00162307, 0.00599211, 0.00402674, -0.00436648, -0.0112004, 0.00471832, 0.00233712, -0.00366991, -0.00144179, -0.00640609, 0.0103361, -0.00366991, -0.00144179, 0.00502906, -0.00127146, 0.0136135, -0.0134594, -0.00366991, -0.00144179, 0.00471832, 0.00233712, -0.00436648, -0.0112004, 0.00599211, 0.00402674, 0.00731572, -0.00545273, 0.14395, -0.470926, 0.00731572, -0.00545273, -0.00366991, -0.00144179, 0.0136135, -0.0134594, 0.00502906, -0.00127146, -0.00452552, -0.0139408, -0.00436648, -0.0112004, 0.0010179, 0.00255389, 0.00559271, 0.000854, 0.026844, -0.018189, -0.0100914, -0.0521913, 0.00559271, 0.000854, -0.00640609, 0.0103361, 0.00502906, -0.00127146, 2.33277e-05, 0.0646041, 0.00502906, -0.00127146, -0.013229, -0.00162307, 0.00599211, 0.00402674, 0.00559271, 0.000854, 0.00731572, -0.00545273, -0.00366991, -0.00144179, 0.00731572, -0.00545273, 0.026844, -0.018189, 0.00731572, -0.00545273, -0.0100914, -0.0521913, 0.14395, -0.470926, 0.00599211, 0.00402674, 0.00502906, -0.00127146, -0.00452552, -0.0139408, 0.00502906, -0.00127146, 0.0136135, -0.0134594, 0.00599211, 0.00402674, 0.14395, -0.470926, -0.0100914, -0.0521913, 0.14395, -0.470926, 0.0136135, -0.0134594, -0.00436648, -0.0112004, 0.00731572, -0.00545273, 0.00559271, 0.000854, 0.00599211, 0.00402674, -0.00366991, -0.00144179, 0.00471832, 0.00233712, 0.00559271, 0.000854, 0.0010179, 0.00255389, -0.00436648, -0.0112004, 0.00559271, 0.000854, 0.00599211, 0.00402674, -0.013229, -0.00162307, 2.33277e-05, 0.0646041, 0.00502906, -0.00127146, -0.00640609, 0.0103361, -0.00366991, -0.00144179, 0.00559271, 0.000854, -0.0100914, -0.0521913, 0.026844, -0.018189, 0.00731572, -0.00545273, 0.00502906, -0.00127146, 0.0010179, 0.00255389, 0.026844, -0.018189, 0.0010179, 0.00255389, -0.00436648, -0.0112004, -0.00640609, 0.0103361, -0.00436648, -0.0112004, 0.00559271, 0.000854, 0.00731572, -0.00545273, -0.00436648, -0.0112004, 0.00471832, 0.00233712, -0.00366991, -0.00144179, 0.00599211, 0.00402674, -0.013229, -0.00162307, ]
best_mc_result_fixed_tau =   [0.0375926, 0.0326519, ]
evolved_state_fixed_tau =   [[-0.00719159, -0.0113356, -0.000811133, -0.00536768, -0.00283249, -0.00462672, 0.00183282, 0.00940345, 0.00282974, 0.0107717, -0.0109147, 0.0213671, 0.00282974, 0.0107717, -0.00845261, -0.00864163, 0.0146383, -0.0233999, 0.00282974, 0.0107717, 0.00183282, 0.00940345, -0.00283249, -0.00462672, -0.000811133, -0.00536768, 0.00584749, -0.0114437, 0.0377045, -0.484625, 0.00584749, -0.0114437, 0.00282974, 0.0107717, 0.0146383, -0.0233999, -0.00845261, -0.00864163, 0.0205813, -0.0251451, -0.00283249, -0.00462672, -0.00294332, 0.000512449, 0.00282779, -0.000136949, 0.0189201, -0.0176591, -0.0139137, -0.083696, 0.00282779, -0.000136949, -0.0109147, 0.0213671, -0.00845261, -0.00864163, -0.00162699, 0.0734372, -0.00845261, -0.00864163, -0.00719159, -0.0113356, -0.000811133, -0.00536768, 0.00282779, -0.000136949, 0.00584749, -0.0114437, 0.00282974, 0.0107717, 0.00584749, -0.0114437, 0.0189201, -0.0176591, 0.00584749, -0.0114437, -0.0139137, -0.083696, 0.0377045, -0.484625, -0.000811133, -0.00536768, -0.00845261, -0.00864163, 0.0205813, -0.0251451, -0.00845261, -0.00864163, 0.0146383, -0.0233999, -0.000811133, -0.00536768, 0.0377045, -0.484625, -0.0139137, -0.083696, 0.0377045, -0.484625, 0.0146383, -0.0233999, -0.00283249, -0.00462672, 0.00584749, -0.0114437, 0.00282779, -0.000136949, -0.000811133, -0.00536768, 0.00282974, 0.0107717, 0.00183282, 0.00940345, 0.00282779, -0.000136949, -0.00294332, 0.000512449, -0.00283249, -0.00462672, 0.00282779, -0.000136949, -0.000811133, -0.00536768, -0.00719159, -0.0113356, -0.00162699, 0.0734372, -0.00845261, -0.00864163, -0.0109147, 0.0213671, 0.00282974, 0.0107717, 0.00282779, -0.000136949, -0.0139137, -0.083696, 0.0189201, -0.0176591, 0.00584749, -0.0114437, -0.00845261, -0.00864163, -0.00294332, 0.000512449, 0.0189201, -0.0176591, -0.00294332, 0.000512449, -0.00283249, -0.00462672, -0.0109147, 0.0213671, -0.00283249, -0.00462672, 0.00282779, -0.000136949, 0.00584749, -0.0114437, -0.00283249, -0.00462672, 0.00183282, 0.00940345, 0.00282974, 0.0107717, -0.000811133, -0.00536768, -0.00719159, -0.0113356, ],[-0.0258023, -0.0123794, 0.00618105, 0.00506345, -0.00589798, -0.0148582, 0.00650101, 0.0178969, -0.00511406, 0.0171818, -0.00924147, 0.00160902, -0.00511406, 0.0171818, 0.00200104, 0.00369365, 0.00608457, -0.00948682, -0.00511406, 0.0171818, 0.00650101, 0.0178969, -0.00589798, -0.0148582, 0.00618105, 0.00506345, 0.004131, -0.00479826, 0.223504, -0.435429, 0.004131, -0.00479826, -0.00511406, 0.0171818, 0.00608457, -0.00948682, 0.00200104, 0.00369365, -0.0252722, 0.0122846, -0.00589798, -0.0148582, 0.00217743, -0.000109714, 0.0138259, -0.000824317, 0.0272316, -0.0172874, 0.00435232, -0.0641435, 0.0138259, -0.000824317, -0.00924147, 0.00160902, 0.00200104, 0.00369365, -0.00634198, 0.0579121, 0.00200104, 0.00369365, -0.0258023, -0.0123794, 0.00618105, 0.00506345, 0.0138259, -0.000824317, 0.004131, -0.00479826, -0.00511406, 0.0171818, 0.004131, -0.00479826, 0.0272316, -0.0172874, 0.004131, -0.00479826, 0.00435232, -0.0641435, 0.223504, -0.435429, 0.00618105, 0.00506345, 0.00200104, 0.00369365, -0.0252722, 0.0122846, 0.00200104, 0.00369365, 0.00608457, -0.00948682, 0.00618105, 0.00506345, 0.223504, -0.435429, 0.00435232, -0.0641435, 0.223504, -0.435429, 0.00608457, -0.00948682, -0.00589798, -0.0148582, 0.004131, -0.00479826, 0.0138259, -0.000824317, 0.00618105, 0.00506345, -0.00511406, 0.0171818, 0.00650101, 0.0178969, 0.0138259, -0.000824317, 0.00217743, -0.000109714, -0.00589798, -0.0148582, 0.0138259, -0.000824317, 0.00618105, 0.00506345, -0.0258023, -0.0123794, -0.00634198, 0.0579121, 0.00200104, 0.00369365, -0.00924147, 0.00160902, -0.00511406, 0.0171818, 0.0138259, -0.000824317, 0.00435232, -0.0641435, 0.0272316, -0.0172874, 0.004131, -0.00479826, 0.00200104, 0.00369365, 0.00217743, -0.000109714, 0.0272316, -0.0172874, 0.00217743, -0.000109714, -0.00589798, -0.0148582, -0.00924147, 0.00160902, -0.00589798, -0.0148582, 0.0138259, -0.000824317, 0.004131, -0.00479826, -0.00589798, -0.0148582, 0.00650101, 0.0178969, -0.00511406, 0.0171818, 0.00618105, 0.00506345, -0.0258023, -0.0123794, ],]
##############################################################################
clock_duration  =         12000.5
tau =                     2.44045
total_steps =             32
time_step =               0.0789558
best_mc_result =          0.0202074
best_mc_result_non_secondary =          0
evolved_target_dot_squared =  0.979793
distance =          0.0250426
j_protocol =  [[0, 0, 0, 0, 0, 0, 0, 0, 0, 0, 0, 0, 0, 0, 0, 0, 0, 0, 0, 0, 0, 0, 0, 0, 0, 0, 0, 0, 0, 0, 0, 0, ],[0, 0, 0, 0, 0, 0, 0, 0, 0, 0, 0, 0, 0, 0, 0, 0, 0, 0, 0, 0, 0, 0, 0, 0, 0, 0, 0, 0, 0, 0, 0, 0, ],]
k_protocol =  [[0, 0, 0, 0, 0, 0, 0, 0, 0, 0, 0, 0, 0, 0, 0, 0, 0, 0, 0, 0, 0, 0, 0, 0, 0, 0, 0, 0, 0, 0, 0, 0, ],[0, 0, 0, 0, 0, 0, 0, 0, 0, 0, 0, 0, 0, 0, 0, 0, 0, 0, 0, 0, 0, 0, 0, 0, 0, 0, 0, 0, 0, 0, 0, 0, ],]
j_protocol_secondary =  [0.0119624, 0.585877, 0.62802, 0.863463, 0.949318, 1.09473, 1.14997, 1.27043, 1.39567, 1.50111, 1.73618, 1.80929, 1.91014, 1.98703, 2.35912, 2.44045, ]
k_protocol_secondary =  [0, 0.144829, 0.220235, 0.440151, 0.440151, 0.563536, 0.563536, 1.28532, 1.28532, 1.63949, 1.63949, 1.7573, 1.7573, 1.83034, 1.83034, 2.43814, ]
best_evolved_state = [-0.0108959, 0.00010252, 0.0068938, 0.00539631, -0.0040813, -0.0107628, 0.0039279, 0.00195138, -0.00288971, -0.00178766, -0.00876883, 0.0083293, -0.00288971, -0.00178766, 0.00541956, -0.00023863, 0.0152369, -0.0108918, -0.00288971, -0.00178766, 0.0039279, 0.00195138, -0.0040813, -0.0107628, 0.0068938, 0.00539631, 0.00827022, -0.00401706, 0.234821, -0.43341, 0.00827022, -0.00401706, -0.00288971, -0.00178766, 0.0152369, -0.0108918, 0.00541956, -0.00023863, -0.00385863, -0.0122165, -0.0040813, -0.0107628, 0.00130354, 0.0028577, 0.00539948, 0.000806473, 0.0284341, -0.0162906, 0.000444729, -0.0505661, 0.00539948, 0.000806473, -0.00876883, 0.0083293, 0.00541956, -0.00023863, -0.00930393, 0.0613922, 0.00541956, -0.00023863, -0.0108959, 0.00010252, 0.0068938, 0.00539631, 0.00539948, 0.000806473, 0.00827022, -0.00401706, -0.00288971, -0.00178766, 0.00827022, -0.00401706, 0.0284341, -0.0162906, 0.00827022, -0.00401706, 0.000444729, -0.0505661, 0.234821, -0.43341, 0.0068938, 0.00539631, 0.00541956, -0.00023863, -0.00385863, -0.0122165, 0.00541956, -0.00023863, 0.0152369, -0.0108918, 0.0068938, 0.00539631, 0.234821, -0.43341, 0.000444729, -0.0505661, 0.234821, -0.43341, 0.0152369, -0.0108918, -0.0040813, -0.0107628, 0.00827022, -0.00401706, 0.00539948, 0.000806473, 0.0068938, 0.00539631, -0.00288971, -0.00178766, 0.0039279, 0.00195138, 0.00539948, 0.000806473, 0.00130354, 0.0028577, -0.0040813, -0.0107628, 0.00539948, 0.000806473, 0.0068938, 0.00539631, -0.0108959, 0.00010252, -0.00930393, 0.0613922, 0.00541956, -0.00023863, -0.00876883, 0.0083293, -0.00288971, -0.00178766, 0.00539948, 0.000806473, 0.000444729, -0.0505661, 0.0284341, -0.0162906, 0.00827022, -0.00401706, 0.00541956, -0.00023863, 0.00130354, 0.0028577, 0.0284341, -0.0162906, 0.00130354, 0.0028577, -0.0040813, -0.0107628, -0.00876883, 0.0083293, -0.0040813, -0.0107628, 0.00539948, 0.000806473, 0.00827022, -0.00401706, -0.0040813, -0.0107628, 0.0039279, 0.00195138, -0.00288971, -0.00178766, 0.0068938, 0.00539631, -0.0108959, 0.00010252, ]
best_mc_result_fixed_tau =   [0.0375926, 0.0326519, ]
evolved_state_fixed_tau =   [[-0.00719159, -0.0113356, -0.000811133, -0.00536768, -0.00283249, -0.00462672, 0.00183282, 0.00940345, 0.00282974, 0.0107717, -0.0109147, 0.0213671, 0.00282974, 0.0107717, -0.00845261, -0.00864163, 0.0146383, -0.0233999, 0.00282974, 0.0107717, 0.00183282, 0.00940345, -0.00283249, -0.00462672, -0.000811133, -0.00536768, 0.00584749, -0.0114437, 0.0377045, -0.484625, 0.00584749, -0.0114437, 0.00282974, 0.0107717, 0.0146383, -0.0233999, -0.00845261, -0.00864163, 0.0205813, -0.0251451, -0.00283249, -0.00462672, -0.00294332, 0.000512449, 0.00282779, -0.000136949, 0.0189201, -0.0176591, -0.0139137, -0.083696, 0.00282779, -0.000136949, -0.0109147, 0.0213671, -0.00845261, -0.00864163, -0.00162699, 0.0734372, -0.00845261, -0.00864163, -0.00719159, -0.0113356, -0.000811133, -0.00536768, 0.00282779, -0.000136949, 0.00584749, -0.0114437, 0.00282974, 0.0107717, 0.00584749, -0.0114437, 0.0189201, -0.0176591, 0.00584749, -0.0114437, -0.0139137, -0.083696, 0.0377045, -0.484625, -0.000811133, -0.00536768, -0.00845261, -0.00864163, 0.0205813, -0.0251451, -0.00845261, -0.00864163, 0.0146383, -0.0233999, -0.000811133, -0.00536768, 0.0377045, -0.484625, -0.0139137, -0.083696, 0.0377045, -0.484625, 0.0146383, -0.0233999, -0.00283249, -0.00462672, 0.00584749, -0.0114437, 0.00282779, -0.000136949, -0.000811133, -0.00536768, 0.00282974, 0.0107717, 0.00183282, 0.00940345, 0.00282779, -0.000136949, -0.00294332, 0.000512449, -0.00283249, -0.00462672, 0.00282779, -0.000136949, -0.000811133, -0.00536768, -0.00719159, -0.0113356, -0.00162699, 0.0734372, -0.00845261, -0.00864163, -0.0109147, 0.0213671, 0.00282974, 0.0107717, 0.00282779, -0.000136949, -0.0139137, -0.083696, 0.0189201, -0.0176591, 0.00584749, -0.0114437, -0.00845261, -0.00864163, -0.00294332, 0.000512449, 0.0189201, -0.0176591, -0.00294332, 0.000512449, -0.00283249, -0.00462672, -0.0109147, 0.0213671, -0.00283249, -0.00462672, 0.00282779, -0.000136949, 0.00584749, -0.0114437, -0.00283249, -0.00462672, 0.00183282, 0.00940345, 0.00282974, 0.0107717, -0.000811133, -0.00536768, -0.00719159, -0.0113356, ],[-0.0258023, -0.0123794, 0.00618105, 0.00506345, -0.00589798, -0.0148582, 0.00650101, 0.0178969, -0.00511406, 0.0171818, -0.00924147, 0.00160902, -0.00511406, 0.0171818, 0.00200104, 0.00369365, 0.00608457, -0.00948682, -0.00511406, 0.0171818, 0.00650101, 0.0178969, -0.00589798, -0.0148582, 0.00618105, 0.00506345, 0.004131, -0.00479826, 0.223504, -0.435429, 0.004131, -0.00479826, -0.00511406, 0.0171818, 0.00608457, -0.00948682, 0.00200104, 0.00369365, -0.0252722, 0.0122846, -0.00589798, -0.0148582, 0.00217743, -0.000109714, 0.0138259, -0.000824317, 0.0272316, -0.0172874, 0.00435232, -0.0641435, 0.0138259, -0.000824317, -0.00924147, 0.00160902, 0.00200104, 0.00369365, -0.00634198, 0.0579121, 0.00200104, 0.00369365, -0.0258023, -0.0123794, 0.00618105, 0.00506345, 0.0138259, -0.000824317, 0.004131, -0.00479826, -0.00511406, 0.0171818, 0.004131, -0.00479826, 0.0272316, -0.0172874, 0.004131, -0.00479826, 0.00435232, -0.0641435, 0.223504, -0.435429, 0.00618105, 0.00506345, 0.00200104, 0.00369365, -0.0252722, 0.0122846, 0.00200104, 0.00369365, 0.00608457, -0.00948682, 0.00618105, 0.00506345, 0.223504, -0.435429, 0.00435232, -0.0641435, 0.223504, -0.435429, 0.00608457, -0.00948682, -0.00589798, -0.0148582, 0.004131, -0.00479826, 0.0138259, -0.000824317, 0.00618105, 0.00506345, -0.00511406, 0.0171818, 0.00650101, 0.0178969, 0.0138259, -0.000824317, 0.00217743, -0.000109714, -0.00589798, -0.0148582, 0.0138259, -0.000824317, 0.00618105, 0.00506345, -0.0258023, -0.0123794, -0.00634198, 0.0579121, 0.00200104, 0.00369365, -0.00924147, 0.00160902, -0.00511406, 0.0171818, 0.0138259, -0.000824317, 0.00435232, -0.0641435, 0.0272316, -0.0172874, 0.004131, -0.00479826, 0.00200104, 0.00369365, 0.00217743, -0.000109714, 0.0272316, -0.0172874, 0.00217743, -0.000109714, -0.00589798, -0.0148582, -0.00924147, 0.00160902, -0.00589798, -0.0148582, 0.0138259, -0.000824317, 0.004131, -0.00479826, -0.00589798, -0.0148582, 0.00650101, 0.0178969, -0.00511406, 0.0171818, 0.00618105, 0.00506345, -0.0258023, -0.0123794, ],]
##############################################################################
clock_duration  =         13854.8
tau =                     2.44763
total_steps =             32
time_step =               0.0789558
best_mc_result =          0.0198302
best_mc_result_non_secondary =          0
evolved_target_dot_squared =  0.98017
distance =          0.0245752
j_protocol =  [[0, 0, 0, 0, 0, 0, 0, 0, 0, 0, 0, 0, 0, 0, 0, 0, 0, 0, 0, 0, 0, 0, 0, 0, 0, 0, 0, 0, 0, 0, 0, 0, ],[0, 0, 0, 0, 0, 0, 0, 0, 0, 0, 0, 0, 0, 0, 0, 0, 0, 0, 0, 0, 0, 0, 0, 0, 0, 0, 0, 0, 0, 0, 0, 0, ],]
k_protocol =  [[0, 0, 0, 0, 0, 0, 0, 0, 0, 0, 0, 0, 0, 0, 0, 0, 0, 0, 0, 0, 0, 0, 0, 0, 0, 0, 0, 0, 0, 0, 0, 0, ],[0, 0, 0, 0, 0, 0, 0, 0, 0, 0, 0, 0, 0, 0, 0, 0, 0, 0, 0, 0, 0, 0, 0, 0, 0, 0, 0, 0, 0, 0, 0, 0, ],]
j_protocol_secondary =  [0.0113185, 0.590447, 0.631964, 0.862046, 0.947609, 1.0999, 1.15729, 1.27383, 1.40109, 1.50828, 1.74021, 1.809, 1.91458, 1.99522, 2.36707, 2.44763, ]
k_protocol_secondary =  [0, 0.144359, 0.220134, 0.441446, 0.441446, 0.565193, 0.565193, 1.2891, 1.2891, 1.64431, 1.64431, 1.76247, 1.76247, 1.83572, 1.83572, 2.44404, ]
best_evolved_state = [-0.010232, 0.000264291, 0.0069225, 0.00537708, -0.00391248, -0.0106649, 0.00347395, 0.00199956, -0.00278597, -0.00162876, -0.00918863, 0.00830214, -0.00278597, -0.00162876, 0.00541105, 0.000404505, 0.0151888, -0.0107748, -0.00278597, -0.00162876, 0.00347395, 0.00199956, -0.00391248, -0.0106649, 0.0069225, 0.00537708, 0.00829087, -0.00393209, 0.254572, -0.422241, 0.00829087, -0.00393209, -0.00278597, -0.00162876, 0.0151888, -0.0107748, 0.00541105, 0.000404505, -0.00434338, -0.0120623, -0.00391248, -0.0106649, 0.0013929, 0.00291065, 0.00542319, 0.000907886, 0.0286518, -0.0154427, 0.00308204, -0.0498082, 0.00542319, 0.000907886, -0.00918863, 0.00830214, 0.00541105, 0.000404505, -0.0115061, 0.0609191, 0.00541105, 0.000404505, -0.010232, 0.000264291, 0.0069225, 0.00537708, 0.00542319, 0.000907886, 0.00829087, -0.00393209, -0.00278597, -0.00162876, 0.00829087, -0.00393209, 0.0286518, -0.0154427, 0.00829087, -0.00393209, 0.00308204, -0.0498082, 0.254572, -0.422241, 0.0069225, 0.00537708, 0.00541105, 0.000404505, -0.00434338, -0.0120623, 0.00541105, 0.000404505, 0.0151888, -0.0107748, 0.0069225, 0.00537708, 0.254572, -0.422241, 0.00308204, -0.0498082, 0.254572, -0.422241, 0.0151888, -0.0107748, -0.00391248, -0.0106649, 0.00829087, -0.00393209, 0.00542319, 0.000907886, 0.0069225, 0.00537708, -0.00278597, -0.00162876, 0.00347395, 0.00199956, 0.00542319, 0.000907886, 0.0013929, 0.00291065, -0.00391248, -0.0106649, 0.00542319, 0.000907886, 0.0069225, 0.00537708, -0.010232, 0.000264291, -0.0115061, 0.0609191, 0.00541105, 0.000404505, -0.00918863, 0.00830214, -0.00278597, -0.00162876, 0.00542319, 0.000907886, 0.00308204, -0.0498082, 0.0286518, -0.0154427, 0.00829087, -0.00393209, 0.00541105, 0.000404505, 0.0013929, 0.00291065, 0.0286518, -0.0154427, 0.0013929, 0.00291065, -0.00391248, -0.0106649, -0.00918863, 0.00830214, -0.00391248, -0.0106649, 0.00542319, 0.000907886, 0.00829087, -0.00393209, -0.00391248, -0.0106649, 0.00347395, 0.00199956, -0.00278597, -0.00162876, 0.0069225, 0.00537708, -0.010232, 0.000264291, ]
best_mc_result_fixed_tau =   [0.0375926, 0.0326519, ]
evolved_state_fixed_tau =   [[-0.00719159, -0.0113356, -0.000811133, -0.00536768, -0.00283249, -0.00462672, 0.00183282, 0.00940345, 0.00282974, 0.0107717, -0.0109147, 0.0213671, 0.00282974, 0.0107717, -0.00845261, -0.00864163, 0.0146383, -0.0233999, 0.00282974, 0.0107717, 0.00183282, 0.00940345, -0.00283249, -0.00462672, -0.000811133, -0.00536768, 0.00584749, -0.0114437, 0.0377045, -0.484625, 0.00584749, -0.0114437, 0.00282974, 0.0107717, 0.0146383, -0.0233999, -0.00845261, -0.00864163, 0.0205813, -0.0251451, -0.00283249, -0.00462672, -0.00294332, 0.000512449, 0.00282779, -0.000136949, 0.0189201, -0.0176591, -0.0139137, -0.083696, 0.00282779, -0.000136949, -0.0109147, 0.0213671, -0.00845261, -0.00864163, -0.00162699, 0.0734372, -0.00845261, -0.00864163, -0.00719159, -0.0113356, -0.000811133, -0.00536768, 0.00282779, -0.000136949, 0.00584749, -0.0114437, 0.00282974, 0.0107717, 0.00584749, -0.0114437, 0.0189201, -0.0176591, 0.00584749, -0.0114437, -0.0139137, -0.083696, 0.0377045, -0.484625, -0.000811133, -0.00536768, -0.00845261, -0.00864163, 0.0205813, -0.0251451, -0.00845261, -0.00864163, 0.0146383, -0.0233999, -0.000811133, -0.00536768, 0.0377045, -0.484625, -0.0139137, -0.083696, 0.0377045, -0.484625, 0.0146383, -0.0233999, -0.00283249, -0.00462672, 0.00584749, -0.0114437, 0.00282779, -0.000136949, -0.000811133, -0.00536768, 0.00282974, 0.0107717, 0.00183282, 0.00940345, 0.00282779, -0.000136949, -0.00294332, 0.000512449, -0.00283249, -0.00462672, 0.00282779, -0.000136949, -0.000811133, -0.00536768, -0.00719159, -0.0113356, -0.00162699, 0.0734372, -0.00845261, -0.00864163, -0.0109147, 0.0213671, 0.00282974, 0.0107717, 0.00282779, -0.000136949, -0.0139137, -0.083696, 0.0189201, -0.0176591, 0.00584749, -0.0114437, -0.00845261, -0.00864163, -0.00294332, 0.000512449, 0.0189201, -0.0176591, -0.00294332, 0.000512449, -0.00283249, -0.00462672, -0.0109147, 0.0213671, -0.00283249, -0.00462672, 0.00282779, -0.000136949, 0.00584749, -0.0114437, -0.00283249, -0.00462672, 0.00183282, 0.00940345, 0.00282974, 0.0107717, -0.000811133, -0.00536768, -0.00719159, -0.0113356, ],[-0.0258023, -0.0123794, 0.00618105, 0.00506345, -0.00589798, -0.0148582, 0.00650101, 0.0178969, -0.00511406, 0.0171818, -0.00924147, 0.00160902, -0.00511406, 0.0171818, 0.00200104, 0.00369365, 0.00608457, -0.00948682, -0.00511406, 0.0171818, 0.00650101, 0.0178969, -0.00589798, -0.0148582, 0.00618105, 0.00506345, 0.004131, -0.00479826, 0.223504, -0.435429, 0.004131, -0.00479826, -0.00511406, 0.0171818, 0.00608457, -0.00948682, 0.00200104, 0.00369365, -0.0252722, 0.0122846, -0.00589798, -0.0148582, 0.00217743, -0.000109714, 0.0138259, -0.000824317, 0.0272316, -0.0172874, 0.00435232, -0.0641435, 0.0138259, -0.000824317, -0.00924147, 0.00160902, 0.00200104, 0.00369365, -0.00634198, 0.0579121, 0.00200104, 0.00369365, -0.0258023, -0.0123794, 0.00618105, 0.00506345, 0.0138259, -0.000824317, 0.004131, -0.00479826, -0.00511406, 0.0171818, 0.004131, -0.00479826, 0.0272316, -0.0172874, 0.004131, -0.00479826, 0.00435232, -0.0641435, 0.223504, -0.435429, 0.00618105, 0.00506345, 0.00200104, 0.00369365, -0.0252722, 0.0122846, 0.00200104, 0.00369365, 0.00608457, -0.00948682, 0.00618105, 0.00506345, 0.223504, -0.435429, 0.00435232, -0.0641435, 0.223504, -0.435429, 0.00608457, -0.00948682, -0.00589798, -0.0148582, 0.004131, -0.00479826, 0.0138259, -0.000824317, 0.00618105, 0.00506345, -0.00511406, 0.0171818, 0.00650101, 0.0178969, 0.0138259, -0.000824317, 0.00217743, -0.000109714, -0.00589798, -0.0148582, 0.0138259, -0.000824317, 0.00618105, 0.00506345, -0.0258023, -0.0123794, -0.00634198, 0.0579121, 0.00200104, 0.00369365, -0.00924147, 0.00160902, -0.00511406, 0.0171818, 0.0138259, -0.000824317, 0.00435232, -0.0641435, 0.0272316, -0.0172874, 0.004131, -0.00479826, 0.00200104, 0.00369365, 0.00217743, -0.000109714, 0.0272316, -0.0172874, 0.00217743, -0.000109714, -0.00589798, -0.0148582, -0.00924147, 0.00160902, -0.00589798, -0.0148582, 0.0138259, -0.000824317, 0.004131, -0.00479826, -0.00589798, -0.0148582, 0.00650101, 0.0178969, -0.00511406, 0.0171818, 0.00618105, 0.00506345, -0.0258023, -0.0123794, ],]
