START_PARAMETERS
MAX_STEPS_MCDB =               32
MIN_STEPS_MCDB =               4
STEPS_CRUNCH_MCDB =            1
SWEEPS_MCDB =                  100
TOTAL_STEP_CHANGES =                  6
MCBB_SECONDARY =                  1
SWEEPS_MCBB_SECONDARY =                  200
NUMBER_OF_BANGS =                  6
GROUND_E =                -0.100562
INITIAL_E =               0.372995
j_initial =               0.712
k_initial =               0.125
b_initial =               0
j_target =                0.077
k_target =                0.5
b_target =                0
init_target_dot_squared = 0.69777
init_state = [-0.0882609, 0, -0.0980603, 0, -0.0882609, 0, -0.174564, 0, -0.203025, 0, -0.0882609, 0, -0.203025, 0, -0.210043, 0, -0.203025, 0, -0.210043, 0, -0.0882609, 0, -0.203025, 0, -0.174564, 0, -0.240079, 0, -0.210043, 0, -0.0980603, 0, -0.174564, 0, -0.13026, 0, -0.174564, 0, -0.203025, 0, -0.0882609, 0, -0.174564, 0, -0.240079, 0, -0.174564, 0, -0.203025, 0, -0.210043, 0, -0.203025, 0, -0.0882609, 0, -0.13026, 0, -0.174564, 0, -0.0980603, 0, -0.0882609, 0, -0.203025, 0, -0.174564, 0, -0.0980603, 0, -0.0882609, 0, ]
target_state = [-0.0143178, 0, -0.00593096, 0, -0.0143178, 0, -0.0665805, 0, -0.285303, 0, -0.0143178, 0, -0.285303, 0, -0.105405, 0, -0.285303, 0, -0.105405, 0, -0.0143178, 0, -0.285303, 0, -0.0665805, 0, -0.365337, 0, -0.105405, 0, -0.00593096, 0, -0.0665805, 0, -0.00976253, 0, -0.0665805, 0, -0.285303, 0, -0.0143178, 0, -0.0665805, 0, -0.365337, 0, -0.0665805, 0, -0.285303, 0, -0.105405, 0, -0.285303, 0, -0.0143178, 0, -0.00976253, 0, -0.0665805, 0, -0.00593096, 0, -0.0143178, 0, -0.285303, 0, -0.0665805, 0, -0.00593096, 0, -0.0143178, 0, ]
USE_ENERGY_DISTANCE =     false
PERIODIC =                false
UNIFORM_SITES =           true
DEVICE_DIMENSION =        2
MAX_PARAM =               1
MIN_PARAM =               0
MIN_PARAM =               0
DIAG =                    true
NUM_SEEDS =               2
NUMBER_OF_BANGS =               6
DISTANCE_LIMIT =          0.02
TAU_INIT =                0.5
MAX_TAU =                 5
TAU_SCALAR =              1.2
TAU_SCALAR_TINY =         1.1
TAU_SCALAR_BIG =          1.3
ACCEPTANCE_PROB =         0.85
TEMP_EXP_DECAY =          0.8
MIN_TEMP_FRACTION =       0.01
TEMP_DECAY_ITERATIONS =   21
ZERO_TEMP_ITREATIONS =    25
RANDOM_STATES =           3
END_PARAMETERS
##############################################################################
clock_duration  =         91.4434
tau =                     0.5
total_steps =             32
time_step =               0.015625
best_mc_result =          0.0861136
best_mc_result_non_secondary =          0.0868415
evolved_target_dot_squared =  0.913886
distance =          0.284927
j_protocol =  [[0, 0, 1, 1, 1, 1, 1, 1, 0, 0, 1, 1, 1, 1, 1, 1, 0, 0, 0, 0, 0, 0, 0, 0, 1, 1, 1, 1, 1, 1, 1, 1, ],[0, 0, 1, 1, 1, 1, 1, 1, 0, 0, 1, 1, 1, 1, 1, 1, 0, 0, 0, 0, 0, 0, 0, 0, 1, 1, 1, 1, 1, 1, 1, 1, ],]
k_protocol =  [[1, 1, 1, 1, 1, 1, 1, 1, 1, 1, 1, 1, 1, 1, 1, 1, 1, 1, 1, 1, 1, 1, 1, 1, 1, 1, 1, 1, 1, 1, 1, 1, ],[1, 1, 1, 1, 1, 1, 1, 1, 1, 1, 1, 1, 1, 1, 1, 1, 1, 1, 1, 1, 1, 1, 1, 1, 1, 1, 1, 1, 1, 1, 1, 1, ],]
j_protocol_secondary =  [0.04852, 0.0639418, 0.0639418, 0.153173, 0.153173, 0.191295, 0.203933, 0.246526, 0.261089, 0.265618, 0.379237, 0.5, ]
k_protocol_secondary =  [0, 0.113008, 0.113008, 0.183331, 0.183331, 0.18773, 0.18773, 0.266995, 0.266995, 0.451143, 0.451143, 0.491074, ]
best_evolved_state = [0.0251941, -0.0217329, -0.033759, 0.041348, 0.0251941, -0.0217329, -0.102291, -0.0848642, -0.14496, -0.214865, 0.0251941, -0.0217329, -0.14496, -0.214865, -0.0654864, -0.135466, -0.14496, -0.214865, -0.0654864, -0.135466, 0.0251941, -0.0217329, -0.14496, -0.214865, -0.102291, -0.0848642, -0.146861, -0.28572, -0.0654864, -0.135466, -0.033759, 0.041348, -0.102291, -0.0848642, -0.0435723, 0.0103848, -0.102291, -0.0848642, -0.14496, -0.214865, 0.0251941, -0.0217329, -0.102291, -0.0848642, -0.146861, -0.28572, -0.102291, -0.0848642, -0.14496, -0.214865, -0.0654864, -0.135466, -0.14496, -0.214865, 0.0251941, -0.0217329, -0.0435723, 0.0103848, -0.102291, -0.0848642, -0.033759, 0.041348, 0.0251941, -0.0217329, -0.14496, -0.214865, -0.102291, -0.0848642, -0.033759, 0.041348, 0.0251941, -0.0217329, ]
best_mc_result_fixed_tau =   [0.0868415, 0.0868415, ]
evolved_state_fixed_tau =   [[0.02839, -0.0239646, -0.0332283, 0.044245, 0.02839, -0.0239646, -0.101915, -0.0831159, -0.144283, -0.215951, 0.02839, -0.0239646, -0.144283, -0.215951, -0.0639082, -0.132842, -0.144283, -0.215951, -0.0639082, -0.132842, 0.02839, -0.0239646, -0.144283, -0.215951, -0.101915, -0.0831159, -0.145862, -0.287421, -0.0639082, -0.132842, -0.0332283, 0.044245, -0.101915, -0.0831159, -0.0429656, 0.0130244, -0.101915, -0.0831159, -0.144283, -0.215951, 0.02839, -0.0239646, -0.101915, -0.0831159, -0.145862, -0.287421, -0.101915, -0.0831159, -0.144283, -0.215951, -0.0639082, -0.132842, -0.144283, -0.215951, 0.02839, -0.0239646, -0.0429656, 0.0130244, -0.101915, -0.0831159, -0.0332283, 0.044245, 0.02839, -0.0239646, -0.144283, -0.215951, -0.101915, -0.0831159, -0.0332283, 0.044245, 0.02839, -0.0239646, ],[0.02839, -0.0239646, -0.0332283, 0.044245, 0.02839, -0.0239646, -0.101915, -0.0831159, -0.144283, -0.215951, 0.02839, -0.0239646, -0.144283, -0.215951, -0.0639082, -0.132842, -0.144283, -0.215951, -0.0639082, -0.132842, 0.02839, -0.0239646, -0.144283, -0.215951, -0.101915, -0.0831159, -0.145862, -0.287421, -0.0639082, -0.132842, -0.0332283, 0.044245, -0.101915, -0.0831159, -0.0429656, 0.0130244, -0.101915, -0.0831159, -0.144283, -0.215951, 0.02839, -0.0239646, -0.101915, -0.0831159, -0.145862, -0.287421, -0.101915, -0.0831159, -0.144283, -0.215951, -0.0639082, -0.132842, -0.144283, -0.215951, 0.02839, -0.0239646, -0.0429656, 0.0130244, -0.101915, -0.0831159, -0.0332283, 0.044245, 0.02839, -0.0239646, -0.144283, -0.215951, -0.101915, -0.0831159, -0.0332283, 0.044245, 0.02839, -0.0239646, ],]
##############################################################################
clock_duration  =         180.371
tau =                     0.6
total_steps =             32
time_step =               0.01875
best_mc_result =          0.0702751
best_mc_result_non_secondary =          0.0705999
evolved_target_dot_squared =  0.929725
distance =          0.232522
j_protocol =  [[0, 0, 1, 1, 1, 1, 1, 1, 1, 1, 1, 1, 1, 1, 0, 0, 1, 1, 0, 0, 0, 0, 0, 0, 0, 0, 1, 1, 1, 1, 1, 1, ],[0, 0, 1, 1, 1, 1, 1, 1, 1, 1, 1, 1, 1, 1, 0, 0, 1, 1, 0, 0, 0, 0, 0, 0, 0, 0, 1, 1, 1, 1, 1, 1, ],]
k_protocol =  [[1, 1, 1, 1, 1, 1, 1, 1, 1, 1, 1, 1, 1, 1, 1, 1, 1, 1, 1, 1, 1, 1, 1, 1, 1, 1, 1, 1, 1, 1, 1, 1, ],[1, 1, 1, 1, 1, 1, 1, 1, 1, 1, 1, 1, 1, 1, 1, 1, 1, 1, 1, 1, 1, 1, 1, 1, 1, 1, 1, 1, 1, 1, 1, 1, ],]
j_protocol_secondary =  [0.0432331, 0.0759962, 0.0759962, 0.245612, 0.245686, 0.270884, 0.301751, 0.325351, 0.485979, 0.525946, 0.525946, 0.6, ]
k_protocol_secondary =  [0, 0.0750518, 0.0750518, 0.0866595, 0.0866595, 0.104395, 0.104395, 0.548311, 0.548311, 0.551865, 0.551865, 0.590562, ]
best_evolved_state = [0.0243933, -0.0258718, -0.0126411, 0.0387118, 0.0243933, -0.0258718, -0.0864706, -0.0859017, -0.107351, -0.239059, 0.0243933, -0.0258718, -0.107351, -0.239059, -0.0395346, -0.147178, -0.107351, -0.239059, -0.0395346, -0.147178, 0.0243933, -0.0258718, -0.107351, -0.239059, -0.0864706, -0.0859017, -0.0994404, -0.316816, -0.0395346, -0.147178, -0.0126411, 0.0387118, -0.0864706, -0.0859017, -0.0274962, 0.00646316, -0.0864706, -0.0859017, -0.107351, -0.239059, 0.0243933, -0.0258718, -0.0864706, -0.0859017, -0.0994404, -0.316816, -0.0864706, -0.0859017, -0.107351, -0.239059, -0.0395346, -0.147178, -0.107351, -0.239059, 0.0243933, -0.0258718, -0.0274962, 0.00646316, -0.0864706, -0.0859017, -0.0126411, 0.0387118, 0.0243933, -0.0258718, -0.107351, -0.239059, -0.0864706, -0.0859017, -0.0126411, 0.0387118, 0.0243933, -0.0258718, ]
best_mc_result_fixed_tau =   [0.0705999, 0.0705999, ]
evolved_state_fixed_tau =   [[0.0226098, -0.027762, -0.0117871, 0.037164, 0.0226098, -0.027762, -0.0834784, -0.0892089, -0.0968496, -0.242753, 0.0226098, -0.027762, -0.0968496, -0.242753, -0.0350699, -0.150975, -0.0968496, -0.242753, -0.0350699, -0.150975, 0.0226098, -0.027762, -0.0968496, -0.242753, -0.0834784, -0.0892089, -0.085928, -0.320486, -0.0350699, -0.150975, -0.0117871, 0.037164, -0.0834784, -0.0892089, -0.0269789, 0.00449776, -0.0834784, -0.0892089, -0.0968496, -0.242753, 0.0226098, -0.027762, -0.0834784, -0.0892089, -0.085928, -0.320486, -0.0834784, -0.0892089, -0.0968496, -0.242753, -0.0350699, -0.150975, -0.0968496, -0.242753, 0.0226098, -0.027762, -0.0269789, 0.00449776, -0.0834784, -0.0892089, -0.0117871, 0.037164, 0.0226098, -0.027762, -0.0968496, -0.242753, -0.0834784, -0.0892089, -0.0117871, 0.037164, 0.0226098, -0.027762, ],[0.0226098, -0.027762, -0.0117871, 0.037164, 0.0226098, -0.027762, -0.0834784, -0.0892089, -0.0968496, -0.242753, 0.0226098, -0.027762, -0.0968496, -0.242753, -0.0350699, -0.150975, -0.0968496, -0.242753, -0.0350699, -0.150975, 0.0226098, -0.027762, -0.0968496, -0.242753, -0.0834784, -0.0892089, -0.085928, -0.320486, -0.0350699, -0.150975, -0.0117871, 0.037164, -0.0834784, -0.0892089, -0.0269789, 0.00449776, -0.0834784, -0.0892089, -0.0968496, -0.242753, 0.0226098, -0.027762, -0.0834784, -0.0892089, -0.085928, -0.320486, -0.0834784, -0.0892089, -0.0968496, -0.242753, -0.0350699, -0.150975, -0.0968496, -0.242753, 0.0226098, -0.027762, -0.0269789, 0.00449776, -0.0834784, -0.0892089, -0.0117871, 0.037164, 0.0226098, -0.027762, -0.0968496, -0.242753, -0.0834784, -0.0892089, -0.0117871, 0.037164, 0.0226098, -0.027762, ],]
##############################################################################
clock_duration  =         268.182
tau =                     0.78
total_steps =             32
time_step =               0.024375
best_mc_result =          0.0430627
best_mc_result_non_secondary =          0.0441387
evolved_target_dot_squared =  0.956937
distance =          0.142483
j_protocol =  [[0, 0, 1, 1, 1, 1, 1, 1, 1, 1, 1, 1, 1, 1, 0, 0, 0, 0, 0, 0, 1, 1, 0, 0, 0, 0, 0, 0, 1, 1, 1, 1, ],[0, 0, 1, 1, 1, 1, 1, 1, 1, 1, 1, 1, 1, 1, 0, 0, 0, 0, 0, 0, 1, 1, 0, 0, 0, 0, 0, 0, 1, 1, 1, 1, ],]
k_protocol =  [[1, 1, 1, 1, 1, 1, 1, 1, 1, 1, 1, 1, 1, 1, 1, 1, 1, 1, 1, 1, 1, 1, 1, 1, 1, 1, 1, 1, 1, 1, 1, 1, ],[1, 1, 1, 1, 1, 1, 1, 1, 1, 1, 1, 1, 1, 1, 1, 1, 1, 1, 1, 1, 1, 1, 1, 1, 1, 1, 1, 1, 1, 1, 1, 1, ],]
j_protocol_secondary =  [0.0729097, 0.355718, 0.491557, 0.513203, 0.644855, 0.652337, 0.672848, 0.699765, 0.699765, 0.700677, 0.700677, 0.78, ]
k_protocol_secondary =  [0, 0.238779, 0.238779, 0.25091, 0.25091, 0.328809, 0.328809, 0.474207, 0.474207, 0.720914, 0.720914, 0.769946, ]
best_evolved_state = [0.0147332, -0.0222195, 0.0253956, 0.0174976, 0.0147332, -0.0222195, -0.0684689, -0.0632177, -0.0902358, -0.253093, 0.0147332, -0.0222195, -0.0902358, -0.253093, -0.0229729, -0.153275, -0.0902358, -0.253093, -0.0229729, -0.153275, 0.0147332, -0.0222195, -0.0902358, -0.253093, -0.0684689, -0.0632177, -0.0802089, -0.342377, -0.0229729, -0.153275, 0.0253956, 0.0174976, -0.0684689, -0.0632177, -0.00427944, -0.00266014, -0.0684689, -0.0632177, -0.0902358, -0.253093, 0.0147332, -0.0222195, -0.0684689, -0.0632177, -0.0802089, -0.342377, -0.0684689, -0.0632177, -0.0902358, -0.253093, -0.0229729, -0.153275, -0.0902358, -0.253093, 0.0147332, -0.0222195, -0.00427944, -0.00266014, -0.0684689, -0.0632177, 0.0253956, 0.0174976, 0.0147332, -0.0222195, -0.0902358, -0.253093, -0.0684689, -0.0632177, 0.0253956, 0.0174976, 0.0147332, -0.0222195, ]
best_mc_result_fixed_tau =   [0.0441387, 0.0441387, ]
evolved_state_fixed_tau =   [[0.0149219, -0.0218595, 0.0212443, 0.0184719, 0.0149219, -0.0218595, -0.0653281, -0.069749, -0.061631, -0.261111, 0.0149219, -0.0218595, -0.061631, -0.261111, -0.0154353, -0.154531, -0.061631, -0.261111, -0.0154353, -0.154531, 0.0149219, -0.0218595, -0.061631, -0.261111, -0.0653281, -0.069749, -0.0426835, -0.347931, -0.0154353, -0.154531, 0.0212443, 0.0184719, -0.0653281, -0.069749, -0.00698919, -0.00324339, -0.0653281, -0.069749, -0.061631, -0.261111, 0.0149219, -0.0218595, -0.0653281, -0.069749, -0.0426835, -0.347931, -0.0653281, -0.069749, -0.061631, -0.261111, -0.0154353, -0.154531, -0.061631, -0.261111, 0.0149219, -0.0218595, -0.00698919, -0.00324339, -0.0653281, -0.069749, 0.0212443, 0.0184719, 0.0149219, -0.0218595, -0.061631, -0.261111, -0.0653281, -0.069749, 0.0212443, 0.0184719, 0.0149219, -0.0218595, ],[0.0149219, -0.0218595, 0.0212443, 0.0184719, 0.0149219, -0.0218595, -0.0653281, -0.069749, -0.061631, -0.261111, 0.0149219, -0.0218595, -0.061631, -0.261111, -0.0154353, -0.154531, -0.061631, -0.261111, -0.0154353, -0.154531, 0.0149219, -0.0218595, -0.061631, -0.261111, -0.0653281, -0.069749, -0.0426835, -0.347931, -0.0154353, -0.154531, 0.0212443, 0.0184719, -0.0653281, -0.069749, -0.00698919, -0.00324339, -0.0653281, -0.069749, -0.061631, -0.261111, 0.0149219, -0.0218595, -0.0653281, -0.069749, -0.0426835, -0.347931, -0.0653281, -0.069749, -0.061631, -0.261111, -0.0154353, -0.154531, -0.061631, -0.261111, 0.0149219, -0.0218595, -0.00698919, -0.00324339, -0.0653281, -0.069749, 0.0212443, 0.0184719, 0.0149219, -0.0218595, -0.061631, -0.261111, -0.0653281, -0.069749, 0.0212443, 0.0184719, 0.0149219, -0.0218595, ],]
##############################################################################
clock_duration  =         339.236
tau =                     0.858
total_steps =             32
time_step =               0.0268125
best_mc_result =          0.0352165
best_mc_result_non_secondary =          0.0359895
evolved_target_dot_squared =  0.964784
distance =          0.116522
j_protocol =  [[0, 0, 0, 1, 1, 1, 1, 1, 1, 1, 0, 1, 1, 1, 1, 0, 0, 0, 0, 0, 0, 0, 0, 1, 0, 0, 0, 0, 1, 1, 1, 1, ],[0, 0, 1, 1, 1, 1, 1, 1, 0, 0, 1, 1, 1, 1, 0, 0, 1, 1, 0, 0, 0, 0, 0, 0, 0, 0, 0, 0, 1, 1, 1, 1, ],]
k_protocol =  [[1, 1, 1, 1, 1, 1, 1, 1, 1, 1, 1, 1, 1, 1, 1, 1, 1, 1, 1, 1, 1, 1, 1, 1, 1, 1, 1, 1, 1, 1, 1, 1, ],[1, 1, 1, 1, 1, 1, 1, 1, 1, 1, 1, 1, 1, 1, 1, 1, 1, 1, 1, 1, 1, 1, 1, 1, 1, 1, 1, 1, 1, 1, 1, 1, ],]
j_protocol_secondary =  [0.0468628, 0.266664, 0.270841, 0.271815, 0.321833, 0.437342, 0.615248, 0.635042, 0.752124, 0.776171, 0.776171, 0.858, ]
k_protocol_secondary =  [0, 0.0916241, 0.0916241, 0.279569, 0.279569, 0.288963, 0.288963, 0.340927, 0.340927, 0.738279, 0.738279, 0.848177, ]
best_evolved_state = [0.0151284, -0.0165862, 0.0307348, 0.00846536, 0.0151284, -0.0165862, -0.0523159, -0.0598074, -0.0545243, -0.266343, 0.0151284, -0.0165862, -0.0545243, -0.266343, -0.00088115, -0.153177, -0.0545243, -0.266343, -0.00088115, -0.153177, 0.0151284, -0.0165862, -0.0545243, -0.266343, -0.0523159, -0.0598074, -0.0343741, -0.356228, -0.00088115, -0.153177, 0.0307348, 0.00846536, -0.0523159, -0.0598074, 0.000214254, -0.00647538, -0.0523159, -0.0598074, -0.0545243, -0.266343, 0.0151284, -0.0165862, -0.0523159, -0.0598074, -0.0343741, -0.356228, -0.0523159, -0.0598074, -0.0545243, -0.266343, -0.00088115, -0.153177, -0.0545243, -0.266343, 0.0151284, -0.0165862, 0.000214254, -0.00647538, -0.0523159, -0.0598074, 0.0307348, 0.00846536, 0.0151284, -0.0165862, -0.0545243, -0.266343, -0.0523159, -0.0598074, 0.0307348, 0.00846536, 0.0151284, -0.0165862, ]
best_mc_result_fixed_tau =   [0.0359895, 0.0360952, ]
evolved_state_fixed_tau =   [[0.0139161, -0.0198727, 0.0351785, 0.00402657, 0.0139161, -0.0198727, -0.0607755, -0.0466161, -0.0978411, -0.2549, 0.0139161, -0.0198727, -0.0978411, -0.2549, -0.0231136, -0.147267, -0.0978411, -0.2549, -0.0231136, -0.147267, 0.0139161, -0.0198727, -0.0978411, -0.2549, -0.0607755, -0.0466161, -0.0917136, -0.347272, -0.0231136, -0.147267, 0.0351785, 0.00402657, -0.0607755, -0.0466161, 0.00228297, -0.00502863, -0.0607755, -0.0466161, -0.0978411, -0.2549, 0.0139161, -0.0198727, -0.0607755, -0.0466161, -0.0917136, -0.347272, -0.0607755, -0.0466161, -0.0978411, -0.2549, -0.0231136, -0.147267, -0.0978411, -0.2549, 0.0139161, -0.0198727, 0.00228297, -0.00502863, -0.0607755, -0.0466161, 0.0351785, 0.00402657, 0.0139161, -0.0198727, -0.0978411, -0.2549, -0.0607755, -0.0466161, 0.0351785, 0.00402657, 0.0139161, -0.0198727, ],[0.0139161, -0.0198727, 0.0351785, 0.00402657, 0.0139161, -0.0198727, -0.0607755, -0.0466161, -0.0978411, -0.2549, 0.0139161, -0.0198727, -0.0978411, -0.2549, -0.0231136, -0.147267, -0.0978411, -0.2549, -0.0231136, -0.147267, 0.0139161, -0.0198727, -0.0978411, -0.2549, -0.0607755, -0.0466161, -0.0917136, -0.347272, -0.0231136, -0.147267, 0.0351785, 0.00402657, -0.0607755, -0.0466161, 0.00228297, -0.00502863, -0.0607755, -0.0466161, -0.0978411, -0.2549, 0.0139161, -0.0198727, -0.0607755, -0.0466161, -0.0917136, -0.347272, -0.0607755, -0.0466161, -0.0978411, -0.2549, -0.0231136, -0.147267, -0.0978411, -0.2549, 0.0139161, -0.0198727, 0.00228297, -0.00502863, -0.0607755, -0.0466161, 0.0351785, 0.00402657, 0.0139161, -0.0198727, -0.0978411, -0.2549, -0.0607755, -0.0466161, 0.0351785, 0.00402657, 0.0139161, -0.0198727, ],]
##############################################################################
clock_duration  =         439.503
tau =                     0.9438
total_steps =             32
time_step =               0.0294938
best_mc_result =          0.0295435
best_mc_result_non_secondary =          0.0300325
evolved_target_dot_squared =  0.970457
distance =          0.0977517
j_protocol =  [[0, 1, 1, 1, 1, 1, 1, 1, 1, 1, 0, 0, 1, 0, 0, 1, 0, 0, 1, 1, 1, 0, 0, 0, 0, 0, 0, 0, 0, 1, 1, 1, ],[0, 1, 1, 1, 1, 1, 1, 1, 1, 1, 0, 0, 0, 1, 1, 0, 1, 1, 0, 0, 0, 0, 0, 0, 0, 1, 0, 0, 0, 1, 1, 1, ],]
k_protocol =  [[1, 1, 1, 1, 1, 1, 1, 1, 1, 1, 1, 1, 1, 1, 1, 1, 1, 1, 1, 1, 1, 1, 1, 1, 1, 1, 1, 1, 1, 1, 1, 1, ],[1, 1, 1, 1, 1, 1, 1, 1, 1, 1, 1, 1, 1, 1, 1, 1, 1, 1, 1, 1, 1, 1, 1, 1, 1, 1, 1, 1, 1, 1, 1, 1, ],]
j_protocol_secondary =  [0.011191, 0.297007, 0.384896, 0.439166, 0.472067, 0.482711, 0.485761, 0.547844, 0.740962, 0.764373, 0.853855, 0.9438, ]
k_protocol_secondary =  [0, 0.163642, 0.163642, 0.208207, 0.208207, 0.260746, 0.260746, 0.732297, 0.732297, 0.931195, 0.931195, 0.933692, ]
best_evolved_state = [0.0159444, -0.0114313, 0.0328089, 0.00160239, 0.0159444, -0.0114313, -0.0312033, -0.058613, 0.0113878, -0.273784, 0.0159444, -0.0114313, 0.0113878, -0.273784, 0.0320924, -0.148575, 0.0113878, -0.273784, 0.0320924, -0.148575, 0.0159444, -0.0114313, 0.0113878, -0.273784, -0.0312033, -0.058613, 0.0500642, -0.359854, 0.0320924, -0.148575, 0.0328089, 0.00160239, -0.0312033, -0.058613, 0.0023661, -0.0100233, -0.0312033, -0.058613, 0.0113878, -0.273784, 0.0159444, -0.0114313, -0.0312033, -0.058613, 0.0500642, -0.359854, -0.0312033, -0.058613, 0.0113878, -0.273784, 0.0320924, -0.148575, 0.0113878, -0.273784, 0.0159444, -0.0114313, 0.0023661, -0.0100233, -0.0312033, -0.058613, 0.0328089, 0.00160239, 0.0159444, -0.0114313, 0.0113878, -0.273784, -0.0312033, -0.058613, 0.0328089, 0.00160239, 0.0159444, -0.0114313, ]
best_mc_result_fixed_tau =   [0.0304401, 0.0300325, ]
evolved_state_fixed_tau =   [[0.00727199, -0.0197525, 0.035587, -0.00308461, 0.00727199, -0.0197525, -0.0394222, -0.0541249, -0.0182736, -0.272964, 0.00727199, -0.0197525, -0.0182736, -0.272964, 0.0125073, -0.152649, -0.0182736, -0.272964, 0.0125073, -0.152649, 0.00727199, -0.0197525, -0.0182736, -0.272964, -0.0394222, -0.0541249, 0.00960457, -0.362297, 0.0125073, -0.152649, 0.035587, -0.00308461, -0.0394222, -0.0541249, 0.0019736, -0.00985031, -0.0394222, -0.0541249, -0.0182736, -0.272964, 0.00727199, -0.0197525, -0.0394222, -0.0541249, 0.00960457, -0.362297, -0.0394222, -0.0541249, -0.0182736, -0.272964, 0.0125073, -0.152649, -0.0182736, -0.272964, 0.00727199, -0.0197525, 0.0019736, -0.00985031, -0.0394222, -0.0541249, 0.035587, -0.00308461, 0.00727199, -0.0197525, -0.0182736, -0.272964, -0.0394222, -0.0541249, 0.035587, -0.00308461, 0.00727199, -0.0197525, ],[0.0164378, -0.0130339, 0.0334058, -0.00216246, 0.0164378, -0.0130339, -0.0392657, -0.0513564, -0.0207115, -0.274293, 0.0164378, -0.0130339, -0.0207115, -0.274293, 0.012692, -0.147708, -0.0207115, -0.274293, 0.012692, -0.147708, 0.0164378, -0.0130339, -0.0207115, -0.274293, -0.0392657, -0.0513564, 0.00823457, -0.364013, 0.012692, -0.147708, 0.0334058, -0.00216246, -0.0392657, -0.0513564, 0.00199169, -0.00911332, -0.0392657, -0.0513564, -0.0207115, -0.274293, 0.0164378, -0.0130339, -0.0392657, -0.0513564, 0.00823457, -0.364013, -0.0392657, -0.0513564, -0.0207115, -0.274293, 0.012692, -0.147708, -0.0207115, -0.274293, 0.0164378, -0.0130339, 0.00199169, -0.00911332, -0.0392657, -0.0513564, 0.0334058, -0.00216246, 0.0164378, -0.0130339, -0.0207115, -0.274293, -0.0392657, -0.0513564, 0.0334058, -0.00216246, 0.0164378, -0.0130339, ],]
##############################################################################
clock_duration  =         549.257
tau =                     1.03818
total_steps =             32
time_step =               0.0324431
best_mc_result =          0.0246342
best_mc_result_non_secondary =          0.0279052
evolved_target_dot_squared =  0.975366
distance =          0.081508
j_protocol =  [[0, 1, 1, 1, 1, 1, 1, 1, 1, 0, 0, 0, 0, 1, 1, 1, 0, 0, 1, 0, 0, 1, 0, 0, 0, 0, 0, 0, 0, 1, 1, 1, ],[1, 1, 1, 1, 1, 1, 1, 1, 1, 1, 0, 0, 0, 0, 1, 1, 1, 1, 0, 0, 0, 0, 0, 0, 1, 1, 0, 0, 0, 0, 1, 1, ],]
k_protocol =  [[1, 1, 1, 1, 0, 1, 1, 1, 1, 1, 1, 1, 1, 1, 0, 1, 1, 1, 1, 1, 1, 1, 1, 1, 1, 1, 1, 1, 1, 1, 1, 0, ],[1, 1, 1, 1, 1, 1, 1, 1, 1, 1, 1, 1, 1, 1, 1, 1, 1, 1, 1, 1, 1, 1, 1, 1, 1, 1, 1, 1, 1, 1, 1, 1, ],]
j_protocol_secondary =  [0.00966298, 0.336784, 0.424881, 0.515907, 0.575592, 0.62539, 0.674399, 0.714512, 0.823163, 0.823163, 0.940226, 1.03818, ]
k_protocol_secondary =  [0, 0.0895341, 0.0990124, 0.104018, 0.150198, 0.454204, 0.454204, 0.486647, 0.486647, 0.913029, 0.913029, 1.0301, ]
best_evolved_state = [0.0222783, -0.00699206, 0.0246539, 0.0025221, 0.0222783, -0.00699206, -0.00484614, -0.0632667, 0.101665, -0.253674, 0.0222783, -0.00699206, 0.101665, -0.253674, 0.0724724, -0.13467, 0.101665, -0.253674, 0.0724724, -0.13467, 0.0222783, -0.00699206, 0.101665, -0.253674, -0.00484614, -0.0632667, 0.166201, -0.327373, 0.0724724, -0.13467, 0.0246539, 0.0025221, -0.00484614, -0.0632667, -0.00215588, -0.0128728, -0.00484614, -0.0632667, 0.101665, -0.253674, 0.0222783, -0.00699206, -0.00484614, -0.0632667, 0.166201, -0.327373, -0.00484614, -0.0632667, 0.101665, -0.253674, 0.0724724, -0.13467, 0.101665, -0.253674, 0.0222783, -0.00699206, -0.00215588, -0.0128728, -0.00484614, -0.0632667, 0.0246539, 0.0025221, 0.0222783, -0.00699206, 0.101665, -0.253674, -0.00484614, -0.0632667, 0.0246539, 0.0025221, 0.0222783, -0.00699206, ]
best_mc_result_fixed_tau =   [0.0279052, 0.0284888, ]
evolved_state_fixed_tau =   [[0.0178683, -0.0114139, 0.0324808, 0.0009667, 0.0178683, -0.0114139, -0.0318681, -0.052826, -0.00254912, -0.275656, 0.0178683, -0.0114139, -0.00254912, -0.275656, 0.0268791, -0.14388, -0.00254912, -0.275656, 0.0268791, -0.14388, 0.0178683, -0.0114139, -0.00254912, -0.275656, -0.0318681, -0.052826, 0.0319058, -0.364619, 0.0268791, -0.14388, 0.0324808, 0.0009667, -0.0318681, -0.052826, 0.00161539, -0.00884722, -0.0318681, -0.052826, -0.00254912, -0.275656, 0.0178683, -0.0114139, -0.0318681, -0.052826, 0.0319058, -0.364619, -0.0318681, -0.052826, -0.00254912, -0.275656, 0.0268791, -0.14388, -0.00254912, -0.275656, 0.0178683, -0.0114139, 0.00161539, -0.00884722, -0.0318681, -0.052826, 0.0324808, 0.0009667, 0.0178683, -0.0114139, -0.00254912, -0.275656, -0.0318681, -0.052826, 0.0324808, 0.0009667, 0.0178683, -0.0114139, ],[0.0178683, -0.0114139, 0.0324808, 0.0009667, 0.0178683, -0.0114139, -0.0318681, -0.052826, -0.00254912, -0.275656, 0.0178683, -0.0114139, -0.00254912, -0.275656, 0.0268791, -0.14388, -0.00254912, -0.275656, 0.0268791, -0.14388, 0.0178683, -0.0114139, -0.00254912, -0.275656, -0.0318681, -0.052826, 0.0319058, -0.364619, 0.0268791, -0.14388, 0.0324808, 0.0009667, -0.0318681, -0.052826, 0.00161539, -0.00884722, -0.0318681, -0.052826, -0.00254912, -0.275656, 0.0178683, -0.0114139, -0.0318681, -0.052826, 0.0319058, -0.364619, -0.0318681, -0.052826, -0.00254912, -0.275656, 0.0268791, -0.14388, -0.00254912, -0.275656, 0.0178683, -0.0114139, 0.00161539, -0.00884722, -0.0318681, -0.052826, 0.0324808, 0.0009667, 0.0178683, -0.0114139, -0.00254912, -0.275656, -0.0318681, -0.052826, 0.0324808, 0.0009667, 0.0178683, -0.0114139, ],]
##############################################################################
clock_duration  =         733.537
tau =                     1.09009
total_steps =             32
time_step =               0.0356874
best_mc_result =          0.0212407
best_mc_result_non_secondary =          0
evolved_target_dot_squared =  0.978759
distance =          0.07028
j_protocol =  [[0, 0, 0, 0, 0, 0, 0, 0, 0, 0, 0, 0, 0, 0, 0, 0, 0, 0, 0, 0, 0, 0, 0, 0, 0, 0, 0, 0, 0, 0, 0, 0, ],[0, 0, 0, 0, 0, 0, 0, 0, 0, 0, 0, 0, 0, 0, 0, 0, 0, 0, 0, 0, 0, 0, 0, 0, 0, 0, 0, 0, 0, 0, 0, 0, ],]
k_protocol =  [[0, 0, 0, 0, 0, 0, 0, 0, 0, 0, 0, 0, 0, 0, 0, 0, 0, 0, 0, 0, 0, 0, 0, 0, 0, 0, 0, 0, 0, 0, 0, 0, ],[0, 0, 0, 0, 0, 0, 0, 0, 0, 0, 0, 0, 0, 0, 0, 0, 0, 0, 0, 0, 0, 0, 0, 0, 0, 0, 0, 0, 0, 0, 0, 0, ],]
j_protocol_secondary =  [0.0110842, 0.392356, 0.495825, 0.618743, 0.671226, 0.713463, 0.753725, 0.77279, 0.847521, 0.847521, 0.989695, 1.09009, ]
k_protocol_secondary =  [0, 0.00364861, 0.00364861, 0.0200476, 0.0200476, 0.0756304, 0.0756304, 0.0944697, 0.18721, 0.527179, 0.527179, 1.08048, ]
best_evolved_state = [0.0258751, -0.00232072, 0.0161752, 0.00424277, 0.0258751, -0.00232072, 0.0167671, -0.0629784, 0.163222, -0.218054, 0.0258751, -0.00232072, 0.163222, -0.218054, 0.100021, -0.114355, 0.163222, -0.218054, 0.100021, -0.114355, 0.0258751, -0.00232072, 0.163222, -0.218054, 0.0167671, -0.0629784, 0.244861, -0.276838, 0.100021, -0.114355, 0.0161752, 0.00424277, 0.0167671, -0.0629784, -0.00627364, -0.0140712, 0.0167671, -0.0629784, 0.163222, -0.218054, 0.0258751, -0.00232072, 0.0167671, -0.0629784, 0.244861, -0.276838, 0.0167671, -0.0629784, 0.163222, -0.218054, 0.100021, -0.114355, 0.163222, -0.218054, 0.0258751, -0.00232072, -0.00627364, -0.0140712, 0.0167671, -0.0629784, 0.0161752, 0.00424277, 0.0258751, -0.00232072, 0.163222, -0.218054, 0.0167671, -0.0629784, 0.0161752, 0.00424277, 0.0258751, -0.00232072, ]
best_mc_result_fixed_tau =   [0.0202765, 0.0199692, ]
evolved_state_fixed_tau =   [[0.028357, -0.00198362, 0.0146068, 0.00606758, 0.028357, -0.00198362, 0.0209228, -0.0605433, 0.173048, -0.210759, 0.028357, -0.00198362, 0.173048, -0.210759, 0.105248, -0.106773, 0.173048, -0.210759, 0.105248, -0.106773, 0.028357, -0.00198362, 0.173048, -0.210759, 0.0209228, -0.0605433, 0.257046, -0.266807, 0.105248, -0.106773, 0.0146068, 0.00606758, 0.0209228, -0.0605433, -0.006855, -0.0115127, 0.0209228, -0.0605433, 0.173048, -0.210759, 0.028357, -0.00198362, 0.0209228, -0.0605433, 0.257046, -0.266807, 0.0209228, -0.0605433, 0.173048, -0.210759, 0.105248, -0.106773, 0.173048, -0.210759, 0.028357, -0.00198362, -0.006855, -0.0115127, 0.0209228, -0.0605433, 0.0146068, 0.00606758, 0.028357, -0.00198362, 0.173048, -0.210759, 0.0209228, -0.0605433, 0.0146068, 0.00606758, 0.028357, -0.00198362, ],[0.0288216, 0.00929961, 0.00745596, 0.00701141, 0.0288216, 0.00929961, 0.04393, -0.0517885, 0.232428, -0.140919, 0.0288216, 0.00929961, 0.232428, -0.140919, 0.133014, -0.0684822, 0.232428, -0.140919, 0.133014, -0.0684822, 0.0288216, 0.00929961, 0.232428, -0.140919, 0.04393, -0.0517885, 0.329956, -0.168107, 0.133014, -0.0684822, 0.00745596, 0.00701141, 0.04393, -0.0517885, -0.00613838, -0.014691, 0.04393, -0.0517885, 0.232428, -0.140919, 0.0288216, 0.00929961, 0.04393, -0.0517885, 0.329956, -0.168107, 0.04393, -0.0517885, 0.232428, -0.140919, 0.133014, -0.0684822, 0.232428, -0.140919, 0.0288216, 0.00929961, -0.00613838, -0.014691, 0.04393, -0.0517885, 0.00745596, 0.00701141, 0.0288216, 0.00929961, 0.232428, -0.140919, 0.04393, -0.0517885, 0.00745596, 0.00701141, 0.0288216, 0.00929961, ],]
##############################################################################
clock_duration  =         902.517
tau =                     1.10307
total_steps =             32
time_step =               0.0356874
best_mc_result =          0.0202772
best_mc_result_non_secondary =          0
evolved_target_dot_squared =  0.979723
distance =          0.0670921
j_protocol =  [[0, 0, 0, 0, 0, 0, 0, 0, 0, 0, 0, 0, 0, 0, 0, 0, 0, 0, 0, 0, 0, 0, 0, 0, 0, 0, 0, 0, 0, 0, 0, 0, ],[0, 0, 0, 0, 0, 0, 0, 0, 0, 0, 0, 0, 0, 0, 0, 0, 0, 0, 0, 0, 0, 0, 0, 0, 0, 0, 0, 0, 0, 0, 0, 0, ],]
k_protocol =  [[0, 0, 0, 0, 0, 0, 0, 0, 0, 0, 0, 0, 0, 0, 0, 0, 0, 0, 0, 0, 0, 0, 0, 0, 0, 0, 0, 0, 0, 0, 0, 0, ],[0, 0, 0, 0, 0, 0, 0, 0, 0, 0, 0, 0, 0, 0, 0, 0, 0, 0, 0, 0, 0, 0, 0, 0, 0, 0, 0, 0, 0, 0, 0, 0, ],]
j_protocol_secondary =  [0.011189, 0.400542, 0.503614, 0.627316, 0.675018, 0.722599, 0.763404, 0.779254, 0.857387, 0.857387, 1.00136, 1.10307, ]
k_protocol_secondary =  [0, 0.00369205, 0.00369205, 0.0202863, 0.0202863, 0.0765307, 0.0765307, 0.096581, 0.196426, 0.533455, 0.533455, 1.09368, ]
best_evolved_state = [0.0260745, -0.00123032, 0.0144643, 0.00416772, 0.0260745, -0.00123032, 0.0209603, -0.0617138, 0.174066, -0.209526, 0.0260745, -0.00123032, 0.174066, -0.209526, 0.104368, -0.109241, 0.174066, -0.209526, 0.104368, -0.109241, 0.0260745, -0.00123032, 0.174066, -0.209526, 0.0209603, -0.0617138, 0.258596, -0.26506, 0.104368, -0.109241, 0.0144643, 0.00416772, 0.0209603, -0.0617138, -0.00727342, -0.0139584, 0.0209603, -0.0617138, 0.174066, -0.209526, 0.0260745, -0.00123032, 0.0209603, -0.0617138, 0.258596, -0.26506, 0.0209603, -0.0617138, 0.174066, -0.209526, 0.104368, -0.109241, 0.174066, -0.209526, 0.0260745, -0.00123032, -0.00727342, -0.0139584, 0.0209603, -0.0617138, 0.0144643, 0.00416772, 0.0260745, -0.00123032, 0.174066, -0.209526, 0.0209603, -0.0617138, 0.0144643, 0.00416772, 0.0260745, -0.00123032, ]
best_mc_result_fixed_tau =   [0.0202765, 0.0199692, ]
evolved_state_fixed_tau =   [[0.028357, -0.00198362, 0.0146068, 0.00606758, 0.028357, -0.00198362, 0.0209228, -0.0605433, 0.173048, -0.210759, 0.028357, -0.00198362, 0.173048, -0.210759, 0.105248, -0.106773, 0.173048, -0.210759, 0.105248, -0.106773, 0.028357, -0.00198362, 0.173048, -0.210759, 0.0209228, -0.0605433, 0.257046, -0.266807, 0.105248, -0.106773, 0.0146068, 0.00606758, 0.0209228, -0.0605433, -0.006855, -0.0115127, 0.0209228, -0.0605433, 0.173048, -0.210759, 0.028357, -0.00198362, 0.0209228, -0.0605433, 0.257046, -0.266807, 0.0209228, -0.0605433, 0.173048, -0.210759, 0.105248, -0.106773, 0.173048, -0.210759, 0.028357, -0.00198362, -0.006855, -0.0115127, 0.0209228, -0.0605433, 0.0146068, 0.00606758, 0.028357, -0.00198362, 0.173048, -0.210759, 0.0209228, -0.0605433, 0.0146068, 0.00606758, 0.028357, -0.00198362, ],[0.0288216, 0.00929961, 0.00745596, 0.00701141, 0.0288216, 0.00929961, 0.04393, -0.0517885, 0.232428, -0.140919, 0.0288216, 0.00929961, 0.232428, -0.140919, 0.133014, -0.0684822, 0.232428, -0.140919, 0.133014, -0.0684822, 0.0288216, 0.00929961, 0.232428, -0.140919, 0.04393, -0.0517885, 0.329956, -0.168107, 0.133014, -0.0684822, 0.00745596, 0.00701141, 0.04393, -0.0517885, -0.00613838, -0.014691, 0.04393, -0.0517885, 0.232428, -0.140919, 0.0288216, 0.00929961, 0.04393, -0.0517885, 0.329956, -0.168107, 0.04393, -0.0517885, 0.232428, -0.140919, 0.133014, -0.0684822, 0.232428, -0.140919, 0.0288216, 0.00929961, -0.00613838, -0.014691, 0.04393, -0.0517885, 0.00745596, 0.00701141, 0.0288216, 0.00929961, 0.232428, -0.140919, 0.04393, -0.0517885, 0.00745596, 0.00701141, 0.0288216, 0.00929961, ],]
##############################################################################
clock_duration  =         1078.24
tau =                     1.10631
total_steps =             32
time_step =               0.0356874
best_mc_result =          0.0200329
best_mc_result_non_secondary =          0
evolved_target_dot_squared =  0.979967
distance =          0.0662838
j_protocol =  [[0, 0, 0, 0, 0, 0, 0, 0, 0, 0, 0, 0, 0, 0, 0, 0, 0, 0, 0, 0, 0, 0, 0, 0, 0, 0, 0, 0, 0, 0, 0, 0, ],[0, 0, 0, 0, 0, 0, 0, 0, 0, 0, 0, 0, 0, 0, 0, 0, 0, 0, 0, 0, 0, 0, 0, 0, 0, 0, 0, 0, 0, 0, 0, 0, ],]
k_protocol =  [[0, 0, 0, 0, 0, 0, 0, 0, 0, 0, 0, 0, 0, 0, 0, 0, 0, 0, 0, 0, 0, 0, 0, 0, 0, 0, 0, 0, 0, 0, 0, 0, ],[0, 0, 0, 0, 0, 0, 0, 0, 0, 0, 0, 0, 0, 0, 0, 0, 0, 0, 0, 0, 0, 0, 0, 0, 0, 0, 0, 0, 0, 0, 0, 0, ],]
j_protocol_secondary =  [0.0112759, 0.403623, 0.506151, 0.628976, 0.675768, 0.725482, 0.765662, 0.780605, 0.859909, 0.859909, 1.00434, 1.10631, ]
k_protocol_secondary =  [0, 0.0037029, 0.0037029, 0.0203459, 0.0203459, 0.0767558, 0.0767558, 0.0964818, 0.198238, 0.535024, 0.535024, 1.09703, ]
best_evolved_state = [0.026105, -0.000981265, 0.0140154, 0.00422611, 0.026105, -0.000981265, 0.0222255, -0.0613509, 0.177257, -0.206821, 0.026105, -0.000981265, 0.177257, -0.206821, 0.105779, -0.107643, 0.177257, -0.206821, 0.105779, -0.107643, 0.026105, -0.000981265, 0.177257, -0.206821, 0.0222255, -0.0613509, 0.262585, -0.261298, 0.105779, -0.107643, 0.0140154, 0.00422611, 0.0222255, -0.0613509, -0.00747987, -0.0138924, 0.0222255, -0.0613509, 0.177257, -0.206821, 0.026105, -0.000981265, 0.0222255, -0.0613509, 0.262585, -0.261298, 0.0222255, -0.0613509, 0.177257, -0.206821, 0.105779, -0.107643, 0.177257, -0.206821, 0.026105, -0.000981265, -0.00747987, -0.0138924, 0.0222255, -0.0613509, 0.0140154, 0.00422611, 0.026105, -0.000981265, 0.177257, -0.206821, 0.0222255, -0.0613509, 0.0140154, 0.00422611, 0.026105, -0.000981265, ]
best_mc_result_fixed_tau =   [0.0202765, 0.0199692, ]
evolved_state_fixed_tau =   [[0.028357, -0.00198362, 0.0146068, 0.00606758, 0.028357, -0.00198362, 0.0209228, -0.0605433, 0.173048, -0.210759, 0.028357, -0.00198362, 0.173048, -0.210759, 0.105248, -0.106773, 0.173048, -0.210759, 0.105248, -0.106773, 0.028357, -0.00198362, 0.173048, -0.210759, 0.0209228, -0.0605433, 0.257046, -0.266807, 0.105248, -0.106773, 0.0146068, 0.00606758, 0.0209228, -0.0605433, -0.006855, -0.0115127, 0.0209228, -0.0605433, 0.173048, -0.210759, 0.028357, -0.00198362, 0.0209228, -0.0605433, 0.257046, -0.266807, 0.0209228, -0.0605433, 0.173048, -0.210759, 0.105248, -0.106773, 0.173048, -0.210759, 0.028357, -0.00198362, -0.006855, -0.0115127, 0.0209228, -0.0605433, 0.0146068, 0.00606758, 0.028357, -0.00198362, 0.173048, -0.210759, 0.0209228, -0.0605433, 0.0146068, 0.00606758, 0.028357, -0.00198362, ],[0.0288216, 0.00929961, 0.00745596, 0.00701141, 0.0288216, 0.00929961, 0.04393, -0.0517885, 0.232428, -0.140919, 0.0288216, 0.00929961, 0.232428, -0.140919, 0.133014, -0.0684822, 0.232428, -0.140919, 0.133014, -0.0684822, 0.0288216, 0.00929961, 0.232428, -0.140919, 0.04393, -0.0517885, 0.329956, -0.168107, 0.133014, -0.0684822, 0.00745596, 0.00701141, 0.04393, -0.0517885, -0.00613838, -0.014691, 0.04393, -0.0517885, 0.232428, -0.140919, 0.0288216, 0.00929961, 0.04393, -0.0517885, 0.329956, -0.168107, 0.04393, -0.0517885, 0.232428, -0.140919, 0.133014, -0.0684822, 0.232428, -0.140919, 0.0288216, 0.00929961, -0.00613838, -0.014691, 0.04393, -0.0517885, 0.00745596, 0.00701141, 0.0288216, 0.00929961, 0.232428, -0.140919, 0.04393, -0.0517885, 0.00745596, 0.00701141, 0.0288216, 0.00929961, ],]
