START_PARAMETERS
MAX_STEPS_MCDB =               32
MIN_STEPS_MCDB =               4
STEPS_CRUNCH_MCDB =            1
SWEEPS_MCDB =                  100
TOTAL_STEP_CHANGES =                  6
MCBB_SECONDARY =                  1
SWEEPS_MCBB_SECONDARY =                  250
NUMBER_OF_BANGS =                  7
GROUND_E =                -6.00583
INITIAL_E =               -2.11641
j_initial =               0.878
k_initial =               0.062
b_initial =               0
j_target =                0.041
k_target =                0.5
b_target =                0
init_target_dot_squared = 0.0641531
init_state = [-0.0285721, 0, -0.0352356, 0, -0.0671753, 0, -0.069544, 0, -0.033759, 0, -0.0285721, 0, -0.0607124, 0, -0.0591809, 0, -0.0607124, 0, -0.033759, 0, -0.069544, 0, -0.0671753, 0, -0.081184, 0, -0.10906, 0, -0.081184, 0, -0.0549945, 0, -0.109105, 0, -0.0897306, 0, -0.0638088, 0, -0.069544, 0, -0.128219, 0, -0.0867467, 0, -0.139382, 0, -0.132355, 0, -0.0867467, 0, -0.0285721, 0, -0.0549945, 0, -0.0752852, 0, -0.0754364, 0, -0.138109, 0, -0.0846299, 0, -0.0352356, 0, -0.0671753, 0, -0.0867467, 0, -0.081184, 0, -0.0754364, 0, -0.138109, 0, -0.109105, 0, -0.0607124, 0, -0.081184, 0, -0.139382, 0, -0.081184, 0, -0.132355, 0, -0.10906, 0, -0.0671753, 0, -0.0607124, 0, -0.109105, 0, -0.138109, 0, -0.138109, 0, -0.233962, 0, -0.138109, 0, -0.0671753, 0, -0.10906, 0, -0.132355, 0, -0.10906, 0, -0.0591809, 0, -0.0897306, 0, -0.0846299, 0, -0.109105, 0, -0.138109, 0, -0.0752852, 0, -0.069544, 0, -0.081184, 0, -0.0867467, 0, -0.0671753, 0, -0.0285721, 0, -0.0607124, 0, -0.0638088, 0, -0.0607124, 0, -0.033759, 0, -0.0549945, 0, -0.0752852, 0, -0.0549945, 0, -0.0285721, 0, -0.0867467, 0, -0.128219, 0, -0.069544, 0, -0.0867467, 0, -0.0671753, 0, -0.0352356, 0, -0.0638088, 0, -0.0897306, 0, -0.109105, 0, -0.0846299, 0, -0.138109, 0, -0.0754364, 0, -0.0867467, 0, -0.132355, 0, -0.139382, 0, -0.081184, 0, -0.0897306, 0, -0.100371, 0, -0.0897306, 0, -0.0897306, 0, -0.109105, 0, -0.0549945, 0, -0.128219, 0, -0.139382, 0, -0.128219, 0, -0.069544, 0, -0.0549945, 0, -0.109105, 0, -0.0897306, 0, -0.0591809, 0, -0.069544, 0, -0.0846299, 0, -0.0897306, 0, -0.0591809, 0, -0.0638088, 0, -0.0607124, 0, -0.0285721, 0, -0.0867467, 0, -0.081184, 0, -0.069544, 0, -0.033759, 0, -0.0752852, 0, -0.138109, 0, -0.109105, 0, -0.0607124, 0, -0.0671753, 0, -0.0549945, 0, -0.0754364, 0, -0.0549945, 0, -0.0285721, 0, -0.0352356, 0, -0.0285721, 0, ]
target_state = [-8.28804e-08, 0, -2.84096e-06, 0, -0.000149304, 0, -4.76073e-06, 0, -9.73738e-08, 0, -8.28804e-08, 0, -4.74607e-06, 0, -2.13641e-07, 0, -4.74607e-06, 0, -9.73738e-08, 0, -4.76073e-06, 0, -0.000149304, 0, -0.000149466, 0, -0.00819547, 0, -0.000149466, 0, -3.83581e-06, 0, -0.000280026, 0, -6.14065e-06, 0, -2.74147e-07, 0, -4.76073e-06, 0, -2.06325e-06, 0, -9.19229e-06, 0, -2.65404e-05, 0, -0.000447986, 0, -9.19229e-06, 0, -8.28804e-08, 0, -3.83581e-06, 0, -0.000186596, 0, -0.000186671, 0, -0.0136536, 0, -0.000186628, 0, -2.84096e-06, 0, -0.000149304, 0, -9.19229e-06, 0, -0.000149466, 0, -0.000186671, 0, -0.0136536, 0, -0.000280026, 0, -4.74607e-06, 0, -0.000149466, 0, -2.65404e-05, 0, -0.000149466, 0, -0.000447986, 0, -0.00819547, 0, -0.000149304, 0, -4.74607e-06, 0, -0.000280026, 0, -0.0136536, 0, -0.0136536, 0, -0.999118, 0, -0.0136536, 0, -0.000149304, 0, -0.00819547, 0, -0.000447986, 0, -0.00819547, 0, -2.13641e-07, 0, -6.14065e-06, 0, -0.000186628, 0, -0.000280026, 0, -0.0136536, 0, -0.000186596, 0, -4.76073e-06, 0, -0.000149466, 0, -9.19229e-06, 0, -0.000149304, 0, -8.28804e-08, 0, -4.74607e-06, 0, -2.74147e-07, 0, -4.74607e-06, 0, -9.73738e-08, 0, -3.83581e-06, 0, -0.000186596, 0, -3.83581e-06, 0, -8.28804e-08, 0, -9.19229e-06, 0, -2.06325e-06, 0, -4.76073e-06, 0, -9.19229e-06, 0, -0.000149304, 0, -2.84096e-06, 0, -2.74147e-07, 0, -6.14065e-06, 0, -0.000280026, 0, -0.000186628, 0, -0.0136536, 0, -0.000186671, 0, -9.19229e-06, 0, -0.000447986, 0, -2.65404e-05, 0, -0.000149466, 0, -6.14065e-06, 0, -5.02801e-07, 0, -6.14065e-06, 0, -6.14065e-06, 0, -0.000280026, 0, -3.83581e-06, 0, -2.06325e-06, 0, -2.65404e-05, 0, -2.06325e-06, 0, -4.76073e-06, 0, -3.83581e-06, 0, -0.000280026, 0, -6.14065e-06, 0, -2.13641e-07, 0, -4.76073e-06, 0, -0.000186628, 0, -6.14065e-06, 0, -2.13641e-07, 0, -2.74147e-07, 0, -4.74607e-06, 0, -8.28804e-08, 0, -9.19229e-06, 0, -0.000149466, 0, -4.76073e-06, 0, -9.73738e-08, 0, -0.000186596, 0, -0.0136536, 0, -0.000280026, 0, -4.74607e-06, 0, -0.000149304, 0, -3.83581e-06, 0, -0.000186671, 0, -3.83581e-06, 0, -8.28804e-08, 0, -2.84096e-06, 0, -8.28804e-08, 0, ]
USE_ENERGY_DISTANCE =     false
PERIODIC =                false
UNIFORM_SITES =           true
DEVICE_DIMENSION =        2
MAX_PARAM =               1
MIN_PARAM =               0
MIN_PARAM =               0
DIAG =                    true
NUM_SEEDS =               2
NUMBER_OF_BANGS =               7
DISTANCE_LIMIT =          0.02
TAU_SCALAR =              1.2
TAU_SCALAR_TINY =         1.1
TAU_SCALAR_BIG =          1.4
ACCEPTANCE_PROB =         0.85
TEMP_EXP_DECAY =          0.8
MIN_TEMP_FRACTION =       0.01
TEMP_DECAY_ITERATIONS =   21
ZERO_TEMP_ITREATIONS =    15
RANDOM_STATES =           3
END_PARAMETERS
##############################################################################
clock_duration  =         804.527
tau =                     1
total_steps =             32
time_step =               0.03125
best_mc_result =          0.393043
best_mc_result_non_secondary =          0.395807
evolved_target_dot_squared =  0.606957
distance =          1
j_protocol =  [[1, 1, 1, 1, 1, 1, 1, 1, 1, 1, 1, 1, 1, 1, 1, 1, 1, 1, 1, 1, 1, 1, 1, 1, 1, 1, 0, 1, 1, 1, 1, 1, ],[1, 1, 1, 1, 1, 1, 1, 1, 1, 1, 1, 1, 1, 1, 1, 1, 1, 1, 1, 1, 1, 1, 1, 1, 1, 1, 0, 1, 1, 1, 1, 1, ],]
k_protocol =  [[1, 1, 1, 1, 0, 0, 0, 0, 1, 0, 1, 1, 0, 1, 1, 1, 0, 1, 1, 1, 1, 1, 1, 1, 1, 1, 1, 1, 1, 1, 1, 1, ],[1, 1, 1, 1, 0, 0, 0, 1, 0, 0, 1, 1, 0, 1, 1, 1, 0, 1, 1, 1, 1, 1, 1, 1, 1, 1, 1, 1, 1, 1, 1, 1, ],]
j_protocol_secondary =  [0.00516281, 0.00942566, 0.00942566, 0.222068, 0.222068, 0.376376, 0.376376, 0.814188, 0.821253, 0.823022, 0.857005, 0.880569, 0.880569, 1, ]
k_protocol_secondary =  [0, 0.145792, 0.266835, 0.266835, 0.31351, 0.382687, 0.382687, 0.398803, 0.398803, 0.494047, 0.536133, 0.84681, 0.84681, 0.992965, ]
best_evolved_state = [0.000909784, 0.00601021, -0.00688591, -0.0041101, 0.00934584, -0.00325519, 0.0255176, 0.0213847, 0.000858244, -0.00233423, 0.000909784, 0.00601021, 0.0222117, 0.0121118, 0.00453435, 0.0152922, 0.0222117, 0.0121118, 0.000858244, -0.00233423, 0.0255176, 0.0213847, 0.00934584, -0.00325519, 0.00941151, 0.0243226, -0.0441068, 0.038392, 0.00941151, 0.0243226, 0.00907967, 0.00876317, 0.0191202, 0.0183392, 0.0212154, 0.0125599, 0.0192983, 0.01617, 0.0255176, 0.0213847, 0.195114, 0.0968554, 0.0326131, 0.0217833, 0.135656, 0.0565563, 0.0633966, 0.0458687, 0.0326131, 0.0217833, 0.000909784, 0.00601021, 0.00907967, 0.00876317, -0.00167896, 0.0190212, -0.00414389, 0.0200209, -0.0188925, 0.0568214, 0.00503716, 0.0316099, -0.00688591, -0.0041101, 0.00934584, -0.00325519, 0.0326131, 0.0217833, 0.00941151, 0.0243226, -0.00414389, 0.0200209, -0.0188925, 0.0568214, 0.0191202, 0.0183392, 0.0222117, 0.0121118, 0.00941151, 0.0243226, 0.135656, 0.0565563, 0.00941151, 0.0243226, 0.0633966, 0.0458687, -0.0441068, 0.038392, 0.00934584, -0.00325519, 0.0222117, 0.0121118, 0.0191202, 0.0183392, -0.0188925, 0.0568214, -0.0188925, 0.0568214, -0.625061, 0.454026, -0.0188925, 0.0568214, 0.00934584, -0.00325519, -0.0441068, 0.038392, 0.0633966, 0.0458687, -0.0441068, 0.038392, 0.00453435, 0.0152922, 0.0212154, 0.0125599, 0.00503716, 0.0316099, 0.0191202, 0.0183392, -0.0188925, 0.0568214, -0.00167896, 0.0190212, 0.0255176, 0.0213847, 0.00941151, 0.0243226, 0.0326131, 0.0217833, 0.00934584, -0.00325519, 0.000909784, 0.00601021, 0.0222117, 0.0121118, 0.0192983, 0.01617, 0.0222117, 0.0121118, 0.000858244, -0.00233423, 0.00907967, 0.00876317, -0.00167896, 0.0190212, 0.00907967, 0.00876317, 0.000909784, 0.00601021, 0.0326131, 0.0217833, 0.195114, 0.0968554, 0.0255176, 0.0213847, 0.0326131, 0.0217833, 0.00934584, -0.00325519, -0.00688591, -0.0041101, 0.0192983, 0.01617, 0.0212154, 0.0125599, 0.0191202, 0.0183392, 0.00503716, 0.0316099, -0.0188925, 0.0568214, -0.00414389, 0.0200209, 0.0326131, 0.0217833, 0.0633966, 0.0458687, 0.135656, 0.0565563, 0.00941151, 0.0243226, 0.0212154, 0.0125599, 0.0218675, -0.0631708, 0.0212154, 0.0125599, 0.0212154, 0.0125599, 0.0191202, 0.0183392, 0.00907967, 0.00876317, 0.195114, 0.0968554, 0.135656, 0.0565563, 0.195114, 0.0968554, 0.0255176, 0.0213847, 0.00907967, 0.00876317, 0.0191202, 0.0183392, 0.0212154, 0.0125599, 0.00453435, 0.0152922, 0.0255176, 0.0213847, 0.00503716, 0.0316099, 0.0212154, 0.0125599, 0.00453435, 0.0152922, 0.0192983, 0.01617, 0.0222117, 0.0121118, 0.000909784, 0.00601021, 0.0326131, 0.0217833, 0.00941151, 0.0243226, 0.0255176, 0.0213847, 0.000858244, -0.00233423, -0.00167896, 0.0190212, -0.0188925, 0.0568214, 0.0191202, 0.0183392, 0.0222117, 0.0121118, 0.00934584, -0.00325519, 0.00907967, 0.00876317, -0.00414389, 0.0200209, 0.00907967, 0.00876317, 0.000909784, 0.00601021, -0.00688591, -0.0041101, 0.000909784, 0.00601021, ]
best_mc_result_fixed_tau =   [0.395807, 0.395838, ]
evolved_state_fixed_tau =   [[0.000709717, 0.00642892, -0.00644, -0.00453357, 0.00800018, -0.00225509, 0.0232369, 0.0243286, 0.00195786, -0.000769909, 0.000709717, 0.00642892, 0.0193692, 0.0132517, 0.00332874, 0.0155188, 0.0193692, 0.0132517, 0.00195786, -0.000769909, 0.0232369, 0.0243286, 0.00800018, -0.00225509, 0.00741314, 0.0250624, -0.0546483, 0.0379432, 0.00741314, 0.0250624, 0.0106724, 0.0115504, 0.0181474, 0.0201663, 0.0210687, 0.0148546, 0.0169159, 0.017148, 0.0232369, 0.0243286, 0.180843, 0.118304, 0.0304838, 0.0255448, 0.130283, 0.0731208, 0.0582204, 0.0492496, 0.0304838, 0.0255448, 0.000709717, 0.00642892, 0.0106724, 0.0115504, -0.00373726, 0.0189957, -0.00424688, 0.0207709, -0.0278674, 0.0535034, 0.00247573, 0.0307081, -0.00644, -0.00453357, 0.00800018, -0.00225509, 0.0304838, 0.0255448, 0.00741314, 0.0250624, -0.00424688, 0.0207709, -0.0278674, 0.0535034, 0.0181474, 0.0201663, 0.0193692, 0.0132517, 0.00741314, 0.0250624, 0.130283, 0.0731208, 0.00741314, 0.0250624, 0.0582204, 0.0492496, -0.0546483, 0.0379432, 0.00800018, -0.00225509, 0.0193692, 0.0132517, 0.0181474, 0.0201663, -0.0278674, 0.0535034, -0.0278674, 0.0535034, -0.667631, 0.384195, -0.0278674, 0.0535034, 0.00800018, -0.00225509, -0.0546483, 0.0379432, 0.0582204, 0.0492496, -0.0546483, 0.0379432, 0.00332874, 0.0155188, 0.0210687, 0.0148546, 0.00247573, 0.0307081, 0.0181474, 0.0201663, -0.0278674, 0.0535034, -0.00373726, 0.0189957, 0.0232369, 0.0243286, 0.00741314, 0.0250624, 0.0304838, 0.0255448, 0.00800018, -0.00225509, 0.000709717, 0.00642892, 0.0193692, 0.0132517, 0.0169159, 0.017148, 0.0193692, 0.0132517, 0.00195786, -0.000769909, 0.0106724, 0.0115504, -0.00373726, 0.0189957, 0.0106724, 0.0115504, 0.000709717, 0.00642892, 0.0304838, 0.0255448, 0.180843, 0.118304, 0.0232369, 0.0243286, 0.0304838, 0.0255448, 0.00800018, -0.00225509, -0.00644, -0.00453357, 0.0169159, 0.017148, 0.0210687, 0.0148546, 0.0181474, 0.0201663, 0.00247573, 0.0307081, -0.0278674, 0.0535034, -0.00424688, 0.0207709, 0.0304838, 0.0255448, 0.0582204, 0.0492496, 0.130283, 0.0731208, 0.00741314, 0.0250624, 0.0210687, 0.0148546, 0.0269532, -0.0586388, 0.0210687, 0.0148546, 0.0210687, 0.0148546, 0.0181474, 0.0201663, 0.0106724, 0.0115504, 0.180843, 0.118304, 0.130283, 0.0731208, 0.180843, 0.118304, 0.0232369, 0.0243286, 0.0106724, 0.0115504, 0.0181474, 0.0201663, 0.0210687, 0.0148546, 0.00332874, 0.0155188, 0.0232369, 0.0243286, 0.00247573, 0.0307081, 0.0210687, 0.0148546, 0.00332874, 0.0155188, 0.0169159, 0.017148, 0.0193692, 0.0132517, 0.000709717, 0.00642892, 0.0304838, 0.0255448, 0.00741314, 0.0250624, 0.0232369, 0.0243286, 0.00195786, -0.000769909, -0.00373726, 0.0189957, -0.0278674, 0.0535034, 0.0181474, 0.0201663, 0.0193692, 0.0132517, 0.00800018, -0.00225509, 0.0106724, 0.0115504, -0.00424688, 0.0207709, 0.0106724, 0.0115504, 0.000709717, 0.00642892, -0.00644, -0.00453357, 0.000709717, 0.00642892, ],[0.00071529, 0.00666165, -0.00705464, -0.00560287, 0.00940288, -0.00376906, 0.0235982, 0.0240696, 0.00291139, -0.00158851, 0.00071529, 0.00666165, 0.021443, 0.0133878, 0.00301738, 0.0157071, 0.021443, 0.0133878, 0.00291139, -0.00158851, 0.0235982, 0.0240696, 0.00940288, -0.00376906, 0.00684449, 0.0250088, -0.0561965, 0.0372253, 0.00684449, 0.0250088, 0.0106427, 0.0119207, 0.0176356, 0.0211491, 0.0207605, 0.0154995, 0.0175261, 0.0181017, 0.0235982, 0.0240696, 0.179801, 0.11479, 0.0317015, 0.0249474, 0.128088, 0.0731726, 0.0614586, 0.0504392, 0.0317015, 0.0249474, 0.00071529, 0.00666165, 0.0106427, 0.0119207, -0.00527917, 0.0201094, -0.00737, 0.0222455, -0.0257397, 0.0558865, 0.00175736, 0.0327582, -0.00705464, -0.00560287, 0.00940288, -0.00376906, 0.0317015, 0.0249474, 0.00684449, 0.0250088, -0.00737, 0.0222455, -0.0257397, 0.0558865, 0.0176356, 0.0211491, 0.021443, 0.0133878, 0.00684449, 0.0250088, 0.128088, 0.0731726, 0.00684449, 0.0250088, 0.0614586, 0.0504392, -0.0561965, 0.0372253, 0.00940288, -0.00376906, 0.021443, 0.0133878, 0.0176356, 0.0211491, -0.0257397, 0.0558865, -0.0257397, 0.0558865, -0.665654, 0.387601, -0.0257397, 0.0558865, 0.00940288, -0.00376906, -0.0561965, 0.0372253, 0.0614586, 0.0504392, -0.0561965, 0.0372253, 0.00301738, 0.0157071, 0.0207605, 0.0154995, 0.00175736, 0.0327582, 0.0176356, 0.0211491, -0.0257397, 0.0558865, -0.00527917, 0.0201094, 0.0235982, 0.0240696, 0.00684449, 0.0250088, 0.0317015, 0.0249474, 0.00940288, -0.00376906, 0.00071529, 0.00666165, 0.021443, 0.0133878, 0.0175261, 0.0181017, 0.021443, 0.0133878, 0.00291139, -0.00158851, 0.0106427, 0.0119207, -0.00527917, 0.0201094, 0.0106427, 0.0119207, 0.00071529, 0.00666165, 0.0317015, 0.0249474, 0.179801, 0.11479, 0.0235982, 0.0240696, 0.0317015, 0.0249474, 0.00940288, -0.00376906, -0.00705464, -0.00560287, 0.0175261, 0.0181017, 0.0207605, 0.0154995, 0.0176356, 0.0211491, 0.00175736, 0.0327582, -0.0257397, 0.0558865, -0.00737, 0.0222455, 0.0317015, 0.0249474, 0.0614586, 0.0504392, 0.128088, 0.0731726, 0.00684449, 0.0250088, 0.0207605, 0.0154995, 0.0279656, -0.0604814, 0.0207605, 0.0154995, 0.0207605, 0.0154995, 0.0176356, 0.0211491, 0.0106427, 0.0119207, 0.179801, 0.11479, 0.128088, 0.0731726, 0.179801, 0.11479, 0.0235982, 0.0240696, 0.0106427, 0.0119207, 0.0176356, 0.0211491, 0.0207605, 0.0154995, 0.00301738, 0.0157071, 0.0235982, 0.0240696, 0.00175736, 0.0327582, 0.0207605, 0.0154995, 0.00301738, 0.0157071, 0.0175261, 0.0181017, 0.021443, 0.0133878, 0.00071529, 0.00666165, 0.0317015, 0.0249474, 0.00684449, 0.0250088, 0.0235982, 0.0240696, 0.00291139, -0.00158851, -0.00527917, 0.0201094, -0.0257397, 0.0558865, 0.0176356, 0.0211491, 0.021443, 0.0133878, 0.00940288, -0.00376906, 0.0106427, 0.0119207, -0.00737, 0.0222455, 0.0106427, 0.0119207, 0.00071529, 0.00666165, -0.00705464, -0.00560287, 0.00071529, 0.00666165, ],]
