START_PARAMETERS
MAX_STEPS_MCDB =               32
MIN_STEPS_MCDB =               4
STEPS_CRUNCH_MCDB =            1
SWEEPS_MCDB =                  100
TOTAL_STEP_CHANGES =                  6
MCBB_SECONDARY =                  1
SWEEPS_MCBB_SECONDARY =                  250
NUMBER_OF_BANGS =                  7
GROUND_E =                -5.05799
INITIAL_E =               -3.23967
j_initial =               0.065
k_initial =               0.5
b_initial =               0
j_target =                0.548
k_target =                0.25
b_target =                0
init_target_dot_squared = 0.270538
init_state = [-5.2369e-07, 0, -1.12998e-05, 0, -0.000374812, 0, -1.90465e-05, 0, -6.15513e-07, 0, -5.2369e-07, 0, -1.89006e-05, 0, -1.3509e-06, 0, -1.89006e-05, 0, -6.15513e-07, 0, -1.90465e-05, 0, -0.000374812, 0, -0.000375833, 0, -0.0129819, 0, -0.000375833, 0, -1.53253e-05, 0, -0.000703284, 0, -2.45542e-05, 0, -1.73126e-06, 0, -1.90465e-05, 0, -1.29882e-05, 0, -3.66445e-05, 0, -0.000105711, 0, -0.0011249, 0, -3.66445e-05, 0, -5.2369e-07, 0, -1.53253e-05, 0, -0.000468301, 0, -0.000468774, 0, -0.0216147, 0, -0.000468501, 0, -1.12998e-05, 0, -0.000374812, 0, -3.66445e-05, 0, -0.000375833, 0, -0.000468774, 0, -0.0216147, 0, -0.000703284, 0, -1.89006e-05, 0, -0.000375833, 0, -0.000105711, 0, -0.000375833, 0, -0.0011249, 0, -0.0129819, 0, -0.000374812, 0, -1.89006e-05, 0, -0.000703284, 0, -0.0216147, 0, -0.0216147, 0, -0.997785, 0, -0.0216147, 0, -0.000374812, 0, -0.0129819, 0, -0.0011249, 0, -0.0129819, 0, -1.3509e-06, 0, -2.45542e-05, 0, -0.000468501, 0, -0.000703284, 0, -0.0216147, 0, -0.000468301, 0, -1.90465e-05, 0, -0.000375833, 0, -3.66445e-05, 0, -0.000374812, 0, -5.2369e-07, 0, -1.89006e-05, 0, -1.73126e-06, 0, -1.89006e-05, 0, -6.15513e-07, 0, -1.53253e-05, 0, -0.000468301, 0, -1.53253e-05, 0, -5.2369e-07, 0, -3.66445e-05, 0, -1.29882e-05, 0, -1.90465e-05, 0, -3.66445e-05, 0, -0.000374812, 0, -1.12998e-05, 0, -1.73126e-06, 0, -2.45542e-05, 0, -0.000703284, 0, -0.000468501, 0, -0.0216147, 0, -0.000468774, 0, -3.66445e-05, 0, -0.0011249, 0, -0.000105711, 0, -0.000375833, 0, -2.45542e-05, 0, -3.1804e-06, 0, -2.45542e-05, 0, -2.45542e-05, 0, -0.000703284, 0, -1.53253e-05, 0, -1.29882e-05, 0, -0.000105711, 0, -1.29882e-05, 0, -1.90465e-05, 0, -1.53253e-05, 0, -0.000703284, 0, -2.45542e-05, 0, -1.3509e-06, 0, -1.90465e-05, 0, -0.000468501, 0, -2.45542e-05, 0, -1.3509e-06, 0, -1.73126e-06, 0, -1.89006e-05, 0, -5.2369e-07, 0, -3.66445e-05, 0, -0.000375833, 0, -1.90465e-05, 0, -6.15513e-07, 0, -0.000468301, 0, -0.0216147, 0, -0.000703284, 0, -1.89006e-05, 0, -0.000374812, 0, -1.53253e-05, 0, -0.000468774, 0, -1.53253e-05, 0, -5.2369e-07, 0, -1.12998e-05, 0, -5.2369e-07, 0, ]
target_state = [-0.0121862, 0, -0.0179602, 0, -0.048512, 0, -0.0464323, 0, -0.0149019, 0, -0.0121862, 0, -0.0359363, 0, -0.0311325, 0, -0.0359363, 0, -0.0149019, 0, -0.0464323, 0, -0.048512, 0, -0.0612613, 0, -0.115959, 0, -0.0612613, 0, -0.0343869, 0, -0.0963476, 0, -0.0613067, 0, -0.0345586, 0, -0.0464323, 0, -0.121859, 0, -0.0622434, 0, -0.135635, 0, -0.130469, 0, -0.0622434, 0, -0.0121862, 0, -0.0343869, 0, -0.0576084, 0, -0.0607621, 0, -0.16923, 0, -0.0634415, 0, -0.0179602, 0, -0.048512, 0, -0.0622434, 0, -0.0612613, 0, -0.0607621, 0, -0.16923, 0, -0.0963476, 0, -0.0359363, 0, -0.0612613, 0, -0.135635, 0, -0.0612613, 0, -0.130469, 0, -0.115959, 0, -0.048512, 0, -0.0359363, 0, -0.0963476, 0, -0.16923, 0, -0.16923, 0, -0.484009, 0, -0.16923, 0, -0.048512, 0, -0.115959, 0, -0.130469, 0, -0.115959, 0, -0.0311325, 0, -0.0613067, 0, -0.0634415, 0, -0.0963476, 0, -0.16923, 0, -0.0576084, 0, -0.0464323, 0, -0.0612613, 0, -0.0622434, 0, -0.048512, 0, -0.0121862, 0, -0.0359363, 0, -0.0345586, 0, -0.0359363, 0, -0.0149019, 0, -0.0343869, 0, -0.0576084, 0, -0.0343869, 0, -0.0121862, 0, -0.0622434, 0, -0.121859, 0, -0.0464323, 0, -0.0622434, 0, -0.048512, 0, -0.0179602, 0, -0.0345586, 0, -0.0613067, 0, -0.0963476, 0, -0.0634415, 0, -0.16923, 0, -0.0607621, 0, -0.0622434, 0, -0.130469, 0, -0.135635, 0, -0.0612613, 0, -0.0613067, 0, -0.0662319, 0, -0.0613067, 0, -0.0613067, 0, -0.0963476, 0, -0.0343869, 0, -0.121859, 0, -0.135635, 0, -0.121859, 0, -0.0464323, 0, -0.0343869, 0, -0.0963476, 0, -0.0613067, 0, -0.0311325, 0, -0.0464323, 0, -0.0634415, 0, -0.0613067, 0, -0.0311325, 0, -0.0345586, 0, -0.0359363, 0, -0.0121862, 0, -0.0622434, 0, -0.0612613, 0, -0.0464323, 0, -0.0149019, 0, -0.0576084, 0, -0.16923, 0, -0.0963476, 0, -0.0359363, 0, -0.048512, 0, -0.0343869, 0, -0.0607621, 0, -0.0343869, 0, -0.0121862, 0, -0.0179602, 0, -0.0121862, 0, ]
USE_ENERGY_DISTANCE =     false
PERIODIC =                false
UNIFORM_SITES =           true
DEVICE_DIMENSION =        2
MAX_PARAM =               1
MIN_PARAM =               0
MIN_PARAM =               0
DIAG =                    true
NUM_SEEDS =               2
NUMBER_OF_BANGS =               7
DISTANCE_LIMIT =          0.02
TAU_SCALAR =              1.2
TAU_SCALAR_TINY =         1.1
TAU_SCALAR_BIG =          1.4
ACCEPTANCE_PROB =         0.85
TEMP_EXP_DECAY =          0.8
MIN_TEMP_FRACTION =       0.01
TEMP_DECAY_ITERATIONS =   21
ZERO_TEMP_ITREATIONS =    15
RANDOM_STATES =           3
END_PARAMETERS
##############################################################################
clock_duration  =         842.756
tau =                     1
total_steps =             32
time_step =               0.03125
best_mc_result =          0.206127
best_mc_result_non_secondary =          0.210085
evolved_target_dot_squared =  0.793873
distance =          1
j_protocol =  [[1, 1, 0, 1, 1, 1, 0, 0, 1, 1, 1, 1, 1, 1, 1, 1, 1, 1, 1, 1, 1, 1, 1, 1, 1, 1, 1, 1, 1, 1, 1, 0, ],[1, 1, 1, 0, 1, 1, 0, 0, 1, 1, 1, 1, 1, 1, 1, 1, 1, 1, 1, 1, 1, 1, 1, 1, 1, 1, 1, 1, 1, 1, 1, 0, ],]
k_protocol =  [[1, 1, 1, 1, 1, 1, 1, 1, 1, 1, 1, 1, 1, 1, 1, 1, 1, 1, 1, 1, 0, 1, 1, 1, 0, 1, 1, 0, 0, 1, 1, 1, ],[1, 1, 1, 1, 1, 1, 1, 1, 1, 1, 1, 1, 1, 1, 1, 1, 1, 1, 1, 1, 1, 1, 1, 1, 0, 0, 0, 1, 1, 1, 1, 1, ],]
j_protocol_secondary =  [0, 0.0977256, 0.0977256, 0.121333, 0.125053, 0.135077, 0.178346, 0.178346, 0.220527, 0.242649, 0.242649, 0.717342, 0.717342, 0.973901, ]
k_protocol_secondary =  [0.00972909, 0.1953, 0.1953, 0.706774, 0.720872, 0.726711, 0.730959, 0.752174, 0.835004, 0.952603, 0.952603, 0.998335, 0.998335, 1, ]
best_evolved_state = [-0.0118813, 0.00150174, -0.0109256, 0.00384116, -0.0336351, 0.0107318, -0.0373614, -0.0163543, -0.0148999, 0.00259452, -0.0118813, 0.00150174, -0.0133833, 0.00601347, -0.0194842, -0.00772957, -0.0133833, 0.00601347, -0.0148999, 0.00259452, -0.0373614, -0.0163543, -0.0336351, 0.0107318, -0.0374467, 0.0154508, -0.111964, 0.0852942, -0.0374467, 0.0154508, -0.0239061, -0.00791484, -0.0494446, 0.00237915, -0.0316185, -0.00968246, -0.010684, -0.0121872, -0.0373614, -0.0163543, -0.0956246, -0.0919486, -0.0392998, -0.023253, -0.0852576, -0.0302813, -0.105493, 0.00223342, -0.0392998, -0.023253, -0.0118813, 0.00150174, -0.0239061, -0.00791484, -0.031735, -0.0037763, -0.043786, 0.0122958, -0.146893, 0.0590886, -0.0381852, 0.00249286, -0.0109256, 0.00384116, -0.0336351, 0.0107318, -0.0392998, -0.023253, -0.0374467, 0.0154508, -0.043786, 0.0122958, -0.146893, 0.0590886, -0.0494446, 0.00237915, -0.0133833, 0.00601347, -0.0374467, 0.0154508, -0.0852576, -0.0302813, -0.0374467, 0.0154508, -0.105493, 0.00223342, -0.111964, 0.0852942, -0.0336351, 0.0107318, -0.0133833, 0.00601347, -0.0494446, 0.00237915, -0.146893, 0.0590886, -0.146893, 0.0590886, -0.647453, 0.195852, -0.146893, 0.0590886, -0.0336351, 0.0107318, -0.111964, 0.0852942, -0.105493, 0.00223342, -0.111964, 0.0852942, -0.0194842, -0.00772957, -0.0316185, -0.00968246, -0.0381852, 0.00249286, -0.0494446, 0.00237915, -0.146893, 0.0590886, -0.031735, -0.0037763, -0.0373614, -0.0163543, -0.0374467, 0.0154508, -0.0392998, -0.023253, -0.0336351, 0.0107318, -0.0118813, 0.00150174, -0.0133833, 0.00601347, -0.010684, -0.0121872, -0.0133833, 0.00601347, -0.0148999, 0.00259452, -0.0239061, -0.00791484, -0.031735, -0.0037763, -0.0239061, -0.00791484, -0.0118813, 0.00150174, -0.0392998, -0.023253, -0.0956246, -0.0919486, -0.0373614, -0.0163543, -0.0392998, -0.023253, -0.0336351, 0.0107318, -0.0109256, 0.00384116, -0.010684, -0.0121872, -0.0316185, -0.00968246, -0.0494446, 0.00237915, -0.0381852, 0.00249286, -0.146893, 0.0590886, -0.043786, 0.0122958, -0.0392998, -0.023253, -0.105493, 0.00223342, -0.0852576, -0.0302813, -0.0374467, 0.0154508, -0.0316185, -0.00968246, -0.0556473, -0.00470395, -0.0316185, -0.00968246, -0.0316185, -0.00968246, -0.0494446, 0.00237915, -0.0239061, -0.00791484, -0.0956246, -0.0919486, -0.0852576, -0.0302813, -0.0956246, -0.0919486, -0.0373614, -0.0163543, -0.0239061, -0.00791484, -0.0494446, 0.00237915, -0.0316185, -0.00968246, -0.0194842, -0.00772957, -0.0373614, -0.0163543, -0.0381852, 0.00249286, -0.0316185, -0.00968246, -0.0194842, -0.00772957, -0.010684, -0.0121872, -0.0133833, 0.00601347, -0.0118813, 0.00150174, -0.0392998, -0.023253, -0.0374467, 0.0154508, -0.0373614, -0.0163543, -0.0148999, 0.00259452, -0.031735, -0.0037763, -0.146893, 0.0590886, -0.0494446, 0.00237915, -0.0133833, 0.00601347, -0.0336351, 0.0107318, -0.0239061, -0.00791484, -0.043786, 0.0122958, -0.0239061, -0.00791484, -0.0118813, 0.00150174, -0.0109256, 0.00384116, -0.0118813, 0.00150174, ]
best_mc_result_fixed_tau =   [0.21726, 0.210085, ]
evolved_state_fixed_tau =   [[-0.0142415, -0.00247129, -0.0139894, 0.00503309, -0.0328494, 0.014571, -0.0385247, -0.0176772, -0.0163462, -0.00350861, -0.0142415, -0.00247129, -0.016444, 0.00789342, -0.0195132, -0.0108305, -0.016444, 0.00789342, -0.0163462, -0.00350861, -0.0385247, -0.0176772, -0.0328494, 0.014571, -0.0367316, 0.0207437, -0.109011, 0.0816981, -0.0367316, 0.0207437, -0.0208795, -0.00704057, -0.0502162, 0.00790612, -0.0329739, -0.00710601, -0.0088126, -0.0137217, -0.0385247, -0.0176772, -0.103275, -0.0900018, -0.0410799, -0.022827, -0.0915284, -0.0268905, -0.106172, 0.0117969, -0.0410799, -0.022827, -0.0142415, -0.00247129, -0.0208795, -0.00704057, -0.0264147, -0.0023684, -0.0411119, 0.0119767, -0.141124, 0.0714911, -0.0336537, 0.00223893, -0.0139894, 0.00503309, -0.0328494, 0.014571, -0.0410799, -0.022827, -0.0367316, 0.0207437, -0.0411119, 0.0119767, -0.141124, 0.0714911, -0.0502162, 0.00790612, -0.016444, 0.00789342, -0.0367316, 0.0207437, -0.0915284, -0.0268905, -0.0367316, 0.0207437, -0.106172, 0.0117969, -0.109011, 0.0816981, -0.0328494, 0.014571, -0.016444, 0.00789342, -0.0502162, 0.00790612, -0.141124, 0.0714911, -0.141124, 0.0714911, -0.604025, 0.291661, -0.141124, 0.0714911, -0.0328494, 0.014571, -0.109011, 0.0816981, -0.106172, 0.0117969, -0.109011, 0.0816981, -0.0195132, -0.0108305, -0.0329739, -0.00710601, -0.0336537, 0.00223893, -0.0502162, 0.00790612, -0.141124, 0.0714911, -0.0264147, -0.0023684, -0.0385247, -0.0176772, -0.0367316, 0.0207437, -0.0410799, -0.022827, -0.0328494, 0.014571, -0.0142415, -0.00247129, -0.016444, 0.00789342, -0.0088126, -0.0137217, -0.016444, 0.00789342, -0.0163462, -0.00350861, -0.0208795, -0.00704057, -0.0264147, -0.0023684, -0.0208795, -0.00704057, -0.0142415, -0.00247129, -0.0410799, -0.022827, -0.103275, -0.0900018, -0.0385247, -0.0176772, -0.0410799, -0.022827, -0.0328494, 0.014571, -0.0139894, 0.00503309, -0.0088126, -0.0137217, -0.0329739, -0.00710601, -0.0502162, 0.00790612, -0.0336537, 0.00223893, -0.141124, 0.0714911, -0.0411119, 0.0119767, -0.0410799, -0.022827, -0.106172, 0.0117969, -0.0915284, -0.0268905, -0.0367316, 0.0207437, -0.0329739, -0.00710601, -0.0636116, -0.0110159, -0.0329739, -0.00710601, -0.0329739, -0.00710601, -0.0502162, 0.00790612, -0.0208795, -0.00704057, -0.103275, -0.0900018, -0.0915284, -0.0268905, -0.103275, -0.0900018, -0.0385247, -0.0176772, -0.0208795, -0.00704057, -0.0502162, 0.00790612, -0.0329739, -0.00710601, -0.0195132, -0.0108305, -0.0385247, -0.0176772, -0.0336537, 0.00223893, -0.0329739, -0.00710601, -0.0195132, -0.0108305, -0.0088126, -0.0137217, -0.016444, 0.00789342, -0.0142415, -0.00247129, -0.0410799, -0.022827, -0.0367316, 0.0207437, -0.0385247, -0.0176772, -0.0163462, -0.00350861, -0.0264147, -0.0023684, -0.141124, 0.0714911, -0.0502162, 0.00790612, -0.016444, 0.00789342, -0.0328494, 0.014571, -0.0208795, -0.00704057, -0.0411119, 0.0119767, -0.0208795, -0.00704057, -0.0142415, -0.00247129, -0.0139894, 0.00503309, -0.0142415, -0.00247129, ],[-0.0123386, -0.000379947, -0.0111049, 0.0029961, -0.0325461, 0.00527038, -0.033416, -0.0201696, -0.0153257, -0.000362277, -0.0123386, -0.000379947, -0.0129458, 0.00536233, -0.0170568, -0.0100172, -0.0129458, 0.00536233, -0.0153257, -0.000362277, -0.033416, -0.0201696, -0.0325461, 0.00527038, -0.0362928, 0.00991687, -0.126986, 0.0632117, -0.0362928, 0.00991687, -0.0208509, -0.0109377, -0.0463858, -0.00273898, -0.0281952, -0.0112178, -0.00708365, -0.0135732, -0.033416, -0.0201696, -0.0825933, -0.098764, -0.033466, -0.0278147, -0.0773197, -0.0364523, -0.0991955, -0.0126835, -0.033466, -0.0278147, -0.0123386, -0.000379947, -0.0208509, -0.0109377, -0.0287627, -0.00987693, -0.0435725, 0.00427702, -0.154065, 0.0340815, -0.035932, -0.00460844, -0.0111049, 0.0029961, -0.0325461, 0.00527038, -0.033466, -0.0278147, -0.0362928, 0.00991687, -0.0435725, 0.00427702, -0.154065, 0.0340815, -0.0463858, -0.00273898, -0.0129458, 0.00536233, -0.0362928, 0.00991687, -0.0773197, -0.0364523, -0.0362928, 0.00991687, -0.0991955, -0.0126835, -0.126986, 0.0632117, -0.0325461, 0.00527038, -0.0129458, 0.00536233, -0.0463858, -0.00273898, -0.154065, 0.0340815, -0.154065, 0.0340815, -0.687071, 0.0988282, -0.154065, 0.0340815, -0.0325461, 0.00527038, -0.126986, 0.0632117, -0.0991955, -0.0126835, -0.126986, 0.0632117, -0.0170568, -0.0100172, -0.0281952, -0.0112178, -0.035932, -0.00460844, -0.0463858, -0.00273898, -0.154065, 0.0340815, -0.0287627, -0.00987693, -0.033416, -0.0201696, -0.0362928, 0.00991687, -0.033466, -0.0278147, -0.0325461, 0.00527038, -0.0123386, -0.000379947, -0.0129458, 0.00536233, -0.00708365, -0.0135732, -0.0129458, 0.00536233, -0.0153257, -0.000362277, -0.0208509, -0.0109377, -0.0287627, -0.00987693, -0.0208509, -0.0109377, -0.0123386, -0.000379947, -0.033466, -0.0278147, -0.0825933, -0.098764, -0.033416, -0.0201696, -0.033466, -0.0278147, -0.0325461, 0.00527038, -0.0111049, 0.0029961, -0.00708365, -0.0135732, -0.0281952, -0.0112178, -0.0463858, -0.00273898, -0.035932, -0.00460844, -0.154065, 0.0340815, -0.0435725, 0.00427702, -0.033466, -0.0278147, -0.0991955, -0.0126835, -0.0773197, -0.0364523, -0.0362928, 0.00991687, -0.0281952, -0.0112178, -0.0554025, -0.0092232, -0.0281952, -0.0112178, -0.0281952, -0.0112178, -0.0463858, -0.00273898, -0.0208509, -0.0109377, -0.0825933, -0.098764, -0.0773197, -0.0364523, -0.0825933, -0.098764, -0.033416, -0.0201696, -0.0208509, -0.0109377, -0.0463858, -0.00273898, -0.0281952, -0.0112178, -0.0170568, -0.0100172, -0.033416, -0.0201696, -0.035932, -0.00460844, -0.0281952, -0.0112178, -0.0170568, -0.0100172, -0.00708365, -0.0135732, -0.0129458, 0.00536233, -0.0123386, -0.000379947, -0.033466, -0.0278147, -0.0362928, 0.00991687, -0.033416, -0.0201696, -0.0153257, -0.000362277, -0.0287627, -0.00987693, -0.154065, 0.0340815, -0.0463858, -0.00273898, -0.0129458, 0.00536233, -0.0325461, 0.00527038, -0.0208509, -0.0109377, -0.0435725, 0.00427702, -0.0208509, -0.0109377, -0.0123386, -0.000379947, -0.0111049, 0.0029961, -0.0123386, -0.000379947, ],]
