START_PARAMETERS
MAX_STEPS_MCDB =               32
MIN_STEPS_MCDB =               4
STEPS_CRUNCH_MCDB =            1
SWEEPS_MCDB =                  100
TOTAL_STEP_CHANGES =                  6
MCBB_SECONDARY =                  1
SWEEPS_MCBB_SECONDARY =                  250
NUMBER_OF_BANGS =                  7
GROUND_E =                -6.00292
INITIAL_E =               -5.6403
j_initial =               0.349
k_initial =               0.5
b_initial =               0
j_target =                0.029
k_target =                0.5
b_target =                0
init_target_dot_squared = 0.892956
init_state = [-0.00043261, 0, -0.00161922, 0, -0.010274, 0, -0.0033663, 0, -0.000516538, 0, -0.00043261, 0, -0.00286781, 0, -0.00114443, 0, -0.00286781, 0, -0.000516538, 0, -0.0033663, 0, -0.010274, 0, -0.0110449, 0, -0.0669262, 0, -0.0110449, 0, -0.00258903, 0, -0.0197615, 0, -0.00429888, 0, -0.0013977, 0, -0.0033663, 0, -0.00914525, 0, -0.00569734, 0, -0.0158102, 0, -0.0310922, 0, -0.00569734, 0, -0.00043261, 0, -0.00258903, 0, -0.0127043, 0, -0.0130321, 0, -0.10864, 0, -0.0128901, 0, -0.00161922, 0, -0.010274, 0, -0.00569734, 0, -0.0110449, 0, -0.0130321, 0, -0.10864, 0, -0.0197615, 0, -0.00286781, 0, -0.0110449, 0, -0.0158102, 0, -0.0110449, 0, -0.0310922, 0, -0.0669262, 0, -0.010274, 0, -0.00286781, 0, -0.0197615, 0, -0.10864, 0, -0.10864, 0, -0.935348, 0, -0.10864, 0, -0.010274, 0, -0.0669262, 0, -0.0310922, 0, -0.0669262, 0, -0.00114443, 0, -0.00429888, 0, -0.0128901, 0, -0.0197615, 0, -0.10864, 0, -0.0127043, 0, -0.0033663, 0, -0.0110449, 0, -0.00569734, 0, -0.010274, 0, -0.00043261, 0, -0.00286781, 0, -0.0013977, 0, -0.00286781, 0, -0.000516538, 0, -0.00258903, 0, -0.0127043, 0, -0.00258903, 0, -0.00043261, 0, -0.00569734, 0, -0.00914525, 0, -0.0033663, 0, -0.00569734, 0, -0.010274, 0, -0.00161922, 0, -0.0013977, 0, -0.00429888, 0, -0.0197615, 0, -0.0128901, 0, -0.10864, 0, -0.0130321, 0, -0.00569734, 0, -0.0310922, 0, -0.0158102, 0, -0.0110449, 0, -0.00429888, 0, -0.00271293, 0, -0.00429888, 0, -0.00429888, 0, -0.0197615, 0, -0.00258903, 0, -0.00914525, 0, -0.0158102, 0, -0.00914525, 0, -0.0033663, 0, -0.00258903, 0, -0.0197615, 0, -0.00429888, 0, -0.00114443, 0, -0.0033663, 0, -0.0128901, 0, -0.00429888, 0, -0.00114443, 0, -0.0013977, 0, -0.00286781, 0, -0.00043261, 0, -0.00569734, 0, -0.0110449, 0, -0.0033663, 0, -0.000516538, 0, -0.0127043, 0, -0.10864, 0, -0.0197615, 0, -0.00286781, 0, -0.010274, 0, -0.00258903, 0, -0.0130321, 0, -0.00258903, 0, -0.00043261, 0, -0.00161922, 0, -0.00043261, 0, ]
target_state = [2.0743e-08, 0, 1.00593e-06, 0, 7.4726e-05, 0, 1.68241e-06, 0, 2.43672e-08, 0, 2.0743e-08, 0, 1.67981e-06, 0, 5.34565e-08, 0, 1.67981e-06, 0, 2.43672e-08, 0, 1.68241e-06, 0, 7.4726e-05, 0, 7.47665e-05, 0, 0.0057984, 0, 7.47665e-05, 0, 1.35616e-06, 0, 0.000140131, 0, 2.17045e-06, 0, 6.86254e-08, 0, 1.68241e-06, 0, 5.17025e-07, 0, 3.25237e-06, 0, 9.39306e-06, 0, 0.000224196, 0, 3.25237e-06, 0, 2.0743e-08, 0, 1.35616e-06, 0, 9.33989e-05, 0, 9.34177e-05, 0, 0.00966204, 0, 9.34068e-05, 0, 1.00593e-06, 0, 7.4726e-05, 0, 3.25237e-06, 0, 7.47665e-05, 0, 9.34177e-05, 0, 0.00966204, 0, 0.000140131, 0, 1.67981e-06, 0, 7.47665e-05, 0, 9.39306e-06, 0, 7.47665e-05, 0, 0.000224196, 0, 0.0057984, 0, 7.4726e-05, 0, 1.67981e-06, 0, 0.000140131, 0, 0.00966204, 0, 0.00966204, 0, 0.999559, 0, 0.00966204, 0, 7.4726e-05, 0, 0.0057984, 0, 0.000224196, 0, 0.0057984, 0, 5.34565e-08, 0, 2.17045e-06, 0, 9.34068e-05, 0, 0.000140131, 0, 0.00966204, 0, 9.33989e-05, 0, 1.68241e-06, 0, 7.47665e-05, 0, 3.25237e-06, 0, 7.4726e-05, 0, 2.0743e-08, 0, 1.67981e-06, 0, 6.86254e-08, 0, 1.67981e-06, 0, 2.43672e-08, 0, 1.35616e-06, 0, 9.33989e-05, 0, 1.35616e-06, 0, 2.0743e-08, 0, 3.25237e-06, 0, 5.17025e-07, 0, 1.68241e-06, 0, 3.25237e-06, 0, 7.4726e-05, 0, 1.00593e-06, 0, 6.86254e-08, 0, 2.17045e-06, 0, 0.000140131, 0, 9.34068e-05, 0, 0.00966204, 0, 9.34177e-05, 0, 3.25237e-06, 0, 0.000224196, 0, 9.39306e-06, 0, 7.47665e-05, 0, 2.17045e-06, 0, 1.25795e-07, 0, 2.17045e-06, 0, 2.17045e-06, 0, 0.000140131, 0, 1.35616e-06, 0, 5.17025e-07, 0, 9.39306e-06, 0, 5.17025e-07, 0, 1.68241e-06, 0, 1.35616e-06, 0, 0.000140131, 0, 2.17045e-06, 0, 5.34565e-08, 0, 1.68241e-06, 0, 9.34068e-05, 0, 2.17045e-06, 0, 5.34565e-08, 0, 6.86254e-08, 0, 1.67981e-06, 0, 2.0743e-08, 0, 3.25237e-06, 0, 7.47665e-05, 0, 1.68241e-06, 0, 2.43672e-08, 0, 9.33989e-05, 0, 0.00966204, 0, 0.000140131, 0, 1.67981e-06, 0, 7.4726e-05, 0, 1.35616e-06, 0, 9.34177e-05, 0, 1.35616e-06, 0, 2.0743e-08, 0, 1.00593e-06, 0, 2.0743e-08, 0, ]
USE_ENERGY_DISTANCE =     false
PERIODIC =                false
UNIFORM_SITES =           true
DEVICE_DIMENSION =        2
MAX_PARAM =               1
MIN_PARAM =               0
MIN_PARAM =               0
DIAG =                    true
NUM_SEEDS =               2
NUMBER_OF_BANGS =               7
DISTANCE_LIMIT =          0.02
TAU_SCALAR =              1.2
TAU_SCALAR_TINY =         1.1
TAU_SCALAR_BIG =          1.4
ACCEPTANCE_PROB =         0.85
TEMP_EXP_DECAY =          0.8
MIN_TEMP_FRACTION =       0.01
TEMP_DECAY_ITERATIONS =   21
ZERO_TEMP_ITREATIONS =    15
RANDOM_STATES =           3
END_PARAMETERS
##############################################################################
clock_duration  =         920.036
tau =                     1
total_steps =             32
time_step =               0.03125
best_mc_result =          0.00167214
best_mc_result_non_secondary =          0.00225119
evolved_target_dot_squared =  0.998328
distance =          1
j_protocol =  [[0, 0, 1, 1, 0, 0, 1, 1, 1, 0, 0, 0, 0, 0, 0, 1, 1, 1, 0, 0, 0, 1, 0, 0, 0, 1, 0, 0, 0, 0, 0, 1, ],[0, 0, 0, 1, 1, 1, 0, 0, 0, 0, 1, 0, 1, 0, 0, 1, 1, 0, 0, 0, 0, 0, 0, 0, 0, 1, 1, 0, 0, 0, 0, 0, ],]
k_protocol =  [[1, 1, 1, 1, 1, 1, 0, 0, 0, 1, 1, 1, 1, 1, 1, 1, 1, 1, 1, 1, 1, 0, 1, 1, 1, 1, 1, 1, 1, 1, 1, 1, ],[1, 1, 1, 0, 0, 1, 1, 1, 1, 1, 1, 1, 0, 1, 1, 0, 1, 1, 1, 1, 1, 1, 1, 1, 1, 0, 1, 1, 1, 1, 1, 1, ],]
j_protocol_secondary =  [0.0595174, 0.123618, 0.188533, 0.281513, 0.46534, 0.566744, 0.656612, 0.690235, 0.774326, 0.775361, 0.7812, 0.813589, 0.967844, 1, ]
k_protocol_secondary =  [0.0069494, 0.146509, 0.146837, 0.187558, 0.278138, 0.431301, 0.431301, 0.580948, 0.580948, 0.660492, 0.663387, 0.759715, 0.759715, 0.995127, ]
best_evolved_state = [-0.000199937, -0.000192148, -0.00108697, 0.000266547, -0.00107136, 0.00247533, 7.37754e-05, -0.0010222, -0.000181059, -0.000274115, -0.000199937, -0.000192148, -0.000173045, -0.000493652, 0.00055078, 0.000136766, -0.000173045, -0.000493652, -0.000181059, -0.000274115, 7.37754e-05, -0.0010222, -0.00107136, 0.00247533, -0.00102286, 0.00274244, -0.00231284, 0.00589816, -0.00102286, 0.00274244, -3.53608e-06, 7.9365e-05, -0.00197481, -0.0018057, -0.000743903, 2.45873e-05, 0.000864453, 0.000257549, 7.37754e-05, -0.0010222, 0.0102737, -0.0105807, 0.000587739, -0.000871388, -0.00310439, -0.0106098, -0.00126286, -0.002142, 0.000587739, -0.000871388, -0.000199937, -0.000192148, -3.53608e-06, 7.9365e-05, 0.000618081, 0.000460103, 7.43131e-05, 0.000194517, 0.00188349, 0.0106848, 0.000589883, 0.000531891, -0.00108697, 0.000266547, -0.00107136, 0.00247533, 0.000587739, -0.000871388, -0.00102286, 0.00274244, 7.43131e-05, 0.000194517, 0.00188349, 0.0106848, -0.00197481, -0.0018057, -0.000173045, -0.000493652, -0.00102286, 0.00274244, -0.00310439, -0.0106098, -0.00102286, 0.00274244, -0.00126286, -0.002142, -0.00231284, 0.00589816, -0.00107136, 0.00247533, -0.000173045, -0.000493652, -0.00197481, -0.0018057, 0.00188349, 0.0106848, 0.00188349, 0.0106848, 0.0109207, 0.998582, 0.00188349, 0.0106848, -0.00107136, 0.00247533, -0.00231284, 0.00589816, -0.00126286, -0.002142, -0.00231284, 0.00589816, 0.00055078, 0.000136766, -0.000743903, 2.45873e-05, 0.000589883, 0.000531891, -0.00197481, -0.0018057, 0.00188349, 0.0106848, 0.000618081, 0.000460103, 7.37754e-05, -0.0010222, -0.00102286, 0.00274244, 0.000587739, -0.000871388, -0.00107136, 0.00247533, -0.000199937, -0.000192148, -0.000173045, -0.000493652, 0.000864453, 0.000257549, -0.000173045, -0.000493652, -0.000181059, -0.000274115, -3.53608e-06, 7.9365e-05, 0.000618081, 0.000460103, -3.53608e-06, 7.9365e-05, -0.000199937, -0.000192148, 0.000587739, -0.000871388, 0.0102737, -0.0105807, 7.37754e-05, -0.0010222, 0.000587739, -0.000871388, -0.00107136, 0.00247533, -0.00108697, 0.000266547, 0.000864453, 0.000257549, -0.000743903, 2.45873e-05, -0.00197481, -0.0018057, 0.000589883, 0.000531891, 0.00188349, 0.0106848, 7.43131e-05, 0.000194517, 0.000587739, -0.000871388, -0.00126286, -0.002142, -0.00310439, -0.0106098, -0.00102286, 0.00274244, -0.000743903, 2.45873e-05, -0.00226174, -0.00105121, -0.000743903, 2.45873e-05, -0.000743903, 2.45873e-05, -0.00197481, -0.0018057, -3.53608e-06, 7.9365e-05, 0.0102737, -0.0105807, -0.00310439, -0.0106098, 0.0102737, -0.0105807, 7.37754e-05, -0.0010222, -3.53608e-06, 7.9365e-05, -0.00197481, -0.0018057, -0.000743903, 2.45873e-05, 0.00055078, 0.000136766, 7.37754e-05, -0.0010222, 0.000589883, 0.000531891, -0.000743903, 2.45873e-05, 0.00055078, 0.000136766, 0.000864453, 0.000257549, -0.000173045, -0.000493652, -0.000199937, -0.000192148, 0.000587739, -0.000871388, -0.00102286, 0.00274244, 7.37754e-05, -0.0010222, -0.000181059, -0.000274115, 0.000618081, 0.000460103, 0.00188349, 0.0106848, -0.00197481, -0.0018057, -0.000173045, -0.000493652, -0.00107136, 0.00247533, -3.53608e-06, 7.9365e-05, 7.43131e-05, 0.000194517, -3.53608e-06, 7.9365e-05, -0.000199937, -0.000192148, -0.00108697, 0.000266547, -0.000199937, -0.000192148, ]
best_mc_result_fixed_tau =   [0.00225119, 0.00295491, ]
evolved_state_fixed_tau =   [[-0.000149673, -0.000265288, -0.00136058, -7.76637e-05, -0.00240413, 0.00187025, 0.000468965, -0.00125425, -9.53235e-05, -0.000377604, -0.000149673, -0.000265288, 0.00037813, -0.000590612, 0.000770803, 0.000332685, 0.00037813, -0.000590612, -9.53235e-05, -0.000377604, 0.000468965, -0.00125425, -0.00240413, 0.00187025, -0.00249898, 0.00240089, -0.00187655, 0.00876999, -0.00249898, 0.00240089, -1.20052e-06, 7.33092e-05, -0.00148824, -0.000188833, -0.000774378, 0.000441428, 0.00120222, 0.000513292, 0.000468965, -0.00125425, 0.00710563, -0.0132999, 0.00160017, -0.00106586, -0.00673376, -0.0081732, 0.00153461, -0.00245162, 0.00160017, -0.00106586, -0.000149673, -0.000265288, -1.20052e-06, 7.33092e-05, 0.000893341, 0.00074733, 7.42754e-05, 0.000536518, 0.00988867, 0.0119115, 0.000911304, 0.000878867, -0.00136058, -7.76637e-05, -0.00240413, 0.00187025, 0.00160017, -0.00106586, -0.00249898, 0.00240089, 7.42754e-05, 0.000536518, 0.00988867, 0.0119115, -0.00148824, -0.000188833, 0.00037813, -0.000590612, -0.00249898, 0.00240089, -0.00673376, -0.0081732, -0.00249898, 0.00240089, 0.00153461, -0.00245162, -0.00187655, 0.00876999, -0.00240413, 0.00187025, 0.00037813, -0.000590612, -0.00148824, -0.000188833, 0.00988867, 0.0119115, 0.00988867, 0.0119115, 0.25664, 0.964481, 0.00988867, 0.0119115, -0.00240413, 0.00187025, -0.00187655, 0.00876999, 0.00153461, -0.00245162, -0.00187655, 0.00876999, 0.000770803, 0.000332685, -0.000774378, 0.000441428, 0.000911304, 0.000878867, -0.00148824, -0.000188833, 0.00988867, 0.0119115, 0.000893341, 0.00074733, 0.000468965, -0.00125425, -0.00249898, 0.00240089, 0.00160017, -0.00106586, -0.00240413, 0.00187025, -0.000149673, -0.000265288, 0.00037813, -0.000590612, 0.00120222, 0.000513292, 0.00037813, -0.000590612, -9.53235e-05, -0.000377604, -1.20052e-06, 7.33092e-05, 0.000893341, 0.00074733, -1.20052e-06, 7.33092e-05, -0.000149673, -0.000265288, 0.00160017, -0.00106586, 0.00710563, -0.0132999, 0.000468965, -0.00125425, 0.00160017, -0.00106586, -0.00240413, 0.00187025, -0.00136058, -7.76637e-05, 0.00120222, 0.000513292, -0.000774378, 0.000441428, -0.00148824, -0.000188833, 0.000911304, 0.000878867, 0.00988867, 0.0119115, 7.42754e-05, 0.000536518, 0.00160017, -0.00106586, 0.00153461, -0.00245162, -0.00673376, -0.0081732, -0.00249898, 0.00240089, -0.000774378, 0.000441428, -0.00259107, -0.000397087, -0.000774378, 0.000441428, -0.000774378, 0.000441428, -0.00148824, -0.000188833, -1.20052e-06, 7.33092e-05, 0.00710563, -0.0132999, -0.00673376, -0.0081732, 0.00710563, -0.0132999, 0.000468965, -0.00125425, -1.20052e-06, 7.33092e-05, -0.00148824, -0.000188833, -0.000774378, 0.000441428, 0.000770803, 0.000332685, 0.000468965, -0.00125425, 0.000911304, 0.000878867, -0.000774378, 0.000441428, 0.000770803, 0.000332685, 0.00120222, 0.000513292, 0.00037813, -0.000590612, -0.000149673, -0.000265288, 0.00160017, -0.00106586, -0.00249898, 0.00240089, 0.000468965, -0.00125425, -9.53235e-05, -0.000377604, 0.000893341, 0.00074733, 0.00988867, 0.0119115, -0.00148824, -0.000188833, 0.00037813, -0.000590612, -0.00240413, 0.00187025, -1.20052e-06, 7.33092e-05, 7.42754e-05, 0.000536518, -1.20052e-06, 7.33092e-05, -0.000149673, -0.000265288, -0.00136058, -7.76637e-05, -0.000149673, -0.000265288, ],[-1.20022e-05, -2.37397e-05, -0.0003302, -0.000355078, -0.00133443, -0.00219464, 0.000459338, 0.000207476, 7.16524e-05, -7.78316e-05, -1.20022e-05, -2.37397e-05, 0.000715931, 0.000831574, 0.000414771, 0.000555441, 0.000715931, 0.000831574, 7.16524e-05, -7.78316e-05, 0.000459338, 0.000207476, -0.00133443, -0.00219464, -0.00185093, -0.00179028, 0.0014682, 0.0124247, -0.00185093, -0.00179028, 1.08744e-05, -1.57154e-05, -0.00509272, 0.00239611, -0.001102, 0.00114985, 0.000679713, 0.000745314, 0.000459338, 0.000207476, 0.0012575, -0.01522, 0.00142669, 0.00116471, -0.0149082, -0.00699501, -0.000831471, 0.00256596, 0.00142669, 0.00116471, -1.20022e-05, -2.37397e-05, 1.08744e-05, -1.57154e-05, 0.000145984, 0.000590407, -0.000685716, 0.000440945, 0.00990677, 0.00434841, 0.000168453, 0.000815889, -0.0003302, -0.000355078, -0.00133443, -0.00219464, 0.00142669, 0.00116471, -0.00185093, -0.00179028, -0.000685716, 0.000440945, 0.00990677, 0.00434841, -0.00509272, 0.00239611, 0.000715931, 0.000831574, -0.00185093, -0.00179028, -0.0149082, -0.00699501, -0.00185093, -0.00179028, -0.000831471, 0.00256596, 0.0014682, 0.0124247, -0.00133443, -0.00219464, 0.000715931, 0.000831574, -0.00509272, 0.00239611, 0.00990677, 0.00434841, 0.00990677, 0.00434841, 0.64132, 0.76463, 0.00990677, 0.00434841, -0.00133443, -0.00219464, 0.0014682, 0.0124247, -0.000831471, 0.00256596, 0.0014682, 0.0124247, 0.000414771, 0.000555441, -0.001102, 0.00114985, 0.000168453, 0.000815889, -0.00509272, 0.00239611, 0.00990677, 0.00434841, 0.000145984, 0.000590407, 0.000459338, 0.000207476, -0.00185093, -0.00179028, 0.00142669, 0.00116471, -0.00133443, -0.00219464, -1.20022e-05, -2.37397e-05, 0.000715931, 0.000831574, 0.000679713, 0.000745314, 0.000715931, 0.000831574, 7.16524e-05, -7.78316e-05, 1.08744e-05, -1.57154e-05, 0.000145984, 0.000590407, 1.08744e-05, -1.57154e-05, -1.20022e-05, -2.37397e-05, 0.00142669, 0.00116471, 0.0012575, -0.01522, 0.000459338, 0.000207476, 0.00142669, 0.00116471, -0.00133443, -0.00219464, -0.0003302, -0.000355078, 0.000679713, 0.000745314, -0.001102, 0.00114985, -0.00509272, 0.00239611, 0.000168453, 0.000815889, 0.00990677, 0.00434841, -0.000685716, 0.000440945, 0.00142669, 0.00116471, -0.000831471, 0.00256596, -0.0149082, -0.00699501, -0.00185093, -0.00179028, -0.001102, 0.00114985, -0.0027792, 0.00108018, -0.001102, 0.00114985, -0.001102, 0.00114985, -0.00509272, 0.00239611, 1.08744e-05, -1.57154e-05, 0.0012575, -0.01522, -0.0149082, -0.00699501, 0.0012575, -0.01522, 0.000459338, 0.000207476, 1.08744e-05, -1.57154e-05, -0.00509272, 0.00239611, -0.001102, 0.00114985, 0.000414771, 0.000555441, 0.000459338, 0.000207476, 0.000168453, 0.000815889, -0.001102, 0.00114985, 0.000414771, 0.000555441, 0.000679713, 0.000745314, 0.000715931, 0.000831574, -1.20022e-05, -2.37397e-05, 0.00142669, 0.00116471, -0.00185093, -0.00179028, 0.000459338, 0.000207476, 7.16524e-05, -7.78316e-05, 0.000145984, 0.000590407, 0.00990677, 0.00434841, -0.00509272, 0.00239611, 0.000715931, 0.000831574, -0.00133443, -0.00219464, 1.08744e-05, -1.57154e-05, -0.000685716, 0.000440945, 1.08744e-05, -1.57154e-05, -1.20022e-05, -2.37397e-05, -0.0003302, -0.000355078, -1.20022e-05, -2.37397e-05, ],]
