START_PARAMETERS
MAX_STEPS_MCDB =               32
MIN_STEPS_MCDB =               4
STEPS_CRUNCH_MCDB =            1
SWEEPS_MCDB =                  100
TOTAL_STEP_CHANGES =                  6
MCBB_SECONDARY =                  1
SWEEPS_MCBB_SECONDARY =                  300
NUMBER_OF_BANGS =                  8
GROUND_E =                -3.10115
INITIAL_E =               -2.68079
j_initial =               0.417
k_initial =               0.5
b_initial =               0
j_target =                0.118
k_target =                0.5
b_target =                0
init_target_dot_squared = 0.721598
init_state = [-0.0106206, 0, -0.0544086, 0, -0.018321, 0, -0.00567562, 0, -0.0235781, 0, -0.0734602, 0, -0.0235781, 0, -0.0958114, 0, -0.0952702, 0, -0.0235781, 0, -0.00567562, 0, -0.018321, 0, -0.0544086, 0, -0.0627643, 0, -0.355458, 0, -0.0627643, 0, -0.0235781, 0, -0.0952702, 0, -0.0958114, 0, -0.109763, 0, -0.018321, 0, -0.0302584, 0, -0.0385793, 0, -0.093914, 0, -0.225728, 0, -0.0385793, 0, -0.0734602, 0, -0.0958114, 0, -0.103932, 0, -0.0958114, 0, -0.0106206, 0, -0.0544086, 0, -0.0385793, 0, -0.0627643, 0, -0.0235781, 0, -0.0627643, 0, -0.093914, 0, -0.0627643, 0, -0.225728, 0, -0.355458, 0, -0.0544086, 0, -0.0958114, 0, -0.109763, 0, -0.0958114, 0, -0.0952702, 0, -0.0544086, 0, -0.355458, 0, -0.225728, 0, -0.355458, 0, -0.0952702, 0, -0.018321, 0, -0.0627643, 0, -0.0385793, 0, -0.0544086, 0, -0.0235781, 0, -0.00567562, 0, -0.0385793, 0, -0.0302584, 0, -0.018321, 0, -0.0385793, 0, -0.0544086, 0, -0.0106206, 0, -0.103932, 0, -0.0958114, 0, -0.0734602, 0, -0.0235781, 0, -0.0385793, 0, -0.225728, 0, -0.093914, 0, -0.0627643, 0, -0.0958114, 0, -0.0302584, 0, -0.093914, 0, -0.0302584, 0, -0.018321, 0, -0.0734602, 0, -0.018321, 0, -0.0385793, 0, -0.0627643, 0, -0.018321, 0, -0.00567562, 0, -0.0235781, 0, -0.0544086, 0, -0.0106206, 0, ]
target_state = [0.000848434, 0, 0.0192393, 0, 0.00132881, 0, 0.000171358, 0, 0.00237509, 0, 0.00538942, 0, 0.00237509, 0, 0.0134528, 0, 0.0379647, 0, 0.00237509, 0, 0.000171358, 0, 0.00132881, 0, 0.0192393, 0, 0.0197827, 0, 0.483046, 0, 0.0197827, 0, 0.00237509, 0, 0.0379647, 0, 0.0134528, 0, 0.0388078, 0, 0.00132881, 0, 0.00160071, 0, 0.00457436, 0, 0.0151308, 0, 0.110634, 0, 0.00457436, 0, 0.00538942, 0, 0.0134528, 0, 0.00772725, 0, 0.0134528, 0, 0.000848434, 0, 0.0192393, 0, 0.00457436, 0, 0.0197827, 0, 0.00237509, 0, 0.0197827, 0, 0.0151308, 0, 0.0197827, 0, 0.110634, 0, 0.483046, 0, 0.0192393, 0, 0.0134528, 0, 0.0388078, 0, 0.0134528, 0, 0.0379647, 0, 0.0192393, 0, 0.483046, 0, 0.110634, 0, 0.483046, 0, 0.0379647, 0, 0.00132881, 0, 0.0197827, 0, 0.00457436, 0, 0.0192393, 0, 0.00237509, 0, 0.000171358, 0, 0.00457436, 0, 0.00160071, 0, 0.00132881, 0, 0.00457436, 0, 0.0192393, 0, 0.000848434, 0, 0.00772725, 0, 0.0134528, 0, 0.00538942, 0, 0.00237509, 0, 0.00457436, 0, 0.110634, 0, 0.0151308, 0, 0.0197827, 0, 0.0134528, 0, 0.00160071, 0, 0.0151308, 0, 0.00160071, 0, 0.00132881, 0, 0.00538942, 0, 0.00132881, 0, 0.00457436, 0, 0.0197827, 0, 0.00132881, 0, 0.000171358, 0, 0.00237509, 0, 0.0192393, 0, 0.000848434, 0, ]
USE_ENERGY_DISTANCE =     false
PERIODIC =                false
UNIFORM_SITES =           true
DEVICE_DIMENSION =        2
MAX_PARAM =               1
MIN_PARAM =               0
MIN_PARAM =               0
DIAG =                    true
NUM_SEEDS =               2
NUMBER_OF_BANGS =               8
DISTANCE_LIMIT =          0.02
TAU_INIT =                0.7
MAX_TAU =                 5
TAU_SCALAR =              1.2
TAU_SCALAR_TINY =         1.1
TAU_SCALAR_BIG =          1.3
ACCEPTANCE_PROB =         0.85
TEMP_EXP_DECAY =          0.8
MIN_TEMP_FRACTION =       0.01
TEMP_DECAY_ITERATIONS =   21
ZERO_TEMP_ITREATIONS =    25
RANDOM_STATES =           3
END_PARAMETERS
##############################################################################
clock_duration  =         917.182
tau =                     0.7
total_steps =             32
time_step =               0.021875
best_mc_result =          0.121289
best_mc_result_non_secondary =          0.121896
evolved_target_dot_squared =  0.878711
distance =          0.43566
j_protocol =  [[0, 0, 0, 0, 0, 0, 1, 1, 1, 1, 1, 1, 1, 1, 1, 1, 0, 0, 0, 0, 0, 0, 0, 0, 0, 0, 1, 1, 1, 1, 1, 1, ],[0, 0, 0, 0, 0, 0, 1, 1, 1, 1, 1, 1, 1, 1, 1, 1, 0, 0, 0, 0, 0, 0, 0, 0, 0, 0, 1, 1, 1, 1, 1, 1, ],]
k_protocol =  [[1, 1, 1, 1, 1, 1, 1, 1, 1, 1, 1, 1, 1, 1, 1, 1, 1, 1, 1, 1, 1, 1, 1, 1, 1, 1, 1, 1, 1, 1, 1, 1, ],[1, 1, 1, 1, 1, 1, 1, 1, 1, 1, 1, 1, 1, 1, 1, 1, 1, 1, 1, 1, 1, 1, 1, 1, 1, 1, 1, 1, 1, 1, 1, 1, ],]
j_protocol_secondary =  [0.0225479, 0.0225479, 0.0855243, 0.0855243, 0.130363, 0.225135, 0.225135, 0.352773, 0.468285, 0.468285, 0.495827, 0.495827, 0.569269, 0.648986, 0.648986, 0.7, ]
k_protocol_secondary =  [0, 0.222507, 0.222507, 0.228786, 0.228786, 0.259202, 0.259202, 0.388963, 0.388963, 0.446128, 0.446128, 0.500831, 0.500831, 0.520137, 0.520137, 0.685275, ]
best_evolved_state = [-0.0118654, 0.00378167, -0.0116704, 0.0261968, -0.00120738, 0.0086115, -0.00361361, 0.0032949, -0.00310497, 0.0188159, 0.0645536, 0.0519697, -0.00310497, 0.0188159, 0.0162528, 0.0430864, -0.0164059, 0.0488201, -0.00310497, 0.0188159, -0.00361361, 0.0032949, -0.00120738, 0.0086115, -0.0116704, 0.0261968, -0.00863818, 0.0282719, -0.0174288, 0.424757, -0.00863818, 0.0282719, -0.00310497, 0.0188159, -0.0164059, 0.0488201, 0.0162528, 0.0430864, -0.0035063, 0.0506367, -0.00120738, 0.0086115, -0.000870485, 0.00772363, 0.00301369, 0.0167062, 0.021561, 0.0446034, 0.0444362, 0.194223, 0.00301369, 0.0167062, 0.0645536, 0.0519697, 0.0162528, 0.0430864, 0.0892571, 0.07753, 0.0162528, 0.0430864, -0.0118654, 0.00378167, -0.0116704, 0.0261968, 0.00301369, 0.0167062, -0.00863818, 0.0282719, -0.00310497, 0.0188159, -0.00863818, 0.0282719, 0.021561, 0.0446034, -0.00863818, 0.0282719, 0.0444362, 0.194223, -0.0174288, 0.424757, -0.0116704, 0.0261968, 0.0162528, 0.0430864, -0.0035063, 0.0506367, 0.0162528, 0.0430864, -0.0164059, 0.0488201, -0.0116704, 0.0261968, -0.0174288, 0.424757, 0.0444362, 0.194223, -0.0174288, 0.424757, -0.0164059, 0.0488201, -0.00120738, 0.0086115, -0.00863818, 0.0282719, 0.00301369, 0.0167062, -0.0116704, 0.0261968, -0.00310497, 0.0188159, -0.00361361, 0.0032949, 0.00301369, 0.0167062, -0.000870485, 0.00772363, -0.00120738, 0.0086115, 0.00301369, 0.0167062, -0.0116704, 0.0261968, -0.0118654, 0.00378167, 0.0892571, 0.07753, 0.0162528, 0.0430864, 0.0645536, 0.0519697, -0.00310497, 0.0188159, 0.00301369, 0.0167062, 0.0444362, 0.194223, 0.021561, 0.0446034, -0.00863818, 0.0282719, 0.0162528, 0.0430864, -0.000870485, 0.00772363, 0.021561, 0.0446034, -0.000870485, 0.00772363, -0.00120738, 0.0086115, 0.0645536, 0.0519697, -0.00120738, 0.0086115, 0.00301369, 0.0167062, -0.00863818, 0.0282719, -0.00120738, 0.0086115, -0.00361361, 0.0032949, -0.00310497, 0.0188159, -0.0116704, 0.0261968, -0.0118654, 0.00378167, ]
best_mc_result_fixed_tau =   [0.121896, 0.121896, ]
evolved_state_fixed_tau =   [[-0.0114611, 0.0049341, -0.012417, 0.02538, -0.001093, 0.00839756, -0.00339853, 0.00330927, -0.00283839, 0.0182974, 0.0630664, 0.0552697, -0.00283839, 0.0182974, 0.0162382, 0.041493, -0.0177762, 0.0478233, -0.00283839, 0.0182974, -0.00339853, 0.00330927, -0.001093, 0.00839756, -0.012417, 0.02538, -0.00928315, 0.0274007, -0.0498328, 0.422932, -0.00928315, 0.0274007, -0.00283839, 0.0182974, -0.0177762, 0.0478233, 0.0162382, 0.041493, -0.004764, 0.0496822, -0.001093, 0.00839756, -0.000790106, 0.0069781, 0.0030272, 0.0165687, 0.0212921, 0.0437096, 0.0363046, 0.195129, 0.0030272, 0.0165687, 0.0630664, 0.0552697, 0.0162382, 0.041493, 0.0869804, 0.0819673, 0.0162382, 0.041493, -0.0114611, 0.0049341, -0.012417, 0.02538, 0.0030272, 0.0165687, -0.00928315, 0.0274007, -0.00283839, 0.0182974, -0.00928315, 0.0274007, 0.0212921, 0.0437096, -0.00928315, 0.0274007, 0.0363046, 0.195129, -0.0498328, 0.422932, -0.012417, 0.02538, 0.0162382, 0.041493, -0.004764, 0.0496822, 0.0162382, 0.041493, -0.0177762, 0.0478233, -0.012417, 0.02538, -0.0498328, 0.422932, 0.0363046, 0.195129, -0.0498328, 0.422932, -0.0177762, 0.0478233, -0.001093, 0.00839756, -0.00928315, 0.0274007, 0.0030272, 0.0165687, -0.012417, 0.02538, -0.00283839, 0.0182974, -0.00339853, 0.00330927, 0.0030272, 0.0165687, -0.000790106, 0.0069781, -0.001093, 0.00839756, 0.0030272, 0.0165687, -0.012417, 0.02538, -0.0114611, 0.0049341, 0.0869804, 0.0819673, 0.0162382, 0.041493, 0.0630664, 0.0552697, -0.00283839, 0.0182974, 0.0030272, 0.0165687, 0.0363046, 0.195129, 0.0212921, 0.0437096, -0.00928315, 0.0274007, 0.0162382, 0.041493, -0.000790106, 0.0069781, 0.0212921, 0.0437096, -0.000790106, 0.0069781, -0.001093, 0.00839756, 0.0630664, 0.0552697, -0.001093, 0.00839756, 0.0030272, 0.0165687, -0.00928315, 0.0274007, -0.001093, 0.00839756, -0.00339853, 0.00330927, -0.00283839, 0.0182974, -0.012417, 0.02538, -0.0114611, 0.0049341, ],[-0.0114611, 0.0049341, -0.012417, 0.02538, -0.001093, 0.00839756, -0.00339853, 0.00330927, -0.00283839, 0.0182974, 0.0630664, 0.0552697, -0.00283839, 0.0182974, 0.0162382, 0.041493, -0.0177762, 0.0478233, -0.00283839, 0.0182974, -0.00339853, 0.00330927, -0.001093, 0.00839756, -0.012417, 0.02538, -0.00928315, 0.0274007, -0.0498328, 0.422932, -0.00928315, 0.0274007, -0.00283839, 0.0182974, -0.0177762, 0.0478233, 0.0162382, 0.041493, -0.004764, 0.0496822, -0.001093, 0.00839756, -0.000790106, 0.0069781, 0.0030272, 0.0165687, 0.0212921, 0.0437096, 0.0363046, 0.195129, 0.0030272, 0.0165687, 0.0630664, 0.0552697, 0.0162382, 0.041493, 0.0869804, 0.0819673, 0.0162382, 0.041493, -0.0114611, 0.0049341, -0.012417, 0.02538, 0.0030272, 0.0165687, -0.00928315, 0.0274007, -0.00283839, 0.0182974, -0.00928315, 0.0274007, 0.0212921, 0.0437096, -0.00928315, 0.0274007, 0.0363046, 0.195129, -0.0498328, 0.422932, -0.012417, 0.02538, 0.0162382, 0.041493, -0.004764, 0.0496822, 0.0162382, 0.041493, -0.0177762, 0.0478233, -0.012417, 0.02538, -0.0498328, 0.422932, 0.0363046, 0.195129, -0.0498328, 0.422932, -0.0177762, 0.0478233, -0.001093, 0.00839756, -0.00928315, 0.0274007, 0.0030272, 0.0165687, -0.012417, 0.02538, -0.00283839, 0.0182974, -0.00339853, 0.00330927, 0.0030272, 0.0165687, -0.000790106, 0.0069781, -0.001093, 0.00839756, 0.0030272, 0.0165687, -0.012417, 0.02538, -0.0114611, 0.0049341, 0.0869804, 0.0819673, 0.0162382, 0.041493, 0.0630664, 0.0552697, -0.00283839, 0.0182974, 0.0030272, 0.0165687, 0.0363046, 0.195129, 0.0212921, 0.0437096, -0.00928315, 0.0274007, 0.0162382, 0.041493, -0.000790106, 0.0069781, 0.0212921, 0.0437096, -0.000790106, 0.0069781, -0.001093, 0.00839756, 0.0630664, 0.0552697, -0.001093, 0.00839756, 0.0030272, 0.0165687, -0.00928315, 0.0274007, -0.001093, 0.00839756, -0.00339853, 0.00330927, -0.00283839, 0.0182974, -0.012417, 0.02538, -0.0114611, 0.0049341, ],]
##############################################################################
clock_duration  =         1957.61
tau =                     0.84
total_steps =             32
time_step =               0.02625
best_mc_result =          0.0967444
best_mc_result_non_secondary =          0.09819
evolved_target_dot_squared =  0.903256
distance =          0.347499
j_protocol =  [[0, 0, 0, 0, 1, 1, 0, 0, 1, 1, 1, 1, 0, 1, 1, 1, 1, 0, 0, 0, 0, 0, 0, 0, 1, 0, 0, 1, 1, 1, 1, 1, ],[0, 0, 0, 0, 0, 0, 1, 1, 1, 1, 1, 1, 1, 1, 0, 0, 1, 1, 0, 0, 0, 0, 0, 0, 1, 1, 0, 0, 1, 1, 1, 1, ],]
k_protocol =  [[1, 1, 1, 1, 1, 1, 1, 1, 1, 1, 1, 1, 1, 1, 1, 1, 1, 1, 1, 1, 1, 1, 1, 1, 1, 1, 1, 1, 1, 1, 1, 1, ],[1, 1, 1, 1, 1, 1, 1, 1, 1, 1, 1, 1, 1, 1, 1, 1, 1, 1, 1, 1, 1, 1, 1, 1, 1, 1, 1, 1, 1, 1, 1, 1, ],]
j_protocol_secondary =  [0.127796, 0.166834, 0.192034, 0.305754, 0.335853, 0.336268, 0.337665, 0.337665, 0.348525, 0.461283, 0.624805, 0.627242, 0.634983, 0.651359, 0.709382, 0.84, ]
k_protocol_secondary =  [0, 0.00622451, 0.00622451, 0.173021, 0.173021, 0.290327, 0.290327, 0.363675, 0.363675, 0.47228, 0.47228, 0.516955, 0.516955, 0.519362, 0.519362, 0.82634, ]
best_evolved_state = [-0.0171186, 0.00357421, -0.0297247, 0.0082427, -0.00856664, 0.00858184, -0.00681946, 0.00389965, -0.012441, 0.0222025, 0.0207782, 0.0701379, -0.012441, 0.0222025, -0.0365755, 0.0346371, -0.0447265, 0.0113629, -0.012441, 0.0222025, -0.00681946, 0.00389965, -0.00856664, 0.00858184, -0.0297247, 0.0082427, -0.0288672, 0.0093199, -0.360358, 0.251251, -0.0288672, 0.0093199, -0.012441, 0.0222025, -0.0447265, 0.0113629, -0.0365755, 0.0346371, -0.0308282, 0.0102068, -0.00856664, 0.00858184, -0.0130079, 0.00727692, -0.00636112, 0.00829883, -0.024987, 0.0327924, -0.106405, 0.137394, -0.00636112, 0.00829883, 0.0207782, 0.0701379, -0.0365755, 0.0346371, 0.0274374, 0.105032, -0.0365755, 0.0346371, -0.0171186, 0.00357421, -0.0297247, 0.0082427, -0.00636112, 0.00829883, -0.0288672, 0.0093199, -0.012441, 0.0222025, -0.0288672, 0.0093199, -0.024987, 0.0327924, -0.0288672, 0.0093199, -0.106405, 0.137394, -0.360358, 0.251251, -0.0297247, 0.0082427, -0.0365755, 0.0346371, -0.0308282, 0.0102068, -0.0365755, 0.0346371, -0.0447265, 0.0113629, -0.0297247, 0.0082427, -0.360358, 0.251251, -0.106405, 0.137394, -0.360358, 0.251251, -0.0447265, 0.0113629, -0.00856664, 0.00858184, -0.0288672, 0.0093199, -0.00636112, 0.00829883, -0.0297247, 0.0082427, -0.012441, 0.0222025, -0.00681946, 0.00389965, -0.00636112, 0.00829883, -0.0130079, 0.00727692, -0.00856664, 0.00858184, -0.00636112, 0.00829883, -0.0297247, 0.0082427, -0.0171186, 0.00357421, 0.0274374, 0.105032, -0.0365755, 0.0346371, 0.0207782, 0.0701379, -0.012441, 0.0222025, -0.00636112, 0.00829883, -0.106405, 0.137394, -0.024987, 0.0327924, -0.0288672, 0.0093199, -0.0365755, 0.0346371, -0.0130079, 0.00727692, -0.024987, 0.0327924, -0.0130079, 0.00727692, -0.00856664, 0.00858184, 0.0207782, 0.0701379, -0.00856664, 0.00858184, -0.00636112, 0.00829883, -0.0288672, 0.0093199, -0.00856664, 0.00858184, -0.00681946, 0.00389965, -0.012441, 0.0222025, -0.0297247, 0.0082427, -0.0171186, 0.00357421, ]
best_mc_result_fixed_tau =   [0.09819, 0.0983351, ]
evolved_state_fixed_tau =   [[-0.0168038, 0.00449386, -0.0312324, 0.00399558, -0.0083734, 0.00776676, -0.00625519, 0.00354455, -0.0119098, 0.0198479, 0.0135715, 0.0731769, -0.0119098, 0.0198479, -0.0350331, 0.0327675, -0.0490386, 0.00495896, -0.0119098, 0.0198479, -0.00625519, 0.00354455, -0.0083734, 0.00776676, -0.0312324, 0.00399558, -0.0305151, 0.00550359, -0.382625, 0.214784, -0.0305151, 0.00550359, -0.0119098, 0.0198479, -0.0490386, 0.00495896, -0.0350331, 0.0327675, -0.0363924, 0.00523141, -0.0083734, 0.00776676, -0.0119917, 0.00604822, -0.00871858, 0.00763176, -0.0255737, 0.0315616, -0.118202, 0.12845, -0.00871858, 0.00763176, 0.0135715, 0.0731769, -0.0350331, 0.0327675, 0.017158, 0.108716, -0.0350331, 0.0327675, -0.0168038, 0.00449386, -0.0312324, 0.00399558, -0.00871858, 0.00763176, -0.0305151, 0.00550359, -0.0119098, 0.0198479, -0.0305151, 0.00550359, -0.0255737, 0.0315616, -0.0305151, 0.00550359, -0.118202, 0.12845, -0.382625, 0.214784, -0.0312324, 0.00399558, -0.0350331, 0.0327675, -0.0363924, 0.00523141, -0.0350331, 0.0327675, -0.0490386, 0.00495896, -0.0312324, 0.00399558, -0.382625, 0.214784, -0.118202, 0.12845, -0.382625, 0.214784, -0.0490386, 0.00495896, -0.0083734, 0.00776676, -0.0305151, 0.00550359, -0.00871858, 0.00763176, -0.0312324, 0.00399558, -0.0119098, 0.0198479, -0.00625519, 0.00354455, -0.00871858, 0.00763176, -0.0119917, 0.00604822, -0.0083734, 0.00776676, -0.00871858, 0.00763176, -0.0312324, 0.00399558, -0.0168038, 0.00449386, 0.017158, 0.108716, -0.0350331, 0.0327675, 0.0135715, 0.0731769, -0.0119098, 0.0198479, -0.00871858, 0.00763176, -0.118202, 0.12845, -0.0255737, 0.0315616, -0.0305151, 0.00550359, -0.0350331, 0.0327675, -0.0119917, 0.00604822, -0.0255737, 0.0315616, -0.0119917, 0.00604822, -0.0083734, 0.00776676, 0.0135715, 0.0731769, -0.0083734, 0.00776676, -0.00871858, 0.00763176, -0.0305151, 0.00550359, -0.0083734, 0.00776676, -0.00625519, 0.00354455, -0.0119098, 0.0198479, -0.0312324, 0.00399558, -0.0168038, 0.00449386, ],[-0.0168038, 0.00449386, -0.0312324, 0.00399558, -0.0083734, 0.00776676, -0.00625519, 0.00354455, -0.0119098, 0.0198479, 0.0135715, 0.0731769, -0.0119098, 0.0198479, -0.0350331, 0.0327675, -0.0490386, 0.00495896, -0.0119098, 0.0198479, -0.00625519, 0.00354455, -0.0083734, 0.00776676, -0.0312324, 0.00399558, -0.0305151, 0.00550359, -0.382625, 0.214784, -0.0305151, 0.00550359, -0.0119098, 0.0198479, -0.0490386, 0.00495896, -0.0350331, 0.0327675, -0.0363924, 0.00523141, -0.0083734, 0.00776676, -0.0119917, 0.00604822, -0.00871858, 0.00763176, -0.0255737, 0.0315616, -0.118202, 0.12845, -0.00871858, 0.00763176, 0.0135715, 0.0731769, -0.0350331, 0.0327675, 0.017158, 0.108716, -0.0350331, 0.0327675, -0.0168038, 0.00449386, -0.0312324, 0.00399558, -0.00871858, 0.00763176, -0.0305151, 0.00550359, -0.0119098, 0.0198479, -0.0305151, 0.00550359, -0.0255737, 0.0315616, -0.0305151, 0.00550359, -0.118202, 0.12845, -0.382625, 0.214784, -0.0312324, 0.00399558, -0.0350331, 0.0327675, -0.0363924, 0.00523141, -0.0350331, 0.0327675, -0.0490386, 0.00495896, -0.0312324, 0.00399558, -0.382625, 0.214784, -0.118202, 0.12845, -0.382625, 0.214784, -0.0490386, 0.00495896, -0.0083734, 0.00776676, -0.0305151, 0.00550359, -0.00871858, 0.00763176, -0.0312324, 0.00399558, -0.0119098, 0.0198479, -0.00625519, 0.00354455, -0.00871858, 0.00763176, -0.0119917, 0.00604822, -0.0083734, 0.00776676, -0.00871858, 0.00763176, -0.0312324, 0.00399558, -0.0168038, 0.00449386, 0.017158, 0.108716, -0.0350331, 0.0327675, 0.0135715, 0.0731769, -0.0119098, 0.0198479, -0.00871858, 0.00763176, -0.118202, 0.12845, -0.0255737, 0.0315616, -0.0305151, 0.00550359, -0.0350331, 0.0327675, -0.0119917, 0.00604822, -0.0255737, 0.0315616, -0.0119917, 0.00604822, -0.0083734, 0.00776676, 0.0135715, 0.0731769, -0.0083734, 0.00776676, -0.00871858, 0.00763176, -0.0305151, 0.00550359, -0.0083734, 0.00776676, -0.00625519, 0.00354455, -0.0119098, 0.0198479, -0.0312324, 0.00399558, -0.0168038, 0.00449386, ],]
##############################################################################
clock_duration  =         3074.27
tau =                     1.092
total_steps =             32
time_step =               0.034125
best_mc_result =          0.0631195
best_mc_result_non_secondary =          0.0700005
evolved_target_dot_squared =  0.936881
distance =          0.226721
j_protocol =  [[0, 1, 0, 1, 0, 0, 1, 1, 1, 1, 0, 0, 0, 1, 1, 0, 0, 1, 0, 1, 1, 1, 0, 0, 1, 0, 0, 0, 0, 1, 1, 1, ],[0, 0, 1, 1, 1, 0, 0, 0, 1, 1, 1, 0, 1, 1, 0, 0, 1, 0, 0, 1, 1, 1, 0, 0, 0, 0, 1, 1, 0, 0, 1, 1, ],]
k_protocol =  [[1, 1, 1, 1, 1, 1, 1, 1, 1, 1, 1, 1, 1, 1, 1, 1, 1, 1, 1, 1, 1, 1, 1, 1, 1, 1, 1, 1, 1, 1, 1, 1, ],[1, 1, 1, 1, 1, 1, 1, 1, 1, 1, 1, 1, 1, 1, 1, 1, 1, 1, 1, 1, 1, 1, 1, 1, 1, 1, 1, 1, 1, 1, 1, 1, ],]
j_protocol_secondary =  [0.0467762, 0.0467762, 0.122706, 0.177363, 0.177363, 0.317918, 0.454846, 0.509155, 0.568261, 0.623104, 0.634515, 0.748814, 0.827343, 0.838097, 0.972413, 1.092, ]
k_protocol_secondary =  [0, 0.0678476, 0.0678476, 0.411458, 0.411458, 0.699113, 0.699113, 0.704509, 0.704509, 0.77298, 0.77298, 0.863551, 0.863551, 0.873025, 0.873025, 1.0782, ]
best_evolved_state = [0.00434404, -0.00181587, -0.0130017, -0.0261153, -0.0089498, -0.00311555, -0.00312736, 0.00352113, -0.00907179, 0.000874091, -0.0465851, 0.02718, -0.00907179, 0.000874091, -0.0419171, -0.041281, -0.00827864, -0.0490099, -0.00907179, 0.000874091, -0.00312736, 0.00352113, -0.0089498, -0.00311555, -0.0130017, -0.0261153, -0.0108566, -0.0286438, -0.18394, -0.413874, -0.0108566, -0.0286438, -0.00907179, 0.000874091, -0.00827864, -0.0490099, -0.0419171, -0.041281, 0.0067095, -0.0551008, -0.0089498, -0.00311555, -0.0134345, -0.00827763, -0.00564967, -0.00840982, -0.0280296, -0.0353968, -0.0861731, -0.118664, -0.00564967, -0.00840982, -0.0465851, 0.02718, -0.0419171, -0.041281, -0.0691626, 0.0366471, -0.0419171, -0.041281, 0.00434404, -0.00181587, -0.0130017, -0.0261153, -0.00564967, -0.00840982, -0.0108566, -0.0286438, -0.00907179, 0.000874091, -0.0108566, -0.0286438, -0.0280296, -0.0353968, -0.0108566, -0.0286438, -0.0861731, -0.118664, -0.18394, -0.413874, -0.0130017, -0.0261153, -0.0419171, -0.041281, 0.0067095, -0.0551008, -0.0419171, -0.041281, -0.00827864, -0.0490099, -0.0130017, -0.0261153, -0.18394, -0.413874, -0.0861731, -0.118664, -0.18394, -0.413874, -0.00827864, -0.0490099, -0.0089498, -0.00311555, -0.0108566, -0.0286438, -0.00564967, -0.00840982, -0.0130017, -0.0261153, -0.00907179, 0.000874091, -0.00312736, 0.00352113, -0.00564967, -0.00840982, -0.0134345, -0.00827763, -0.0089498, -0.00311555, -0.00564967, -0.00840982, -0.0130017, -0.0261153, 0.00434404, -0.00181587, -0.0691626, 0.0366471, -0.0419171, -0.041281, -0.0465851, 0.02718, -0.00907179, 0.000874091, -0.00564967, -0.00840982, -0.0861731, -0.118664, -0.0280296, -0.0353968, -0.0108566, -0.0286438, -0.0419171, -0.041281, -0.0134345, -0.00827763, -0.0280296, -0.0353968, -0.0134345, -0.00827763, -0.0089498, -0.00311555, -0.0465851, 0.02718, -0.0089498, -0.00311555, -0.00564967, -0.00840982, -0.0108566, -0.0286438, -0.0089498, -0.00311555, -0.00312736, 0.00352113, -0.00907179, 0.000874091, -0.0130017, -0.0261153, 0.00434404, -0.00181587, ]
best_mc_result_fixed_tau =   [0.0700005, 0.0710837, ]
evolved_state_fixed_tau =   [[-0.00111459, -0.000913055, -0.012251, -0.0293352, -0.0091487, -0.00424479, -0.0047528, 0.000904369, -0.0134198, -0.000839654, -0.05794, 0.0237619, -0.0134198, -0.000839654, -0.0329942, -0.043104, -0.00943168, -0.0495435, -0.0134198, -0.000839654, -0.0047528, 0.000904369, -0.0091487, -0.00424479, -0.012251, -0.0293352, -0.0104497, -0.0300125, -0.132653, -0.432526, -0.0104497, -0.0300125, -0.0134198, -0.000839654, -0.00943168, -0.0495435, -0.0329942, -0.043104, 0.00391953, -0.0472126, -0.0091487, -0.00424479, -0.0114677, -0.0104816, -0.00696624, -0.00696325, -0.0236812, -0.0326169, -0.0847148, -0.117757, -0.00696624, -0.00696325, -0.05794, 0.0237619, -0.0329942, -0.043104, -0.0852299, 0.0308767, -0.0329942, -0.043104, -0.00111459, -0.000913055, -0.012251, -0.0293352, -0.00696624, -0.00696325, -0.0104497, -0.0300125, -0.0134198, -0.000839654, -0.0104497, -0.0300125, -0.0236812, -0.0326169, -0.0104497, -0.0300125, -0.0847148, -0.117757, -0.132653, -0.432526, -0.012251, -0.0293352, -0.0329942, -0.043104, 0.00391953, -0.0472126, -0.0329942, -0.043104, -0.00943168, -0.0495435, -0.012251, -0.0293352, -0.132653, -0.432526, -0.0847148, -0.117757, -0.132653, -0.432526, -0.00943168, -0.0495435, -0.0091487, -0.00424479, -0.0104497, -0.0300125, -0.00696624, -0.00696325, -0.012251, -0.0293352, -0.0134198, -0.000839654, -0.0047528, 0.000904369, -0.00696624, -0.00696325, -0.0114677, -0.0104816, -0.0091487, -0.00424479, -0.00696624, -0.00696325, -0.012251, -0.0293352, -0.00111459, -0.000913055, -0.0852299, 0.0308767, -0.0329942, -0.043104, -0.05794, 0.0237619, -0.0134198, -0.000839654, -0.00696624, -0.00696325, -0.0847148, -0.117757, -0.0236812, -0.0326169, -0.0104497, -0.0300125, -0.0329942, -0.043104, -0.0114677, -0.0104816, -0.0236812, -0.0326169, -0.0114677, -0.0104816, -0.0091487, -0.00424479, -0.05794, 0.0237619, -0.0091487, -0.00424479, -0.00696624, -0.00696325, -0.0104497, -0.0300125, -0.0091487, -0.00424479, -0.0047528, 0.000904369, -0.0134198, -0.000839654, -0.012251, -0.0293352, -0.00111459, -0.000913055, ],[-0.00518119, -0.000279793, -0.00857138, -0.028121, -0.00945953, -0.00246309, -0.00551513, 0.00139023, -0.0132694, 0.00419916, -0.0568209, 0.01984, -0.0132694, 0.00419916, -0.0392364, -0.0401052, -0.00120027, -0.0497572, -0.0132694, 0.00419916, -0.00551513, 0.00139023, -0.00945953, -0.00246309, -0.00857138, -0.028121, -0.00698363, -0.0292782, -0.132462, -0.432243, -0.00698363, -0.0292782, -0.0132694, 0.00419916, -0.00120027, -0.0497572, -0.0392364, -0.0401052, 0.013139, -0.0498707, -0.00945953, -0.00246309, -0.012767, -0.00879911, -0.0050318, -0.00863425, -0.0267191, -0.0322088, -0.0849802, -0.120364, -0.0050318, -0.00863425, -0.0568209, 0.01984, -0.0392364, -0.0401052, -0.0830149, 0.0271931, -0.0392364, -0.0401052, -0.00518119, -0.000279793, -0.00857138, -0.028121, -0.0050318, -0.00863425, -0.00698363, -0.0292782, -0.0132694, 0.00419916, -0.00698363, -0.0292782, -0.0267191, -0.0322088, -0.00698363, -0.0292782, -0.0849802, -0.120364, -0.132462, -0.432243, -0.00857138, -0.028121, -0.0392364, -0.0401052, 0.013139, -0.0498707, -0.0392364, -0.0401052, -0.00120027, -0.0497572, -0.00857138, -0.028121, -0.132462, -0.432243, -0.0849802, -0.120364, -0.132462, -0.432243, -0.00120027, -0.0497572, -0.00945953, -0.00246309, -0.00698363, -0.0292782, -0.0050318, -0.00863425, -0.00857138, -0.028121, -0.0132694, 0.00419916, -0.00551513, 0.00139023, -0.0050318, -0.00863425, -0.012767, -0.00879911, -0.00945953, -0.00246309, -0.0050318, -0.00863425, -0.00857138, -0.028121, -0.00518119, -0.000279793, -0.0830149, 0.0271931, -0.0392364, -0.0401052, -0.0568209, 0.01984, -0.0132694, 0.00419916, -0.0050318, -0.00863425, -0.0849802, -0.120364, -0.0267191, -0.0322088, -0.00698363, -0.0292782, -0.0392364, -0.0401052, -0.012767, -0.00879911, -0.0267191, -0.0322088, -0.012767, -0.00879911, -0.00945953, -0.00246309, -0.0568209, 0.01984, -0.00945953, -0.00246309, -0.0050318, -0.00863425, -0.00698363, -0.0292782, -0.00945953, -0.00246309, -0.00551513, 0.00139023, -0.0132694, 0.00419916, -0.00857138, -0.028121, -0.00518119, -0.000279793, ],]
##############################################################################
clock_duration  =         4237.57
tau =                     1.3104
total_steps =             32
time_step =               0.04095
best_mc_result =          0.0375175
best_mc_result_non_secondary =          0.0407995
evolved_target_dot_squared =  0.962483
distance =          0.13476
j_protocol =  [[0, 0, 0, 1, 1, 1, 0, 1, 1, 1, 0, 0, 0, 0, 1, 0, 1, 1, 1, 0, 1, 1, 0, 0, 0, 0, 0, 1, 1, 0, 1, 1, ],[0, 0, 1, 0, 1, 1, 1, 1, 1, 0, 0, 0, 0, 0, 1, 1, 0, 1, 1, 1, 0, 0, 1, 1, 0, 0, 0, 0, 0, 1, 1, 1, ],]
k_protocol =  [[1, 1, 1, 1, 1, 1, 1, 1, 1, 1, 1, 1, 1, 1, 1, 1, 1, 1, 1, 1, 1, 1, 1, 1, 1, 1, 1, 1, 1, 1, 1, 1, ],[1, 1, 1, 1, 1, 1, 1, 1, 1, 1, 1, 1, 1, 1, 1, 1, 1, 1, 1, 1, 1, 1, 1, 1, 1, 1, 1, 1, 1, 1, 1, 1, ],]
j_protocol_secondary =  [0.106041, 0.12237, 0.147779, 0.374943, 0.563193, 0.605322, 0.606353, 0.65276, 0.702285, 0.82535, 0.900403, 0.985327, 1.11712, 1.12328, 1.18973, 1.3104, ]
k_protocol_secondary =  [0, 0.303928, 0.303928, 0.404151, 0.404151, 0.488531, 0.488531, 0.651278, 0.651278, 0.800784, 0.800784, 0.803147, 0.803147, 1.21241, 1.21241, 1.29954, ]
best_evolved_state = [0.0153442, -0.0077132, 0.016064, -0.00700937, 0.000818353, -0.00449203, 0.00543543, 0.00795287, 0.0148212, -0.00416242, -0.0272503, -0.019231, 0.0148212, -0.00416242, 0.0190557, -0.0427448, 0.0431876, -0.0119583, 0.0148212, -0.00416242, 0.00543543, 0.00795287, 0.000818353, -0.00449203, 0.016064, -0.00700937, 0.0216181, -0.00988099, 0.409762, -0.212691, 0.0216181, -0.00988099, 0.0148212, -0.00416242, 0.0431876, -0.0119583, 0.0190557, -0.0427448, 0.063524, -0.0255713, 0.000818353, -0.00449203, 4.85659e-05, -0.00780367, 0.00325372, -0.00784153, 0.0266712, -0.0334523, 0.12565, -0.0731324, 0.00325372, -0.00784153, -0.0272503, -0.019231, 0.0190557, -0.0427448, -0.0363864, -0.0325706, 0.0190557, -0.0427448, 0.0153442, -0.0077132, 0.016064, -0.00700937, 0.00325372, -0.00784153, 0.0216181, -0.00988099, 0.0148212, -0.00416242, 0.0216181, -0.00988099, 0.0266712, -0.0334523, 0.0216181, -0.00988099, 0.12565, -0.0731324, 0.409762, -0.212691, 0.016064, -0.00700937, 0.0190557, -0.0427448, 0.063524, -0.0255713, 0.0190557, -0.0427448, 0.0431876, -0.0119583, 0.016064, -0.00700937, 0.409762, -0.212691, 0.12565, -0.0731324, 0.409762, -0.212691, 0.0431876, -0.0119583, 0.000818353, -0.00449203, 0.0216181, -0.00988099, 0.00325372, -0.00784153, 0.016064, -0.00700937, 0.0148212, -0.00416242, 0.00543543, 0.00795287, 0.00325372, -0.00784153, 4.85659e-05, -0.00780367, 0.000818353, -0.00449203, 0.00325372, -0.00784153, 0.016064, -0.00700937, 0.0153442, -0.0077132, -0.0363864, -0.0325706, 0.0190557, -0.0427448, -0.0272503, -0.019231, 0.0148212, -0.00416242, 0.00325372, -0.00784153, 0.12565, -0.0731324, 0.0266712, -0.0334523, 0.0216181, -0.00988099, 0.0190557, -0.0427448, 4.85659e-05, -0.00780367, 0.0266712, -0.0334523, 4.85659e-05, -0.00780367, 0.000818353, -0.00449203, -0.0272503, -0.019231, 0.000818353, -0.00449203, 0.00325372, -0.00784153, 0.0216181, -0.00988099, 0.000818353, -0.00449203, 0.00543543, 0.00795287, 0.0148212, -0.00416242, 0.016064, -0.00700937, 0.0153442, -0.0077132, ]
best_mc_result_fixed_tau =   [0.044465, 0.0407995, ]
evolved_state_fixed_tau =   [[0.0119011, -0.00909635, 0.0207468, -0.000414825, -0.0022514, -0.00411982, 0.002766, 0.00636834, 0.00627169, -0.000342305, -0.0319293, -0.0167771, 0.00627169, -0.000342305, 0.0124228, -0.0468289, 0.0552913, 0.00232901, 0.00627169, -0.000342305, 0.002766, 0.00636834, -0.0022514, -0.00411982, 0.0207468, -0.000414825, 0.0266991, -0.00308776, 0.410517, -0.210188, 0.0266991, -0.00308776, 0.00627169, -0.000342305, 0.0552913, 0.00232901, 0.0124228, -0.0468289, 0.0804621, -0.00735194, -0.0022514, -0.00411982, -0.00189307, -0.00850453, 0.00581983, -0.00581635, 0.0239036, -0.0324513, 0.123908, -0.0610339, 0.00581983, -0.00581635, -0.0319293, -0.0167771, 0.0124228, -0.0468289, -0.0434358, -0.0288438, 0.0124228, -0.0468289, 0.0119011, -0.00909635, 0.0207468, -0.000414825, 0.00581983, -0.00581635, 0.0266991, -0.00308776, 0.00627169, -0.000342305, 0.0266991, -0.00308776, 0.0239036, -0.0324513, 0.0266991, -0.00308776, 0.123908, -0.0610339, 0.410517, -0.210188, 0.0207468, -0.000414825, 0.0124228, -0.0468289, 0.0804621, -0.00735194, 0.0124228, -0.0468289, 0.0552913, 0.00232901, 0.0207468, -0.000414825, 0.410517, -0.210188, 0.123908, -0.0610339, 0.410517, -0.210188, 0.0552913, 0.00232901, -0.0022514, -0.00411982, 0.0266991, -0.00308776, 0.00581983, -0.00581635, 0.0207468, -0.000414825, 0.00627169, -0.000342305, 0.002766, 0.00636834, 0.00581983, -0.00581635, -0.00189307, -0.00850453, -0.0022514, -0.00411982, 0.00581983, -0.00581635, 0.0207468, -0.000414825, 0.0119011, -0.00909635, -0.0434358, -0.0288438, 0.0124228, -0.0468289, -0.0319293, -0.0167771, 0.00627169, -0.000342305, 0.00581983, -0.00581635, 0.123908, -0.0610339, 0.0239036, -0.0324513, 0.0266991, -0.00308776, 0.0124228, -0.0468289, -0.00189307, -0.00850453, 0.0239036, -0.0324513, -0.00189307, -0.00850453, -0.0022514, -0.00411982, -0.0319293, -0.0167771, -0.0022514, -0.00411982, 0.00581983, -0.00581635, 0.0266991, -0.00308776, -0.0022514, -0.00411982, 0.002766, 0.00636834, 0.00627169, -0.000342305, 0.0207468, -0.000414825, 0.0119011, -0.00909635, ],[0.0148129, -0.00999664, 0.0158999, -0.00916258, 0.00170425, -0.00662486, 0.00598411, 0.00486386, 0.0129953, -0.00987834, -0.035618, -0.0258469, 0.0129953, -0.00987834, 0.0237255, -0.0399513, 0.0382685, -0.0126817, 0.0129953, -0.00987834, 0.00598411, 0.00486386, 0.00170425, -0.00662486, 0.0158999, -0.00916258, 0.0201328, -0.0106351, 0.420207, -0.197488, 0.0201328, -0.0106351, 0.0129953, -0.00987834, 0.0382685, -0.0126817, 0.0237255, -0.0399513, 0.0518566, -0.0197341, 0.00170425, -0.00662486, 0.00199706, -0.00858859, 0.00128129, -0.00781238, 0.0261229, -0.0309005, 0.112573, -0.075309, 0.00128129, -0.00781238, -0.035618, -0.0258469, 0.0237255, -0.0399513, -0.0486895, -0.042886, 0.0237255, -0.0399513, 0.0148129, -0.00999664, 0.0158999, -0.00916258, 0.00128129, -0.00781238, 0.0201328, -0.0106351, 0.0129953, -0.00987834, 0.0201328, -0.0106351, 0.0261229, -0.0309005, 0.0201328, -0.0106351, 0.112573, -0.075309, 0.420207, -0.197488, 0.0158999, -0.00916258, 0.0237255, -0.0399513, 0.0518566, -0.0197341, 0.0237255, -0.0399513, 0.0382685, -0.0126817, 0.0158999, -0.00916258, 0.420207, -0.197488, 0.112573, -0.075309, 0.420207, -0.197488, 0.0382685, -0.0126817, 0.00170425, -0.00662486, 0.0201328, -0.0106351, 0.00128129, -0.00781238, 0.0158999, -0.00916258, 0.0129953, -0.00987834, 0.00598411, 0.00486386, 0.00128129, -0.00781238, 0.00199706, -0.00858859, 0.00170425, -0.00662486, 0.00128129, -0.00781238, 0.0158999, -0.00916258, 0.0148129, -0.00999664, -0.0486895, -0.042886, 0.0237255, -0.0399513, -0.035618, -0.0258469, 0.0129953, -0.00987834, 0.00128129, -0.00781238, 0.112573, -0.075309, 0.0261229, -0.0309005, 0.0201328, -0.0106351, 0.0237255, -0.0399513, 0.00199706, -0.00858859, 0.0261229, -0.0309005, 0.00199706, -0.00858859, 0.00170425, -0.00662486, -0.035618, -0.0258469, 0.00170425, -0.00662486, 0.00128129, -0.00781238, 0.0201328, -0.0106351, 0.00170425, -0.00662486, 0.00598411, 0.00486386, 0.0129953, -0.00987834, 0.0158999, -0.00916258, 0.0148129, -0.00999664, ],]
##############################################################################
clock_duration  =         5392.25
tau =                     1.44144
total_steps =             32
time_step =               0.045045
best_mc_result =          0.0263547
best_mc_result_non_secondary =          0.0303362
evolved_target_dot_squared =  0.973645
distance =          0.0946643
j_protocol =  [[0, 0, 1, 1, 1, 1, 0, 0, 1, 1, 0, 0, 1, 1, 0, 0, 1, 1, 0, 0, 1, 1, 0, 0, 1, 1, 0, 0, 0, 0, 1, 1, ],[0, 0, 1, 1, 1, 1, 0, 0, 1, 1, 0, 0, 1, 1, 0, 0, 1, 1, 0, 0, 1, 1, 0, 0, 1, 1, 0, 0, 0, 0, 1, 1, ],]
k_protocol =  [[1, 1, 1, 1, 1, 1, 1, 1, 1, 1, 1, 1, 1, 1, 1, 1, 1, 1, 1, 1, 1, 1, 1, 1, 1, 1, 1, 1, 1, 1, 1, 1, ],[1, 1, 1, 1, 1, 1, 1, 1, 1, 1, 1, 1, 1, 1, 1, 1, 1, 1, 1, 1, 1, 1, 1, 1, 1, 1, 1, 1, 1, 1, 1, 1, ],]
j_protocol_secondary =  [0.106592, 0.284897, 0.360495, 0.445445, 0.542652, 0.63211, 0.709735, 0.709735, 0.721428, 0.812998, 0.895281, 0.996792, 1.08144, 1.16111, 1.33317, 1.44144, ]
k_protocol_secondary =  [0, 0.468681, 0.468681, 0.799289, 0.799289, 0.935873, 0.935873, 0.969654, 0.969654, 0.992916, 0.992916, 1.07502, 1.07502, 1.18634, 1.18634, 1.43048, ]
best_evolved_state = [0.0057527, -0.00463113, 0.0141301, 0.013401, 0.00279036, 8.00903e-05, 0.00504043, 0.00612538, 0.0167554, 0.00333414, -0.00455699, -0.0283788, 0.0167554, 0.00333414, 0.0334557, -0.0113528, 0.0353805, 0.0273369, 0.0167554, 0.00333414, 0.00504043, 0.00612538, 0.00279036, 8.00903e-05, 0.0141301, 0.013401, 0.0193385, 0.0125018, 0.416751, 0.208635, 0.0193385, 0.0125018, 0.0167554, 0.00333414, 0.0353805, 0.0273369, 0.0334557, -0.0113528, 0.0566946, 0.0166561, 0.00279036, 8.00903e-05, 0.00329661, -0.00233341, 0.00333258, -0.00131434, 0.0337334, -0.00218226, 0.130575, 0.0637413, 0.00333258, -0.00131434, -0.00455699, -0.0283788, 0.0334557, -0.0113528, 0.00096125, -0.0421791, 0.0334557, -0.0113528, 0.0057527, -0.00463113, 0.0141301, 0.013401, 0.00333258, -0.00131434, 0.0193385, 0.0125018, 0.0167554, 0.00333414, 0.0193385, 0.0125018, 0.0337334, -0.00218226, 0.0193385, 0.0125018, 0.130575, 0.0637413, 0.416751, 0.208635, 0.0141301, 0.013401, 0.0334557, -0.0113528, 0.0566946, 0.0166561, 0.0334557, -0.0113528, 0.0353805, 0.0273369, 0.0141301, 0.013401, 0.416751, 0.208635, 0.130575, 0.0637413, 0.416751, 0.208635, 0.0353805, 0.0273369, 0.00279036, 8.00903e-05, 0.0193385, 0.0125018, 0.00333258, -0.00131434, 0.0141301, 0.013401, 0.0167554, 0.00333414, 0.00504043, 0.00612538, 0.00333258, -0.00131434, 0.00329661, -0.00233341, 0.00279036, 8.00903e-05, 0.00333258, -0.00131434, 0.0141301, 0.013401, 0.0057527, -0.00463113, 0.00096125, -0.0421791, 0.0334557, -0.0113528, -0.00455699, -0.0283788, 0.0167554, 0.00333414, 0.00333258, -0.00131434, 0.130575, 0.0637413, 0.0337334, -0.00218226, 0.0193385, 0.0125018, 0.0334557, -0.0113528, 0.00329661, -0.00233341, 0.0337334, -0.00218226, 0.00329661, -0.00233341, 0.00279036, 8.00903e-05, -0.00455699, -0.0283788, 0.00279036, 8.00903e-05, 0.00333258, -0.00131434, 0.0193385, 0.0125018, 0.00279036, 8.00903e-05, 0.00504043, 0.00612538, 0.0167554, 0.00333414, 0.0141301, 0.013401, 0.0057527, -0.00463113, ]
best_mc_result_fixed_tau =   [0.0303362, 0.0303362, ]
evolved_state_fixed_tau =   [[0.00330277, -0.0037413, 0.0166307, 0.00882475, 0.00286043, -0.00107498, 0.00418384, 0.0026709, 0.0133494, 0.000471085, -0.00137502, -0.0378285, 0.0133494, 0.000471085, 0.0349704, -0.0122147, 0.037142, 0.0203396, 0.0133494, 0.000471085, 0.00418384, 0.0026709, 0.00286043, -0.00107498, 0.0166307, 0.00882475, 0.0207528, 0.00837392, 0.404074, 0.235761, 0.0207528, 0.00837392, 0.0133494, 0.000471085, 0.037142, 0.0203396, 0.0349704, -0.0122147, 0.0526442, 0.0137764, 0.00286043, -0.00107498, 0.00436353, -0.00359177, 0.00389865, -0.00278242, 0.0339417, -0.00440127, 0.127677, 0.0500906, 0.00389865, -0.00278242, -0.00137502, -0.0378285, 0.0349704, -0.0122147, 0.00507149, -0.0544337, 0.0349704, -0.0122147, 0.00330277, -0.0037413, 0.0166307, 0.00882475, 0.00389865, -0.00278242, 0.0207528, 0.00837392, 0.0133494, 0.000471085, 0.0207528, 0.00837392, 0.0339417, -0.00440127, 0.0207528, 0.00837392, 0.127677, 0.0500906, 0.404074, 0.235761, 0.0166307, 0.00882475, 0.0349704, -0.0122147, 0.0526442, 0.0137764, 0.0349704, -0.0122147, 0.037142, 0.0203396, 0.0166307, 0.00882475, 0.404074, 0.235761, 0.127677, 0.0500906, 0.404074, 0.235761, 0.037142, 0.0203396, 0.00286043, -0.00107498, 0.0207528, 0.00837392, 0.00389865, -0.00278242, 0.0166307, 0.00882475, 0.0133494, 0.000471085, 0.00418384, 0.0026709, 0.00389865, -0.00278242, 0.00436353, -0.00359177, 0.00286043, -0.00107498, 0.00389865, -0.00278242, 0.0166307, 0.00882475, 0.00330277, -0.0037413, 0.00507149, -0.0544337, 0.0349704, -0.0122147, -0.00137502, -0.0378285, 0.0133494, 0.000471085, 0.00389865, -0.00278242, 0.127677, 0.0500906, 0.0339417, -0.00440127, 0.0207528, 0.00837392, 0.0349704, -0.0122147, 0.00436353, -0.00359177, 0.0339417, -0.00440127, 0.00436353, -0.00359177, 0.00286043, -0.00107498, -0.00137502, -0.0378285, 0.00286043, -0.00107498, 0.00389865, -0.00278242, 0.0207528, 0.00837392, 0.00286043, -0.00107498, 0.00418384, 0.0026709, 0.0133494, 0.000471085, 0.0166307, 0.00882475, 0.00330277, -0.0037413, ],[0.00330277, -0.0037413, 0.0166307, 0.00882475, 0.00286043, -0.00107498, 0.00418384, 0.0026709, 0.0133494, 0.000471085, -0.00137502, -0.0378285, 0.0133494, 0.000471085, 0.0349704, -0.0122147, 0.037142, 0.0203396, 0.0133494, 0.000471085, 0.00418384, 0.0026709, 0.00286043, -0.00107498, 0.0166307, 0.00882475, 0.0207528, 0.00837392, 0.404074, 0.235761, 0.0207528, 0.00837392, 0.0133494, 0.000471085, 0.037142, 0.0203396, 0.0349704, -0.0122147, 0.0526442, 0.0137764, 0.00286043, -0.00107498, 0.00436353, -0.00359177, 0.00389865, -0.00278242, 0.0339417, -0.00440127, 0.127677, 0.0500906, 0.00389865, -0.00278242, -0.00137502, -0.0378285, 0.0349704, -0.0122147, 0.00507149, -0.0544337, 0.0349704, -0.0122147, 0.00330277, -0.0037413, 0.0166307, 0.00882475, 0.00389865, -0.00278242, 0.0207528, 0.00837392, 0.0133494, 0.000471085, 0.0207528, 0.00837392, 0.0339417, -0.00440127, 0.0207528, 0.00837392, 0.127677, 0.0500906, 0.404074, 0.235761, 0.0166307, 0.00882475, 0.0349704, -0.0122147, 0.0526442, 0.0137764, 0.0349704, -0.0122147, 0.037142, 0.0203396, 0.0166307, 0.00882475, 0.404074, 0.235761, 0.127677, 0.0500906, 0.404074, 0.235761, 0.037142, 0.0203396, 0.00286043, -0.00107498, 0.0207528, 0.00837392, 0.00389865, -0.00278242, 0.0166307, 0.00882475, 0.0133494, 0.000471085, 0.00418384, 0.0026709, 0.00389865, -0.00278242, 0.00436353, -0.00359177, 0.00286043, -0.00107498, 0.00389865, -0.00278242, 0.0166307, 0.00882475, 0.00330277, -0.0037413, 0.00507149, -0.0544337, 0.0349704, -0.0122147, -0.00137502, -0.0378285, 0.0133494, 0.000471085, 0.00389865, -0.00278242, 0.127677, 0.0500906, 0.0339417, -0.00440127, 0.0207528, 0.00837392, 0.0349704, -0.0122147, 0.00436353, -0.00359177, 0.0339417, -0.00440127, 0.00436353, -0.00359177, 0.00286043, -0.00107498, -0.00137502, -0.0378285, 0.00286043, -0.00107498, 0.00389865, -0.00278242, 0.0207528, 0.00837392, 0.00286043, -0.00107498, 0.00418384, 0.0026709, 0.0133494, 0.000471085, 0.0166307, 0.00882475, 0.00330277, -0.0037413, ],]
##############################################################################
clock_duration  =         7643.3
tau =                     1.51351
total_steps =             32
time_step =               0.0495495
best_mc_result =          0.0217707
best_mc_result_non_secondary =          0
evolved_target_dot_squared =  0.978229
distance =          0.0781989
j_protocol =  [[0, 0, 0, 0, 0, 0, 0, 0, 0, 0, 0, 0, 0, 0, 0, 0, 0, 0, 0, 0, 0, 0, 0, 0, 0, 0, 0, 0, 0, 0, 0, 0, ],[0, 0, 0, 0, 0, 0, 0, 0, 0, 0, 0, 0, 0, 0, 0, 0, 0, 0, 0, 0, 0, 0, 0, 0, 0, 0, 0, 0, 0, 0, 0, 0, ],]
k_protocol =  [[0, 0, 0, 0, 0, 0, 0, 0, 0, 0, 0, 0, 0, 0, 0, 0, 0, 0, 0, 0, 0, 0, 0, 0, 0, 0, 0, 0, 0, 0, 0, 0, ],[0, 0, 0, 0, 0, 0, 0, 0, 0, 0, 0, 0, 0, 0, 0, 0, 0, 0, 0, 0, 0, 0, 0, 0, 0, 0, 0, 0, 0, 0, 0, 0, ],]
j_protocol_secondary =  [0.106032, 0.215513, 0.220393, 0.312863, 0.405294, 0.484351, 0.590362, 0.72346, 0.823457, 0.897688, 1.00016, 1.14342, 1.27698, 1.31863, 1.41971, 1.51351, ]
k_protocol_secondary =  [0, 0.0433642, 0.0433642, 0.0986159, 0.0986159, 0.660309, 0.660309, 0.68364, 0.68364, 0.896998, 0.896998, 1.09729, 1.09729, 1.28043, 1.28043, 1.50296, ]
best_evolved_state = [-0.000321641, -0.00432044, 0.00660791, 0.0202349, 0.00216062, 0.00246698, 0.0053674, 0.00426504, 0.0150422, 0.00620792, 0.00475677, -0.0257492, 0.0150422, 0.00620792, 0.0279472, 0.0037169, 0.019659, 0.039811, 0.0150422, 0.00620792, 0.0053674, 0.00426504, 0.00216062, 0.00246698, 0.00660791, 0.0202349, 0.0112494, 0.0200142, 0.272631, 0.38025, 0.0112494, 0.0200142, 0.0150422, 0.00620792, 0.019659, 0.039811, 0.0279472, 0.0037169, 0.0408356, 0.0291223, 0.00216062, 0.00246698, 0.00283982, 0.000217327, 0.000766442, 0.00123747, 0.0264142, 0.0110494, 0.0859388, 0.118384, 0.000766442, 0.00123747, 0.00475677, -0.0257492, 0.0279472, 0.0037169, 0.0151182, -0.0361428, 0.0279472, 0.0037169, -0.000321641, -0.00432044, 0.00660791, 0.0202349, 0.000766442, 0.00123747, 0.0112494, 0.0200142, 0.0150422, 0.00620792, 0.0112494, 0.0200142, 0.0264142, 0.0110494, 0.0112494, 0.0200142, 0.0859388, 0.118384, 0.272631, 0.38025, 0.00660791, 0.0202349, 0.0279472, 0.0037169, 0.0408356, 0.0291223, 0.0279472, 0.0037169, 0.019659, 0.039811, 0.00660791, 0.0202349, 0.272631, 0.38025, 0.0859388, 0.118384, 0.272631, 0.38025, 0.019659, 0.039811, 0.00216062, 0.00246698, 0.0112494, 0.0200142, 0.000766442, 0.00123747, 0.00660791, 0.0202349, 0.0150422, 0.00620792, 0.0053674, 0.00426504, 0.000766442, 0.00123747, 0.00283982, 0.000217327, 0.00216062, 0.00246698, 0.000766442, 0.00123747, 0.00660791, 0.0202349, -0.000321641, -0.00432044, 0.0151182, -0.0361428, 0.0279472, 0.0037169, 0.00475677, -0.0257492, 0.0150422, 0.00620792, 0.000766442, 0.00123747, 0.0859388, 0.118384, 0.0264142, 0.0110494, 0.0112494, 0.0200142, 0.0279472, 0.0037169, 0.00283982, 0.000217327, 0.0264142, 0.0110494, 0.00283982, 0.000217327, 0.00216062, 0.00246698, 0.00475677, -0.0257492, 0.00216062, 0.00246698, 0.000766442, 0.00123747, 0.0112494, 0.0200142, 0.00216062, 0.00246698, 0.0053674, 0.00426504, 0.0150422, 0.00620792, 0.00660791, 0.0202349, -0.000321641, -0.00432044, ]
best_mc_result_fixed_tau =   [0.0285761, 0.0267094, ]
evolved_state_fixed_tau =   [[0.00247922, 0.00523224, 0.00172797, 0.020831, -0.00100352, 0.00122847, -0.00552924, 0.00135701, -0.00299346, 0.0135885, 0.0123979, -0.0326092, -0.00299346, 0.0135885, 0.0271191, 0.0123507, 0.00774656, 0.0537278, -0.00299346, 0.0135885, -0.00552924, 0.00135701, -0.00100352, 0.00122847, 0.00172797, 0.020831, 0.00582511, 0.0255555, 0.0427771, 0.465126, 0.00582511, 0.0255555, -0.00299346, 0.0135885, 0.00774656, 0.0537278, 0.0271191, 0.0123507, 0.0274705, 0.0711298, -0.00100352, 0.00122847, 0.00390366, -0.00261689, 0.00275371, 0.0025295, 0.0188694, 0.0207244, 0.00330439, 0.135429, 0.00275371, 0.0025295, 0.0123979, -0.0326092, 0.0271191, 0.0123507, 0.0217107, -0.0412805, 0.0271191, 0.0123507, 0.00247922, 0.00523224, 0.00172797, 0.020831, 0.00275371, 0.0025295, 0.00582511, 0.0255555, -0.00299346, 0.0135885, 0.00582511, 0.0255555, 0.0188694, 0.0207244, 0.00582511, 0.0255555, 0.00330439, 0.135429, 0.0427771, 0.465126, 0.00172797, 0.020831, 0.0271191, 0.0123507, 0.0274705, 0.0711298, 0.0271191, 0.0123507, 0.00774656, 0.0537278, 0.00172797, 0.020831, 0.0427771, 0.465126, 0.00330439, 0.135429, 0.0427771, 0.465126, 0.00774656, 0.0537278, -0.00100352, 0.00122847, 0.00582511, 0.0255555, 0.00275371, 0.0025295, 0.00172797, 0.020831, -0.00299346, 0.0135885, -0.00552924, 0.00135701, 0.00275371, 0.0025295, 0.00390366, -0.00261689, -0.00100352, 0.00122847, 0.00275371, 0.0025295, 0.00172797, 0.020831, 0.00247922, 0.00523224, 0.0217107, -0.0412805, 0.0271191, 0.0123507, 0.0123979, -0.0326092, -0.00299346, 0.0135885, 0.00275371, 0.0025295, 0.00330439, 0.135429, 0.0188694, 0.0207244, 0.00582511, 0.0255555, 0.0271191, 0.0123507, 0.00390366, -0.00261689, 0.0188694, 0.0207244, 0.00390366, -0.00261689, -0.00100352, 0.00122847, 0.0123979, -0.0326092, -0.00100352, 0.00122847, 0.00275371, 0.0025295, 0.00582511, 0.0255555, -0.00100352, 0.00122847, -0.00552924, 0.00135701, -0.00299346, 0.0135885, 0.00172797, 0.020831, 0.00247922, 0.00523224, ],[0.00957386, -0.0061605, 0.00439252, 0.0178251, 0.00328895, 0.000979358, 0.0051379, 0.00996695, 0.0200677, 0.00624191, -0.0019343, -0.0272359, 0.0200677, 0.00624191, 0.0305547, -0.00666295, 0.0182412, 0.0352181, 0.0200677, 0.00624191, 0.0051379, 0.00996695, 0.00328895, 0.000979358, 0.00439252, 0.0178251, 0.00993438, 0.0171117, 0.33907, 0.323393, 0.00993438, 0.0171117, 0.0200677, 0.00624191, 0.0182412, 0.0352181, 0.0305547, -0.00666295, 0.04458, 0.0236374, 0.00328895, 0.000979358, 0.00162754, -0.000994583, 0.000839543, -0.000791401, 0.0295036, 0.00400233, 0.102069, 0.10058, 0.000839543, -0.000791401, -0.0019343, -0.0272359, 0.0305547, -0.00666295, 0.00528507, -0.0409864, 0.0305547, -0.00666295, 0.00957386, -0.0061605, 0.00439252, 0.0178251, 0.000839543, -0.000791401, 0.00993438, 0.0171117, 0.0200677, 0.00624191, 0.00993438, 0.0171117, 0.0295036, 0.00400233, 0.00993438, 0.0171117, 0.102069, 0.10058, 0.33907, 0.323393, 0.00439252, 0.0178251, 0.0305547, -0.00666295, 0.04458, 0.0236374, 0.0305547, -0.00666295, 0.0182412, 0.0352181, 0.00439252, 0.0178251, 0.33907, 0.323393, 0.102069, 0.10058, 0.33907, 0.323393, 0.0182412, 0.0352181, 0.00328895, 0.000979358, 0.00993438, 0.0171117, 0.000839543, -0.000791401, 0.00439252, 0.0178251, 0.0200677, 0.00624191, 0.0051379, 0.00996695, 0.000839543, -0.000791401, 0.00162754, -0.000994583, 0.00328895, 0.000979358, 0.000839543, -0.000791401, 0.00439252, 0.0178251, 0.00957386, -0.0061605, 0.00528507, -0.0409864, 0.0305547, -0.00666295, -0.0019343, -0.0272359, 0.0200677, 0.00624191, 0.000839543, -0.000791401, 0.102069, 0.10058, 0.0295036, 0.00400233, 0.00993438, 0.0171117, 0.0305547, -0.00666295, 0.00162754, -0.000994583, 0.0295036, 0.00400233, 0.00162754, -0.000994583, 0.00328895, 0.000979358, -0.0019343, -0.0272359, 0.00328895, 0.000979358, 0.000839543, -0.000791401, 0.00993438, 0.0171117, 0.00328895, 0.000979358, 0.0051379, 0.00996695, 0.0200677, 0.00624191, 0.00439252, 0.0178251, 0.00957386, -0.0061605, ],]
##############################################################################
clock_duration  =         9712.65
tau =                     1.53153
total_steps =             32
time_step =               0.0495495
best_mc_result =          0.0205816
best_mc_result_non_secondary =          0
evolved_target_dot_squared =  0.979418
distance =          0.0739275
j_protocol =  [[0, 0, 0, 0, 0, 0, 0, 0, 0, 0, 0, 0, 0, 0, 0, 0, 0, 0, 0, 0, 0, 0, 0, 0, 0, 0, 0, 0, 0, 0, 0, 0, ],[0, 0, 0, 0, 0, 0, 0, 0, 0, 0, 0, 0, 0, 0, 0, 0, 0, 0, 0, 0, 0, 0, 0, 0, 0, 0, 0, 0, 0, 0, 0, 0, ],]
k_protocol =  [[0, 0, 0, 0, 0, 0, 0, 0, 0, 0, 0, 0, 0, 0, 0, 0, 0, 0, 0, 0, 0, 0, 0, 0, 0, 0, 0, 0, 0, 0, 0, 0, ],[0, 0, 0, 0, 0, 0, 0, 0, 0, 0, 0, 0, 0, 0, 0, 0, 0, 0, 0, 0, 0, 0, 0, 0, 0, 0, 0, 0, 0, 0, 0, 0, ],]
j_protocol_secondary =  [0.106358, 0.218637, 0.218637, 0.311882, 0.41737, 0.494212, 0.590339, 0.731175, 0.837783, 0.907708, 1.01299, 1.1631, 1.29143, 1.32825, 1.43541, 1.53153, ]
k_protocol_secondary =  [0, 0.0438805, 0.0438805, 0.0997899, 0.0997899, 0.66817, 0.66817, 0.691778, 0.691778, 0.907677, 0.907677, 1.11035, 1.11035, 1.29568, 1.29568, 1.52068, ]
best_evolved_state = [-0.00267761, -0.00342736, 0.00434664, 0.0210811, 0.00164961, 0.00296849, 0.00497603, 0.00296226, 0.0131826, 0.00663321, 0.00692387, -0.0245922, 0.0131826, 0.00663321, 0.0259272, 0.00639737, 0.0149325, 0.0418293, 0.0131826, 0.00663321, 0.00497603, 0.00296226, 0.00164961, 0.00296849, 0.00434664, 0.0210811, 0.00880171, 0.0211525, 0.225754, 0.410316, 0.00880171, 0.0211525, 0.0131826, 0.00663321, 0.0149325, 0.0418293, 0.0259272, 0.00639737, 0.0356542, 0.0319557, 0.00164961, 0.00296849, 0.00267089, 0.000475677, 4.9359e-05, 0.00198352, 0.0238886, 0.0135749, 0.0712627, 0.128065, 4.9359e-05, 0.00198352, 0.00692387, -0.0245922, 0.0259272, 0.00639737, 0.0181585, -0.0339635, 0.0259272, 0.00639737, -0.00267761, -0.00342736, 0.00434664, 0.0210811, 4.9359e-05, 0.00198352, 0.00880171, 0.0211525, 0.0131826, 0.00663321, 0.00880171, 0.0211525, 0.0238886, 0.0135749, 0.00880171, 0.0211525, 0.0712627, 0.128065, 0.225754, 0.410316, 0.00434664, 0.0210811, 0.0259272, 0.00639737, 0.0356542, 0.0319557, 0.0259272, 0.00639737, 0.0149325, 0.0418293, 0.00434664, 0.0210811, 0.225754, 0.410316, 0.0712627, 0.128065, 0.225754, 0.410316, 0.0149325, 0.0418293, 0.00164961, 0.00296849, 0.00880171, 0.0211525, 4.9359e-05, 0.00198352, 0.00434664, 0.0210811, 0.0131826, 0.00663321, 0.00497603, 0.00296226, 4.9359e-05, 0.00198352, 0.00267089, 0.000475677, 0.00164961, 0.00296849, 4.9359e-05, 0.00198352, 0.00434664, 0.0210811, -0.00267761, -0.00342736, 0.0181585, -0.0339635, 0.0259272, 0.00639737, 0.00692387, -0.0245922, 0.0131826, 0.00663321, 4.9359e-05, 0.00198352, 0.0712627, 0.128065, 0.0238886, 0.0135749, 0.00880171, 0.0211525, 0.0259272, 0.00639737, 0.00267089, 0.000475677, 0.0238886, 0.0135749, 0.00267089, 0.000475677, 0.00164961, 0.00296849, 0.00692387, -0.0245922, 0.00164961, 0.00296849, 4.9359e-05, 0.00198352, 0.00880171, 0.0211525, 0.00164961, 0.00296849, 0.00497603, 0.00296226, 0.0131826, 0.00663321, 0.00434664, 0.0210811, -0.00267761, -0.00342736, ]
best_mc_result_fixed_tau =   [0.0285761, 0.0267094, ]
evolved_state_fixed_tau =   [[0.00247922, 0.00523224, 0.00172797, 0.020831, -0.00100352, 0.00122847, -0.00552924, 0.00135701, -0.00299346, 0.0135885, 0.0123979, -0.0326092, -0.00299346, 0.0135885, 0.0271191, 0.0123507, 0.00774656, 0.0537278, -0.00299346, 0.0135885, -0.00552924, 0.00135701, -0.00100352, 0.00122847, 0.00172797, 0.020831, 0.00582511, 0.0255555, 0.0427771, 0.465126, 0.00582511, 0.0255555, -0.00299346, 0.0135885, 0.00774656, 0.0537278, 0.0271191, 0.0123507, 0.0274705, 0.0711298, -0.00100352, 0.00122847, 0.00390366, -0.00261689, 0.00275371, 0.0025295, 0.0188694, 0.0207244, 0.00330439, 0.135429, 0.00275371, 0.0025295, 0.0123979, -0.0326092, 0.0271191, 0.0123507, 0.0217107, -0.0412805, 0.0271191, 0.0123507, 0.00247922, 0.00523224, 0.00172797, 0.020831, 0.00275371, 0.0025295, 0.00582511, 0.0255555, -0.00299346, 0.0135885, 0.00582511, 0.0255555, 0.0188694, 0.0207244, 0.00582511, 0.0255555, 0.00330439, 0.135429, 0.0427771, 0.465126, 0.00172797, 0.020831, 0.0271191, 0.0123507, 0.0274705, 0.0711298, 0.0271191, 0.0123507, 0.00774656, 0.0537278, 0.00172797, 0.020831, 0.0427771, 0.465126, 0.00330439, 0.135429, 0.0427771, 0.465126, 0.00774656, 0.0537278, -0.00100352, 0.00122847, 0.00582511, 0.0255555, 0.00275371, 0.0025295, 0.00172797, 0.020831, -0.00299346, 0.0135885, -0.00552924, 0.00135701, 0.00275371, 0.0025295, 0.00390366, -0.00261689, -0.00100352, 0.00122847, 0.00275371, 0.0025295, 0.00172797, 0.020831, 0.00247922, 0.00523224, 0.0217107, -0.0412805, 0.0271191, 0.0123507, 0.0123979, -0.0326092, -0.00299346, 0.0135885, 0.00275371, 0.0025295, 0.00330439, 0.135429, 0.0188694, 0.0207244, 0.00582511, 0.0255555, 0.0271191, 0.0123507, 0.00390366, -0.00261689, 0.0188694, 0.0207244, 0.00390366, -0.00261689, -0.00100352, 0.00122847, 0.0123979, -0.0326092, -0.00100352, 0.00122847, 0.00275371, 0.0025295, 0.00582511, 0.0255555, -0.00100352, 0.00122847, -0.00552924, 0.00135701, -0.00299346, 0.0135885, 0.00172797, 0.020831, 0.00247922, 0.00523224, ],[0.00957386, -0.0061605, 0.00439252, 0.0178251, 0.00328895, 0.000979358, 0.0051379, 0.00996695, 0.0200677, 0.00624191, -0.0019343, -0.0272359, 0.0200677, 0.00624191, 0.0305547, -0.00666295, 0.0182412, 0.0352181, 0.0200677, 0.00624191, 0.0051379, 0.00996695, 0.00328895, 0.000979358, 0.00439252, 0.0178251, 0.00993438, 0.0171117, 0.33907, 0.323393, 0.00993438, 0.0171117, 0.0200677, 0.00624191, 0.0182412, 0.0352181, 0.0305547, -0.00666295, 0.04458, 0.0236374, 0.00328895, 0.000979358, 0.00162754, -0.000994583, 0.000839543, -0.000791401, 0.0295036, 0.00400233, 0.102069, 0.10058, 0.000839543, -0.000791401, -0.0019343, -0.0272359, 0.0305547, -0.00666295, 0.00528507, -0.0409864, 0.0305547, -0.00666295, 0.00957386, -0.0061605, 0.00439252, 0.0178251, 0.000839543, -0.000791401, 0.00993438, 0.0171117, 0.0200677, 0.00624191, 0.00993438, 0.0171117, 0.0295036, 0.00400233, 0.00993438, 0.0171117, 0.102069, 0.10058, 0.33907, 0.323393, 0.00439252, 0.0178251, 0.0305547, -0.00666295, 0.04458, 0.0236374, 0.0305547, -0.00666295, 0.0182412, 0.0352181, 0.00439252, 0.0178251, 0.33907, 0.323393, 0.102069, 0.10058, 0.33907, 0.323393, 0.0182412, 0.0352181, 0.00328895, 0.000979358, 0.00993438, 0.0171117, 0.000839543, -0.000791401, 0.00439252, 0.0178251, 0.0200677, 0.00624191, 0.0051379, 0.00996695, 0.000839543, -0.000791401, 0.00162754, -0.000994583, 0.00328895, 0.000979358, 0.000839543, -0.000791401, 0.00439252, 0.0178251, 0.00957386, -0.0061605, 0.00528507, -0.0409864, 0.0305547, -0.00666295, -0.0019343, -0.0272359, 0.0200677, 0.00624191, 0.000839543, -0.000791401, 0.102069, 0.10058, 0.0295036, 0.00400233, 0.00993438, 0.0171117, 0.0305547, -0.00666295, 0.00162754, -0.000994583, 0.0295036, 0.00400233, 0.00162754, -0.000994583, 0.00328895, 0.000979358, -0.0019343, -0.0272359, 0.00328895, 0.000979358, 0.000839543, -0.000791401, 0.00993438, 0.0171117, 0.00328895, 0.000979358, 0.0051379, 0.00996695, 0.0200677, 0.00624191, 0.00439252, 0.0178251, 0.00957386, -0.0061605, ],]
##############################################################################
clock_duration  =         10732.4
tau =                     1.54054
total_steps =             32
time_step =               0.0495495
best_mc_result =          0.0200814
best_mc_result_non_secondary =          0
evolved_target_dot_squared =  0.979919
distance =          0.0721308
j_protocol =  [[0, 0, 0, 0, 0, 0, 0, 0, 0, 0, 0, 0, 0, 0, 0, 0, 0, 0, 0, 0, 0, 0, 0, 0, 0, 0, 0, 0, 0, 0, 0, 0, ],[0, 0, 0, 0, 0, 0, 0, 0, 0, 0, 0, 0, 0, 0, 0, 0, 0, 0, 0, 0, 0, 0, 0, 0, 0, 0, 0, 0, 0, 0, 0, 0, ],]
k_protocol =  [[0, 0, 0, 0, 0, 0, 0, 0, 0, 0, 0, 0, 0, 0, 0, 0, 0, 0, 0, 0, 0, 0, 0, 0, 0, 0, 0, 0, 0, 0, 0, 0, ],[0, 0, 0, 0, 0, 0, 0, 0, 0, 0, 0, 0, 0, 0, 0, 0, 0, 0, 0, 0, 0, 0, 0, 0, 0, 0, 0, 0, 0, 0, 0, 0, ],]
j_protocol_secondary =  [0.10655, 0.219923, 0.219923, 0.313717, 0.420753, 0.497549, 0.593042, 0.735301, 0.842835, 0.91228, 1.01903, 1.17067, 1.29855, 1.33534, 1.4438, 1.54054, ]
k_protocol_secondary =  [0, 0.0441386, 0.0441386, 0.100377, 0.100377, 0.672101, 0.672101, 0.695848, 0.695848, 0.913016, 0.913016, 1.11688, 1.11688, 1.3033, 1.3033, 1.53051, ]
best_evolved_state = [-0.00334148, -0.00325101, 0.00296891, 0.0216136, 0.00151135, 0.00326243, 0.00501467, 0.002745, 0.0129045, 0.00691173, 0.00790181, -0.0239386, 0.0129045, 0.00691173, 0.0244368, 0.00794338, 0.0122073, 0.0426995, 0.0129045, 0.00691173, 0.00501467, 0.002745, 0.00151135, 0.00326243, 0.00296891, 0.0216136, 0.00733169, 0.0217332, 0.198588, 0.424363, 0.00733169, 0.0217332, 0.0129045, 0.00691173, 0.0122073, 0.0426995, 0.0244368, 0.00794338, 0.0329006, 0.0326466, 0.00151135, 0.00326243, 0.00245612, 0.000766902, -0.000420435, 0.00221335, 0.0222261, 0.0147948, 0.062603, 0.132612, -0.000420435, 0.00221335, 0.00790181, -0.0239386, 0.0244368, 0.00794338, 0.0196353, -0.0327544, 0.0244368, 0.00794338, -0.00334148, -0.00325101, 0.00296891, 0.0216136, -0.000420435, 0.00221335, 0.00733169, 0.0217332, 0.0129045, 0.00691173, 0.00733169, 0.0217332, 0.0222261, 0.0147948, 0.00733169, 0.0217332, 0.062603, 0.132612, 0.198588, 0.424363, 0.00296891, 0.0216136, 0.0244368, 0.00794338, 0.0329006, 0.0326466, 0.0244368, 0.00794338, 0.0122073, 0.0426995, 0.00296891, 0.0216136, 0.198588, 0.424363, 0.062603, 0.132612, 0.198588, 0.424363, 0.0122073, 0.0426995, 0.00151135, 0.00326243, 0.00733169, 0.0217332, -0.000420435, 0.00221335, 0.00296891, 0.0216136, 0.0129045, 0.00691173, 0.00501467, 0.002745, -0.000420435, 0.00221335, 0.00245612, 0.000766902, 0.00151135, 0.00326243, -0.000420435, 0.00221335, 0.00296891, 0.0216136, -0.00334148, -0.00325101, 0.0196353, -0.0327544, 0.0244368, 0.00794338, 0.00790181, -0.0239386, 0.0129045, 0.00691173, -0.000420435, 0.00221335, 0.062603, 0.132612, 0.0222261, 0.0147948, 0.00733169, 0.0217332, 0.0244368, 0.00794338, 0.00245612, 0.000766902, 0.0222261, 0.0147948, 0.00245612, 0.000766902, 0.00151135, 0.00326243, 0.00790181, -0.0239386, 0.00151135, 0.00326243, -0.000420435, 0.00221335, 0.00733169, 0.0217332, 0.00151135, 0.00326243, 0.00501467, 0.002745, 0.0129045, 0.00691173, 0.00296891, 0.0216136, -0.00334148, -0.00325101, ]
best_mc_result_fixed_tau =   [0.0285761, 0.0267094, ]
evolved_state_fixed_tau =   [[0.00247922, 0.00523224, 0.00172797, 0.020831, -0.00100352, 0.00122847, -0.00552924, 0.00135701, -0.00299346, 0.0135885, 0.0123979, -0.0326092, -0.00299346, 0.0135885, 0.0271191, 0.0123507, 0.00774656, 0.0537278, -0.00299346, 0.0135885, -0.00552924, 0.00135701, -0.00100352, 0.00122847, 0.00172797, 0.020831, 0.00582511, 0.0255555, 0.0427771, 0.465126, 0.00582511, 0.0255555, -0.00299346, 0.0135885, 0.00774656, 0.0537278, 0.0271191, 0.0123507, 0.0274705, 0.0711298, -0.00100352, 0.00122847, 0.00390366, -0.00261689, 0.00275371, 0.0025295, 0.0188694, 0.0207244, 0.00330439, 0.135429, 0.00275371, 0.0025295, 0.0123979, -0.0326092, 0.0271191, 0.0123507, 0.0217107, -0.0412805, 0.0271191, 0.0123507, 0.00247922, 0.00523224, 0.00172797, 0.020831, 0.00275371, 0.0025295, 0.00582511, 0.0255555, -0.00299346, 0.0135885, 0.00582511, 0.0255555, 0.0188694, 0.0207244, 0.00582511, 0.0255555, 0.00330439, 0.135429, 0.0427771, 0.465126, 0.00172797, 0.020831, 0.0271191, 0.0123507, 0.0274705, 0.0711298, 0.0271191, 0.0123507, 0.00774656, 0.0537278, 0.00172797, 0.020831, 0.0427771, 0.465126, 0.00330439, 0.135429, 0.0427771, 0.465126, 0.00774656, 0.0537278, -0.00100352, 0.00122847, 0.00582511, 0.0255555, 0.00275371, 0.0025295, 0.00172797, 0.020831, -0.00299346, 0.0135885, -0.00552924, 0.00135701, 0.00275371, 0.0025295, 0.00390366, -0.00261689, -0.00100352, 0.00122847, 0.00275371, 0.0025295, 0.00172797, 0.020831, 0.00247922, 0.00523224, 0.0217107, -0.0412805, 0.0271191, 0.0123507, 0.0123979, -0.0326092, -0.00299346, 0.0135885, 0.00275371, 0.0025295, 0.00330439, 0.135429, 0.0188694, 0.0207244, 0.00582511, 0.0255555, 0.0271191, 0.0123507, 0.00390366, -0.00261689, 0.0188694, 0.0207244, 0.00390366, -0.00261689, -0.00100352, 0.00122847, 0.0123979, -0.0326092, -0.00100352, 0.00122847, 0.00275371, 0.0025295, 0.00582511, 0.0255555, -0.00100352, 0.00122847, -0.00552924, 0.00135701, -0.00299346, 0.0135885, 0.00172797, 0.020831, 0.00247922, 0.00523224, ],[0.00957386, -0.0061605, 0.00439252, 0.0178251, 0.00328895, 0.000979358, 0.0051379, 0.00996695, 0.0200677, 0.00624191, -0.0019343, -0.0272359, 0.0200677, 0.00624191, 0.0305547, -0.00666295, 0.0182412, 0.0352181, 0.0200677, 0.00624191, 0.0051379, 0.00996695, 0.00328895, 0.000979358, 0.00439252, 0.0178251, 0.00993438, 0.0171117, 0.33907, 0.323393, 0.00993438, 0.0171117, 0.0200677, 0.00624191, 0.0182412, 0.0352181, 0.0305547, -0.00666295, 0.04458, 0.0236374, 0.00328895, 0.000979358, 0.00162754, -0.000994583, 0.000839543, -0.000791401, 0.0295036, 0.00400233, 0.102069, 0.10058, 0.000839543, -0.000791401, -0.0019343, -0.0272359, 0.0305547, -0.00666295, 0.00528507, -0.0409864, 0.0305547, -0.00666295, 0.00957386, -0.0061605, 0.00439252, 0.0178251, 0.000839543, -0.000791401, 0.00993438, 0.0171117, 0.0200677, 0.00624191, 0.00993438, 0.0171117, 0.0295036, 0.00400233, 0.00993438, 0.0171117, 0.102069, 0.10058, 0.33907, 0.323393, 0.00439252, 0.0178251, 0.0305547, -0.00666295, 0.04458, 0.0236374, 0.0305547, -0.00666295, 0.0182412, 0.0352181, 0.00439252, 0.0178251, 0.33907, 0.323393, 0.102069, 0.10058, 0.33907, 0.323393, 0.0182412, 0.0352181, 0.00328895, 0.000979358, 0.00993438, 0.0171117, 0.000839543, -0.000791401, 0.00439252, 0.0178251, 0.0200677, 0.00624191, 0.0051379, 0.00996695, 0.000839543, -0.000791401, 0.00162754, -0.000994583, 0.00328895, 0.000979358, 0.000839543, -0.000791401, 0.00439252, 0.0178251, 0.00957386, -0.0061605, 0.00528507, -0.0409864, 0.0305547, -0.00666295, -0.0019343, -0.0272359, 0.0200677, 0.00624191, 0.000839543, -0.000791401, 0.102069, 0.10058, 0.0295036, 0.00400233, 0.00993438, 0.0171117, 0.0305547, -0.00666295, 0.00162754, -0.000994583, 0.0295036, 0.00400233, 0.00162754, -0.000994583, 0.00328895, 0.000979358, -0.0019343, -0.0272359, 0.00328895, 0.000979358, 0.000839543, -0.000791401, 0.00993438, 0.0171117, 0.00328895, 0.000979358, 0.0051379, 0.00996695, 0.0200677, 0.00624191, 0.00439252, 0.0178251, 0.00957386, -0.0061605, ],]
