START_PARAMETERS
MAX_STEPS_MCDB =               32
MIN_STEPS_MCDB =               4
STEPS_CRUNCH_MCDB =            1
SWEEPS_MCDB =                  100
TOTAL_STEP_CHANGES =                  6
MCBB_SECONDARY =                  1
SWEEPS_MCBB_SECONDARY =                  300
NUMBER_OF_BANGS =                  8
GROUND_E =                -5.80572
INITIAL_E =               -5.66669
j_initial =               0.881
k_initial =               0.25
b_initial =               0
j_target =                0.716
k_target =                0.5
b_target =                0
init_target_dot_squared = 0.961492
init_state = [-0.0320118, 0, -0.0821158, 0, -0.0523249, 0, -0.0271883, 0, -0.0578937, 0, -0.113481, 0, -0.0578937, 0, -0.139282, 0, -0.117372, 0, -0.0578937, 0, -0.0271883, 0, -0.0523249, 0, -0.0821158, 0, -0.0963763, 0, -0.212024, 0, -0.0963763, 0, -0.0578937, 0, -0.117372, 0, -0.139282, 0, -0.140716, 0, -0.0523249, 0, -0.0753811, 0, -0.079034, 0, -0.131446, 0, -0.19247, 0, -0.079034, 0, -0.113481, 0, -0.139282, 0, -0.149592, 0, -0.139282, 0, -0.0320118, 0, -0.0821158, 0, -0.079034, 0, -0.0963763, 0, -0.0578937, 0, -0.0963763, 0, -0.131446, 0, -0.0963763, 0, -0.19247, 0, -0.212024, 0, -0.0821158, 0, -0.139282, 0, -0.140716, 0, -0.139282, 0, -0.117372, 0, -0.0821158, 0, -0.212024, 0, -0.19247, 0, -0.212024, 0, -0.117372, 0, -0.0523249, 0, -0.0963763, 0, -0.079034, 0, -0.0821158, 0, -0.0578937, 0, -0.0271883, 0, -0.079034, 0, -0.0753811, 0, -0.0523249, 0, -0.079034, 0, -0.0821158, 0, -0.0320118, 0, -0.149592, 0, -0.139282, 0, -0.113481, 0, -0.0578937, 0, -0.079034, 0, -0.19247, 0, -0.131446, 0, -0.0963763, 0, -0.139282, 0, -0.0753811, 0, -0.131446, 0, -0.0753811, 0, -0.0523249, 0, -0.113481, 0, -0.0523249, 0, -0.079034, 0, -0.0963763, 0, -0.0523249, 0, -0.0271883, 0, -0.0578937, 0, -0.0821158, 0, -0.0320118, 0, ]
target_state = [0.0193509, 0, 0.0684163, 0, 0.0332559, 0, 0.0133006, 0, 0.0392444, 0, 0.101155, 0, 0.0392444, 0, 0.126583, 0, 0.109307, 0, 0.0392444, 0, 0.0133006, 0, 0.0332559, 0, 0.0684163, 0, 0.0808468, 0, 0.277335, 0, 0.0808468, 0, 0.0392444, 0, 0.109307, 0, 0.126583, 0, 0.13085, 0, 0.0332559, 0, 0.0523861, 0, 0.0589875, 0, 0.120144, 0, 0.219387, 0, 0.0589875, 0, 0.101155, 0, 0.126583, 0, 0.139651, 0, 0.126583, 0, 0.0193509, 0, 0.0684163, 0, 0.0589875, 0, 0.0808468, 0, 0.0392444, 0, 0.0808468, 0, 0.120144, 0, 0.0808468, 0, 0.219387, 0, 0.277335, 0, 0.0684163, 0, 0.126583, 0, 0.13085, 0, 0.126583, 0, 0.109307, 0, 0.0684163, 0, 0.277335, 0, 0.219387, 0, 0.277335, 0, 0.109307, 0, 0.0332559, 0, 0.0808468, 0, 0.0589875, 0, 0.0684163, 0, 0.0392444, 0, 0.0133006, 0, 0.0589875, 0, 0.0523861, 0, 0.0332559, 0, 0.0589875, 0, 0.0684163, 0, 0.0193509, 0, 0.139651, 0, 0.126583, 0, 0.101155, 0, 0.0392444, 0, 0.0589875, 0, 0.219387, 0, 0.120144, 0, 0.0808468, 0, 0.126583, 0, 0.0523861, 0, 0.120144, 0, 0.0523861, 0, 0.0332559, 0, 0.101155, 0, 0.0332559, 0, 0.0589875, 0, 0.0808468, 0, 0.0332559, 0, 0.0133006, 0, 0.0392444, 0, 0.0684163, 0, 0.0193509, 0, ]
USE_ENERGY_DISTANCE =     false
PERIODIC =                false
UNIFORM_SITES =           true
DEVICE_DIMENSION =        2
MAX_PARAM =               1
MIN_PARAM =               0
MIN_PARAM =               0
DIAG =                    true
NUM_SEEDS =               2
NUMBER_OF_BANGS =               8
DISTANCE_LIMIT =          0.02
TAU_INIT =                0.7
MAX_TAU =                 5
TAU_SCALAR =              1.2
TAU_SCALAR_TINY =         1.1
TAU_SCALAR_BIG =          1.3
ACCEPTANCE_PROB =         0.85
TEMP_EXP_DECAY =          0.8
MIN_TEMP_FRACTION =       0.01
TEMP_DECAY_ITERATIONS =   21
ZERO_TEMP_ITREATIONS =    25
RANDOM_STATES =           3
END_PARAMETERS
##############################################################################
clock_duration  =         3450.21
tau =                     0.0875
total_steps =             32
time_step =               0.021875
best_mc_result =          0.0318536
best_mc_result_non_secondary =          0
evolved_target_dot_squared =  0.968146
distance =          0.827189
j_protocol =  [[0, 0, 0, 0, 0, 0, 0, 0, 0, 0, 0, 0, 0, 0, 0, 0, 0, 0, 0, 0, 0, 0, 0, 0, 0, 0, 0, 0, 0, 0, 0, 0, ],[0, 0, 0, 0, 0, 0, 0, 0, 0, 0, 0, 0, 0, 0, 0, 0, 0, 0, 0, 0, 0, 0, 0, 0, 0, 0, 0, 0, 0, 0, 0, 0, ],]
k_protocol =  [[0, 0, 0, 0, 0, 0, 0, 0, 0, 0, 0, 0, 0, 0, 0, 0, 0, 0, 0, 0, 0, 0, 0, 0, 0, 0, 0, 0, 0, 0, 0, 0, ],[0, 0, 0, 0, 0, 0, 0, 0, 0, 0, 0, 0, 0, 0, 0, 0, 0, 0, 0, 0, 0, 0, 0, 0, 0, 0, 0, 0, 0, 0, 0, 0, ],]
j_protocol_secondary =  [0.00915514, 0.0184928, 0.0184928, 0.0184928, 0.0184928, 0.0184928, 0.0184928, 0.032433, 0.032433, 0.0420565, 0.0420565, 0.0455873, 0.0455873, 0.0754632, 0.0754632, 0.0875, ]
k_protocol_secondary =  [0, 0.00871308, 0.00871308, 0.0259472, 0.0259472, 0.0377453, 0.0377453, 0.0411377, 0.0554998, 0.0554998, 0.0623227, 0.0623227, 0.0623227, 0.0623227, 0.0705258, 0.0705258, ]
best_evolved_state = [-0.0253292, -0.012667, -0.0685226, -0.0418098, -0.0437719, -0.0248775, -0.0235208, -0.0118661, -0.0485149, -0.0273568, -0.0965881, -0.0671324, -0.0485149, -0.0273568, -0.116199, -0.0765545, -0.0952638, -0.0596593, -0.0485149, -0.0273568, -0.0235208, -0.0118661, -0.0437719, -0.0248775, -0.0685226, -0.0418098, -0.0798984, -0.0491219, -0.176444, -0.132793, -0.0798984, -0.0491219, -0.0485149, -0.0273568, -0.0952638, -0.0596593, -0.116199, -0.0765545, -0.113808, -0.0715271, -0.0437719, -0.0248775, -0.0645329, -0.0385844, -0.0645823, -0.037264, -0.109148, -0.0723558, -0.158402, -0.113071, -0.0645823, -0.037264, -0.0965881, -0.0671324, -0.116199, -0.0765545, -0.126921, -0.0883346, -0.116199, -0.0765545, -0.0253292, -0.012667, -0.0685226, -0.0418098, -0.0645823, -0.037264, -0.0798984, -0.0491219, -0.0485149, -0.0273568, -0.0798984, -0.0491219, -0.109148, -0.0723558, -0.0798984, -0.0491219, -0.158402, -0.113071, -0.176444, -0.132793, -0.0685226, -0.0418098, -0.116199, -0.0765545, -0.113808, -0.0715271, -0.116199, -0.0765545, -0.0952638, -0.0596593, -0.0685226, -0.0418098, -0.176444, -0.132793, -0.158402, -0.113071, -0.176444, -0.132793, -0.0952638, -0.0596593, -0.0437719, -0.0248775, -0.0798984, -0.0491219, -0.0645823, -0.037264, -0.0685226, -0.0418098, -0.0485149, -0.0273568, -0.0235208, -0.0118661, -0.0645823, -0.037264, -0.0645329, -0.0385844, -0.0437719, -0.0248775, -0.0645823, -0.037264, -0.0685226, -0.0418098, -0.0253292, -0.012667, -0.126921, -0.0883346, -0.116199, -0.0765545, -0.0965881, -0.0671324, -0.0485149, -0.0273568, -0.0645823, -0.037264, -0.158402, -0.113071, -0.109148, -0.0723558, -0.0798984, -0.0491219, -0.116199, -0.0765545, -0.0645329, -0.0385844, -0.109148, -0.0723558, -0.0645329, -0.0385844, -0.0437719, -0.0248775, -0.0965881, -0.0671324, -0.0437719, -0.0248775, -0.0645823, -0.037264, -0.0798984, -0.0491219, -0.0437719, -0.0248775, -0.0235208, -0.0118661, -0.0485149, -0.0273568, -0.0685226, -0.0418098, -0.0253292, -0.012667, ]
best_mc_result_fixed_tau =   [0.00618718, 0.00634717, ]
evolved_state_fixed_tau =   [[-0.00226075, 0.0154646, -0.0128717, 0.0687017, -0.0037407, 0.0325715, -0.00191325, 0.016071, -0.00625856, 0.0440266, 0.00303221, 0.107435, -0.00625856, 0.0440266, -0.0175718, 0.136612, -0.0224462, 0.100793, -0.00625856, 0.0440266, -0.00191325, 0.016071, -0.0037407, 0.0325715, -0.0128717, 0.0687017, -0.0142289, 0.0813482, -0.0484697, 0.254518, -0.0142289, 0.0813482, -0.00625856, 0.0440266, -0.0224462, 0.100793, -0.0175718, 0.136612, -0.0265424, 0.125225, -0.0037407, 0.0325715, -0.00601155, 0.0619033, -0.00945705, 0.0590659, -0.0153052, 0.124524, -0.0341473, 0.214149, -0.00945705, 0.0590659, 0.00303221, 0.107435, -0.0175718, 0.136612, -0.0114255, 0.145891, -0.0175718, 0.136612, -0.00226075, 0.0154646, -0.0128717, 0.0687017, -0.00945705, 0.0590659, -0.0142289, 0.0813482, -0.00625856, 0.0440266, -0.0142289, 0.0813482, -0.0153052, 0.124524, -0.0142289, 0.0813482, -0.0341473, 0.214149, -0.0484697, 0.254518, -0.0128717, 0.0687017, -0.0175718, 0.136612, -0.0265424, 0.125225, -0.0175718, 0.136612, -0.0224462, 0.100793, -0.0128717, 0.0687017, -0.0484697, 0.254518, -0.0341473, 0.214149, -0.0484697, 0.254518, -0.0224462, 0.100793, -0.0037407, 0.0325715, -0.0142289, 0.0813482, -0.00945705, 0.0590659, -0.0128717, 0.0687017, -0.00625856, 0.0440266, -0.00191325, 0.016071, -0.00945705, 0.0590659, -0.00601155, 0.0619033, -0.0037407, 0.0325715, -0.00945705, 0.0590659, -0.0128717, 0.0687017, -0.00226075, 0.0154646, -0.0114255, 0.145891, -0.0175718, 0.136612, 0.00303221, 0.107435, -0.00625856, 0.0440266, -0.00945705, 0.0590659, -0.0341473, 0.214149, -0.0153052, 0.124524, -0.0142289, 0.0813482, -0.0175718, 0.136612, -0.00601155, 0.0619033, -0.0153052, 0.124524, -0.00601155, 0.0619033, -0.0037407, 0.0325715, 0.00303221, 0.107435, -0.0037407, 0.0325715, -0.00945705, 0.0590659, -0.0142289, 0.0813482, -0.0037407, 0.0325715, -0.00191325, 0.016071, -0.00625856, 0.0440266, -0.0128717, 0.0687017, -0.00226075, 0.0154646, ],[-0.00309962, 0.0166862, -0.0149858, 0.0691333, -0.00512508, 0.0326877, -0.00320235, 0.0155616, -0.00816547, 0.0439294, 0.00485415, 0.10436, -0.00816547, 0.0439294, -0.0184466, 0.13583, -0.0251395, 0.103499, -0.00816547, 0.0439294, -0.00320235, 0.0155616, -0.00512508, 0.0326877, -0.0149858, 0.0691333, -0.0164641, 0.0819208, -0.0429105, 0.253897, -0.0164641, 0.0819208, -0.00816547, 0.0439294, -0.0251395, 0.103499, -0.0184466, 0.13583, -0.0293474, 0.128606, -0.00512508, 0.0326877, -0.00778863, 0.0603426, -0.0116711, 0.0603946, -0.0157781, 0.124182, -0.0318728, 0.215045, -0.0116711, 0.0603946, 0.00485415, 0.10436, -0.0184466, 0.13583, -0.00964766, 0.142931, -0.0184466, 0.13583, -0.00309962, 0.0166862, -0.0149858, 0.0691333, -0.0116711, 0.0603946, -0.0164641, 0.0819208, -0.00816547, 0.0439294, -0.0164641, 0.0819208, -0.0157781, 0.124182, -0.0164641, 0.0819208, -0.0318728, 0.215045, -0.0429105, 0.253897, -0.0149858, 0.0691333, -0.0184466, 0.13583, -0.0293474, 0.128606, -0.0184466, 0.13583, -0.0251395, 0.103499, -0.0149858, 0.0691333, -0.0429105, 0.253897, -0.0318728, 0.215045, -0.0429105, 0.253897, -0.0251395, 0.103499, -0.00512508, 0.0326877, -0.0164641, 0.0819208, -0.0116711, 0.0603946, -0.0149858, 0.0691333, -0.00816547, 0.0439294, -0.00320235, 0.0155616, -0.0116711, 0.0603946, -0.00778863, 0.0603426, -0.00512508, 0.0326877, -0.0116711, 0.0603946, -0.0149858, 0.0691333, -0.00309962, 0.0166862, -0.00964766, 0.142931, -0.0184466, 0.13583, 0.00485415, 0.10436, -0.00816547, 0.0439294, -0.0116711, 0.0603946, -0.0318728, 0.215045, -0.0157781, 0.124182, -0.0164641, 0.0819208, -0.0184466, 0.13583, -0.00778863, 0.0603426, -0.0157781, 0.124182, -0.00778863, 0.0603426, -0.00512508, 0.0326877, 0.00485415, 0.10436, -0.00512508, 0.0326877, -0.0116711, 0.0603946, -0.0164641, 0.0819208, -0.00512508, 0.0326877, -0.00320235, 0.0155616, -0.00816547, 0.0439294, -0.0149858, 0.0691333, -0.00309962, 0.0166862, ],]
##############################################################################
clock_duration  =         4115.59
tau =                     0.13125
total_steps =             32
time_step =               0.021875
best_mc_result =          0.0254113
best_mc_result_non_secondary =          0
evolved_target_dot_squared =  0.974589
distance =          0.659891
j_protocol =  [[0, 0, 0, 0, 0, 0, 0, 0, 0, 0, 0, 0, 0, 0, 0, 0, 0, 0, 0, 0, 0, 0, 0, 0, 0, 0, 0, 0, 0, 0, 0, 0, ],[0, 0, 0, 0, 0, 0, 0, 0, 0, 0, 0, 0, 0, 0, 0, 0, 0, 0, 0, 0, 0, 0, 0, 0, 0, 0, 0, 0, 0, 0, 0, 0, ],]
k_protocol =  [[0, 0, 0, 0, 0, 0, 0, 0, 0, 0, 0, 0, 0, 0, 0, 0, 0, 0, 0, 0, 0, 0, 0, 0, 0, 0, 0, 0, 0, 0, 0, 0, ],[0, 0, 0, 0, 0, 0, 0, 0, 0, 0, 0, 0, 0, 0, 0, 0, 0, 0, 0, 0, 0, 0, 0, 0, 0, 0, 0, 0, 0, 0, 0, 0, ],]
j_protocol_secondary =  [0.0136437, 0.0277393, 0.0277393, 0.0277393, 0.0277393, 0.0277393, 0.0277393, 0.0486495, 0.0486495, 0.0630847, 0.0630847, 0.068381, 0.068381, 0.113195, 0.113195, 0.13125, ]
k_protocol_secondary =  [0, 0.0130696, 0.0130696, 0.0389208, 0.0389208, 0.0566179, 0.0566179, 0.0613023, 0.0832497, 0.0832497, 0.0934841, 0.0934841, 0.0934841, 0.0934841, 0.105789, 0.105789, ]
best_evolved_state = [-0.0175682, -0.0169735, -0.0527801, -0.0573088, -0.0338694, -0.0343017, -0.0193279, -0.016202, -0.0377084, -0.0373954, -0.0769294, -0.0944148, -0.0377084, -0.0373954, -0.0894053, -0.106195, -0.0695261, -0.0815817, -0.0377084, -0.0373954, -0.0193279, -0.016202, -0.0338694, -0.0343017, -0.0527801, -0.0573088, -0.0607755, -0.0674282, -0.135084, -0.18609, -0.0607755, -0.0674282, -0.0377084, -0.0373954, -0.0695261, -0.0815817, -0.0894053, -0.106195, -0.0824459, -0.0978096, -0.0338694, -0.0343017, -0.0520249, -0.0532747, -0.0478048, -0.0507769, -0.0832024, -0.100578, -0.118625, -0.157528, -0.0478048, -0.0507769, -0.0769294, -0.0944148, -0.0894053, -0.106195, -0.100595, -0.123928, -0.0894053, -0.106195, -0.0175682, -0.0169735, -0.0527801, -0.0573088, -0.0478048, -0.0507769, -0.0607755, -0.0674282, -0.0377084, -0.0373954, -0.0607755, -0.0674282, -0.0832024, -0.100578, -0.0607755, -0.0674282, -0.118625, -0.157528, -0.135084, -0.18609, -0.0527801, -0.0573088, -0.0894053, -0.106195, -0.0824459, -0.0978096, -0.0894053, -0.106195, -0.0695261, -0.0815817, -0.0527801, -0.0573088, -0.135084, -0.18609, -0.118625, -0.157528, -0.135084, -0.18609, -0.0695261, -0.0815817, -0.0338694, -0.0343017, -0.0607755, -0.0674282, -0.0478048, -0.0507769, -0.0527801, -0.0573088, -0.0377084, -0.0373954, -0.0193279, -0.016202, -0.0478048, -0.0507769, -0.0520249, -0.0532747, -0.0338694, -0.0343017, -0.0478048, -0.0507769, -0.0527801, -0.0573088, -0.0175682, -0.0169735, -0.100595, -0.123928, -0.0894053, -0.106195, -0.0769294, -0.0944148, -0.0377084, -0.0373954, -0.0478048, -0.0507769, -0.118625, -0.157528, -0.0832024, -0.100578, -0.0607755, -0.0674282, -0.0894053, -0.106195, -0.0520249, -0.0532747, -0.0832024, -0.100578, -0.0520249, -0.0532747, -0.0338694, -0.0343017, -0.0769294, -0.0944148, -0.0338694, -0.0343017, -0.0478048, -0.0507769, -0.0607755, -0.0674282, -0.0338694, -0.0343017, -0.0193279, -0.016202, -0.0377084, -0.0373954, -0.0527801, -0.0573088, -0.0175682, -0.0169735, ]
best_mc_result_fixed_tau =   [0.00618718, 0.00634717, ]
evolved_state_fixed_tau =   [[-0.00226075, 0.0154646, -0.0128717, 0.0687017, -0.0037407, 0.0325715, -0.00191325, 0.016071, -0.00625856, 0.0440266, 0.00303221, 0.107435, -0.00625856, 0.0440266, -0.0175718, 0.136612, -0.0224462, 0.100793, -0.00625856, 0.0440266, -0.00191325, 0.016071, -0.0037407, 0.0325715, -0.0128717, 0.0687017, -0.0142289, 0.0813482, -0.0484697, 0.254518, -0.0142289, 0.0813482, -0.00625856, 0.0440266, -0.0224462, 0.100793, -0.0175718, 0.136612, -0.0265424, 0.125225, -0.0037407, 0.0325715, -0.00601155, 0.0619033, -0.00945705, 0.0590659, -0.0153052, 0.124524, -0.0341473, 0.214149, -0.00945705, 0.0590659, 0.00303221, 0.107435, -0.0175718, 0.136612, -0.0114255, 0.145891, -0.0175718, 0.136612, -0.00226075, 0.0154646, -0.0128717, 0.0687017, -0.00945705, 0.0590659, -0.0142289, 0.0813482, -0.00625856, 0.0440266, -0.0142289, 0.0813482, -0.0153052, 0.124524, -0.0142289, 0.0813482, -0.0341473, 0.214149, -0.0484697, 0.254518, -0.0128717, 0.0687017, -0.0175718, 0.136612, -0.0265424, 0.125225, -0.0175718, 0.136612, -0.0224462, 0.100793, -0.0128717, 0.0687017, -0.0484697, 0.254518, -0.0341473, 0.214149, -0.0484697, 0.254518, -0.0224462, 0.100793, -0.0037407, 0.0325715, -0.0142289, 0.0813482, -0.00945705, 0.0590659, -0.0128717, 0.0687017, -0.00625856, 0.0440266, -0.00191325, 0.016071, -0.00945705, 0.0590659, -0.00601155, 0.0619033, -0.0037407, 0.0325715, -0.00945705, 0.0590659, -0.0128717, 0.0687017, -0.00226075, 0.0154646, -0.0114255, 0.145891, -0.0175718, 0.136612, 0.00303221, 0.107435, -0.00625856, 0.0440266, -0.00945705, 0.0590659, -0.0341473, 0.214149, -0.0153052, 0.124524, -0.0142289, 0.0813482, -0.0175718, 0.136612, -0.00601155, 0.0619033, -0.0153052, 0.124524, -0.00601155, 0.0619033, -0.0037407, 0.0325715, 0.00303221, 0.107435, -0.0037407, 0.0325715, -0.00945705, 0.0590659, -0.0142289, 0.0813482, -0.0037407, 0.0325715, -0.00191325, 0.016071, -0.00625856, 0.0440266, -0.0128717, 0.0687017, -0.00226075, 0.0154646, ],[-0.00309962, 0.0166862, -0.0149858, 0.0691333, -0.00512508, 0.0326877, -0.00320235, 0.0155616, -0.00816547, 0.0439294, 0.00485415, 0.10436, -0.00816547, 0.0439294, -0.0184466, 0.13583, -0.0251395, 0.103499, -0.00816547, 0.0439294, -0.00320235, 0.0155616, -0.00512508, 0.0326877, -0.0149858, 0.0691333, -0.0164641, 0.0819208, -0.0429105, 0.253897, -0.0164641, 0.0819208, -0.00816547, 0.0439294, -0.0251395, 0.103499, -0.0184466, 0.13583, -0.0293474, 0.128606, -0.00512508, 0.0326877, -0.00778863, 0.0603426, -0.0116711, 0.0603946, -0.0157781, 0.124182, -0.0318728, 0.215045, -0.0116711, 0.0603946, 0.00485415, 0.10436, -0.0184466, 0.13583, -0.00964766, 0.142931, -0.0184466, 0.13583, -0.00309962, 0.0166862, -0.0149858, 0.0691333, -0.0116711, 0.0603946, -0.0164641, 0.0819208, -0.00816547, 0.0439294, -0.0164641, 0.0819208, -0.0157781, 0.124182, -0.0164641, 0.0819208, -0.0318728, 0.215045, -0.0429105, 0.253897, -0.0149858, 0.0691333, -0.0184466, 0.13583, -0.0293474, 0.128606, -0.0184466, 0.13583, -0.0251395, 0.103499, -0.0149858, 0.0691333, -0.0429105, 0.253897, -0.0318728, 0.215045, -0.0429105, 0.253897, -0.0251395, 0.103499, -0.00512508, 0.0326877, -0.0164641, 0.0819208, -0.0116711, 0.0603946, -0.0149858, 0.0691333, -0.00816547, 0.0439294, -0.00320235, 0.0155616, -0.0116711, 0.0603946, -0.00778863, 0.0603426, -0.00512508, 0.0326877, -0.0116711, 0.0603946, -0.0149858, 0.0691333, -0.00309962, 0.0166862, -0.00964766, 0.142931, -0.0184466, 0.13583, 0.00485415, 0.10436, -0.00816547, 0.0439294, -0.0116711, 0.0603946, -0.0318728, 0.215045, -0.0157781, 0.124182, -0.0164641, 0.0819208, -0.0184466, 0.13583, -0.00778863, 0.0603426, -0.0157781, 0.124182, -0.00778863, 0.0603426, -0.00512508, 0.0326877, 0.00485415, 0.10436, -0.00512508, 0.0326877, -0.0116711, 0.0603946, -0.0164641, 0.0819208, -0.00512508, 0.0326877, -0.00320235, 0.0155616, -0.00816547, 0.0439294, -0.0149858, 0.0691333, -0.00309962, 0.0166862, ],]
##############################################################################
clock_duration  =         4777.56
tau =                     0.153125
total_steps =             32
time_step =               0.021875
best_mc_result =          0.0222664
best_mc_result_non_secondary =          0
evolved_target_dot_squared =  0.977734
distance =          0.578224
j_protocol =  [[0, 0, 0, 0, 0, 0, 0, 0, 0, 0, 0, 0, 0, 0, 0, 0, 0, 0, 0, 0, 0, 0, 0, 0, 0, 0, 0, 0, 0, 0, 0, 0, ],[0, 0, 0, 0, 0, 0, 0, 0, 0, 0, 0, 0, 0, 0, 0, 0, 0, 0, 0, 0, 0, 0, 0, 0, 0, 0, 0, 0, 0, 0, 0, 0, ],]
k_protocol =  [[0, 0, 0, 0, 0, 0, 0, 0, 0, 0, 0, 0, 0, 0, 0, 0, 0, 0, 0, 0, 0, 0, 0, 0, 0, 0, 0, 0, 0, 0, 0, 0, ],[0, 0, 0, 0, 0, 0, 0, 0, 0, 0, 0, 0, 0, 0, 0, 0, 0, 0, 0, 0, 0, 0, 0, 0, 0, 0, 0, 0, 0, 0, 0, 0, ],]
j_protocol_secondary =  [0.0157211, 0.0323625, 0.0323625, 0.0323625, 0.0323625, 0.0323625, 0.0323625, 0.0567577, 0.0567577, 0.0735989, 0.0735989, 0.0797779, 0.0797779, 0.132061, 0.132061, 0.153125, ]
k_protocol_secondary =  [0, 0.0152479, 0.0152479, 0.0454076, 0.0454076, 0.0660542, 0.0660542, 0.071243, 0.0971246, 0.0971246, 0.109065, 0.109065, 0.109065, 0.109065, 0.12342, 0.12342, ]
best_evolved_state = [-0.0128448, -0.0183471, -0.0432022, -0.0629745, -0.027848, -0.0378583, -0.0168088, -0.0177628, -0.0311688, -0.0410148, -0.0648891, -0.105638, -0.0311688, -0.0410148, -0.0730583, -0.117674, -0.0537979, -0.0894887, -0.0311688, -0.0410148, -0.0168088, -0.0177628, -0.027848, -0.0378583, -0.0432022, -0.0629745, -0.0491193, -0.0741687, -0.109794, -0.20766, -0.0491193, -0.0741687, -0.0311688, -0.0410148, -0.0537979, -0.0894887, -0.0730583, -0.117674, -0.063262, -0.107284, -0.027848, -0.0378583, -0.0444407, -0.0588488, -0.0375829, -0.0555577, -0.0673369, -0.111613, -0.0942187, -0.175077, -0.0375829, -0.0555577, -0.0648891, -0.105638, -0.0730583, -0.117674, -0.0845092, -0.138418, -0.0730583, -0.117674, -0.0128448, -0.0183471, -0.0432022, -0.0629745, -0.0375829, -0.0555577, -0.0491193, -0.0741687, -0.0311688, -0.0410148, -0.0491193, -0.0741687, -0.0673369, -0.111613, -0.0491193, -0.0741687, -0.0942187, -0.175077, -0.109794, -0.20766, -0.0432022, -0.0629745, -0.0730583, -0.117674, -0.063262, -0.107284, -0.0730583, -0.117674, -0.0537979, -0.0894887, -0.0432022, -0.0629745, -0.109794, -0.20766, -0.0942187, -0.175077, -0.109794, -0.20766, -0.0537979, -0.0894887, -0.027848, -0.0378583, -0.0491193, -0.0741687, -0.0375829, -0.0555577, -0.0432022, -0.0629745, -0.0311688, -0.0410148, -0.0168088, -0.0177628, -0.0375829, -0.0555577, -0.0444407, -0.0588488, -0.027848, -0.0378583, -0.0375829, -0.0555577, -0.0432022, -0.0629745, -0.0128448, -0.0183471, -0.0845092, -0.138418, -0.0730583, -0.117674, -0.0648891, -0.105638, -0.0311688, -0.0410148, -0.0375829, -0.0555577, -0.0942187, -0.175077, -0.0673369, -0.111613, -0.0491193, -0.0741687, -0.0730583, -0.117674, -0.0444407, -0.0588488, -0.0673369, -0.111613, -0.0444407, -0.0588488, -0.027848, -0.0378583, -0.0648891, -0.105638, -0.027848, -0.0378583, -0.0375829, -0.0555577, -0.0491193, -0.0741687, -0.027848, -0.0378583, -0.0168088, -0.0177628, -0.0311688, -0.0410148, -0.0432022, -0.0629745, -0.0128448, -0.0183471, ]
best_mc_result_fixed_tau =   [0.00618718, 0.00634717, ]
evolved_state_fixed_tau =   [[-0.00226075, 0.0154646, -0.0128717, 0.0687017, -0.0037407, 0.0325715, -0.00191325, 0.016071, -0.00625856, 0.0440266, 0.00303221, 0.107435, -0.00625856, 0.0440266, -0.0175718, 0.136612, -0.0224462, 0.100793, -0.00625856, 0.0440266, -0.00191325, 0.016071, -0.0037407, 0.0325715, -0.0128717, 0.0687017, -0.0142289, 0.0813482, -0.0484697, 0.254518, -0.0142289, 0.0813482, -0.00625856, 0.0440266, -0.0224462, 0.100793, -0.0175718, 0.136612, -0.0265424, 0.125225, -0.0037407, 0.0325715, -0.00601155, 0.0619033, -0.00945705, 0.0590659, -0.0153052, 0.124524, -0.0341473, 0.214149, -0.00945705, 0.0590659, 0.00303221, 0.107435, -0.0175718, 0.136612, -0.0114255, 0.145891, -0.0175718, 0.136612, -0.00226075, 0.0154646, -0.0128717, 0.0687017, -0.00945705, 0.0590659, -0.0142289, 0.0813482, -0.00625856, 0.0440266, -0.0142289, 0.0813482, -0.0153052, 0.124524, -0.0142289, 0.0813482, -0.0341473, 0.214149, -0.0484697, 0.254518, -0.0128717, 0.0687017, -0.0175718, 0.136612, -0.0265424, 0.125225, -0.0175718, 0.136612, -0.0224462, 0.100793, -0.0128717, 0.0687017, -0.0484697, 0.254518, -0.0341473, 0.214149, -0.0484697, 0.254518, -0.0224462, 0.100793, -0.0037407, 0.0325715, -0.0142289, 0.0813482, -0.00945705, 0.0590659, -0.0128717, 0.0687017, -0.00625856, 0.0440266, -0.00191325, 0.016071, -0.00945705, 0.0590659, -0.00601155, 0.0619033, -0.0037407, 0.0325715, -0.00945705, 0.0590659, -0.0128717, 0.0687017, -0.00226075, 0.0154646, -0.0114255, 0.145891, -0.0175718, 0.136612, 0.00303221, 0.107435, -0.00625856, 0.0440266, -0.00945705, 0.0590659, -0.0341473, 0.214149, -0.0153052, 0.124524, -0.0142289, 0.0813482, -0.0175718, 0.136612, -0.00601155, 0.0619033, -0.0153052, 0.124524, -0.00601155, 0.0619033, -0.0037407, 0.0325715, 0.00303221, 0.107435, -0.0037407, 0.0325715, -0.00945705, 0.0590659, -0.0142289, 0.0813482, -0.0037407, 0.0325715, -0.00191325, 0.016071, -0.00625856, 0.0440266, -0.0128717, 0.0687017, -0.00226075, 0.0154646, ],[-0.00309962, 0.0166862, -0.0149858, 0.0691333, -0.00512508, 0.0326877, -0.00320235, 0.0155616, -0.00816547, 0.0439294, 0.00485415, 0.10436, -0.00816547, 0.0439294, -0.0184466, 0.13583, -0.0251395, 0.103499, -0.00816547, 0.0439294, -0.00320235, 0.0155616, -0.00512508, 0.0326877, -0.0149858, 0.0691333, -0.0164641, 0.0819208, -0.0429105, 0.253897, -0.0164641, 0.0819208, -0.00816547, 0.0439294, -0.0251395, 0.103499, -0.0184466, 0.13583, -0.0293474, 0.128606, -0.00512508, 0.0326877, -0.00778863, 0.0603426, -0.0116711, 0.0603946, -0.0157781, 0.124182, -0.0318728, 0.215045, -0.0116711, 0.0603946, 0.00485415, 0.10436, -0.0184466, 0.13583, -0.00964766, 0.142931, -0.0184466, 0.13583, -0.00309962, 0.0166862, -0.0149858, 0.0691333, -0.0116711, 0.0603946, -0.0164641, 0.0819208, -0.00816547, 0.0439294, -0.0164641, 0.0819208, -0.0157781, 0.124182, -0.0164641, 0.0819208, -0.0318728, 0.215045, -0.0429105, 0.253897, -0.0149858, 0.0691333, -0.0184466, 0.13583, -0.0293474, 0.128606, -0.0184466, 0.13583, -0.0251395, 0.103499, -0.0149858, 0.0691333, -0.0429105, 0.253897, -0.0318728, 0.215045, -0.0429105, 0.253897, -0.0251395, 0.103499, -0.00512508, 0.0326877, -0.0164641, 0.0819208, -0.0116711, 0.0603946, -0.0149858, 0.0691333, -0.00816547, 0.0439294, -0.00320235, 0.0155616, -0.0116711, 0.0603946, -0.00778863, 0.0603426, -0.00512508, 0.0326877, -0.0116711, 0.0603946, -0.0149858, 0.0691333, -0.00309962, 0.0166862, -0.00964766, 0.142931, -0.0184466, 0.13583, 0.00485415, 0.10436, -0.00816547, 0.0439294, -0.0116711, 0.0603946, -0.0318728, 0.215045, -0.0157781, 0.124182, -0.0164641, 0.0819208, -0.0184466, 0.13583, -0.00778863, 0.0603426, -0.0157781, 0.124182, -0.00778863, 0.0603426, -0.00512508, 0.0326877, 0.00485415, 0.10436, -0.00512508, 0.0326877, -0.0116711, 0.0603946, -0.0164641, 0.0819208, -0.00512508, 0.0326877, -0.00320235, 0.0155616, -0.00816547, 0.0439294, -0.0149858, 0.0691333, -0.00309962, 0.0166862, ],]
##############################################################################
clock_duration  =         5442.73
tau =                     0.164062
total_steps =             32
time_step =               0.021875
best_mc_result =          0.020849
best_mc_result_non_secondary =          0
evolved_target_dot_squared =  0.979151
distance =          0.541417
j_protocol =  [[0, 0, 0, 0, 0, 0, 0, 0, 0, 0, 0, 0, 0, 0, 0, 0, 0, 0, 0, 0, 0, 0, 0, 0, 0, 0, 0, 0, 0, 0, 0, 0, ],[0, 0, 0, 0, 0, 0, 0, 0, 0, 0, 0, 0, 0, 0, 0, 0, 0, 0, 0, 0, 0, 0, 0, 0, 0, 0, 0, 0, 0, 0, 0, 0, ],]
k_protocol =  [[0, 0, 0, 0, 0, 0, 0, 0, 0, 0, 0, 0, 0, 0, 0, 0, 0, 0, 0, 0, 0, 0, 0, 0, 0, 0, 0, 0, 0, 0, 0, 0, ],[0, 0, 0, 0, 0, 0, 0, 0, 0, 0, 0, 0, 0, 0, 0, 0, 0, 0, 0, 0, 0, 0, 0, 0, 0, 0, 0, 0, 0, 0, 0, 0, ],]
j_protocol_secondary =  [0.0166583, 0.0346741, 0.0346741, 0.0346741, 0.0346741, 0.0346741, 0.0346741, 0.0608119, 0.0608119, 0.0788559, 0.0788559, 0.0854763, 0.0854763, 0.141493, 0.141493, 0.164062, ]
k_protocol_secondary =  [0, 0.016337, 0.016337, 0.0486511, 0.0486511, 0.0707724, 0.0707724, 0.0761787, 0.104062, 0.104062, 0.116855, 0.116855, 0.116855, 0.116855, 0.132236, 0.132236, ]
best_evolved_state = [-0.0103107, -0.018816, -0.0380544, -0.0652245, -0.0246131, -0.0393154, -0.0154651, -0.0183766, -0.0276667, -0.0424342, -0.0583803, -0.110572, -0.0276667, -0.0424342, -0.0642531, -0.122473, -0.0453266, -0.0925839, -0.0276667, -0.0424342, -0.0154651, -0.0183766, -0.0246131, -0.0393154, -0.0380544, -0.0652245, -0.0428481, -0.0768631, -0.0961455, -0.21701, -0.0428481, -0.0768631, -0.0276667, -0.0424342, -0.0453266, -0.0925839, -0.0642531, -0.122473, -0.0529237, -0.11099, -0.0246131, -0.0393154, -0.0403696, -0.0611423, -0.0320887, -0.0573945, -0.0587796, -0.116265, -0.0810261, -0.182531, -0.0320887, -0.0573945, -0.0583803, -0.110572, -0.0642531, -0.122473, -0.0758277, -0.144737, -0.0642531, -0.122473, -0.0103107, -0.018816, -0.0380544, -0.0652245, -0.0320887, -0.0573945, -0.0428481, -0.0768631, -0.0276667, -0.0424342, -0.0428481, -0.0768631, -0.0587796, -0.116265, -0.0428481, -0.0768631, -0.0810261, -0.182531, -0.0961455, -0.21701, -0.0380544, -0.0652245, -0.0642531, -0.122473, -0.0529237, -0.11099, -0.0642531, -0.122473, -0.0453266, -0.0925839, -0.0380544, -0.0652245, -0.0961455, -0.21701, -0.0810261, -0.182531, -0.0961455, -0.21701, -0.0453266, -0.0925839, -0.0246131, -0.0393154, -0.0428481, -0.0768631, -0.0320887, -0.0573945, -0.0380544, -0.0652245, -0.0276667, -0.0424342, -0.0154651, -0.0183766, -0.0320887, -0.0573945, -0.0403696, -0.0611423, -0.0246131, -0.0393154, -0.0320887, -0.0573945, -0.0380544, -0.0652245, -0.0103107, -0.018816, -0.0758277, -0.144737, -0.0642531, -0.122473, -0.0583803, -0.110572, -0.0276667, -0.0424342, -0.0320887, -0.0573945, -0.0810261, -0.182531, -0.0587796, -0.116265, -0.0428481, -0.0768631, -0.0642531, -0.122473, -0.0403696, -0.0611423, -0.0587796, -0.116265, -0.0403696, -0.0611423, -0.0246131, -0.0393154, -0.0583803, -0.110572, -0.0246131, -0.0393154, -0.0320887, -0.0573945, -0.0428481, -0.0768631, -0.0246131, -0.0393154, -0.0154651, -0.0183766, -0.0276667, -0.0424342, -0.0380544, -0.0652245, -0.0103107, -0.018816, ]
best_mc_result_fixed_tau =   [0.00618718, 0.00634717, ]
evolved_state_fixed_tau =   [[-0.00226075, 0.0154646, -0.0128717, 0.0687017, -0.0037407, 0.0325715, -0.00191325, 0.016071, -0.00625856, 0.0440266, 0.00303221, 0.107435, -0.00625856, 0.0440266, -0.0175718, 0.136612, -0.0224462, 0.100793, -0.00625856, 0.0440266, -0.00191325, 0.016071, -0.0037407, 0.0325715, -0.0128717, 0.0687017, -0.0142289, 0.0813482, -0.0484697, 0.254518, -0.0142289, 0.0813482, -0.00625856, 0.0440266, -0.0224462, 0.100793, -0.0175718, 0.136612, -0.0265424, 0.125225, -0.0037407, 0.0325715, -0.00601155, 0.0619033, -0.00945705, 0.0590659, -0.0153052, 0.124524, -0.0341473, 0.214149, -0.00945705, 0.0590659, 0.00303221, 0.107435, -0.0175718, 0.136612, -0.0114255, 0.145891, -0.0175718, 0.136612, -0.00226075, 0.0154646, -0.0128717, 0.0687017, -0.00945705, 0.0590659, -0.0142289, 0.0813482, -0.00625856, 0.0440266, -0.0142289, 0.0813482, -0.0153052, 0.124524, -0.0142289, 0.0813482, -0.0341473, 0.214149, -0.0484697, 0.254518, -0.0128717, 0.0687017, -0.0175718, 0.136612, -0.0265424, 0.125225, -0.0175718, 0.136612, -0.0224462, 0.100793, -0.0128717, 0.0687017, -0.0484697, 0.254518, -0.0341473, 0.214149, -0.0484697, 0.254518, -0.0224462, 0.100793, -0.0037407, 0.0325715, -0.0142289, 0.0813482, -0.00945705, 0.0590659, -0.0128717, 0.0687017, -0.00625856, 0.0440266, -0.00191325, 0.016071, -0.00945705, 0.0590659, -0.00601155, 0.0619033, -0.0037407, 0.0325715, -0.00945705, 0.0590659, -0.0128717, 0.0687017, -0.00226075, 0.0154646, -0.0114255, 0.145891, -0.0175718, 0.136612, 0.00303221, 0.107435, -0.00625856, 0.0440266, -0.00945705, 0.0590659, -0.0341473, 0.214149, -0.0153052, 0.124524, -0.0142289, 0.0813482, -0.0175718, 0.136612, -0.00601155, 0.0619033, -0.0153052, 0.124524, -0.00601155, 0.0619033, -0.0037407, 0.0325715, 0.00303221, 0.107435, -0.0037407, 0.0325715, -0.00945705, 0.0590659, -0.0142289, 0.0813482, -0.0037407, 0.0325715, -0.00191325, 0.016071, -0.00625856, 0.0440266, -0.0128717, 0.0687017, -0.00226075, 0.0154646, ],[-0.00309962, 0.0166862, -0.0149858, 0.0691333, -0.00512508, 0.0326877, -0.00320235, 0.0155616, -0.00816547, 0.0439294, 0.00485415, 0.10436, -0.00816547, 0.0439294, -0.0184466, 0.13583, -0.0251395, 0.103499, -0.00816547, 0.0439294, -0.00320235, 0.0155616, -0.00512508, 0.0326877, -0.0149858, 0.0691333, -0.0164641, 0.0819208, -0.0429105, 0.253897, -0.0164641, 0.0819208, -0.00816547, 0.0439294, -0.0251395, 0.103499, -0.0184466, 0.13583, -0.0293474, 0.128606, -0.00512508, 0.0326877, -0.00778863, 0.0603426, -0.0116711, 0.0603946, -0.0157781, 0.124182, -0.0318728, 0.215045, -0.0116711, 0.0603946, 0.00485415, 0.10436, -0.0184466, 0.13583, -0.00964766, 0.142931, -0.0184466, 0.13583, -0.00309962, 0.0166862, -0.0149858, 0.0691333, -0.0116711, 0.0603946, -0.0164641, 0.0819208, -0.00816547, 0.0439294, -0.0164641, 0.0819208, -0.0157781, 0.124182, -0.0164641, 0.0819208, -0.0318728, 0.215045, -0.0429105, 0.253897, -0.0149858, 0.0691333, -0.0184466, 0.13583, -0.0293474, 0.128606, -0.0184466, 0.13583, -0.0251395, 0.103499, -0.0149858, 0.0691333, -0.0429105, 0.253897, -0.0318728, 0.215045, -0.0429105, 0.253897, -0.0251395, 0.103499, -0.00512508, 0.0326877, -0.0164641, 0.0819208, -0.0116711, 0.0603946, -0.0149858, 0.0691333, -0.00816547, 0.0439294, -0.00320235, 0.0155616, -0.0116711, 0.0603946, -0.00778863, 0.0603426, -0.00512508, 0.0326877, -0.0116711, 0.0603946, -0.0149858, 0.0691333, -0.00309962, 0.0166862, -0.00964766, 0.142931, -0.0184466, 0.13583, 0.00485415, 0.10436, -0.00816547, 0.0439294, -0.0116711, 0.0603946, -0.0318728, 0.215045, -0.0157781, 0.124182, -0.0164641, 0.0819208, -0.0184466, 0.13583, -0.00778863, 0.0603426, -0.0157781, 0.124182, -0.00778863, 0.0603426, -0.00512508, 0.0326877, 0.00485415, 0.10436, -0.00512508, 0.0326877, -0.0116711, 0.0603946, -0.0164641, 0.0819208, -0.00512508, 0.0326877, -0.00320235, 0.0155616, -0.00816547, 0.0439294, -0.0149858, 0.0691333, -0.00309962, 0.0166862, ],]
##############################################################################
clock_duration  =         6105.83
tau =                     0.169531
total_steps =             32
time_step =               0.021875
best_mc_result =          0.0201969
best_mc_result_non_secondary =          0
evolved_target_dot_squared =  0.979803
distance =          0.524483
j_protocol =  [[0, 0, 0, 0, 0, 0, 0, 0, 0, 0, 0, 0, 0, 0, 0, 0, 0, 0, 0, 0, 0, 0, 0, 0, 0, 0, 0, 0, 0, 0, 0, 0, ],[0, 0, 0, 0, 0, 0, 0, 0, 0, 0, 0, 0, 0, 0, 0, 0, 0, 0, 0, 0, 0, 0, 0, 0, 0, 0, 0, 0, 0, 0, 0, 0, ],]
k_protocol =  [[0, 0, 0, 0, 0, 0, 0, 0, 0, 0, 0, 0, 0, 0, 0, 0, 0, 0, 0, 0, 0, 0, 0, 0, 0, 0, 0, 0, 0, 0, 0, 0, ],[0, 0, 0, 0, 0, 0, 0, 0, 0, 0, 0, 0, 0, 0, 0, 0, 0, 0, 0, 0, 0, 0, 0, 0, 0, 0, 0, 0, 0, 0, 0, 0, ],]
j_protocol_secondary =  [0.01705, 0.0358299, 0.0358299, 0.0358299, 0.0358299, 0.0358299, 0.0358299, 0.0628389, 0.0628389, 0.0814844, 0.0814844, 0.0883255, 0.0883255, 0.14621, 0.14621, 0.169531, ]
k_protocol_secondary =  [0, 0.0168816, 0.0168816, 0.0502728, 0.0502728, 0.0731314, 0.0731314, 0.0786578, 0.107531, 0.107531, 0.12075, 0.12075, 0.12075, 0.12075, 0.136644, 0.136644, ]
best_evolved_state = [-0.00899995, -0.018995, -0.0353789, -0.0662065, -0.0229332, -0.0399657, -0.0147697, -0.0186438, -0.0258513, -0.0430483, -0.0549749, -0.11288, -0.0258513, -0.0430483, -0.059666, -0.124644, -0.0409234, -0.0939168, -0.0258513, -0.0430483, -0.0147697, -0.0186438, -0.0229332, -0.0399657, -0.0353789, -0.0662065, -0.0395877, -0.0780437, -0.0890133, -0.221338, -0.0395877, -0.0780437, -0.0258513, -0.0430483, -0.0409234, -0.0939168, -0.059666, -0.124644, -0.0475492, -0.112584, -0.0229332, -0.0399657, -0.038252, -0.0621707, -0.0292377, -0.0581747, -0.0543195, -0.118379, -0.0741384, -0.185934, -0.0292377, -0.0581747, -0.0549749, -0.11288, -0.059666, -0.124644, -0.0712907, -0.147675, -0.059666, -0.124644, -0.00899995, -0.018995, -0.0353789, -0.0662065, -0.0292377, -0.0581747, -0.0395877, -0.0780437, -0.0258513, -0.0430483, -0.0395877, -0.0780437, -0.0543195, -0.118379, -0.0395877, -0.0780437, -0.0741384, -0.185934, -0.0890133, -0.221338, -0.0353789, -0.0662065, -0.059666, -0.124644, -0.0475492, -0.112584, -0.059666, -0.124644, -0.0409234, -0.0939168, -0.0353789, -0.0662065, -0.0890133, -0.221338, -0.0741384, -0.185934, -0.0890133, -0.221338, -0.0409234, -0.0939168, -0.0229332, -0.0399657, -0.0395877, -0.0780437, -0.0292377, -0.0581747, -0.0353789, -0.0662065, -0.0258513, -0.0430483, -0.0147697, -0.0186438, -0.0292377, -0.0581747, -0.038252, -0.0621707, -0.0229332, -0.0399657, -0.0292377, -0.0581747, -0.0353789, -0.0662065, -0.00899995, -0.018995, -0.0712907, -0.147675, -0.059666, -0.124644, -0.0549749, -0.11288, -0.0258513, -0.0430483, -0.0292377, -0.0581747, -0.0741384, -0.185934, -0.0543195, -0.118379, -0.0395877, -0.0780437, -0.059666, -0.124644, -0.038252, -0.0621707, -0.0543195, -0.118379, -0.038252, -0.0621707, -0.0229332, -0.0399657, -0.0549749, -0.11288, -0.0229332, -0.0399657, -0.0292377, -0.0581747, -0.0395877, -0.0780437, -0.0229332, -0.0399657, -0.0147697, -0.0186438, -0.0258513, -0.0430483, -0.0353789, -0.0662065, -0.00899995, -0.018995, ]
best_mc_result_fixed_tau =   [0.00618718, 0.00634717, ]
evolved_state_fixed_tau =   [[-0.00226075, 0.0154646, -0.0128717, 0.0687017, -0.0037407, 0.0325715, -0.00191325, 0.016071, -0.00625856, 0.0440266, 0.00303221, 0.107435, -0.00625856, 0.0440266, -0.0175718, 0.136612, -0.0224462, 0.100793, -0.00625856, 0.0440266, -0.00191325, 0.016071, -0.0037407, 0.0325715, -0.0128717, 0.0687017, -0.0142289, 0.0813482, -0.0484697, 0.254518, -0.0142289, 0.0813482, -0.00625856, 0.0440266, -0.0224462, 0.100793, -0.0175718, 0.136612, -0.0265424, 0.125225, -0.0037407, 0.0325715, -0.00601155, 0.0619033, -0.00945705, 0.0590659, -0.0153052, 0.124524, -0.0341473, 0.214149, -0.00945705, 0.0590659, 0.00303221, 0.107435, -0.0175718, 0.136612, -0.0114255, 0.145891, -0.0175718, 0.136612, -0.00226075, 0.0154646, -0.0128717, 0.0687017, -0.00945705, 0.0590659, -0.0142289, 0.0813482, -0.00625856, 0.0440266, -0.0142289, 0.0813482, -0.0153052, 0.124524, -0.0142289, 0.0813482, -0.0341473, 0.214149, -0.0484697, 0.254518, -0.0128717, 0.0687017, -0.0175718, 0.136612, -0.0265424, 0.125225, -0.0175718, 0.136612, -0.0224462, 0.100793, -0.0128717, 0.0687017, -0.0484697, 0.254518, -0.0341473, 0.214149, -0.0484697, 0.254518, -0.0224462, 0.100793, -0.0037407, 0.0325715, -0.0142289, 0.0813482, -0.00945705, 0.0590659, -0.0128717, 0.0687017, -0.00625856, 0.0440266, -0.00191325, 0.016071, -0.00945705, 0.0590659, -0.00601155, 0.0619033, -0.0037407, 0.0325715, -0.00945705, 0.0590659, -0.0128717, 0.0687017, -0.00226075, 0.0154646, -0.0114255, 0.145891, -0.0175718, 0.136612, 0.00303221, 0.107435, -0.00625856, 0.0440266, -0.00945705, 0.0590659, -0.0341473, 0.214149, -0.0153052, 0.124524, -0.0142289, 0.0813482, -0.0175718, 0.136612, -0.00601155, 0.0619033, -0.0153052, 0.124524, -0.00601155, 0.0619033, -0.0037407, 0.0325715, 0.00303221, 0.107435, -0.0037407, 0.0325715, -0.00945705, 0.0590659, -0.0142289, 0.0813482, -0.0037407, 0.0325715, -0.00191325, 0.016071, -0.00625856, 0.0440266, -0.0128717, 0.0687017, -0.00226075, 0.0154646, ],[-0.00309962, 0.0166862, -0.0149858, 0.0691333, -0.00512508, 0.0326877, -0.00320235, 0.0155616, -0.00816547, 0.0439294, 0.00485415, 0.10436, -0.00816547, 0.0439294, -0.0184466, 0.13583, -0.0251395, 0.103499, -0.00816547, 0.0439294, -0.00320235, 0.0155616, -0.00512508, 0.0326877, -0.0149858, 0.0691333, -0.0164641, 0.0819208, -0.0429105, 0.253897, -0.0164641, 0.0819208, -0.00816547, 0.0439294, -0.0251395, 0.103499, -0.0184466, 0.13583, -0.0293474, 0.128606, -0.00512508, 0.0326877, -0.00778863, 0.0603426, -0.0116711, 0.0603946, -0.0157781, 0.124182, -0.0318728, 0.215045, -0.0116711, 0.0603946, 0.00485415, 0.10436, -0.0184466, 0.13583, -0.00964766, 0.142931, -0.0184466, 0.13583, -0.00309962, 0.0166862, -0.0149858, 0.0691333, -0.0116711, 0.0603946, -0.0164641, 0.0819208, -0.00816547, 0.0439294, -0.0164641, 0.0819208, -0.0157781, 0.124182, -0.0164641, 0.0819208, -0.0318728, 0.215045, -0.0429105, 0.253897, -0.0149858, 0.0691333, -0.0184466, 0.13583, -0.0293474, 0.128606, -0.0184466, 0.13583, -0.0251395, 0.103499, -0.0149858, 0.0691333, -0.0429105, 0.253897, -0.0318728, 0.215045, -0.0429105, 0.253897, -0.0251395, 0.103499, -0.00512508, 0.0326877, -0.0164641, 0.0819208, -0.0116711, 0.0603946, -0.0149858, 0.0691333, -0.00816547, 0.0439294, -0.00320235, 0.0155616, -0.0116711, 0.0603946, -0.00778863, 0.0603426, -0.00512508, 0.0326877, -0.0116711, 0.0603946, -0.0149858, 0.0691333, -0.00309962, 0.0166862, -0.00964766, 0.142931, -0.0184466, 0.13583, 0.00485415, 0.10436, -0.00816547, 0.0439294, -0.0116711, 0.0603946, -0.0318728, 0.215045, -0.0157781, 0.124182, -0.0164641, 0.0819208, -0.0184466, 0.13583, -0.00778863, 0.0603426, -0.0157781, 0.124182, -0.00778863, 0.0603426, -0.00512508, 0.0326877, 0.00485415, 0.10436, -0.00512508, 0.0326877, -0.0116711, 0.0603946, -0.0164641, 0.0819208, -0.00512508, 0.0326877, -0.00320235, 0.0155616, -0.00816547, 0.0439294, -0.0149858, 0.0691333, -0.00309962, 0.0166862, ],]
