START_PARAMETERS
MAX_STEPS_MCDB =               32
MIN_STEPS_MCDB =               4
STEPS_CRUNCH_MCDB =            1
SWEEPS_MCDB =                  100
TOTAL_STEP_CHANGES =                  6
MCBB_SECONDARY =                  1
SWEEPS_MCBB_SECONDARY =                  300
NUMBER_OF_BANGS =                  8
GROUND_E =                -3.20586
INITIAL_E =               -3.14631
j_initial =               0.077
k_initial =               0.5
b_initial =               0
j_target =                0.169
k_target =                0.5
b_target =                0
init_target_dot_squared = 0.96028
init_state = [-0.000344346, 0, -0.0127084, 0, -0.000527496, 0, -4.66409e-05, 0, -0.000999931, 0, -0.0016089, 0, -0.000999931, 0, -0.00584634, 0, -0.0252733, 0, -0.000999931, 0, -4.66409e-05, 0, -0.000527496, 0, -0.0127084, 0, -0.0128694, 0, -0.492594, 0, -0.0128694, 0, -0.000999931, 0, -0.0252733, 0, -0.00584634, 0, -0.0255185, 0, -0.000527496, 0, -0.000465565, 0, -0.00196542, 0, -0.0067074, 0, -0.0748551, 0, -0.00196542, 0, -0.0016089, 0, -0.00584634, 0, -0.00230619, 0, -0.00584634, 0, -0.000344346, 0, -0.0127084, 0, -0.00196542, 0, -0.0128694, 0, -0.000999931, 0, -0.0128694, 0, -0.0067074, 0, -0.0128694, 0, -0.0748551, 0, -0.492594, 0, -0.0127084, 0, -0.00584634, 0, -0.0255185, 0, -0.00584634, 0, -0.0252733, 0, -0.0127084, 0, -0.492594, 0, -0.0748551, 0, -0.492594, 0, -0.0252733, 0, -0.000527496, 0, -0.0128694, 0, -0.00196542, 0, -0.0127084, 0, -0.000999931, 0, -4.66409e-05, 0, -0.00196542, 0, -0.000465565, 0, -0.000527496, 0, -0.00196542, 0, -0.0127084, 0, -0.000344346, 0, -0.00230619, 0, -0.00584634, 0, -0.0016089, 0, -0.000999931, 0, -0.00196542, 0, -0.0748551, 0, -0.0067074, 0, -0.0128694, 0, -0.00584634, 0, -0.000465565, 0, -0.0067074, 0, -0.000465565, 0, -0.000527496, 0, -0.0016089, 0, -0.000527496, 0, -0.00196542, 0, -0.0128694, 0, -0.000527496, 0, -4.66409e-05, 0, -0.000999931, 0, -0.0127084, 0, -0.000344346, 0, ]
target_state = [0.00184938, 0, 0.0269855, 0, 0.00298063, 0, 0.000512703, 0, 0.00491599, 0, 0.0139401, 0, 0.00491599, 0, 0.0264651, 0, 0.0524935, 0, 0.00491599, 0, 0.000512703, 0, 0.00298063, 0, 0.0269855, 0, 0.0284111, 0, 0.466508, 0, 0.0284111, 0, 0.00491599, 0, 0.0524935, 0, 0.0264651, 0, 0.0547654, 0, 0.00298063, 0, 0.00432882, 0, 0.00918413, 0, 0.0288931, 0, 0.148853, 0, 0.00918413, 0, 0.0139401, 0, 0.0264651, 0, 0.0199848, 0, 0.0264651, 0, 0.00184938, 0, 0.0269855, 0, 0.00918413, 0, 0.0284111, 0, 0.00491599, 0, 0.0284111, 0, 0.0288931, 0, 0.0284111, 0, 0.148853, 0, 0.466508, 0, 0.0269855, 0, 0.0264651, 0, 0.0547654, 0, 0.0264651, 0, 0.0524935, 0, 0.0269855, 0, 0.466508, 0, 0.148853, 0, 0.466508, 0, 0.0524935, 0, 0.00298063, 0, 0.0284111, 0, 0.00918413, 0, 0.0269855, 0, 0.00491599, 0, 0.000512703, 0, 0.00918413, 0, 0.00432882, 0, 0.00298063, 0, 0.00918413, 0, 0.0269855, 0, 0.00184938, 0, 0.0199848, 0, 0.0264651, 0, 0.0139401, 0, 0.00491599, 0, 0.00918413, 0, 0.148853, 0, 0.0288931, 0, 0.0284111, 0, 0.0264651, 0, 0.00432882, 0, 0.0288931, 0, 0.00432882, 0, 0.00298063, 0, 0.0139401, 0, 0.00298063, 0, 0.00918413, 0, 0.0284111, 0, 0.00298063, 0, 0.000512703, 0, 0.00491599, 0, 0.0269855, 0, 0.00184938, 0, ]
USE_ENERGY_DISTANCE =     false
PERIODIC =                false
UNIFORM_SITES =           true
DEVICE_DIMENSION =        2
MAX_PARAM =               1
MIN_PARAM =               0
MIN_PARAM =               0
DIAG =                    true
NUM_SEEDS =               2
NUMBER_OF_BANGS =               8
DISTANCE_LIMIT =          0.02
TAU_INIT =                0.7
MAX_TAU =                 5
TAU_SCALAR =              1.2
TAU_SCALAR_TINY =         1.1
TAU_SCALAR_BIG =          1.3
ACCEPTANCE_PROB =         0.85
TEMP_EXP_DECAY =          0.8
MIN_TEMP_FRACTION =       0.01
TEMP_DECAY_ITERATIONS =   21
ZERO_TEMP_ITREATIONS =    25
RANDOM_STATES =           3
END_PARAMETERS
##############################################################################
clock_duration  =         1608.24
tau =                     0.35
total_steps =             32
time_step =               0.021875
best_mc_result =          0.0226486
best_mc_result_non_secondary =          0
evolved_target_dot_squared =  0.977351
distance =          0.570205
j_protocol =  [[0, 0, 0, 0, 0, 0, 0, 0, 0, 0, 0, 0, 0, 0, 0, 0, 0, 0, 0, 0, 0, 0, 0, 0, 0, 0, 0, 0, 0, 0, 0, 0, ],[0, 0, 0, 0, 0, 0, 0, 0, 0, 0, 0, 0, 0, 0, 0, 0, 0, 0, 0, 0, 0, 0, 0, 0, 0, 0, 0, 0, 0, 0, 0, 0, ],]
k_protocol =  [[0, 0, 0, 0, 0, 0, 0, 0, 0, 0, 0, 0, 0, 0, 0, 0, 0, 0, 0, 0, 0, 0, 0, 0, 0, 0, 0, 0, 0, 0, 0, 0, ],[0, 0, 0, 0, 0, 0, 0, 0, 0, 0, 0, 0, 0, 0, 0, 0, 0, 0, 0, 0, 0, 0, 0, 0, 0, 0, 0, 0, 0, 0, 0, 0, ],]
j_protocol_secondary =  [0, 0.0350431, 0.0350431, 0.0413852, 0.171686, 0.173629, 0.174096, 0.179408, 0.1795, 0.186358, 0.202737, 0.234042, 0.249963, 0.250111, 0.35, 0.35, ]
k_protocol_secondary =  [0.00394559, 0.0162986, 0.0162986, 0.0720771, 0.0720771, 0.183755, 0.183755, 0.21875, 0.21875, 0.228368, 0.228368, 0.241257, 0.241257, 0.301052, 0.301052, 0.35, ]
best_evolved_state = [0.000383041, -0.0017026, 0.0114665, -0.0266827, 0.00186578, -0.00156966, 0.000402168, -2.7347e-05, 0.00366259, -0.0031578, 0.00119902, 0.000458643, 0.00366259, -0.0031578, 0.0124892, -0.00302612, 0.0222211, -0.0535022, 0.00366259, -0.0031578, 0.000402168, -2.7347e-05, 0.00186578, -0.00156966, 0.0114665, -0.0266827, 0.0117715, -0.0267349, 0.258733, -0.405777, 0.0117715, -0.0267349, 0.00366259, -0.0031578, 0.0222211, -0.0535022, 0.0124892, -0.00302612, 0.0225826, -0.053528, 0.00186578, -0.00156966, 0.00132177, 3.24129e-05, 0.00359241, -0.00467167, 0.0113752, -0.00476051, 0.0710928, -0.0655094, 0.00359241, -0.00467167, 0.00119902, 0.000458643, 0.0124892, -0.00302612, 0.00183296, 0.000580617, 0.0124892, -0.00302612, 0.000383041, -0.0017026, 0.0114665, -0.0266827, 0.00359241, -0.00467167, 0.0117715, -0.0267349, 0.00366259, -0.0031578, 0.0117715, -0.0267349, 0.0113752, -0.00476051, 0.0117715, -0.0267349, 0.0710928, -0.0655094, 0.258733, -0.405777, 0.0114665, -0.0266827, 0.0124892, -0.00302612, 0.0225826, -0.053528, 0.0124892, -0.00302612, 0.0222211, -0.0535022, 0.0114665, -0.0266827, 0.258733, -0.405777, 0.0710928, -0.0655094, 0.258733, -0.405777, 0.0222211, -0.0535022, 0.00186578, -0.00156966, 0.0117715, -0.0267349, 0.00359241, -0.00467167, 0.0114665, -0.0266827, 0.00366259, -0.0031578, 0.000402168, -2.7347e-05, 0.00359241, -0.00467167, 0.00132177, 3.24129e-05, 0.00186578, -0.00156966, 0.00359241, -0.00467167, 0.0114665, -0.0266827, 0.000383041, -0.0017026, 0.00183296, 0.000580617, 0.0124892, -0.00302612, 0.00119902, 0.000458643, 0.00366259, -0.0031578, 0.00359241, -0.00467167, 0.0710928, -0.0655094, 0.0113752, -0.00476051, 0.0117715, -0.0267349, 0.0124892, -0.00302612, 0.00132177, 3.24129e-05, 0.0113752, -0.00476051, 0.00132177, 3.24129e-05, 0.00186578, -0.00156966, 0.00119902, 0.000458643, 0.00186578, -0.00156966, 0.00359241, -0.00467167, 0.0117715, -0.0267349, 0.00186578, -0.00156966, 0.000402168, -2.7347e-05, 0.00366259, -0.0031578, 0.0114665, -0.0266827, 0.000383041, -0.0017026, ]
best_mc_result_fixed_tau =   [0.0152284, 0.0148586, ]
evolved_state_fixed_tau =   [[0.00114071, 0.000770585, 0.0176525, 0.0172437, 0.000902914, 0.000339979, 0.000620292, -0.00012987, 0.00192898, 0.000276123, -0.00245136, 0.00292593, 0.00192898, 0.000276123, 0.00441411, 0.014687, 0.0348512, 0.0340124, 0.00192898, 0.000276123, 0.000620292, -0.00012987, 0.000902914, 0.000339979, 0.0176525, 0.0172437, 0.0175467, 0.0179574, 0.24662, 0.411926, 0.0175467, 0.0179574, 0.00192898, 0.000276123, 0.0348512, 0.0340124, 0.00441411, 0.014687, 0.0342986, 0.0353659, 0.000902914, 0.000339979, 0.000242133, 0.00190241, 0.00287507, 0.00488782, 0.00233803, 0.0158103, 0.0340922, 0.106945, 0.00287507, 0.00488782, -0.00245136, 0.00292593, 0.00441411, 0.014687, -0.00350561, 0.00363188, 0.00441411, 0.014687, 0.00114071, 0.000770585, 0.0176525, 0.0172437, 0.00287507, 0.00488782, 0.0175467, 0.0179574, 0.00192898, 0.000276123, 0.0175467, 0.0179574, 0.00233803, 0.0158103, 0.0175467, 0.0179574, 0.0340922, 0.106945, 0.24662, 0.411926, 0.0176525, 0.0172437, 0.00441411, 0.014687, 0.0342986, 0.0353659, 0.00441411, 0.014687, 0.0348512, 0.0340124, 0.0176525, 0.0172437, 0.24662, 0.411926, 0.0340922, 0.106945, 0.24662, 0.411926, 0.0348512, 0.0340124, 0.000902914, 0.000339979, 0.0175467, 0.0179574, 0.00287507, 0.00488782, 0.0176525, 0.0172437, 0.00192898, 0.000276123, 0.000620292, -0.00012987, 0.00287507, 0.00488782, 0.000242133, 0.00190241, 0.000902914, 0.000339979, 0.00287507, 0.00488782, 0.0176525, 0.0172437, 0.00114071, 0.000770585, -0.00350561, 0.00363188, 0.00441411, 0.014687, -0.00245136, 0.00292593, 0.00192898, 0.000276123, 0.00287507, 0.00488782, 0.0340922, 0.106945, 0.00233803, 0.0158103, 0.0175467, 0.0179574, 0.00441411, 0.014687, 0.000242133, 0.00190241, 0.00233803, 0.0158103, 0.000242133, 0.00190241, 0.000902914, 0.000339979, -0.00245136, 0.00292593, 0.000902914, 0.000339979, 0.00287507, 0.00488782, 0.0175467, 0.0179574, 0.000902914, 0.000339979, 0.000620292, -0.00012987, 0.00192898, 0.000276123, 0.0176525, 0.0172437, 0.00114071, 0.000770585, ],[0.00112696, 0.000885275, 0.0199336, 0.0159609, 0.00184454, -0.000160279, 0.00139461, -9.28877e-06, 0.00412877, -0.00101342, -0.00498388, 0.00422354, 0.00412877, -0.00101342, 0.00706, 0.021173, 0.0389326, 0.0308912, 0.00412877, -0.00101342, 0.00139461, -9.28877e-06, 0.00184454, -0.000160279, 0.0199336, 0.0159609, 0.0195598, 0.0170786, 0.285675, 0.379194, 0.0195598, 0.0170786, 0.00412877, -0.00101342, 0.0389326, 0.0308912, 0.00706, 0.021173, 0.03757, 0.0329271, 0.00184454, -0.000160279, 0.000187045, 0.00326595, 0.00325904, 0.00565289, 0.00230147, 0.0216137, 0.0404091, 0.122095, 0.00325904, 0.00565289, -0.00498388, 0.00422354, 0.00706, 0.021173, -0.00695273, 0.00503589, 0.00706, 0.021173, 0.00112696, 0.000885275, 0.0199336, 0.0159609, 0.00325904, 0.00565289, 0.0195598, 0.0170786, 0.00412877, -0.00101342, 0.0195598, 0.0170786, 0.00230147, 0.0216137, 0.0195598, 0.0170786, 0.0404091, 0.122095, 0.285675, 0.379194, 0.0199336, 0.0159609, 0.00706, 0.021173, 0.03757, 0.0329271, 0.00706, 0.021173, 0.0389326, 0.0308912, 0.0199336, 0.0159609, 0.285675, 0.379194, 0.0404091, 0.122095, 0.285675, 0.379194, 0.0389326, 0.0308912, 0.00184454, -0.000160279, 0.0195598, 0.0170786, 0.00325904, 0.00565289, 0.0199336, 0.0159609, 0.00412877, -0.00101342, 0.00139461, -9.28877e-06, 0.00325904, 0.00565289, 0.000187045, 0.00326595, 0.00184454, -0.000160279, 0.00325904, 0.00565289, 0.0199336, 0.0159609, 0.00112696, 0.000885275, -0.00695273, 0.00503589, 0.00706, 0.021173, -0.00498388, 0.00422354, 0.00412877, -0.00101342, 0.00325904, 0.00565289, 0.0404091, 0.122095, 0.00230147, 0.0216137, 0.0195598, 0.0170786, 0.00706, 0.021173, 0.000187045, 0.00326595, 0.00230147, 0.0216137, 0.000187045, 0.00326595, 0.00184454, -0.000160279, -0.00498388, 0.00422354, 0.00184454, -0.000160279, 0.00325904, 0.00565289, 0.0195598, 0.0170786, 0.00184454, -0.000160279, 0.00139461, -9.28877e-06, 0.00412877, -0.00101342, 0.0199336, 0.0159609, 0.00112696, 0.000885275, ],]
##############################################################################
clock_duration  =         3063.03
tau =                     0.4375
total_steps =             32
time_step =               0.021875
best_mc_result =          0.0211466
best_mc_result_non_secondary =          0
evolved_target_dot_squared =  0.978853
distance =          0.532392
j_protocol =  [[0, 0, 0, 0, 0, 0, 0, 0, 0, 0, 0, 0, 0, 0, 0, 0, 0, 0, 0, 0, 0, 0, 0, 0, 0, 0, 0, 0, 0, 0, 0, 0, ],[0, 0, 0, 0, 0, 0, 0, 0, 0, 0, 0, 0, 0, 0, 0, 0, 0, 0, 0, 0, 0, 0, 0, 0, 0, 0, 0, 0, 0, 0, 0, 0, ],]
k_protocol =  [[0, 0, 0, 0, 0, 0, 0, 0, 0, 0, 0, 0, 0, 0, 0, 0, 0, 0, 0, 0, 0, 0, 0, 0, 0, 0, 0, 0, 0, 0, 0, 0, ],[0, 0, 0, 0, 0, 0, 0, 0, 0, 0, 0, 0, 0, 0, 0, 0, 0, 0, 0, 0, 0, 0, 0, 0, 0, 0, 0, 0, 0, 0, 0, 0, ],]
j_protocol_secondary =  [0, 0.0421084, 0.0508864, 0.0549302, 0.218542, 0.218542, 0.218568, 0.218568, 0.228637, 0.229226, 0.252075, 0.304856, 0.308089, 0.319052, 0.4375, 0.4375, ]
k_protocol_secondary =  [0.00423757, 0.0149896, 0.0149896, 0.0900964, 0.0900964, 0.229694, 0.229694, 0.229694, 0.229694, 0.301341, 0.301341, 0.301571, 0.301571, 0.319312, 0.319312, 0.4375, ]
best_evolved_state = [0.0010331, -0.00112186, 0.021973, -0.0166233, 0.00241706, -0.00103185, 0.000609989, 7.59259e-05, 0.00478294, -0.00223546, 0.000915899, 0.00203916, 0.00478294, -0.00223546, 0.0153668, 0.00356385, 0.0431134, -0.0336481, 0.00478294, -0.00223546, 0.000609989, 7.59259e-05, 0.00241706, -0.00103185, 0.021973, -0.0166233, 0.0223221, -0.0163668, 0.430235, -0.214141, 0.0223221, -0.0163668, 0.00478294, -0.00223546, 0.0431134, -0.0336481, 0.0153668, 0.00356385, 0.0434578, -0.0331685, 0.00241706, -0.00103185, 0.00153086, 0.000914481, 0.00552923, -0.00206316, 0.0143079, 0.00255226, 0.101856, -0.016334, 0.00552923, -0.00206316, 0.000915899, 0.00203916, 0.0153668, 0.00356385, 0.00139445, 0.00270644, 0.0153668, 0.00356385, 0.0010331, -0.00112186, 0.021973, -0.0166233, 0.00552923, -0.00206316, 0.0223221, -0.0163668, 0.00478294, -0.00223546, 0.0223221, -0.0163668, 0.0143079, 0.00255226, 0.0223221, -0.0163668, 0.101856, -0.016334, 0.430235, -0.214141, 0.021973, -0.0166233, 0.0153668, 0.00356385, 0.0434578, -0.0331685, 0.0153668, 0.00356385, 0.0431134, -0.0336481, 0.021973, -0.0166233, 0.430235, -0.214141, 0.101856, -0.016334, 0.430235, -0.214141, 0.0431134, -0.0336481, 0.00241706, -0.00103185, 0.0223221, -0.0163668, 0.00552923, -0.00206316, 0.021973, -0.0166233, 0.00478294, -0.00223546, 0.000609989, 7.59259e-05, 0.00552923, -0.00206316, 0.00153086, 0.000914481, 0.00241706, -0.00103185, 0.00552923, -0.00206316, 0.021973, -0.0166233, 0.0010331, -0.00112186, 0.00139445, 0.00270644, 0.0153668, 0.00356385, 0.000915899, 0.00203916, 0.00478294, -0.00223546, 0.00552923, -0.00206316, 0.101856, -0.016334, 0.0143079, 0.00255226, 0.0223221, -0.0163668, 0.0153668, 0.00356385, 0.00153086, 0.000914481, 0.0143079, 0.00255226, 0.00153086, 0.000914481, 0.00241706, -0.00103185, 0.000915899, 0.00203916, 0.00241706, -0.00103185, 0.00552923, -0.00206316, 0.0223221, -0.0163668, 0.00241706, -0.00103185, 0.000609989, 7.59259e-05, 0.00478294, -0.00223546, 0.021973, -0.0166233, 0.0010331, -0.00112186, ]
best_mc_result_fixed_tau =   [0.0152284, 0.0148586, ]
evolved_state_fixed_tau =   [[0.00114071, 0.000770585, 0.0176525, 0.0172437, 0.000902914, 0.000339979, 0.000620292, -0.00012987, 0.00192898, 0.000276123, -0.00245136, 0.00292593, 0.00192898, 0.000276123, 0.00441411, 0.014687, 0.0348512, 0.0340124, 0.00192898, 0.000276123, 0.000620292, -0.00012987, 0.000902914, 0.000339979, 0.0176525, 0.0172437, 0.0175467, 0.0179574, 0.24662, 0.411926, 0.0175467, 0.0179574, 0.00192898, 0.000276123, 0.0348512, 0.0340124, 0.00441411, 0.014687, 0.0342986, 0.0353659, 0.000902914, 0.000339979, 0.000242133, 0.00190241, 0.00287507, 0.00488782, 0.00233803, 0.0158103, 0.0340922, 0.106945, 0.00287507, 0.00488782, -0.00245136, 0.00292593, 0.00441411, 0.014687, -0.00350561, 0.00363188, 0.00441411, 0.014687, 0.00114071, 0.000770585, 0.0176525, 0.0172437, 0.00287507, 0.00488782, 0.0175467, 0.0179574, 0.00192898, 0.000276123, 0.0175467, 0.0179574, 0.00233803, 0.0158103, 0.0175467, 0.0179574, 0.0340922, 0.106945, 0.24662, 0.411926, 0.0176525, 0.0172437, 0.00441411, 0.014687, 0.0342986, 0.0353659, 0.00441411, 0.014687, 0.0348512, 0.0340124, 0.0176525, 0.0172437, 0.24662, 0.411926, 0.0340922, 0.106945, 0.24662, 0.411926, 0.0348512, 0.0340124, 0.000902914, 0.000339979, 0.0175467, 0.0179574, 0.00287507, 0.00488782, 0.0176525, 0.0172437, 0.00192898, 0.000276123, 0.000620292, -0.00012987, 0.00287507, 0.00488782, 0.000242133, 0.00190241, 0.000902914, 0.000339979, 0.00287507, 0.00488782, 0.0176525, 0.0172437, 0.00114071, 0.000770585, -0.00350561, 0.00363188, 0.00441411, 0.014687, -0.00245136, 0.00292593, 0.00192898, 0.000276123, 0.00287507, 0.00488782, 0.0340922, 0.106945, 0.00233803, 0.0158103, 0.0175467, 0.0179574, 0.00441411, 0.014687, 0.000242133, 0.00190241, 0.00233803, 0.0158103, 0.000242133, 0.00190241, 0.000902914, 0.000339979, -0.00245136, 0.00292593, 0.000902914, 0.000339979, 0.00287507, 0.00488782, 0.0175467, 0.0179574, 0.000902914, 0.000339979, 0.000620292, -0.00012987, 0.00192898, 0.000276123, 0.0176525, 0.0172437, 0.00114071, 0.000770585, ],[0.00112696, 0.000885275, 0.0199336, 0.0159609, 0.00184454, -0.000160279, 0.00139461, -9.28877e-06, 0.00412877, -0.00101342, -0.00498388, 0.00422354, 0.00412877, -0.00101342, 0.00706, 0.021173, 0.0389326, 0.0308912, 0.00412877, -0.00101342, 0.00139461, -9.28877e-06, 0.00184454, -0.000160279, 0.0199336, 0.0159609, 0.0195598, 0.0170786, 0.285675, 0.379194, 0.0195598, 0.0170786, 0.00412877, -0.00101342, 0.0389326, 0.0308912, 0.00706, 0.021173, 0.03757, 0.0329271, 0.00184454, -0.000160279, 0.000187045, 0.00326595, 0.00325904, 0.00565289, 0.00230147, 0.0216137, 0.0404091, 0.122095, 0.00325904, 0.00565289, -0.00498388, 0.00422354, 0.00706, 0.021173, -0.00695273, 0.00503589, 0.00706, 0.021173, 0.00112696, 0.000885275, 0.0199336, 0.0159609, 0.00325904, 0.00565289, 0.0195598, 0.0170786, 0.00412877, -0.00101342, 0.0195598, 0.0170786, 0.00230147, 0.0216137, 0.0195598, 0.0170786, 0.0404091, 0.122095, 0.285675, 0.379194, 0.0199336, 0.0159609, 0.00706, 0.021173, 0.03757, 0.0329271, 0.00706, 0.021173, 0.0389326, 0.0308912, 0.0199336, 0.0159609, 0.285675, 0.379194, 0.0404091, 0.122095, 0.285675, 0.379194, 0.0389326, 0.0308912, 0.00184454, -0.000160279, 0.0195598, 0.0170786, 0.00325904, 0.00565289, 0.0199336, 0.0159609, 0.00412877, -0.00101342, 0.00139461, -9.28877e-06, 0.00325904, 0.00565289, 0.000187045, 0.00326595, 0.00184454, -0.000160279, 0.00325904, 0.00565289, 0.0199336, 0.0159609, 0.00112696, 0.000885275, -0.00695273, 0.00503589, 0.00706, 0.021173, -0.00498388, 0.00422354, 0.00412877, -0.00101342, 0.00325904, 0.00565289, 0.0404091, 0.122095, 0.00230147, 0.0216137, 0.0195598, 0.0170786, 0.00706, 0.021173, 0.000187045, 0.00326595, 0.00230147, 0.0216137, 0.000187045, 0.00326595, 0.00184454, -0.000160279, -0.00498388, 0.00422354, 0.00184454, -0.000160279, 0.00325904, 0.00565289, 0.0195598, 0.0170786, 0.00184454, -0.000160279, 0.00139461, -9.28877e-06, 0.00412877, -0.00101342, 0.0199336, 0.0159609, 0.00112696, 0.000885275, ],]
##############################################################################
clock_duration  =         3658.47
tau =                     0.48125
total_steps =             32
time_step =               0.021875
best_mc_result =          0.0200927
best_mc_result_non_secondary =          0
evolved_target_dot_squared =  0.979907
distance =          0.505858
j_protocol =  [[0, 0, 0, 0, 0, 0, 0, 0, 0, 0, 0, 0, 0, 0, 0, 0, 0, 0, 0, 0, 0, 0, 0, 0, 0, 0, 0, 0, 0, 0, 0, 0, ],[0, 0, 0, 0, 0, 0, 0, 0, 0, 0, 0, 0, 0, 0, 0, 0, 0, 0, 0, 0, 0, 0, 0, 0, 0, 0, 0, 0, 0, 0, 0, 0, ],]
k_protocol =  [[0, 0, 0, 0, 0, 0, 0, 0, 0, 0, 0, 0, 0, 0, 0, 0, 0, 0, 0, 0, 0, 0, 0, 0, 0, 0, 0, 0, 0, 0, 0, 0, ],[0, 0, 0, 0, 0, 0, 0, 0, 0, 0, 0, 0, 0, 0, 0, 0, 0, 0, 0, 0, 0, 0, 0, 0, 0, 0, 0, 0, 0, 0, 0, 0, ],]
j_protocol_secondary =  [0, 0.0476849, 0.0604232, 0.0604232, 0.240397, 0.240397, 0.240397, 0.240397, 0.251501, 0.251501, 0.276808, 0.338898, 0.338898, 0.350796, 0.48125, 0.48125, ]
k_protocol_secondary =  [0.00460617, 0.0164885, 0.0164885, 0.099106, 0.099106, 0.252664, 0.252664, 0.252664, 0.252664, 0.331728, 0.331728, 0.331728, 0.331728, 0.351244, 0.351244, 0.48125, ]
best_evolved_state = [0.00124758, -0.000746403, 0.0249645, -0.01016, 0.0024415, -0.000718458, 0.000700966, 9.74499e-05, 0.00486231, -0.00169175, 0.000397281, 0.00272964, 0.00486231, -0.00169175, 0.015147, 0.00706258, 0.0491135, -0.020831, 0.00486231, -0.00169175, 0.000700966, 9.74499e-05, 0.0024415, -0.000718458, 0.0249645, -0.01016, 0.0252819, -0.00973958, 0.471015, -0.0927859, 0.0252819, -0.00973958, 0.00486231, -0.00169175, 0.0491135, -0.020831, 0.015147, 0.00706258, 0.0493615, -0.0200779, 0.0024415, -0.000718458, 0.0014504, 0.00135189, 0.00590526, -0.000482697, 0.0140626, 0.00655766, 0.105969, 0.0127707, 0.00590526, -0.000482697, 0.000397281, 0.00272964, 0.015147, 0.00706258, 0.000626692, 0.0035979, 0.015147, 0.00706258, 0.00124758, -0.000746403, 0.0249645, -0.01016, 0.00590526, -0.000482697, 0.0252819, -0.00973958, 0.00486231, -0.00169175, 0.0252819, -0.00973958, 0.0140626, 0.00655766, 0.0252819, -0.00973958, 0.105969, 0.0127707, 0.471015, -0.0927859, 0.0249645, -0.01016, 0.015147, 0.00706258, 0.0493615, -0.0200779, 0.015147, 0.00706258, 0.0491135, -0.020831, 0.0249645, -0.01016, 0.471015, -0.0927859, 0.105969, 0.0127707, 0.471015, -0.0927859, 0.0491135, -0.020831, 0.0024415, -0.000718458, 0.0252819, -0.00973958, 0.00590526, -0.000482697, 0.0249645, -0.01016, 0.00486231, -0.00169175, 0.000700966, 9.74499e-05, 0.00590526, -0.000482697, 0.0014504, 0.00135189, 0.0024415, -0.000718458, 0.00590526, -0.000482697, 0.0249645, -0.01016, 0.00124758, -0.000746403, 0.000626692, 0.0035979, 0.015147, 0.00706258, 0.000397281, 0.00272964, 0.00486231, -0.00169175, 0.00590526, -0.000482697, 0.105969, 0.0127707, 0.0140626, 0.00655766, 0.0252819, -0.00973958, 0.015147, 0.00706258, 0.0014504, 0.00135189, 0.0140626, 0.00655766, 0.0014504, 0.00135189, 0.0024415, -0.000718458, 0.000397281, 0.00272964, 0.0024415, -0.000718458, 0.00590526, -0.000482697, 0.0252819, -0.00973958, 0.0024415, -0.000718458, 0.000700966, 9.74499e-05, 0.00486231, -0.00169175, 0.0249645, -0.01016, 0.00124758, -0.000746403, ]
best_mc_result_fixed_tau =   [0.0152284, 0.0148586, ]
evolved_state_fixed_tau =   [[0.00114071, 0.000770585, 0.0176525, 0.0172437, 0.000902914, 0.000339979, 0.000620292, -0.00012987, 0.00192898, 0.000276123, -0.00245136, 0.00292593, 0.00192898, 0.000276123, 0.00441411, 0.014687, 0.0348512, 0.0340124, 0.00192898, 0.000276123, 0.000620292, -0.00012987, 0.000902914, 0.000339979, 0.0176525, 0.0172437, 0.0175467, 0.0179574, 0.24662, 0.411926, 0.0175467, 0.0179574, 0.00192898, 0.000276123, 0.0348512, 0.0340124, 0.00441411, 0.014687, 0.0342986, 0.0353659, 0.000902914, 0.000339979, 0.000242133, 0.00190241, 0.00287507, 0.00488782, 0.00233803, 0.0158103, 0.0340922, 0.106945, 0.00287507, 0.00488782, -0.00245136, 0.00292593, 0.00441411, 0.014687, -0.00350561, 0.00363188, 0.00441411, 0.014687, 0.00114071, 0.000770585, 0.0176525, 0.0172437, 0.00287507, 0.00488782, 0.0175467, 0.0179574, 0.00192898, 0.000276123, 0.0175467, 0.0179574, 0.00233803, 0.0158103, 0.0175467, 0.0179574, 0.0340922, 0.106945, 0.24662, 0.411926, 0.0176525, 0.0172437, 0.00441411, 0.014687, 0.0342986, 0.0353659, 0.00441411, 0.014687, 0.0348512, 0.0340124, 0.0176525, 0.0172437, 0.24662, 0.411926, 0.0340922, 0.106945, 0.24662, 0.411926, 0.0348512, 0.0340124, 0.000902914, 0.000339979, 0.0175467, 0.0179574, 0.00287507, 0.00488782, 0.0176525, 0.0172437, 0.00192898, 0.000276123, 0.000620292, -0.00012987, 0.00287507, 0.00488782, 0.000242133, 0.00190241, 0.000902914, 0.000339979, 0.00287507, 0.00488782, 0.0176525, 0.0172437, 0.00114071, 0.000770585, -0.00350561, 0.00363188, 0.00441411, 0.014687, -0.00245136, 0.00292593, 0.00192898, 0.000276123, 0.00287507, 0.00488782, 0.0340922, 0.106945, 0.00233803, 0.0158103, 0.0175467, 0.0179574, 0.00441411, 0.014687, 0.000242133, 0.00190241, 0.00233803, 0.0158103, 0.000242133, 0.00190241, 0.000902914, 0.000339979, -0.00245136, 0.00292593, 0.000902914, 0.000339979, 0.00287507, 0.00488782, 0.0175467, 0.0179574, 0.000902914, 0.000339979, 0.000620292, -0.00012987, 0.00192898, 0.000276123, 0.0176525, 0.0172437, 0.00114071, 0.000770585, ],[0.00112696, 0.000885275, 0.0199336, 0.0159609, 0.00184454, -0.000160279, 0.00139461, -9.28877e-06, 0.00412877, -0.00101342, -0.00498388, 0.00422354, 0.00412877, -0.00101342, 0.00706, 0.021173, 0.0389326, 0.0308912, 0.00412877, -0.00101342, 0.00139461, -9.28877e-06, 0.00184454, -0.000160279, 0.0199336, 0.0159609, 0.0195598, 0.0170786, 0.285675, 0.379194, 0.0195598, 0.0170786, 0.00412877, -0.00101342, 0.0389326, 0.0308912, 0.00706, 0.021173, 0.03757, 0.0329271, 0.00184454, -0.000160279, 0.000187045, 0.00326595, 0.00325904, 0.00565289, 0.00230147, 0.0216137, 0.0404091, 0.122095, 0.00325904, 0.00565289, -0.00498388, 0.00422354, 0.00706, 0.021173, -0.00695273, 0.00503589, 0.00706, 0.021173, 0.00112696, 0.000885275, 0.0199336, 0.0159609, 0.00325904, 0.00565289, 0.0195598, 0.0170786, 0.00412877, -0.00101342, 0.0195598, 0.0170786, 0.00230147, 0.0216137, 0.0195598, 0.0170786, 0.0404091, 0.122095, 0.285675, 0.379194, 0.0199336, 0.0159609, 0.00706, 0.021173, 0.03757, 0.0329271, 0.00706, 0.021173, 0.0389326, 0.0308912, 0.0199336, 0.0159609, 0.285675, 0.379194, 0.0404091, 0.122095, 0.285675, 0.379194, 0.0389326, 0.0308912, 0.00184454, -0.000160279, 0.0195598, 0.0170786, 0.00325904, 0.00565289, 0.0199336, 0.0159609, 0.00412877, -0.00101342, 0.00139461, -9.28877e-06, 0.00325904, 0.00565289, 0.000187045, 0.00326595, 0.00184454, -0.000160279, 0.00325904, 0.00565289, 0.0199336, 0.0159609, 0.00112696, 0.000885275, -0.00695273, 0.00503589, 0.00706, 0.021173, -0.00498388, 0.00422354, 0.00412877, -0.00101342, 0.00325904, 0.00565289, 0.0404091, 0.122095, 0.00230147, 0.0216137, 0.0195598, 0.0170786, 0.00706, 0.021173, 0.000187045, 0.00326595, 0.00230147, 0.0216137, 0.000187045, 0.00326595, 0.00184454, -0.000160279, -0.00498388, 0.00422354, 0.00184454, -0.000160279, 0.00325904, 0.00565289, 0.0195598, 0.0170786, 0.00184454, -0.000160279, 0.00139461, -9.28877e-06, 0.00412877, -0.00101342, 0.0199336, 0.0159609, 0.00112696, 0.000885275, ],]
