START_PARAMETERS
MAX_STEPS_MCDB =               32
MIN_STEPS_MCDB =               4
STEPS_CRUNCH_MCDB =            1
SWEEPS_MCDB =                  100
TOTAL_STEP_CHANGES =                  6
MCBB_SECONDARY =                  1
SWEEPS_MCBB_SECONDARY =                  300
NUMBER_OF_BANGS =                  8
GROUND_E =                -6.97361
INITIAL_E =               -6.75897
j_initial =               0.611
k_initial =               0.062
b_initial =               0
j_target =                0.911
k_target =                0.5
b_target =                0
init_target_dot_squared = 0.954389
init_state = [0.0406067, 0, 0.0887065, 0, 0.0632217, 0, 0.0375024, 0, 0.068108, 0, 0.115229, 0, 0.068108, 0, 0.139081, 0, 0.119185, 0, 0.068108, 0, 0.0375024, 0, 0.0632217, 0, 0.0887065, 0, 0.10257, 0, 0.185998, 0, 0.10257, 0, 0.068108, 0, 0.119185, 0, 0.139081, 0, 0.140699, 0, 0.0632217, 0, 0.0859539, 0, 0.0882623, 0, 0.132074, 0, 0.176167, 0, 0.0882623, 0, 0.115229, 0, 0.139081, 0, 0.146862, 0, 0.139081, 0, 0.0406067, 0, 0.0887065, 0, 0.0882623, 0, 0.10257, 0, 0.068108, 0, 0.10257, 0, 0.132074, 0, 0.10257, 0, 0.176167, 0, 0.185998, 0, 0.0887065, 0, 0.139081, 0, 0.140699, 0, 0.139081, 0, 0.119185, 0, 0.0887065, 0, 0.185998, 0, 0.176167, 0, 0.185998, 0, 0.119185, 0, 0.0632217, 0, 0.10257, 0, 0.0882623, 0, 0.0887065, 0, 0.068108, 0, 0.0375024, 0, 0.0882623, 0, 0.0859539, 0, 0.0632217, 0, 0.0882623, 0, 0.0887065, 0, 0.0406067, 0, 0.146862, 0, 0.139081, 0, 0.115229, 0, 0.068108, 0, 0.0882623, 0, 0.176167, 0, 0.132074, 0, 0.10257, 0, 0.139081, 0, 0.0859539, 0, 0.132074, 0, 0.0859539, 0, 0.0632217, 0, 0.115229, 0, 0.0632217, 0, 0.0882623, 0, 0.10257, 0, 0.0632217, 0, 0.0375024, 0, 0.068108, 0, 0.0887065, 0, 0.0406067, 0, ]
target_state = [0.0231316, 0, 0.0731263, 0, 0.0393209, 0, 0.017182, 0, 0.045303, 0, 0.106992, 0, 0.045303, 0, 0.133044, 0, 0.112699, 0, 0.045303, 0, 0.017182, 0, 0.0393209, 0, 0.0731263, 0, 0.0865196, 0, 0.253004, 0, 0.0865196, 0, 0.045303, 0, 0.112699, 0, 0.133044, 0, 0.135623, 0, 0.0393209, 0, 0.0603401, 0, 0.0659712, 0, 0.125656, 0, 0.211622, 0, 0.0659712, 0, 0.106992, 0, 0.133044, 0, 0.145811, 0, 0.133044, 0, 0.0231316, 0, 0.0731263, 0, 0.0659712, 0, 0.0865196, 0, 0.045303, 0, 0.0865196, 0, 0.125656, 0, 0.0865196, 0, 0.211622, 0, 0.253004, 0, 0.0731263, 0, 0.133044, 0, 0.135623, 0, 0.133044, 0, 0.112699, 0, 0.0731263, 0, 0.253004, 0, 0.211622, 0, 0.253004, 0, 0.112699, 0, 0.0393209, 0, 0.0865196, 0, 0.0659712, 0, 0.0731263, 0, 0.045303, 0, 0.017182, 0, 0.0659712, 0, 0.0603401, 0, 0.0393209, 0, 0.0659712, 0, 0.0731263, 0, 0.0231316, 0, 0.145811, 0, 0.133044, 0, 0.106992, 0, 0.045303, 0, 0.0659712, 0, 0.211622, 0, 0.125656, 0, 0.0865196, 0, 0.133044, 0, 0.0603401, 0, 0.125656, 0, 0.0603401, 0, 0.0393209, 0, 0.106992, 0, 0.0393209, 0, 0.0659712, 0, 0.0865196, 0, 0.0393209, 0, 0.017182, 0, 0.045303, 0, 0.0731263, 0, 0.0231316, 0, ]
USE_ENERGY_DISTANCE =     false
PERIODIC =                false
UNIFORM_SITES =           true
DEVICE_DIMENSION =        2
MAX_PARAM =               1
MIN_PARAM =               0
MIN_PARAM =               0
DIAG =                    true
NUM_SEEDS =               2
NUMBER_OF_BANGS =               8
DISTANCE_LIMIT =          0.02
TAU_INIT =                0.7
MAX_TAU =                 5
TAU_SCALAR =              1.2
TAU_SCALAR_TINY =         1.1
TAU_SCALAR_BIG =          1.3
ACCEPTANCE_PROB =         0.85
TEMP_EXP_DECAY =          0.8
MIN_TEMP_FRACTION =       0.01
TEMP_DECAY_ITERATIONS =   21
ZERO_TEMP_ITREATIONS =    25
RANDOM_STATES =           3
END_PARAMETERS
##############################################################################
clock_duration  =         2307.12
tau =                     0.175
total_steps =             32
time_step =               0.021875
best_mc_result =          0.0246526
best_mc_result_non_secondary =          0
evolved_target_dot_squared =  0.975347
distance =          0.540501
j_protocol =  [[0, 0, 0, 0, 0, 0, 0, 0, 0, 0, 0, 0, 0, 0, 0, 0, 0, 0, 0, 0, 0, 0, 0, 0, 0, 0, 0, 0, 0, 0, 0, 0, ],[0, 0, 0, 0, 0, 0, 0, 0, 0, 0, 0, 0, 0, 0, 0, 0, 0, 0, 0, 0, 0, 0, 0, 0, 0, 0, 0, 0, 0, 0, 0, 0, ],]
k_protocol =  [[0, 0, 0, 0, 0, 0, 0, 0, 0, 0, 0, 0, 0, 0, 0, 0, 0, 0, 0, 0, 0, 0, 0, 0, 0, 0, 0, 0, 0, 0, 0, 0, ],[0, 0, 0, 0, 0, 0, 0, 0, 0, 0, 0, 0, 0, 0, 0, 0, 0, 0, 0, 0, 0, 0, 0, 0, 0, 0, 0, 0, 0, 0, 0, 0, ],]
j_protocol_secondary =  [0.00571084, 0.0380413, 0.0380413, 0.0719279, 0.0719279, 0.0857098, 0.0857098, 0.0997943, 0.0997943, 0.107375, 0.107375, 0.120049, 0.120049, 0.132649, 0.132649, 0.175, ]
k_protocol_secondary =  [0, 0.0241426, 0.0241426, 0.0334923, 0.0334923, 0.0624446, 0.076377, 0.076377, 0.100744, 0.100744, 0.129586, 0.129586, 0.152315, 0.152315, 0.175, 0.175, ]
best_evolved_state = [0.0132044, 0.0237659, 0.0357437, 0.0744437, 0.0264391, 0.0496265, 0.02007, 0.0262754, 0.0289301, 0.0521755, 0.0482078, 0.120544, 0.0289301, 0.0521755, 0.0501608, 0.129457, 0.0368842, 0.0985028, 0.0289301, 0.0521755, 0.02007, 0.0262754, 0.0264391, 0.0496265, 0.0357437, 0.0744437, 0.0384315, 0.0860003, 0.0626383, 0.205622, 0.0384315, 0.0860003, 0.0289301, 0.0521755, 0.0368842, 0.0985028, 0.0501608, 0.129457, 0.0408935, 0.11556, 0.0264391, 0.0496265, 0.0399788, 0.0734978, 0.0310792, 0.0664275, 0.0459098, 0.123842, 0.0536244, 0.178199, 0.0310792, 0.0664275, 0.0482078, 0.120544, 0.0501608, 0.129457, 0.0595246, 0.151992, 0.0501608, 0.129457, 0.0132044, 0.0237659, 0.0357437, 0.0744437, 0.0310792, 0.0664275, 0.0384315, 0.0860003, 0.0289301, 0.0521755, 0.0384315, 0.0860003, 0.0459098, 0.123842, 0.0384315, 0.0860003, 0.0536244, 0.178199, 0.0626383, 0.205622, 0.0357437, 0.0744437, 0.0501608, 0.129457, 0.0408935, 0.11556, 0.0501608, 0.129457, 0.0368842, 0.0985028, 0.0357437, 0.0744437, 0.0626383, 0.205622, 0.0536244, 0.178199, 0.0626383, 0.205622, 0.0368842, 0.0985028, 0.0264391, 0.0496265, 0.0384315, 0.0860003, 0.0310792, 0.0664275, 0.0357437, 0.0744437, 0.0289301, 0.0521755, 0.02007, 0.0262754, 0.0310792, 0.0664275, 0.0399788, 0.0734978, 0.0264391, 0.0496265, 0.0310792, 0.0664275, 0.0357437, 0.0744437, 0.0132044, 0.0237659, 0.0595246, 0.151992, 0.0501608, 0.129457, 0.0482078, 0.120544, 0.0289301, 0.0521755, 0.0310792, 0.0664275, 0.0536244, 0.178199, 0.0459098, 0.123842, 0.0384315, 0.0860003, 0.0501608, 0.129457, 0.0399788, 0.0734978, 0.0459098, 0.123842, 0.0399788, 0.0734978, 0.0264391, 0.0496265, 0.0482078, 0.120544, 0.0264391, 0.0496265, 0.0310792, 0.0664275, 0.0384315, 0.0860003, 0.0264391, 0.0496265, 0.02007, 0.0262754, 0.0289301, 0.0521755, 0.0357437, 0.0744437, 0.0132044, 0.0237659, ]
best_mc_result_fixed_tau =   [0.00511292, 0.00532124, ]
evolved_state_fixed_tau =   [[0.00150207, -0.0183825, 0.0168952, -0.0720717, 0.00571149, -0.0352308, 0.00228176, -0.0197115, 0.00892675, -0.048888, 0.00347027, -0.108567, 0.00892675, -0.048888, 0.0257199, -0.140649, 0.027214, -0.100947, 0.00892675, -0.048888, 0.00228176, -0.0197115, 0.00571149, -0.0352308, 0.0168952, -0.0720717, 0.0184919, -0.0862257, 0.0566625, -0.233998, 0.0184919, -0.0862257, 0.00892675, -0.048888, 0.027214, -0.100947, 0.0257199, -0.140649, 0.0350164, -0.12817, 0.00571149, -0.0352308, 0.00976976, -0.071504, 0.0145774, -0.0633148, 0.0221149, -0.128134, 0.0417108, -0.203654, 0.0145774, -0.0633148, 0.00347027, -0.108567, 0.0257199, -0.140649, 0.0279153, -0.146238, 0.0257199, -0.140649, 0.00150207, -0.0183825, 0.0168952, -0.0720717, 0.0145774, -0.0633148, 0.0184919, -0.0862257, 0.00892675, -0.048888, 0.0184919, -0.0862257, 0.0221149, -0.128134, 0.0184919, -0.0862257, 0.0417108, -0.203654, 0.0566625, -0.233998, 0.0168952, -0.0720717, 0.0257199, -0.140649, 0.0350164, -0.12817, 0.0257199, -0.140649, 0.027214, -0.100947, 0.0168952, -0.0720717, 0.0566625, -0.233998, 0.0417108, -0.203654, 0.0566625, -0.233998, 0.027214, -0.100947, 0.00571149, -0.0352308, 0.0184919, -0.0862257, 0.0145774, -0.0633148, 0.0168952, -0.0720717, 0.00892675, -0.048888, 0.00228176, -0.0197115, 0.0145774, -0.0633148, 0.00976976, -0.071504, 0.00571149, -0.0352308, 0.0145774, -0.0633148, 0.0168952, -0.0720717, 0.00150207, -0.0183825, 0.0279153, -0.146238, 0.0257199, -0.140649, 0.00347027, -0.108567, 0.00892675, -0.048888, 0.0145774, -0.0633148, 0.0417108, -0.203654, 0.0221149, -0.128134, 0.0184919, -0.0862257, 0.0257199, -0.140649, 0.00976976, -0.071504, 0.0221149, -0.128134, 0.00976976, -0.071504, 0.00571149, -0.0352308, 0.00347027, -0.108567, 0.00571149, -0.0352308, 0.0145774, -0.0633148, 0.0184919, -0.0862257, 0.00571149, -0.0352308, 0.00228176, -0.0197115, 0.00892675, -0.048888, 0.0168952, -0.0720717, 0.00150207, -0.0183825, ],[0.00165595, -0.0183295, 0.01584, -0.0710064, 0.0042175, -0.0356344, 0.00142695, -0.0193123, 0.00812348, -0.0480186, 0.00270866, -0.111263, 0.00812348, -0.0480186, 0.0261209, -0.140218, 0.027155, -0.100223, 0.00812348, -0.0480186, 0.00142695, -0.0193123, 0.0042175, -0.0356344, 0.01584, -0.0710064, 0.0179672, -0.0853611, 0.0580827, -0.234574, 0.0179672, -0.0853611, 0.00812348, -0.0480186, 0.027155, -0.100223, 0.0261209, -0.140218, 0.0357968, -0.12673, 0.0042175, -0.0356344, 0.00877947, -0.0704988, 0.0141379, -0.062515, 0.0222084, -0.128466, 0.0442922, -0.204364, 0.0141379, -0.062515, 0.00270866, -0.111263, 0.0261209, -0.140218, 0.0259877, -0.147741, 0.0261209, -0.140218, 0.00165595, -0.0183295, 0.01584, -0.0710064, 0.0141379, -0.062515, 0.0179672, -0.0853611, 0.00812348, -0.0480186, 0.0179672, -0.0853611, 0.0222084, -0.128466, 0.0179672, -0.0853611, 0.0442922, -0.204364, 0.0580827, -0.234574, 0.01584, -0.0710064, 0.0261209, -0.140218, 0.0357968, -0.12673, 0.0261209, -0.140218, 0.027155, -0.100223, 0.01584, -0.0710064, 0.0580827, -0.234574, 0.0442922, -0.204364, 0.0580827, -0.234574, 0.027155, -0.100223, 0.0042175, -0.0356344, 0.0179672, -0.0853611, 0.0141379, -0.062515, 0.01584, -0.0710064, 0.00812348, -0.0480186, 0.00142695, -0.0193123, 0.0141379, -0.062515, 0.00877947, -0.0704988, 0.0042175, -0.0356344, 0.0141379, -0.062515, 0.01584, -0.0710064, 0.00165595, -0.0183295, 0.0259877, -0.147741, 0.0261209, -0.140218, 0.00270866, -0.111263, 0.00812348, -0.0480186, 0.0141379, -0.062515, 0.0442922, -0.204364, 0.0222084, -0.128466, 0.0179672, -0.0853611, 0.0261209, -0.140218, 0.00877947, -0.0704988, 0.0222084, -0.128466, 0.00877947, -0.0704988, 0.0042175, -0.0356344, 0.00270866, -0.111263, 0.0042175, -0.0356344, 0.0141379, -0.062515, 0.0179672, -0.0853611, 0.0042175, -0.0356344, 0.00142695, -0.0193123, 0.00812348, -0.0480186, 0.01584, -0.0710064, 0.00165595, -0.0183295, ],]
##############################################################################
clock_duration  =         4288.85
tau =                     0.196875
total_steps =             32
time_step =               0.021875
best_mc_result =          0.0218043
best_mc_result_non_secondary =          0
evolved_target_dot_squared =  0.978196
distance =          0.478052
j_protocol =  [[0, 0, 0, 0, 0, 0, 0, 0, 0, 0, 0, 0, 0, 0, 0, 0, 0, 0, 0, 0, 0, 0, 0, 0, 0, 0, 0, 0, 0, 0, 0, 0, ],[0, 0, 0, 0, 0, 0, 0, 0, 0, 0, 0, 0, 0, 0, 0, 0, 0, 0, 0, 0, 0, 0, 0, 0, 0, 0, 0, 0, 0, 0, 0, 0, ],]
k_protocol =  [[0, 0, 0, 0, 0, 0, 0, 0, 0, 0, 0, 0, 0, 0, 0, 0, 0, 0, 0, 0, 0, 0, 0, 0, 0, 0, 0, 0, 0, 0, 0, 0, ],[0, 0, 0, 0, 0, 0, 0, 0, 0, 0, 0, 0, 0, 0, 0, 0, 0, 0, 0, 0, 0, 0, 0, 0, 0, 0, 0, 0, 0, 0, 0, 0, ],]
j_protocol_secondary =  [0.00607836, 0.0427965, 0.0427965, 0.0797099, 0.0797099, 0.0957986, 0.0957986, 0.112269, 0.112269, 0.120797, 0.120797, 0.126331, 0.126331, 0.14923, 0.14923, 0.196875, ]
k_protocol_secondary =  [0, 0.0378104, 0.0378104, 0.0378104, 0.0378104, 0.0691226, 0.0862926, 0.0862926, 0.12055, 0.12055, 0.144538, 0.144538, 0.172069, 0.172069, 0.196875, 0.196875, ]
best_evolved_state = [0.00707086, 0.0242286, 0.0239446, 0.0773219, 0.0181809, 0.0519665, 0.0161801, 0.0274073, 0.0202254, 0.0541936, 0.0332275, 0.127504, 0.0202254, 0.0541936, 0.030375, 0.135253, 0.0184571, 0.101818, 0.0202254, 0.0541936, 0.0161801, 0.0274073, 0.0181809, 0.0519665, 0.0239446, 0.0773219, 0.0240981, 0.0892908, 0.0355121, 0.216372, 0.0240981, 0.0892908, 0.0202254, 0.0541936, 0.0184571, 0.101818, 0.030375, 0.135253, 0.0185415, 0.119182, 0.0181809, 0.0519665, 0.0297391, 0.0767638, 0.0183006, 0.0685984, 0.0266401, 0.129703, 0.0262462, 0.18657, 0.0183006, 0.0685984, 0.0332275, 0.127504, 0.030375, 0.135253, 0.0401623, 0.160232, 0.030375, 0.135253, 0.00707086, 0.0242286, 0.0239446, 0.0773219, 0.0183006, 0.0685984, 0.0240981, 0.0892908, 0.0202254, 0.0541936, 0.0240981, 0.0892908, 0.0266401, 0.129703, 0.0240981, 0.0892908, 0.0262462, 0.18657, 0.0355121, 0.216372, 0.0239446, 0.0773219, 0.030375, 0.135253, 0.0185415, 0.119182, 0.030375, 0.135253, 0.0184571, 0.101818, 0.0239446, 0.0773219, 0.0355121, 0.216372, 0.0262462, 0.18657, 0.0355121, 0.216372, 0.0184571, 0.101818, 0.0181809, 0.0519665, 0.0240981, 0.0892908, 0.0183006, 0.0685984, 0.0239446, 0.0773219, 0.0202254, 0.0541936, 0.0161801, 0.0274073, 0.0183006, 0.0685984, 0.0297391, 0.0767638, 0.0181809, 0.0519665, 0.0183006, 0.0685984, 0.0239446, 0.0773219, 0.00707086, 0.0242286, 0.0401623, 0.160232, 0.030375, 0.135253, 0.0332275, 0.127504, 0.0202254, 0.0541936, 0.0183006, 0.0685984, 0.0262462, 0.18657, 0.0266401, 0.129703, 0.0240981, 0.0892908, 0.030375, 0.135253, 0.0297391, 0.0767638, 0.0266401, 0.129703, 0.0297391, 0.0767638, 0.0181809, 0.0519665, 0.0332275, 0.127504, 0.0181809, 0.0519665, 0.0183006, 0.0685984, 0.0240981, 0.0892908, 0.0181809, 0.0519665, 0.0161801, 0.0274073, 0.0202254, 0.0541936, 0.0239446, 0.0773219, 0.00707086, 0.0242286, ]
best_mc_result_fixed_tau =   [0.00511292, 0.00532124, ]
evolved_state_fixed_tau =   [[0.00150207, -0.0183825, 0.0168952, -0.0720717, 0.00571149, -0.0352308, 0.00228176, -0.0197115, 0.00892675, -0.048888, 0.00347027, -0.108567, 0.00892675, -0.048888, 0.0257199, -0.140649, 0.027214, -0.100947, 0.00892675, -0.048888, 0.00228176, -0.0197115, 0.00571149, -0.0352308, 0.0168952, -0.0720717, 0.0184919, -0.0862257, 0.0566625, -0.233998, 0.0184919, -0.0862257, 0.00892675, -0.048888, 0.027214, -0.100947, 0.0257199, -0.140649, 0.0350164, -0.12817, 0.00571149, -0.0352308, 0.00976976, -0.071504, 0.0145774, -0.0633148, 0.0221149, -0.128134, 0.0417108, -0.203654, 0.0145774, -0.0633148, 0.00347027, -0.108567, 0.0257199, -0.140649, 0.0279153, -0.146238, 0.0257199, -0.140649, 0.00150207, -0.0183825, 0.0168952, -0.0720717, 0.0145774, -0.0633148, 0.0184919, -0.0862257, 0.00892675, -0.048888, 0.0184919, -0.0862257, 0.0221149, -0.128134, 0.0184919, -0.0862257, 0.0417108, -0.203654, 0.0566625, -0.233998, 0.0168952, -0.0720717, 0.0257199, -0.140649, 0.0350164, -0.12817, 0.0257199, -0.140649, 0.027214, -0.100947, 0.0168952, -0.0720717, 0.0566625, -0.233998, 0.0417108, -0.203654, 0.0566625, -0.233998, 0.027214, -0.100947, 0.00571149, -0.0352308, 0.0184919, -0.0862257, 0.0145774, -0.0633148, 0.0168952, -0.0720717, 0.00892675, -0.048888, 0.00228176, -0.0197115, 0.0145774, -0.0633148, 0.00976976, -0.071504, 0.00571149, -0.0352308, 0.0145774, -0.0633148, 0.0168952, -0.0720717, 0.00150207, -0.0183825, 0.0279153, -0.146238, 0.0257199, -0.140649, 0.00347027, -0.108567, 0.00892675, -0.048888, 0.0145774, -0.0633148, 0.0417108, -0.203654, 0.0221149, -0.128134, 0.0184919, -0.0862257, 0.0257199, -0.140649, 0.00976976, -0.071504, 0.0221149, -0.128134, 0.00976976, -0.071504, 0.00571149, -0.0352308, 0.00347027, -0.108567, 0.00571149, -0.0352308, 0.0145774, -0.0633148, 0.0184919, -0.0862257, 0.00571149, -0.0352308, 0.00228176, -0.0197115, 0.00892675, -0.048888, 0.0168952, -0.0720717, 0.00150207, -0.0183825, ],[0.00165595, -0.0183295, 0.01584, -0.0710064, 0.0042175, -0.0356344, 0.00142695, -0.0193123, 0.00812348, -0.0480186, 0.00270866, -0.111263, 0.00812348, -0.0480186, 0.0261209, -0.140218, 0.027155, -0.100223, 0.00812348, -0.0480186, 0.00142695, -0.0193123, 0.0042175, -0.0356344, 0.01584, -0.0710064, 0.0179672, -0.0853611, 0.0580827, -0.234574, 0.0179672, -0.0853611, 0.00812348, -0.0480186, 0.027155, -0.100223, 0.0261209, -0.140218, 0.0357968, -0.12673, 0.0042175, -0.0356344, 0.00877947, -0.0704988, 0.0141379, -0.062515, 0.0222084, -0.128466, 0.0442922, -0.204364, 0.0141379, -0.062515, 0.00270866, -0.111263, 0.0261209, -0.140218, 0.0259877, -0.147741, 0.0261209, -0.140218, 0.00165595, -0.0183295, 0.01584, -0.0710064, 0.0141379, -0.062515, 0.0179672, -0.0853611, 0.00812348, -0.0480186, 0.0179672, -0.0853611, 0.0222084, -0.128466, 0.0179672, -0.0853611, 0.0442922, -0.204364, 0.0580827, -0.234574, 0.01584, -0.0710064, 0.0261209, -0.140218, 0.0357968, -0.12673, 0.0261209, -0.140218, 0.027155, -0.100223, 0.01584, -0.0710064, 0.0580827, -0.234574, 0.0442922, -0.204364, 0.0580827, -0.234574, 0.027155, -0.100223, 0.0042175, -0.0356344, 0.0179672, -0.0853611, 0.0141379, -0.062515, 0.01584, -0.0710064, 0.00812348, -0.0480186, 0.00142695, -0.0193123, 0.0141379, -0.062515, 0.00877947, -0.0704988, 0.0042175, -0.0356344, 0.0141379, -0.062515, 0.01584, -0.0710064, 0.00165595, -0.0183295, 0.0259877, -0.147741, 0.0261209, -0.140218, 0.00270866, -0.111263, 0.00812348, -0.0480186, 0.0141379, -0.062515, 0.0442922, -0.204364, 0.0222084, -0.128466, 0.0179672, -0.0853611, 0.0261209, -0.140218, 0.00877947, -0.0704988, 0.0222084, -0.128466, 0.00877947, -0.0704988, 0.0042175, -0.0356344, 0.00270866, -0.111263, 0.0042175, -0.0356344, 0.0141379, -0.062515, 0.0179672, -0.0853611, 0.0042175, -0.0356344, 0.00142695, -0.0193123, 0.00812348, -0.0480186, 0.01584, -0.0710064, 0.00165595, -0.0183295, ],]
##############################################################################
clock_duration  =         4900.59
tau =                     0.207812
total_steps =             32
time_step =               0.021875
best_mc_result =          0.0206656
best_mc_result_non_secondary =          0
evolved_target_dot_squared =  0.979334
distance =          0.453087
j_protocol =  [[0, 0, 0, 0, 0, 0, 0, 0, 0, 0, 0, 0, 0, 0, 0, 0, 0, 0, 0, 0, 0, 0, 0, 0, 0, 0, 0, 0, 0, 0, 0, 0, ],[0, 0, 0, 0, 0, 0, 0, 0, 0, 0, 0, 0, 0, 0, 0, 0, 0, 0, 0, 0, 0, 0, 0, 0, 0, 0, 0, 0, 0, 0, 0, 0, ],]
k_protocol =  [[0, 0, 0, 0, 0, 0, 0, 0, 0, 0, 0, 0, 0, 0, 0, 0, 0, 0, 0, 0, 0, 0, 0, 0, 0, 0, 0, 0, 0, 0, 0, 0, ],[0, 0, 0, 0, 0, 0, 0, 0, 0, 0, 0, 0, 0, 0, 0, 0, 0, 0, 0, 0, 0, 0, 0, 0, 0, 0, 0, 0, 0, 0, 0, 0, ],]
j_protocol_secondary =  [0.00610848, 0.0451741, 0.0451741, 0.0841382, 0.0841382, 0.101121, 0.101121, 0.118506, 0.118506, 0.127508, 0.127508, 0.133349, 0.133349, 0.157521, 0.157521, 0.207812, ]
k_protocol_secondary =  [0, 0.039911, 0.039911, 0.039911, 0.039911, 0.0722961, 0.0910866, 0.0910866, 0.127247, 0.127247, 0.152568, 0.152568, 0.181628, 0.181628, 0.207812, 0.207812, ]
best_evolved_state = [0.00390301, 0.0241932, 0.0178368, 0.0780711, 0.013895, 0.0527207, 0.0141614, 0.0277467, 0.0157239, 0.0547186, 0.0254505, 0.130086, 0.0157239, 0.0547186, 0.0201385, 0.137011, 0.0089195, 0.102509, 0.0157239, 0.0547186, 0.0141614, 0.0277467, 0.013895, 0.0527207, 0.0178368, 0.0780711, 0.0166749, 0.0901312, 0.0215284, 0.220088, 0.0166749, 0.0901312, 0.0157239, 0.0547186, 0.0089195, 0.102509, 0.0201385, 0.137011, 0.00697635, 0.119828, 0.013895, 0.0527207, 0.0244303, 0.0777531, 0.0116904, 0.0690244, 0.0166556, 0.131575, 0.0120717, 0.18923, 0.0116904, 0.0690244, 0.0254505, 0.130086, 0.0201385, 0.137011, 0.0301437, 0.163162, 0.0201385, 0.137011, 0.00390301, 0.0241932, 0.0178368, 0.0780711, 0.0116904, 0.0690244, 0.0166749, 0.0901312, 0.0157239, 0.0547186, 0.0166749, 0.0901312, 0.0166556, 0.131575, 0.0166749, 0.0901312, 0.0120717, 0.18923, 0.0215284, 0.220088, 0.0178368, 0.0780711, 0.0201385, 0.137011, 0.00697635, 0.119828, 0.0201385, 0.137011, 0.0089195, 0.102509, 0.0178368, 0.0780711, 0.0215284, 0.220088, 0.0120717, 0.18923, 0.0215284, 0.220088, 0.0089195, 0.102509, 0.013895, 0.0527207, 0.0166749, 0.0901312, 0.0116904, 0.0690244, 0.0178368, 0.0780711, 0.0157239, 0.0547186, 0.0141614, 0.0277467, 0.0116904, 0.0690244, 0.0244303, 0.0777531, 0.013895, 0.0527207, 0.0116904, 0.0690244, 0.0178368, 0.0780711, 0.00390301, 0.0241932, 0.0301437, 0.163162, 0.0201385, 0.137011, 0.0254505, 0.130086, 0.0157239, 0.0547186, 0.0116904, 0.0690244, 0.0120717, 0.18923, 0.0166556, 0.131575, 0.0166749, 0.0901312, 0.0201385, 0.137011, 0.0244303, 0.0777531, 0.0166556, 0.131575, 0.0244303, 0.0777531, 0.013895, 0.0527207, 0.0254505, 0.130086, 0.013895, 0.0527207, 0.0116904, 0.0690244, 0.0166749, 0.0901312, 0.013895, 0.0527207, 0.0141614, 0.0277467, 0.0157239, 0.0547186, 0.0178368, 0.0780711, 0.00390301, 0.0241932, ]
best_mc_result_fixed_tau =   [0.00511292, 0.00532124, ]
evolved_state_fixed_tau =   [[0.00150207, -0.0183825, 0.0168952, -0.0720717, 0.00571149, -0.0352308, 0.00228176, -0.0197115, 0.00892675, -0.048888, 0.00347027, -0.108567, 0.00892675, -0.048888, 0.0257199, -0.140649, 0.027214, -0.100947, 0.00892675, -0.048888, 0.00228176, -0.0197115, 0.00571149, -0.0352308, 0.0168952, -0.0720717, 0.0184919, -0.0862257, 0.0566625, -0.233998, 0.0184919, -0.0862257, 0.00892675, -0.048888, 0.027214, -0.100947, 0.0257199, -0.140649, 0.0350164, -0.12817, 0.00571149, -0.0352308, 0.00976976, -0.071504, 0.0145774, -0.0633148, 0.0221149, -0.128134, 0.0417108, -0.203654, 0.0145774, -0.0633148, 0.00347027, -0.108567, 0.0257199, -0.140649, 0.0279153, -0.146238, 0.0257199, -0.140649, 0.00150207, -0.0183825, 0.0168952, -0.0720717, 0.0145774, -0.0633148, 0.0184919, -0.0862257, 0.00892675, -0.048888, 0.0184919, -0.0862257, 0.0221149, -0.128134, 0.0184919, -0.0862257, 0.0417108, -0.203654, 0.0566625, -0.233998, 0.0168952, -0.0720717, 0.0257199, -0.140649, 0.0350164, -0.12817, 0.0257199, -0.140649, 0.027214, -0.100947, 0.0168952, -0.0720717, 0.0566625, -0.233998, 0.0417108, -0.203654, 0.0566625, -0.233998, 0.027214, -0.100947, 0.00571149, -0.0352308, 0.0184919, -0.0862257, 0.0145774, -0.0633148, 0.0168952, -0.0720717, 0.00892675, -0.048888, 0.00228176, -0.0197115, 0.0145774, -0.0633148, 0.00976976, -0.071504, 0.00571149, -0.0352308, 0.0145774, -0.0633148, 0.0168952, -0.0720717, 0.00150207, -0.0183825, 0.0279153, -0.146238, 0.0257199, -0.140649, 0.00347027, -0.108567, 0.00892675, -0.048888, 0.0145774, -0.0633148, 0.0417108, -0.203654, 0.0221149, -0.128134, 0.0184919, -0.0862257, 0.0257199, -0.140649, 0.00976976, -0.071504, 0.0221149, -0.128134, 0.00976976, -0.071504, 0.00571149, -0.0352308, 0.00347027, -0.108567, 0.00571149, -0.0352308, 0.0145774, -0.0633148, 0.0184919, -0.0862257, 0.00571149, -0.0352308, 0.00228176, -0.0197115, 0.00892675, -0.048888, 0.0168952, -0.0720717, 0.00150207, -0.0183825, ],[0.00165595, -0.0183295, 0.01584, -0.0710064, 0.0042175, -0.0356344, 0.00142695, -0.0193123, 0.00812348, -0.0480186, 0.00270866, -0.111263, 0.00812348, -0.0480186, 0.0261209, -0.140218, 0.027155, -0.100223, 0.00812348, -0.0480186, 0.00142695, -0.0193123, 0.0042175, -0.0356344, 0.01584, -0.0710064, 0.0179672, -0.0853611, 0.0580827, -0.234574, 0.0179672, -0.0853611, 0.00812348, -0.0480186, 0.027155, -0.100223, 0.0261209, -0.140218, 0.0357968, -0.12673, 0.0042175, -0.0356344, 0.00877947, -0.0704988, 0.0141379, -0.062515, 0.0222084, -0.128466, 0.0442922, -0.204364, 0.0141379, -0.062515, 0.00270866, -0.111263, 0.0261209, -0.140218, 0.0259877, -0.147741, 0.0261209, -0.140218, 0.00165595, -0.0183295, 0.01584, -0.0710064, 0.0141379, -0.062515, 0.0179672, -0.0853611, 0.00812348, -0.0480186, 0.0179672, -0.0853611, 0.0222084, -0.128466, 0.0179672, -0.0853611, 0.0442922, -0.204364, 0.0580827, -0.234574, 0.01584, -0.0710064, 0.0261209, -0.140218, 0.0357968, -0.12673, 0.0261209, -0.140218, 0.027155, -0.100223, 0.01584, -0.0710064, 0.0580827, -0.234574, 0.0442922, -0.204364, 0.0580827, -0.234574, 0.027155, -0.100223, 0.0042175, -0.0356344, 0.0179672, -0.0853611, 0.0141379, -0.062515, 0.01584, -0.0710064, 0.00812348, -0.0480186, 0.00142695, -0.0193123, 0.0141379, -0.062515, 0.00877947, -0.0704988, 0.0042175, -0.0356344, 0.0141379, -0.062515, 0.01584, -0.0710064, 0.00165595, -0.0183295, 0.0259877, -0.147741, 0.0261209, -0.140218, 0.00270866, -0.111263, 0.00812348, -0.0480186, 0.0141379, -0.062515, 0.0442922, -0.204364, 0.0222084, -0.128466, 0.0179672, -0.0853611, 0.0261209, -0.140218, 0.00877947, -0.0704988, 0.0222084, -0.128466, 0.00877947, -0.0704988, 0.0042175, -0.0356344, 0.00270866, -0.111263, 0.0042175, -0.0356344, 0.0141379, -0.062515, 0.0179672, -0.0853611, 0.0042175, -0.0356344, 0.00142695, -0.0193123, 0.00812348, -0.0480186, 0.01584, -0.0710064, 0.00165595, -0.0183295, ],]
##############################################################################
clock_duration  =         5503.88
tau =                     0.213281
total_steps =             32
time_step =               0.021875
best_mc_result =          0.0201816
best_mc_result_non_secondary =          0
evolved_target_dot_squared =  0.979818
distance =          0.442476
j_protocol =  [[0, 0, 0, 0, 0, 0, 0, 0, 0, 0, 0, 0, 0, 0, 0, 0, 0, 0, 0, 0, 0, 0, 0, 0, 0, 0, 0, 0, 0, 0, 0, 0, ],[0, 0, 0, 0, 0, 0, 0, 0, 0, 0, 0, 0, 0, 0, 0, 0, 0, 0, 0, 0, 0, 0, 0, 0, 0, 0, 0, 0, 0, 0, 0, 0, ],]
k_protocol =  [[0, 0, 0, 0, 0, 0, 0, 0, 0, 0, 0, 0, 0, 0, 0, 0, 0, 0, 0, 0, 0, 0, 0, 0, 0, 0, 0, 0, 0, 0, 0, 0, ],[0, 0, 0, 0, 0, 0, 0, 0, 0, 0, 0, 0, 0, 0, 0, 0, 0, 0, 0, 0, 0, 0, 0, 0, 0, 0, 0, 0, 0, 0, 0, 0, ],]
j_protocol_secondary =  [0.00604051, 0.0463628, 0.0463628, 0.0863524, 0.0863524, 0.103782, 0.103782, 0.121624, 0.121624, 0.130864, 0.130864, 0.136859, 0.136859, 0.161666, 0.161666, 0.213281, ]
k_protocol_secondary =  [0, 0.0409613, 0.0409613, 0.0409613, 0.0409613, 0.0738383, 0.0934837, 0.0934837, 0.130596, 0.130596, 0.156583, 0.156583, 0.186408, 0.186408, 0.213281, 0.213281, ]
best_evolved_state = [0.0022948, 0.024108, 0.0147228, 0.0782725, 0.0117072, 0.0529936, 0.0131296, 0.0278618, 0.0134305, 0.0548602, 0.0214713, 0.131148, 0.0134305, 0.0548602, 0.0149202, 0.137598, 0.00406371, 0.102609, 0.0134305, 0.0548602, 0.0131296, 0.0278618, 0.0117072, 0.0529936, 0.0147228, 0.0782725, 0.012891, 0.090348, 0.0144066, 0.221518, 0.012891, 0.090348, 0.0134305, 0.0548602, 0.00406371, 0.102609, 0.0149202, 0.137598, 0.00109102, 0.119852, 0.0117072, 0.0529936, 0.0217183, 0.0780871, 0.00832627, 0.0690704, 0.0115623, 0.13224, 0.00484488, 0.190165, 0.00832627, 0.0690704, 0.0214713, 0.131148, 0.0149202, 0.137598, 0.0250284, 0.164324, 0.0149202, 0.137598, 0.0022948, 0.024108, 0.0147228, 0.0782725, 0.00832627, 0.0690704, 0.012891, 0.090348, 0.0134305, 0.0548602, 0.012891, 0.090348, 0.0115623, 0.13224, 0.012891, 0.090348, 0.00484488, 0.190165, 0.0144066, 0.221518, 0.0147228, 0.0782725, 0.0149202, 0.137598, 0.00109102, 0.119852, 0.0149202, 0.137598, 0.00406371, 0.102609, 0.0147228, 0.0782725, 0.0144066, 0.221518, 0.00484488, 0.190165, 0.0144066, 0.221518, 0.00406371, 0.102609, 0.0117072, 0.0529936, 0.012891, 0.090348, 0.00832627, 0.0690704, 0.0147228, 0.0782725, 0.0134305, 0.0548602, 0.0131296, 0.0278618, 0.00832627, 0.0690704, 0.0217183, 0.0780871, 0.0117072, 0.0529936, 0.00832627, 0.0690704, 0.0147228, 0.0782725, 0.0022948, 0.024108, 0.0250284, 0.164324, 0.0149202, 0.137598, 0.0214713, 0.131148, 0.0134305, 0.0548602, 0.00832627, 0.0690704, 0.00484488, 0.190165, 0.0115623, 0.13224, 0.012891, 0.090348, 0.0149202, 0.137598, 0.0217183, 0.0780871, 0.0115623, 0.13224, 0.0217183, 0.0780871, 0.0117072, 0.0529936, 0.0214713, 0.131148, 0.0117072, 0.0529936, 0.00832627, 0.0690704, 0.012891, 0.090348, 0.0117072, 0.0529936, 0.0131296, 0.0278618, 0.0134305, 0.0548602, 0.0147228, 0.0782725, 0.0022948, 0.024108, ]
best_mc_result_fixed_tau =   [0.00511292, 0.00532124, ]
evolved_state_fixed_tau =   [[0.00150207, -0.0183825, 0.0168952, -0.0720717, 0.00571149, -0.0352308, 0.00228176, -0.0197115, 0.00892675, -0.048888, 0.00347027, -0.108567, 0.00892675, -0.048888, 0.0257199, -0.140649, 0.027214, -0.100947, 0.00892675, -0.048888, 0.00228176, -0.0197115, 0.00571149, -0.0352308, 0.0168952, -0.0720717, 0.0184919, -0.0862257, 0.0566625, -0.233998, 0.0184919, -0.0862257, 0.00892675, -0.048888, 0.027214, -0.100947, 0.0257199, -0.140649, 0.0350164, -0.12817, 0.00571149, -0.0352308, 0.00976976, -0.071504, 0.0145774, -0.0633148, 0.0221149, -0.128134, 0.0417108, -0.203654, 0.0145774, -0.0633148, 0.00347027, -0.108567, 0.0257199, -0.140649, 0.0279153, -0.146238, 0.0257199, -0.140649, 0.00150207, -0.0183825, 0.0168952, -0.0720717, 0.0145774, -0.0633148, 0.0184919, -0.0862257, 0.00892675, -0.048888, 0.0184919, -0.0862257, 0.0221149, -0.128134, 0.0184919, -0.0862257, 0.0417108, -0.203654, 0.0566625, -0.233998, 0.0168952, -0.0720717, 0.0257199, -0.140649, 0.0350164, -0.12817, 0.0257199, -0.140649, 0.027214, -0.100947, 0.0168952, -0.0720717, 0.0566625, -0.233998, 0.0417108, -0.203654, 0.0566625, -0.233998, 0.027214, -0.100947, 0.00571149, -0.0352308, 0.0184919, -0.0862257, 0.0145774, -0.0633148, 0.0168952, -0.0720717, 0.00892675, -0.048888, 0.00228176, -0.0197115, 0.0145774, -0.0633148, 0.00976976, -0.071504, 0.00571149, -0.0352308, 0.0145774, -0.0633148, 0.0168952, -0.0720717, 0.00150207, -0.0183825, 0.0279153, -0.146238, 0.0257199, -0.140649, 0.00347027, -0.108567, 0.00892675, -0.048888, 0.0145774, -0.0633148, 0.0417108, -0.203654, 0.0221149, -0.128134, 0.0184919, -0.0862257, 0.0257199, -0.140649, 0.00976976, -0.071504, 0.0221149, -0.128134, 0.00976976, -0.071504, 0.00571149, -0.0352308, 0.00347027, -0.108567, 0.00571149, -0.0352308, 0.0145774, -0.0633148, 0.0184919, -0.0862257, 0.00571149, -0.0352308, 0.00228176, -0.0197115, 0.00892675, -0.048888, 0.0168952, -0.0720717, 0.00150207, -0.0183825, ],[0.00165595, -0.0183295, 0.01584, -0.0710064, 0.0042175, -0.0356344, 0.00142695, -0.0193123, 0.00812348, -0.0480186, 0.00270866, -0.111263, 0.00812348, -0.0480186, 0.0261209, -0.140218, 0.027155, -0.100223, 0.00812348, -0.0480186, 0.00142695, -0.0193123, 0.0042175, -0.0356344, 0.01584, -0.0710064, 0.0179672, -0.0853611, 0.0580827, -0.234574, 0.0179672, -0.0853611, 0.00812348, -0.0480186, 0.027155, -0.100223, 0.0261209, -0.140218, 0.0357968, -0.12673, 0.0042175, -0.0356344, 0.00877947, -0.0704988, 0.0141379, -0.062515, 0.0222084, -0.128466, 0.0442922, -0.204364, 0.0141379, -0.062515, 0.00270866, -0.111263, 0.0261209, -0.140218, 0.0259877, -0.147741, 0.0261209, -0.140218, 0.00165595, -0.0183295, 0.01584, -0.0710064, 0.0141379, -0.062515, 0.0179672, -0.0853611, 0.00812348, -0.0480186, 0.0179672, -0.0853611, 0.0222084, -0.128466, 0.0179672, -0.0853611, 0.0442922, -0.204364, 0.0580827, -0.234574, 0.01584, -0.0710064, 0.0261209, -0.140218, 0.0357968, -0.12673, 0.0261209, -0.140218, 0.027155, -0.100223, 0.01584, -0.0710064, 0.0580827, -0.234574, 0.0442922, -0.204364, 0.0580827, -0.234574, 0.027155, -0.100223, 0.0042175, -0.0356344, 0.0179672, -0.0853611, 0.0141379, -0.062515, 0.01584, -0.0710064, 0.00812348, -0.0480186, 0.00142695, -0.0193123, 0.0141379, -0.062515, 0.00877947, -0.0704988, 0.0042175, -0.0356344, 0.0141379, -0.062515, 0.01584, -0.0710064, 0.00165595, -0.0183295, 0.0259877, -0.147741, 0.0261209, -0.140218, 0.00270866, -0.111263, 0.00812348, -0.0480186, 0.0141379, -0.062515, 0.0442922, -0.204364, 0.0222084, -0.128466, 0.0179672, -0.0853611, 0.0261209, -0.140218, 0.00877947, -0.0704988, 0.0222084, -0.128466, 0.00877947, -0.0704988, 0.0042175, -0.0356344, 0.00270866, -0.111263, 0.0042175, -0.0356344, 0.0141379, -0.062515, 0.0179672, -0.0853611, 0.0042175, -0.0356344, 0.00142695, -0.0193123, 0.00812348, -0.0480186, 0.01584, -0.0710064, 0.00165595, -0.0183295, ],]
