START_PARAMETERS
MAX_STEPS_MCDB =               32
MIN_STEPS_MCDB =               4
STEPS_CRUNCH_MCDB =            1
SWEEPS_MCDB =                  100
TOTAL_STEP_CHANGES =                  6
MCBB_SECONDARY =                  1
SWEEPS_MCBB_SECONDARY =                  300
NUMBER_OF_BANGS =                  8
GROUND_E =                -3.01003
INITIAL_E =               -1.12864
j_initial =               0.776
k_initial =               0.062
b_initial =               0
j_target =                0.037
k_target =                0.5
b_target =                0
init_target_dot_squared = 0.169969
init_state = [0.0418153, 0, 0.0895006, 0, 0.0646271, 0, 0.038972, 0, 0.0694067, 0, 0.115306, 0, 0.0694067, 0, 0.138796, 0, 0.119299, 0, 0.0694067, 0, 0.038972, 0, 0.0646271, 0, 0.0895006, 0, 0.103243, 0, 0.183032, 0, 0.103243, 0, 0.0694067, 0, 0.119299, 0, 0.138796, 0, 0.140458, 0, 0.0646271, 0, 0.087187, 0, 0.0893467, 0, 0.131951, 0, 0.174098, 0, 0.0893467, 0, 0.115306, 0, 0.138796, 0, 0.146262, 0, 0.138796, 0, 0.0418153, 0, 0.0895006, 0, 0.0893467, 0, 0.103243, 0, 0.0694067, 0, 0.103243, 0, 0.131951, 0, 0.103243, 0, 0.174098, 0, 0.183032, 0, 0.0895006, 0, 0.138796, 0, 0.140458, 0, 0.138796, 0, 0.119299, 0, 0.0895006, 0, 0.183032, 0, 0.174098, 0, 0.183032, 0, 0.119299, 0, 0.0646271, 0, 0.103243, 0, 0.0893467, 0, 0.0895006, 0, 0.0694067, 0, 0.038972, 0, 0.0893467, 0, 0.087187, 0, 0.0646271, 0, 0.0893467, 0, 0.0895006, 0, 0.0418153, 0, 0.146262, 0, 0.138796, 0, 0.115306, 0, 0.0694067, 0, 0.0893467, 0, 0.174098, 0, 0.131951, 0, 0.103243, 0, 0.138796, 0, 0.087187, 0, 0.131951, 0, 0.087187, 0, 0.0646271, 0, 0.115306, 0, 0.0646271, 0, 0.0893467, 0, 0.103243, 0, 0.0646271, 0, 0.038972, 0, 0.0694067, 0, 0.0895006, 0, 0.0418153, 0, ]
target_state = [7.68978e-05, 0, 0.0061523, 0, 0.000115958, 0, 5.09301e-06, 0, 0.000228854, 0, 0.000186151, 0, 0.000228854, 0, 0.00136467, 0, 0.0122887, 0, 0.000228854, 0, 5.09301e-06, 0, 0.000115958, 0, 0.0061523, 0, 0.00617085, 0, 0.49826, 0, 0.00617085, 0, 0.000228854, 0, 0.0122887, 0, 0.00136467, 0, 0.0123166, 0, 0.000115958, 0, 5.30397e-05, 0, 0.000455786, 0, 0.0015857, 0, 0.0367547, 0, 0.000455786, 0, 0.000186151, 0, 0.00136467, 0, 0.000266753, 0, 0.00136467, 0, 7.68978e-05, 0, 0.0061523, 0, 0.000455786, 0, 0.00617085, 0, 0.000228854, 0, 0.00617085, 0, 0.0015857, 0, 0.00617085, 0, 0.0367547, 0, 0.49826, 0, 0.0061523, 0, 0.00136467, 0, 0.0123166, 0, 0.00136467, 0, 0.0122887, 0, 0.0061523, 0, 0.49826, 0, 0.0367547, 0, 0.49826, 0, 0.0122887, 0, 0.000115958, 0, 0.00617085, 0, 0.000455786, 0, 0.0061523, 0, 0.000228854, 0, 5.09301e-06, 0, 0.000455786, 0, 5.30397e-05, 0, 0.000115958, 0, 0.000455786, 0, 0.0061523, 0, 7.68978e-05, 0, 0.000266753, 0, 0.00136467, 0, 0.000186151, 0, 0.000228854, 0, 0.000455786, 0, 0.0367547, 0, 0.0015857, 0, 0.00617085, 0, 0.00136467, 0, 5.30397e-05, 0, 0.0015857, 0, 5.30397e-05, 0, 0.000115958, 0, 0.000186151, 0, 0.000115958, 0, 0.000455786, 0, 0.00617085, 0, 0.000115958, 0, 5.09301e-06, 0, 0.000228854, 0, 0.0061523, 0, 7.68978e-05, 0, ]
USE_ENERGY_DISTANCE =     false
PERIODIC =                false
UNIFORM_SITES =           true
DEVICE_DIMENSION =        2
MAX_PARAM =               1
MIN_PARAM =               0
MIN_PARAM =               0
DIAG =                    true
NUM_SEEDS =               2
NUMBER_OF_BANGS =               8
DISTANCE_LIMIT =          0.02
TAU_INIT =                0.7
MAX_TAU =                 5
TAU_SCALAR =              1.2
TAU_SCALAR_TINY =         1.1
TAU_SCALAR_BIG =          1.3
ACCEPTANCE_PROB =         0.85
TEMP_EXP_DECAY =          0.8
MIN_TEMP_FRACTION =       0.01
TEMP_DECAY_ITERATIONS =   21
ZERO_TEMP_ITREATIONS =    25
RANDOM_STATES =           3
END_PARAMETERS
##############################################################################
clock_duration  =         740.128
tau =                     0.7
total_steps =             32
time_step =               0.021875
best_mc_result =          0.483763
best_mc_result_non_secondary =          0.484463
evolved_target_dot_squared =  0.516237
distance =          0.582825
j_protocol =  [[1, 1, 1, 1, 1, 1, 1, 1, 1, 1, 1, 1, 1, 1, 1, 1, 1, 1, 1, 0, 0, 0, 0, 0, 0, 0, 1, 1, 1, 1, 1, 1, ],[1, 1, 1, 1, 1, 1, 1, 1, 1, 1, 1, 1, 1, 1, 1, 1, 1, 1, 1, 0, 0, 0, 0, 0, 0, 0, 1, 1, 1, 1, 1, 1, ],]
k_protocol =  [[1, 1, 1, 1, 1, 1, 1, 1, 1, 1, 1, 1, 1, 1, 1, 1, 1, 1, 1, 1, 1, 1, 1, 1, 1, 1, 1, 1, 1, 1, 1, 1, ],[1, 1, 1, 1, 1, 1, 1, 1, 1, 1, 1, 1, 1, 1, 1, 1, 1, 1, 1, 1, 1, 1, 1, 1, 1, 1, 1, 1, 1, 1, 1, 1, ],]
j_protocol_secondary =  [0.00727494, 0.0727903, 0.0727903, 0.251715, 0.251715, 0.289849, 0.289849, 0.401066, 0.401066, 0.422836, 0.457536, 0.457536, 0.565075, 0.681898, 0.681898, 0.7, ]
k_protocol_secondary =  [0, 0.0405761, 0.0405761, 0.0633233, 0.0633233, 0.0908581, 0.0908581, 0.317576, 0.317576, 0.344359, 0.344359, 0.549439, 0.549439, 0.55678, 0.55678, 0.694429, ]
best_evolved_state = [0.0107996, 0.017478, 0.0368686, 0.012726, 0.0139729, 0.00361264, 0.00785394, -0.00550639, 0.0277554, -0.0101782, -0.0265029, -0.163518, 0.0277554, -0.0101782, 0.0249255, -0.0702756, 0.0514131, -0.0147403, 0.0277554, -0.0101782, 0.00785394, -0.00550639, 0.0139729, 0.00361264, 0.0368686, 0.012726, 0.0303028, 0.000370945, 0.319895, -0.115782, 0.0303028, 0.000370945, 0.0277554, -0.0101782, 0.0514131, -0.0147403, 0.0249255, -0.0702756, 0.0438174, -0.0560118, 0.0139729, 0.00361264, 0.00919248, 0.0154821, 0.0159461, -0.0156107, -0.00412374, -0.0594117, 0.174884, -0.166081, 0.0159461, -0.0156107, -0.0265029, -0.163518, 0.0249255, -0.0702756, 0.00700497, -0.198471, 0.0249255, -0.0702756, 0.0107996, 0.017478, 0.0368686, 0.012726, 0.0159461, -0.0156107, 0.0303028, 0.000370945, 0.0277554, -0.0101782, 0.0303028, 0.000370945, -0.00412374, -0.0594117, 0.0303028, 0.000370945, 0.174884, -0.166081, 0.319895, -0.115782, 0.0368686, 0.012726, 0.0249255, -0.0702756, 0.0438174, -0.0560118, 0.0249255, -0.0702756, 0.0514131, -0.0147403, 0.0368686, 0.012726, 0.319895, -0.115782, 0.174884, -0.166081, 0.319895, -0.115782, 0.0514131, -0.0147403, 0.0139729, 0.00361264, 0.0303028, 0.000370945, 0.0159461, -0.0156107, 0.0368686, 0.012726, 0.0277554, -0.0101782, 0.00785394, -0.00550639, 0.0159461, -0.0156107, 0.00919248, 0.0154821, 0.0139729, 0.00361264, 0.0159461, -0.0156107, 0.0368686, 0.012726, 0.0107996, 0.017478, 0.00700497, -0.198471, 0.0249255, -0.0702756, -0.0265029, -0.163518, 0.0277554, -0.0101782, 0.0159461, -0.0156107, 0.174884, -0.166081, -0.00412374, -0.0594117, 0.0303028, 0.000370945, 0.0249255, -0.0702756, 0.00919248, 0.0154821, -0.00412374, -0.0594117, 0.00919248, 0.0154821, 0.0139729, 0.00361264, -0.0265029, -0.163518, 0.0139729, 0.00361264, 0.0159461, -0.0156107, 0.0303028, 0.000370945, 0.0139729, 0.00361264, 0.00785394, -0.00550639, 0.0277554, -0.0101782, 0.0368686, 0.012726, 0.0107996, 0.017478, ]
best_mc_result_fixed_tau =   [0.484463, 0.484463, ]
evolved_state_fixed_tau =   [[0.0108023, 0.0173633, 0.0326922, 0.0148896, 0.0131593, 0.00445877, 0.00752427, -0.00555232, 0.0264716, -0.00866381, -0.0188264, -0.167519, 0.0264716, -0.00866381, 0.0208008, -0.0715777, 0.0467962, -0.0123033, 0.0264716, -0.00866381, 0.00752427, -0.00555232, 0.0131593, 0.00445877, 0.0326922, 0.0148896, 0.0263, 0.00216197, 0.324332, -0.10388, 0.0263, 0.00216197, 0.0264716, -0.00866381, 0.0467962, -0.0123033, 0.0208008, -0.0715777, 0.0405187, -0.0534997, 0.0131593, 0.00445877, 0.00580375, 0.0166272, 0.0148342, -0.0139708, -0.00699271, -0.0622699, 0.177546, -0.162061, 0.0148342, -0.0139708, -0.0188264, -0.167519, 0.0208008, -0.0715777, 0.0145255, -0.202581, 0.0208008, -0.0715777, 0.0108023, 0.0173633, 0.0326922, 0.0148896, 0.0148342, -0.0139708, 0.0263, 0.00216197, 0.0264716, -0.00866381, 0.0263, 0.00216197, -0.00699271, -0.0622699, 0.0263, 0.00216197, 0.177546, -0.162061, 0.324332, -0.10388, 0.0326922, 0.0148896, 0.0208008, -0.0715777, 0.0405187, -0.0534997, 0.0208008, -0.0715777, 0.0467962, -0.0123033, 0.0326922, 0.0148896, 0.324332, -0.10388, 0.177546, -0.162061, 0.324332, -0.10388, 0.0467962, -0.0123033, 0.0131593, 0.00445877, 0.0263, 0.00216197, 0.0148342, -0.0139708, 0.0326922, 0.0148896, 0.0264716, -0.00866381, 0.00752427, -0.00555232, 0.0148342, -0.0139708, 0.00580375, 0.0166272, 0.0131593, 0.00445877, 0.0148342, -0.0139708, 0.0326922, 0.0148896, 0.0108023, 0.0173633, 0.0145255, -0.202581, 0.0208008, -0.0715777, -0.0188264, -0.167519, 0.0264716, -0.00866381, 0.0148342, -0.0139708, 0.177546, -0.162061, -0.00699271, -0.0622699, 0.0263, 0.00216197, 0.0208008, -0.0715777, 0.00580375, 0.0166272, -0.00699271, -0.0622699, 0.00580375, 0.0166272, 0.0131593, 0.00445877, -0.0188264, -0.167519, 0.0131593, 0.00445877, 0.0148342, -0.0139708, 0.0263, 0.00216197, 0.0131593, 0.00445877, 0.00752427, -0.00555232, 0.0264716, -0.00866381, 0.0326922, 0.0148896, 0.0108023, 0.0173633, ],[0.0108023, 0.0173633, 0.0326922, 0.0148896, 0.0131593, 0.00445877, 0.00752427, -0.00555232, 0.0264716, -0.00866381, -0.0188264, -0.167519, 0.0264716, -0.00866381, 0.0208008, -0.0715777, 0.0467962, -0.0123033, 0.0264716, -0.00866381, 0.00752427, -0.00555232, 0.0131593, 0.00445877, 0.0326922, 0.0148896, 0.0263, 0.00216197, 0.324332, -0.10388, 0.0263, 0.00216197, 0.0264716, -0.00866381, 0.0467962, -0.0123033, 0.0208008, -0.0715777, 0.0405187, -0.0534997, 0.0131593, 0.00445877, 0.00580375, 0.0166272, 0.0148342, -0.0139708, -0.00699271, -0.0622699, 0.177546, -0.162061, 0.0148342, -0.0139708, -0.0188264, -0.167519, 0.0208008, -0.0715777, 0.0145255, -0.202581, 0.0208008, -0.0715777, 0.0108023, 0.0173633, 0.0326922, 0.0148896, 0.0148342, -0.0139708, 0.0263, 0.00216197, 0.0264716, -0.00866381, 0.0263, 0.00216197, -0.00699271, -0.0622699, 0.0263, 0.00216197, 0.177546, -0.162061, 0.324332, -0.10388, 0.0326922, 0.0148896, 0.0208008, -0.0715777, 0.0405187, -0.0534997, 0.0208008, -0.0715777, 0.0467962, -0.0123033, 0.0326922, 0.0148896, 0.324332, -0.10388, 0.177546, -0.162061, 0.324332, -0.10388, 0.0467962, -0.0123033, 0.0131593, 0.00445877, 0.0263, 0.00216197, 0.0148342, -0.0139708, 0.0326922, 0.0148896, 0.0264716, -0.00866381, 0.00752427, -0.00555232, 0.0148342, -0.0139708, 0.00580375, 0.0166272, 0.0131593, 0.00445877, 0.0148342, -0.0139708, 0.0326922, 0.0148896, 0.0108023, 0.0173633, 0.0145255, -0.202581, 0.0208008, -0.0715777, -0.0188264, -0.167519, 0.0264716, -0.00866381, 0.0148342, -0.0139708, 0.177546, -0.162061, -0.00699271, -0.0622699, 0.0263, 0.00216197, 0.0208008, -0.0715777, 0.00580375, 0.0166272, -0.00699271, -0.0622699, 0.00580375, 0.0166272, 0.0131593, 0.00445877, -0.0188264, -0.167519, 0.0131593, 0.00445877, 0.0148342, -0.0139708, 0.0263, 0.00216197, 0.0131593, 0.00445877, 0.00752427, -0.00555232, 0.0264716, -0.00866381, 0.0326922, 0.0148896, 0.0108023, 0.0173633, ],]
##############################################################################
clock_duration  =         1547.23
tau =                     1.00677
total_steps =             32
time_step =               0.0314616
best_mc_result =          0.280177
best_mc_result_non_secondary =          0.280896
evolved_target_dot_squared =  0.719823
distance =          0.33755
j_protocol =  [[1, 1, 1, 1, 1, 1, 1, 1, 1, 1, 1, 1, 1, 1, 1, 1, 1, 1, 1, 1, 1, 1, 1, 0, 0, 1, 0, 1, 1, 1, 1, 1, ],[1, 1, 1, 1, 1, 1, 1, 1, 1, 1, 1, 1, 1, 1, 1, 1, 1, 1, 1, 1, 1, 1, 1, 0, 0, 1, 0, 1, 1, 1, 1, 1, ],]
k_protocol =  [[1, 1, 1, 1, 1, 1, 1, 1, 1, 1, 1, 1, 1, 1, 1, 1, 1, 1, 1, 1, 1, 1, 1, 1, 1, 1, 1, 1, 1, 1, 1, 1, ],[1, 1, 1, 1, 1, 1, 1, 1, 1, 1, 1, 1, 1, 1, 1, 1, 1, 1, 1, 1, 1, 1, 1, 1, 1, 1, 1, 1, 1, 1, 1, 1, ],]
j_protocol_secondary =  [0.00855393, 0.0579781, 0.0579781, 0.225757, 0.225757, 0.390695, 0.390695, 0.592308, 0.592308, 0.67066, 0.67066, 0.722193, 0.791708, 0.812769, 0.842208, 1.00677, ]
k_protocol_secondary =  [0, 0.185916, 0.190118, 0.218108, 0.218108, 0.47754, 0.47754, 0.72267, 0.72267, 0.786696, 0.786696, 0.894695, 0.894695, 0.956456, 0.956456, 1.00044, ]
best_evolved_state = [0.0157208, 0.00526048, -0.0120034, 0.053569, 0.0104457, 0.0246514, 0.0115626, 0.0091813, 0.0249595, 0.00418687, 0.0194984, -0.0156418, 0.0249595, 0.00418687, 0.00588474, 0.102496, -0.0508258, 0.0385274, 0.0249595, 0.00418687, 0.0115626, 0.0091813, 0.0104457, 0.0246514, -0.0120034, 0.053569, -0.0259, 0.0422478, -0.333948, 0.236592, -0.0259, 0.0422478, 0.0249595, 0.00418687, -0.0508258, 0.0385274, 0.00588474, 0.102496, -0.0808032, 0.00857413, 0.0104457, 0.0246514, -0.000974299, 0.0459683, -0.0143644, 0.0174665, -0.0623632, 0.0735193, -0.0929889, 0.131175, -0.0143644, 0.0174665, 0.0194984, -0.0156418, 0.00588474, 0.102496, 0.00537921, 0.0443525, 0.00588474, 0.102496, 0.0157208, 0.00526048, -0.0120034, 0.053569, -0.0143644, 0.0174665, -0.0259, 0.0422478, 0.0249595, 0.00418687, -0.0259, 0.0422478, -0.0623632, 0.0735193, -0.0259, 0.0422478, -0.0929889, 0.131175, -0.333948, 0.236592, -0.0120034, 0.053569, 0.00588474, 0.102496, -0.0808032, 0.00857413, 0.00588474, 0.102496, -0.0508258, 0.0385274, -0.0120034, 0.053569, -0.333948, 0.236592, -0.0929889, 0.131175, -0.333948, 0.236592, -0.0508258, 0.0385274, 0.0104457, 0.0246514, -0.0259, 0.0422478, -0.0143644, 0.0174665, -0.0120034, 0.053569, 0.0249595, 0.00418687, 0.0115626, 0.0091813, -0.0143644, 0.0174665, -0.000974299, 0.0459683, 0.0104457, 0.0246514, -0.0143644, 0.0174665, -0.0120034, 0.053569, 0.0157208, 0.00526048, 0.00537921, 0.0443525, 0.00588474, 0.102496, 0.0194984, -0.0156418, 0.0249595, 0.00418687, -0.0143644, 0.0174665, -0.0929889, 0.131175, -0.0623632, 0.0735193, -0.0259, 0.0422478, 0.00588474, 0.102496, -0.000974299, 0.0459683, -0.0623632, 0.0735193, -0.000974299, 0.0459683, 0.0104457, 0.0246514, 0.0194984, -0.0156418, 0.0104457, 0.0246514, -0.0143644, 0.0174665, -0.0259, 0.0422478, 0.0104457, 0.0246514, 0.0115626, 0.0091813, 0.0249595, 0.00418687, -0.0120034, 0.053569, 0.0157208, 0.00526048, ]
best_mc_result_fixed_tau =   [0.280896, 0.280896, ]
evolved_state_fixed_tau =   [[0.0159556, 0.00502898, -0.0161623, 0.0540997, 0.0086982, 0.0251341, 0.0114935, 0.0102342, 0.0244819, 0.00561194, 0.0186211, -0.0178607, 0.0244819, 0.00561194, -0.00484507, 0.101892, -0.054476, 0.0362688, 0.0244819, 0.00561194, 0.0114935, 0.0102342, 0.0086982, 0.0251341, -0.0161623, 0.0540997, -0.0297971, 0.0413409, -0.361214, 0.192197, -0.0297971, 0.0413409, 0.0244819, 0.00561194, -0.054476, 0.0362688, -0.00484507, 0.101892, -0.0836486, 0.00333751, 0.0086982, 0.0251341, -0.00511825, 0.0464131, -0.0149738, 0.016478, -0.0708969, 0.0673933, -0.107589, 0.115881, -0.0149738, 0.016478, 0.0186211, -0.0178607, -0.00484507, 0.101892, -0.0015889, 0.0403116, -0.00484507, 0.101892, 0.0159556, 0.00502898, -0.0161623, 0.0540997, -0.0149738, 0.016478, -0.0297971, 0.0413409, 0.0244819, 0.00561194, -0.0297971, 0.0413409, -0.0708969, 0.0673933, -0.0297971, 0.0413409, -0.107589, 0.115881, -0.361214, 0.192197, -0.0161623, 0.0540997, -0.00484507, 0.101892, -0.0836486, 0.00333751, -0.00484507, 0.101892, -0.054476, 0.0362688, -0.0161623, 0.0540997, -0.361214, 0.192197, -0.107589, 0.115881, -0.361214, 0.192197, -0.054476, 0.0362688, 0.0086982, 0.0251341, -0.0297971, 0.0413409, -0.0149738, 0.016478, -0.0161623, 0.0540997, 0.0244819, 0.00561194, 0.0114935, 0.0102342, -0.0149738, 0.016478, -0.00511825, 0.0464131, 0.0086982, 0.0251341, -0.0149738, 0.016478, -0.0161623, 0.0540997, 0.0159556, 0.00502898, -0.0015889, 0.0403116, -0.00484507, 0.101892, 0.0186211, -0.0178607, 0.0244819, 0.00561194, -0.0149738, 0.016478, -0.107589, 0.115881, -0.0708969, 0.0673933, -0.0297971, 0.0413409, -0.00484507, 0.101892, -0.00511825, 0.0464131, -0.0708969, 0.0673933, -0.00511825, 0.0464131, 0.0086982, 0.0251341, 0.0186211, -0.0178607, 0.0086982, 0.0251341, -0.0149738, 0.016478, -0.0297971, 0.0413409, 0.0086982, 0.0251341, 0.0114935, 0.0102342, 0.0244819, 0.00561194, -0.0161623, 0.0540997, 0.0159556, 0.00502898, ],[0.0159556, 0.00502898, -0.0161623, 0.0540997, 0.0086982, 0.0251341, 0.0114935, 0.0102342, 0.0244819, 0.00561194, 0.0186211, -0.0178607, 0.0244819, 0.00561194, -0.00484507, 0.101892, -0.054476, 0.0362688, 0.0244819, 0.00561194, 0.0114935, 0.0102342, 0.0086982, 0.0251341, -0.0161623, 0.0540997, -0.0297971, 0.0413409, -0.361214, 0.192197, -0.0297971, 0.0413409, 0.0244819, 0.00561194, -0.054476, 0.0362688, -0.00484507, 0.101892, -0.0836486, 0.00333751, 0.0086982, 0.0251341, -0.00511825, 0.0464131, -0.0149738, 0.016478, -0.0708969, 0.0673933, -0.107589, 0.115881, -0.0149738, 0.016478, 0.0186211, -0.0178607, -0.00484507, 0.101892, -0.0015889, 0.0403116, -0.00484507, 0.101892, 0.0159556, 0.00502898, -0.0161623, 0.0540997, -0.0149738, 0.016478, -0.0297971, 0.0413409, 0.0244819, 0.00561194, -0.0297971, 0.0413409, -0.0708969, 0.0673933, -0.0297971, 0.0413409, -0.107589, 0.115881, -0.361214, 0.192197, -0.0161623, 0.0540997, -0.00484507, 0.101892, -0.0836486, 0.00333751, -0.00484507, 0.101892, -0.054476, 0.0362688, -0.0161623, 0.0540997, -0.361214, 0.192197, -0.107589, 0.115881, -0.361214, 0.192197, -0.054476, 0.0362688, 0.0086982, 0.0251341, -0.0297971, 0.0413409, -0.0149738, 0.016478, -0.0161623, 0.0540997, 0.0244819, 0.00561194, 0.0114935, 0.0102342, -0.0149738, 0.016478, -0.00511825, 0.0464131, 0.0086982, 0.0251341, -0.0149738, 0.016478, -0.0161623, 0.0540997, 0.0159556, 0.00502898, -0.0015889, 0.0403116, -0.00484507, 0.101892, 0.0186211, -0.0178607, 0.0244819, 0.00561194, -0.0149738, 0.016478, -0.107589, 0.115881, -0.0708969, 0.0673933, -0.0297971, 0.0413409, -0.00484507, 0.101892, -0.00511825, 0.0464131, -0.0708969, 0.0673933, -0.00511825, 0.0464131, 0.0086982, 0.0251341, 0.0186211, -0.0178607, 0.0086982, 0.0251341, -0.0149738, 0.016478, -0.0297971, 0.0413409, 0.0086982, 0.0251341, 0.0114935, 0.0102342, 0.0244819, 0.00561194, -0.0161623, 0.0540997, 0.0159556, 0.00502898, ],]
##############################################################################
clock_duration  =         2424.43
tau =                     1.20813
total_steps =             32
time_step =               0.0377539
best_mc_result =          0.16141
best_mc_result_non_secondary =          0.162983
evolved_target_dot_squared =  0.83859
distance =          0.194463
j_protocol =  [[1, 1, 1, 1, 1, 1, 1, 1, 1, 1, 1, 1, 1, 1, 0, 1, 1, 1, 1, 1, 1, 1, 1, 0, 0, 1, 0, 0, 1, 1, 1, 1, ],[1, 1, 1, 1, 1, 1, 1, 1, 1, 1, 1, 1, 1, 0, 1, 1, 1, 1, 1, 1, 1, 1, 1, 0, 0, 1, 0, 0, 1, 1, 1, 1, ],]
k_protocol =  [[1, 1, 1, 1, 1, 0, 1, 1, 1, 1, 1, 1, 1, 1, 1, 1, 1, 1, 1, 1, 1, 1, 1, 1, 1, 1, 1, 1, 1, 1, 1, 1, ],[1, 1, 1, 1, 1, 0, 1, 1, 1, 1, 1, 1, 1, 1, 1, 1, 1, 1, 1, 1, 1, 1, 1, 1, 1, 1, 1, 1, 1, 1, 1, 1, ],]
j_protocol_secondary =  [0.011076, 0.0314856, 0.0314856, 0.517128, 0.560126, 0.69358, 0.69358, 0.701022, 0.701022, 0.881343, 0.927201, 0.937527, 0.961641, 0.982167, 1.05086, 1.20813, ]
k_protocol_secondary =  [0, 0.188164, 0.219162, 0.228643, 0.228643, 0.590519, 0.590519, 0.661856, 0.661856, 0.747086, 0.747086, 0.907646, 0.907646, 1.02042, 1.02042, 1.20205, ]
best_evolved_state = [-0.00576128, -0.0152456, -0.0123214, 0.0157532, 0.00281868, 0.0130937, 0.010018, -0.000355638, -0.00390559, -0.00809486, 0.0125394, -0.00742096, -0.00390559, -0.00809486, -0.0466479, 0.0342811, -0.0318323, -0.0275509, -0.00390559, -0.00809486, 0.010018, -0.000355638, 0.00281868, 0.0130937, -0.0123214, 0.0157532, -0.0274665, -0.00483626, -0.354555, -0.268651, -0.0274665, -0.00483626, -0.00390559, -0.00809486, -0.0318323, -0.0275509, -0.0466479, 0.0342811, -0.0665164, -0.0557497, 0.00281868, 0.0130937, -0.0231007, 0.0178784, -0.0167353, 0.00489944, -0.091734, -0.00621011, -0.137437, -0.0773692, -0.0167353, 0.00489944, 0.0125394, -0.00742096, -0.0466479, 0.0342811, -0.0545054, 0.0171286, -0.0466479, 0.0342811, -0.00576128, -0.0152456, -0.0123214, 0.0157532, -0.0167353, 0.00489944, -0.0274665, -0.00483626, -0.00390559, -0.00809486, -0.0274665, -0.00483626, -0.091734, -0.00621011, -0.0274665, -0.00483626, -0.137437, -0.0773692, -0.354555, -0.268651, -0.0123214, 0.0157532, -0.0466479, 0.0342811, -0.0665164, -0.0557497, -0.0466479, 0.0342811, -0.0318323, -0.0275509, -0.0123214, 0.0157532, -0.354555, -0.268651, -0.137437, -0.0773692, -0.354555, -0.268651, -0.0318323, -0.0275509, 0.00281868, 0.0130937, -0.0274665, -0.00483626, -0.0167353, 0.00489944, -0.0123214, 0.0157532, -0.00390559, -0.00809486, 0.010018, -0.000355638, -0.0167353, 0.00489944, -0.0231007, 0.0178784, 0.00281868, 0.0130937, -0.0167353, 0.00489944, -0.0123214, 0.0157532, -0.00576128, -0.0152456, -0.0545054, 0.0171286, -0.0466479, 0.0342811, 0.0125394, -0.00742096, -0.00390559, -0.00809486, -0.0167353, 0.00489944, -0.137437, -0.0773692, -0.091734, -0.00621011, -0.0274665, -0.00483626, -0.0466479, 0.0342811, -0.0231007, 0.0178784, -0.091734, -0.00621011, -0.0231007, 0.0178784, 0.00281868, 0.0130937, 0.0125394, -0.00742096, 0.00281868, 0.0130937, -0.0167353, 0.00489944, -0.0274665, -0.00483626, 0.00281868, 0.0130937, 0.010018, -0.000355638, -0.00390559, -0.00809486, -0.0123214, 0.0157532, -0.00576128, -0.0152456, ]
best_mc_result_fixed_tau =   [0.162983, 0.163185, ]
evolved_state_fixed_tau =   [[-0.00504696, -0.0147923, -0.0108524, 0.0142258, 0.00300519, 0.0137639, 0.00953021, 5.14997e-05, -0.00177793, -0.0075347, 0.00701451, -0.00067347, -0.00177793, -0.0075347, -0.048618, 0.0369177, -0.0267274, -0.0290499, -0.00177793, -0.0075347, 0.00953021, 5.14997e-05, 0.00300519, 0.0137639, -0.0108524, 0.0142258, -0.0244018, -0.00537037, -0.33603, -0.291364, -0.0244018, -0.00537037, -0.00177793, -0.0075347, -0.0267274, -0.0290499, -0.048618, 0.0369177, -0.0582765, -0.0576688, 0.00300519, 0.0137639, -0.0220763, 0.0183091, -0.0175559, 0.00341597, -0.0903703, -0.00710658, -0.138847, -0.0766566, -0.0175559, 0.00341597, 0.00701451, -0.00067347, -0.048618, 0.0369177, -0.0633842, 0.0192183, -0.048618, 0.0369177, -0.00504696, -0.0147923, -0.0108524, 0.0142258, -0.0175559, 0.00341597, -0.0244018, -0.00537037, -0.00177793, -0.0075347, -0.0244018, -0.00537037, -0.0903703, -0.00710658, -0.0244018, -0.00537037, -0.138847, -0.0766566, -0.33603, -0.291364, -0.0108524, 0.0142258, -0.048618, 0.0369177, -0.0582765, -0.0576688, -0.048618, 0.0369177, -0.0267274, -0.0290499, -0.0108524, 0.0142258, -0.33603, -0.291364, -0.138847, -0.0766566, -0.33603, -0.291364, -0.0267274, -0.0290499, 0.00300519, 0.0137639, -0.0244018, -0.00537037, -0.0175559, 0.00341597, -0.0108524, 0.0142258, -0.00177793, -0.0075347, 0.00953021, 5.14997e-05, -0.0175559, 0.00341597, -0.0220763, 0.0183091, 0.00300519, 0.0137639, -0.0175559, 0.00341597, -0.0108524, 0.0142258, -0.00504696, -0.0147923, -0.0633842, 0.0192183, -0.048618, 0.0369177, 0.00701451, -0.00067347, -0.00177793, -0.0075347, -0.0175559, 0.00341597, -0.138847, -0.0766566, -0.0903703, -0.00710658, -0.0244018, -0.00537037, -0.048618, 0.0369177, -0.0220763, 0.0183091, -0.0903703, -0.00710658, -0.0220763, 0.0183091, 0.00300519, 0.0137639, 0.00701451, -0.00067347, 0.00300519, 0.0137639, -0.0175559, 0.00341597, -0.0244018, -0.00537037, 0.00300519, 0.0137639, 0.00953021, 5.14997e-05, -0.00177793, -0.0075347, -0.0108524, 0.0142258, -0.00504696, -0.0147923, ],[-0.00637155, -0.0135606, -0.0114569, 0.0165902, 0.00192453, 0.0142112, 0.00863129, 4.11754e-05, -0.00333477, -0.00440805, 0.0106319, -0.00358724, -0.00333477, -0.00440805, -0.0525885, 0.0363536, -0.0251495, -0.0258746, -0.00333477, -0.00440805, 0.00863129, 4.11754e-05, 0.00192453, 0.0142112, -0.0114569, 0.0165902, -0.0246089, -0.00353334, -0.337131, -0.290374, -0.0246089, -0.00353334, -0.00333477, -0.00440805, -0.0251495, -0.0258746, -0.0525885, 0.0363536, -0.0544992, -0.0554012, 0.00192453, 0.0142112, -0.0240682, 0.0188079, -0.0158466, 0.00410642, -0.091927, -0.00847673, -0.137111, -0.0768706, -0.0158466, 0.00410642, 0.0106319, -0.00358724, -0.0525885, 0.0363536, -0.0588909, 0.0172531, -0.0525885, 0.0363536, -0.00637155, -0.0135606, -0.0114569, 0.0165902, -0.0158466, 0.00410642, -0.0246089, -0.00353334, -0.00333477, -0.00440805, -0.0246089, -0.00353334, -0.091927, -0.00847673, -0.0246089, -0.00353334, -0.137111, -0.0768706, -0.337131, -0.290374, -0.0114569, 0.0165902, -0.0525885, 0.0363536, -0.0544992, -0.0554012, -0.0525885, 0.0363536, -0.0251495, -0.0258746, -0.0114569, 0.0165902, -0.337131, -0.290374, -0.137111, -0.0768706, -0.337131, -0.290374, -0.0251495, -0.0258746, 0.00192453, 0.0142112, -0.0246089, -0.00353334, -0.0158466, 0.00410642, -0.0114569, 0.0165902, -0.00333477, -0.00440805, 0.00863129, 4.11754e-05, -0.0158466, 0.00410642, -0.0240682, 0.0188079, 0.00192453, 0.0142112, -0.0158466, 0.00410642, -0.0114569, 0.0165902, -0.00637155, -0.0135606, -0.0588909, 0.0172531, -0.0525885, 0.0363536, 0.0106319, -0.00358724, -0.00333477, -0.00440805, -0.0158466, 0.00410642, -0.137111, -0.0768706, -0.091927, -0.00847673, -0.0246089, -0.00353334, -0.0525885, 0.0363536, -0.0240682, 0.0188079, -0.091927, -0.00847673, -0.0240682, 0.0188079, 0.00192453, 0.0142112, 0.0106319, -0.00358724, 0.00192453, 0.0142112, -0.0158466, 0.00410642, -0.0246089, -0.00353334, 0.00192453, 0.0142112, 0.00863129, 4.11754e-05, -0.00333477, -0.00440805, -0.0114569, 0.0165902, -0.00637155, -0.0135606, ],]
##############################################################################
clock_duration  =         3278.81
tau =                     1.32894
total_steps =             32
time_step =               0.0415293
best_mc_result =          0.121022
best_mc_result_non_secondary =          0.121733
evolved_target_dot_squared =  0.878978
distance =          0.145804
j_protocol =  [[1, 1, 1, 1, 1, 1, 1, 1, 1, 1, 1, 1, 1, 0, 1, 1, 0, 1, 1, 1, 1, 1, 1, 1, 0, 0, 0, 0, 1, 1, 1, 1, ],[1, 1, 1, 1, 1, 1, 1, 1, 1, 1, 1, 1, 1, 0, 1, 0, 1, 1, 1, 1, 1, 1, 0, 1, 1, 0, 0, 1, 0, 1, 1, 1, ],]
k_protocol =  [[1, 1, 1, 1, 0, 1, 1, 1, 1, 1, 1, 1, 1, 1, 1, 1, 1, 1, 1, 1, 1, 1, 1, 1, 1, 1, 1, 1, 1, 1, 1, 1, ],[1, 1, 1, 1, 0, 1, 1, 1, 1, 1, 1, 1, 1, 1, 1, 1, 1, 1, 1, 1, 1, 1, 1, 1, 1, 1, 1, 1, 1, 1, 1, 1, ],]
j_protocol_secondary =  [0.00891149, 0.0541095, 0.0541095, 0.23437, 0.23437, 0.415065, 0.415065, 0.53488, 0.582792, 0.669248, 0.714687, 0.994156, 1.16011, 1.19741, 1.2019, 1.32894, ]
k_protocol_secondary =  [0, 0.00477166, 0.00477166, 0.166771, 0.177198, 0.177198, 0.205307, 0.439163, 0.439163, 0.567805, 0.567805, 0.889834, 0.889834, 1.00204, 1.00204, 1.3238, ]
best_evolved_state = [-0.0167348, -0.0151241, 0.00229452, 0.00750406, 0.00250405, 0.0055877, 0.0112501, -0.00554212, -0.0132233, -0.0185593, 0.0104361, 0.012985, -0.0132233, -0.0185593, -0.0369952, -0.000142617, 0.00211, -0.0328503, -0.0132233, -0.0185593, 0.0112501, -0.00554212, 0.00250405, 0.0055877, 0.00229452, 0.00750406, -0.00922838, -0.0150482, -0.108407, -0.444319, -0.00922838, -0.0150482, -0.0132233, -0.0185593, 0.00211, -0.0328503, -0.0369952, -0.000142617, -0.0322861, -0.057187, 0.00250405, 0.0055877, -0.0205668, 0.00275387, -0.0105916, 0.00585771, -0.0687688, -0.041067, -0.0542543, -0.140707, -0.0105916, 0.00585771, 0.0104361, 0.012985, -0.0369952, -0.000142617, -0.0654315, 0.00723117, -0.0369952, -0.000142617, -0.0167348, -0.0151241, 0.00229452, 0.00750406, -0.0105916, 0.00585771, -0.00922838, -0.0150482, -0.0132233, -0.0185593, -0.00922838, -0.0150482, -0.0687688, -0.041067, -0.00922838, -0.0150482, -0.0542543, -0.140707, -0.108407, -0.444319, 0.00229452, 0.00750406, -0.0369952, -0.000142617, -0.0322861, -0.057187, -0.0369952, -0.000142617, 0.00211, -0.0328503, 0.00229452, 0.00750406, -0.108407, -0.444319, -0.0542543, -0.140707, -0.108407, -0.444319, 0.00211, -0.0328503, 0.00250405, 0.0055877, -0.00922838, -0.0150482, -0.0105916, 0.00585771, 0.00229452, 0.00750406, -0.0132233, -0.0185593, 0.0112501, -0.00554212, -0.0105916, 0.00585771, -0.0205668, 0.00275387, 0.00250405, 0.0055877, -0.0105916, 0.00585771, 0.00229452, 0.00750406, -0.0167348, -0.0151241, -0.0654315, 0.00723117, -0.0369952, -0.000142617, 0.0104361, 0.012985, -0.0132233, -0.0185593, -0.0105916, 0.00585771, -0.0542543, -0.140707, -0.0687688, -0.041067, -0.00922838, -0.0150482, -0.0369952, -0.000142617, -0.0205668, 0.00275387, -0.0687688, -0.041067, -0.0205668, 0.00275387, 0.00250405, 0.0055877, 0.0104361, 0.012985, 0.00250405, 0.0055877, -0.0105916, 0.00585771, -0.00922838, -0.0150482, 0.00250405, 0.0055877, 0.0112501, -0.00554212, -0.0132233, -0.0185593, 0.00229452, 0.00750406, -0.0167348, -0.0151241, ]
best_mc_result_fixed_tau =   [0.121733, 0.12236, ]
evolved_state_fixed_tau =   [[-0.0150026, -0.0147326, 0.00304558, 0.00751723, 0.00199082, 0.00553112, 0.0111003, -0.00568061, -0.0127081, -0.0184058, 0.0109947, 0.00688925, -0.0127081, -0.0184058, -0.0357027, -0.0071038, 0.00792967, -0.0318323, -0.0127081, -0.0184058, 0.0111003, -0.00568061, 0.00199082, 0.00553112, 0.00304558, 0.00751723, -0.00670183, -0.0158696, -0.047777, -0.454417, -0.00670183, -0.0158696, -0.0127081, -0.0184058, 0.00792967, -0.0318323, -0.0357027, -0.0071038, -0.023631, -0.0579418, 0.00199082, 0.00553112, -0.0213333, 9.31667e-05, -0.00985339, 0.00434396, -0.0630306, -0.0489476, -0.0325686, -0.150938, -0.00985339, 0.00434396, 0.0109947, 0.00688925, -0.0357027, -0.0071038, -0.064049, -0.00748897, -0.0357027, -0.0071038, -0.0150026, -0.0147326, 0.00304558, 0.00751723, -0.00985339, 0.00434396, -0.00670183, -0.0158696, -0.0127081, -0.0184058, -0.00670183, -0.0158696, -0.0630306, -0.0489476, -0.00670183, -0.0158696, -0.0325686, -0.150938, -0.047777, -0.454417, 0.00304558, 0.00751723, -0.0357027, -0.0071038, -0.023631, -0.0579418, -0.0357027, -0.0071038, 0.00792967, -0.0318323, 0.00304558, 0.00751723, -0.047777, -0.454417, -0.0325686, -0.150938, -0.047777, -0.454417, 0.00792967, -0.0318323, 0.00199082, 0.00553112, -0.00670183, -0.0158696, -0.00985339, 0.00434396, 0.00304558, 0.00751723, -0.0127081, -0.0184058, 0.0111003, -0.00568061, -0.00985339, 0.00434396, -0.0213333, 9.31667e-05, 0.00199082, 0.00553112, -0.00985339, 0.00434396, 0.00304558, 0.00751723, -0.0150026, -0.0147326, -0.064049, -0.00748897, -0.0357027, -0.0071038, 0.0109947, 0.00688925, -0.0127081, -0.0184058, -0.00985339, 0.00434396, -0.0325686, -0.150938, -0.0630306, -0.0489476, -0.00670183, -0.0158696, -0.0357027, -0.0071038, -0.0213333, 9.31667e-05, -0.0630306, -0.0489476, -0.0213333, 9.31667e-05, 0.00199082, 0.00553112, 0.0109947, 0.00688925, 0.00199082, 0.00553112, -0.00985339, 0.00434396, -0.00670183, -0.0158696, 0.00199082, 0.00553112, 0.0111003, -0.00568061, -0.0127081, -0.0184058, 0.00304558, 0.00751723, -0.0150026, -0.0147326, ],[-0.0160264, -0.0136106, 0.000891228, 0.00155213, 0.00238117, 0.00492425, 0.010943, -0.00572302, -0.0121076, -0.0193986, 0.0120846, 0.0123342, -0.0121076, -0.0193986, -0.0305027, -0.00975968, 0.00462549, -0.0426426, -0.0121076, -0.0193986, 0.010943, -0.00572302, 0.00238117, 0.00492425, 0.000891228, 0.00155213, -0.00844248, -0.0223234, -0.0435246, -0.454022, -0.00844248, -0.0223234, -0.0121076, -0.0193986, 0.00462549, -0.0426426, -0.0305027, -0.00975968, -0.0263906, -0.0676111, 0.00238117, 0.00492425, -0.0215105, -0.00200409, -0.0115322, 0.00404404, -0.0601616, -0.0507209, -0.0293005, -0.150436, -0.0115322, 0.00404404, 0.0120846, 0.0123342, -0.0305027, -0.00975968, -0.0608024, -0.00327377, -0.0305027, -0.00975968, -0.0160264, -0.0136106, 0.000891228, 0.00155213, -0.0115322, 0.00404404, -0.00844248, -0.0223234, -0.0121076, -0.0193986, -0.00844248, -0.0223234, -0.0601616, -0.0507209, -0.00844248, -0.0223234, -0.0293005, -0.150436, -0.0435246, -0.454022, 0.000891228, 0.00155213, -0.0305027, -0.00975968, -0.0263906, -0.0676111, -0.0305027, -0.00975968, 0.00462549, -0.0426426, 0.000891228, 0.00155213, -0.0435246, -0.454022, -0.0293005, -0.150436, -0.0435246, -0.454022, 0.00462549, -0.0426426, 0.00238117, 0.00492425, -0.00844248, -0.0223234, -0.0115322, 0.00404404, 0.000891228, 0.00155213, -0.0121076, -0.0193986, 0.010943, -0.00572302, -0.0115322, 0.00404404, -0.0215105, -0.00200409, 0.00238117, 0.00492425, -0.0115322, 0.00404404, 0.000891228, 0.00155213, -0.0160264, -0.0136106, -0.0608024, -0.00327377, -0.0305027, -0.00975968, 0.0120846, 0.0123342, -0.0121076, -0.0193986, -0.0115322, 0.00404404, -0.0293005, -0.150436, -0.0601616, -0.0507209, -0.00844248, -0.0223234, -0.0305027, -0.00975968, -0.0215105, -0.00200409, -0.0601616, -0.0507209, -0.0215105, -0.00200409, 0.00238117, 0.00492425, 0.0120846, 0.0123342, 0.00238117, 0.00492425, -0.0115322, 0.00404404, -0.00844248, -0.0223234, 0.00238117, 0.00492425, 0.010943, -0.00572302, -0.0121076, -0.0193986, 0.000891228, 0.00155213, -0.0160264, -0.0136106, ],]
##############################################################################
clock_duration  =         4182.26
tau =                     1.46183
total_steps =             32
time_step =               0.0456823
best_mc_result =          0.0935102
best_mc_result_non_secondary =          0.0961878
evolved_target_dot_squared =  0.90649
distance =          0.112659
j_protocol =  [[1, 1, 1, 1, 1, 1, 1, 1, 1, 1, 1, 0, 0, 1, 1, 1, 1, 1, 0, 0, 1, 1, 1, 1, 1, 0, 0, 0, 0, 1, 1, 1, ],[1, 1, 1, 1, 1, 1, 1, 1, 1, 0, 1, 1, 1, 1, 0, 1, 0, 1, 1, 1, 1, 1, 0, 0, 1, 1, 0, 1, 0, 0, 1, 1, ],]
k_protocol =  [[1, 1, 1, 1, 0, 1, 1, 1, 1, 1, 1, 1, 1, 1, 1, 1, 1, 1, 1, 1, 1, 1, 1, 1, 1, 1, 1, 1, 1, 1, 1, 1, ],[1, 1, 1, 1, 0, 1, 1, 1, 1, 1, 1, 1, 1, 1, 1, 1, 1, 1, 1, 1, 1, 1, 1, 1, 1, 1, 1, 1, 1, 1, 1, 1, ],]
j_protocol_secondary =  [0.00746749, 0.369003, 0.369003, 0.376146, 0.376146, 0.529546, 0.598502, 0.806366, 0.900388, 1.12302, 1.17628, 1.18983, 1.27988, 1.29052, 1.33944, 1.46183, ]
k_protocol_secondary =  [0, 0.0699805, 0.0699805, 0.0754146, 0.0754146, 0.121836, 0.121836, 0.152082, 0.206778, 0.844068, 0.844068, 1.13576, 1.13576, 1.43239, 1.43239, 1.45775, ]
best_evolved_state = [-0.0163418, -2.07003e-05, 0.0114523, 0.00914713, 0.00488501, 0.000547475, 0.00780508, -0.00637379, -0.0108292, -0.018749, -0.00981875, 0.0214466, -0.0108292, -0.018749, -0.0164624, -0.0146772, 0.0252196, -0.0212979, -0.0108292, -0.018749, 0.00780508, -0.00637379, 0.00488501, 0.000547475, 0.0114523, 0.00914713, 0.00494625, -0.0127125, 0.239269, -0.399975, 0.00494625, -0.0127125, -0.0108292, -0.018749, 0.0252196, -0.0212979, -0.0164624, -0.0146772, -0.00422711, -0.0429705, 0.00488501, 0.000547475, -0.0153271, -0.0041272, -0.00474714, 0.00751634, -0.0367578, -0.0558077, 0.0493476, -0.129247, -0.00474714, 0.00751634, -0.00981875, 0.0214466, -0.0164624, -0.0146772, -0.0752333, -0.0208281, -0.0164624, -0.0146772, -0.0163418, -2.07003e-05, 0.0114523, 0.00914713, -0.00474714, 0.00751634, 0.00494625, -0.0127125, -0.0108292, -0.018749, 0.00494625, -0.0127125, -0.0367578, -0.0558077, 0.00494625, -0.0127125, 0.0493476, -0.129247, 0.239269, -0.399975, 0.0114523, 0.00914713, -0.0164624, -0.0146772, -0.00422711, -0.0429705, -0.0164624, -0.0146772, 0.0252196, -0.0212979, 0.0114523, 0.00914713, 0.239269, -0.399975, 0.0493476, -0.129247, 0.239269, -0.399975, 0.0252196, -0.0212979, 0.00488501, 0.000547475, 0.00494625, -0.0127125, -0.00474714, 0.00751634, 0.0114523, 0.00914713, -0.0108292, -0.018749, 0.00780508, -0.00637379, -0.00474714, 0.00751634, -0.0153271, -0.0041272, 0.00488501, 0.000547475, -0.00474714, 0.00751634, 0.0114523, 0.00914713, -0.0163418, -2.07003e-05, -0.0752333, -0.0208281, -0.0164624, -0.0146772, -0.00981875, 0.0214466, -0.0108292, -0.018749, -0.00474714, 0.00751634, 0.0493476, -0.129247, -0.0367578, -0.0558077, 0.00494625, -0.0127125, -0.0164624, -0.0146772, -0.0153271, -0.0041272, -0.0367578, -0.0558077, -0.0153271, -0.0041272, 0.00488501, 0.000547475, -0.00981875, 0.0214466, 0.00488501, 0.000547475, -0.00474714, 0.00751634, 0.00494625, -0.0127125, 0.00488501, 0.000547475, 0.00780508, -0.00637379, -0.0108292, -0.018749, 0.0114523, 0.00914713, -0.0163418, -2.07003e-05, ]
best_mc_result_fixed_tau =   [0.0961878, 0.0978004, ]
evolved_state_fixed_tau =   [[-0.0222552, 0.00331266, 0.00985522, 0.0109691, 0.0031494, 0.000736669, 0.00802345, -0.00875486, -0.0161782, -0.0193191, -0.00546583, 0.0294435, -0.0161782, -0.0193191, -0.0178127, -0.0181544, 0.0250301, -0.0193236, -0.0161782, -0.0193191, 0.00802345, -0.00875486, 0.0031494, 0.000736669, 0.00985522, 0.0109691, 0.00415643, -0.0126204, 0.245746, -0.395425, 0.00415643, -0.0126204, -0.0161782, -0.0193191, 0.0250301, -0.0193236, -0.0178127, -0.0181544, -0.00471181, -0.0413395, 0.0031494, 0.000736669, -0.0167173, -0.00591724, -0.00391457, 0.0104857, -0.0364142, -0.0593692, 0.0583771, -0.123098, -0.00391457, 0.0104857, -0.00546583, 0.0294435, -0.0178127, -0.0181544, -0.0697718, -0.0105174, -0.0178127, -0.0181544, -0.0222552, 0.00331266, 0.00985522, 0.0109691, -0.00391457, 0.0104857, 0.00415643, -0.0126204, -0.0161782, -0.0193191, 0.00415643, -0.0126204, -0.0364142, -0.0593692, 0.00415643, -0.0126204, 0.0583771, -0.123098, 0.245746, -0.395425, 0.00985522, 0.0109691, -0.0178127, -0.0181544, -0.00471181, -0.0413395, -0.0178127, -0.0181544, 0.0250301, -0.0193236, 0.00985522, 0.0109691, 0.245746, -0.395425, 0.0583771, -0.123098, 0.245746, -0.395425, 0.0250301, -0.0193236, 0.0031494, 0.000736669, 0.00415643, -0.0126204, -0.00391457, 0.0104857, 0.00985522, 0.0109691, -0.0161782, -0.0193191, 0.00802345, -0.00875486, -0.00391457, 0.0104857, -0.0167173, -0.00591724, 0.0031494, 0.000736669, -0.00391457, 0.0104857, 0.00985522, 0.0109691, -0.0222552, 0.00331266, -0.0697718, -0.0105174, -0.0178127, -0.0181544, -0.00546583, 0.0294435, -0.0161782, -0.0193191, -0.00391457, 0.0104857, 0.0583771, -0.123098, -0.0364142, -0.0593692, 0.00415643, -0.0126204, -0.0178127, -0.0181544, -0.0167173, -0.00591724, -0.0364142, -0.0593692, -0.0167173, -0.00591724, 0.0031494, 0.000736669, -0.00546583, 0.0294435, 0.0031494, 0.000736669, -0.00391457, 0.0104857, 0.00415643, -0.0126204, 0.0031494, 0.000736669, 0.00802345, -0.00875486, -0.0161782, -0.0193191, 0.00985522, 0.0109691, -0.0222552, 0.00331266, ],[-0.0184407, 0.00130469, 0.0100769, 0.0118408, 0.00320898, 0.00355644, 0.00844407, -0.00694385, -0.0123433, -0.015614, 0.00217359, 0.0253401, -0.0123433, -0.015614, -0.0209562, -0.0140542, 0.026187, -0.0231021, -0.0123433, -0.015614, 0.00844407, -0.00694385, 0.00320898, 0.00355644, 0.0100769, 0.0118408, 0.00415292, -0.0133688, 0.257811, -0.386453, 0.00415292, -0.0133688, -0.0123433, -0.015614, 0.026187, -0.0231021, -0.0209562, -0.0140542, -0.00331148, -0.051489, 0.00320898, 0.00355644, -0.0178812, -0.00363545, -0.00345861, 0.00872699, -0.0386395, -0.0595931, 0.0650241, -0.125957, -0.00345861, 0.00872699, 0.00217359, 0.0253401, -0.0209562, -0.0140542, -0.0593481, -0.0163787, -0.0209562, -0.0140542, -0.0184407, 0.00130469, 0.0100769, 0.0118408, -0.00345861, 0.00872699, 0.00415292, -0.0133688, -0.0123433, -0.015614, 0.00415292, -0.0133688, -0.0386395, -0.0595931, 0.00415292, -0.0133688, 0.0650241, -0.125957, 0.257811, -0.386453, 0.0100769, 0.0118408, -0.0209562, -0.0140542, -0.00331148, -0.051489, -0.0209562, -0.0140542, 0.026187, -0.0231021, 0.0100769, 0.0118408, 0.257811, -0.386453, 0.0650241, -0.125957, 0.257811, -0.386453, 0.026187, -0.0231021, 0.00320898, 0.00355644, 0.00415292, -0.0133688, -0.00345861, 0.00872699, 0.0100769, 0.0118408, -0.0123433, -0.015614, 0.00844407, -0.00694385, -0.00345861, 0.00872699, -0.0178812, -0.00363545, 0.00320898, 0.00355644, -0.00345861, 0.00872699, 0.0100769, 0.0118408, -0.0184407, 0.00130469, -0.0593481, -0.0163787, -0.0209562, -0.0140542, 0.00217359, 0.0253401, -0.0123433, -0.015614, -0.00345861, 0.00872699, 0.0650241, -0.125957, -0.0386395, -0.0595931, 0.00415292, -0.0133688, -0.0209562, -0.0140542, -0.0178812, -0.00363545, -0.0386395, -0.0595931, -0.0178812, -0.00363545, 0.00320898, 0.00355644, 0.00217359, 0.0253401, 0.00320898, 0.00355644, -0.00345861, 0.00872699, 0.00415292, -0.0133688, 0.00320898, 0.00355644, 0.00844407, -0.00694385, -0.0123433, -0.015614, 0.0100769, 0.0118408, -0.0184407, 0.00130469, ],]
##############################################################################
clock_duration  =         5178.5
tau =                     1.60802
total_steps =             32
time_step =               0.0502505
best_mc_result =          0.0715603
best_mc_result_non_secondary =          0.0757333
evolved_target_dot_squared =  0.92844
distance =          0.086214
j_protocol =  [[1, 1, 1, 1, 1, 1, 1, 1, 1, 1, 0, 1, 1, 1, 1, 1, 0, 0, 1, 0, 1, 1, 1, 1, 0, 0, 1, 0, 0, 0, 1, 1, ],[0, 1, 1, 1, 1, 1, 1, 1, 1, 1, 0, 1, 1, 1, 1, 1, 0, 0, 1, 1, 0, 1, 1, 1, 0, 1, 0, 0, 0, 0, 1, 1, ],]
k_protocol =  [[1, 1, 1, 0, 0, 1, 1, 1, 1, 1, 1, 1, 1, 1, 1, 1, 1, 1, 1, 1, 1, 1, 1, 1, 1, 1, 1, 1, 1, 1, 1, 1, ],[1, 1, 1, 0, 0, 1, 1, 1, 1, 1, 1, 1, 1, 1, 1, 1, 1, 1, 1, 1, 1, 1, 1, 1, 1, 1, 1, 1, 1, 1, 1, 1, ],]
j_protocol_secondary =  [0.00772745, 0.495853, 0.549378, 0.749133, 0.771115, 0.81216, 0.895157, 0.964259, 1.0026, 1.10918, 1.12585, 1.21828, 1.30401, 1.35187, 1.50263, 1.60802, ]
k_protocol_secondary =  [0, 0.0506937, 0.0506937, 0.130363, 0.14692, 0.15925, 0.221083, 0.569427, 0.569427, 0.79275, 0.79275, 0.942571, 0.942571, 1.4456, 1.4456, 1.6037, ]
best_evolved_state = [-0.00129727, 0.00720723, 0.0103701, 0.0171359, 0.00734126, -0.00249927, 0.00312751, -0.00315262, -0.00353981, -0.0119745, -0.0280057, 0.00931434, -0.00353981, -0.0119745, 0.00263378, -0.0127654, 0.0279754, 0.000433201, -0.00353981, -0.0119745, 0.00312751, -0.00315262, 0.00734126, -0.00249927, 0.0103701, 0.0171359, 0.00916697, -0.00267576, 0.465666, -0.0847325, 0.00916697, -0.00267576, -0.00353981, -0.0119745, 0.0279754, 0.000433201, 0.00263378, -0.0127654, 0.00717254, -0.0191079, 0.00734126, -0.00249927, -0.00964148, -0.00578471, -0.000583534, 0.00835796, -0.00684009, -0.0523989, 0.114338, -0.0470201, -0.000583534, 0.00835796, -0.0280057, 0.00931434, 0.00263378, -0.0127654, -0.0630992, -0.062446, 0.00263378, -0.0127654, -0.00129727, 0.00720723, 0.0103701, 0.0171359, -0.000583534, 0.00835796, 0.00916697, -0.00267576, -0.00353981, -0.0119745, 0.00916697, -0.00267576, -0.00684009, -0.0523989, 0.00916697, -0.00267576, 0.114338, -0.0470201, 0.465666, -0.0847325, 0.0103701, 0.0171359, 0.00263378, -0.0127654, 0.00717254, -0.0191079, 0.00263378, -0.0127654, 0.0279754, 0.000433201, 0.0103701, 0.0171359, 0.465666, -0.0847325, 0.114338, -0.0470201, 0.465666, -0.0847325, 0.0279754, 0.000433201, 0.00734126, -0.00249927, 0.00916697, -0.00267576, -0.000583534, 0.00835796, 0.0103701, 0.0171359, -0.00353981, -0.0119745, 0.00312751, -0.00315262, -0.000583534, 0.00835796, -0.00964148, -0.00578471, 0.00734126, -0.00249927, -0.000583534, 0.00835796, 0.0103701, 0.0171359, -0.00129727, 0.00720723, -0.0630992, -0.062446, 0.00263378, -0.0127654, -0.0280057, 0.00931434, -0.00353981, -0.0119745, -0.000583534, 0.00835796, 0.114338, -0.0470201, -0.00684009, -0.0523989, 0.00916697, -0.00267576, 0.00263378, -0.0127654, -0.00964148, -0.00578471, -0.00684009, -0.0523989, -0.00964148, -0.00578471, 0.00734126, -0.00249927, -0.0280057, 0.00931434, 0.00734126, -0.00249927, -0.000583534, 0.00835796, 0.00916697, -0.00267576, 0.00734126, -0.00249927, 0.00312751, -0.00315262, -0.00353981, -0.0119745, 0.0103701, 0.0171359, -0.00129727, 0.00720723, ]
best_mc_result_fixed_tau =   [0.0757333, 0.076202, ]
evolved_state_fixed_tau =   [[0.00175465, 0.0104688, 0.0121399, 0.0115387, 0.00802846, -0.0041602, 0.000216146, -0.00341941, -0.00544986, -0.00939233, -0.0343143, -0.00302356, -0.00544986, -0.00939233, 0.00525791, -0.0163442, 0.0307553, -0.00173727, -0.00544986, -0.00939233, 0.000216146, -0.00341941, 0.00802846, -0.0041602, 0.0121399, 0.0115387, 0.0108729, -0.00440501, 0.465556, -0.0810702, 0.0108729, -0.00440501, -0.00544986, -0.00939233, 0.0307553, -0.00173727, 0.00525791, -0.0163442, 0.0144995, -0.0127599, 0.00802846, -0.0041602, -0.00900943, -0.00707274, -0.000942293, 0.00598346, -0.00323175, -0.0509518, 0.10358, -0.0595084, -0.000942293, 0.00598346, -0.0343143, -0.00302356, 0.00525791, -0.0163442, -0.0676785, -0.0779963, 0.00525791, -0.0163442, 0.00175465, 0.0104688, 0.0121399, 0.0115387, -0.000942293, 0.00598346, 0.0108729, -0.00440501, -0.00544986, -0.00939233, 0.0108729, -0.00440501, -0.00323175, -0.0509518, 0.0108729, -0.00440501, 0.10358, -0.0595084, 0.465556, -0.0810702, 0.0121399, 0.0115387, 0.00525791, -0.0163442, 0.0144995, -0.0127599, 0.00525791, -0.0163442, 0.0307553, -0.00173727, 0.0121399, 0.0115387, 0.465556, -0.0810702, 0.10358, -0.0595084, 0.465556, -0.0810702, 0.0307553, -0.00173727, 0.00802846, -0.0041602, 0.0108729, -0.00440501, -0.000942293, 0.00598346, 0.0121399, 0.0115387, -0.00544986, -0.00939233, 0.000216146, -0.00341941, -0.000942293, 0.00598346, -0.00900943, -0.00707274, 0.00802846, -0.0041602, -0.000942293, 0.00598346, 0.0121399, 0.0115387, 0.00175465, 0.0104688, -0.0676785, -0.0779963, 0.00525791, -0.0163442, -0.0343143, -0.00302356, -0.00544986, -0.00939233, -0.000942293, 0.00598346, 0.10358, -0.0595084, -0.00323175, -0.0509518, 0.0108729, -0.00440501, 0.00525791, -0.0163442, -0.00900943, -0.00707274, -0.00323175, -0.0509518, -0.00900943, -0.00707274, 0.00802846, -0.0041602, -0.0343143, -0.00302356, 0.00802846, -0.0041602, -0.000942293, 0.00598346, 0.0108729, -0.00440501, 0.00802846, -0.0041602, 0.000216146, -0.00341941, -0.00544986, -0.00939233, 0.0121399, 0.0115387, 0.00175465, 0.0104688, ],[0.00199523, 0.0118422, 0.0118669, 0.0109852, 0.00709467, -0.00557591, -0.00100237, -0.00521744, -0.0107192, -0.00829228, -0.026142, 0.00640126, -0.0107192, -0.00829228, -0.0034991, -0.016953, 0.020483, -0.0080378, -0.0107192, -0.00829228, -0.00100237, -0.00521744, 0.00709467, -0.00557591, 0.0118669, 0.0109852, 0.00415298, -0.00538128, 0.42092, -0.215393, 0.00415298, -0.00538128, -0.0107192, -0.00829228, 0.020483, -0.0080378, -0.0034991, -0.016953, -0.0031772, -0.0156513, 0.00709467, -0.00557591, -0.012177, -0.00272476, 0.00120009, 0.00869843, -0.0234685, -0.0492054, 0.0830582, -0.0913915, 0.00120009, 0.00869843, -0.026142, 0.00640126, -0.0034991, -0.016953, -0.0788813, -0.055396, -0.0034991, -0.016953, 0.00199523, 0.0118422, 0.0118669, 0.0109852, 0.00120009, 0.00869843, 0.00415298, -0.00538128, -0.0107192, -0.00829228, 0.00415298, -0.00538128, -0.0234685, -0.0492054, 0.00415298, -0.00538128, 0.0830582, -0.0913915, 0.42092, -0.215393, 0.0118669, 0.0109852, -0.0034991, -0.016953, -0.0031772, -0.0156513, -0.0034991, -0.016953, 0.020483, -0.0080378, 0.0118669, 0.0109852, 0.42092, -0.215393, 0.0830582, -0.0913915, 0.42092, -0.215393, 0.020483, -0.0080378, 0.00709467, -0.00557591, 0.00415298, -0.00538128, 0.00120009, 0.00869843, 0.0118669, 0.0109852, -0.0107192, -0.00829228, -0.00100237, -0.00521744, 0.00120009, 0.00869843, -0.012177, -0.00272476, 0.00709467, -0.00557591, 0.00120009, 0.00869843, 0.0118669, 0.0109852, 0.00199523, 0.0118422, -0.0788813, -0.055396, -0.0034991, -0.016953, -0.026142, 0.00640126, -0.0107192, -0.00829228, 0.00120009, 0.00869843, 0.0830582, -0.0913915, -0.0234685, -0.0492054, 0.00415298, -0.00538128, -0.0034991, -0.016953, -0.012177, -0.00272476, -0.0234685, -0.0492054, -0.012177, -0.00272476, 0.00709467, -0.00557591, -0.026142, 0.00640126, 0.00709467, -0.00557591, 0.00120009, 0.00869843, 0.00415298, -0.00538128, 0.00709467, -0.00557591, -0.00100237, -0.00521744, -0.0107192, -0.00829228, 0.0118669, 0.0109852, 0.00199523, 0.0118422, ],]
##############################################################################
clock_duration  =         6068.35
tau =                     1.76882
total_steps =             32
time_step =               0.0552755
best_mc_result =          0.0557203
best_mc_result_non_secondary =          0.058978
evolved_target_dot_squared =  0.94428
distance =          0.0671304
j_protocol =  [[1, 1, 1, 1, 1, 1, 1, 1, 1, 0, 1, 1, 1, 1, 1, 0, 0, 1, 0, 1, 1, 0, 1, 1, 1, 0, 0, 0, 0, 0, 1, 1, ],[1, 1, 1, 1, 1, 1, 1, 1, 1, 1, 0, 1, 1, 1, 0, 1, 0, 1, 1, 0, 0, 1, 1, 1, 0, 1, 0, 0, 0, 0, 1, 1, ],]
k_protocol =  [[1, 1, 0, 1, 0, 1, 1, 1, 1, 1, 1, 1, 1, 1, 1, 1, 1, 1, 1, 1, 1, 1, 1, 1, 1, 1, 1, 1, 1, 1, 1, 1, ],[1, 1, 0, 0, 1, 1, 1, 1, 1, 1, 1, 1, 1, 1, 1, 1, 1, 1, 1, 1, 1, 1, 1, 1, 1, 1, 1, 1, 1, 1, 1, 1, ],]
j_protocol_secondary =  [0.00669415, 0.556876, 0.605549, 0.787894, 0.833661, 0.885027, 0.941497, 0.941497, 0.942369, 1.05902, 1.16138, 1.32131, 1.38425, 1.44249, 1.66794, 1.76882, ]
k_protocol_secondary =  [0, 0.10836, 0.10836, 0.126126, 0.224735, 0.447303, 0.447303, 0.899207, 0.899207, 0.939285, 0.939285, 0.983846, 0.983846, 1.57526, 1.57526, 1.76513, ]
best_evolved_state = [0.00941603, 0.00821524, -0.000377118, 0.021694, 0.0079427, -0.001933, -0.00283109, -0.0015163, 0.000144456, 0.00124367, -0.0205752, -0.0178647, 0.000144456, 0.00124367, 0.0104178, 0.000518937, 0.0092882, 0.0139251, 0.000144456, 0.00124367, -0.00283109, -0.0015163, 0.0079427, -0.001933, -0.000377118, 0.021694, 0.0023208, 0.00487084, 0.312394, 0.362954, 0.0023208, 0.00487084, 0.000144456, 0.00124367, 0.0092882, 0.0139251, 0.0104178, 0.000518937, -0.00248702, -0.00222915, 0.0079427, -0.001933, -0.0046466, -0.00418346, 0.0013027, 0.00912746, 0.0111787, -0.0356295, 0.0881038, 0.0640788, 0.0013027, 0.00912746, -0.0205752, -0.0178647, 0.0104178, 0.000518937, -0.00315334, -0.0964221, 0.0104178, 0.000518937, 0.00941603, 0.00821524, -0.000377118, 0.021694, 0.0013027, 0.00912746, 0.0023208, 0.00487084, 0.000144456, 0.00124367, 0.0023208, 0.00487084, 0.0111787, -0.0356295, 0.0023208, 0.00487084, 0.0881038, 0.0640788, 0.312394, 0.362954, -0.000377118, 0.021694, 0.0104178, 0.000518937, -0.00248702, -0.00222915, 0.0104178, 0.000518937, 0.0092882, 0.0139251, -0.000377118, 0.021694, 0.312394, 0.362954, 0.0881038, 0.0640788, 0.312394, 0.362954, 0.0092882, 0.0139251, 0.0079427, -0.001933, 0.0023208, 0.00487084, 0.0013027, 0.00912746, -0.000377118, 0.021694, 0.000144456, 0.00124367, -0.00283109, -0.0015163, 0.0013027, 0.00912746, -0.0046466, -0.00418346, 0.0079427, -0.001933, 0.0013027, 0.00912746, -0.000377118, 0.021694, 0.00941603, 0.00821524, -0.00315334, -0.0964221, 0.0104178, 0.000518937, -0.0205752, -0.0178647, 0.000144456, 0.00124367, 0.0013027, 0.00912746, 0.0881038, 0.0640788, 0.0111787, -0.0356295, 0.0023208, 0.00487084, 0.0104178, 0.000518937, -0.0046466, -0.00418346, 0.0111787, -0.0356295, -0.0046466, -0.00418346, 0.0079427, -0.001933, -0.0205752, -0.0178647, 0.0079427, -0.001933, 0.0013027, 0.00912746, 0.0023208, 0.00487084, 0.0079427, -0.001933, -0.00283109, -0.0015163, 0.000144456, 0.00124367, -0.000377118, 0.021694, 0.00941603, 0.00821524, ]
best_mc_result_fixed_tau =   [0.0597469, 0.058978, ]
evolved_state_fixed_tau =   [[0.0180429, 0.00493369, -0.000407146, 0.0156113, 0.0107398, -0.00141946, -0.00348769, 0.00332883, 0.00768945, 0.00294136, -0.0250672, -0.019805, 0.00768945, 0.00294136, 0.0108429, 0.00224556, 0.0107058, 0.00248073, 0.00768945, 0.00294136, -0.00348769, 0.00332883, 0.0107398, -0.00141946, -0.000407146, 0.0156113, 0.00304554, -0.000849397, 0.334678, 0.342049, 0.00304554, -0.000849397, 0.00768945, 0.00294136, 0.0107058, 0.00248073, 0.0108429, 0.00224556, 0.00124536, -0.0151597, 0.0107398, -0.00141946, -0.00461471, -0.00417952, 0.000115637, 0.00747398, 0.0139895, -0.035789, 0.0919836, 0.0536387, 0.000115637, 0.00747398, -0.0250672, -0.019805, 0.0108429, 0.00224556, -0.00970382, -0.102247, 0.0108429, 0.00224556, 0.0180429, 0.00493369, -0.000407146, 0.0156113, 0.000115637, 0.00747398, 0.00304554, -0.000849397, 0.00768945, 0.00294136, 0.00304554, -0.000849397, 0.0139895, -0.035789, 0.00304554, -0.000849397, 0.0919836, 0.0536387, 0.334678, 0.342049, -0.000407146, 0.0156113, 0.0108429, 0.00224556, 0.00124536, -0.0151597, 0.0108429, 0.00224556, 0.0107058, 0.00248073, -0.000407146, 0.0156113, 0.334678, 0.342049, 0.0919836, 0.0536387, 0.334678, 0.342049, 0.0107058, 0.00248073, 0.0107398, -0.00141946, 0.00304554, -0.000849397, 0.000115637, 0.00747398, -0.000407146, 0.0156113, 0.00768945, 0.00294136, -0.00348769, 0.00332883, 0.000115637, 0.00747398, -0.00461471, -0.00417952, 0.0107398, -0.00141946, 0.000115637, 0.00747398, -0.000407146, 0.0156113, 0.0180429, 0.00493369, -0.00970382, -0.102247, 0.0108429, 0.00224556, -0.0250672, -0.019805, 0.00768945, 0.00294136, 0.000115637, 0.00747398, 0.0919836, 0.0536387, 0.0139895, -0.035789, 0.00304554, -0.000849397, 0.0108429, 0.00224556, -0.00461471, -0.00417952, 0.0139895, -0.035789, -0.00461471, -0.00417952, 0.0107398, -0.00141946, -0.0250672, -0.019805, 0.0107398, -0.00141946, 0.000115637, 0.00747398, 0.00304554, -0.000849397, 0.0107398, -0.00141946, -0.00348769, 0.00332883, 0.00768945, 0.00294136, -0.000407146, 0.0156113, 0.0180429, 0.00493369, ],[0.00949278, 0.004609, -0.00314609, 0.020148, 0.00630068, -0.00276033, -0.00195284, -0.000251877, 0.00183483, 5.71339e-05, -0.0351832, -0.0248354, 0.00183483, 5.71339e-05, 0.0124023, -0.00681188, 0.0101051, 0.01715, 0.00183483, 5.71339e-05, -0.00195284, -0.000251877, 0.00630068, -0.00276033, -0.00314609, 0.020148, 0.00325421, 0.00552002, 0.324945, 0.351311, 0.00325421, 0.00552002, 0.00183483, 5.71339e-05, 0.0101051, 0.01715, 0.0124023, -0.00681188, 0.00761139, 0.00192803, 0.00630068, -0.00276033, -0.0035967, -0.00610993, -0.000433237, 0.00753651, 0.0176339, -0.0380643, 0.0780563, 0.0608571, -0.000433237, 0.00753651, -0.0351832, -0.0248354, 0.0124023, -0.00681188, -0.0180668, -0.102908, 0.0124023, -0.00681188, 0.00949278, 0.004609, -0.00314609, 0.020148, -0.000433237, 0.00753651, 0.00325421, 0.00552002, 0.00183483, 5.71339e-05, 0.00325421, 0.00552002, 0.0176339, -0.0380643, 0.00325421, 0.00552002, 0.0780563, 0.0608571, 0.324945, 0.351311, -0.00314609, 0.020148, 0.0124023, -0.00681188, 0.00761139, 0.00192803, 0.0124023, -0.00681188, 0.0101051, 0.01715, -0.00314609, 0.020148, 0.324945, 0.351311, 0.0780563, 0.0608571, 0.324945, 0.351311, 0.0101051, 0.01715, 0.00630068, -0.00276033, 0.00325421, 0.00552002, -0.000433237, 0.00753651, -0.00314609, 0.020148, 0.00183483, 5.71339e-05, -0.00195284, -0.000251877, -0.000433237, 0.00753651, -0.0035967, -0.00610993, 0.00630068, -0.00276033, -0.000433237, 0.00753651, -0.00314609, 0.020148, 0.00949278, 0.004609, -0.0180668, -0.102908, 0.0124023, -0.00681188, -0.0351832, -0.0248354, 0.00183483, 5.71339e-05, -0.000433237, 0.00753651, 0.0780563, 0.0608571, 0.0176339, -0.0380643, 0.00325421, 0.00552002, 0.0124023, -0.00681188, -0.0035967, -0.00610993, 0.0176339, -0.0380643, -0.0035967, -0.00610993, 0.00630068, -0.00276033, -0.0351832, -0.0248354, 0.00630068, -0.00276033, -0.000433237, 0.00753651, 0.00325421, 0.00552002, 0.00630068, -0.00276033, -0.00195284, -0.000251877, 0.00183483, 5.71339e-05, -0.00314609, 0.020148, 0.00949278, 0.004609, ],]
##############################################################################
clock_duration  =         7036.62
tau =                     1.9457
total_steps =             32
time_step =               0.0608031
best_mc_result =          0.0450852
best_mc_result_non_secondary =          0.0545367
evolved_target_dot_squared =  0.954915
distance =          0.0543175
j_protocol =  [[1, 1, 1, 1, 1, 1, 1, 1, 1, 1, 1, 1, 0, 0, 1, 1, 1, 0, 1, 0, 0, 1, 1, 1, 0, 0, 0, 0, 1, 0, 0, 1, ],[1, 1, 1, 1, 1, 1, 1, 1, 1, 0, 1, 1, 1, 0, 1, 0, 1, 1, 0, 1, 0, 0, 1, 1, 1, 0, 0, 0, 0, 0, 1, 1, ],]
k_protocol =  [[1, 0, 1, 0, 1, 1, 1, 1, 1, 1, 1, 1, 1, 1, 1, 1, 1, 1, 1, 1, 1, 1, 1, 1, 1, 1, 1, 1, 0, 1, 1, 1, ],[1, 1, 0, 0, 1, 1, 1, 1, 1, 1, 0, 1, 1, 1, 1, 1, 1, 1, 1, 1, 1, 1, 1, 1, 1, 1, 1, 1, 1, 1, 1, 1, ],]
j_protocol_secondary =  [0.00430524, 0.109992, 0.109992, 0.57001, 0.596404, 0.784259, 0.85556, 0.926412, 0.971345, 1.09915, 1.15272, 1.22329, 1.36767, 1.54295, 1.85092, 1.9457, ]
k_protocol_secondary =  [0, 0.125091, 0.238729, 0.246755, 0.246755, 0.374569, 0.374569, 0.431562, 0.431562, 0.608031, 0.608031, 1.51539, 1.51539, 1.85028, 1.85028, 1.94347, ]
best_evolved_state = [0.00716468, 0.00169845, -0.00995176, 0.0154214, 0.00282745, -0.00150586, -0.00484099, -0.00182991, -0.0061271, 0.0101748, 0.00990177, -0.0210774, -0.0061271, 0.0101748, 0.00339282, 0.00803172, -0.00859302, 0.00407279, -0.0061271, 0.0101748, -0.00484099, -0.00182991, 0.00282745, -0.00150586, -0.00995176, 0.0154214, -0.0054826, 0.00132422, -0.212137, 0.433697, -0.0054826, 0.00132422, -0.0061271, 0.0101748, -0.00859302, 0.00407279, 0.00339282, 0.00803172, -0.0143194, -0.0073311, 0.00282745, -0.00150586, -0.00237218, -0.00142434, 0.00171917, 0.00852932, 0.0130506, -0.024267, -0.0189394, 0.0941326, 0.00171917, 0.00852932, 0.00990177, -0.0210774, 0.00339282, 0.00803172, 0.0744681, -0.0625988, 0.00339282, 0.00803172, 0.00716468, 0.00169845, -0.00995176, 0.0154214, 0.00171917, 0.00852932, -0.0054826, 0.00132422, -0.0061271, 0.0101748, -0.0054826, 0.00132422, 0.0130506, -0.024267, -0.0054826, 0.00132422, -0.0189394, 0.0941326, -0.212137, 0.433697, -0.00995176, 0.0154214, 0.00339282, 0.00803172, -0.0143194, -0.0073311, 0.00339282, 0.00803172, -0.00859302, 0.00407279, -0.00995176, 0.0154214, -0.212137, 0.433697, -0.0189394, 0.0941326, -0.212137, 0.433697, -0.00859302, 0.00407279, 0.00282745, -0.00150586, -0.0054826, 0.00132422, 0.00171917, 0.00852932, -0.00995176, 0.0154214, -0.0061271, 0.0101748, -0.00484099, -0.00182991, 0.00171917, 0.00852932, -0.00237218, -0.00142434, 0.00282745, -0.00150586, 0.00171917, 0.00852932, -0.00995176, 0.0154214, 0.00716468, 0.00169845, 0.0744681, -0.0625988, 0.00339282, 0.00803172, 0.00990177, -0.0210774, -0.0061271, 0.0101748, 0.00171917, 0.00852932, -0.0189394, 0.0941326, 0.0130506, -0.024267, -0.0054826, 0.00132422, 0.00339282, 0.00803172, -0.00237218, -0.00142434, 0.0130506, -0.024267, -0.00237218, -0.00142434, 0.00282745, -0.00150586, 0.00990177, -0.0210774, 0.00282745, -0.00150586, 0.00171917, 0.00852932, -0.0054826, 0.00132422, 0.00282745, -0.00150586, -0.00484099, -0.00182991, -0.0061271, 0.0101748, -0.00995176, 0.0154214, 0.00716468, 0.00169845, ]
best_mc_result_fixed_tau =   [0.0556767, 0.0545367, ]
evolved_state_fixed_tau =   [[-0.00323197, 0.00581716, -0.0102662, 0.0241394, 0.00802661, 0.0014001, 0.00425391, -0.00289503, 0.00466611, -0.00363346, -0.00177376, -0.036733, 0.00466611, -0.00363346, -0.00112629, 0.0115503, -0.00685475, 0.0184147, 0.00466611, -0.00363346, 0.00425391, -0.00289503, 0.00802661, 0.0014001, -0.0102662, 0.0241394, -0.00331863, 0.0088267, -0.0478699, 0.477527, -0.00331863, 0.0088267, 0.00466611, -0.00363346, -0.00685475, 0.0184147, -0.00112629, 0.0115503, -0.0180667, -0.012102, 0.00802661, 0.0014001, 0.000217484, -0.000761298, -0.00247757, 0.00921149, 0.0173888, -0.0248915, 0.0169346, 0.0904666, -0.00247757, 0.00921149, -0.00177376, -0.036733, -0.00112629, 0.0115503, 0.0589298, -0.09266, -0.00112629, 0.0115503, -0.00323197, 0.00581716, -0.0102662, 0.0241394, -0.00247757, 0.00921149, -0.00331863, 0.0088267, 0.00466611, -0.00363346, -0.00331863, 0.0088267, 0.0173888, -0.0248915, -0.00331863, 0.0088267, 0.0169346, 0.0904666, -0.0478699, 0.477527, -0.0102662, 0.0241394, -0.00112629, 0.0115503, -0.0180667, -0.012102, -0.00112629, 0.0115503, -0.00685475, 0.0184147, -0.0102662, 0.0241394, -0.0478699, 0.477527, 0.0169346, 0.0904666, -0.0478699, 0.477527, -0.00685475, 0.0184147, 0.00802661, 0.0014001, -0.00331863, 0.0088267, -0.00247757, 0.00921149, -0.0102662, 0.0241394, 0.00466611, -0.00363346, 0.00425391, -0.00289503, -0.00247757, 0.00921149, 0.000217484, -0.000761298, 0.00802661, 0.0014001, -0.00247757, 0.00921149, -0.0102662, 0.0241394, -0.00323197, 0.00581716, 0.0589298, -0.09266, -0.00112629, 0.0115503, -0.00177376, -0.036733, 0.00466611, -0.00363346, -0.00247757, 0.00921149, 0.0169346, 0.0904666, 0.0173888, -0.0248915, -0.00331863, 0.0088267, -0.00112629, 0.0115503, 0.000217484, -0.000761298, 0.0173888, -0.0248915, 0.000217484, -0.000761298, 0.00802661, 0.0014001, -0.00177376, -0.036733, 0.00802661, 0.0014001, -0.00247757, 0.00921149, -0.00331863, 0.0088267, 0.00802661, 0.0014001, 0.00425391, -0.00289503, 0.00466611, -0.00363346, -0.0102662, 0.0241394, -0.00323197, 0.00581716, ],[0.0103985, 0.00172898, -0.0142303, 0.0192597, 0.0074097, 0.00107074, -0.00342346, 0.00285487, 0.00624317, 0.010955, 0.00958096, -0.0341522, 0.00624317, 0.010955, 0.00176049, 0.00959921, -0.0174696, 0.00898932, 0.00624317, 0.010955, -0.00342346, 0.00285487, 0.0074097, 0.00107074, -0.0142303, 0.0192597, -0.00972078, 0.0050563, -0.021827, 0.480869, -0.00972078, 0.0050563, 0.00624317, 0.010955, -0.0174696, 0.00898932, 0.00176049, 0.00959921, -0.0206553, -0.0109361, 0.0074097, 0.00107074, -0.00197194, 0.00112328, 0.000284599, 0.00831848, 0.0115174, -0.0248965, 0.0172894, 0.0795616, 0.000284599, 0.00831848, 0.00958096, -0.0341522, 0.00176049, 0.00959921, 0.066612, -0.094751, 0.00176049, 0.00959921, 0.0103985, 0.00172898, -0.0142303, 0.0192597, 0.000284599, 0.00831848, -0.00972078, 0.0050563, 0.00624317, 0.010955, -0.00972078, 0.0050563, 0.0115174, -0.0248965, -0.00972078, 0.0050563, 0.0172894, 0.0795616, -0.021827, 0.480869, -0.0142303, 0.0192597, 0.00176049, 0.00959921, -0.0206553, -0.0109361, 0.00176049, 0.00959921, -0.0174696, 0.00898932, -0.0142303, 0.0192597, -0.021827, 0.480869, 0.0172894, 0.0795616, -0.021827, 0.480869, -0.0174696, 0.00898932, 0.0074097, 0.00107074, -0.00972078, 0.0050563, 0.000284599, 0.00831848, -0.0142303, 0.0192597, 0.00624317, 0.010955, -0.00342346, 0.00285487, 0.000284599, 0.00831848, -0.00197194, 0.00112328, 0.0074097, 0.00107074, 0.000284599, 0.00831848, -0.0142303, 0.0192597, 0.0103985, 0.00172898, 0.066612, -0.094751, 0.00176049, 0.00959921, 0.00958096, -0.0341522, 0.00624317, 0.010955, 0.000284599, 0.00831848, 0.0172894, 0.0795616, 0.0115174, -0.0248965, -0.00972078, 0.0050563, 0.00176049, 0.00959921, -0.00197194, 0.00112328, 0.0115174, -0.0248965, -0.00197194, 0.00112328, 0.0074097, 0.00107074, 0.00958096, -0.0341522, 0.0074097, 0.00107074, 0.000284599, 0.00831848, -0.00972078, 0.0050563, 0.0074097, 0.00107074, -0.00342346, 0.00285487, 0.00624317, 0.010955, -0.0142303, 0.0192597, 0.0103985, 0.00172898, ],]
##############################################################################
clock_duration  =         8054.69
tau =                     2.14027
total_steps =             32
time_step =               0.0668834
best_mc_result =          0.0352603
best_mc_result_non_secondary =          0.047561
evolved_target_dot_squared =  0.96474
distance =          0.0424807
j_protocol =  [[1, 1, 1, 1, 1, 1, 1, 1, 1, 1, 1, 1, 0, 0, 1, 1, 1, 0, 0, 1, 1, 0, 0, 1, 0, 1, 0, 0, 0, 0, 1, 0, ],[1, 1, 1, 1, 1, 1, 0, 1, 1, 1, 0, 1, 0, 1, 1, 1, 0, 0, 0, 1, 1, 1, 0, 0, 1, 0, 1, 0, 0, 0, 0, 1, ],]
k_protocol =  [[1, 1, 0, 0, 1, 1, 1, 1, 1, 1, 1, 1, 1, 1, 1, 1, 1, 1, 1, 1, 1, 1, 1, 1, 1, 1, 1, 1, 1, 1, 0, 1, ],[1, 1, 0, 0, 1, 1, 1, 1, 0, 1, 1, 1, 1, 1, 1, 0, 1, 1, 1, 1, 1, 1, 1, 1, 1, 1, 1, 1, 1, 1, 1, 0, ],]
j_protocol_secondary =  [0.00518306, 0.57502, 0.588192, 0.810099, 0.915768, 1.14293, 1.28176, 1.3945, 1.5302, 1.60607, 1.67059, 1.74444, 2.03836, 2.08755, 2.1062, 2.14027, ]
k_protocol_secondary =  [0, 0.121824, 0.238779, 0.253153, 0.261307, 0.78497, 0.78497, 0.863498, 0.863498, 1.94513, 1.94513, 2.06134, 2.06134, 2.06626, 2.06626, 2.13591, ]
best_evolved_state = [-0.00305068, -0.00328128, -0.0108398, 0.00416518, -0.00334044, -0.00473456, -0.00257992, -0.00137915, -0.00985602, 0.00677566, 0.017865, 0.00245571, -0.00985602, 0.00677566, -0.00258107, 0.00405308, -0.0098723, -0.0150482, -0.00985602, 0.00677566, -0.00257992, -0.00137915, -0.00334044, -0.00473456, -0.0108398, 0.00416518, -0.00567257, -0.00736776, -0.479843, -0.0779255, -0.00567257, -0.00736776, -0.00985602, 0.00677566, -0.0098723, -0.0150482, -0.00258107, 0.00405308, -0.012467, -0.0224247, -0.00334044, -0.00473456, -0.00147284, 0.000312652, 0.0023001, 0.00612021, 0.016404, -0.0225163, -0.0824469, 0.0143928, 0.0023001, 0.00612021, 0.017865, 0.00245571, -0.00258107, 0.00405308, 0.0858472, 0.0235137, -0.00258107, 0.00405308, -0.00305068, -0.00328128, -0.0108398, 0.00416518, 0.0023001, 0.00612021, -0.00567257, -0.00736776, -0.00985602, 0.00677566, -0.00567257, -0.00736776, 0.016404, -0.0225163, -0.00567257, -0.00736776, -0.0824469, 0.0143928, -0.479843, -0.0779255, -0.0108398, 0.00416518, -0.00258107, 0.00405308, -0.012467, -0.0224247, -0.00258107, 0.00405308, -0.0098723, -0.0150482, -0.0108398, 0.00416518, -0.479843, -0.0779255, -0.0824469, 0.0143928, -0.479843, -0.0779255, -0.0098723, -0.0150482, -0.00334044, -0.00473456, -0.00567257, -0.00736776, 0.0023001, 0.00612021, -0.0108398, 0.00416518, -0.00985602, 0.00677566, -0.00257992, -0.00137915, 0.0023001, 0.00612021, -0.00147284, 0.000312652, -0.00334044, -0.00473456, 0.0023001, 0.00612021, -0.0108398, 0.00416518, -0.00305068, -0.00328128, 0.0858472, 0.0235137, -0.00258107, 0.00405308, 0.017865, 0.00245571, -0.00985602, 0.00677566, 0.0023001, 0.00612021, -0.0824469, 0.0143928, 0.016404, -0.0225163, -0.00567257, -0.00736776, -0.00258107, 0.00405308, -0.00147284, 0.000312652, 0.016404, -0.0225163, -0.00147284, 0.000312652, -0.00334044, -0.00473456, 0.017865, 0.00245571, -0.00334044, -0.00473456, 0.0023001, 0.00612021, -0.00567257, -0.00736776, -0.00334044, -0.00473456, -0.00257992, -0.00137915, -0.00985602, 0.00677566, -0.0108398, 0.00416518, -0.00305068, -0.00328128, ]
best_mc_result_fixed_tau =   [0.047561, 0.0485195, ]
evolved_state_fixed_tau =   [[0.000759941, -0.00698491, -0.00707764, 0.013017, 0.00469812, -0.00511842, 0.000696125, 0.00129062, 0.00127651, 0.00678739, 0.031736, -0.0112432, 0.00127651, 0.00678739, -0.00579727, 0.0255779, -0.0135377, 0.00131696, 0.00127651, 0.00678739, 0.000696125, 0.00129062, 0.00469812, -0.00511842, -0.00707764, 0.013017, -0.00615721, 0.00193824, -0.467063, 0.123084, -0.00615721, 0.00193824, 0.00127651, 0.00678739, -0.0135377, 0.00131696, -0.00579727, 0.0255779, -0.0269626, -0.00791335, 0.00469812, -0.00511842, 0.0012233, 0.00255953, 0.00295047, 0.00673739, 0.00882784, -0.00962138, -0.0667518, 0.0462306, 0.00295047, 0.00673739, 0.031736, -0.0112432, -0.00579727, 0.0255779, 0.108525, -0.0125652, -0.00579727, 0.0255779, 0.000759941, -0.00698491, -0.00707764, 0.013017, 0.00295047, 0.00673739, -0.00615721, 0.00193824, 0.00127651, 0.00678739, -0.00615721, 0.00193824, 0.00882784, -0.00962138, -0.00615721, 0.00193824, -0.0667518, 0.0462306, -0.467063, 0.123084, -0.00707764, 0.013017, -0.00579727, 0.0255779, -0.0269626, -0.00791335, -0.00579727, 0.0255779, -0.0135377, 0.00131696, -0.00707764, 0.013017, -0.467063, 0.123084, -0.0667518, 0.0462306, -0.467063, 0.123084, -0.0135377, 0.00131696, 0.00469812, -0.00511842, -0.00615721, 0.00193824, 0.00295047, 0.00673739, -0.00707764, 0.013017, 0.00127651, 0.00678739, 0.000696125, 0.00129062, 0.00295047, 0.00673739, 0.0012233, 0.00255953, 0.00469812, -0.00511842, 0.00295047, 0.00673739, -0.00707764, 0.013017, 0.000759941, -0.00698491, 0.108525, -0.0125652, -0.00579727, 0.0255779, 0.031736, -0.0112432, 0.00127651, 0.00678739, 0.00295047, 0.00673739, -0.0667518, 0.0462306, 0.00882784, -0.00962138, -0.00615721, 0.00193824, -0.00579727, 0.0255779, 0.0012233, 0.00255953, 0.00882784, -0.00962138, 0.0012233, 0.00255953, 0.00469812, -0.00511842, 0.031736, -0.0112432, 0.00469812, -0.00511842, 0.00295047, 0.00673739, -0.00615721, 0.00193824, 0.00469812, -0.00511842, 0.000696125, 0.00129062, 0.00127651, 0.00678739, -0.00707764, 0.013017, 0.000759941, -0.00698491, ],[0.0109046, 0.00102558, -0.0100623, 0.0126036, 0.00262871, -0.00372331, -0.00580455, -0.00119673, -0.00545729, 0.00792637, -0.00660284, -0.0297838, -0.00545729, 0.00792637, 0.0142798, 0.00160254, -0.00524155, 0.00473283, -0.00545729, 0.00792637, -0.00580455, -0.00119673, 0.00262871, -0.00372331, -0.0100623, 0.0126036, -0.00381633, -0.000270755, -0.10577, 0.470353, -0.00381633, -0.000270755, -0.00545729, 0.00792637, -0.00524155, 0.00473283, 0.0142798, 0.00160254, -0.00540853, -0.000622633, 0.00262871, -0.00372331, -0.00239111, -0.00527434, 0.00194317, 0.00765269, 0.0228949, -0.0272843, 0.001979, 0.0966557, 0.00194317, 0.00765269, -0.00660284, -0.0297838, 0.0142798, 0.00160254, 0.0481574, -0.0813385, 0.0142798, 0.00160254, 0.0109046, 0.00102558, -0.0100623, 0.0126036, 0.00194317, 0.00765269, -0.00381633, -0.000270755, -0.00545729, 0.00792637, -0.00381633, -0.000270755, 0.0228949, -0.0272843, -0.00381633, -0.000270755, 0.001979, 0.0966557, -0.10577, 0.470353, -0.0100623, 0.0126036, 0.0142798, 0.00160254, -0.00540853, -0.000622633, 0.0142798, 0.00160254, -0.00524155, 0.00473283, -0.0100623, 0.0126036, -0.10577, 0.470353, 0.001979, 0.0966557, -0.10577, 0.470353, -0.00524155, 0.00473283, 0.00262871, -0.00372331, -0.00381633, -0.000270755, 0.00194317, 0.00765269, -0.0100623, 0.0126036, -0.00545729, 0.00792637, -0.00580455, -0.00119673, 0.00194317, 0.00765269, -0.00239111, -0.00527434, 0.00262871, -0.00372331, 0.00194317, 0.00765269, -0.0100623, 0.0126036, 0.0109046, 0.00102558, 0.0481574, -0.0813385, 0.0142798, 0.00160254, -0.00660284, -0.0297838, -0.00545729, 0.00792637, 0.00194317, 0.00765269, 0.001979, 0.0966557, 0.0228949, -0.0272843, -0.00381633, -0.000270755, 0.0142798, 0.00160254, -0.00239111, -0.00527434, 0.0228949, -0.0272843, -0.00239111, -0.00527434, 0.00262871, -0.00372331, -0.00660284, -0.0297838, 0.00262871, -0.00372331, 0.00194317, 0.00765269, -0.00381633, -0.000270755, 0.00262871, -0.00372331, -0.00580455, -0.00119673, -0.00545729, 0.00792637, -0.0100623, 0.0126036, 0.0109046, 0.00102558, ],]
##############################################################################
clock_duration  =         9018.82
tau =                     2.3543
total_steps =             32
time_step =               0.0735717
best_mc_result =          0.0264453
best_mc_result_non_secondary =          0.0404662
evolved_target_dot_squared =  0.973555
distance =          0.0318606
j_protocol =  [[0, 1, 1, 1, 1, 0, 1, 1, 1, 1, 1, 1, 0, 1, 1, 1, 1, 0, 0, 1, 1, 0, 0, 1, 1, 0, 0, 0, 1, 0, 0, 1, ],[1, 1, 1, 1, 1, 1, 1, 1, 1, 1, 1, 0, 1, 1, 0, 0, 1, 1, 0, 0, 1, 1, 0, 0, 0, 1, 1, 0, 0, 0, 0, 1, ],]
k_protocol =  [[1, 0, 0, 0, 0, 1, 1, 1, 0, 1, 1, 1, 1, 1, 1, 1, 1, 1, 1, 1, 1, 1, 1, 1, 1, 1, 1, 1, 1, 1, 1, 1, ],[1, 1, 0, 0, 1, 1, 1, 1, 1, 1, 1, 1, 1, 0, 1, 1, 1, 1, 1, 1, 1, 1, 1, 1, 1, 1, 1, 1, 1, 1, 1, 1, ],]
j_protocol_secondary =  [0.00476089, 0.115829, 0.115829, 0.787705, 0.872993, 1.08425, 1.16759, 1.29729, 1.39556, 1.41007, 1.48982, 1.60948, 1.84438, 1.95369, 2.28274, 2.3543, ]
k_protocol_secondary =  [0, 0.125019, 0.245047, 0.266196, 0.271084, 0.824052, 0.824052, 0.974143, 0.974143, 1.36741, 1.36741, 1.4068, 1.4068, 1.97862, 1.97862, 2.35079, ]
best_evolved_state = [-0.00564297, -0.000335324, 0.000493282, 0.00141341, -0.00533651, -0.00855582, -0.00151873, -0.000745801, -0.00675438, 5.31029e-05, -0.0055134, 0.0125803, -0.00675438, 5.31029e-05, 0.000961477, 0.00306948, 0.0109097, -0.0194967, -0.00675438, 5.31029e-05, -0.00151873, -0.000745801, -0.00533651, -0.00855582, 0.000493282, 0.00141341, 0.00543497, -0.00871583, 0.0136531, -0.489157, 0.00543497, -0.00871583, -0.00675438, 5.31029e-05, 0.0109097, -0.0194967, 0.000961477, 0.00306948, 0.00308154, -0.0235858, -0.00533651, -0.00855582, -3.97599e-05, 0.00206505, 0.0040292, 0.00382669, 0.02967, -0.0191083, -0.0235962, -0.0648446, 0.0040292, 0.00382669, -0.0055134, 0.0125803, 0.000961477, 0.00306948, 0.0144172, 0.0751742, 0.000961477, 0.00306948, -0.00564297, -0.000335324, 0.000493282, 0.00141341, 0.0040292, 0.00382669, 0.00543497, -0.00871583, -0.00675438, 5.31029e-05, 0.00543497, -0.00871583, 0.02967, -0.0191083, 0.00543497, -0.00871583, -0.0235962, -0.0648446, 0.0136531, -0.489157, 0.000493282, 0.00141341, 0.000961477, 0.00306948, 0.00308154, -0.0235858, 0.000961477, 0.00306948, 0.0109097, -0.0194967, 0.000493282, 0.00141341, 0.0136531, -0.489157, -0.0235962, -0.0648446, 0.0136531, -0.489157, 0.0109097, -0.0194967, -0.00533651, -0.00855582, 0.00543497, -0.00871583, 0.0040292, 0.00382669, 0.000493282, 0.00141341, -0.00675438, 5.31029e-05, -0.00151873, -0.000745801, 0.0040292, 0.00382669, -3.97599e-05, 0.00206505, -0.00533651, -0.00855582, 0.0040292, 0.00382669, 0.000493282, 0.00141341, -0.00564297, -0.000335324, 0.0144172, 0.0751742, 0.000961477, 0.00306948, -0.0055134, 0.0125803, -0.00675438, 5.31029e-05, 0.0040292, 0.00382669, -0.0235962, -0.0648446, 0.02967, -0.0191083, 0.00543497, -0.00871583, 0.000961477, 0.00306948, -3.97599e-05, 0.00206505, 0.02967, -0.0191083, -3.97599e-05, 0.00206505, -0.00533651, -0.00855582, -0.0055134, 0.0125803, -0.00533651, -0.00855582, 0.0040292, 0.00382669, 0.00543497, -0.00871583, -0.00533651, -0.00855582, -0.00151873, -0.000745801, -0.00675438, 5.31029e-05, 0.000493282, 0.00141341, -0.00564297, -0.000335324, ]
best_mc_result_fixed_tau =   [0.043615, 0.0404662, ]
evolved_state_fixed_tau =   [[0.000953983, 0.0140953, -0.0158355, -0.0116791, -0.00678505, 0.00208004, -0.00636341, -0.00605693, -0.00979837, 0.00250984, 0.0159889, 0.0200577, -0.00979837, 0.00250984, 0.00119277, -0.00226097, -0.0106752, -0.0287777, -0.00979837, 0.00250984, -0.00636341, -0.00605693, -0.00678505, 0.00208004, -0.0158355, -0.0116791, -0.0059109, -0.0145397, -0.412201, -0.251127, -0.0059109, -0.0145397, -0.00979837, 0.00250984, -0.0106752, -0.0287777, 0.00119277, -0.00226097, 0.0079304, -0.0359631, -0.00678505, 0.00208004, -0.00114662, -0.000301563, -0.00407636, 0.00462562, 0.0162022, -0.012602, -0.0848754, -0.0304524, -0.00407636, 0.00462562, 0.0159889, 0.0200577, 0.00119277, -0.00226097, 0.0668079, 0.0636218, 0.00119277, -0.00226097, 0.000953983, 0.0140953, -0.0158355, -0.0116791, -0.00407636, 0.00462562, -0.0059109, -0.0145397, -0.00979837, 0.00250984, -0.0059109, -0.0145397, 0.0162022, -0.012602, -0.0059109, -0.0145397, -0.0848754, -0.0304524, -0.412201, -0.251127, -0.0158355, -0.0116791, 0.00119277, -0.00226097, 0.0079304, -0.0359631, 0.00119277, -0.00226097, -0.0106752, -0.0287777, -0.0158355, -0.0116791, -0.412201, -0.251127, -0.0848754, -0.0304524, -0.412201, -0.251127, -0.0106752, -0.0287777, -0.00678505, 0.00208004, -0.0059109, -0.0145397, -0.00407636, 0.00462562, -0.0158355, -0.0116791, -0.00979837, 0.00250984, -0.00636341, -0.00605693, -0.00407636, 0.00462562, -0.00114662, -0.000301563, -0.00678505, 0.00208004, -0.00407636, 0.00462562, -0.0158355, -0.0116791, 0.000953983, 0.0140953, 0.0668079, 0.0636218, 0.00119277, -0.00226097, 0.0159889, 0.0200577, -0.00979837, 0.00250984, -0.00407636, 0.00462562, -0.0848754, -0.0304524, 0.0162022, -0.012602, -0.0059109, -0.0145397, 0.00119277, -0.00226097, -0.00114662, -0.000301563, 0.0162022, -0.012602, -0.00114662, -0.000301563, -0.00678505, 0.00208004, 0.0159889, 0.0200577, -0.00678505, 0.00208004, -0.00407636, 0.00462562, -0.0059109, -0.0145397, -0.00678505, 0.00208004, -0.00636341, -0.00605693, -0.00979837, 0.00250984, -0.0158355, -0.0116791, 0.000953983, 0.0140953, ],[-0.00698714, -0.012308, -0.00789949, 0.000763407, -0.00866394, -0.00841254, -0.00409308, 0.00897818, -0.00808974, 0.0177334, 0.00532715, 0.0224928, -0.00808974, 0.0177334, -0.00923797, -0.000912117, -0.00914353, -0.0159941, -0.00808974, 0.0177334, -0.00409308, 0.00897818, -0.00866394, -0.00841254, -0.00789949, 0.000763407, -0.00503773, -0.00776283, -0.172093, -0.452315, -0.00503773, -0.00776283, -0.00808974, 0.0177334, -0.00914353, -0.0159941, -0.00923797, -0.000912117, -0.00786584, -0.00262248, -0.00866394, -0.00841254, -0.000931936, 0.000468434, 0.00705977, 0.0018456, 0.0140815, -0.0256956, -0.0417172, -0.0814784, 0.00705977, 0.0018456, 0.00532715, 0.0224928, -0.00923797, -0.000912117, 0.0415715, 0.0756104, -0.00923797, -0.000912117, -0.00698714, -0.012308, -0.00789949, 0.000763407, 0.00705977, 0.0018456, -0.00503773, -0.00776283, -0.00808974, 0.0177334, -0.00503773, -0.00776283, 0.0140815, -0.0256956, -0.00503773, -0.00776283, -0.0417172, -0.0814784, -0.172093, -0.452315, -0.00789949, 0.000763407, -0.00923797, -0.000912117, -0.00786584, -0.00262248, -0.00923797, -0.000912117, -0.00914353, -0.0159941, -0.00789949, 0.000763407, -0.172093, -0.452315, -0.0417172, -0.0814784, -0.172093, -0.452315, -0.00914353, -0.0159941, -0.00866394, -0.00841254, -0.00503773, -0.00776283, 0.00705977, 0.0018456, -0.00789949, 0.000763407, -0.00808974, 0.0177334, -0.00409308, 0.00897818, 0.00705977, 0.0018456, -0.000931936, 0.000468434, -0.00866394, -0.00841254, 0.00705977, 0.0018456, -0.00789949, 0.000763407, -0.00698714, -0.012308, 0.0415715, 0.0756104, -0.00923797, -0.000912117, 0.00532715, 0.0224928, -0.00808974, 0.0177334, 0.00705977, 0.0018456, -0.0417172, -0.0814784, 0.0140815, -0.0256956, -0.00503773, -0.00776283, -0.00923797, -0.000912117, -0.000931936, 0.000468434, 0.0140815, -0.0256956, -0.000931936, 0.000468434, -0.00866394, -0.00841254, 0.00532715, 0.0224928, -0.00866394, -0.00841254, 0.00705977, 0.0018456, -0.00503773, -0.00776283, -0.00866394, -0.00841254, -0.00409308, 0.00897818, -0.00808974, 0.0177334, -0.00789949, 0.000763407, -0.00698714, -0.012308, ],]
##############################################################################
clock_duration  =         10036.5
tau =                     2.58973
total_steps =             32
time_step =               0.0809289
best_mc_result =          0.021781
best_mc_result_non_secondary =          0.0314354
evolved_target_dot_squared =  0.978219
distance =          0.0262412
j_protocol =  [[1, 1, 1, 1, 1, 1, 1, 1, 1, 1, 1, 0, 0, 1, 1, 1, 0, 0, 1, 1, 0, 0, 0, 1, 0, 1, 0, 0, 0, 0, 1, 0, ],[1, 1, 1, 1, 1, 0, 1, 1, 1, 1, 0, 1, 1, 1, 1, 0, 0, 1, 1, 1, 0, 0, 0, 0, 1, 1, 0, 0, 0, 0, 0, 1, ],]
k_protocol =  [[1, 0, 1, 0, 1, 1, 1, 1, 1, 1, 0, 1, 1, 1, 1, 1, 1, 1, 1, 1, 1, 1, 1, 1, 1, 1, 1, 1, 1, 1, 1, 1, ],[1, 0, 1, 0, 1, 1, 0, 1, 1, 1, 1, 1, 1, 1, 1, 1, 1, 1, 1, 1, 1, 1, 1, 1, 1, 1, 1, 1, 1, 1, 1, 1, ],]
j_protocol_secondary =  [0.00433194, 0.34075, 0.34075, 0.44748, 0.45332, 0.822506, 0.916375, 1.20955, 1.39848, 1.58692, 1.9524, 2.09399, 2.31753, 2.31753, 2.50721, 2.58973, ]
k_protocol_secondary =  [0, 0.0928914, 0.176096, 0.25595, 0.300804, 0.41041, 0.41041, 0.545274, 0.545274, 0.889517, 0.889517, 1.15955, 1.15955, 1.22781, 1.22781, 2.58483, ]
best_evolved_state = [0.0032963, 0.00304111, 0.00232208, 0.0138457, -0.00061848, -0.00655381, -0.00379343, 0.00259931, 0.00245238, 0.000368762, -0.0106342, -0.00884223, 0.00245238, 0.000368762, -0.000554558, 0.0102263, 0.0167435, 0.000843134, 0.00245238, 0.000368762, -0.00379343, 0.00259931, -0.00061848, -0.00655381, 0.00232208, 0.0138457, 0.00849292, 0.00348593, 0.490046, -0.0423592, 0.00849292, 0.00348593, 0.00245238, 0.000368762, 0.0167435, 0.000843134, -0.000554558, 0.0102263, 0.00175597, -0.0136713, -0.00061848, -0.00655381, 0.000242382, 0.00612873, 0.00422039, 0.00323958, 0.0416648, 0.00263704, 0.0468855, -0.0220807, 0.00422039, 0.00323958, -0.0106342, -0.00884223, -0.000554558, 0.0102263, -0.0511964, 0.0386435, -0.000554558, 0.0102263, 0.0032963, 0.00304111, 0.00232208, 0.0138457, 0.00422039, 0.00323958, 0.00849292, 0.00348593, 0.00245238, 0.000368762, 0.00849292, 0.00348593, 0.0416648, 0.00263704, 0.00849292, 0.00348593, 0.0468855, -0.0220807, 0.490046, -0.0423592, 0.00232208, 0.0138457, -0.000554558, 0.0102263, 0.00175597, -0.0136713, -0.000554558, 0.0102263, 0.0167435, 0.000843134, 0.00232208, 0.0138457, 0.490046, -0.0423592, 0.0468855, -0.0220807, 0.490046, -0.0423592, 0.0167435, 0.000843134, -0.00061848, -0.00655381, 0.00849292, 0.00348593, 0.00422039, 0.00323958, 0.00232208, 0.0138457, 0.00245238, 0.000368762, -0.00379343, 0.00259931, 0.00422039, 0.00323958, 0.000242382, 0.00612873, -0.00061848, -0.00655381, 0.00422039, 0.00323958, 0.00232208, 0.0138457, 0.0032963, 0.00304111, -0.0511964, 0.0386435, -0.000554558, 0.0102263, -0.0106342, -0.00884223, 0.00245238, 0.000368762, 0.00422039, 0.00323958, 0.0468855, -0.0220807, 0.0416648, 0.00263704, 0.00849292, 0.00348593, -0.000554558, 0.0102263, 0.000242382, 0.00612873, 0.0416648, 0.00263704, 0.000242382, 0.00612873, -0.00061848, -0.00655381, -0.0106342, -0.00884223, -0.00061848, -0.00655381, 0.00422039, 0.00323958, 0.00849292, 0.00348593, -0.00061848, -0.00655381, -0.00379343, 0.00259931, 0.00245238, 0.000368762, 0.00232208, 0.0138457, 0.0032963, 0.00304111, ]
best_mc_result_fixed_tau =   [0.0324896, 0.0314354, ]
evolved_state_fixed_tau =   [[-0.00855996, 0.00242389, 0.00198841, 0.00547774, -0.0044964, -0.00425545, 0.00719983, 0.00247764, 0.00972094, 0.0035277, -0.0272709, -0.00345587, 0.00972094, 0.0035277, -0.00371119, -0.0116265, 0.024996, -0.00863827, 0.00972094, 0.0035277, 0.00719983, 0.00247764, -0.0044964, -0.00425545, 0.00198841, 0.00547774, 0.0104865, -0.00293668, 0.445971, -0.196447, 0.0104865, -0.00293668, 0.00972094, 0.0035277, 0.024996, -0.00863827, -0.00371119, -0.0116265, 0.0373573, -0.0204308, -0.0044964, -0.00425545, -0.00402298, 0.00276491, 0.000893563, 9.18294e-06, 0.0345997, -0.0131678, 0.0461511, -0.0522162, 0.000893563, 9.18294e-06, -0.0272709, -0.00345587, -0.00371119, -0.0116265, -0.0543257, 0.0528768, -0.00371119, -0.0116265, -0.00855996, 0.00242389, 0.00198841, 0.00547774, 0.000893563, 9.18294e-06, 0.0104865, -0.00293668, 0.00972094, 0.0035277, 0.0104865, -0.00293668, 0.0345997, -0.0131678, 0.0104865, -0.00293668, 0.0461511, -0.0522162, 0.445971, -0.196447, 0.00198841, 0.00547774, -0.00371119, -0.0116265, 0.0373573, -0.0204308, -0.00371119, -0.0116265, 0.024996, -0.00863827, 0.00198841, 0.00547774, 0.445971, -0.196447, 0.0461511, -0.0522162, 0.445971, -0.196447, 0.024996, -0.00863827, -0.0044964, -0.00425545, 0.0104865, -0.00293668, 0.000893563, 9.18294e-06, 0.00198841, 0.00547774, 0.00972094, 0.0035277, 0.00719983, 0.00247764, 0.000893563, 9.18294e-06, -0.00402298, 0.00276491, -0.0044964, -0.00425545, 0.000893563, 9.18294e-06, 0.00198841, 0.00547774, -0.00855996, 0.00242389, -0.0543257, 0.0528768, -0.00371119, -0.0116265, -0.0272709, -0.00345587, 0.00972094, 0.0035277, 0.000893563, 9.18294e-06, 0.0461511, -0.0522162, 0.0345997, -0.0131678, 0.0104865, -0.00293668, -0.00371119, -0.0116265, -0.00402298, 0.00276491, 0.0345997, -0.0131678, -0.00402298, 0.00276491, -0.0044964, -0.00425545, -0.0272709, -0.00345587, -0.0044964, -0.00425545, 0.000893563, 9.18294e-06, 0.0104865, -0.00293668, -0.0044964, -0.00425545, 0.00719983, 0.00247764, 0.00972094, 0.0035277, 0.00198841, 0.00547774, -0.00855996, 0.00242389, ],[0.00164156, -0.00933148, 0.0026025, 0.00807458, -0.000818979, -0.00771026, -0.00548403, 0.0130615, -0.000135864, 0.00918529, -0.0057124, -0.00796292, -0.000135864, 0.00918529, -0.000577798, 0.0115801, 0.0179684, 0.000521922, -0.000135864, 0.00918529, -0.00548403, 0.0130615, -0.000818979, -0.00771026, 0.0026025, 0.00807458, 0.00960136, 0.000792651, 0.406809, -0.268276, 0.00960136, 0.000792651, -0.000135864, 0.00918529, 0.0179684, 0.000521922, -0.000577798, 0.0115801, 0.00738074, 0.00455792, -0.000818979, -0.00771026, 0.0012343, 0.00106338, 0.00788018, 0.00375991, 0.0383679, -0.00178321, 0.0477171, -0.0726826, 0.00788018, 0.00375991, -0.0057124, -0.00796292, -0.000577798, 0.0115801, -0.0285949, 0.0510113, -0.000577798, 0.0115801, 0.00164156, -0.00933148, 0.0026025, 0.00807458, 0.00788018, 0.00375991, 0.00960136, 0.000792651, -0.000135864, 0.00918529, 0.00960136, 0.000792651, 0.0383679, -0.00178321, 0.00960136, 0.000792651, 0.0477171, -0.0726826, 0.406809, -0.268276, 0.0026025, 0.00807458, -0.000577798, 0.0115801, 0.00738074, 0.00455792, -0.000577798, 0.0115801, 0.0179684, 0.000521922, 0.0026025, 0.00807458, 0.406809, -0.268276, 0.0477171, -0.0726826, 0.406809, -0.268276, 0.0179684, 0.000521922, -0.000818979, -0.00771026, 0.00960136, 0.000792651, 0.00788018, 0.00375991, 0.0026025, 0.00807458, -0.000135864, 0.00918529, -0.00548403, 0.0130615, 0.00788018, 0.00375991, 0.0012343, 0.00106338, -0.000818979, -0.00771026, 0.00788018, 0.00375991, 0.0026025, 0.00807458, 0.00164156, -0.00933148, -0.0285949, 0.0510113, -0.000577798, 0.0115801, -0.0057124, -0.00796292, -0.000135864, 0.00918529, 0.00788018, 0.00375991, 0.0477171, -0.0726826, 0.0383679, -0.00178321, 0.00960136, 0.000792651, -0.000577798, 0.0115801, 0.0012343, 0.00106338, 0.0383679, -0.00178321, 0.0012343, 0.00106338, -0.000818979, -0.00771026, -0.0057124, -0.00796292, -0.000818979, -0.00771026, 0.00788018, 0.00375991, 0.00960136, 0.000792651, -0.000818979, -0.00771026, -0.00548403, 0.0130615, -0.000135864, 0.00918529, 0.0026025, 0.00807458, 0.00164156, -0.00933148, ],]
##############################################################################
clock_duration  =         11176.7
tau =                     2.8487
total_steps =             32
time_step =               0.0890218
best_mc_result =          0.0200085
best_mc_result_non_secondary =          0.0372381
evolved_target_dot_squared =  0.979992
distance =          0.0241057
j_protocol =  [[1, 1, 1, 1, 1, 0, 0, 1, 1, 1, 0, 0, 1, 1, 1, 0, 1, 0, 1, 0, 0, 0, 1, 1, 0, 0, 0, 0, 0, 1, 0, 0, ],[1, 1, 1, 1, 1, 1, 0, 0, 1, 1, 1, 0, 1, 0, 1, 1, 0, 0, 1, 0, 0, 1, 0, 0, 1, 0, 0, 0, 0, 0, 1, 0, ],]
k_protocol =  [[1, 0, 1, 0, 1, 1, 1, 0, 0, 1, 1, 1, 1, 1, 1, 1, 1, 1, 0, 1, 1, 1, 1, 1, 1, 1, 1, 1, 1, 0, 1, 1, ],[1, 0, 1, 1, 0, 1, 1, 1, 0, 1, 1, 1, 1, 1, 0, 1, 1, 1, 0, 1, 1, 1, 1, 1, 0, 1, 1, 1, 1, 1, 0, 1, ],]
j_protocol_secondary =  [0, 0.613559, 0.709998, 0.978527, 1.05629, 1.19221, 1.24977, 1.42432, 1.58468, 1.69684, 1.8781, 1.9382, 2.13401, 2.2356, 2.67218, 2.75316, ]
k_protocol_secondary =  [0, 0.0820179, 0.19594, 0.378959, 0.42993, 0.700615, 0.760955, 1.2941, 1.2941, 1.62373, 1.62373, 2.23094, 2.25332, 2.68187, 2.76656, 2.83869, ]
best_evolved_state = [-0.00710211, 0.00507843, -0.00190669, 0.0153517, -0.0001041, -0.00745876, 0.00536225, 0.00207076, 0.0073977, -0.00101064, -0.0047342, -0.0130939, 0.0073977, -0.00101064, -0.0040847, 0.0084224, 0.0130184, 0.00816974, 0.0073977, -0.00101064, 0.00536225, 0.00207076, -0.0001041, -0.00745876, -0.00190669, 0.0153517, 0.00576465, 0.00707951, 0.449268, 0.201773, 0.00576465, 0.00707951, 0.0073977, -0.00101064, 0.0130184, 0.00816974, -0.0040847, 0.0084224, 0.00455133, -0.00678187, -0.0001041, -0.00745876, -0.00148911, 0.00598929, 0.00450925, 0.00150867, 0.0375729, 0.0140487, 0.049202, 0.00202924, 0.00450925, 0.00150867, -0.0047342, -0.0130939, -0.0040847, 0.0084224, -0.0559004, 0.0173271, -0.0040847, 0.0084224, -0.00710211, 0.00507843, -0.00190669, 0.0153517, 0.00450925, 0.00150867, 0.00576465, 0.00707951, 0.0073977, -0.00101064, 0.00576465, 0.00707951, 0.0375729, 0.0140487, 0.00576465, 0.00707951, 0.049202, 0.00202924, 0.449268, 0.201773, -0.00190669, 0.0153517, -0.0040847, 0.0084224, 0.00455133, -0.00678187, -0.0040847, 0.0084224, 0.0130184, 0.00816974, -0.00190669, 0.0153517, 0.449268, 0.201773, 0.049202, 0.00202924, 0.449268, 0.201773, 0.0130184, 0.00816974, -0.0001041, -0.00745876, 0.00576465, 0.00707951, 0.00450925, 0.00150867, -0.00190669, 0.0153517, 0.0073977, -0.00101064, 0.00536225, 0.00207076, 0.00450925, 0.00150867, -0.00148911, 0.00598929, -0.0001041, -0.00745876, 0.00450925, 0.00150867, -0.00190669, 0.0153517, -0.00710211, 0.00507843, -0.0559004, 0.0173271, -0.0040847, 0.0084224, -0.0047342, -0.0130939, 0.0073977, -0.00101064, 0.00450925, 0.00150867, 0.049202, 0.00202924, 0.0375729, 0.0140487, 0.00576465, 0.00707951, -0.0040847, 0.0084224, -0.00148911, 0.00598929, 0.0375729, 0.0140487, -0.00148911, 0.00598929, -0.0001041, -0.00745876, -0.0047342, -0.0130939, -0.0001041, -0.00745876, 0.00450925, 0.00150867, 0.00576465, 0.00707951, -0.0001041, -0.00745876, 0.00536225, 0.00207076, 0.0073977, -0.00101064, -0.00190669, 0.0153517, -0.00710211, 0.00507843, ]
best_mc_result_fixed_tau =   [0.0400475, 0.0372381, ]
evolved_state_fixed_tau =   [[0.00808553, 0.0109852, -0.00602093, 0.00362119, -0.00944388, -0.00787407, -0.00732147, -0.013376, -0.0202767, -0.0100698, 0.0117031, 0.00630639, -0.0202767, -0.0100698, 0.00600195, 0.0107917, 0.00731479, -0.00836802, -0.0202767, -0.0100698, -0.00732147, -0.013376, -0.00944388, -0.00787407, -0.00602093, 0.00362119, 0.00581463, -0.00362925, 0.165643, -0.456873, 0.00581463, -0.00362925, -0.0202767, -0.0100698, 0.00731479, -0.00836802, 0.00600195, 0.0107917, 0.000258038, -0.0136003, -0.00944388, -0.00787407, 0.00431447, 0.00110952, 0.00270149, 0.00620182, 0.0429685, 0.00152579, -0.00673438, -0.0778483, 0.00270149, 0.00620182, 0.0117031, 0.00630639, 0.00600195, 0.0107917, 0.0220607, 0.0759418, 0.00600195, 0.0107917, 0.00808553, 0.0109852, -0.00602093, 0.00362119, 0.00270149, 0.00620182, 0.00581463, -0.00362925, -0.0202767, -0.0100698, 0.00581463, -0.00362925, 0.0429685, 0.00152579, 0.00581463, -0.00362925, -0.00673438, -0.0778483, 0.165643, -0.456873, -0.00602093, 0.00362119, 0.00600195, 0.0107917, 0.000258038, -0.0136003, 0.00600195, 0.0107917, 0.00731479, -0.00836802, -0.00602093, 0.00362119, 0.165643, -0.456873, -0.00673438, -0.0778483, 0.165643, -0.456873, 0.00731479, -0.00836802, -0.00944388, -0.00787407, 0.00581463, -0.00362925, 0.00270149, 0.00620182, -0.00602093, 0.00362119, -0.0202767, -0.0100698, -0.00732147, -0.013376, 0.00270149, 0.00620182, 0.00431447, 0.00110952, -0.00944388, -0.00787407, 0.00270149, 0.00620182, -0.00602093, 0.00362119, 0.00808553, 0.0109852, 0.0220607, 0.0759418, 0.00600195, 0.0107917, 0.0117031, 0.00630639, -0.0202767, -0.0100698, 0.00270149, 0.00620182, -0.00673438, -0.0778483, 0.0429685, 0.00152579, 0.00581463, -0.00362925, 0.00600195, 0.0107917, 0.00431447, 0.00110952, 0.0429685, 0.00152579, 0.00431447, 0.00110952, -0.00944388, -0.00787407, 0.0117031, 0.00630639, -0.00944388, -0.00787407, 0.00270149, 0.00620182, 0.00581463, -0.00362925, -0.00944388, -0.00787407, -0.00732147, -0.013376, -0.0202767, -0.0100698, -0.00602093, 0.00362119, 0.00808553, 0.0109852, ],[-0.0117142, -0.00991059, 0.000299124, -0.00286293, -0.00794014, -0.0108078, -0.00418051, 0.00211429, -0.0186637, 0.00483457, 0.00262154, -0.00511021, -0.0186637, 0.00483457, 0.013577, 0.00768268, 0.016655, -0.0219073, -0.0186637, 0.00483457, -0.00418051, 0.00211429, -0.00794014, -0.0108078, 0.000299124, -0.00286293, 0.00868363, -0.0121439, -0.0498179, -0.483697, 0.00868363, -0.0121439, -0.0186637, 0.00483457, 0.016655, -0.0219073, 0.013577, 0.00768268, 0.00753821, -0.0111615, -0.00794014, -0.0108078, 0.000712264, -0.00238053, 0.0084614, 0.00299811, 0.0429148, -0.0106704, -0.0438397, -0.0654373, 0.0084614, 0.00299811, 0.00262154, -0.00511021, 0.013577, 0.00768268, 0.02465, 0.0588893, 0.013577, 0.00768268, -0.0117142, -0.00991059, 0.000299124, -0.00286293, 0.0084614, 0.00299811, 0.00868363, -0.0121439, -0.0186637, 0.00483457, 0.00868363, -0.0121439, 0.0429148, -0.0106704, 0.00868363, -0.0121439, -0.0438397, -0.0654373, -0.0498179, -0.483697, 0.000299124, -0.00286293, 0.013577, 0.00768268, 0.00753821, -0.0111615, 0.013577, 0.00768268, 0.016655, -0.0219073, 0.000299124, -0.00286293, -0.0498179, -0.483697, -0.0438397, -0.0654373, -0.0498179, -0.483697, 0.016655, -0.0219073, -0.00794014, -0.0108078, 0.00868363, -0.0121439, 0.0084614, 0.00299811, 0.000299124, -0.00286293, -0.0186637, 0.00483457, -0.00418051, 0.00211429, 0.0084614, 0.00299811, 0.000712264, -0.00238053, -0.00794014, -0.0108078, 0.0084614, 0.00299811, 0.000299124, -0.00286293, -0.0117142, -0.00991059, 0.02465, 0.0588893, 0.013577, 0.00768268, 0.00262154, -0.00511021, -0.0186637, 0.00483457, 0.0084614, 0.00299811, -0.0438397, -0.0654373, 0.0429148, -0.0106704, 0.00868363, -0.0121439, 0.013577, 0.00768268, 0.000712264, -0.00238053, 0.0429148, -0.0106704, 0.000712264, -0.00238053, -0.00794014, -0.0108078, 0.00262154, -0.00511021, -0.00794014, -0.0108078, 0.0084614, 0.00299811, 0.00868363, -0.0121439, -0.00794014, -0.0108078, -0.00418051, 0.00211429, -0.0186637, 0.00483457, 0.000299124, -0.00286293, -0.0117142, -0.00991059, ],]
##############################################################################
clock_duration  =         25651.4
tau =                     2.84873
total_steps =             32
time_step =               0.097924
best_mc_result =          0.0158896
best_mc_result_non_secondary =          0
evolved_target_dot_squared =  0.98411
distance =          0.0191433
j_protocol =  [[0, 0, 0, 0, 0, 0, 0, 0, 0, 0, 0, 0, 0, 0, 0, 0, 0, 0, 0, 0, 0, 0, 0, 0, 0, 0, 0, 0, 0, 0, 0, 0, ],[0, 0, 0, 0, 0, 0, 0, 0, 0, 0, 0, 0, 0, 0, 0, 0, 0, 0, 0, 0, 0, 0, 0, 0, 0, 0, 0, 0, 0, 0, 0, 0, ],]
k_protocol =  [[0, 0, 0, 0, 0, 0, 0, 0, 0, 0, 0, 0, 0, 0, 0, 0, 0, 0, 0, 0, 0, 0, 0, 0, 0, 0, 0, 0, 0, 0, 0, 0, ],[0, 0, 0, 0, 0, 0, 0, 0, 0, 0, 0, 0, 0, 0, 0, 0, 0, 0, 0, 0, 0, 0, 0, 0, 0, 0, 0, 0, 0, 0, 0, 0, ],]
j_protocol_secondary =  [0.00452651, 0.676614, 0.676614, 0.766924, 0.886887, 1.11821, 1.27373, 1.51126, 1.69294, 1.80539, 1.96748, 2.04254, 2.30699, 2.4169, 2.77968, 2.84873, ]
k_protocol_secondary =  [0, 0.0904352, 0.175301, 0.196446, 0.257411, 0.569537, 0.605742, 0.955824, 1.0519, 1.42595, 1.42595, 1.86666, 1.86666, 2.77829, 2.77829, 2.84313, ]
best_evolved_state = [-0.0020876, -0.00177608, -0.00357513, 0.0144075, -0.00189538, -0.00198125, -0.000546801, 0.002658, 0.00311411, 0.00278945, 0.000961193, -0.0153097, 0.00311411, 0.00278945, -0.00604439, 0.00848981, 0.00838358, 0.0107152, 0.00311411, 0.00278945, -0.000546801, 0.002658, -0.00189538, -0.00198125, -0.00357513, 0.0144075, 0.00351689, 0.00815735, 0.318062, 0.377315, 0.00351689, 0.00815735, 0.00311411, 0.00278945, 0.00838358, 0.0107152, -0.00604439, 0.00848981, 0.00413423, -0.0036581, -0.00189538, -0.00198125, -0.0013498, 0.00559947, 0.00289488, 0.00238178, 0.0309288, 0.018902, 0.0411332, 0.0251932, 0.00289488, 0.00238178, 0.000961193, -0.0153097, -0.00604439, 0.00848981, -0.0538928, 6.38234e-05, -0.00604439, 0.00848981, -0.0020876, -0.00177608, -0.00357513, 0.0144075, 0.00289488, 0.00238178, 0.00351689, 0.00815735, 0.00311411, 0.00278945, 0.00351689, 0.00815735, 0.0309288, 0.018902, 0.00351689, 0.00815735, 0.0411332, 0.0251932, 0.318062, 0.377315, -0.00357513, 0.0144075, -0.00604439, 0.00848981, 0.00413423, -0.0036581, -0.00604439, 0.00848981, 0.00838358, 0.0107152, -0.00357513, 0.0144075, 0.318062, 0.377315, 0.0411332, 0.0251932, 0.318062, 0.377315, 0.00838358, 0.0107152, -0.00189538, -0.00198125, 0.00351689, 0.00815735, 0.00289488, 0.00238178, -0.00357513, 0.0144075, 0.00311411, 0.00278945, -0.000546801, 0.002658, 0.00289488, 0.00238178, -0.0013498, 0.00559947, -0.00189538, -0.00198125, 0.00289488, 0.00238178, -0.00357513, 0.0144075, -0.0020876, -0.00177608, -0.0538928, 6.38234e-05, -0.00604439, 0.00848981, 0.000961193, -0.0153097, 0.00311411, 0.00278945, 0.00289488, 0.00238178, 0.0411332, 0.0251932, 0.0309288, 0.018902, 0.00351689, 0.00815735, -0.00604439, 0.00848981, -0.0013498, 0.00559947, 0.0309288, 0.018902, -0.0013498, 0.00559947, -0.00189538, -0.00198125, 0.000961193, -0.0153097, -0.00189538, -0.00198125, 0.00289488, 0.00238178, 0.00351689, 0.00815735, -0.00189538, -0.00198125, -0.000546801, 0.002658, 0.00311411, 0.00278945, -0.00357513, 0.0144075, -0.0020876, -0.00177608, ]
best_mc_result_fixed_tau =   [0.0308552, 0.0297332, ]
evolved_state_fixed_tau =   [[0.00583629, -0.00442037, 0.00216305, 0.0238752, -0.00756785, -0.00557772, -0.00510171, -0.00557969, -0.00700497, -0.0150393, -0.0160043, 0.00887785, -0.00700497, -0.0150393, -0.00456402, 0.0104639, 0.00889411, 0.0243654, -0.00700497, -0.0150393, -0.00510171, -0.00557969, -0.00756785, -0.00557772, 0.00216305, 0.0238752, 0.00529156, 0.016595, 0.36894, 0.321511, 0.00529156, 0.016595, -0.00700497, -0.0150393, 0.00889411, 0.0243654, -0.00456402, 0.0104639, -0.0033163, 0.00863465, -0.00756785, -0.00557772, 0.00168902, 0.00882452, 0.000107614, 0.00267739, 0.0293621, 0.0148024, 0.0246328, 0.0352433, 0.000107614, 0.00267739, -0.0160043, 0.00887785, -0.00456402, 0.0104639, -0.0781506, 0.0325477, -0.00456402, 0.0104639, 0.00583629, -0.00442037, 0.00216305, 0.0238752, 0.000107614, 0.00267739, 0.00529156, 0.016595, -0.00700497, -0.0150393, 0.00529156, 0.016595, 0.0293621, 0.0148024, 0.00529156, 0.016595, 0.0246328, 0.0352433, 0.36894, 0.321511, 0.00216305, 0.0238752, -0.00456402, 0.0104639, -0.0033163, 0.00863465, -0.00456402, 0.0104639, 0.00889411, 0.0243654, 0.00216305, 0.0238752, 0.36894, 0.321511, 0.0246328, 0.0352433, 0.36894, 0.321511, 0.00889411, 0.0243654, -0.00756785, -0.00557772, 0.00529156, 0.016595, 0.000107614, 0.00267739, 0.00216305, 0.0238752, -0.00700497, -0.0150393, -0.00510171, -0.00557969, 0.000107614, 0.00267739, 0.00168902, 0.00882452, -0.00756785, -0.00557772, 0.000107614, 0.00267739, 0.00216305, 0.0238752, 0.00583629, -0.00442037, -0.0781506, 0.0325477, -0.00456402, 0.0104639, -0.0160043, 0.00887785, -0.00700497, -0.0150393, 0.000107614, 0.00267739, 0.0246328, 0.0352433, 0.0293621, 0.0148024, 0.00529156, 0.016595, -0.00456402, 0.0104639, 0.00168902, 0.00882452, 0.0293621, 0.0148024, 0.00168902, 0.00882452, -0.00756785, -0.00557772, -0.0160043, 0.00887785, -0.00756785, -0.00557772, 0.000107614, 0.00267739, 0.00529156, 0.016595, -0.00756785, -0.00557772, -0.00510171, -0.00557969, -0.00700497, -0.0150393, 0.00216305, 0.0238752, 0.00583629, -0.00442037, ],[-0.00623516, -0.00591193, -0.0102107, 0.0200057, 0.011127, -0.00852649, 0.00385254, 0.00078335, 0.00882837, -0.00907543, 0.0182991, -0.0274343, 0.00882837, -0.00907543, -0.000171972, 0.0124205, 0.00877448, 0.0216455, 0.00882837, -0.00907543, 0.00385254, 0.00078335, 0.011127, -0.00852649, -0.0102107, 0.0200057, 0.00230769, 0.0140628, 0.405673, 0.277659, 0.00230769, 0.0140628, 0.00882837, -0.00907543, 0.00877448, 0.0216455, -0.000171972, 0.0124205, 0.00282009, -0.0161557, 0.011127, -0.00852649, -0.00415911, 0.00648004, -0.00037834, 0.00496824, 0.0332078, 0.034636, 0.0277084, 0.00131514, -0.00037834, 0.00496824, 0.0182991, -0.0274343, -0.000171972, 0.0124205, -0.038332, -0.0158438, -0.000171972, 0.0124205, -0.00623516, -0.00591193, -0.0102107, 0.0200057, -0.00037834, 0.00496824, 0.00230769, 0.0140628, 0.00882837, -0.00907543, 0.00230769, 0.0140628, 0.0332078, 0.034636, 0.00230769, 0.0140628, 0.0277084, 0.00131514, 0.405673, 0.277659, -0.0102107, 0.0200057, -0.000171972, 0.0124205, 0.00282009, -0.0161557, -0.000171972, 0.0124205, 0.00877448, 0.0216455, -0.0102107, 0.0200057, 0.405673, 0.277659, 0.0277084, 0.00131514, 0.405673, 0.277659, 0.00877448, 0.0216455, 0.011127, -0.00852649, 0.00230769, 0.0140628, -0.00037834, 0.00496824, -0.0102107, 0.0200057, 0.00882837, -0.00907543, 0.00385254, 0.00078335, -0.00037834, 0.00496824, -0.00415911, 0.00648004, 0.011127, -0.00852649, -0.00037834, 0.00496824, -0.0102107, 0.0200057, -0.00623516, -0.00591193, -0.038332, -0.0158438, -0.000171972, 0.0124205, 0.0182991, -0.0274343, 0.00882837, -0.00907543, -0.00037834, 0.00496824, 0.0277084, 0.00131514, 0.0332078, 0.034636, 0.00230769, 0.0140628, -0.000171972, 0.0124205, -0.00415911, 0.00648004, 0.0332078, 0.034636, -0.00415911, 0.00648004, 0.011127, -0.00852649, 0.0182991, -0.0274343, 0.011127, -0.00852649, -0.00037834, 0.00496824, 0.00230769, 0.0140628, 0.011127, -0.00852649, 0.00385254, 0.00078335, 0.00882837, -0.00907543, -0.0102107, 0.0200057, -0.00623516, -0.00591193, ],]
