START_PARAMETERS
MAX_STEPS_MCDB =               32
MIN_STEPS_MCDB =               4
STEPS_CRUNCH_MCDB =            1
SWEEPS_MCDB =                  100
TOTAL_STEP_CHANGES =                  6
MCBB_SECONDARY =                  1
SWEEPS_MCBB_SECONDARY =                  200
NUMBER_OF_BANGS =                  7
GROUND_E =                -3.2608
INITIAL_E =               -2.12858
j_initial =               0.106
k_initial =               0.5
b_initial =               0
j_target =                0.737
k_target =                0.25
b_target =                0
init_target_dot_squared = 0.793157
init_state = [0.0188621, 0, 0.010031, 0, 0.0188621, 0, 0.0842515, 0, 0.27785, 0, 0.0188621, 0, 0.27785, 0, 0.131827, 0, 0.27785, 0, 0.131827, 0, 0.0188621, 0, 0.27785, 0, 0.0842515, 0, 0.355182, 0, 0.131827, 0, 0.010031, 0, 0.0842515, 0, 0.0163921, 0, 0.0842515, 0, 0.27785, 0, 0.0188621, 0, 0.0842515, 0, 0.355182, 0, 0.0842515, 0, 0.27785, 0, 0.131827, 0, 0.27785, 0, 0.0188621, 0, 0.0163921, 0, 0.0842515, 0, 0.010031, 0, 0.0188621, 0, 0.27785, 0, 0.0842515, 0, 0.010031, 0, 0.0188621, 0, ]
target_state = [-0.0781264, 0, -0.0863201, 0, -0.0781264, 0, -0.171394, 0, -0.209177, 0, -0.0781264, 0, -0.209177, 0, -0.213223, 0, -0.209177, 0, -0.213223, 0, -0.0781264, 0, -0.209177, 0, -0.171394, 0, -0.251337, 0, -0.213223, 0, -0.0863201, 0, -0.171394, 0, -0.118585, 0, -0.171394, 0, -0.209177, 0, -0.0781264, 0, -0.171394, 0, -0.251337, 0, -0.171394, 0, -0.209177, 0, -0.213223, 0, -0.209177, 0, -0.0781264, 0, -0.118585, 0, -0.171394, 0, -0.0863201, 0, -0.0781264, 0, -0.209177, 0, -0.171394, 0, -0.0863201, 0, -0.0781264, 0, ]
USE_ENERGY_DISTANCE =     false
PERIODIC =                false
UNIFORM_SITES =           true
DEVICE_DIMENSION =        2
MAX_PARAM =               1
MIN_PARAM =               0
MIN_PARAM =               0
DIAG =                    true
NUM_SEEDS =               2
NUMBER_OF_BANGS =               7
DISTANCE_LIMIT =          0.02
TAU_SCALAR =              1.2
TAU_SCALAR_TINY =         1.1
TAU_SCALAR_BIG =          1.4
ACCEPTANCE_PROB =         0.85
TEMP_EXP_DECAY =          0.8
MIN_TEMP_FRACTION =       0.01
TEMP_DECAY_ITERATIONS =   21
ZERO_TEMP_ITREATIONS =    15
RANDOM_STATES =           3
END_PARAMETERS
##############################################################################
clock_duration  =         92.443
tau =                     0.6
total_steps =             32
time_step =               0.01875
best_mc_result =          0.0379493
best_mc_result_non_secondary =          0.0398008
evolved_target_dot_squared =  0.962051
distance =          1
j_protocol =  [[1, 1, 1, 1, 0, 0, 1, 1, 0, 0, 0, 0, 1, 0, 0, 1, 1, 1, 0, 1, 1, 0, 1, 1, 1, 1, 1, 1, 1, 1, 0, 0, ],[1, 1, 0, 1, 0, 1, 1, 0, 0, 1, 0, 0, 1, 1, 0, 0, 1, 0, 0, 1, 1, 1, 1, 1, 1, 1, 1, 1, 1, 1, 0, 0, ],]
k_protocol =  [[1, 1, 1, 1, 1, 1, 1, 1, 1, 1, 1, 1, 1, 1, 1, 1, 1, 1, 1, 1, 1, 1, 1, 1, 1, 1, 1, 1, 1, 1, 1, 1, ],[0, 1, 1, 1, 1, 1, 1, 1, 1, 1, 1, 1, 1, 1, 1, 1, 1, 1, 1, 1, 1, 1, 1, 1, 1, 1, 1, 1, 1, 1, 1, 1, ],]
j_protocol_secondary =  [0, 0.105951, 0.13047, 0.140855, 0.247793, 0.248269, 0.293024, 0.338486, 0.338486, 0.340102, 0.343745, 0.402512, 0.402512, 0.54277, ]
k_protocol_secondary =  [0.0126512, 0.09032, 0.09032, 0.102945, 0.102945, 0.182502, 0.182502, 0.26104, 0.26104, 0.345217, 0.345217, 0.422685, 0.422685, 0.6, ]
best_evolved_state = [0.0219984, 0.0310229, 0.0083255, 0.0686145, 0.0219984, 0.0310229, 0.0556869, 0.156418, 0.0898339, 0.180428, 0.0219984, 0.0310229, 0.0898339, 0.180428, 0.125248, 0.234623, 0.0898339, 0.180428, 0.125248, 0.234623, 0.0219984, 0.0310229, 0.0898339, 0.180428, 0.0556869, 0.156418, 0.114243, 0.215884, 0.125248, 0.234623, 0.0083255, 0.0686145, 0.0556869, 0.156418, -0.00491125, 0.103635, 0.0556869, 0.156418, 0.0898339, 0.180428, 0.0219984, 0.0310229, 0.0556869, 0.156418, 0.114243, 0.215884, 0.0556869, 0.156418, 0.0898339, 0.180428, 0.125248, 0.234623, 0.0898339, 0.180428, 0.0219984, 0.0310229, -0.00491125, 0.103635, 0.0556869, 0.156418, 0.0083255, 0.0686145, 0.0219984, 0.0310229, 0.0898339, 0.180428, 0.0556869, 0.156418, 0.0083255, 0.0686145, 0.0219984, 0.0310229, ]
best_mc_result_fixed_tau =   [0.0398008, 0.0409548, ]
evolved_state_fixed_tau =   [[0.0202237, 0.0289296, 0.00437788, 0.0730512, 0.0202237, 0.0289296, 0.0465261, 0.158826, 0.0787794, 0.186691, 0.0202237, 0.0289296, 0.0787794, 0.186691, 0.113897, 0.239063, 0.0787794, 0.186691, 0.113897, 0.239063, 0.0202237, 0.0289296, 0.0787794, 0.186691, 0.0465261, 0.158826, 0.101786, 0.220284, 0.113897, 0.239063, 0.00437788, 0.0730512, 0.0465261, 0.158826, -0.0120578, 0.105957, 0.0465261, 0.158826, 0.0787794, 0.186691, 0.0202237, 0.0289296, 0.0465261, 0.158826, 0.101786, 0.220284, 0.0465261, 0.158826, 0.0787794, 0.186691, 0.113897, 0.239063, 0.0787794, 0.186691, 0.0202237, 0.0289296, -0.0120578, 0.105957, 0.0465261, 0.158826, 0.00437788, 0.0730512, 0.0202237, 0.0289296, 0.0787794, 0.186691, 0.0465261, 0.158826, 0.00437788, 0.0730512, 0.0202237, 0.0289296, ],[0.0212046, 0.0292529, 0.00267939, 0.0753489, 0.0212046, 0.0292529, 0.0444883, 0.160063, 0.0752462, 0.186331, 0.0212046, 0.0292529, 0.0752462, 0.186331, 0.112056, 0.24187, 0.0752462, 0.186331, 0.112056, 0.24187, 0.0212046, 0.0292529, 0.0752462, 0.186331, 0.0444883, 0.160063, 0.0980122, 0.218885, 0.112056, 0.24187, 0.00267939, 0.0753489, 0.0444883, 0.160063, -0.0146927, 0.10788, 0.0444883, 0.160063, 0.0752462, 0.186331, 0.0212046, 0.0292529, 0.0444883, 0.160063, 0.0980122, 0.218885, 0.0444883, 0.160063, 0.0752462, 0.186331, 0.112056, 0.24187, 0.0752462, 0.186331, 0.0212046, 0.0292529, -0.0146927, 0.10788, 0.0444883, 0.160063, 0.00267939, 0.0753489, 0.0212046, 0.0292529, 0.0752462, 0.186331, 0.0444883, 0.160063, 0.00267939, 0.0753489, 0.0212046, 0.0292529, ],]
