START_PARAMETERS
MAX_STEPS_MCDB =               32
MIN_STEPS_MCDB =               4
STEPS_CRUNCH_MCDB =            1
SWEEPS_MCDB =                  100
TOTAL_STEP_CHANGES =                  6
MCBB_SECONDARY =                  1
SWEEPS_MCBB_SECONDARY =                  250
NUMBER_OF_BANGS =                  7
GROUND_E =                -4.07809
INITIAL_E =               -2.91875
j_initial =               0.13
k_initial =               0.5
b_initial =               0
j_target =                0.904
k_target =                0.25
b_target =                0
init_target_dot_squared = 0.819605
init_state = [0.0222626, 0, 0.0136314, 0, 0.0222626, 0, 0.095971, 0, 0.271907, 0, 0.0222626, 0, 0.271907, 0, 0.148592, 0, 0.271907, 0, 0.148592, 0, 0.0222626, 0, 0.271907, 0, 0.095971, 0, 0.347019, 0, 0.148592, 0, 0.0136314, 0, 0.095971, 0, 0.0221294, 0, 0.095971, 0, 0.271907, 0, 0.0222626, 0, 0.095971, 0, 0.347019, 0, 0.095971, 0, 0.271907, 0, 0.148592, 0, 0.271907, 0, 0.0222626, 0, 0.0221294, 0, 0.095971, 0, 0.0136314, 0, 0.0222626, 0, 0.271907, 0, 0.095971, 0, 0.0136314, 0, 0.0222626, 0, ]
target_state = [0.0817427, 0, 0.090591, 0, 0.0817427, 0, 0.172698, 0, 0.206899, 0, 0.0817427, 0, 0.206899, 0, 0.212237, 0, 0.206899, 0, 0.212237, 0, 0.0817427, 0, 0.206899, 0, 0.172698, 0, 0.247224, 0, 0.212237, 0, 0.090591, 0, 0.172698, 0, 0.122975, 0, 0.172698, 0, 0.206899, 0, 0.0817427, 0, 0.172698, 0, 0.247224, 0, 0.172698, 0, 0.206899, 0, 0.212237, 0, 0.206899, 0, 0.0817427, 0, 0.122975, 0, 0.172698, 0, 0.090591, 0, 0.0817427, 0, 0.206899, 0, 0.172698, 0, 0.090591, 0, 0.0817427, 0, ]
USE_ENERGY_DISTANCE =     false
PERIODIC =                false
UNIFORM_SITES =           true
DEVICE_DIMENSION =        2
MAX_PARAM =               1
MIN_PARAM =               0
MIN_PARAM =               0
DIAG =                    true
NUM_SEEDS =               2
NUMBER_OF_BANGS =               7
DISTANCE_LIMIT =          0.02
TAU_SCALAR =              1.2
TAU_SCALAR_TINY =         1.1
TAU_SCALAR_BIG =          1.4
ACCEPTANCE_PROB =         0.85
TEMP_EXP_DECAY =          0.8
MIN_TEMP_FRACTION =       0.01
TEMP_DECAY_ITERATIONS =   21
ZERO_TEMP_ITREATIONS =    15
RANDOM_STATES =           3
END_PARAMETERS
##############################################################################
clock_duration  =         100.527
tau =                     0.6
total_steps =             32
time_step =               0.01875
best_mc_result =          0.0309221
best_mc_result_non_secondary =          0.0316372
evolved_target_dot_squared =  0.969078
distance =          1
j_protocol =  [[1, 1, 1, 1, 1, 0, 1, 0, 0, 0, 1, 0, 0, 1, 0, 0, 1, 1, 1, 1, 1, 1, 1, 1, 1, 1, 1, 1, 1, 1, 1, 0, ],[0, 1, 1, 1, 1, 1, 1, 0, 0, 1, 0, 0, 0, 0, 0, 0, 1, 1, 1, 1, 1, 1, 1, 1, 1, 1, 1, 1, 1, 1, 1, 0, ],]
k_protocol =  [[1, 1, 1, 1, 1, 1, 1, 1, 1, 1, 1, 1, 1, 1, 1, 1, 1, 1, 1, 1, 1, 1, 1, 1, 1, 1, 1, 1, 1, 1, 1, 1, ],[1, 0, 1, 1, 1, 1, 1, 1, 1, 1, 1, 1, 1, 1, 1, 1, 1, 1, 1, 1, 1, 1, 1, 1, 1, 1, 1, 1, 1, 1, 1, 1, ],]
j_protocol_secondary =  [0, 0.104783, 0.116509, 0.125826, 0.194173, 0.194173, 0.249038, 0.258491, 0.279223, 0.312806, 0.312806, 0.51684, 0.51684, 0.57242, ]
k_protocol_secondary =  [0.0147835, 0.0223141, 0.0223141, 0.0312875, 0.0312875, 0.0631876, 0.0631876, 0.0769853, 0.0769853, 0.118799, 0.118799, 0.27271, 0.27271, 0.6, ]
best_evolved_state = [0.00797984, 0.0436877, -0.00521195, 0.073879, 0.00797984, 0.0436877, 0.0190183, 0.164771, 0.038341, 0.199868, 0.00797984, 0.0436877, 0.038341, 0.199868, 0.0762404, 0.245906, 0.038341, 0.199868, 0.0762404, 0.245906, 0.00797984, 0.0436877, 0.038341, 0.199868, 0.0190183, 0.164771, 0.0510811, 0.239781, 0.0762404, 0.245906, -0.00521195, 0.073879, 0.0190183, 0.164771, -0.0232201, 0.110539, 0.0190183, 0.164771, 0.038341, 0.199868, 0.00797984, 0.0436877, 0.0190183, 0.164771, 0.0510811, 0.239781, 0.0190183, 0.164771, 0.038341, 0.199868, 0.0762404, 0.245906, 0.038341, 0.199868, 0.00797984, 0.0436877, -0.0232201, 0.110539, 0.0190183, 0.164771, -0.00521195, 0.073879, 0.00797984, 0.0436877, 0.038341, 0.199868, 0.0190183, 0.164771, -0.00521195, 0.073879, 0.00797984, 0.0436877, ]
best_mc_result_fixed_tau =   [0.0316372, 0.0336628, ]
evolved_state_fixed_tau =   [[0.00379023, 0.0416124, -0.00791234, 0.0763817, 0.00379023, 0.0416124, 0.00917656, 0.165277, 0.0255839, 0.203361, 0.00379023, 0.0416124, 0.0255839, 0.203361, 0.0644854, 0.247096, 0.0255839, 0.203361, 0.0644854, 0.247096, 0.00379023, 0.0416124, 0.0255839, 0.203361, 0.00917656, 0.165277, 0.035473, 0.24184, 0.0644854, 0.247096, -0.00791234, 0.0763817, 0.00917656, 0.165277, -0.0291723, 0.112039, 0.00917656, 0.165277, 0.0255839, 0.203361, 0.00379023, 0.0416124, 0.00917656, 0.165277, 0.035473, 0.24184, 0.00917656, 0.165277, 0.0255839, 0.203361, 0.0644854, 0.247096, 0.0255839, 0.203361, 0.00379023, 0.0416124, -0.0291723, 0.112039, 0.00917656, 0.165277, -0.00791234, 0.0763817, 0.00379023, 0.0416124, 0.0255839, 0.203361, 0.00917656, 0.165277, -0.00791234, 0.0763817, 0.00379023, 0.0416124, ],[0.00654723, 0.039997, -0.005103, 0.074341, 0.00654723, 0.039997, 0.0188802, 0.163938, 0.0436331, 0.200675, 0.00654723, 0.039997, 0.0436331, 0.200675, 0.0754782, 0.245154, 0.0436331, 0.200675, 0.0754782, 0.245154, 0.00654723, 0.039997, 0.0436331, 0.200675, 0.0188802, 0.163938, 0.0575183, 0.239632, 0.0754782, 0.245154, -0.005103, 0.074341, 0.0188802, 0.163938, -0.0245761, 0.108486, 0.0188802, 0.163938, 0.0436331, 0.200675, 0.00654723, 0.039997, 0.0188802, 0.163938, 0.0575183, 0.239632, 0.0188802, 0.163938, 0.0436331, 0.200675, 0.0754782, 0.245154, 0.0436331, 0.200675, 0.00654723, 0.039997, -0.0245761, 0.108486, 0.0188802, 0.163938, -0.005103, 0.074341, 0.00654723, 0.039997, 0.0436331, 0.200675, 0.0188802, 0.163938, -0.005103, 0.074341, 0.00654723, 0.039997, ],]
