START_PARAMETERS
MAX_STEPS_MCDB =               32
MIN_STEPS_MCDB =               4
STEPS_CRUNCH_MCDB =            1
SWEEPS_MCDB =                  100
TOTAL_STEP_CHANGES =                  6
MCBB_SECONDARY =                  1
SWEEPS_MCBB_SECONDARY =                  200
NUMBER_OF_BANGS =                  7
GROUND_E =                -4.26236
INITIAL_E =               -2.66057
j_initial =               0.106
k_initial =               0.5
b_initial =               0
j_target =                0.904
k_target =                0.125
b_target =                0
init_target_dot_squared = 0.751518
init_state = [0.0188621, 0, 0.010031, 0, 0.0188621, 0, 0.0842515, 0, 0.27785, 0, 0.0188621, 0, 0.27785, 0, 0.131827, 0, 0.27785, 0, 0.131827, 0, 0.0188621, 0, 0.27785, 0, 0.0842515, 0, 0.355182, 0, 0.131827, 0, 0.010031, 0, 0.0842515, 0, 0.0163921, 0, 0.0842515, 0, 0.27785, 0, 0.0188621, 0, 0.0842515, 0, 0.355182, 0, 0.0842515, 0, 0.27785, 0, 0.131827, 0, 0.27785, 0, 0.0188621, 0, 0.0163921, 0, 0.0842515, 0, 0.010031, 0, 0.0188621, 0, 0.27785, 0, 0.0842515, 0, 0.010031, 0, 0.0188621, 0, ]
target_state = [0.0909093, 0, 0.101011, 0, 0.0909093, 0, 0.17516, 0, 0.201524, 0, 0.0909093, 0, 0.201524, 0, 0.209025, 0, 0.201524, 0, 0.209025, 0, 0.0909093, 0, 0.201524, 0, 0.17516, 0, 0.237261, 0, 0.209025, 0, 0.101011, 0, 0.17516, 0, 0.132996, 0, 0.17516, 0, 0.201524, 0, 0.0909093, 0, 0.17516, 0, 0.237261, 0, 0.17516, 0, 0.201524, 0, 0.209025, 0, 0.201524, 0, 0.0909093, 0, 0.132996, 0, 0.17516, 0, 0.101011, 0, 0.0909093, 0, 0.201524, 0, 0.17516, 0, 0.101011, 0, 0.0909093, 0, ]
USE_ENERGY_DISTANCE =     false
PERIODIC =                false
UNIFORM_SITES =           true
DEVICE_DIMENSION =        2
MAX_PARAM =               1
MIN_PARAM =               0
MIN_PARAM =               0
DIAG =                    true
NUM_SEEDS =               2
NUMBER_OF_BANGS =               7
DISTANCE_LIMIT =          0.02
TAU_SCALAR =              1.2
TAU_SCALAR_TINY =         1.1
TAU_SCALAR_BIG =          1.4
ACCEPTANCE_PROB =         0.85
TEMP_EXP_DECAY =          0.8
MIN_TEMP_FRACTION =       0.01
TEMP_DECAY_ITERATIONS =   21
ZERO_TEMP_ITREATIONS =    15
RANDOM_STATES =           3
END_PARAMETERS
##############################################################################
clock_duration  =         89.6702
tau =                     0.6
total_steps =             32
time_step =               0.01875
best_mc_result =          0.0517059
best_mc_result_non_secondary =          0.053238
evolved_target_dot_squared =  0.948294
distance =          1
j_protocol =  [[1, 1, 1, 0, 1, 1, 0, 0, 0, 1, 0, 0, 0, 0, 1, 1, 1, 0, 1, 1, 1, 1, 1, 1, 1, 1, 1, 1, 1, 1, 1, 0, ],[1, 1, 1, 1, 0, 0, 0, 1, 0, 1, 0, 0, 0, 1, 1, 1, 0, 0, 1, 1, 1, 1, 1, 1, 1, 1, 1, 1, 1, 1, 1, 0, ],]
k_protocol =  [[0, 1, 1, 1, 1, 1, 1, 1, 1, 1, 1, 1, 1, 1, 1, 1, 1, 1, 1, 1, 1, 1, 1, 1, 1, 1, 1, 1, 1, 1, 1, 1, ],[0, 1, 1, 1, 1, 1, 1, 1, 1, 1, 1, 1, 1, 1, 1, 1, 1, 1, 1, 1, 1, 1, 1, 1, 1, 1, 1, 1, 1, 1, 1, 1, ],]
j_protocol_secondary =  [0, 0.075, 0.075, 0.112949, 0.174702, 0.174702, 0.220729, 0.220729, 0.246636, 0.247283, 0.278077, 0.332593, 0.332593, 0.58445, ]
k_protocol_secondary =  [0.0123088, 0.110997, 0.110997, 0.124042, 0.124042, 0.158603, 0.158603, 0.379319, 0.379319, 0.380489, 0.380489, 0.558614, 0.558614, 0.6, ]
best_evolved_state = [0.00560719, 0.0400599, -0.0115768, 0.0794098, 0.00560719, 0.0400599, 0.0158501, 0.167942, 0.0326589, 0.192913, 0.00560719, 0.0400599, 0.0326589, 0.192913, 0.0789394, 0.256629, 0.0326589, 0.192913, 0.0789394, 0.256629, 0.00560719, 0.0400599, 0.0326589, 0.192913, 0.0158501, 0.167942, 0.0430054, 0.228454, 0.0789394, 0.256629, -0.0115768, 0.0794098, 0.0158501, 0.167942, -0.0369952, 0.118466, 0.0158501, 0.167942, 0.0326589, 0.192913, 0.00560719, 0.0400599, 0.0158501, 0.167942, 0.0430054, 0.228454, 0.0158501, 0.167942, 0.0326589, 0.192913, 0.0789394, 0.256629, 0.0326589, 0.192913, 0.00560719, 0.0400599, -0.0369952, 0.118466, 0.0158501, 0.167942, -0.0115768, 0.0794098, 0.00560719, 0.0400599, 0.0326589, 0.192913, 0.0158501, 0.167942, -0.0115768, 0.0794098, 0.00560719, 0.0400599, ]
best_mc_result_fixed_tau =   [0.053238, 0.0537933, ]
evolved_state_fixed_tau =   [[0.0118904, 0.0381362, -0.0112527, 0.0816634, 0.0118904, 0.0381362, 0.0195163, 0.167287, 0.0365684, 0.191941, 0.0118904, 0.0381362, 0.0365684, 0.191941, 0.0834407, 0.256508, 0.0365684, 0.191941, 0.0834407, 0.256508, 0.0118904, 0.0381362, 0.0365684, 0.191941, 0.0195163, 0.167287, 0.05018, 0.225025, 0.0834407, 0.256508, -0.0112527, 0.0816634, 0.0195163, 0.167287, -0.0353599, 0.118008, 0.0195163, 0.167287, 0.0365684, 0.191941, 0.0118904, 0.0381362, 0.0195163, 0.167287, 0.05018, 0.225025, 0.0195163, 0.167287, 0.0365684, 0.191941, 0.0834407, 0.256508, 0.0365684, 0.191941, 0.0118904, 0.0381362, -0.0353599, 0.118008, 0.0195163, 0.167287, -0.0112527, 0.0816634, 0.0118904, 0.0381362, 0.0365684, 0.191941, 0.0195163, 0.167287, -0.0112527, 0.0816634, 0.0118904, 0.0381362, ],[0.0119038, 0.0358797, -0.00962285, 0.0825206, 0.0119038, 0.0358797, 0.0197448, 0.166744, 0.0362296, 0.193389, 0.0119038, 0.0358797, 0.0362296, 0.193389, 0.0842716, 0.254975, 0.0362296, 0.193389, 0.0842716, 0.254975, 0.0119038, 0.0358797, 0.0362296, 0.193389, 0.0197448, 0.166744, 0.0496844, 0.225859, 0.0842716, 0.254975, -0.00962285, 0.0825206, 0.0197448, 0.166744, -0.0339201, 0.118321, 0.0197448, 0.166744, 0.0362296, 0.193389, 0.0119038, 0.0358797, 0.0197448, 0.166744, 0.0496844, 0.225859, 0.0197448, 0.166744, 0.0362296, 0.193389, 0.0842716, 0.254975, 0.0362296, 0.193389, 0.0119038, 0.0358797, -0.0339201, 0.118321, 0.0197448, 0.166744, -0.00962285, 0.0825206, 0.0119038, 0.0358797, 0.0362296, 0.193389, 0.0197448, 0.166744, -0.00962285, 0.0825206, 0.0119038, 0.0358797, ],]
