START_PARAMETERS
MAX_STEPS_MCDB =               32
MIN_STEPS_MCDB =               4
STEPS_CRUNCH_MCDB =            1
SWEEPS_MCDB =                  100
TOTAL_STEP_CHANGES =                  6
MCBB_SECONDARY =                  1
SWEEPS_MCBB_SECONDARY =                  200
NUMBER_OF_BANGS =                  7
GROUND_E =                -1.26091
INITIAL_E =               -1.06078
j_initial =               0.127
k_initial =               0.5
b_initial =               0
j_target =                0.375
k_target =                0.5
b_target =                0
init_target_dot_squared = 0.937413
init_state = [-0.0218539, 0, -0.013178, 0, -0.0218539, 0, -0.0946319, 0, -0.272627, 0, -0.0218539, 0, -0.272627, 0, -0.146715, 0, -0.272627, 0, -0.146715, 0, -0.0218539, 0, -0.272627, 0, -0.0946319, 0, -0.348011, 0, -0.146715, 0, -0.013178, 0, -0.0946319, 0, -0.0214113, 0, -0.0946319, 0, -0.272627, 0, -0.0218539, 0, -0.0946319, 0, -0.348011, 0, -0.0946319, 0, -0.272627, 0, -0.146715, 0, -0.272627, 0, -0.0218539, 0, -0.0214113, 0, -0.0946319, 0, -0.013178, 0, -0.0218539, 0, -0.272627, 0, -0.0946319, 0, -0.013178, 0, -0.0218539, 0, ]
target_state = [0.0455771, 0, 0.044126, 0, 0.0455771, 0, 0.146277, 0, 0.23687, 0, 0.0455771, 0, 0.23687, 0, 0.206374, 0, 0.23687, 0, 0.206374, 0, 0.0455771, 0, 0.23687, 0, 0.146277, 0, 0.296767, 0, 0.206374, 0, 0.044126, 0, 0.146277, 0, 0.0672868, 0, 0.146277, 0, 0.23687, 0, 0.0455771, 0, 0.146277, 0, 0.296767, 0, 0.146277, 0, 0.23687, 0, 0.206374, 0, 0.23687, 0, 0.0455771, 0, 0.0672868, 0, 0.146277, 0, 0.044126, 0, 0.0455771, 0, 0.23687, 0, 0.146277, 0, 0.044126, 0, 0.0455771, 0, ]
USE_ENERGY_DISTANCE =     false
PERIODIC =                false
UNIFORM_SITES =           true
DEVICE_DIMENSION =        2
MAX_PARAM =               1
MIN_PARAM =               0
MIN_PARAM =               0
DIAG =                    true
NUM_SEEDS =               2
NUMBER_OF_BANGS =               7
DISTANCE_LIMIT =          0.02
TAU_SCALAR =              1.2
TAU_SCALAR_TINY =         1.1
TAU_SCALAR_BIG =          1.4
ACCEPTANCE_PROB =         0.85
TEMP_EXP_DECAY =          0.8
MIN_TEMP_FRACTION =       0.01
TEMP_DECAY_ITERATIONS =   21
ZERO_TEMP_ITREATIONS =    15
RANDOM_STATES =           3
END_PARAMETERS
##############################################################################
clock_duration  =         74.2342
tau =                     0.8
total_steps =             32
time_step =               0.025
best_mc_result =          0.00210299
best_mc_result_non_secondary =          0.00241382
evolved_target_dot_squared =  0.997897
distance =          1
j_protocol =  [[1, 1, 1, 1, 0, 0, 0, 0, 0, 0, 0, 0, 0, 0, 1, 1, 1, 1, 0, 0, 0, 0, 1, 1, 1, 1, 0, 0, 0, 0, 0, 0, ],[1, 1, 1, 1, 0, 0, 0, 0, 0, 0, 0, 0, 0, 0, 1, 1, 1, 1, 0, 0, 0, 0, 1, 1, 1, 1, 0, 0, 0, 0, 0, 0, ],]
k_protocol =  [[1, 1, 1, 1, 1, 1, 1, 1, 1, 1, 1, 1, 1, 1, 1, 1, 1, 1, 1, 1, 1, 1, 0, 0, 1, 1, 1, 1, 1, 1, 1, 1, ],[1, 1, 1, 1, 1, 1, 1, 1, 1, 1, 1, 1, 1, 1, 1, 1, 1, 1, 1, 1, 1, 1, 0, 0, 1, 1, 1, 1, 1, 1, 1, 1, ],]
j_protocol_secondary =  [0.001334, 0.0991771, 0.350827, 0.449337, 0.485234, 0.486367, 0.511, 0.521043, 0.549216, 0.607899, 0.607899, 0.655628, 0.663324, 0.668013, ]
k_protocol_secondary =  [0, 0.296666, 0.300087, 0.476252, 0.476252, 0.552127, 0.552127, 0.583771, 0.583771, 0.734049, 0.734049, 0.759093, 0.759424, 0.795318, ]
best_evolved_state = [-0.0303565, -0.0312502, -0.0226645, -0.0228682, -0.0303565, -0.0312502, -0.0959996, -0.104272, -0.164894, -0.168198, -0.0303565, -0.0312502, -0.164894, -0.168198, -0.158788, -0.149293, -0.164894, -0.168198, -0.158788, -0.149293, -0.0303565, -0.0312502, -0.164894, -0.168198, -0.0959996, -0.104272, -0.207392, -0.215745, -0.158788, -0.149293, -0.0226645, -0.0228682, -0.0959996, -0.104272, -0.0349357, -0.0477012, -0.0959996, -0.104272, -0.164894, -0.168198, -0.0303565, -0.0312502, -0.0959996, -0.104272, -0.207392, -0.215745, -0.0959996, -0.104272, -0.164894, -0.168198, -0.158788, -0.149293, -0.164894, -0.168198, -0.0303565, -0.0312502, -0.0349357, -0.0477012, -0.0959996, -0.104272, -0.0226645, -0.0228682, -0.0303565, -0.0312502, -0.164894, -0.168198, -0.0959996, -0.104272, -0.0226645, -0.0228682, -0.0303565, -0.0312502, ]
best_mc_result_fixed_tau =   [0.00241382, 0.00241382, ]
evolved_state_fixed_tau =   [[-0.0286867, -0.0261858, -0.0250067, -0.0215907, -0.0286867, -0.0261858, -0.100327, -0.0989274, -0.175038, -0.159369, -0.0286867, -0.0261858, -0.175038, -0.159369, -0.165233, -0.142031, -0.175038, -0.159369, -0.165233, -0.142031, -0.0286867, -0.0261858, -0.175038, -0.159369, -0.100327, -0.0989274, -0.219634, -0.204191, -0.165233, -0.142031, -0.0250067, -0.0215907, -0.100327, -0.0989274, -0.0362108, -0.0450919, -0.100327, -0.0989274, -0.175038, -0.159369, -0.0286867, -0.0261858, -0.100327, -0.0989274, -0.219634, -0.204191, -0.100327, -0.0989274, -0.175038, -0.159369, -0.165233, -0.142031, -0.175038, -0.159369, -0.0286867, -0.0261858, -0.0362108, -0.0450919, -0.100327, -0.0989274, -0.0250067, -0.0215907, -0.0286867, -0.0261858, -0.175038, -0.159369, -0.100327, -0.0989274, -0.0250067, -0.0215907, -0.0286867, -0.0261858, ],[-0.0286867, -0.0261858, -0.0250067, -0.0215907, -0.0286867, -0.0261858, -0.100327, -0.0989274, -0.175038, -0.159369, -0.0286867, -0.0261858, -0.175038, -0.159369, -0.165233, -0.142031, -0.175038, -0.159369, -0.165233, -0.142031, -0.0286867, -0.0261858, -0.175038, -0.159369, -0.100327, -0.0989274, -0.219634, -0.204191, -0.165233, -0.142031, -0.0250067, -0.0215907, -0.100327, -0.0989274, -0.0362108, -0.0450919, -0.100327, -0.0989274, -0.175038, -0.159369, -0.0286867, -0.0261858, -0.100327, -0.0989274, -0.219634, -0.204191, -0.100327, -0.0989274, -0.175038, -0.159369, -0.165233, -0.142031, -0.175038, -0.159369, -0.0286867, -0.0261858, -0.0362108, -0.0450919, -0.100327, -0.0989274, -0.0250067, -0.0215907, -0.0286867, -0.0261858, -0.175038, -0.159369, -0.100327, -0.0989274, -0.0250067, -0.0215907, -0.0286867, -0.0261858, ],]
