START_PARAMETERS
MAX_STEPS_MCDB =               32
MIN_STEPS_MCDB =               4
STEPS_CRUNCH_MCDB =            1
SWEEPS_MCDB =                  100
TOTAL_STEP_CHANGES =                  6
MCBB_SECONDARY =                  1
SWEEPS_MCBB_SECONDARY =                  250
NUMBER_OF_BANGS =                  7
GROUND_E =                -0.981323
INITIAL_E =               -0.722516
j_initial =               0.088
k_initial =               0.5
b_initial =               0
j_target =                0.312
k_target =                0.5
b_target =                0
init_target_dot_squared = 0.907019
init_state = [-0.016101, 0, -0.00743211, 0, -0.016101, 0, -0.0737796, 0, -0.282484, 0, -0.016101, 0, -0.282484, 0, -0.116306, 0, -0.282484, 0, -0.116306, 0, -0.016101, 0, -0.282484, 0, -0.0737796, 0, -0.361506, 0, -0.116306, 0, -0.00743211, 0, -0.0737796, 0, -0.0122015, 0, -0.0737796, 0, -0.282484, 0, -0.016101, 0, -0.0737796, 0, -0.361506, 0, -0.0737796, 0, -0.282484, 0, -0.116306, 0, -0.282484, 0, -0.016101, 0, -0.0122015, 0, -0.0737796, 0, -0.00743211, 0, -0.016101, 0, -0.282484, 0, -0.0737796, 0, -0.00743211, 0, -0.016101, 0, ]
target_state = [0.0409711, 0, 0.0377929, 0, 0.0409711, 0, 0.139594, 0, 0.242513, 0, 0.0409711, 0, 0.242513, 0, 0.200818, 0, 0.242513, 0, 0.200818, 0, 0.0409711, 0, 0.242513, 0, 0.139594, 0, 0.305225, 0, 0.200818, 0, 0.0377929, 0, 0.139594, 0, 0.058435, 0, 0.139594, 0, 0.242513, 0, 0.0409711, 0, 0.139594, 0, 0.305225, 0, 0.139594, 0, 0.242513, 0, 0.200818, 0, 0.242513, 0, 0.0409711, 0, 0.058435, 0, 0.139594, 0, 0.0377929, 0, 0.0409711, 0, 0.242513, 0, 0.139594, 0, 0.0377929, 0, 0.0409711, 0, ]
USE_ENERGY_DISTANCE =     false
PERIODIC =                false
UNIFORM_SITES =           true
DEVICE_DIMENSION =        2
MAX_PARAM =               1
MIN_PARAM =               0
MIN_PARAM =               0
DIAG =                    true
NUM_SEEDS =               2
NUMBER_OF_BANGS =               7
DISTANCE_LIMIT =          0.02
TAU_SCALAR =              1.2
TAU_SCALAR_TINY =         1.1
TAU_SCALAR_BIG =          1.4
ACCEPTANCE_PROB =         0.85
TEMP_EXP_DECAY =          0.8
MIN_TEMP_FRACTION =       0.01
TEMP_DECAY_ITERATIONS =   21
ZERO_TEMP_ITREATIONS =    15
RANDOM_STATES =           3
END_PARAMETERS
##############################################################################
clock_duration  =         93.6752
tau =                     0.6
total_steps =             32
time_step =               0.01875
best_mc_result =          0.014536
best_mc_result_non_secondary =          0.0157322
evolved_target_dot_squared =  0.985464
distance =          1
j_protocol =  [[1, 1, 1, 1, 0, 0, 0, 0, 0, 0, 0, 0, 0, 0, 1, 1, 0, 0, 1, 1, 1, 1, 0, 0, 0, 0, 0, 0, 0, 0, 0, 0, ],[1, 1, 1, 1, 0, 0, 0, 0, 0, 0, 0, 0, 0, 0, 1, 1, 0, 0, 1, 1, 1, 1, 0, 0, 0, 0, 0, 0, 0, 0, 0, 0, ],]
k_protocol =  [[1, 1, 1, 1, 1, 1, 1, 1, 1, 1, 1, 1, 1, 1, 1, 1, 1, 1, 1, 1, 1, 1, 1, 1, 1, 1, 1, 1, 1, 1, 1, 1, ],[1, 1, 1, 1, 1, 1, 1, 1, 1, 1, 1, 1, 1, 1, 1, 1, 1, 1, 1, 1, 1, 1, 1, 1, 1, 1, 1, 1, 1, 1, 1, 1, ],]
j_protocol_secondary =  [0, 0.0843836, 0.284192, 0.294326, 0.302392, 0.302392, 0.333911, 0.353351, 0.353351, 0.438027, 0.465667, 0.465667, 0.543307, 0.543307, ]
k_protocol_secondary =  [0, 0, 0.00943728, 0.122625, 0.122625, 0.396712, 0.396712, 0.426695, 0.426695, 0.436239, 0.436239, 0.450245, 0.450245, 0.6, ]
best_evolved_state = [-0.0290908, 0.0106744, -0.0237567, -0.0211243, -0.0290908, 0.0106744, -0.109079, -0.0701007, -0.225875, -0.0966474, -0.0290908, 0.0106744, -0.225875, -0.0966474, -0.179675, -0.104791, -0.225875, -0.0966474, -0.179675, -0.104791, -0.0290908, 0.0106744, -0.225875, -0.0966474, -0.109079, -0.0701007, -0.287856, -0.118764, -0.179675, -0.104791, -0.0237567, -0.0211243, -0.109079, -0.0701007, -0.0293741, -0.0330114, -0.109079, -0.0701007, -0.225875, -0.0966474, -0.0290908, 0.0106744, -0.109079, -0.0701007, -0.287856, -0.118764, -0.109079, -0.0701007, -0.225875, -0.0966474, -0.179675, -0.104791, -0.225875, -0.0966474, -0.0290908, 0.0106744, -0.0293741, -0.0330114, -0.109079, -0.0701007, -0.0237567, -0.0211243, -0.0290908, 0.0106744, -0.225875, -0.0966474, -0.109079, -0.0701007, -0.0237567, -0.0211243, -0.0290908, 0.0106744, ]
best_mc_result_fixed_tau =   [0.0157322, 0.0157322, ]
evolved_state_fixed_tau =   [[-0.0322901, 0.0174691, -0.0234133, -0.018524, -0.0322901, 0.0174691, -0.11051, -0.061139, -0.230802, -0.0902318, -0.0322901, 0.0174691, -0.230802, -0.0902318, -0.180872, -0.0914907, -0.230802, -0.0902318, -0.180872, -0.0914907, -0.0322901, 0.0174691, -0.230802, -0.0902318, -0.11051, -0.061139, -0.295576, -0.110249, -0.180872, -0.0914907, -0.0234133, -0.018524, -0.11051, -0.061139, -0.0303896, -0.0276473, -0.11051, -0.061139, -0.230802, -0.0902318, -0.0322901, 0.0174691, -0.11051, -0.061139, -0.295576, -0.110249, -0.11051, -0.061139, -0.230802, -0.0902318, -0.180872, -0.0914907, -0.230802, -0.0902318, -0.0322901, 0.0174691, -0.0303896, -0.0276473, -0.11051, -0.061139, -0.0234133, -0.018524, -0.0322901, 0.0174691, -0.230802, -0.0902318, -0.11051, -0.061139, -0.0234133, -0.018524, -0.0322901, 0.0174691, ],[-0.0322901, 0.0174691, -0.0234133, -0.018524, -0.0322901, 0.0174691, -0.11051, -0.061139, -0.230802, -0.0902318, -0.0322901, 0.0174691, -0.230802, -0.0902318, -0.180872, -0.0914907, -0.230802, -0.0902318, -0.180872, -0.0914907, -0.0322901, 0.0174691, -0.230802, -0.0902318, -0.11051, -0.061139, -0.295576, -0.110249, -0.180872, -0.0914907, -0.0234133, -0.018524, -0.11051, -0.061139, -0.0303896, -0.0276473, -0.11051, -0.061139, -0.230802, -0.0902318, -0.0322901, 0.0174691, -0.11051, -0.061139, -0.295576, -0.110249, -0.11051, -0.061139, -0.230802, -0.0902318, -0.180872, -0.0914907, -0.230802, -0.0902318, -0.0322901, 0.0174691, -0.0303896, -0.0276473, -0.11051, -0.061139, -0.0234133, -0.018524, -0.0322901, 0.0174691, -0.230802, -0.0902318, -0.11051, -0.061139, -0.0234133, -0.018524, -0.0322901, 0.0174691, ],]
