START_PARAMETERS
MAX_STEPS_MCDB =               32
MIN_STEPS_MCDB =               4
STEPS_CRUNCH_MCDB =            1
SWEEPS_MCDB =                  100
TOTAL_STEP_CHANGES =                  6
MCBB_SECONDARY =                  1
SWEEPS_MCBB_SECONDARY =                  200
NUMBER_OF_BANGS =                  7
GROUND_E =                -0.141971
INITIAL_E =               -0.111199
j_initial =               0.045
k_initial =               0.5
b_initial =               0
j_target =                0.093
k_target =                0.5
b_target =                0
init_target_dot_squared = 0.976451
init_state = [-0.00870968, 0, -0.00224052, 0, -0.00870968, 0, -0.0419816, 0, -0.292709, 0, -0.00870968, 0, -0.292709, 0, -0.0671458, 0, -0.292709, 0, -0.0671458, 0, -0.00870968, 0, -0.292709, 0, -0.0419816, 0, -0.375356, 0, -0.0671458, 0, -0.00224052, 0, -0.0419816, 0, -0.00371111, 0, -0.0419816, 0, -0.292709, 0, -0.00870968, 0, -0.0419816, 0, -0.375356, 0, -0.0419816, 0, -0.292709, 0, -0.0671458, 0, -0.292709, 0, -0.00870968, 0, -0.00371111, 0, -0.0419816, 0, -0.00224052, 0, -0.00870968, 0, -0.292709, 0, -0.0419816, 0, -0.00224052, 0, -0.00870968, 0, ]
target_state = [0.0168871, 0, 0.00813944, 0, 0.0168871, 0, 0.0768465, 0, 0.281193, 0, 0.0168871, 0, 0.281193, 0, 0.120896, 0, 0.281193, 0, 0.120896, 0, 0.0168871, 0, 0.281193, 0, 0.0768465, 0, 0.359747, 0, 0.120896, 0, 0.00813944, 0, 0.0768465, 0, 0.0133461, 0, 0.0768465, 0, 0.281193, 0, 0.0168871, 0, 0.0768465, 0, 0.359747, 0, 0.0768465, 0, 0.281193, 0, 0.120896, 0, 0.281193, 0, 0.0168871, 0, 0.0133461, 0, 0.0768465, 0, 0.00813944, 0, 0.0168871, 0, 0.281193, 0, 0.0768465, 0, 0.00813944, 0, 0.0168871, 0, ]
USE_ENERGY_DISTANCE =     false
PERIODIC =                false
UNIFORM_SITES =           true
DEVICE_DIMENSION =        2
MAX_PARAM =               1
MIN_PARAM =               0
MIN_PARAM =               0
DIAG =                    true
NUM_SEEDS =               2
NUMBER_OF_BANGS =               7
DISTANCE_LIMIT =          0.02
TAU_SCALAR =              1.2
TAU_SCALAR_TINY =         1.1
TAU_SCALAR_BIG =          1.4
ACCEPTANCE_PROB =         0.85
TEMP_EXP_DECAY =          0.8
MIN_TEMP_FRACTION =       0.01
TEMP_DECAY_ITERATIONS =   21
ZERO_TEMP_ITREATIONS =    15
RANDOM_STATES =           3
END_PARAMETERS
##############################################################################
clock_duration  =         87.2686
tau =                     0.8
total_steps =             32
time_step =               0.025
best_mc_result =          0.0010618
best_mc_result_non_secondary =          0.00268045
evolved_target_dot_squared =  0.998938
distance =          1
j_protocol =  [[0, 1, 1, 0, 0, 0, 0, 0, 0, 0, 0, 0, 0, 0, 0, 0, 0, 0, 0, 1, 1, 0, 0, 0, 0, 0, 0, 0, 0, 0, 0, 0, ],[0, 0, 1, 1, 0, 0, 0, 0, 0, 0, 0, 0, 0, 0, 0, 0, 0, 0, 0, 0, 1, 1, 0, 0, 0, 0, 0, 0, 0, 0, 0, 0, ],]
k_protocol =  [[1, 1, 1, 1, 1, 1, 1, 1, 1, 1, 1, 1, 1, 1, 1, 1, 1, 1, 1, 0, 0, 1, 1, 1, 1, 1, 1, 1, 1, 1, 1, 1, ],[1, 1, 0, 0, 1, 1, 1, 1, 1, 1, 1, 1, 1, 1, 1, 1, 1, 1, 1, 1, 1, 1, 1, 1, 1, 1, 1, 1, 1, 1, 1, 1, ],]
j_protocol_secondary =  [0.0230598, 0.0683071, 0.104913, 0.104913, 0.128001, 0.128001, 0.184978, 0.184978, 0.199605, 0.199605, 0.466564, 0.528551, 0.652044, 0.652044, ]
k_protocol_secondary =  [0.0251485, 0.175494, 0.175494, 0.228114, 0.228114, 0.31461, 0.31461, 0.439807, 0.439807, 0.489331, 0.489331, 0.791118, 0.791118, 0.8, ]
best_evolved_state = [-0.00874026, 0.00266214, -0.00748479, -1.36091e-05, -0.00874026, 0.00266214, -0.0735386, -0.0126641, -0.280523, -0.0298668, -0.00874026, 0.00266214, -0.280523, -0.0298668, -0.118228, -0.0190238, -0.280523, -0.0298668, -0.118228, -0.0190238, -0.00874026, 0.00266214, -0.280523, -0.0298668, -0.0735386, -0.0126641, -0.358554, -0.0393912, -0.118228, -0.0190238, -0.00748479, -1.36091e-05, -0.0735386, -0.0126641, -0.0118027, -0.00308318, -0.0735386, -0.0126641, -0.280523, -0.0298668, -0.00874026, 0.00266214, -0.0735386, -0.0126641, -0.358554, -0.0393912, -0.0735386, -0.0126641, -0.280523, -0.0298668, -0.118228, -0.0190238, -0.280523, -0.0298668, -0.00874026, 0.00266214, -0.0118027, -0.00308318, -0.0735386, -0.0126641, -0.00748479, -1.36091e-05, -0.00874026, 0.00266214, -0.280523, -0.0298668, -0.0735386, -0.0126641, -0.00748479, -1.36091e-05, -0.00874026, 0.00266214, ]
best_mc_result_fixed_tau =   [0.00268045, 0.00275128, ]
evolved_state_fixed_tau =   [[-0.00208305, 0.00639211, -0.00783451, 0.000103065, -0.00208305, 0.00639211, -0.0715195, -0.00981192, -0.281805, -0.0278076, -0.00208305, 0.00639211, -0.281805, -0.0278076, -0.114989, -0.0145874, -0.281805, -0.0278076, -0.114989, -0.0145874, -0.00208305, 0.00639211, -0.281805, -0.0278076, -0.0715195, -0.00981192, -0.360272, -0.036125, -0.114989, -0.0145874, -0.00783451, 0.000103065, -0.0715195, -0.00981192, -0.0111653, -0.00222644, -0.0715195, -0.00981192, -0.281805, -0.0278076, -0.00208305, 0.00639211, -0.0715195, -0.00981192, -0.360272, -0.036125, -0.0715195, -0.00981192, -0.281805, -0.0278076, -0.114989, -0.0145874, -0.281805, -0.0278076, -0.00208305, 0.00639211, -0.0111653, -0.00222644, -0.0715195, -0.00981192, -0.00783451, 0.000103065, -0.00208305, 0.00639211, -0.281805, -0.0278076, -0.0715195, -0.00981192, -0.00783451, 0.000103065, -0.00208305, 0.00639211, ],[-0.00208305, 0.00639211, -0.00783451, 0.000103065, -0.00208305, 0.00639211, -0.0715195, -0.00981192, -0.281805, -0.0278076, -0.00208305, 0.00639211, -0.281805, -0.0278076, -0.114989, -0.0145874, -0.281805, -0.0278076, -0.114989, -0.0145874, -0.00208305, 0.00639211, -0.281805, -0.0278076, -0.0715195, -0.00981192, -0.360272, -0.036125, -0.114989, -0.0145874, -0.00783451, 0.000103065, -0.0715195, -0.00981192, -0.0111653, -0.00222644, -0.0715195, -0.00981192, -0.281805, -0.0278076, -0.00208305, 0.00639211, -0.0715195, -0.00981192, -0.360272, -0.036125, -0.0715195, -0.00981192, -0.281805, -0.0278076, -0.114989, -0.0145874, -0.281805, -0.0278076, -0.00208305, 0.00639211, -0.0111653, -0.00222644, -0.0715195, -0.00981192, -0.00783451, 0.000103065, -0.00208305, 0.00639211, -0.281805, -0.0278076, -0.0715195, -0.00981192, -0.00783451, 0.000103065, -0.00208305, 0.00639211, ],]
