START_PARAMETERS
MAX_STEPS_MCDB =               32
MIN_STEPS_MCDB =               4
STEPS_CRUNCH_MCDB =            1
SWEEPS_MCDB =                  100
TOTAL_STEP_CHANGES =                  6
MCBB_SECONDARY =                  1
SWEEPS_MCBB_SECONDARY =                  200
NUMBER_OF_BANGS =                  7
GROUND_E =                -1.26091
INITIAL_E =               -1.16027
j_initial =               0.169
k_initial =               0.5
b_initial =               0
j_target =                0.375
k_target =                0.5
b_target =                0
init_target_dot_squared = 0.968103
init_state = [-0.0271979, 0, -0.0194732, 0, -0.0271979, 0, -0.110681, 0, -0.263302, 0, -0.0271979, 0, -0.263302, 0, -0.168406, 0, -0.263302, 0, -0.168406, 0, -0.0271979, 0, -0.263302, 0, -0.110681, 0, -0.335069, 0, -0.168406, 0, -0.0194732, 0, -0.110681, 0, -0.0312639, 0, -0.110681, 0, -0.263302, 0, -0.0271979, 0, -0.110681, 0, -0.335069, 0, -0.110681, 0, -0.263302, 0, -0.168406, 0, -0.263302, 0, -0.0271979, 0, -0.0312639, 0, -0.110681, 0, -0.0194732, 0, -0.0271979, 0, -0.263302, 0, -0.110681, 0, -0.0194732, 0, -0.0271979, 0, ]
target_state = [0.0455771, 0, 0.044126, 0, 0.0455771, 0, 0.146277, 0, 0.23687, 0, 0.0455771, 0, 0.23687, 0, 0.206374, 0, 0.23687, 0, 0.206374, 0, 0.0455771, 0, 0.23687, 0, 0.146277, 0, 0.296767, 0, 0.206374, 0, 0.044126, 0, 0.146277, 0, 0.0672868, 0, 0.146277, 0, 0.23687, 0, 0.0455771, 0, 0.146277, 0, 0.296767, 0, 0.146277, 0, 0.23687, 0, 0.206374, 0, 0.23687, 0, 0.0455771, 0, 0.0672868, 0, 0.146277, 0, 0.044126, 0, 0.0455771, 0, 0.23687, 0, 0.146277, 0, 0.044126, 0, 0.0455771, 0, ]
USE_ENERGY_DISTANCE =     false
PERIODIC =                false
UNIFORM_SITES =           true
DEVICE_DIMENSION =        2
MAX_PARAM =               1
MIN_PARAM =               0
MIN_PARAM =               0
DIAG =                    true
NUM_SEEDS =               2
NUMBER_OF_BANGS =               7
DISTANCE_LIMIT =          0.02
TAU_SCALAR =              1.2
TAU_SCALAR_TINY =         1.1
TAU_SCALAR_BIG =          1.4
ACCEPTANCE_PROB =         0.85
TEMP_EXP_DECAY =          0.8
MIN_TEMP_FRACTION =       0.01
TEMP_DECAY_ITERATIONS =   21
ZERO_TEMP_ITREATIONS =    15
RANDOM_STATES =           3
END_PARAMETERS
##############################################################################
clock_duration  =         73.5698
tau =                     0.8
total_steps =             32
time_step =               0.025
best_mc_result =          0.0011271
best_mc_result_non_secondary =          0.00144084
evolved_target_dot_squared =  0.998873
distance =          1
j_protocol =  [[1, 1, 0, 0, 0, 1, 1, 0, 0, 0, 0, 0, 1, 1, 1, 0, 0, 1, 1, 1, 0, 1, 0, 1, 0, 0, 0, 1, 1, 1, 0, 0, ],[1, 1, 0, 0, 1, 1, 0, 0, 0, 0, 0, 0, 0, 0, 1, 1, 0, 0, 1, 1, 1, 1, 1, 1, 0, 0, 0, 0, 1, 1, 0, 0, ],]
k_protocol =  [[0, 1, 1, 1, 1, 1, 1, 1, 1, 1, 1, 1, 1, 1, 1, 1, 1, 1, 1, 1, 1, 1, 1, 1, 1, 1, 1, 1, 0, 1, 1, 1, ],[1, 1, 1, 1, 0, 0, 1, 1, 1, 1, 1, 1, 1, 1, 1, 1, 1, 1, 1, 1, 1, 1, 1, 1, 1, 1, 1, 1, 1, 1, 1, 1, ],]
j_protocol_secondary =  [0, 0.0546812, 0.12582, 0.174411, 0.306264, 0.372212, 0.42728, 0.500632, 0.523456, 0.551226, 0.571939, 0.606824, 0.671579, 0.748892, ]
k_protocol_secondary =  [0.0262428, 0.0678585, 0.0678585, 0.187121, 0.187121, 0.280686, 0.280686, 0.365012, 0.365012, 0.70785, 0.70785, 0.709903, 0.709903, 0.8, ]
best_evolved_state = [-0.0202626, -0.0395172, -0.0155604, -0.0335508, -0.0202626, -0.0395172, -0.0632481, -0.128743, -0.110337, -0.209199, -0.0202626, -0.0395172, -0.110337, -0.209199, -0.107892, -0.183094, -0.110337, -0.209199, -0.107892, -0.183094, -0.0202626, -0.0395172, -0.110337, -0.209199, -0.0632481, -0.128743, -0.139544, -0.263552, -0.107892, -0.183094, -0.0155604, -0.0335508, -0.0632481, -0.128743, -0.0227663, -0.0595237, -0.0632481, -0.128743, -0.110337, -0.209199, -0.0202626, -0.0395172, -0.0632481, -0.128743, -0.139544, -0.263552, -0.0632481, -0.128743, -0.110337, -0.209199, -0.107892, -0.183094, -0.110337, -0.209199, -0.0202626, -0.0395172, -0.0227663, -0.0595237, -0.0632481, -0.128743, -0.0155604, -0.0335508, -0.0202626, -0.0395172, -0.110337, -0.209199, -0.0632481, -0.128743, -0.0155604, -0.0335508, -0.0202626, -0.0395172, ]
best_mc_result_fixed_tau =   [0.00144084, 0.0015837, ]
evolved_state_fixed_tau =   [[-0.019569, -0.0352168, -0.0159728, -0.0361887, -0.019569, -0.0352168, -0.0635019, -0.128709, -0.114352, -0.207134, -0.019569, -0.0352168, -0.114352, -0.207134, -0.109329, -0.184032, -0.114352, -0.207134, -0.109329, -0.184032, -0.019569, -0.0352168, -0.114352, -0.207134, -0.0635019, -0.128709, -0.144794, -0.259426, -0.109329, -0.184032, -0.0159728, -0.0361887, -0.0635019, -0.128709, -0.0213808, -0.0607921, -0.0635019, -0.128709, -0.114352, -0.207134, -0.019569, -0.0352168, -0.0635019, -0.128709, -0.144794, -0.259426, -0.0635019, -0.128709, -0.114352, -0.207134, -0.109329, -0.184032, -0.114352, -0.207134, -0.019569, -0.0352168, -0.0213808, -0.0607921, -0.0635019, -0.128709, -0.0159728, -0.0361887, -0.019569, -0.0352168, -0.114352, -0.207134, -0.0635019, -0.128709, -0.0159728, -0.0361887, -0.019569, -0.0352168, ],[-0.019569, -0.0352168, -0.0159728, -0.0361887, -0.019569, -0.0352168, -0.0635019, -0.128709, -0.114352, -0.207134, -0.019569, -0.0352168, -0.114352, -0.207134, -0.109329, -0.184032, -0.114352, -0.207134, -0.109329, -0.184032, -0.019569, -0.0352168, -0.114352, -0.207134, -0.0635019, -0.128709, -0.144794, -0.259426, -0.109329, -0.184032, -0.0159728, -0.0361887, -0.0635019, -0.128709, -0.0213808, -0.0607921, -0.0635019, -0.128709, -0.114352, -0.207134, -0.019569, -0.0352168, -0.0635019, -0.128709, -0.144794, -0.259426, -0.0635019, -0.128709, -0.114352, -0.207134, -0.109329, -0.184032, -0.114352, -0.207134, -0.019569, -0.0352168, -0.0213808, -0.0607921, -0.0635019, -0.128709, -0.0159728, -0.0361887, -0.019569, -0.0352168, -0.114352, -0.207134, -0.0635019, -0.128709, -0.0159728, -0.0361887, -0.019569, -0.0352168, ],]
