START_PARAMETERS
MAX_STEPS_MCDB =               32
MIN_STEPS_MCDB =               4
STEPS_CRUNCH_MCDB =            1
SWEEPS_MCDB =                  80
TOTAL_STEP_CHANGES =                  6
MCBB_SECONDARY =                  1
SWEEPS_MCBB_SECONDARY =                  300
NUMBER_OF_BANGS =                  7
GROUND_E =                -1.41604
INITIAL_E =               -1.3607
j_initial =               0.556
k_initial =               0.031
b_initial =               0
j_target =                0.693
k_target =                0.25
b_target =                0
init_target_dot_squared = 0.973621
init_state = [-0.0261264, 0, -0.0443186, 0, -0.0494267, 0, -0.0325156, 0, -0.0443186, 0, -0.0261264, 0, -0.057762, 0, -0.0826303, 0, -0.0613195, 0, -0.0261264, 0, -0.0826303, 0, -0.110853, 0, -0.0769143, 0, -0.0613195, 0, -0.0769143, 0, -0.0613195, 0, -0.0769143, 0, -0.110853, 0, -0.0826303, 0, -0.130013, 0, -0.145327, 0, -0.0261264, 0, -0.0613195, 0, -0.0826303, 0, -0.057762, 0, -0.0951252, 0, -0.130013, 0, -0.0769143, 0, -0.0443186, 0, -0.0826303, 0, -0.0961305, 0, -0.0633383, 0, -0.100257, 0, -0.145108, 0, -0.110853, 0, -0.0494267, 0, -0.0826303, 0, -0.130013, 0, -0.145108, 0, -0.0961305, 0, -0.145108, 0, -0.199172, 0, -0.145327, 0, -0.110853, 0, -0.0769143, 0, -0.0961305, 0, -0.145108, 0, -0.130013, 0, -0.0826303, 0, -0.110853, 0, -0.145327, 0, -0.199172, 0, -0.145108, 0, -0.130013, 0, -0.145327, 0, -0.0633383, 0, -0.0961305, 0, -0.0826303, 0, -0.0443186, 0, -0.0494267, 0, -0.110853, 0, -0.145108, 0, -0.100257, 0, -0.0951252, 0, -0.130013, 0, -0.0769143, 0, -0.0403501, 0, -0.0633383, 0, -0.057762, 0, -0.0325156, 0, -0.0443186, 0, -0.0826303, 0, -0.0961305, 0, -0.0633383, 0, -0.057762, 0, -0.0826303, 0, -0.0613195, 0, -0.0261264, 0, -0.0633383, 0, -0.100257, 0, -0.0951252, 0, -0.057762, 0, -0.0826303, 0, -0.130013, 0, -0.145108, 0, -0.0961305, 0, -0.0826303, 0, -0.110853, 0, -0.0769143, 0, -0.0613195, 0, -0.0261264, 0, -0.057762, 0, -0.0951252, 0, -0.100257, 0, -0.0633383, 0, -0.0961305, 0, -0.145108, 0, -0.130013, 0, -0.0826303, 0, -0.0613195, 0, -0.0769143, 0, -0.110853, 0, -0.0826303, 0, -0.0443186, 0, -0.0494267, 0, -0.0325156, 0, -0.057762, 0, -0.0633383, 0, -0.0403501, 0, -0.0633383, 0, -0.0961305, 0, -0.0826303, 0, -0.0443186, 0, -0.0261264, 0, -0.0613195, 0, -0.0826303, 0, -0.057762, 0, -0.0325156, 0, -0.0443186, 0, -0.0261264, 0, ]
target_state = [-0.0144865, 0, -0.0297673, 0, -0.0360452, 0, -0.0181677, 0, -0.0297673, 0, -0.0144865, 0, -0.0412263, 0, -0.0712329, 0, -0.0469507, 0, -0.0144865, 0, -0.0712329, 0, -0.111086, 0, -0.063874, 0, -0.0469507, 0, -0.063874, 0, -0.0469507, 0, -0.063874, 0, -0.111086, 0, -0.0712329, 0, -0.13704, 0, -0.159748, 0, -0.0144865, 0, -0.0469507, 0, -0.0712329, 0, -0.0412263, 0, -0.0848654, 0, -0.13704, 0, -0.063874, 0, -0.0297673, 0, -0.0712329, 0, -0.0878507, 0, -0.0469546, 0, -0.0921294, 0, -0.16172, 0, -0.111086, 0, -0.0360452, 0, -0.0712329, 0, -0.13704, 0, -0.16172, 0, -0.0878507, 0, -0.16172, 0, -0.260861, 0, -0.159748, 0, -0.111086, 0, -0.063874, 0, -0.0878507, 0, -0.16172, 0, -0.13704, 0, -0.0712329, 0, -0.111086, 0, -0.159748, 0, -0.260861, 0, -0.16172, 0, -0.13704, 0, -0.159748, 0, -0.0469546, 0, -0.0878507, 0, -0.0712329, 0, -0.0297673, 0, -0.0360452, 0, -0.111086, 0, -0.16172, 0, -0.0921294, 0, -0.0848654, 0, -0.13704, 0, -0.063874, 0, -0.024032, 0, -0.0469546, 0, -0.0412263, 0, -0.0181677, 0, -0.0297673, 0, -0.0712329, 0, -0.0878507, 0, -0.0469546, 0, -0.0412263, 0, -0.0712329, 0, -0.0469507, 0, -0.0144865, 0, -0.0469546, 0, -0.0921294, 0, -0.0848654, 0, -0.0412263, 0, -0.0712329, 0, -0.13704, 0, -0.16172, 0, -0.0878507, 0, -0.0712329, 0, -0.111086, 0, -0.063874, 0, -0.0469507, 0, -0.0144865, 0, -0.0412263, 0, -0.0848654, 0, -0.0921294, 0, -0.0469546, 0, -0.0878507, 0, -0.16172, 0, -0.13704, 0, -0.0712329, 0, -0.0469507, 0, -0.063874, 0, -0.111086, 0, -0.0712329, 0, -0.0297673, 0, -0.0360452, 0, -0.0181677, 0, -0.0412263, 0, -0.0469546, 0, -0.024032, 0, -0.0469546, 0, -0.0878507, 0, -0.0712329, 0, -0.0297673, 0, -0.0144865, 0, -0.0469507, 0, -0.0712329, 0, -0.0412263, 0, -0.0181677, 0, -0.0297673, 0, -0.0144865, 0, ]
USE_ENERGY_DISTANCE =     false
PERIODIC =                false
UNIFORM_SITES =           true
DEVICE_DIMENSION =        2
MAX_PARAM =               1
MIN_PARAM =               0
MIN_PARAM =               0
DIAG =                    true
NUM_SEEDS =               2
NUMBER_OF_BANGS =               7
DISTANCE_LIMIT =          0.02
TAU_INIT =                0.7
MAX_TAU =                 5
TAU_SCALAR =              1.2
TAU_SCALAR_TINY =         1.1
TAU_SCALAR_BIG =          1.3
ACCEPTANCE_PROB =         0.85
TEMP_EXP_DECAY =          0.8
MIN_TEMP_FRACTION =       0.01
TEMP_DECAY_ITERATIONS =   21
ZERO_TEMP_ITREATIONS =    20
RANDOM_STATES =           3
END_PARAMETERS
##############################################################################
clock_duration  =         3200.39
tau =                     0.175
total_steps =             32
time_step =               0.021875
best_mc_result =          0.0212696
best_mc_result_non_secondary =          0
evolved_target_dot_squared =  0.97873
distance =          0.806299
j_protocol =  [[0, 0, 0, 0, 0, 0, 0, 0, 0, 0, 0, 0, 0, 0, 0, 0, 0, 0, 0, 0, 0, 0, 0, 0, 0, 0, 0, 0, 0, 0, 0, 0, ],[0, 0, 0, 0, 0, 0, 0, 0, 0, 0, 0, 0, 0, 0, 0, 0, 0, 0, 0, 0, 0, 0, 0, 0, 0, 0, 0, 0, 0, 0, 0, 0, ],]
k_protocol =  [[0, 0, 0, 0, 0, 0, 0, 0, 0, 0, 0, 0, 0, 0, 0, 0, 0, 0, 0, 0, 0, 0, 0, 0, 0, 0, 0, 0, 0, 0, 0, 0, ],[0, 0, 0, 0, 0, 0, 0, 0, 0, 0, 0, 0, 0, 0, 0, 0, 0, 0, 0, 0, 0, 0, 0, 0, 0, 0, 0, 0, 0, 0, 0, 0, ],]
j_protocol_secondary =  [0.00223788, 0.00473231, 0.00473231, 0.0370691, 0.0370691, 0.074724, 0.074724, 0.0838983, 0.0838983, 0.101652, 0.101652, 0.162687, 0.162687, 0.175, ]
k_protocol_secondary =  [0, 0.0154912, 0.0154912, 0.0443396, 0.0780777, 0.0780777, 0.0930453, 0.0930453, 0.0988864, 0.0988864, 0.14412, 0.14412, 0.175, 0.175, ]
best_evolved_state = [-0.0201923, -0.00878637, -0.0392024, -0.0175381, -0.0380647, -0.0194631, -0.0281037, -0.0115719, -0.0392024, -0.0175381, -0.0201923, -0.00878637, -0.0494125, -0.0241283, -0.0710434, -0.0413328, -0.0561311, -0.027653, -0.0201923, -0.00878637, -0.0710434, -0.0413328, -0.100073, -0.0582687, -0.0610061, -0.0350819, -0.0561311, -0.027653, -0.0610061, -0.0350819, -0.0561311, -0.027653, -0.0610061, -0.0350819, -0.100073, -0.0582687, -0.0710434, -0.0413328, -0.113964, -0.0702023, -0.113252, -0.0753611, -0.0201923, -0.00878637, -0.0561311, -0.027653, -0.0710434, -0.0413328, -0.0494125, -0.0241283, -0.0815249, -0.0467411, -0.113964, -0.0702023, -0.0610061, -0.0350819, -0.0392024, -0.0175381, -0.0710434, -0.0413328, -0.0815198, -0.0466508, -0.0543482, -0.0262974, -0.0851901, -0.0486335, -0.123015, -0.0824514, -0.100073, -0.0582687, -0.0380647, -0.0194631, -0.0710434, -0.0413328, -0.113964, -0.0702023, -0.123015, -0.0824514, -0.0815198, -0.0466508, -0.123015, -0.0824514, -0.176148, -0.11968, -0.113252, -0.0753611, -0.100073, -0.0582687, -0.0610061, -0.0350819, -0.0815198, -0.0466508, -0.123015, -0.0824514, -0.113964, -0.0702023, -0.0710434, -0.0413328, -0.100073, -0.0582687, -0.113252, -0.0753611, -0.176148, -0.11968, -0.123015, -0.0824514, -0.113964, -0.0702023, -0.113252, -0.0753611, -0.0543482, -0.0262974, -0.0815198, -0.0466508, -0.0710434, -0.0413328, -0.0392024, -0.0175381, -0.0380647, -0.0194631, -0.100073, -0.0582687, -0.123015, -0.0824514, -0.0851901, -0.0486335, -0.0815249, -0.0467411, -0.113964, -0.0702023, -0.0610061, -0.0350819, -0.0347119, -0.0141146, -0.0543482, -0.0262974, -0.0494125, -0.0241283, -0.0281037, -0.0115719, -0.0392024, -0.0175381, -0.0710434, -0.0413328, -0.0815198, -0.0466508, -0.0543482, -0.0262974, -0.0494125, -0.0241283, -0.0710434, -0.0413328, -0.0561311, -0.027653, -0.0201923, -0.00878637, -0.0543482, -0.0262974, -0.0851901, -0.0486335, -0.0815249, -0.0467411, -0.0494125, -0.0241283, -0.0710434, -0.0413328, -0.113964, -0.0702023, -0.123015, -0.0824514, -0.0815198, -0.0466508, -0.0710434, -0.0413328, -0.100073, -0.0582687, -0.0610061, -0.0350819, -0.0561311, -0.027653, -0.0201923, -0.00878637, -0.0494125, -0.0241283, -0.0815249, -0.0467411, -0.0851901, -0.0486335, -0.0543482, -0.0262974, -0.0815198, -0.0466508, -0.123015, -0.0824514, -0.113964, -0.0702023, -0.0710434, -0.0413328, -0.0561311, -0.027653, -0.0610061, -0.0350819, -0.100073, -0.0582687, -0.0710434, -0.0413328, -0.0392024, -0.0175381, -0.0380647, -0.0194631, -0.0281037, -0.0115719, -0.0494125, -0.0241283, -0.0543482, -0.0262974, -0.0347119, -0.0141146, -0.0543482, -0.0262974, -0.0815198, -0.0466508, -0.0710434, -0.0413328, -0.0392024, -0.0175381, -0.0201923, -0.00878637, -0.0561311, -0.027653, -0.0710434, -0.0413328, -0.0494125, -0.0241283, -0.0281037, -0.0115719, -0.0392024, -0.0175381, -0.0201923, -0.00878637, ]
best_mc_result_fixed_tau =   [0.00680537, 0.00693785, ]
evolved_state_fixed_tau =   [[0.0127131, -0.0113984, 0.0242753, -0.0237521, 0.0330921, -0.0236741, 0.0159831, -0.0126438, 0.0242753, -0.0237521, 0.0127131, -0.0113984, 0.0306892, -0.0316766, 0.0534874, -0.0463627, 0.0372223, -0.0352974, 0.0127131, -0.0113984, 0.0534874, -0.0463627, 0.087461, -0.0669092, 0.0546459, -0.0421984, 0.0372223, -0.0352974, 0.0546459, -0.0421984, 0.0372223, -0.0352974, 0.0546459, -0.0421984, 0.087461, -0.0669092, 0.0534874, -0.0463627, 0.109409, -0.0862157, 0.141319, -0.0825576, 0.0127131, -0.0113984, 0.0372223, -0.0352974, 0.0534874, -0.0463627, 0.0306892, -0.0316766, 0.0714425, -0.0517409, 0.109409, -0.0862157, 0.0546459, -0.0421984, 0.0242753, -0.0237521, 0.0534874, -0.0463627, 0.0714778, -0.0611547, 0.043793, -0.0277887, 0.0739244, -0.0578256, 0.124829, -0.091519, 0.087461, -0.0669092, 0.0330921, -0.0236741, 0.0534874, -0.0463627, 0.109409, -0.0862157, 0.124829, -0.091519, 0.0714778, -0.0611547, 0.124829, -0.091519, 0.203733, -0.126166, 0.141319, -0.0825576, 0.087461, -0.0669092, 0.0546459, -0.0421984, 0.0714778, -0.0611547, 0.124829, -0.091519, 0.109409, -0.0862157, 0.0534874, -0.0463627, 0.087461, -0.0669092, 0.141319, -0.0825576, 0.203733, -0.126166, 0.124829, -0.091519, 0.109409, -0.0862157, 0.141319, -0.0825576, 0.043793, -0.0277887, 0.0714778, -0.0611547, 0.0534874, -0.0463627, 0.0242753, -0.0237521, 0.0330921, -0.0236741, 0.087461, -0.0669092, 0.124829, -0.091519, 0.0739244, -0.0578256, 0.0714425, -0.0517409, 0.109409, -0.0862157, 0.0546459, -0.0421984, 0.0159546, -0.00902925, 0.043793, -0.0277887, 0.0306892, -0.0316766, 0.0159831, -0.0126438, 0.0242753, -0.0237521, 0.0534874, -0.0463627, 0.0714778, -0.0611547, 0.043793, -0.0277887, 0.0306892, -0.0316766, 0.0534874, -0.0463627, 0.0372223, -0.0352974, 0.0127131, -0.0113984, 0.043793, -0.0277887, 0.0739244, -0.0578256, 0.0714425, -0.0517409, 0.0306892, -0.0316766, 0.0534874, -0.0463627, 0.109409, -0.0862157, 0.124829, -0.091519, 0.0714778, -0.0611547, 0.0534874, -0.0463627, 0.087461, -0.0669092, 0.0546459, -0.0421984, 0.0372223, -0.0352974, 0.0127131, -0.0113984, 0.0306892, -0.0316766, 0.0714425, -0.0517409, 0.0739244, -0.0578256, 0.043793, -0.0277887, 0.0714778, -0.0611547, 0.124829, -0.091519, 0.109409, -0.0862157, 0.0534874, -0.0463627, 0.0372223, -0.0352974, 0.0546459, -0.0421984, 0.087461, -0.0669092, 0.0534874, -0.0463627, 0.0242753, -0.0237521, 0.0330921, -0.0236741, 0.0159831, -0.0126438, 0.0306892, -0.0316766, 0.043793, -0.0277887, 0.0159546, -0.00902925, 0.043793, -0.0277887, 0.0714778, -0.0611547, 0.0534874, -0.0463627, 0.0242753, -0.0237521, 0.0127131, -0.0113984, 0.0372223, -0.0352974, 0.0534874, -0.0463627, 0.0306892, -0.0316766, 0.0159831, -0.0126438, 0.0242753, -0.0237521, 0.0127131, -0.0113984, ],[0.0105336, -0.0118815, 0.0209661, -0.027226, 0.028758, -0.0261362, 0.0142034, -0.013816, 0.0209661, -0.027226, 0.0105336, -0.0118815, 0.0256425, -0.0356343, 0.0462979, -0.0516257, 0.0326008, -0.040978, 0.0105336, -0.0118815, 0.0462979, -0.0516257, 0.0787784, -0.0798565, 0.0473719, -0.0468726, 0.0326008, -0.040978, 0.0473719, -0.0468726, 0.0326008, -0.040978, 0.0473719, -0.0468726, 0.0787784, -0.0798565, 0.0462979, -0.0516257, 0.0976983, -0.102054, 0.127795, -0.0973303, 0.0105336, -0.0118815, 0.0326008, -0.040978, 0.0462979, -0.0516257, 0.0256425, -0.0356343, 0.0640337, -0.0595853, 0.0976983, -0.102054, 0.0473719, -0.0468726, 0.0209661, -0.027226, 0.0462979, -0.0516257, 0.0624541, -0.0708051, 0.0400857, -0.0323563, 0.0652172, -0.0674491, 0.111292, -0.106069, 0.0787784, -0.0798565, 0.028758, -0.0261362, 0.0462979, -0.0516257, 0.0976983, -0.102054, 0.111292, -0.106069, 0.0624541, -0.0708051, 0.111292, -0.106069, 0.188046, -0.156157, 0.127795, -0.0973303, 0.0787784, -0.0798565, 0.0473719, -0.0468726, 0.0624541, -0.0708051, 0.111292, -0.106069, 0.0976983, -0.102054, 0.0462979, -0.0516257, 0.0787784, -0.0798565, 0.127795, -0.0973303, 0.188046, -0.156157, 0.111292, -0.106069, 0.0976983, -0.102054, 0.127795, -0.0973303, 0.0400857, -0.0323563, 0.0624541, -0.0708051, 0.0462979, -0.0516257, 0.0209661, -0.027226, 0.028758, -0.0261362, 0.0787784, -0.0798565, 0.111292, -0.106069, 0.0652172, -0.0674491, 0.0640337, -0.0595853, 0.0976983, -0.102054, 0.0473719, -0.0468726, 0.0138679, -0.0103269, 0.0400857, -0.0323563, 0.0256425, -0.0356343, 0.0142034, -0.013816, 0.0209661, -0.027226, 0.0462979, -0.0516257, 0.0624541, -0.0708051, 0.0400857, -0.0323563, 0.0256425, -0.0356343, 0.0462979, -0.0516257, 0.0326008, -0.040978, 0.0105336, -0.0118815, 0.0400857, -0.0323563, 0.0652172, -0.0674491, 0.0640337, -0.0595853, 0.0256425, -0.0356343, 0.0462979, -0.0516257, 0.0976983, -0.102054, 0.111292, -0.106069, 0.0624541, -0.0708051, 0.0462979, -0.0516257, 0.0787784, -0.0798565, 0.0473719, -0.0468726, 0.0326008, -0.040978, 0.0105336, -0.0118815, 0.0256425, -0.0356343, 0.0640337, -0.0595853, 0.0652172, -0.0674491, 0.0400857, -0.0323563, 0.0624541, -0.0708051, 0.111292, -0.106069, 0.0976983, -0.102054, 0.0462979, -0.0516257, 0.0326008, -0.040978, 0.0473719, -0.0468726, 0.0787784, -0.0798565, 0.0462979, -0.0516257, 0.0209661, -0.027226, 0.028758, -0.0261362, 0.0142034, -0.013816, 0.0256425, -0.0356343, 0.0400857, -0.0323563, 0.0138679, -0.0103269, 0.0400857, -0.0323563, 0.0624541, -0.0708051, 0.0462979, -0.0516257, 0.0209661, -0.027226, 0.0105336, -0.0118815, 0.0326008, -0.040978, 0.0462979, -0.0516257, 0.0256425, -0.0356343, 0.0142034, -0.013816, 0.0209661, -0.027226, 0.0105336, -0.0118815, ],]
##############################################################################
clock_duration  =         5192.67
tau =                     0.21875
total_steps =             32
time_step =               0.021875
best_mc_result =          0.0198035
best_mc_result_non_secondary =          0
evolved_target_dot_squared =  0.980196
distance =          0.750723
j_protocol =  [[0, 0, 0, 0, 0, 0, 0, 0, 0, 0, 0, 0, 0, 0, 0, 0, 0, 0, 0, 0, 0, 0, 0, 0, 0, 0, 0, 0, 0, 0, 0, 0, ],[0, 0, 0, 0, 0, 0, 0, 0, 0, 0, 0, 0, 0, 0, 0, 0, 0, 0, 0, 0, 0, 0, 0, 0, 0, 0, 0, 0, 0, 0, 0, 0, ],]
k_protocol =  [[0, 0, 0, 0, 0, 0, 0, 0, 0, 0, 0, 0, 0, 0, 0, 0, 0, 0, 0, 0, 0, 0, 0, 0, 0, 0, 0, 0, 0, 0, 0, 0, ],[0, 0, 0, 0, 0, 0, 0, 0, 0, 0, 0, 0, 0, 0, 0, 0, 0, 0, 0, 0, 0, 0, 0, 0, 0, 0, 0, 0, 0, 0, 0, 0, ],]
j_protocol_secondary =  [0.00231221, 0.00591539, 0.00591539, 0.0463364, 0.0463364, 0.0934049, 0.0934049, 0.104873, 0.104873, 0.127065, 0.127065, 0.203359, 0.203359, 0.21875, ]
k_protocol_secondary =  [0, 0.0196781, 0.0196781, 0.0526521, 0.0974538, 0.0974538, 0.115612, 0.115612, 0.123394, 0.123394, 0.18015, 0.18015, 0.21875, 0.21875, ]
best_evolved_state = [-0.0171628, -0.0122885, -0.035226, -0.0222458, -0.0319492, -0.0262941, -0.0253098, -0.0152227, -0.035226, -0.0222458, -0.0171628, -0.0122885, -0.0437522, -0.0311276, -0.0634826, -0.0529423, -0.0512249, -0.0342776, -0.0171628, -0.0122885, -0.0634826, -0.0529423, -0.0905378, -0.0718365, -0.0520395, -0.0463016, -0.0512249, -0.0342776, -0.0520395, -0.0463016, -0.0512249, -0.0342776, -0.0520395, -0.0463016, -0.0905378, -0.0718365, -0.0634826, -0.0529423, -0.101519, -0.0874338, -0.094674, -0.0975615, -0.0171628, -0.0122885, -0.0512249, -0.0342776, -0.0634826, -0.0529423, -0.0437522, -0.0311276, -0.0724031, -0.0594925, -0.101519, -0.0874338, -0.0520395, -0.0463016, -0.035226, -0.0222458, -0.0634826, -0.0529423, -0.0714623, -0.0592855, -0.0483301, -0.0337096, -0.0748462, -0.0617594, -0.108489, -0.104392, -0.0905378, -0.0718365, -0.0319492, -0.0262941, -0.0634826, -0.0529423, -0.101519, -0.0874338, -0.108489, -0.104392, -0.0714623, -0.0592855, -0.108489, -0.104392, -0.157298, -0.147027, -0.094674, -0.0975615, -0.0905378, -0.0718365, -0.0520395, -0.0463016, -0.0714623, -0.0592855, -0.108489, -0.104392, -0.101519, -0.0874338, -0.0634826, -0.0529423, -0.0905378, -0.0718365, -0.094674, -0.0975615, -0.157298, -0.147027, -0.108489, -0.104392, -0.101519, -0.0874338, -0.094674, -0.0975615, -0.0483301, -0.0337096, -0.0714623, -0.0592855, -0.0634826, -0.0529423, -0.035226, -0.0222458, -0.0319492, -0.0262941, -0.0905378, -0.0718365, -0.108489, -0.104392, -0.0748462, -0.0617594, -0.0724031, -0.0594925, -0.101519, -0.0874338, -0.0520395, -0.0463016, -0.0310878, -0.0185077, -0.0483301, -0.0337096, -0.0437522, -0.0311276, -0.0253098, -0.0152227, -0.035226, -0.0222458, -0.0634826, -0.0529423, -0.0714623, -0.0592855, -0.0483301, -0.0337096, -0.0437522, -0.0311276, -0.0634826, -0.0529423, -0.0512249, -0.0342776, -0.0171628, -0.0122885, -0.0483301, -0.0337096, -0.0748462, -0.0617594, -0.0724031, -0.0594925, -0.0437522, -0.0311276, -0.0634826, -0.0529423, -0.101519, -0.0874338, -0.108489, -0.104392, -0.0714623, -0.0592855, -0.0634826, -0.0529423, -0.0905378, -0.0718365, -0.0520395, -0.0463016, -0.0512249, -0.0342776, -0.0171628, -0.0122885, -0.0437522, -0.0311276, -0.0724031, -0.0594925, -0.0748462, -0.0617594, -0.0483301, -0.0337096, -0.0714623, -0.0592855, -0.108489, -0.104392, -0.101519, -0.0874338, -0.0634826, -0.0529423, -0.0512249, -0.0342776, -0.0520395, -0.0463016, -0.0905378, -0.0718365, -0.0634826, -0.0529423, -0.035226, -0.0222458, -0.0319492, -0.0262941, -0.0253098, -0.0152227, -0.0437522, -0.0311276, -0.0483301, -0.0337096, -0.0310878, -0.0185077, -0.0483301, -0.0337096, -0.0714623, -0.0592855, -0.0634826, -0.0529423, -0.035226, -0.0222458, -0.0171628, -0.0122885, -0.0512249, -0.0342776, -0.0634826, -0.0529423, -0.0437522, -0.0311276, -0.0253098, -0.0152227, -0.035226, -0.0222458, -0.0171628, -0.0122885, ]
best_mc_result_fixed_tau =   [0.00680537, 0.00693785, ]
evolved_state_fixed_tau =   [[0.0127131, -0.0113984, 0.0242753, -0.0237521, 0.0330921, -0.0236741, 0.0159831, -0.0126438, 0.0242753, -0.0237521, 0.0127131, -0.0113984, 0.0306892, -0.0316766, 0.0534874, -0.0463627, 0.0372223, -0.0352974, 0.0127131, -0.0113984, 0.0534874, -0.0463627, 0.087461, -0.0669092, 0.0546459, -0.0421984, 0.0372223, -0.0352974, 0.0546459, -0.0421984, 0.0372223, -0.0352974, 0.0546459, -0.0421984, 0.087461, -0.0669092, 0.0534874, -0.0463627, 0.109409, -0.0862157, 0.141319, -0.0825576, 0.0127131, -0.0113984, 0.0372223, -0.0352974, 0.0534874, -0.0463627, 0.0306892, -0.0316766, 0.0714425, -0.0517409, 0.109409, -0.0862157, 0.0546459, -0.0421984, 0.0242753, -0.0237521, 0.0534874, -0.0463627, 0.0714778, -0.0611547, 0.043793, -0.0277887, 0.0739244, -0.0578256, 0.124829, -0.091519, 0.087461, -0.0669092, 0.0330921, -0.0236741, 0.0534874, -0.0463627, 0.109409, -0.0862157, 0.124829, -0.091519, 0.0714778, -0.0611547, 0.124829, -0.091519, 0.203733, -0.126166, 0.141319, -0.0825576, 0.087461, -0.0669092, 0.0546459, -0.0421984, 0.0714778, -0.0611547, 0.124829, -0.091519, 0.109409, -0.0862157, 0.0534874, -0.0463627, 0.087461, -0.0669092, 0.141319, -0.0825576, 0.203733, -0.126166, 0.124829, -0.091519, 0.109409, -0.0862157, 0.141319, -0.0825576, 0.043793, -0.0277887, 0.0714778, -0.0611547, 0.0534874, -0.0463627, 0.0242753, -0.0237521, 0.0330921, -0.0236741, 0.087461, -0.0669092, 0.124829, -0.091519, 0.0739244, -0.0578256, 0.0714425, -0.0517409, 0.109409, -0.0862157, 0.0546459, -0.0421984, 0.0159546, -0.00902925, 0.043793, -0.0277887, 0.0306892, -0.0316766, 0.0159831, -0.0126438, 0.0242753, -0.0237521, 0.0534874, -0.0463627, 0.0714778, -0.0611547, 0.043793, -0.0277887, 0.0306892, -0.0316766, 0.0534874, -0.0463627, 0.0372223, -0.0352974, 0.0127131, -0.0113984, 0.043793, -0.0277887, 0.0739244, -0.0578256, 0.0714425, -0.0517409, 0.0306892, -0.0316766, 0.0534874, -0.0463627, 0.109409, -0.0862157, 0.124829, -0.091519, 0.0714778, -0.0611547, 0.0534874, -0.0463627, 0.087461, -0.0669092, 0.0546459, -0.0421984, 0.0372223, -0.0352974, 0.0127131, -0.0113984, 0.0306892, -0.0316766, 0.0714425, -0.0517409, 0.0739244, -0.0578256, 0.043793, -0.0277887, 0.0714778, -0.0611547, 0.124829, -0.091519, 0.109409, -0.0862157, 0.0534874, -0.0463627, 0.0372223, -0.0352974, 0.0546459, -0.0421984, 0.087461, -0.0669092, 0.0534874, -0.0463627, 0.0242753, -0.0237521, 0.0330921, -0.0236741, 0.0159831, -0.0126438, 0.0306892, -0.0316766, 0.043793, -0.0277887, 0.0159546, -0.00902925, 0.043793, -0.0277887, 0.0714778, -0.0611547, 0.0534874, -0.0463627, 0.0242753, -0.0237521, 0.0127131, -0.0113984, 0.0372223, -0.0352974, 0.0534874, -0.0463627, 0.0306892, -0.0316766, 0.0159831, -0.0126438, 0.0242753, -0.0237521, 0.0127131, -0.0113984, ],[0.0105336, -0.0118815, 0.0209661, -0.027226, 0.028758, -0.0261362, 0.0142034, -0.013816, 0.0209661, -0.027226, 0.0105336, -0.0118815, 0.0256425, -0.0356343, 0.0462979, -0.0516257, 0.0326008, -0.040978, 0.0105336, -0.0118815, 0.0462979, -0.0516257, 0.0787784, -0.0798565, 0.0473719, -0.0468726, 0.0326008, -0.040978, 0.0473719, -0.0468726, 0.0326008, -0.040978, 0.0473719, -0.0468726, 0.0787784, -0.0798565, 0.0462979, -0.0516257, 0.0976983, -0.102054, 0.127795, -0.0973303, 0.0105336, -0.0118815, 0.0326008, -0.040978, 0.0462979, -0.0516257, 0.0256425, -0.0356343, 0.0640337, -0.0595853, 0.0976983, -0.102054, 0.0473719, -0.0468726, 0.0209661, -0.027226, 0.0462979, -0.0516257, 0.0624541, -0.0708051, 0.0400857, -0.0323563, 0.0652172, -0.0674491, 0.111292, -0.106069, 0.0787784, -0.0798565, 0.028758, -0.0261362, 0.0462979, -0.0516257, 0.0976983, -0.102054, 0.111292, -0.106069, 0.0624541, -0.0708051, 0.111292, -0.106069, 0.188046, -0.156157, 0.127795, -0.0973303, 0.0787784, -0.0798565, 0.0473719, -0.0468726, 0.0624541, -0.0708051, 0.111292, -0.106069, 0.0976983, -0.102054, 0.0462979, -0.0516257, 0.0787784, -0.0798565, 0.127795, -0.0973303, 0.188046, -0.156157, 0.111292, -0.106069, 0.0976983, -0.102054, 0.127795, -0.0973303, 0.0400857, -0.0323563, 0.0624541, -0.0708051, 0.0462979, -0.0516257, 0.0209661, -0.027226, 0.028758, -0.0261362, 0.0787784, -0.0798565, 0.111292, -0.106069, 0.0652172, -0.0674491, 0.0640337, -0.0595853, 0.0976983, -0.102054, 0.0473719, -0.0468726, 0.0138679, -0.0103269, 0.0400857, -0.0323563, 0.0256425, -0.0356343, 0.0142034, -0.013816, 0.0209661, -0.027226, 0.0462979, -0.0516257, 0.0624541, -0.0708051, 0.0400857, -0.0323563, 0.0256425, -0.0356343, 0.0462979, -0.0516257, 0.0326008, -0.040978, 0.0105336, -0.0118815, 0.0400857, -0.0323563, 0.0652172, -0.0674491, 0.0640337, -0.0595853, 0.0256425, -0.0356343, 0.0462979, -0.0516257, 0.0976983, -0.102054, 0.111292, -0.106069, 0.0624541, -0.0708051, 0.0462979, -0.0516257, 0.0787784, -0.0798565, 0.0473719, -0.0468726, 0.0326008, -0.040978, 0.0105336, -0.0118815, 0.0256425, -0.0356343, 0.0640337, -0.0595853, 0.0652172, -0.0674491, 0.0400857, -0.0323563, 0.0624541, -0.0708051, 0.111292, -0.106069, 0.0976983, -0.102054, 0.0462979, -0.0516257, 0.0326008, -0.040978, 0.0473719, -0.0468726, 0.0787784, -0.0798565, 0.0462979, -0.0516257, 0.0209661, -0.027226, 0.028758, -0.0261362, 0.0142034, -0.013816, 0.0256425, -0.0356343, 0.0400857, -0.0323563, 0.0138679, -0.0103269, 0.0400857, -0.0323563, 0.0624541, -0.0708051, 0.0462979, -0.0516257, 0.0209661, -0.027226, 0.0105336, -0.0118815, 0.0326008, -0.040978, 0.0462979, -0.0516257, 0.0256425, -0.0356343, 0.0142034, -0.013816, 0.0209661, -0.027226, 0.0105336, -0.0118815, ],]
