START_PARAMETERS
MAX_STEPS_MCDB =               32
MIN_STEPS_MCDB =               4
STEPS_CRUNCH_MCDB =            1
SWEEPS_MCDB =                  80
TOTAL_STEP_CHANGES =                  6
MCBB_SECONDARY =                  1
SWEEPS_MCBB_SECONDARY =                  300
NUMBER_OF_BANGS =                  7
GROUND_E =                3.99127
INITIAL_E =               4.67635
j_initial =               0.417
k_initial =               0.5
b_initial =               0
j_target =                0.033
k_target =                0.5
b_target =                0
init_target_dot_squared = 0.437774
init_state = [-0.00322566, 0, -0.00999257, 0, -0.015838, 0, -0.00392199, 0, -0.00999257, 0, -0.00322566, 0, -0.0148969, 0, -0.0399398, 0, -0.0193419, 0, -0.00322566, 0, -0.0399398, 0, -0.0905173, 0, -0.0331971, 0, -0.0193419, 0, -0.0331971, 0, -0.0193419, 0, -0.0331971, 0, -0.0905173, 0, -0.0399398, 0, -0.122019, 0, -0.163503, 0, -0.00322566, 0, -0.0193419, 0, -0.0399398, 0, -0.0148969, 0, -0.0501793, 0, -0.122019, 0, -0.0331971, 0, -0.00999257, 0, -0.0399398, 0, -0.0586011, 0, -0.01937, 0, -0.0611947, 0, -0.17205, 0, -0.0905173, 0, -0.015838, 0, -0.0399398, 0, -0.122019, 0, -0.17205, 0, -0.0586011, 0, -0.17205, 0, -0.432982, 0, -0.163503, 0, -0.0905173, 0, -0.0331971, 0, -0.0586011, 0, -0.17205, 0, -0.122019, 0, -0.0399398, 0, -0.0905173, 0, -0.163503, 0, -0.432982, 0, -0.17205, 0, -0.122019, 0, -0.163503, 0, -0.01937, 0, -0.0586011, 0, -0.0399398, 0, -0.00999257, 0, -0.015838, 0, -0.0905173, 0, -0.17205, 0, -0.0611947, 0, -0.0501793, 0, -0.122019, 0, -0.0331971, 0, -0.00610452, 0, -0.01937, 0, -0.0148969, 0, -0.00392199, 0, -0.00999257, 0, -0.0399398, 0, -0.0586011, 0, -0.01937, 0, -0.0148969, 0, -0.0399398, 0, -0.0193419, 0, -0.00322566, 0, -0.01937, 0, -0.0611947, 0, -0.0501793, 0, -0.0148969, 0, -0.0399398, 0, -0.122019, 0, -0.17205, 0, -0.0586011, 0, -0.0399398, 0, -0.0905173, 0, -0.0331971, 0, -0.0193419, 0, -0.00322566, 0, -0.0148969, 0, -0.0501793, 0, -0.0611947, 0, -0.01937, 0, -0.0586011, 0, -0.17205, 0, -0.122019, 0, -0.0399398, 0, -0.0193419, 0, -0.0331971, 0, -0.0905173, 0, -0.0399398, 0, -0.00999257, 0, -0.015838, 0, -0.00392199, 0, -0.0148969, 0, -0.01937, 0, -0.00610452, 0, -0.01937, 0, -0.0586011, 0, -0.0399398, 0, -0.00999257, 0, -0.00322566, 0, -0.0193419, 0, -0.0399398, 0, -0.0148969, 0, -0.00392199, 0, -0.00999257, 0, -0.00322566, 0, ]
target_state = [7.11594e-08, 0, 1.94135e-06, 0, 2.5298e-05, 0, 8.21568e-08, 0, 1.94135e-06, 0, 7.11594e-08, 0, 3.04871e-06, 0, 7.57746e-05, 0, 4.4296e-06, 0, 7.11594e-08, 0, 7.57746e-05, 0, 0.00153462, 0, 5.89705e-05, 0, 4.4296e-06, 0, 5.89705e-05, 0, 4.4296e-06, 0, 5.89705e-05, 0, 0.00153462, 0, 7.57746e-05, 0, 0.00229847, 0, 0.0232823, 0, 7.11594e-08, 0, 4.4296e-06, 0, 7.57746e-05, 0, 3.04871e-06, 0, 0.000100945, 0, 0.00229847, 0, 5.89705e-05, 0, 1.94135e-06, 0, 7.57746e-05, 0, 0.000769946, 0, 2.53862e-05, 0, 0.000770773, 0, 0.0233324, 0, 0.00153462, 0, 2.5298e-05, 0, 7.57746e-05, 0, 0.00229847, 0, 0.0233324, 0, 0.000769946, 0, 0.0233324, 0, 0.704772, 0, 0.0232823, 0, 0.00153462, 0, 5.89705e-05, 0, 0.000769946, 0, 0.0233324, 0, 0.00229847, 0, 7.57746e-05, 0, 0.00153462, 0, 0.0232823, 0, 0.704772, 0, 0.0233324, 0, 0.00229847, 0, 0.0232823, 0, 2.53862e-05, 0, 0.000769946, 0, 7.57746e-05, 0, 1.94135e-06, 0, 2.5298e-05, 0, 0.00153462, 0, 0.0233324, 0, 0.000770773, 0, 0.000100945, 0, 0.00229847, 0, 5.89705e-05, 0, 8.35918e-07, 0, 2.53862e-05, 0, 3.04871e-06, 0, 8.21568e-08, 0, 1.94135e-06, 0, 7.57746e-05, 0, 0.000769946, 0, 2.53862e-05, 0, 3.04871e-06, 0, 7.57746e-05, 0, 4.4296e-06, 0, 7.11594e-08, 0, 2.53862e-05, 0, 0.000770773, 0, 0.000100945, 0, 3.04871e-06, 0, 7.57746e-05, 0, 0.00229847, 0, 0.0233324, 0, 0.000769946, 0, 7.57746e-05, 0, 0.00153462, 0, 5.89705e-05, 0, 4.4296e-06, 0, 7.11594e-08, 0, 3.04871e-06, 0, 0.000100945, 0, 0.000770773, 0, 2.53862e-05, 0, 0.000769946, 0, 0.0233324, 0, 0.00229847, 0, 7.57746e-05, 0, 4.4296e-06, 0, 5.89705e-05, 0, 0.00153462, 0, 7.57746e-05, 0, 1.94135e-06, 0, 2.5298e-05, 0, 8.21568e-08, 0, 3.04871e-06, 0, 2.53862e-05, 0, 8.35918e-07, 0, 2.53862e-05, 0, 0.000769946, 0, 7.57746e-05, 0, 1.94135e-06, 0, 7.11594e-08, 0, 4.4296e-06, 0, 7.57746e-05, 0, 3.04871e-06, 0, 8.21568e-08, 0, 1.94135e-06, 0, 7.11594e-08, 0, ]
USE_ENERGY_DISTANCE =     false
PERIODIC =                false
UNIFORM_SITES =           true
DEVICE_DIMENSION =        2
MAX_PARAM =               1
MIN_PARAM =               0
MIN_PARAM =               0
DIAG =                    true
NUM_SEEDS =               2
NUMBER_OF_BANGS =               7
DISTANCE_LIMIT =          0.02
TAU_INIT =                0.7
MAX_TAU =                 5
TAU_SCALAR =              1.2
TAU_SCALAR_TINY =         1.1
TAU_SCALAR_BIG =          1.3
ACCEPTANCE_PROB =         0.85
TEMP_EXP_DECAY =          0.8
MIN_TEMP_FRACTION =       0.01
TEMP_DECAY_ITERATIONS =   21
ZERO_TEMP_ITREATIONS =    20
RANDOM_STATES =           3
END_PARAMETERS
##############################################################################
clock_duration  =         967.671
tau =                     0.7
total_steps =             32
time_step =               0.021875
best_mc_result =          0.366819
best_mc_result_non_secondary =          0.36736
evolved_target_dot_squared =  0.633181
distance =          0.65244
j_protocol =  [[0, 0, 0, 0, 0, 0, 0, 0, 1, 1, 1, 1, 1, 1, 0, 0, 0, 0, 0, 0, 0, 0, 0, 0, 0, 0, 1, 1, 1, 1, 1, 1, ],[0, 0, 0, 0, 0, 0, 0, 0, 1, 1, 1, 1, 1, 1, 0, 0, 0, 0, 0, 0, 0, 0, 0, 0, 0, 0, 1, 1, 1, 1, 1, 1, ],]
k_protocol =  [[1, 1, 1, 1, 1, 1, 1, 1, 1, 1, 1, 1, 1, 1, 1, 1, 1, 1, 1, 1, 1, 1, 1, 1, 1, 1, 1, 1, 1, 1, 1, 1, ],[1, 1, 1, 1, 1, 1, 1, 1, 1, 1, 1, 1, 1, 1, 1, 1, 1, 1, 1, 1, 1, 1, 1, 1, 1, 1, 1, 1, 1, 1, 1, 1, ],]
j_protocol_secondary =  [0.0216812, 0.0216812, 0.178298, 0.18747, 0.18747, 0.274981, 0.274981, 0.315187, 0.322794, 0.324625, 0.554367, 0.554367, 0.578079, 0.7, ]
k_protocol_secondary =  [0, 0.0819751, 0.0819751, 0.150105, 0.150105, 0.178043, 0.178043, 0.388794, 0.388794, 0.632081, 0.632081, 0.637091, 0.637091, 0.696089, ]
best_evolved_state = [-0.00117268, 0.00124019, -0.000195693, -0.002053, -0.00915491, -0.0103648, 0.000836776, 0.000432872, -0.000195693, -0.002053, -0.00117268, 0.00124019, -0.00289326, -1.27164e-05, -0.0250522, -0.00406597, -0.00750302, 0.00795872, -0.00117268, 0.00124019, -0.0250522, -0.00406597, -0.0848924, -0.0217969, -0.0141675, -0.0213564, -0.00750302, 0.00795872, -0.0141675, -0.0213564, -0.00750302, 0.00795872, -0.0141675, -0.0213564, -0.0848924, -0.0217969, -0.0250522, -0.00406597, -0.11159, -0.0450899, 0.0193604, -0.0849715, -0.00117268, 0.00124019, -0.00750302, 0.00795872, -0.0250522, -0.00406597, -0.00289326, -1.27164e-05, -0.0287521, -0.00386547, -0.11159, -0.0450899, -0.0141675, -0.0213564, -0.000195693, -0.002053, -0.0250522, -0.00406597, -0.0195641, -0.00588898, -0.00200544, 0.00252738, -0.0216522, -0.00471081, -0.10915, -0.104807, -0.0848924, -0.0217969, -0.00915491, -0.0103648, -0.0250522, -0.00406597, -0.11159, -0.0450899, -0.10915, -0.104807, -0.0195641, -0.00588898, -0.10915, -0.104807, -0.198465, -0.502073, 0.0193604, -0.0849715, -0.0848924, -0.0217969, -0.0141675, -0.0213564, -0.0195641, -0.00588898, -0.10915, -0.104807, -0.11159, -0.0450899, -0.0250522, -0.00406597, -0.0848924, -0.0217969, 0.0193604, -0.0849715, -0.198465, -0.502073, -0.10915, -0.104807, -0.11159, -0.0450899, 0.0193604, -0.0849715, -0.00200544, 0.00252738, -0.0195641, -0.00588898, -0.0250522, -0.00406597, -0.000195693, -0.002053, -0.00915491, -0.0103648, -0.0848924, -0.0217969, -0.10915, -0.104807, -0.0216522, -0.00471081, -0.0287521, -0.00386547, -0.11159, -0.0450899, -0.0141675, -0.0213564, -7.72407e-05, 0.000861919, -0.00200544, 0.00252738, -0.00289326, -1.27164e-05, 0.000836776, 0.000432872, -0.000195693, -0.002053, -0.0250522, -0.00406597, -0.0195641, -0.00588898, -0.00200544, 0.00252738, -0.00289326, -1.27164e-05, -0.0250522, -0.00406597, -0.00750302, 0.00795872, -0.00117268, 0.00124019, -0.00200544, 0.00252738, -0.0216522, -0.00471081, -0.0287521, -0.00386547, -0.00289326, -1.27164e-05, -0.0250522, -0.00406597, -0.11159, -0.0450899, -0.10915, -0.104807, -0.0195641, -0.00588898, -0.0250522, -0.00406597, -0.0848924, -0.0217969, -0.0141675, -0.0213564, -0.00750302, 0.00795872, -0.00117268, 0.00124019, -0.00289326, -1.27164e-05, -0.0287521, -0.00386547, -0.0216522, -0.00471081, -0.00200544, 0.00252738, -0.0195641, -0.00588898, -0.10915, -0.104807, -0.11159, -0.0450899, -0.0250522, -0.00406597, -0.00750302, 0.00795872, -0.0141675, -0.0213564, -0.0848924, -0.0217969, -0.0250522, -0.00406597, -0.000195693, -0.002053, -0.00915491, -0.0103648, 0.000836776, 0.000432872, -0.00289326, -1.27164e-05, -0.00200544, 0.00252738, -7.72407e-05, 0.000861919, -0.00200544, 0.00252738, -0.0195641, -0.00588898, -0.0250522, -0.00406597, -0.000195693, -0.002053, -0.00117268, 0.00124019, -0.00750302, 0.00795872, -0.0250522, -0.00406597, -0.00289326, -1.27164e-05, 0.000836776, 0.000432872, -0.000195693, -0.002053, -0.00117268, 0.00124019, ]
best_mc_result_fixed_tau =   [0.36736, 0.36736, ]
evolved_state_fixed_tau =   [[-0.00158535, 0.00122754, 0.000110475, -0.00216586, -0.0100399, -0.0121148, 0.000862908, 0.000406701, 0.000110475, -0.00216586, -0.00158535, 0.00122754, -0.00264664, -0.000104027, -0.0247785, -0.00362365, -0.0066254, 0.00862589, -0.00158535, 0.00122754, -0.0247785, -0.00362365, -0.0854555, -0.0173213, -0.0146606, -0.0231779, -0.0066254, 0.00862589, -0.0146606, -0.0231779, -0.0066254, 0.00862589, -0.0146606, -0.0231779, -0.0854555, -0.0173213, -0.0247785, -0.00362365, -0.113301, -0.0397612, 0.0238994, -0.0889751, -0.00158535, 0.00122754, -0.0066254, 0.00862589, -0.0247785, -0.00362365, -0.00264664, -0.000104027, -0.0282824, -0.00326599, -0.113301, -0.0397612, -0.0146606, -0.0231779, 0.000110475, -0.00216586, -0.0247785, -0.00362365, -0.0186236, -0.00533902, -0.00170341, 0.00247836, -0.020672, -0.00405444, -0.111448, -0.10108, -0.0854555, -0.0173213, -0.0100399, -0.0121148, -0.0247785, -0.00362365, -0.113301, -0.0397612, -0.111448, -0.10108, -0.0186236, -0.00533902, -0.111448, -0.10108, -0.216504, -0.494379, 0.0238994, -0.0889751, -0.0854555, -0.0173213, -0.0146606, -0.0231779, -0.0186236, -0.00533902, -0.111448, -0.10108, -0.113301, -0.0397612, -0.0247785, -0.00362365, -0.0854555, -0.0173213, 0.0238994, -0.0889751, -0.216504, -0.494379, -0.111448, -0.10108, -0.113301, -0.0397612, 0.0238994, -0.0889751, -0.00170341, 0.00247836, -0.0186236, -0.00533902, -0.0247785, -0.00362365, 0.000110475, -0.00216586, -0.0100399, -0.0121148, -0.0854555, -0.0173213, -0.111448, -0.10108, -0.020672, -0.00405444, -0.0282824, -0.00326599, -0.113301, -0.0397612, -0.0146606, -0.0231779, -4.48769e-05, 0.000815449, -0.00170341, 0.00247836, -0.00264664, -0.000104027, 0.000862908, 0.000406701, 0.000110475, -0.00216586, -0.0247785, -0.00362365, -0.0186236, -0.00533902, -0.00170341, 0.00247836, -0.00264664, -0.000104027, -0.0247785, -0.00362365, -0.0066254, 0.00862589, -0.00158535, 0.00122754, -0.00170341, 0.00247836, -0.020672, -0.00405444, -0.0282824, -0.00326599, -0.00264664, -0.000104027, -0.0247785, -0.00362365, -0.113301, -0.0397612, -0.111448, -0.10108, -0.0186236, -0.00533902, -0.0247785, -0.00362365, -0.0854555, -0.0173213, -0.0146606, -0.0231779, -0.0066254, 0.00862589, -0.00158535, 0.00122754, -0.00264664, -0.000104027, -0.0282824, -0.00326599, -0.020672, -0.00405444, -0.00170341, 0.00247836, -0.0186236, -0.00533902, -0.111448, -0.10108, -0.113301, -0.0397612, -0.0247785, -0.00362365, -0.0066254, 0.00862589, -0.0146606, -0.0231779, -0.0854555, -0.0173213, -0.0247785, -0.00362365, 0.000110475, -0.00216586, -0.0100399, -0.0121148, 0.000862908, 0.000406701, -0.00264664, -0.000104027, -0.00170341, 0.00247836, -4.48769e-05, 0.000815449, -0.00170341, 0.00247836, -0.0186236, -0.00533902, -0.0247785, -0.00362365, 0.000110475, -0.00216586, -0.00158535, 0.00122754, -0.0066254, 0.00862589, -0.0247785, -0.00362365, -0.00264664, -0.000104027, 0.000862908, 0.000406701, 0.000110475, -0.00216586, -0.00158535, 0.00122754, ],[-0.00158535, 0.00122754, 0.000110475, -0.00216586, -0.0100399, -0.0121148, 0.000862908, 0.000406701, 0.000110475, -0.00216586, -0.00158535, 0.00122754, -0.00264664, -0.000104027, -0.0247785, -0.00362365, -0.0066254, 0.00862589, -0.00158535, 0.00122754, -0.0247785, -0.00362365, -0.0854555, -0.0173213, -0.0146606, -0.0231779, -0.0066254, 0.00862589, -0.0146606, -0.0231779, -0.0066254, 0.00862589, -0.0146606, -0.0231779, -0.0854555, -0.0173213, -0.0247785, -0.00362365, -0.113301, -0.0397612, 0.0238994, -0.0889751, -0.00158535, 0.00122754, -0.0066254, 0.00862589, -0.0247785, -0.00362365, -0.00264664, -0.000104027, -0.0282824, -0.00326599, -0.113301, -0.0397612, -0.0146606, -0.0231779, 0.000110475, -0.00216586, -0.0247785, -0.00362365, -0.0186236, -0.00533902, -0.00170341, 0.00247836, -0.020672, -0.00405444, -0.111448, -0.10108, -0.0854555, -0.0173213, -0.0100399, -0.0121148, -0.0247785, -0.00362365, -0.113301, -0.0397612, -0.111448, -0.10108, -0.0186236, -0.00533902, -0.111448, -0.10108, -0.216504, -0.494379, 0.0238994, -0.0889751, -0.0854555, -0.0173213, -0.0146606, -0.0231779, -0.0186236, -0.00533902, -0.111448, -0.10108, -0.113301, -0.0397612, -0.0247785, -0.00362365, -0.0854555, -0.0173213, 0.0238994, -0.0889751, -0.216504, -0.494379, -0.111448, -0.10108, -0.113301, -0.0397612, 0.0238994, -0.0889751, -0.00170341, 0.00247836, -0.0186236, -0.00533902, -0.0247785, -0.00362365, 0.000110475, -0.00216586, -0.0100399, -0.0121148, -0.0854555, -0.0173213, -0.111448, -0.10108, -0.020672, -0.00405444, -0.0282824, -0.00326599, -0.113301, -0.0397612, -0.0146606, -0.0231779, -4.48769e-05, 0.000815449, -0.00170341, 0.00247836, -0.00264664, -0.000104027, 0.000862908, 0.000406701, 0.000110475, -0.00216586, -0.0247785, -0.00362365, -0.0186236, -0.00533902, -0.00170341, 0.00247836, -0.00264664, -0.000104027, -0.0247785, -0.00362365, -0.0066254, 0.00862589, -0.00158535, 0.00122754, -0.00170341, 0.00247836, -0.020672, -0.00405444, -0.0282824, -0.00326599, -0.00264664, -0.000104027, -0.0247785, -0.00362365, -0.113301, -0.0397612, -0.111448, -0.10108, -0.0186236, -0.00533902, -0.0247785, -0.00362365, -0.0854555, -0.0173213, -0.0146606, -0.0231779, -0.0066254, 0.00862589, -0.00158535, 0.00122754, -0.00264664, -0.000104027, -0.0282824, -0.00326599, -0.020672, -0.00405444, -0.00170341, 0.00247836, -0.0186236, -0.00533902, -0.111448, -0.10108, -0.113301, -0.0397612, -0.0247785, -0.00362365, -0.0066254, 0.00862589, -0.0146606, -0.0231779, -0.0854555, -0.0173213, -0.0247785, -0.00362365, 0.000110475, -0.00216586, -0.0100399, -0.0121148, 0.000862908, 0.000406701, -0.00264664, -0.000104027, -0.00170341, 0.00247836, -4.48769e-05, 0.000815449, -0.00170341, 0.00247836, -0.0186236, -0.00533902, -0.0247785, -0.00362365, 0.000110475, -0.00216586, -0.00158535, 0.00122754, -0.0066254, 0.00862589, -0.0247785, -0.00362365, -0.00264664, -0.000104027, 0.000862908, 0.000406701, 0.000110475, -0.00216586, -0.00158535, 0.00122754, ],]
##############################################################################
clock_duration  =         2188.68
tau =                     1.20842
total_steps =             32
time_step =               0.0377633
best_mc_result =          0.146116
best_mc_result_non_secondary =          0.147421
evolved_target_dot_squared =  0.853884
distance =          0.259888
j_protocol =  [[0, 0, 0, 0, 0, 0, 0, 0, 1, 1, 1, 1, 1, 1, 1, 1, 0, 0, 0, 0, 0, 0, 0, 0, 0, 0, 1, 1, 1, 1, 1, 1, ],[0, 0, 0, 0, 0, 0, 0, 0, 1, 1, 1, 1, 1, 1, 1, 0, 0, 1, 0, 0, 0, 0, 0, 1, 0, 0, 0, 1, 1, 1, 1, 1, ],]
k_protocol =  [[1, 1, 1, 1, 1, 1, 1, 1, 1, 1, 1, 1, 1, 1, 1, 1, 1, 1, 1, 1, 1, 1, 1, 1, 1, 1, 1, 1, 1, 1, 1, 1, ],[1, 1, 1, 1, 1, 1, 1, 1, 1, 1, 1, 1, 1, 1, 1, 1, 1, 1, 1, 1, 1, 1, 1, 1, 1, 1, 1, 1, 1, 1, 1, 1, ],]
j_protocol_secondary =  [0.310548, 0.546702, 0.553376, 0.567806, 0.639754, 0.683018, 0.802209, 0.813917, 0.880283, 0.891678, 0.905545, 0.905545, 1.00943, 1.20842, ]
k_protocol_secondary =  [0, 0.141921, 0.141921, 0.301738, 0.301738, 0.596224, 0.596224, 0.691486, 0.691486, 0.881269, 0.881269, 1.00543, 1.00543, 1.20185, ]
best_evolved_state = [0.00947515, -0.00807717, -0.00868634, -0.00944136, 0.0197327, 0.0306324, 0.00478291, -0.00895427, -0.00868634, -0.00944136, 0.00947515, -0.00807717, 7.65946e-05, -0.00491747, 0.00637581, -0.000464812, 0.0123893, -0.0140626, 0.00947515, -0.00807717, 0.00637581, -0.000464812, 0.0263439, -0.0177735, -0.0178575, 0.0156657, 0.0123893, -0.0140626, -0.0178575, 0.0156657, 0.0123893, -0.0140626, -0.0178575, 0.0156657, 0.0263439, -0.0177735, 0.00637581, -0.000464812, 0.0586707, -0.0234472, 0.0833746, 0.0598999, 0.00947515, -0.00807717, 0.0123893, -0.0140626, 0.00637581, -0.000464812, 7.65946e-05, -0.00491747, 0.0102019, 0.00239138, 0.0586707, -0.0234472, -0.0178575, 0.0156657, -0.00868634, -0.00944136, 0.00637581, -0.000464812, 0.0345795, 0.00785165, 0.0113244, 0.00991041, 0.0340613, 0.010415, 0.0932058, 0.024907, 0.0263439, -0.0177735, 0.0197327, 0.0306324, 0.00637581, -0.000464812, 0.0586707, -0.0234472, 0.0932058, 0.024907, 0.0345795, 0.00785165, 0.0932058, 0.024907, 0.507945, 0.383039, 0.0833746, 0.0598999, 0.0263439, -0.0177735, -0.0178575, 0.0156657, 0.0345795, 0.00785165, 0.0932058, 0.024907, 0.0586707, -0.0234472, 0.00637581, -0.000464812, 0.0263439, -0.0177735, 0.0833746, 0.0598999, 0.507945, 0.383039, 0.0932058, 0.024907, 0.0586707, -0.0234472, 0.0833746, 0.0598999, 0.0113244, 0.00991041, 0.0345795, 0.00785165, 0.00637581, -0.000464812, -0.00868634, -0.00944136, 0.0197327, 0.0306324, 0.0263439, -0.0177735, 0.0932058, 0.024907, 0.0340613, 0.010415, 0.0102019, 0.00239138, 0.0586707, -0.0234472, -0.0178575, 0.0156657, 0.000877279, 0.00604483, 0.0113244, 0.00991041, 7.65946e-05, -0.00491747, 0.00478291, -0.00895427, -0.00868634, -0.00944136, 0.00637581, -0.000464812, 0.0345795, 0.00785165, 0.0113244, 0.00991041, 7.65946e-05, -0.00491747, 0.00637581, -0.000464812, 0.0123893, -0.0140626, 0.00947515, -0.00807717, 0.0113244, 0.00991041, 0.0340613, 0.010415, 0.0102019, 0.00239138, 7.65946e-05, -0.00491747, 0.00637581, -0.000464812, 0.0586707, -0.0234472, 0.0932058, 0.024907, 0.0345795, 0.00785165, 0.00637581, -0.000464812, 0.0263439, -0.0177735, -0.0178575, 0.0156657, 0.0123893, -0.0140626, 0.00947515, -0.00807717, 7.65946e-05, -0.00491747, 0.0102019, 0.00239138, 0.0340613, 0.010415, 0.0113244, 0.00991041, 0.0345795, 0.00785165, 0.0932058, 0.024907, 0.0586707, -0.0234472, 0.00637581, -0.000464812, 0.0123893, -0.0140626, -0.0178575, 0.0156657, 0.0263439, -0.0177735, 0.00637581, -0.000464812, -0.00868634, -0.00944136, 0.0197327, 0.0306324, 0.00478291, -0.00895427, 7.65946e-05, -0.00491747, 0.0113244, 0.00991041, 0.000877279, 0.00604483, 0.0113244, 0.00991041, 0.0345795, 0.00785165, 0.00637581, -0.000464812, -0.00868634, -0.00944136, 0.00947515, -0.00807717, 0.0123893, -0.0140626, 0.00637581, -0.000464812, 7.65946e-05, -0.00491747, 0.00478291, -0.00895427, -0.00868634, -0.00944136, 0.00947515, -0.00807717, ]
best_mc_result_fixed_tau =   [0.149276, 0.147421, ]
evolved_state_fixed_tau =   [[0.00866587, -0.00973654, -0.0105882, -0.00764318, 0.02722, 0.0299177, 0.00343644, -0.00994713, -0.0105882, -0.00764318, 0.00866587, -0.00973654, -0.000957637, -0.00463212, 0.00672728, 0.000465456, 0.00939178, -0.0163506, 0.00866587, -0.00973654, 0.00672728, 0.000465456, 0.0254919, -0.0184066, -0.014221, 0.023558, 0.00939178, -0.0163506, -0.014221, 0.023558, 0.00939178, -0.0163506, -0.014221, 0.023558, 0.0254919, -0.0184066, 0.00672728, 0.000465456, 0.0613389, -0.0246826, 0.0687314, 0.0570972, 0.00866587, -0.00973654, 0.00939178, -0.0163506, 0.00672728, 0.000465456, -0.000957637, -0.00463212, 0.0108421, 0.00381193, 0.0613389, -0.0246826, -0.014221, 0.023558, -0.0105882, -0.00764318, 0.00672728, 0.000465456, 0.0345755, 0.00591928, 0.0125576, 0.00870437, 0.0343423, 0.00857339, 0.0977398, 0.0259496, 0.0254919, -0.0184066, 0.02722, 0.0299177, 0.00672728, 0.000465456, 0.0613389, -0.0246826, 0.0977398, 0.0259496, 0.0345755, 0.00591928, 0.0977398, 0.0259496, 0.525224, 0.356929, 0.0687314, 0.0570972, 0.0254919, -0.0184066, -0.014221, 0.023558, 0.0345755, 0.00591928, 0.0977398, 0.0259496, 0.0613389, -0.0246826, 0.00672728, 0.000465456, 0.0254919, -0.0184066, 0.0687314, 0.0570972, 0.525224, 0.356929, 0.0977398, 0.0259496, 0.0613389, -0.0246826, 0.0687314, 0.0570972, 0.0125576, 0.00870437, 0.0345755, 0.00591928, 0.00672728, 0.000465456, -0.0105882, -0.00764318, 0.02722, 0.0299177, 0.0254919, -0.0184066, 0.0977398, 0.0259496, 0.0343423, 0.00857339, 0.0108421, 0.00381193, 0.0613389, -0.0246826, -0.014221, 0.023558, 0.00178327, 0.00613105, 0.0125576, 0.00870437, -0.000957637, -0.00463212, 0.00343644, -0.00994713, -0.0105882, -0.00764318, 0.00672728, 0.000465456, 0.0345755, 0.00591928, 0.0125576, 0.00870437, -0.000957637, -0.00463212, 0.00672728, 0.000465456, 0.00939178, -0.0163506, 0.00866587, -0.00973654, 0.0125576, 0.00870437, 0.0343423, 0.00857339, 0.0108421, 0.00381193, -0.000957637, -0.00463212, 0.00672728, 0.000465456, 0.0613389, -0.0246826, 0.0977398, 0.0259496, 0.0345755, 0.00591928, 0.00672728, 0.000465456, 0.0254919, -0.0184066, -0.014221, 0.023558, 0.00939178, -0.0163506, 0.00866587, -0.00973654, -0.000957637, -0.00463212, 0.0108421, 0.00381193, 0.0343423, 0.00857339, 0.0125576, 0.00870437, 0.0345755, 0.00591928, 0.0977398, 0.0259496, 0.0613389, -0.0246826, 0.00672728, 0.000465456, 0.00939178, -0.0163506, -0.014221, 0.023558, 0.0254919, -0.0184066, 0.00672728, 0.000465456, -0.0105882, -0.00764318, 0.02722, 0.0299177, 0.00343644, -0.00994713, -0.000957637, -0.00463212, 0.0125576, 0.00870437, 0.00178327, 0.00613105, 0.0125576, 0.00870437, 0.0345755, 0.00591928, 0.00672728, 0.000465456, -0.0105882, -0.00764318, 0.00866587, -0.00973654, 0.00939178, -0.0163506, 0.00672728, 0.000465456, -0.000957637, -0.00463212, 0.00343644, -0.00994713, -0.0105882, -0.00764318, 0.00866587, -0.00973654, ],[0.0084815, -0.00966803, -0.0102259, -0.00845808, 0.0234712, 0.0293027, 0.00352843, -0.0100854, -0.0102259, -0.00845808, 0.0084815, -0.00966803, -0.000923479, -0.0047708, 0.00645916, 0.000870772, 0.0108594, -0.0162892, 0.0084815, -0.00966803, 0.00645916, 0.000870772, 0.0288177, -0.0149879, -0.0163526, 0.0214097, 0.0108594, -0.0162892, -0.0163526, 0.0214097, 0.0108594, -0.0162892, -0.0163526, 0.0214097, 0.0288177, -0.0149879, 0.00645916, 0.000870772, 0.0613723, -0.0202029, 0.0781207, 0.0528715, 0.0084815, -0.00966803, 0.0108594, -0.0162892, 0.00645916, 0.000870772, -0.000923479, -0.0047708, 0.0104757, 0.00361648, 0.0613723, -0.0202029, -0.0163526, 0.0214097, -0.0102259, -0.00845808, 0.00645916, 0.000870772, 0.0352707, 0.00527227, 0.0131984, 0.00877248, 0.0351397, 0.00792748, 0.0946674, 0.0272664, 0.0288177, -0.0149879, 0.0234712, 0.0293027, 0.00645916, 0.000870772, 0.0613723, -0.0202029, 0.0946674, 0.0272664, 0.0352707, 0.00527227, 0.0946674, 0.0272664, 0.510484, 0.378956, 0.0781207, 0.0528715, 0.0288177, -0.0149879, -0.0163526, 0.0214097, 0.0352707, 0.00527227, 0.0946674, 0.0272664, 0.0613723, -0.0202029, 0.00645916, 0.000870772, 0.0288177, -0.0149879, 0.0781207, 0.0528715, 0.510484, 0.378956, 0.0946674, 0.0272664, 0.0613723, -0.0202029, 0.0781207, 0.0528715, 0.0131984, 0.00877248, 0.0352707, 0.00527227, 0.00645916, 0.000870772, -0.0102259, -0.00845808, 0.0234712, 0.0293027, 0.0288177, -0.0149879, 0.0946674, 0.0272664, 0.0351397, 0.00792748, 0.0104757, 0.00361648, 0.0613723, -0.0202029, -0.0163526, 0.0214097, 0.00202311, 0.00634341, 0.0131984, 0.00877248, -0.000923479, -0.0047708, 0.00352843, -0.0100854, -0.0102259, -0.00845808, 0.00645916, 0.000870772, 0.0352707, 0.00527227, 0.0131984, 0.00877248, -0.000923479, -0.0047708, 0.00645916, 0.000870772, 0.0108594, -0.0162892, 0.0084815, -0.00966803, 0.0131984, 0.00877248, 0.0351397, 0.00792748, 0.0104757, 0.00361648, -0.000923479, -0.0047708, 0.00645916, 0.000870772, 0.0613723, -0.0202029, 0.0946674, 0.0272664, 0.0352707, 0.00527227, 0.00645916, 0.000870772, 0.0288177, -0.0149879, -0.0163526, 0.0214097, 0.0108594, -0.0162892, 0.0084815, -0.00966803, -0.000923479, -0.0047708, 0.0104757, 0.00361648, 0.0351397, 0.00792748, 0.0131984, 0.00877248, 0.0352707, 0.00527227, 0.0946674, 0.0272664, 0.0613723, -0.0202029, 0.00645916, 0.000870772, 0.0108594, -0.0162892, -0.0163526, 0.0214097, 0.0288177, -0.0149879, 0.00645916, 0.000870772, -0.0102259, -0.00845808, 0.0234712, 0.0293027, 0.00352843, -0.0100854, -0.000923479, -0.0047708, 0.0131984, 0.00877248, 0.00202311, 0.00634341, 0.0131984, 0.00877248, 0.0352707, 0.00527227, 0.00645916, 0.000870772, -0.0102259, -0.00845808, 0.0084815, -0.00966803, 0.0108594, -0.0162892, 0.00645916, 0.000870772, -0.000923479, -0.0047708, 0.00352843, -0.0100854, -0.0102259, -0.00845808, 0.0084815, -0.00966803, ],]
##############################################################################
clock_duration  =         3395.13
tau =                     1.45011
total_steps =             32
time_step =               0.0453159
best_mc_result =          0.0586264
best_mc_result_non_secondary =          0.0611027
evolved_target_dot_squared =  0.941374
distance =          0.104276
j_protocol =  [[0, 0, 0, 0, 0, 0, 1, 0, 0, 1, 1, 1, 1, 0, 0, 0, 0, 1, 0, 0, 1, 1, 1, 0, 0, 0, 0, 0, 1, 1, 1, 1, ],[0, 0, 0, 0, 0, 1, 1, 0, 0, 0, 0, 1, 1, 0, 0, 1, 1, 1, 1, 0, 0, 0, 0, 0, 0, 0, 0, 1, 1, 1, 1, 1, ],]
k_protocol =  [[1, 1, 1, 1, 1, 1, 1, 1, 1, 1, 1, 1, 1, 1, 1, 1, 1, 1, 1, 1, 1, 1, 1, 1, 1, 1, 1, 1, 1, 1, 1, 1, ],[1, 1, 1, 1, 1, 1, 1, 1, 1, 1, 1, 1, 1, 1, 1, 1, 1, 1, 1, 1, 1, 1, 1, 1, 1, 1, 1, 1, 1, 1, 1, 1, ],]
j_protocol_secondary =  [0.271288, 0.322633, 0.407427, 0.56475, 0.755907, 0.842886, 0.90227, 1.00322, 1.24283, 1.24897, 1.27102, 1.42978, 1.42978, 1.45011, ]
k_protocol_secondary =  [0, 0.320835, 0.320835, 0.326051, 0.326051, 0.617446, 0.617446, 1.04918, 1.04918, 1.15895, 1.15895, 1.23325, 1.23325, 1.44404, ]
best_evolved_state = [-0.0016015, 0.00392432, 0.00538541, 0.00741151, -0.0137503, -0.0178021, -0.00322282, 0.00840662, 0.00538541, 0.00741151, -0.0016015, 0.00392432, -0.000988887, 0.00246844, -0.00540231, -0.00519992, -0.0204878, 0.00608731, -0.0016015, 0.00392432, -0.00540231, -0.00519992, -0.0139337, -0.00290548, 0.0263788, -0.00624236, -0.0204878, 0.00608731, 0.0263788, -0.00624236, -0.0204878, 0.00608731, 0.0263788, -0.00624236, -0.0139337, -0.00290548, -0.00540231, -0.00519992, -0.0328865, -0.0136237, 0.00696786, -0.0643175, -0.0016015, 0.00392432, -0.0204878, 0.00608731, -0.00540231, -0.00519992, -0.000988887, 0.00246844, -0.00395217, -0.0107058, -0.0328865, -0.0136237, 0.0263788, -0.00624236, 0.00538541, 0.00741151, -0.00540231, -0.00519992, -0.0166067, -0.0262487, -0.00241338, -0.0161354, -0.0138219, -0.0283475, 0.0106713, -0.0599561, -0.0139337, -0.00290548, -0.0137503, -0.0178021, -0.00540231, -0.00519992, -0.0328865, -0.0136237, 0.0106713, -0.0599561, -0.0166067, -0.0262487, 0.0106713, -0.0599561, 0.190401, -0.648547, 0.00696786, -0.0643175, -0.0139337, -0.00290548, 0.0263788, -0.00624236, -0.0166067, -0.0262487, 0.0106713, -0.0599561, -0.0328865, -0.0136237, -0.00540231, -0.00519992, -0.0139337, -0.00290548, 0.00696786, -0.0643175, 0.190401, -0.648547, 0.0106713, -0.0599561, -0.0328865, -0.0136237, 0.00696786, -0.0643175, -0.00241338, -0.0161354, -0.0166067, -0.0262487, -0.00540231, -0.00519992, 0.00538541, 0.00741151, -0.0137503, -0.0178021, -0.0139337, -0.00290548, 0.0106713, -0.0599561, -0.0138219, -0.0283475, -0.00395217, -0.0107058, -0.0328865, -0.0136237, 0.0263788, -0.00624236, 0.00270748, -0.00661979, -0.00241338, -0.0161354, -0.000988887, 0.00246844, -0.00322282, 0.00840662, 0.00538541, 0.00741151, -0.00540231, -0.00519992, -0.0166067, -0.0262487, -0.00241338, -0.0161354, -0.000988887, 0.00246844, -0.00540231, -0.00519992, -0.0204878, 0.00608731, -0.0016015, 0.00392432, -0.00241338, -0.0161354, -0.0138219, -0.0283475, -0.00395217, -0.0107058, -0.000988887, 0.00246844, -0.00540231, -0.00519992, -0.0328865, -0.0136237, 0.0106713, -0.0599561, -0.0166067, -0.0262487, -0.00540231, -0.00519992, -0.0139337, -0.00290548, 0.0263788, -0.00624236, -0.0204878, 0.00608731, -0.0016015, 0.00392432, -0.000988887, 0.00246844, -0.00395217, -0.0107058, -0.0138219, -0.0283475, -0.00241338, -0.0161354, -0.0166067, -0.0262487, 0.0106713, -0.0599561, -0.0328865, -0.0136237, -0.00540231, -0.00519992, -0.0204878, 0.00608731, 0.0263788, -0.00624236, -0.0139337, -0.00290548, -0.00540231, -0.00519992, 0.00538541, 0.00741151, -0.0137503, -0.0178021, -0.00322282, 0.00840662, -0.000988887, 0.00246844, -0.00241338, -0.0161354, 0.00270748, -0.00661979, -0.00241338, -0.0161354, -0.0166067, -0.0262487, -0.00540231, -0.00519992, 0.00538541, 0.00741151, -0.0016015, 0.00392432, -0.0204878, 0.00608731, -0.00540231, -0.00519992, -0.000988887, 0.00246844, -0.00322282, 0.00840662, 0.00538541, 0.00741151, -0.0016015, 0.00392432, ]
best_mc_result_fixed_tau =   [0.0611027, 0.0630647, ]
evolved_state_fixed_tau =   [[-0.000898091, 0.00534882, 0.00657905, 0.00572111, -0.0200954, -0.014242, -0.00209566, 0.00944043, 0.00657905, 0.00572111, -0.000898091, 0.00534882, -0.00023895, 0.00223941, -0.00607288, -0.00553967, -0.0193382, 0.00768588, -0.000898091, 0.00534882, -0.00607288, -0.00553967, -0.0108802, -0.000611988, 0.022915, -0.0110352, -0.0193382, 0.00768588, 0.022915, -0.0110352, -0.0193382, 0.00768588, 0.022915, -0.0110352, -0.0108802, -0.000611988, -0.00607288, -0.00553967, -0.0308406, -0.0100544, 0.0152734, -0.073438, -0.000898091, 0.00534882, -0.0193382, 0.00768588, -0.00607288, -0.00553967, -0.00023895, 0.00223941, -0.00477373, -0.0115382, -0.0308406, -0.0100544, 0.022915, -0.0110352, 0.00657905, 0.00572111, -0.00607288, -0.00553967, -0.0173288, -0.0249278, -0.00380016, -0.0163624, -0.0146575, -0.0273013, 0.0125386, -0.062118, -0.0108802, -0.000611988, -0.0200954, -0.014242, -0.00607288, -0.00553967, -0.0308406, -0.0100544, 0.0125386, -0.062118, -0.0173288, -0.0249278, 0.0125386, -0.062118, 0.165021, -0.65342, 0.0152734, -0.073438, -0.0108802, -0.000611988, 0.022915, -0.0110352, -0.0173288, -0.0249278, 0.0125386, -0.062118, -0.0308406, -0.0100544, -0.00607288, -0.00553967, -0.0108802, -0.000611988, 0.0152734, -0.073438, 0.165021, -0.65342, 0.0125386, -0.062118, -0.0308406, -0.0100544, 0.0152734, -0.073438, -0.00380016, -0.0163624, -0.0173288, -0.0249278, -0.00607288, -0.00553967, 0.00657905, 0.00572111, -0.0200954, -0.014242, -0.0108802, -0.000611988, 0.0125386, -0.062118, -0.0146575, -0.0273013, -0.00477373, -0.0115382, -0.0308406, -0.0100544, 0.022915, -0.0110352, 0.00228355, -0.00738321, -0.00380016, -0.0163624, -0.00023895, 0.00223941, -0.00209566, 0.00944043, 0.00657905, 0.00572111, -0.00607288, -0.00553967, -0.0173288, -0.0249278, -0.00380016, -0.0163624, -0.00023895, 0.00223941, -0.00607288, -0.00553967, -0.0193382, 0.00768588, -0.000898091, 0.00534882, -0.00380016, -0.0163624, -0.0146575, -0.0273013, -0.00477373, -0.0115382, -0.00023895, 0.00223941, -0.00607288, -0.00553967, -0.0308406, -0.0100544, 0.0125386, -0.062118, -0.0173288, -0.0249278, -0.00607288, -0.00553967, -0.0108802, -0.000611988, 0.022915, -0.0110352, -0.0193382, 0.00768588, -0.000898091, 0.00534882, -0.00023895, 0.00223941, -0.00477373, -0.0115382, -0.0146575, -0.0273013, -0.00380016, -0.0163624, -0.0173288, -0.0249278, 0.0125386, -0.062118, -0.0308406, -0.0100544, -0.00607288, -0.00553967, -0.0193382, 0.00768588, 0.022915, -0.0110352, -0.0108802, -0.000611988, -0.00607288, -0.00553967, 0.00657905, 0.00572111, -0.0200954, -0.014242, -0.00209566, 0.00944043, -0.00023895, 0.00223941, -0.00380016, -0.0163624, 0.00228355, -0.00738321, -0.00380016, -0.0163624, -0.0173288, -0.0249278, -0.00607288, -0.00553967, 0.00657905, 0.00572111, -0.000898091, 0.00534882, -0.0193382, 0.00768588, -0.00607288, -0.00553967, -0.00023895, 0.00223941, -0.00209566, 0.00944043, 0.00657905, 0.00572111, -0.000898091, 0.00534882, ],[-0.00529934, 0.00126754, 0.00485849, 0.00897417, -0.00788522, -0.0265806, -0.00483916, 0.00659882, 0.00485849, 0.00897417, -0.00529934, 0.00126754, -0.0018549, 0.00254335, -0.00579444, -0.00471949, -0.0208542, 0.0057485, -0.00529934, 0.00126754, -0.00579444, -0.00471949, -0.0160469, 0.00197606, 0.0296499, -0.004233, -0.0208542, 0.0057485, 0.0296499, -0.004233, -0.0208542, 0.0057485, 0.0296499, -0.004233, -0.0160469, 0.00197606, -0.00579444, -0.00471949, -0.0367453, -0.0102023, 0.0119936, -0.0609859, -0.00529934, 0.00126754, -0.0208542, 0.0057485, -0.00579444, -0.00471949, -0.0018549, 0.00254335, -0.00397582, -0.0103824, -0.0367453, -0.0102023, 0.0296499, -0.004233, 0.00485849, 0.00897417, -0.00579444, -0.00471949, -0.0156771, -0.027244, -0.000520928, -0.0162211, -0.0125783, -0.0291358, 0.00911243, -0.0610967, -0.0160469, 0.00197606, -0.00788522, -0.0265806, -0.00579444, -0.00471949, -0.0367453, -0.0102023, 0.00911243, -0.0610967, -0.0156771, -0.027244, 0.00911243, -0.0610967, 0.147498, -0.657971, 0.0119936, -0.0609859, -0.0160469, 0.00197606, 0.0296499, -0.004233, -0.0156771, -0.027244, 0.00911243, -0.0610967, -0.0367453, -0.0102023, -0.00579444, -0.00471949, -0.0160469, 0.00197606, 0.0119936, -0.0609859, 0.147498, -0.657971, 0.00911243, -0.0610967, -0.0367453, -0.0102023, 0.0119936, -0.0609859, -0.000520928, -0.0162211, -0.0156771, -0.027244, -0.00579444, -0.00471949, 0.00485849, 0.00897417, -0.00788522, -0.0265806, -0.0160469, 0.00197606, 0.00911243, -0.0610967, -0.0125783, -0.0291358, -0.00397582, -0.0103824, -0.0367453, -0.0102023, 0.0296499, -0.004233, 0.00368189, -0.005676, -0.000520928, -0.0162211, -0.0018549, 0.00254335, -0.00483916, 0.00659882, 0.00485849, 0.00897417, -0.00579444, -0.00471949, -0.0156771, -0.027244, -0.000520928, -0.0162211, -0.0018549, 0.00254335, -0.00579444, -0.00471949, -0.0208542, 0.0057485, -0.00529934, 0.00126754, -0.000520928, -0.0162211, -0.0125783, -0.0291358, -0.00397582, -0.0103824, -0.0018549, 0.00254335, -0.00579444, -0.00471949, -0.0367453, -0.0102023, 0.00911243, -0.0610967, -0.0156771, -0.027244, -0.00579444, -0.00471949, -0.0160469, 0.00197606, 0.0296499, -0.004233, -0.0208542, 0.0057485, -0.00529934, 0.00126754, -0.0018549, 0.00254335, -0.00397582, -0.0103824, -0.0125783, -0.0291358, -0.000520928, -0.0162211, -0.0156771, -0.027244, 0.00911243, -0.0610967, -0.0367453, -0.0102023, -0.00579444, -0.00471949, -0.0208542, 0.0057485, 0.0296499, -0.004233, -0.0160469, 0.00197606, -0.00579444, -0.00471949, 0.00485849, 0.00897417, -0.00788522, -0.0265806, -0.00483916, 0.00659882, -0.0018549, 0.00254335, -0.000520928, -0.0162211, 0.00368189, -0.005676, -0.000520928, -0.0162211, -0.0156771, -0.027244, -0.00579444, -0.00471949, 0.00485849, 0.00897417, -0.00529934, 0.00126754, -0.0208542, 0.0057485, -0.00579444, -0.00471949, -0.0018549, 0.00254335, -0.00483916, 0.00659882, 0.00485849, 0.00897417, -0.00529934, 0.00126754, ],]
##############################################################################
clock_duration  =         4606.28
tau =                     1.59512
total_steps =             32
time_step =               0.0498475
best_mc_result =          0.0322549
best_mc_result_non_secondary =          0.0356788
evolved_target_dot_squared =  0.967745
distance =          0.05737
j_protocol =  [[0, 0, 0, 0, 0, 1, 1, 1, 0, 0, 0, 0, 0, 1, 1, 0, 1, 1, 0, 0, 0, 0, 1, 1, 0, 0, 0, 0, 1, 0, 1, 1, ],[0, 0, 0, 0, 0, 1, 1, 1, 0, 0, 0, 1, 0, 1, 0, 0, 0, 1, 1, 1, 1, 0, 0, 0, 1, 0, 0, 0, 0, 1, 1, 1, ],]
k_protocol =  [[1, 1, 1, 1, 1, 1, 1, 1, 1, 1, 1, 1, 1, 1, 1, 1, 1, 1, 1, 1, 1, 1, 1, 1, 1, 1, 1, 1, 1, 1, 1, 1, ],[1, 1, 1, 1, 1, 1, 1, 1, 1, 1, 1, 1, 1, 1, 1, 1, 1, 1, 1, 1, 1, 1, 1, 1, 1, 1, 1, 1, 1, 1, 1, 1, ],]
j_protocol_secondary =  [0.26695, 0.413189, 0.551252, 0.597084, 0.655312, 0.691111, 0.851084, 1.04315, 1.11033, 1.11414, 1.20087, 1.24511, 1.43449, 1.59512, ]
k_protocol_secondary =  [0, 0.0142134, 0.0142134, 0.125001, 0.125001, 0.179613, 0.179613, 0.786989, 0.786989, 0.996933, 0.996933, 1.26899, 1.26899, 1.58999, ]
best_evolved_state = [-0.00351073, -0.00197218, 0.00320639, -0.00205165, 0.00306861, 0.00425171, 0.00482189, -0.00170321, 0.00320639, -0.00205165, -0.00351073, -0.00197218, 0.000150572, 0.00025209, -0.00493797, 0.00666054, 0.00160585, 0.0162971, -0.00351073, -0.00197218, -0.00493797, 0.00666054, -0.00174005, 0.00893095, -0.00163396, -0.0161699, 0.00160585, 0.0162971, -0.00163396, -0.0161699, 0.00160585, 0.0162971, -0.00163396, -0.0161699, -0.00174005, 0.00893095, -0.00493797, 0.00666054, -0.0136022, 0.0214267, -0.0322778, -0.0200675, -0.00351073, -0.00197218, 0.00160585, 0.0162971, -0.00493797, 0.00666054, 0.000150572, 0.00025209, -0.0114424, 0.0043764, -0.0136022, 0.0214267, -0.00163396, -0.0161699, 0.00320639, -0.00205165, -0.00493797, 0.00666054, -0.0248796, 0.0114016, -0.0143439, 0.00121277, -0.0268902, 0.00776194, -0.0384671, -0.0385985, -0.00174005, 0.00893095, 0.00306861, 0.00425171, -0.00493797, 0.00666054, -0.0136022, 0.0214267, -0.0384671, -0.0385985, -0.0248796, 0.0114016, -0.0384671, -0.0385985, -0.507615, -0.464776, -0.0322778, -0.0200675, -0.00174005, 0.00893095, -0.00163396, -0.0161699, -0.0248796, 0.0114016, -0.0384671, -0.0385985, -0.0136022, 0.0214267, -0.00493797, 0.00666054, -0.00174005, 0.00893095, -0.0322778, -0.0200675, -0.507615, -0.464776, -0.0384671, -0.0385985, -0.0136022, 0.0214267, -0.0322778, -0.0200675, -0.0143439, 0.00121277, -0.0248796, 0.0114016, -0.00493797, 0.00666054, 0.00320639, -0.00205165, 0.00306861, 0.00425171, -0.00174005, 0.00893095, -0.0384671, -0.0385985, -0.0268902, 0.00776194, -0.0114424, 0.0043764, -0.0136022, 0.0214267, -0.00163396, -0.0161699, -0.00560507, -0.00152588, -0.0143439, 0.00121277, 0.000150572, 0.00025209, 0.00482189, -0.00170321, 0.00320639, -0.00205165, -0.00493797, 0.00666054, -0.0248796, 0.0114016, -0.0143439, 0.00121277, 0.000150572, 0.00025209, -0.00493797, 0.00666054, 0.00160585, 0.0162971, -0.00351073, -0.00197218, -0.0143439, 0.00121277, -0.0268902, 0.00776194, -0.0114424, 0.0043764, 0.000150572, 0.00025209, -0.00493797, 0.00666054, -0.0136022, 0.0214267, -0.0384671, -0.0385985, -0.0248796, 0.0114016, -0.00493797, 0.00666054, -0.00174005, 0.00893095, -0.00163396, -0.0161699, 0.00160585, 0.0162971, -0.00351073, -0.00197218, 0.000150572, 0.00025209, -0.0114424, 0.0043764, -0.0268902, 0.00776194, -0.0143439, 0.00121277, -0.0248796, 0.0114016, -0.0384671, -0.0385985, -0.0136022, 0.0214267, -0.00493797, 0.00666054, 0.00160585, 0.0162971, -0.00163396, -0.0161699, -0.00174005, 0.00893095, -0.00493797, 0.00666054, 0.00320639, -0.00205165, 0.00306861, 0.00425171, 0.00482189, -0.00170321, 0.000150572, 0.00025209, -0.0143439, 0.00121277, -0.00560507, -0.00152588, -0.0143439, 0.00121277, -0.0248796, 0.0114016, -0.00493797, 0.00666054, 0.00320639, -0.00205165, -0.00351073, -0.00197218, 0.00160585, 0.0162971, -0.00493797, 0.00666054, 0.000150572, 0.00025209, 0.00482189, -0.00170321, 0.00320639, -0.00205165, -0.00351073, -0.00197218, ]
best_mc_result_fixed_tau =   [0.0392131, 0.0356788, ]
evolved_state_fixed_tau =   [[-0.00118739, 0.000193025, 0.00441274, -0.00394748, -0.00537768, 0.00853729, 0.00501585, -0.000901356, 0.00441274, -0.00394748, -0.00118739, 0.000193025, 0.00145289, 0.000202583, -0.00442462, 0.00664858, 0.0037591, 0.0151133, -0.00118739, 0.000193025, -0.00442462, 0.00664858, -0.000476716, 0.0183655, -0.00767139, -0.0182287, 0.0037591, 0.0151133, -0.00767139, -0.0182287, 0.0037591, 0.0151133, -0.00767139, -0.0182287, -0.000476716, 0.0183655, -0.00442462, 0.00664858, -0.0131908, 0.0356201, -0.0276527, -0.0107252, -0.00118739, 0.000193025, 0.0037591, 0.0151133, -0.00442462, 0.00664858, 0.00145289, 0.000202583, -0.0107379, 0.00551661, -0.0131908, 0.0356201, -0.00767139, -0.0182287, 0.00441274, -0.00394748, -0.00442462, 0.00664858, -0.0235983, 0.015806, -0.0124282, 0.00318659, -0.0257479, 0.0126495, -0.0442666, -0.0163651, -0.000476716, 0.0183655, -0.00537768, 0.00853729, -0.00442462, 0.00664858, -0.0131908, 0.0356201, -0.0442666, -0.0163651, -0.0235983, 0.015806, -0.0442666, -0.0163651, -0.548592, -0.414677, -0.0276527, -0.0107252, -0.000476716, 0.0183655, -0.00767139, -0.0182287, -0.0235983, 0.015806, -0.0442666, -0.0163651, -0.0131908, 0.0356201, -0.00442462, 0.00664858, -0.000476716, 0.0183655, -0.0276527, -0.0107252, -0.548592, -0.414677, -0.0442666, -0.0163651, -0.0131908, 0.0356201, -0.0276527, -0.0107252, -0.0124282, 0.00318659, -0.0235983, 0.015806, -0.00442462, 0.00664858, 0.00441274, -0.00394748, -0.00537768, 0.00853729, -0.000476716, 0.0183655, -0.0442666, -0.0163651, -0.0257479, 0.0126495, -0.0107379, 0.00551661, -0.0131908, 0.0356201, -0.00767139, -0.0182287, -0.00466863, -0.000418913, -0.0124282, 0.00318659, 0.00145289, 0.000202583, 0.00501585, -0.000901356, 0.00441274, -0.00394748, -0.00442462, 0.00664858, -0.0235983, 0.015806, -0.0124282, 0.00318659, 0.00145289, 0.000202583, -0.00442462, 0.00664858, 0.0037591, 0.0151133, -0.00118739, 0.000193025, -0.0124282, 0.00318659, -0.0257479, 0.0126495, -0.0107379, 0.00551661, 0.00145289, 0.000202583, -0.00442462, 0.00664858, -0.0131908, 0.0356201, -0.0442666, -0.0163651, -0.0235983, 0.015806, -0.00442462, 0.00664858, -0.000476716, 0.0183655, -0.00767139, -0.0182287, 0.0037591, 0.0151133, -0.00118739, 0.000193025, 0.00145289, 0.000202583, -0.0107379, 0.00551661, -0.0257479, 0.0126495, -0.0124282, 0.00318659, -0.0235983, 0.015806, -0.0442666, -0.0163651, -0.0131908, 0.0356201, -0.00442462, 0.00664858, 0.0037591, 0.0151133, -0.00767139, -0.0182287, -0.000476716, 0.0183655, -0.00442462, 0.00664858, 0.00441274, -0.00394748, -0.00537768, 0.00853729, 0.00501585, -0.000901356, 0.00145289, 0.000202583, -0.0124282, 0.00318659, -0.00466863, -0.000418913, -0.0124282, 0.00318659, -0.0235983, 0.015806, -0.00442462, 0.00664858, 0.00441274, -0.00394748, -0.00118739, 0.000193025, 0.0037591, 0.0151133, -0.00442462, 0.00664858, 0.00145289, 0.000202583, 0.00501585, -0.000901356, 0.00441274, -0.00394748, -0.00118739, 0.000193025, ],[-0.00338071, -0.0019085, 0.00365646, -0.00246671, 0.00373975, 0.00134754, 0.00480846, -0.00255149, 0.00365646, -0.00246671, -0.00338071, -0.0019085, 0.000587496, -6.53782e-05, -0.00442329, 0.00448262, 0.00379328, 0.0160703, -0.00338071, -0.0019085, -0.00442329, 0.00448262, -0.00951875, 0.00434895, -0.00290206, -0.0178496, 0.00379328, 0.0160703, -0.00290206, -0.0178496, 0.00379328, 0.0160703, -0.00290206, -0.0178496, -0.00951875, 0.00434895, -0.00442329, 0.00448262, -0.0226578, 0.0137213, -0.0246017, -0.0095381, -0.00338071, -0.0019085, 0.00379328, 0.0160703, -0.00442329, 0.00448262, 0.000587496, -6.53782e-05, -0.010786, 0.00197224, -0.0226578, 0.0137213, -0.00290206, -0.0178496, 0.00365646, -0.00246671, -0.00442329, 0.00448262, -0.024121, 0.0114815, -0.0138613, 0.00356688, -0.0262132, 0.00811982, -0.0447012, -0.0431244, -0.00951875, 0.00434895, 0.00373975, 0.00134754, -0.00442329, 0.00448262, -0.0226578, 0.0137213, -0.0447012, -0.0431244, -0.024121, 0.0114815, -0.0447012, -0.0431244, -0.482461, -0.48863, -0.0246017, -0.0095381, -0.00951875, 0.00434895, -0.00290206, -0.0178496, -0.024121, 0.0114815, -0.0447012, -0.0431244, -0.0226578, 0.0137213, -0.00442329, 0.00448262, -0.00951875, 0.00434895, -0.0246017, -0.0095381, -0.482461, -0.48863, -0.0447012, -0.0431244, -0.0226578, 0.0137213, -0.0246017, -0.0095381, -0.0138613, 0.00356688, -0.024121, 0.0114815, -0.00442329, 0.00448262, 0.00365646, -0.00246671, 0.00373975, 0.00134754, -0.00951875, 0.00434895, -0.0447012, -0.0431244, -0.0262132, 0.00811982, -0.010786, 0.00197224, -0.0226578, 0.0137213, -0.00290206, -0.0178496, -0.00609801, 9.4198e-05, -0.0138613, 0.00356688, 0.000587496, -6.53782e-05, 0.00480846, -0.00255149, 0.00365646, -0.00246671, -0.00442329, 0.00448262, -0.024121, 0.0114815, -0.0138613, 0.00356688, 0.000587496, -6.53782e-05, -0.00442329, 0.00448262, 0.00379328, 0.0160703, -0.00338071, -0.0019085, -0.0138613, 0.00356688, -0.0262132, 0.00811982, -0.010786, 0.00197224, 0.000587496, -6.53782e-05, -0.00442329, 0.00448262, -0.0226578, 0.0137213, -0.0447012, -0.0431244, -0.024121, 0.0114815, -0.00442329, 0.00448262, -0.00951875, 0.00434895, -0.00290206, -0.0178496, 0.00379328, 0.0160703, -0.00338071, -0.0019085, 0.000587496, -6.53782e-05, -0.010786, 0.00197224, -0.0262132, 0.00811982, -0.0138613, 0.00356688, -0.024121, 0.0114815, -0.0447012, -0.0431244, -0.0226578, 0.0137213, -0.00442329, 0.00448262, 0.00379328, 0.0160703, -0.00290206, -0.0178496, -0.00951875, 0.00434895, -0.00442329, 0.00448262, 0.00365646, -0.00246671, 0.00373975, 0.00134754, 0.00480846, -0.00255149, 0.000587496, -6.53782e-05, -0.0138613, 0.00356688, -0.00609801, 9.4198e-05, -0.0138613, 0.00356688, -0.024121, 0.0114815, -0.00442329, 0.00448262, 0.00365646, -0.00246671, -0.00338071, -0.0019085, 0.00379328, 0.0160703, -0.00442329, 0.00448262, 0.000587496, -6.53782e-05, 0.00480846, -0.00255149, 0.00365646, -0.00246671, -0.00338071, -0.0019085, ],]
##############################################################################
clock_duration  =         5898.48
tau =                     1.75463
total_steps =             32
time_step =               0.0548323
best_mc_result =          0.0224043
best_mc_result_non_secondary =          0.0270954
evolved_target_dot_squared =  0.977596
distance =          0.0398492
j_protocol =  [[0, 0, 0, 0, 0, 1, 1, 1, 0, 1, 0, 0, 0, 0, 0, 1, 1, 1, 0, 0, 0, 1, 1, 1, 0, 0, 0, 0, 0, 1, 0, 1, ],[0, 0, 0, 0, 0, 1, 0, 1, 1, 0, 0, 1, 0, 0, 0, 1, 0, 0, 1, 1, 1, 1, 0, 0, 0, 0, 0, 1, 0, 0, 1, 1, ],]
k_protocol =  [[1, 1, 1, 1, 1, 1, 1, 1, 1, 1, 1, 1, 1, 1, 1, 1, 1, 1, 1, 1, 1, 1, 1, 1, 1, 1, 1, 1, 1, 1, 1, 1, ],[1, 1, 1, 1, 1, 0, 1, 1, 1, 1, 1, 1, 1, 1, 1, 1, 1, 1, 1, 1, 1, 1, 1, 1, 1, 1, 1, 1, 1, 1, 1, 0, ],]
j_protocol_secondary =  [0.233291, 0.341269, 0.392088, 0.475003, 0.615218, 0.652377, 0.806445, 0.887057, 1.0054, 1.20426, 1.47962, 1.53953, 1.6456, 1.75463, ]
k_protocol_secondary =  [0, 0.00201116, 0.00201116, 0.299628, 0.299628, 0.442816, 0.442816, 0.619753, 0.619753, 0.811738, 0.811738, 1.6934, 1.6934, 1.75148, ]
best_evolved_state = [0.00132527, 0.0064887, 0.000189513, 0.000170073, -0.0113174, -0.0129729, -0.00466756, 0.00081741, 0.000189513, 0.000170073, 0.00132527, 0.0064887, -0.000877343, 0.00251628, 0.00848623, 0.00431393, 0.00981487, 0.000671407, 0.00132527, 0.0064887, 0.00848623, 0.00431393, 0.00564863, -0.00182322, -0.00145726, -0.000207348, 0.00981487, 0.000671407, -0.00145726, -0.000207348, 0.00981487, 0.000671407, -0.00145726, -0.000207348, 0.00564863, -0.00182322, 0.00848623, 0.00431393, 0.0162648, 0.0103936, -0.01735, 0.00884974, 0.00132527, 0.0064887, 0.00981487, 0.000671407, 0.00848623, 0.00431393, -0.000877343, 0.00251628, 0.00710597, 0.0121956, 0.0162648, 0.0103936, -0.00145726, -0.000207348, 0.000189513, 0.000170073, 0.00848623, 0.00431393, 0.0112345, 0.0195495, 0.00392486, 0.0102266, 0.00752044, 0.0222361, -0.0463425, 0.0227325, 0.00564863, -0.00182322, -0.0113174, -0.0129729, 0.00848623, 0.00431393, 0.0162648, 0.0103936, -0.0463425, 0.0227325, 0.0112345, 0.0195495, -0.0463425, 0.0227325, -0.614441, 0.321592, -0.01735, 0.00884974, 0.00564863, -0.00182322, -0.00145726, -0.000207348, 0.0112345, 0.0195495, -0.0463425, 0.0227325, 0.0162648, 0.0103936, 0.00848623, 0.00431393, 0.00564863, -0.00182322, -0.01735, 0.00884974, -0.614441, 0.321592, -0.0463425, 0.0227325, 0.0162648, 0.0103936, -0.01735, 0.00884974, 0.00392486, 0.0102266, 0.0112345, 0.0195495, 0.00848623, 0.00431393, 0.000189513, 0.000170073, -0.0113174, -0.0129729, 0.00564863, -0.00182322, -0.0463425, 0.0227325, 0.00752044, 0.0222361, 0.00710597, 0.0121956, 0.0162648, 0.0103936, -0.00145726, -0.000207348, 0.00138298, 0.00374007, 0.00392486, 0.0102266, -0.000877343, 0.00251628, -0.00466756, 0.00081741, 0.000189513, 0.000170073, 0.00848623, 0.00431393, 0.0112345, 0.0195495, 0.00392486, 0.0102266, -0.000877343, 0.00251628, 0.00848623, 0.00431393, 0.00981487, 0.000671407, 0.00132527, 0.0064887, 0.00392486, 0.0102266, 0.00752044, 0.0222361, 0.00710597, 0.0121956, -0.000877343, 0.00251628, 0.00848623, 0.00431393, 0.0162648, 0.0103936, -0.0463425, 0.0227325, 0.0112345, 0.0195495, 0.00848623, 0.00431393, 0.00564863, -0.00182322, -0.00145726, -0.000207348, 0.00981487, 0.000671407, 0.00132527, 0.0064887, -0.000877343, 0.00251628, 0.00710597, 0.0121956, 0.00752044, 0.0222361, 0.00392486, 0.0102266, 0.0112345, 0.0195495, -0.0463425, 0.0227325, 0.0162648, 0.0103936, 0.00848623, 0.00431393, 0.00981487, 0.000671407, -0.00145726, -0.000207348, 0.00564863, -0.00182322, 0.00848623, 0.00431393, 0.000189513, 0.000170073, -0.0113174, -0.0129729, -0.00466756, 0.00081741, -0.000877343, 0.00251628, 0.00392486, 0.0102266, 0.00138298, 0.00374007, 0.00392486, 0.0102266, 0.0112345, 0.0195495, 0.00848623, 0.00431393, 0.000189513, 0.000170073, 0.00132527, 0.0064887, 0.00981487, 0.000671407, 0.00848623, 0.00431393, -0.000877343, 0.00251628, -0.00466756, 0.00081741, 0.000189513, 0.000170073, 0.00132527, 0.0064887, ]
best_mc_result_fixed_tau =   [0.0276295, 0.0270954, ]
evolved_state_fixed_tau =   [[0.00108028, 0.0056395, -0.00141061, 0.00151996, -0.00843997, -0.0172666, -0.00633532, 0.00114743, -0.00141061, 0.00151996, 0.00108028, 0.0056395, -0.00127996, 0.00189458, 0.00840487, 0.00359726, 0.00896698, -0.0043285, 0.00108028, 0.0056395, 0.00840487, 0.00359726, 0.00266421, -0.000189878, 0.00220927, 0.00651038, 0.00896698, -0.0043285, 0.00220927, 0.00651038, 0.00896698, -0.0043285, 0.00220927, 0.00651038, 0.00266421, -0.000189878, 0.00840487, 0.00359726, 0.0157406, 0.0117793, -0.0100371, 0.0308116, 0.00108028, 0.0056395, 0.00896698, -0.0043285, 0.00840487, 0.00359726, -0.00127996, 0.00189458, 0.00826479, 0.0118101, 0.0157406, 0.0117793, 0.00220927, 0.00651038, -0.00141061, 0.00151996, 0.00840487, 0.00359726, 0.0155895, 0.017611, 0.00852087, 0.00835774, 0.0127007, 0.0208854, -0.0406058, 0.0373286, 0.00266421, -0.000189878, -0.00843997, -0.0172666, 0.00840487, 0.00359726, 0.0157406, 0.0117793, -0.0406058, 0.0373286, 0.0155895, 0.017611, -0.0406058, 0.0373286, -0.599238, 0.344099, -0.0100371, 0.0308116, 0.00266421, -0.000189878, 0.00220927, 0.00651038, 0.0155895, 0.017611, -0.0406058, 0.0373286, 0.0157406, 0.0117793, 0.00840487, 0.00359726, 0.00266421, -0.000189878, -0.0100371, 0.0308116, -0.599238, 0.344099, -0.0406058, 0.0373286, 0.0157406, 0.0117793, -0.0100371, 0.0308116, 0.00852087, 0.00835774, 0.0155895, 0.017611, 0.00840487, 0.00359726, -0.00141061, 0.00151996, -0.00843997, -0.0172666, 0.00266421, -0.000189878, -0.0406058, 0.0373286, 0.0127007, 0.0208854, 0.00826479, 0.0118101, 0.0157406, 0.0117793, 0.00220927, 0.00651038, 0.00389644, 0.0032779, 0.00852087, 0.00835774, -0.00127996, 0.00189458, -0.00633532, 0.00114743, -0.00141061, 0.00151996, 0.00840487, 0.00359726, 0.0155895, 0.017611, 0.00852087, 0.00835774, -0.00127996, 0.00189458, 0.00840487, 0.00359726, 0.00896698, -0.0043285, 0.00108028, 0.0056395, 0.00852087, 0.00835774, 0.0127007, 0.0208854, 0.00826479, 0.0118101, -0.00127996, 0.00189458, 0.00840487, 0.00359726, 0.0157406, 0.0117793, -0.0406058, 0.0373286, 0.0155895, 0.017611, 0.00840487, 0.00359726, 0.00266421, -0.000189878, 0.00220927, 0.00651038, 0.00896698, -0.0043285, 0.00108028, 0.0056395, -0.00127996, 0.00189458, 0.00826479, 0.0118101, 0.0127007, 0.0208854, 0.00852087, 0.00835774, 0.0155895, 0.017611, -0.0406058, 0.0373286, 0.0157406, 0.0117793, 0.00840487, 0.00359726, 0.00896698, -0.0043285, 0.00220927, 0.00651038, 0.00266421, -0.000189878, 0.00840487, 0.00359726, -0.00141061, 0.00151996, -0.00843997, -0.0172666, -0.00633532, 0.00114743, -0.00127996, 0.00189458, 0.00852087, 0.00835774, 0.00389644, 0.0032779, 0.00852087, 0.00835774, 0.0155895, 0.017611, 0.00840487, 0.00359726, -0.00141061, 0.00151996, 0.00108028, 0.0056395, 0.00896698, -0.0043285, 0.00840487, 0.00359726, -0.00127996, 0.00189458, -0.00633532, 0.00114743, -0.00141061, 0.00151996, 0.00108028, 0.0056395, ],[-0.00657675, -0.000249904, 0.000210881, -0.00148448, 0.0117811, -0.0077812, 0.000392266, -0.00541819, 0.000210881, -0.00148448, -0.00657675, -0.000249904, -0.00110393, -0.000133015, -0.000269651, 0.00800215, 0.00770696, 0.0105021, -0.00657675, -0.000249904, -0.000269651, 0.00800215, -0.00103199, 0.00469904, -0.00537723, -0.00721026, 0.00770696, 0.0105021, -0.00537723, -0.00721026, 0.00770696, 0.0105021, -0.00537723, -0.00721026, -0.00103199, 0.00469904, -0.000269651, 0.00800215, -0.00689201, 0.019724, -0.0178439, 0.00421916, -0.00657675, -0.000249904, 0.00770696, 0.0105021, -0.000269651, 0.00800215, -0.00110393, -0.000133015, -0.00770902, 0.00954713, -0.00689201, 0.019724, -0.00537723, -0.00721026, 0.000210881, -0.00148448, -0.000269651, 0.00800215, -0.0142983, 0.0205752, -0.00935854, 0.0088206, -0.0180859, 0.0184928, -0.0517362, -0.0217306, -0.00103199, 0.00469904, 0.0117811, -0.0077812, -0.000269651, 0.00800215, -0.00689201, 0.019724, -0.0517362, -0.0217306, -0.0142983, 0.0205752, -0.0517362, -0.0217306, -0.647914, -0.24104, -0.0178439, 0.00421916, -0.00103199, 0.00469904, -0.00537723, -0.00721026, -0.0142983, 0.0205752, -0.0517362, -0.0217306, -0.00689201, 0.019724, -0.000269651, 0.00800215, -0.00103199, 0.00469904, -0.0178439, 0.00421916, -0.647914, -0.24104, -0.0517362, -0.0217306, -0.00689201, 0.019724, -0.0178439, 0.00421916, -0.00935854, 0.0088206, -0.0142983, 0.0205752, -0.000269651, 0.00800215, 0.000210881, -0.00148448, 0.0117811, -0.0077812, -0.00103199, 0.00469904, -0.0517362, -0.0217306, -0.0180859, 0.0184928, -0.00770902, 0.00954713, -0.00689201, 0.019724, -0.00537723, -0.00721026, -0.0044054, 0.00291816, -0.00935854, 0.0088206, -0.00110393, -0.000133015, 0.000392266, -0.00541819, 0.000210881, -0.00148448, -0.000269651, 0.00800215, -0.0142983, 0.0205752, -0.00935854, 0.0088206, -0.00110393, -0.000133015, -0.000269651, 0.00800215, 0.00770696, 0.0105021, -0.00657675, -0.000249904, -0.00935854, 0.0088206, -0.0180859, 0.0184928, -0.00770902, 0.00954713, -0.00110393, -0.000133015, -0.000269651, 0.00800215, -0.00689201, 0.019724, -0.0517362, -0.0217306, -0.0142983, 0.0205752, -0.000269651, 0.00800215, -0.00103199, 0.00469904, -0.00537723, -0.00721026, 0.00770696, 0.0105021, -0.00657675, -0.000249904, -0.00110393, -0.000133015, -0.00770902, 0.00954713, -0.0180859, 0.0184928, -0.00935854, 0.0088206, -0.0142983, 0.0205752, -0.0517362, -0.0217306, -0.00689201, 0.019724, -0.000269651, 0.00800215, 0.00770696, 0.0105021, -0.00537723, -0.00721026, -0.00103199, 0.00469904, -0.000269651, 0.00800215, 0.000210881, -0.00148448, 0.0117811, -0.0077812, 0.000392266, -0.00541819, -0.00110393, -0.000133015, -0.00935854, 0.0088206, -0.0044054, 0.00291816, -0.00935854, 0.0088206, -0.0142983, 0.0205752, -0.000269651, 0.00800215, 0.000210881, -0.00148448, -0.00657675, -0.000249904, 0.00770696, 0.0105021, -0.000269651, 0.00800215, -0.00110393, -0.000133015, 0.000392266, -0.00541819, 0.000210881, -0.00148448, -0.00657675, -0.000249904, ],]
##############################################################################
clock_duration  =         9958.71
tau =                     1.7985
total_steps =             32
time_step =               0.0603155
best_mc_result =          0.0199653
best_mc_result_non_secondary =          0
evolved_target_dot_squared =  0.980035
distance =          0.0355112
j_protocol =  [[0, 0, 0, 0, 0, 0, 0, 0, 0, 0, 0, 0, 0, 0, 0, 0, 0, 0, 0, 0, 0, 0, 0, 0, 0, 0, 0, 0, 0, 0, 0, 0, ],[0, 0, 0, 0, 0, 0, 0, 0, 0, 0, 0, 0, 0, 0, 0, 0, 0, 0, 0, 0, 0, 0, 0, 0, 0, 0, 0, 0, 0, 0, 0, 0, ],]
k_protocol =  [[0, 0, 0, 0, 0, 0, 0, 0, 0, 0, 0, 0, 0, 0, 0, 0, 0, 0, 0, 0, 0, 0, 0, 0, 0, 0, 0, 0, 0, 0, 0, 0, ],[0, 0, 0, 0, 0, 0, 0, 0, 0, 0, 0, 0, 0, 0, 0, 0, 0, 0, 0, 0, 0, 0, 0, 0, 0, 0, 0, 0, 0, 0, 0, 0, ],]
j_protocol_secondary =  [0.2097, 0.391336, 0.684843, 0.792063, 0.840936, 0.902723, 1.0771, 1.23188, 1.33908, 1.40408, 1.63341, 1.64973, 1.68724, 1.7985, ]
k_protocol_secondary =  [0, 0.138068, 0.138068, 0.352512, 0.352512, 0.581741, 0.581741, 0.826158, 0.826158, 0.973708, 0.973708, 1.73208, 1.73208, 1.79433, ]
best_evolved_state = [0.00318365, 0.00112812, -0.000932783, -0.000835588, -0.0112483, -0.00035671, -0.00220907, 0.00183697, -0.000932783, -0.000835588, 0.00318365, 0.00112812, 0.000192963, 0.00291667, 0.00891314, 0.0015359, 0.00995125, -0.0022955, 0.00318365, 0.00112812, 0.00891314, 0.0015359, 0.00368576, -0.00291738, -0.00242365, -0.000726069, 0.00995125, -0.0022955, -0.00242365, -0.000726069, 0.00995125, -0.0022955, -0.00242365, -0.000726069, 0.00368576, -0.00291738, 0.00891314, 0.0015359, 0.0176396, 0.00510398, -0.0168939, 0.0155027, 0.00318365, 0.00112812, 0.00995125, -0.0022955, 0.00891314, 0.0015359, 0.000192963, 0.00291667, 0.0106851, 0.00920455, 0.0176396, 0.00510398, -0.00242365, -0.000726069, -0.000932783, -0.000835588, 0.00891314, 0.0015359, 0.016928, 0.0132193, 0.00714169, 0.00744278, 0.014641, 0.0173223, -0.0366599, 0.0353046, 0.00368576, -0.00291738, -0.0112483, -0.00035671, 0.00891314, 0.0015359, 0.0176396, 0.00510398, -0.0366599, 0.0353046, 0.016928, 0.0132193, -0.0366599, 0.0353046, -0.503181, 0.478327, -0.0168939, 0.0155027, 0.00368576, -0.00291738, -0.00242365, -0.000726069, 0.016928, 0.0132193, -0.0366599, 0.0353046, 0.0176396, 0.00510398, 0.00891314, 0.0015359, 0.00368576, -0.00291738, -0.0168939, 0.0155027, -0.503181, 0.478327, -0.0366599, 0.0353046, 0.0176396, 0.00510398, -0.0168939, 0.0155027, 0.00714169, 0.00744278, 0.016928, 0.0132193, 0.00891314, 0.0015359, -0.000932783, -0.000835588, -0.0112483, -0.00035671, 0.00368576, -0.00291738, -0.0366599, 0.0353046, 0.014641, 0.0173223, 0.0106851, 0.00920455, 0.0176396, 0.00510398, -0.00242365, -0.000726069, 0.00230421, 0.00249462, 0.00714169, 0.00744278, 0.000192963, 0.00291667, -0.00220907, 0.00183697, -0.000932783, -0.000835588, 0.00891314, 0.0015359, 0.016928, 0.0132193, 0.00714169, 0.00744278, 0.000192963, 0.00291667, 0.00891314, 0.0015359, 0.00995125, -0.0022955, 0.00318365, 0.00112812, 0.00714169, 0.00744278, 0.014641, 0.0173223, 0.0106851, 0.00920455, 0.000192963, 0.00291667, 0.00891314, 0.0015359, 0.0176396, 0.00510398, -0.0366599, 0.0353046, 0.016928, 0.0132193, 0.00891314, 0.0015359, 0.00368576, -0.00291738, -0.00242365, -0.000726069, 0.00995125, -0.0022955, 0.00318365, 0.00112812, 0.000192963, 0.00291667, 0.0106851, 0.00920455, 0.014641, 0.0173223, 0.00714169, 0.00744278, 0.016928, 0.0132193, -0.0366599, 0.0353046, 0.0176396, 0.00510398, 0.00891314, 0.0015359, 0.00995125, -0.0022955, -0.00242365, -0.000726069, 0.00368576, -0.00291738, 0.00891314, 0.0015359, -0.000932783, -0.000835588, -0.0112483, -0.00035671, -0.00220907, 0.00183697, 0.000192963, 0.00291667, 0.00714169, 0.00744278, 0.00230421, 0.00249462, 0.00714169, 0.00744278, 0.016928, 0.0132193, 0.00891314, 0.0015359, -0.000932783, -0.000835588, 0.00318365, 0.00112812, 0.00995125, -0.0022955, 0.00891314, 0.0015359, 0.000192963, 0.00291667, -0.00220907, 0.00183697, -0.000932783, -0.000835588, 0.00318365, 0.00112812, ]
best_mc_result_fixed_tau =   [0.0240025, 0.0250791, ]
evolved_state_fixed_tau =   [[0.00340691, -0.00157313, 0.000733216, 0.00240497, -0.0124462, 0.00918498, 0.00157866, 0.00544118, 0.000733216, 0.00240497, 0.00340691, -0.00157313, 0.00263616, 0.00316166, 0.00630592, -0.00409178, -0.000911813, -0.00735171, 0.00340691, -0.00157313, 0.00630592, -0.00409178, 0.00202053, 0.00277748, 0.00514544, -0.0017524, -0.000911813, -0.00735171, 0.00514544, -0.0017524, -0.000911813, -0.00735171, 0.00514544, -0.0017524, 0.00202053, 0.00277748, 0.00630592, -0.00409178, 0.0164363, 0.00070507, -0.0252094, -0.00438687, 0.00340691, -0.00157313, -0.000911813, -0.00735171, 0.00630592, -0.00409178, 0.00263616, 0.00316166, 0.0136867, 0.000397164, 0.0164363, 0.00070507, 0.00514544, -0.0017524, 0.000733216, 0.00240497, 0.00630592, -0.00409178, 0.0165182, -0.00733513, 0.00833583, -0.00517493, 0.0185029, -0.00313515, -0.0115749, 0.0542559, 0.00202053, 0.00277748, -0.0124462, 0.00918498, 0.00630592, -0.00409178, 0.0164363, 0.00070507, -0.0115749, 0.0542559, 0.0165182, -0.00733513, -0.0115749, 0.0542559, -0.15958, 0.674918, -0.0252094, -0.00438687, 0.00202053, 0.00277748, 0.00514544, -0.0017524, 0.0165182, -0.00733513, -0.0115749, 0.0542559, 0.0164363, 0.00070507, 0.00630592, -0.00409178, 0.00202053, 0.00277748, -0.0252094, -0.00438687, -0.15958, 0.674918, -0.0115749, 0.0542559, 0.0164363, 0.00070507, -0.0252094, -0.00438687, 0.00833583, -0.00517493, 0.0165182, -0.00733513, 0.00630592, -0.00409178, 0.000733216, 0.00240497, -0.0124462, 0.00918498, 0.00202053, 0.00277748, -0.0115749, 0.0542559, 0.0185029, -0.00313515, 0.0136867, 0.000397164, 0.0164363, 0.00070507, 0.00514544, -0.0017524, 0.0028565, -0.00293788, 0.00833583, -0.00517493, 0.00263616, 0.00316166, 0.00157866, 0.00544118, 0.000733216, 0.00240497, 0.00630592, -0.00409178, 0.0165182, -0.00733513, 0.00833583, -0.00517493, 0.00263616, 0.00316166, 0.00630592, -0.00409178, -0.000911813, -0.00735171, 0.00340691, -0.00157313, 0.00833583, -0.00517493, 0.0185029, -0.00313515, 0.0136867, 0.000397164, 0.00263616, 0.00316166, 0.00630592, -0.00409178, 0.0164363, 0.00070507, -0.0115749, 0.0542559, 0.0165182, -0.00733513, 0.00630592, -0.00409178, 0.00202053, 0.00277748, 0.00514544, -0.0017524, -0.000911813, -0.00735171, 0.00340691, -0.00157313, 0.00263616, 0.00316166, 0.0136867, 0.000397164, 0.0185029, -0.00313515, 0.00833583, -0.00517493, 0.0165182, -0.00733513, -0.0115749, 0.0542559, 0.0164363, 0.00070507, 0.00630592, -0.00409178, -0.000911813, -0.00735171, 0.00514544, -0.0017524, 0.00202053, 0.00277748, 0.00630592, -0.00409178, 0.000733216, 0.00240497, -0.0124462, 0.00918498, 0.00157866, 0.00544118, 0.00263616, 0.00316166, 0.00833583, -0.00517493, 0.0028565, -0.00293788, 0.00833583, -0.00517493, 0.0165182, -0.00733513, 0.00630592, -0.00409178, 0.000733216, 0.00240497, 0.00340691, -0.00157313, -0.000911813, -0.00735171, 0.00630592, -0.00409178, 0.00263616, 0.00316166, 0.00157866, 0.00544118, 0.000733216, 0.00240497, 0.00340691, -0.00157313, ],[0.00162948, 0.00353993, -0.00162797, -0.000508955, -0.00572433, -0.000854039, -0.0026016, 0.000447625, -0.00162797, -0.000508955, 0.00162948, 0.00353993, 0.000906964, 0.00116021, 0.00723697, -0.000219529, 0.00860244, -0.0063833, 0.00162948, 0.00353993, 0.00723697, -0.000219529, 0.00682668, -0.000573487, -0.00677592, 0.00525068, 0.00860244, -0.0063833, -0.00677592, 0.00525068, 0.00860244, -0.0063833, -0.00677592, 0.00525068, 0.00682668, -0.000573487, 0.00723697, -0.000219529, 0.0218703, 0.00752536, -0.0168214, 0.0152284, 0.00162948, 0.00353993, 0.00860244, -0.0063833, 0.00723697, -0.000219529, 0.000906964, 0.00116021, 0.0103236, 0.00679074, 0.0218703, 0.00752536, -0.00677592, 0.00525068, -0.00162797, -0.000508955, 0.00723697, -0.000219529, 0.0191418, 0.0108699, 0.00839683, 0.00598291, 0.0178836, 0.0151057, -0.0202729, 0.0537538, 0.00682668, -0.000573487, -0.00572433, -0.000854039, 0.00723697, -0.000219529, 0.0218703, 0.00752536, -0.0202729, 0.0537538, 0.0191418, 0.0108699, -0.0202729, 0.0537538, -0.329033, 0.608331, -0.0168214, 0.0152284, 0.00682668, -0.000573487, -0.00677592, 0.00525068, 0.0191418, 0.0108699, -0.0202729, 0.0537538, 0.0218703, 0.00752536, 0.00723697, -0.000219529, 0.00682668, -0.000573487, -0.0168214, 0.0152284, -0.329033, 0.608331, -0.0202729, 0.0537538, 0.0218703, 0.00752536, -0.0168214, 0.0152284, 0.00839683, 0.00598291, 0.0191418, 0.0108699, 0.00723697, -0.000219529, -0.00162797, -0.000508955, -0.00572433, -0.000854039, 0.00682668, -0.000573487, -0.0202729, 0.0537538, 0.0178836, 0.0151057, 0.0103236, 0.00679074, 0.0218703, 0.00752536, -0.00677592, 0.00525068, 0.0027211, 0.00237982, 0.00839683, 0.00598291, 0.000906964, 0.00116021, -0.0026016, 0.000447625, -0.00162797, -0.000508955, 0.00723697, -0.000219529, 0.0191418, 0.0108699, 0.00839683, 0.00598291, 0.000906964, 0.00116021, 0.00723697, -0.000219529, 0.00860244, -0.0063833, 0.00162948, 0.00353993, 0.00839683, 0.00598291, 0.0178836, 0.0151057, 0.0103236, 0.00679074, 0.000906964, 0.00116021, 0.00723697, -0.000219529, 0.0218703, 0.00752536, -0.0202729, 0.0537538, 0.0191418, 0.0108699, 0.00723697, -0.000219529, 0.00682668, -0.000573487, -0.00677592, 0.00525068, 0.00860244, -0.0063833, 0.00162948, 0.00353993, 0.000906964, 0.00116021, 0.0103236, 0.00679074, 0.0178836, 0.0151057, 0.00839683, 0.00598291, 0.0191418, 0.0108699, -0.0202729, 0.0537538, 0.0218703, 0.00752536, 0.00723697, -0.000219529, 0.00860244, -0.0063833, -0.00677592, 0.00525068, 0.00682668, -0.000573487, 0.00723697, -0.000219529, -0.00162797, -0.000508955, -0.00572433, -0.000854039, -0.0026016, 0.000447625, 0.000906964, 0.00116021, 0.00839683, 0.00598291, 0.0027211, 0.00237982, 0.00839683, 0.00598291, 0.0191418, 0.0108699, 0.00723697, -0.000219529, -0.00162797, -0.000508955, 0.00162948, 0.00353993, 0.00860244, -0.0063833, 0.00723697, -0.000219529, 0.000906964, 0.00116021, -0.0026016, 0.000447625, -0.00162797, -0.000508955, 0.00162948, 0.00353993, ],]
