START_PARAMETERS
MAX_STEPS_MCDB =               32
MIN_STEPS_MCDB =               4
STEPS_CRUNCH_MCDB =            1
SWEEPS_MCDB =                  80
TOTAL_STEP_CHANGES =                  6
MCBB_SECONDARY =                  1
SWEEPS_MCBB_SECONDARY =                  300
NUMBER_OF_BANGS =                  7
GROUND_E =                3.99372
INITIAL_E =               4.73795
j_initial =               0.443
k_initial =               0.5
b_initial =               0
j_target =                0.028
k_target =                0.5
b_target =                0
init_target_dot_squared = 0.402804
init_state = [-0.00365058, 0, -0.0109693, 0, -0.0169772, 0, -0.0044511, 0, -0.0109693, 0, -0.00365058, 0, -0.0162958, 0, -0.0422724, 0, -0.0209972, 0, -0.00365058, 0, -0.0422724, 0, -0.0930241, 0, -0.0352974, 0, -0.0209972, 0, -0.0352974, 0, -0.0209972, 0, -0.0352974, 0, -0.0930241, 0, -0.0422724, 0, -0.124707, 0, -0.164639, 0, -0.00365058, 0, -0.0209972, 0, -0.0422724, 0, -0.0162958, 0, -0.0529454, 0, -0.124707, 0, -0.0352974, 0, -0.0109693, 0, -0.0422724, 0, -0.0610386, 0, -0.0209132, 0, -0.0637978, 0, -0.172921, 0, -0.0930241, 0, -0.0169772, 0, -0.0422724, 0, -0.124707, 0, -0.172921, 0, -0.0610386, 0, -0.172921, 0, -0.419116, 0, -0.164639, 0, -0.0930241, 0, -0.0352974, 0, -0.0610386, 0, -0.172921, 0, -0.124707, 0, -0.0422724, 0, -0.0930241, 0, -0.164639, 0, -0.419116, 0, -0.172921, 0, -0.124707, 0, -0.164639, 0, -0.0209132, 0, -0.0610386, 0, -0.0422724, 0, -0.0109693, 0, -0.0169772, 0, -0.0930241, 0, -0.172921, 0, -0.0637978, 0, -0.0529454, 0, -0.124707, 0, -0.0352974, 0, -0.00682825, 0, -0.0209132, 0, -0.0162958, 0, -0.0044511, 0, -0.0109693, 0, -0.0422724, 0, -0.0610386, 0, -0.0209132, 0, -0.0162958, 0, -0.0422724, 0, -0.0209972, 0, -0.00365058, 0, -0.0209132, 0, -0.0637978, 0, -0.0529454, 0, -0.0162958, 0, -0.0422724, 0, -0.124707, 0, -0.172921, 0, -0.0610386, 0, -0.0422724, 0, -0.0930241, 0, -0.0352974, 0, -0.0209972, 0, -0.00365058, 0, -0.0162958, 0, -0.0529454, 0, -0.0637978, 0, -0.0209132, 0, -0.0610386, 0, -0.172921, 0, -0.124707, 0, -0.0422724, 0, -0.0209972, 0, -0.0352974, 0, -0.0930241, 0, -0.0422724, 0, -0.0109693, 0, -0.0169772, 0, -0.0044511, 0, -0.0162958, 0, -0.0209132, 0, -0.00682825, 0, -0.0209132, 0, -0.0610386, 0, -0.0422724, 0, -0.0109693, 0, -0.00365058, 0, -0.0209972, 0, -0.0422724, 0, -0.0162958, 0, -0.0044511, 0, -0.0109693, 0, -0.00365058, 0, ]
target_state = [-3.13911e-08, 0, -1.00843e-06, 0, -1.54729e-05, 0, -3.62363e-08, 0, -1.00843e-06, 0, -3.13911e-08, 0, -1.58394e-06, 0, -4.63661e-05, 0, -2.30208e-06, 0, -3.13911e-08, 0, -4.63661e-05, 0, -0.00110593, 0, -3.60778e-05, 0, -2.30208e-06, 0, -3.60778e-05, 0, -2.30208e-06, 0, -3.60778e-05, 0, -0.00110593, 0, -4.63661e-05, 0, -0.0016571, 0, -0.0197673, 0, -3.13911e-08, 0, -2.30208e-06, 0, -4.63661e-05, 0, -1.58394e-06, 0, -6.17827e-05, 0, -0.0016571, 0, -3.60778e-05, 0, -1.00843e-06, 0, -4.63661e-05, 0, -0.000554337, 0, -1.55118e-05, 0, -0.000554767, 0, -0.019798, 0, -0.00110593, 0, -1.54729e-05, 0, -4.63661e-05, 0, -0.0016571, 0, -0.019798, 0, -0.000554337, 0, -0.019798, 0, -0.705431, 0, -0.0197673, 0, -0.00110593, 0, -3.60778e-05, 0, -0.000554337, 0, -0.019798, 0, -0.0016571, 0, -4.63661e-05, 0, -0.00110593, 0, -0.0197673, 0, -0.705431, 0, -0.019798, 0, -0.0016571, 0, -0.0197673, 0, -1.55118e-05, 0, -0.000554337, 0, -4.63661e-05, 0, -1.00843e-06, 0, -1.54729e-05, 0, -0.00110593, 0, -0.019798, 0, -0.000554767, 0, -6.17827e-05, 0, -0.0016571, 0, -3.60778e-05, 0, -4.33649e-07, 0, -1.55118e-05, 0, -1.58394e-06, 0, -3.62363e-08, 0, -1.00843e-06, 0, -4.63661e-05, 0, -0.000554337, 0, -1.55118e-05, 0, -1.58394e-06, 0, -4.63661e-05, 0, -2.30208e-06, 0, -3.13911e-08, 0, -1.55118e-05, 0, -0.000554767, 0, -6.17827e-05, 0, -1.58394e-06, 0, -4.63661e-05, 0, -0.0016571, 0, -0.019798, 0, -0.000554337, 0, -4.63661e-05, 0, -0.00110593, 0, -3.60778e-05, 0, -2.30208e-06, 0, -3.13911e-08, 0, -1.58394e-06, 0, -6.17827e-05, 0, -0.000554767, 0, -1.55118e-05, 0, -0.000554337, 0, -0.019798, 0, -0.0016571, 0, -4.63661e-05, 0, -2.30208e-06, 0, -3.60778e-05, 0, -0.00110593, 0, -4.63661e-05, 0, -1.00843e-06, 0, -1.54729e-05, 0, -3.62363e-08, 0, -1.58394e-06, 0, -1.55118e-05, 0, -4.33649e-07, 0, -1.55118e-05, 0, -0.000554337, 0, -4.63661e-05, 0, -1.00843e-06, 0, -3.13911e-08, 0, -2.30208e-06, 0, -4.63661e-05, 0, -1.58394e-06, 0, -3.62363e-08, 0, -1.00843e-06, 0, -3.13911e-08, 0, ]
USE_ENERGY_DISTANCE =     false
PERIODIC =                false
UNIFORM_SITES =           true
DEVICE_DIMENSION =        2
MAX_PARAM =               1
MIN_PARAM =               0
MIN_PARAM =               0
DIAG =                    true
NUM_SEEDS =               2
NUMBER_OF_BANGS =               7
DISTANCE_LIMIT =          0.02
TAU_INIT =                0.7
MAX_TAU =                 5
TAU_SCALAR =              1.2
TAU_SCALAR_TINY =         1.1
TAU_SCALAR_BIG =          1.3
ACCEPTANCE_PROB =         0.85
TEMP_EXP_DECAY =          0.8
MIN_TEMP_FRACTION =       0.01
TEMP_DECAY_ITERATIONS =   21
ZERO_TEMP_ITREATIONS =    20
RANDOM_STATES =           3
END_PARAMETERS
##############################################################################
clock_duration  =         1130.96
tau =                     0.7
total_steps =             32
time_step =               0.021875
best_mc_result =          0.395243
best_mc_result_non_secondary =          0.39633
evolved_target_dot_squared =  0.604757
distance =          0.661832
j_protocol =  [[0, 0, 0, 0, 0, 0, 0, 0, 1, 1, 1, 1, 1, 1, 0, 0, 0, 0, 0, 0, 0, 0, 0, 0, 1, 1, 0, 0, 1, 1, 1, 1, ],[0, 0, 0, 0, 0, 0, 0, 0, 1, 1, 1, 1, 1, 1, 0, 0, 0, 0, 0, 0, 0, 0, 0, 0, 1, 1, 0, 0, 1, 1, 1, 1, ],]
k_protocol =  [[1, 1, 1, 1, 1, 1, 1, 1, 1, 1, 1, 1, 1, 1, 1, 1, 1, 1, 1, 1, 1, 1, 1, 1, 1, 1, 1, 1, 1, 1, 1, 1, ],[1, 1, 1, 1, 1, 1, 1, 1, 1, 1, 1, 1, 1, 1, 1, 1, 1, 1, 1, 1, 1, 1, 1, 1, 1, 1, 1, 1, 1, 1, 1, 1, ],]
j_protocol_secondary =  [0.175801, 0.316277, 0.479786, 0.480012, 0.485802, 0.485802, 0.517592, 0.517592, 0.538083, 0.538803, 0.559176, 0.563167, 0.580398, 0.7, ]
k_protocol_secondary =  [0, 0.0852046, 0.0852046, 0.127644, 0.127644, 0.243395, 0.243395, 0.346894, 0.346894, 0.616278, 0.616278, 0.678099, 0.678099, 0.696526, ]
best_evolved_state = [-0.00141074, 0.00140599, -3.20225e-05, -0.00205697, -0.00961229, -0.0111344, 0.000969278, 0.000513146, -3.20225e-05, -0.00205697, -0.00141074, 0.00140599, -0.00298141, 0.000231627, -0.0264289, -0.00365719, -0.00816508, 0.00903995, -0.00141074, 0.00140599, -0.0264289, -0.00365719, -0.0877356, -0.0228544, -0.0145853, -0.0224029, -0.00816508, 0.00903995, -0.0145853, -0.0224029, -0.00816508, 0.00903995, -0.0145853, -0.0224029, -0.0877356, -0.0228544, -0.0264289, -0.00365719, -0.114512, -0.0472944, 0.0201204, -0.0850605, -0.00141074, 0.00140599, -0.00816508, 0.00903995, -0.0264289, -0.00365719, -0.00298141, 0.000231627, -0.0301424, -0.00334955, -0.114512, -0.0472944, -0.0145853, -0.0224029, -3.20225e-05, -0.00205697, -0.0264289, -0.00365719, -0.0202969, -0.00539068, -0.0019473, 0.00295909, -0.0225128, -0.00408649, -0.110417, -0.10738, -0.0877356, -0.0228544, -0.00961229, -0.0111344, -0.0264289, -0.00365719, -0.114512, -0.0472944, -0.110417, -0.10738, -0.0202969, -0.00539068, -0.110417, -0.10738, -0.184541, -0.497135, 0.0201204, -0.0850605, -0.0877356, -0.0228544, -0.0145853, -0.0224029, -0.0202969, -0.00539068, -0.110417, -0.10738, -0.114512, -0.0472944, -0.0264289, -0.00365719, -0.0877356, -0.0228544, 0.0201204, -0.0850605, -0.184541, -0.497135, -0.110417, -0.10738, -0.114512, -0.0472944, 0.0201204, -0.0850605, -0.0019473, 0.00295909, -0.0202969, -0.00539068, -0.0264289, -0.00365719, -3.20225e-05, -0.00205697, -0.00961229, -0.0111344, -0.0877356, -0.0228544, -0.110417, -0.10738, -0.0225128, -0.00408649, -0.0301424, -0.00334955, -0.114512, -0.0472944, -0.0145853, -0.0224029, -4.85207e-06, 0.000966553, -0.0019473, 0.00295909, -0.00298141, 0.000231627, 0.000969278, 0.000513146, -3.20225e-05, -0.00205697, -0.0264289, -0.00365719, -0.0202969, -0.00539068, -0.0019473, 0.00295909, -0.00298141, 0.000231627, -0.0264289, -0.00365719, -0.00816508, 0.00903995, -0.00141074, 0.00140599, -0.0019473, 0.00295909, -0.0225128, -0.00408649, -0.0301424, -0.00334955, -0.00298141, 0.000231627, -0.0264289, -0.00365719, -0.114512, -0.0472944, -0.110417, -0.10738, -0.0202969, -0.00539068, -0.0264289, -0.00365719, -0.0877356, -0.0228544, -0.0145853, -0.0224029, -0.00816508, 0.00903995, -0.00141074, 0.00140599, -0.00298141, 0.000231627, -0.0301424, -0.00334955, -0.0225128, -0.00408649, -0.0019473, 0.00295909, -0.0202969, -0.00539068, -0.110417, -0.10738, -0.114512, -0.0472944, -0.0264289, -0.00365719, -0.00816508, 0.00903995, -0.0145853, -0.0224029, -0.0877356, -0.0228544, -0.0264289, -0.00365719, -3.20225e-05, -0.00205697, -0.00961229, -0.0111344, 0.000969278, 0.000513146, -0.00298141, 0.000231627, -0.0019473, 0.00295909, -4.85207e-06, 0.000966553, -0.0019473, 0.00295909, -0.0202969, -0.00539068, -0.0264289, -0.00365719, -3.20225e-05, -0.00205697, -0.00141074, 0.00140599, -0.00816508, 0.00903995, -0.0264289, -0.00365719, -0.00298141, 0.000231627, 0.000969278, 0.000513146, -3.20225e-05, -0.00205697, -0.00141074, 0.00140599, ]
best_mc_result_fixed_tau =   [0.39633, 0.39633, ]
evolved_state_fixed_tau =   [[-0.00160438, 0.001783, 3.83842e-05, -0.00213702, -0.0117224, -0.0111295, 0.00100791, 0.000490879, 3.83842e-05, -0.00213702, -0.00160438, 0.001783, -0.00286979, 0.000452576, -0.0265523, -0.00220657, -0.00749213, 0.00959011, -0.00160438, 0.001783, -0.0265523, -0.00220657, -0.0885892, -0.0187339, -0.0164011, -0.0223642, -0.00749213, 0.00959011, -0.0164011, -0.0223642, -0.00749213, 0.00959011, -0.0164011, -0.0223642, -0.0885892, -0.0187339, -0.0265523, -0.00220657, -0.116701, -0.0416501, 0.0172509, -0.0874825, -0.00160438, 0.001783, -0.00749213, 0.00959011, -0.0265523, -0.00220657, -0.00286979, 0.000452576, -0.0302602, -0.00163504, -0.116701, -0.0416501, -0.0164011, -0.0223642, 3.83842e-05, -0.00213702, -0.0265523, -0.00220657, -0.0204814, -0.00398105, -0.00175181, 0.00314116, -0.0226369, -0.00255005, -0.115087, -0.101929, -0.0885892, -0.0187339, -0.0117224, -0.0111295, -0.0265523, -0.00220657, -0.116701, -0.0416501, -0.115087, -0.101929, -0.0204814, -0.00398105, -0.115087, -0.101929, -0.20091, -0.490273, 0.0172509, -0.0874825, -0.0885892, -0.0187339, -0.0164011, -0.0223642, -0.0204814, -0.00398105, -0.115087, -0.101929, -0.116701, -0.0416501, -0.0265523, -0.00220657, -0.0885892, -0.0187339, 0.0172509, -0.0874825, -0.20091, -0.490273, -0.115087, -0.101929, -0.116701, -0.0416501, 0.0172509, -0.0874825, -0.00175181, 0.00314116, -0.0204814, -0.00398105, -0.0265523, -0.00220657, 3.83842e-05, -0.00213702, -0.0117224, -0.0111295, -0.0885892, -0.0187339, -0.115087, -0.101929, -0.0226369, -0.00255005, -0.0302602, -0.00163504, -0.116701, -0.0416501, -0.0164011, -0.0223642, 6.62716e-05, 0.000958919, -0.00175181, 0.00314116, -0.00286979, 0.000452576, 0.00100791, 0.000490879, 3.83842e-05, -0.00213702, -0.0265523, -0.00220657, -0.0204814, -0.00398105, -0.00175181, 0.00314116, -0.00286979, 0.000452576, -0.0265523, -0.00220657, -0.00749213, 0.00959011, -0.00160438, 0.001783, -0.00175181, 0.00314116, -0.0226369, -0.00255005, -0.0302602, -0.00163504, -0.00286979, 0.000452576, -0.0265523, -0.00220657, -0.116701, -0.0416501, -0.115087, -0.101929, -0.0204814, -0.00398105, -0.0265523, -0.00220657, -0.0885892, -0.0187339, -0.0164011, -0.0223642, -0.00749213, 0.00959011, -0.00160438, 0.001783, -0.00286979, 0.000452576, -0.0302602, -0.00163504, -0.0226369, -0.00255005, -0.00175181, 0.00314116, -0.0204814, -0.00398105, -0.115087, -0.101929, -0.116701, -0.0416501, -0.0265523, -0.00220657, -0.00749213, 0.00959011, -0.0164011, -0.0223642, -0.0885892, -0.0187339, -0.0265523, -0.00220657, 3.83842e-05, -0.00213702, -0.0117224, -0.0111295, 0.00100791, 0.000490879, -0.00286979, 0.000452576, -0.00175181, 0.00314116, 6.62716e-05, 0.000958919, -0.00175181, 0.00314116, -0.0204814, -0.00398105, -0.0265523, -0.00220657, 3.83842e-05, -0.00213702, -0.00160438, 0.001783, -0.00749213, 0.00959011, -0.0265523, -0.00220657, -0.00286979, 0.000452576, 0.00100791, 0.000490879, 3.83842e-05, -0.00213702, -0.00160438, 0.001783, ],[-0.00160438, 0.001783, 3.83842e-05, -0.00213702, -0.0117224, -0.0111295, 0.00100791, 0.000490879, 3.83842e-05, -0.00213702, -0.00160438, 0.001783, -0.00286979, 0.000452576, -0.0265523, -0.00220657, -0.00749213, 0.00959011, -0.00160438, 0.001783, -0.0265523, -0.00220657, -0.0885892, -0.0187339, -0.0164011, -0.0223642, -0.00749213, 0.00959011, -0.0164011, -0.0223642, -0.00749213, 0.00959011, -0.0164011, -0.0223642, -0.0885892, -0.0187339, -0.0265523, -0.00220657, -0.116701, -0.0416501, 0.0172509, -0.0874825, -0.00160438, 0.001783, -0.00749213, 0.00959011, -0.0265523, -0.00220657, -0.00286979, 0.000452576, -0.0302602, -0.00163504, -0.116701, -0.0416501, -0.0164011, -0.0223642, 3.83842e-05, -0.00213702, -0.0265523, -0.00220657, -0.0204814, -0.00398105, -0.00175181, 0.00314116, -0.0226369, -0.00255005, -0.115087, -0.101929, -0.0885892, -0.0187339, -0.0117224, -0.0111295, -0.0265523, -0.00220657, -0.116701, -0.0416501, -0.115087, -0.101929, -0.0204814, -0.00398105, -0.115087, -0.101929, -0.20091, -0.490273, 0.0172509, -0.0874825, -0.0885892, -0.0187339, -0.0164011, -0.0223642, -0.0204814, -0.00398105, -0.115087, -0.101929, -0.116701, -0.0416501, -0.0265523, -0.00220657, -0.0885892, -0.0187339, 0.0172509, -0.0874825, -0.20091, -0.490273, -0.115087, -0.101929, -0.116701, -0.0416501, 0.0172509, -0.0874825, -0.00175181, 0.00314116, -0.0204814, -0.00398105, -0.0265523, -0.00220657, 3.83842e-05, -0.00213702, -0.0117224, -0.0111295, -0.0885892, -0.0187339, -0.115087, -0.101929, -0.0226369, -0.00255005, -0.0302602, -0.00163504, -0.116701, -0.0416501, -0.0164011, -0.0223642, 6.62716e-05, 0.000958919, -0.00175181, 0.00314116, -0.00286979, 0.000452576, 0.00100791, 0.000490879, 3.83842e-05, -0.00213702, -0.0265523, -0.00220657, -0.0204814, -0.00398105, -0.00175181, 0.00314116, -0.00286979, 0.000452576, -0.0265523, -0.00220657, -0.00749213, 0.00959011, -0.00160438, 0.001783, -0.00175181, 0.00314116, -0.0226369, -0.00255005, -0.0302602, -0.00163504, -0.00286979, 0.000452576, -0.0265523, -0.00220657, -0.116701, -0.0416501, -0.115087, -0.101929, -0.0204814, -0.00398105, -0.0265523, -0.00220657, -0.0885892, -0.0187339, -0.0164011, -0.0223642, -0.00749213, 0.00959011, -0.00160438, 0.001783, -0.00286979, 0.000452576, -0.0302602, -0.00163504, -0.0226369, -0.00255005, -0.00175181, 0.00314116, -0.0204814, -0.00398105, -0.115087, -0.101929, -0.116701, -0.0416501, -0.0265523, -0.00220657, -0.00749213, 0.00959011, -0.0164011, -0.0223642, -0.0885892, -0.0187339, -0.0265523, -0.00220657, 3.83842e-05, -0.00213702, -0.0117224, -0.0111295, 0.00100791, 0.000490879, -0.00286979, 0.000452576, -0.00175181, 0.00314116, 6.62716e-05, 0.000958919, -0.00175181, 0.00314116, -0.0204814, -0.00398105, -0.0265523, -0.00220657, 3.83842e-05, -0.00213702, -0.00160438, 0.001783, -0.00749213, 0.00959011, -0.0265523, -0.00220657, -0.00286979, 0.000452576, 0.00100791, 0.000490879, 3.83842e-05, -0.00213702, -0.00160438, 0.001783, ],]
##############################################################################
clock_duration  =         2362.02
tau =                     1.24199
total_steps =             32
time_step =               0.038812
best_mc_result =          0.143124
best_mc_result_non_secondary =          0.144492
evolved_target_dot_squared =  0.856876
distance =          0.23966
j_protocol =  [[0, 0, 0, 0, 0, 0, 0, 0, 1, 1, 1, 1, 1, 1, 0, 0, 1, 1, 0, 0, 0, 0, 0, 0, 1, 1, 0, 0, 1, 1, 1, 1, ],[0, 0, 0, 0, 0, 0, 0, 1, 0, 1, 1, 1, 1, 0, 1, 1, 0, 1, 0, 0, 0, 1, 0, 0, 0, 0, 0, 1, 1, 1, 1, 1, ],]
k_protocol =  [[1, 1, 1, 1, 1, 1, 1, 1, 1, 1, 1, 1, 1, 1, 1, 1, 1, 1, 1, 1, 1, 1, 1, 1, 1, 1, 1, 1, 1, 1, 1, 1, ],[1, 1, 1, 1, 1, 1, 1, 1, 1, 1, 1, 1, 1, 1, 1, 1, 1, 1, 1, 1, 1, 1, 1, 1, 1, 1, 1, 1, 1, 1, 1, 1, ],]
j_protocol_secondary =  [0.286346, 0.31446, 0.34443, 0.506029, 0.54588, 0.618916, 0.662586, 0.699361, 0.7195, 0.726483, 0.824386, 0.851215, 1.03648, 1.24199, ]
k_protocol_secondary =  [0, 0.0704925, 0.0704925, 0.175086, 0.175086, 0.20421, 0.20421, 0.268609, 0.268609, 0.389603, 0.389603, 1.10217, 1.10217, 1.23639, ]
best_evolved_state = [0.00511141, -0.0118202, -0.0126056, -0.0053558, 0.0304184, 0.0213166, 0.000492521, -0.011281, -0.0126056, -0.0053558, 0.00511141, -0.0118202, -0.00190641, -0.00415947, 0.0070302, -0.000957617, 0.00769674, -0.0188791, 0.00511141, -0.0118202, 0.0070302, -0.000957617, 0.019615, -0.0226235, -0.0128075, 0.0232078, 0.00769674, -0.0188791, -0.0128075, 0.0232078, 0.00769674, -0.0188791, -0.0128075, 0.0232078, 0.019615, -0.0226235, 0.0070302, -0.000957617, 0.0478537, -0.0370618, 0.0941211, 0.0347141, 0.00511141, -0.0118202, 0.00769674, -0.0188791, 0.0070302, -0.000957617, -0.00190641, -0.00415947, 0.0114677, 0.00122861, 0.0478537, -0.0370618, -0.0128075, 0.0232078, -0.0126056, -0.0053558, 0.0070302, -0.000957617, 0.0362612, -0.00237129, 0.0152183, 0.00654147, 0.0366713, 0.000631756, 0.0900532, 0.0047095, 0.019615, -0.0226235, 0.0304184, 0.0213166, 0.0070302, -0.000957617, 0.0478537, -0.0370618, 0.0900532, 0.0047095, 0.0362612, -0.00237129, 0.0900532, 0.0047095, 0.583661, 0.263951, 0.0941211, 0.0347141, 0.019615, -0.0226235, -0.0128075, 0.0232078, 0.0362612, -0.00237129, 0.0900532, 0.0047095, 0.0478537, -0.0370618, 0.0070302, -0.000957617, 0.019615, -0.0226235, 0.0941211, 0.0347141, 0.583661, 0.263951, 0.0900532, 0.0047095, 0.0478537, -0.0370618, 0.0941211, 0.0347141, 0.0152183, 0.00654147, 0.0362612, -0.00237129, 0.0070302, -0.000957617, -0.0126056, -0.0053558, 0.0304184, 0.0213166, 0.019615, -0.0226235, 0.0900532, 0.0047095, 0.0366713, 0.000631756, 0.0114677, 0.00122861, 0.0478537, -0.0370618, -0.0128075, 0.0232078, 0.00335164, 0.00626646, 0.0152183, 0.00654147, -0.00190641, -0.00415947, 0.000492521, -0.011281, -0.0126056, -0.0053558, 0.0070302, -0.000957617, 0.0362612, -0.00237129, 0.0152183, 0.00654147, -0.00190641, -0.00415947, 0.0070302, -0.000957617, 0.00769674, -0.0188791, 0.00511141, -0.0118202, 0.0152183, 0.00654147, 0.0366713, 0.000631756, 0.0114677, 0.00122861, -0.00190641, -0.00415947, 0.0070302, -0.000957617, 0.0478537, -0.0370618, 0.0900532, 0.0047095, 0.0362612, -0.00237129, 0.0070302, -0.000957617, 0.019615, -0.0226235, -0.0128075, 0.0232078, 0.00769674, -0.0188791, 0.00511141, -0.0118202, -0.00190641, -0.00415947, 0.0114677, 0.00122861, 0.0366713, 0.000631756, 0.0152183, 0.00654147, 0.0362612, -0.00237129, 0.0900532, 0.0047095, 0.0478537, -0.0370618, 0.0070302, -0.000957617, 0.00769674, -0.0188791, -0.0128075, 0.0232078, 0.019615, -0.0226235, 0.0070302, -0.000957617, -0.0126056, -0.0053558, 0.0304184, 0.0213166, 0.000492521, -0.011281, -0.00190641, -0.00415947, 0.0152183, 0.00654147, 0.00335164, 0.00626646, 0.0152183, 0.00654147, 0.0362612, -0.00237129, 0.0070302, -0.000957617, -0.0126056, -0.0053558, 0.00511141, -0.0118202, 0.00769674, -0.0188791, 0.0070302, -0.000957617, -0.00190641, -0.00415947, 0.000492521, -0.011281, -0.0126056, -0.0053558, 0.00511141, -0.0118202, ]
best_mc_result_fixed_tau =   [0.1452, 0.144492, ]
evolved_state_fixed_tau =   [[0.0028043, -0.0128574, -0.0131137, -0.00377399, 0.0328402, 0.0160808, -0.00132415, -0.0115893, -0.0131137, -0.00377399, 0.0028043, -0.0128574, -0.00256556, -0.00366192, 0.0072465, -0.000768622, 0.00601668, -0.0195147, 0.0028043, -0.0128574, 0.0072465, -0.000768622, 0.0205533, -0.0215068, -0.00907244, 0.0252474, 0.00601668, -0.0195147, -0.00907244, 0.0252474, 0.00601668, -0.0195147, -0.00907244, 0.0252474, 0.0205533, -0.0215068, 0.0072465, -0.000768622, 0.048475, -0.0367688, 0.0947822, 0.0286476, 0.0028043, -0.0128574, 0.00601668, -0.0195147, 0.0072465, -0.000768622, -0.00256556, -0.00366192, 0.0120193, 0.0010177, 0.048475, -0.0367688, -0.00907244, 0.0252474, -0.0131137, -0.00377399, 0.0072465, -0.000768622, 0.0361366, -0.00556865, 0.0164296, 0.00452856, 0.036974, -0.0025823, 0.0918926, 0.00209826, 0.0205533, -0.0215068, 0.0328402, 0.0160808, 0.0072465, -0.000768622, 0.048475, -0.0367688, 0.0918926, 0.00209826, 0.0361366, -0.00556865, 0.0918926, 0.00209826, 0.587961, 0.252017, 0.0947822, 0.0286476, 0.0205533, -0.0215068, -0.00907244, 0.0252474, 0.0361366, -0.00556865, 0.0918926, 0.00209826, 0.048475, -0.0367688, 0.0072465, -0.000768622, 0.0205533, -0.0215068, 0.0947822, 0.0286476, 0.587961, 0.252017, 0.0918926, 0.00209826, 0.048475, -0.0367688, 0.0947822, 0.0286476, 0.0164296, 0.00452856, 0.0361366, -0.00556865, 0.0072465, -0.000768622, -0.0131137, -0.00377399, 0.0328402, 0.0160808, 0.0205533, -0.0215068, 0.0918926, 0.00209826, 0.036974, -0.0025823, 0.0120193, 0.0010177, 0.048475, -0.0367688, -0.00907244, 0.0252474, 0.0046027, 0.00589388, 0.0164296, 0.00452856, -0.00256556, -0.00366192, -0.00132415, -0.0115893, -0.0131137, -0.00377399, 0.0072465, -0.000768622, 0.0361366, -0.00556865, 0.0164296, 0.00452856, -0.00256556, -0.00366192, 0.0072465, -0.000768622, 0.00601668, -0.0195147, 0.0028043, -0.0128574, 0.0164296, 0.00452856, 0.036974, -0.0025823, 0.0120193, 0.0010177, -0.00256556, -0.00366192, 0.0072465, -0.000768622, 0.048475, -0.0367688, 0.0918926, 0.00209826, 0.0361366, -0.00556865, 0.0072465, -0.000768622, 0.0205533, -0.0215068, -0.00907244, 0.0252474, 0.00601668, -0.0195147, 0.0028043, -0.0128574, -0.00256556, -0.00366192, 0.0120193, 0.0010177, 0.036974, -0.0025823, 0.0164296, 0.00452856, 0.0361366, -0.00556865, 0.0918926, 0.00209826, 0.048475, -0.0367688, 0.0072465, -0.000768622, 0.00601668, -0.0195147, -0.00907244, 0.0252474, 0.0205533, -0.0215068, 0.0072465, -0.000768622, -0.0131137, -0.00377399, 0.0328402, 0.0160808, -0.00132415, -0.0115893, -0.00256556, -0.00366192, 0.0164296, 0.00452856, 0.0046027, 0.00589388, 0.0164296, 0.00452856, 0.0361366, -0.00556865, 0.0072465, -0.000768622, -0.0131137, -0.00377399, 0.0028043, -0.0128574, 0.00601668, -0.0195147, 0.0072465, -0.000768622, -0.00256556, -0.00366192, -0.00132415, -0.0115893, -0.0131137, -0.00377399, 0.0028043, -0.0128574, ],[0.00371306, -0.0120786, -0.0133128, -0.00464438, 0.0314003, 0.0199859, -0.000813339, -0.0112954, -0.0133128, -0.00464438, 0.00371306, -0.0120786, -0.00257048, -0.00406513, 0.00670458, -0.000597351, 0.00592937, -0.0202203, 0.00371306, -0.0120786, 0.00670458, -0.000597351, 0.0233829, -0.0226574, -0.0114222, 0.0265928, 0.00592937, -0.0202203, -0.0114222, 0.0265928, 0.00592937, -0.0202203, -0.0114222, 0.0265928, 0.0233829, -0.0226574, 0.00670458, -0.000597351, 0.0513351, -0.0371175, 0.0872463, 0.0216168, 0.00371306, -0.0120786, 0.00592937, -0.0202203, 0.00670458, -0.000597351, -0.00257048, -0.00406513, 0.0111718, 0.00110147, 0.0513351, -0.0371175, -0.0114222, 0.0265928, -0.0133128, -0.00464438, 0.00670458, -0.000597351, 0.0358235, -0.00559507, 0.0160012, 0.00455358, 0.0365062, -0.0027246, 0.0920233, 0.00140856, 0.0233829, -0.0226574, 0.0314003, 0.0199859, 0.00670458, -0.000597351, 0.0513351, -0.0371175, 0.0920233, 0.00140856, 0.0358235, -0.00559507, 0.0920233, 0.00140856, 0.586971, 0.2564, 0.0872463, 0.0216168, 0.0233829, -0.0226574, -0.0114222, 0.0265928, 0.0358235, -0.00559507, 0.0920233, 0.00140856, 0.0513351, -0.0371175, 0.00670458, -0.000597351, 0.0233829, -0.0226574, 0.0872463, 0.0216168, 0.586971, 0.2564, 0.0920233, 0.00140856, 0.0513351, -0.0371175, 0.0872463, 0.0216168, 0.0160012, 0.00455358, 0.0358235, -0.00559507, 0.00670458, -0.000597351, -0.0133128, -0.00464438, 0.0314003, 0.0199859, 0.0233829, -0.0226574, 0.0920233, 0.00140856, 0.0365062, -0.0027246, 0.0111718, 0.00110147, 0.0513351, -0.0371175, -0.0114222, 0.0265928, 0.00432489, 0.00569736, 0.0160012, 0.00455358, -0.00257048, -0.00406513, -0.000813339, -0.0112954, -0.0133128, -0.00464438, 0.00670458, -0.000597351, 0.0358235, -0.00559507, 0.0160012, 0.00455358, -0.00257048, -0.00406513, 0.00670458, -0.000597351, 0.00592937, -0.0202203, 0.00371306, -0.0120786, 0.0160012, 0.00455358, 0.0365062, -0.0027246, 0.0111718, 0.00110147, -0.00257048, -0.00406513, 0.00670458, -0.000597351, 0.0513351, -0.0371175, 0.0920233, 0.00140856, 0.0358235, -0.00559507, 0.00670458, -0.000597351, 0.0233829, -0.0226574, -0.0114222, 0.0265928, 0.00592937, -0.0202203, 0.00371306, -0.0120786, -0.00257048, -0.00406513, 0.0111718, 0.00110147, 0.0365062, -0.0027246, 0.0160012, 0.00455358, 0.0358235, -0.00559507, 0.0920233, 0.00140856, 0.0513351, -0.0371175, 0.00670458, -0.000597351, 0.00592937, -0.0202203, -0.0114222, 0.0265928, 0.0233829, -0.0226574, 0.00670458, -0.000597351, -0.0133128, -0.00464438, 0.0314003, 0.0199859, -0.000813339, -0.0112954, -0.00257048, -0.00406513, 0.0160012, 0.00455358, 0.00432489, 0.00569736, 0.0160012, 0.00455358, 0.0358235, -0.00559507, 0.00670458, -0.000597351, -0.0133128, -0.00464438, 0.00371306, -0.0120786, 0.00592937, -0.0202203, 0.00670458, -0.000597351, -0.00257048, -0.00406513, -0.000813339, -0.0112954, -0.0133128, -0.00464438, 0.00371306, -0.0120786, ],]
##############################################################################
clock_duration  =         3577.31
tau =                     1.49038
total_steps =             32
time_step =               0.0465744
best_mc_result =          0.0545935
best_mc_result_non_secondary =          0.055493
evolved_target_dot_squared =  0.945407
distance =          0.0914163
j_protocol =  [[0, 0, 0, 0, 0, 0, 1, 1, 0, 1, 0, 1, 0, 0, 0, 1, 1, 1, 1, 0, 0, 0, 0, 0, 0, 1, 1, 0, 0, 1, 1, 1, ],[0, 0, 0, 0, 0, 0, 1, 1, 1, 0, 0, 1, 0, 0, 0, 0, 1, 1, 1, 1, 0, 0, 1, 0, 0, 0, 0, 0, 1, 1, 1, 1, ],]
k_protocol =  [[1, 1, 1, 1, 1, 1, 1, 1, 1, 1, 1, 1, 1, 1, 1, 1, 1, 1, 1, 1, 1, 1, 1, 1, 1, 1, 1, 1, 1, 1, 1, 1, ],[1, 1, 1, 1, 1, 1, 1, 1, 1, 1, 1, 1, 1, 1, 1, 1, 1, 1, 1, 1, 1, 1, 1, 1, 1, 1, 1, 1, 1, 1, 1, 1, ],]
j_protocol_secondary =  [0.103112, 0.103112, 0.289515, 0.397726, 0.402418, 0.433838, 0.507492, 0.562464, 0.751808, 0.932605, 1.0244, 1.07129, 1.30317, 1.49038, ]
k_protocol_secondary =  [0, 0.159157, 0.159157, 0.248577, 0.248577, 0.499462, 0.499462, 0.999784, 0.999784, 1.24623, 1.24623, 1.27122, 1.27122, 1.48547, ]
best_evolved_state = [0.000545274, 0.000453459, 0.0066656, 0.00422589, -0.0127079, -0.00588046, 0.00195655, 0.00763227, 0.0066656, 0.00422589, 0.000545274, 0.000453459, 0.000189622, 0.00162922, -0.00762129, -0.00324394, -0.0163719, 0.0122975, 0.000545274, 0.000453459, -0.00762129, -0.00324394, -0.0134103, 0.00254563, 0.0209977, -0.0134665, -0.0163719, 0.0122975, 0.0209977, -0.0134665, -0.0163719, 0.0122975, 0.0209977, -0.0134665, -0.0134103, 0.00254563, -0.00762129, -0.00324394, -0.0335675, -0.00172965, -0.010277, -0.0547208, 0.000545274, 0.000453459, -0.0163719, 0.0122975, -0.00762129, -0.00324394, 0.000189622, 0.00162922, -0.0084321, -0.00984427, -0.0335675, -0.00172965, 0.0209977, -0.0134665, 0.0066656, 0.00422589, -0.00762129, -0.00324394, -0.0252676, -0.0188695, -0.00842708, -0.0144848, -0.0230963, -0.0223961, -0.00294133, -0.0588551, -0.0134103, 0.00254563, -0.0127079, -0.00588046, -0.00762129, -0.00324394, -0.0335675, -0.00172965, -0.00294133, -0.0588551, -0.0252676, -0.0188695, -0.00294133, -0.0588551, 0.0076161, -0.679363, -0.010277, -0.0547208, -0.0134103, 0.00254563, 0.0209977, -0.0134665, -0.0252676, -0.0188695, -0.00294133, -0.0588551, -0.0335675, -0.00172965, -0.00762129, -0.00324394, -0.0134103, 0.00254563, -0.010277, -0.0547208, 0.0076161, -0.679363, -0.00294133, -0.0588551, -0.0335675, -0.00172965, -0.010277, -0.0547208, -0.00842708, -0.0144848, -0.0252676, -0.0188695, -0.00762129, -0.00324394, 0.0066656, 0.00422589, -0.0127079, -0.00588046, -0.0134103, 0.00254563, -0.00294133, -0.0588551, -0.0230963, -0.0223961, -0.0084321, -0.00984427, -0.0335675, -0.00172965, 0.0209977, -0.0134665, -0.000444444, -0.00720561, -0.00842708, -0.0144848, 0.000189622, 0.00162922, 0.00195655, 0.00763227, 0.0066656, 0.00422589, -0.00762129, -0.00324394, -0.0252676, -0.0188695, -0.00842708, -0.0144848, 0.000189622, 0.00162922, -0.00762129, -0.00324394, -0.0163719, 0.0122975, 0.000545274, 0.000453459, -0.00842708, -0.0144848, -0.0230963, -0.0223961, -0.0084321, -0.00984427, 0.000189622, 0.00162922, -0.00762129, -0.00324394, -0.0335675, -0.00172965, -0.00294133, -0.0588551, -0.0252676, -0.0188695, -0.00762129, -0.00324394, -0.0134103, 0.00254563, 0.0209977, -0.0134665, -0.0163719, 0.0122975, 0.000545274, 0.000453459, 0.000189622, 0.00162922, -0.0084321, -0.00984427, -0.0230963, -0.0223961, -0.00842708, -0.0144848, -0.0252676, -0.0188695, -0.00294133, -0.0588551, -0.0335675, -0.00172965, -0.00762129, -0.00324394, -0.0163719, 0.0122975, 0.0209977, -0.0134665, -0.0134103, 0.00254563, -0.00762129, -0.00324394, 0.0066656, 0.00422589, -0.0127079, -0.00588046, 0.00195655, 0.00763227, 0.000189622, 0.00162922, -0.00842708, -0.0144848, -0.000444444, -0.00720561, -0.00842708, -0.0144848, -0.0252676, -0.0188695, -0.00762129, -0.00324394, 0.0066656, 0.00422589, 0.000545274, 0.000453459, -0.0163719, 0.0122975, -0.00762129, -0.00324394, 0.000189622, 0.00162922, 0.00195655, 0.00763227, 0.0066656, 0.00422589, 0.000545274, 0.000453459, ]
best_mc_result_fixed_tau =   [0.0591832, 0.055493, ]
evolved_state_fixed_tau =   [[-6.97296e-05, 0.00283679, 0.00953013, 0.0033706, -0.0211223, -0.00950556, 0.00268419, 0.00864303, 0.00953013, 0.0033706, -6.97296e-05, 0.00283679, 0.00110346, 0.00228273, -0.00716525, -0.00372786, -0.0140175, 0.016172, -6.97296e-05, 0.00283679, -0.00716525, -0.00372786, -0.0157158, 0.00343342, 0.0206365, -0.0230197, -0.0140175, 0.016172, 0.0206365, -0.0230197, -0.0140175, 0.016172, 0.0206365, -0.0230197, -0.0157158, 0.00343342, -0.00716525, -0.00372786, -0.0383246, 0.000289922, -0.0020834, -0.0427326, -6.97296e-05, 0.00283679, -0.0140175, 0.016172, -0.00716525, -0.00372786, 0.00110346, 0.00228273, -0.00810598, -0.0101571, -0.0383246, 0.000289922, 0.0206365, -0.0230197, 0.00953013, 0.0033706, -0.00716525, -0.00372786, -0.0267789, -0.0155429, -0.0103999, -0.0129811, -0.0250808, -0.0190251, -0.0088762, -0.0585168, -0.0157158, 0.00343342, -0.0211223, -0.00950556, -0.00716525, -0.00372786, -0.0383246, 0.000289922, -0.0088762, -0.0585168, -0.0267789, -0.0155429, -0.0088762, -0.0585168, -0.0298761, -0.677739, -0.0020834, -0.0427326, -0.0157158, 0.00343342, 0.0206365, -0.0230197, -0.0267789, -0.0155429, -0.0088762, -0.0585168, -0.0383246, 0.000289922, -0.00716525, -0.00372786, -0.0157158, 0.00343342, -0.0020834, -0.0427326, -0.0298761, -0.677739, -0.0088762, -0.0585168, -0.0383246, 0.000289922, -0.0020834, -0.0427326, -0.0103999, -0.0129811, -0.0267789, -0.0155429, -0.00716525, -0.00372786, 0.00953013, 0.0033706, -0.0211223, -0.00950556, -0.0157158, 0.00343342, -0.0088762, -0.0585168, -0.0250808, -0.0190251, -0.00810598, -0.0101571, -0.0383246, 0.000289922, 0.0206365, -0.0230197, -0.0015075, -0.00708198, -0.0103999, -0.0129811, 0.00110346, 0.00228273, 0.00268419, 0.00864303, 0.00953013, 0.0033706, -0.00716525, -0.00372786, -0.0267789, -0.0155429, -0.0103999, -0.0129811, 0.00110346, 0.00228273, -0.00716525, -0.00372786, -0.0140175, 0.016172, -6.97296e-05, 0.00283679, -0.0103999, -0.0129811, -0.0250808, -0.0190251, -0.00810598, -0.0101571, 0.00110346, 0.00228273, -0.00716525, -0.00372786, -0.0383246, 0.000289922, -0.0088762, -0.0585168, -0.0267789, -0.0155429, -0.00716525, -0.00372786, -0.0157158, 0.00343342, 0.0206365, -0.0230197, -0.0140175, 0.016172, -6.97296e-05, 0.00283679, 0.00110346, 0.00228273, -0.00810598, -0.0101571, -0.0250808, -0.0190251, -0.0103999, -0.0129811, -0.0267789, -0.0155429, -0.0088762, -0.0585168, -0.0383246, 0.000289922, -0.00716525, -0.00372786, -0.0140175, 0.016172, 0.0206365, -0.0230197, -0.0157158, 0.00343342, -0.00716525, -0.00372786, 0.00953013, 0.0033706, -0.0211223, -0.00950556, 0.00268419, 0.00864303, 0.00110346, 0.00228273, -0.0103999, -0.0129811, -0.0015075, -0.00708198, -0.0103999, -0.0129811, -0.0267789, -0.0155429, -0.00716525, -0.00372786, 0.00953013, 0.0033706, -6.97296e-05, 0.00283679, -0.0140175, 0.016172, -0.00716525, -0.00372786, 0.00110346, 0.00228273, 0.00268419, 0.00864303, 0.00953013, 0.0033706, -6.97296e-05, 0.00283679, ],[-0.000220853, -0.000275245, 0.00581467, 0.00438315, -0.0105009, -0.00534927, 0.0017088, 0.00677706, 0.00581467, 0.00438315, -0.000220853, -0.000275245, -0.000292781, 0.00160187, -0.00823899, -0.00196406, -0.016647, 0.0112349, -0.000220853, -0.000275245, -0.00823899, -0.00196406, -0.0130766, 0.00524839, 0.0203412, -0.0106785, -0.016647, 0.0112349, 0.0203412, -0.0106785, -0.016647, 0.0112349, 0.0203412, -0.0106785, -0.0130766, 0.00524839, -0.00823899, -0.00196406, -0.0333292, 0.00217102, -0.0203656, -0.0595016, -0.000220853, -0.000275245, -0.016647, 0.0112349, -0.00823899, -0.00196406, -0.000292781, 0.00160187, -0.00963515, -0.00842136, -0.0333292, 0.00217102, 0.0203412, -0.0106785, 0.00581467, 0.00438315, -0.00823899, -0.00196406, -0.0264677, -0.0184247, -0.00840521, -0.0142287, -0.0242969, -0.0220642, -0.00800688, -0.0566398, -0.0130766, 0.00524839, -0.0105009, -0.00534927, -0.00823899, -0.00196406, -0.0333292, 0.00217102, -0.00800688, -0.0566398, -0.0264677, -0.0184247, -0.00800688, -0.0566398, -0.022349, -0.678651, -0.0203656, -0.0595016, -0.0130766, 0.00524839, 0.0203412, -0.0106785, -0.0264677, -0.0184247, -0.00800688, -0.0566398, -0.0333292, 0.00217102, -0.00823899, -0.00196406, -0.0130766, 0.00524839, -0.0203656, -0.0595016, -0.022349, -0.678651, -0.00800688, -0.0566398, -0.0333292, 0.00217102, -0.0203656, -0.0595016, -0.00840521, -0.0142287, -0.0264677, -0.0184247, -0.00823899, -0.00196406, 0.00581467, 0.00438315, -0.0105009, -0.00534927, -0.0130766, 0.00524839, -0.00800688, -0.0566398, -0.0242969, -0.0220642, -0.00963515, -0.00842136, -0.0333292, 0.00217102, 0.0203412, -0.0106785, -0.000426465, -0.00684226, -0.00840521, -0.0142287, -0.000292781, 0.00160187, 0.0017088, 0.00677706, 0.00581467, 0.00438315, -0.00823899, -0.00196406, -0.0264677, -0.0184247, -0.00840521, -0.0142287, -0.000292781, 0.00160187, -0.00823899, -0.00196406, -0.016647, 0.0112349, -0.000220853, -0.000275245, -0.00840521, -0.0142287, -0.0242969, -0.0220642, -0.00963515, -0.00842136, -0.000292781, 0.00160187, -0.00823899, -0.00196406, -0.0333292, 0.00217102, -0.00800688, -0.0566398, -0.0264677, -0.0184247, -0.00823899, -0.00196406, -0.0130766, 0.00524839, 0.0203412, -0.0106785, -0.016647, 0.0112349, -0.000220853, -0.000275245, -0.000292781, 0.00160187, -0.00963515, -0.00842136, -0.0242969, -0.0220642, -0.00840521, -0.0142287, -0.0264677, -0.0184247, -0.00800688, -0.0566398, -0.0333292, 0.00217102, -0.00823899, -0.00196406, -0.016647, 0.0112349, 0.0203412, -0.0106785, -0.0130766, 0.00524839, -0.00823899, -0.00196406, 0.00581467, 0.00438315, -0.0105009, -0.00534927, 0.0017088, 0.00677706, -0.000292781, 0.00160187, -0.00840521, -0.0142287, -0.000426465, -0.00684226, -0.00840521, -0.0142287, -0.0264677, -0.0184247, -0.00823899, -0.00196406, 0.00581467, 0.00438315, -0.000220853, -0.000275245, -0.016647, 0.0112349, -0.00823899, -0.00196406, -0.000292781, 0.00160187, 0.0017088, 0.00677706, 0.00581467, 0.00438315, -0.000220853, -0.000275245, ],]
##############################################################################
clock_duration  =         4647.28
tau =                     1.63942
total_steps =             32
time_step =               0.0512319
best_mc_result =          0.0331372
best_mc_result_non_secondary =          0.0356015
evolved_target_dot_squared =  0.966863
distance =          0.055488
j_protocol =  [[0, 0, 0, 0, 1, 1, 0, 0, 0, 1, 1, 0, 0, 0, 0, 0, 1, 1, 1, 1, 1, 0, 0, 0, 0, 0, 0, 0, 1, 1, 1, 1, ],[0, 0, 0, 0, 0, 1, 1, 1, 0, 1, 0, 0, 0, 0, 0, 0, 1, 1, 1, 1, 1, 0, 0, 0, 0, 0, 0, 1, 0, 1, 1, 1, ],]
k_protocol =  [[1, 1, 1, 1, 1, 1, 1, 1, 1, 1, 1, 1, 1, 1, 1, 1, 1, 1, 1, 1, 1, 1, 1, 1, 1, 1, 1, 1, 1, 1, 1, 0, ],[1, 1, 1, 1, 1, 1, 1, 1, 1, 1, 1, 1, 1, 1, 1, 1, 1, 1, 1, 1, 1, 1, 1, 1, 1, 1, 1, 1, 1, 1, 1, 1, ],]
j_protocol_secondary =  [0.273732, 0.416296, 0.456315, 0.520751, 0.838023, 1.09793, 1.38, 1.41575, 1.41691, 1.41691, 1.48812, 1.58743, 1.58743, 1.63942, ]
k_protocol_secondary =  [0, 0.507759, 0.507759, 0.763529, 0.763529, 1.12665, 1.12665, 1.21481, 1.21481, 1.23541, 1.23541, 1.54277, 1.54277, 1.63506, ]
best_evolved_state = [-0.00735651, 0.0011161, 0.00173169, -0.00166708, 0.00875705, -0.00699048, 0.00134616, -0.00477536, 0.00173169, -0.00166708, -0.00735651, 0.0011161, -0.000994922, -0.000156416, -0.00149108, 0.00883815, 0.00632572, 0.0133583, -0.00735651, 0.0011161, -0.00149108, 0.00883815, 0.00513374, 0.00657313, -0.00527562, -0.0110965, 0.00632572, 0.0133583, -0.00527562, -0.0110965, 0.00632572, 0.0133583, -0.00527562, -0.0110965, 0.00513374, 0.00657313, -0.00149108, 0.00883815, -0.0028922, 0.024743, -0.0255887, -0.00706522, -0.00735651, 0.0011161, 0.00632572, 0.0133583, -0.00149108, 0.00883815, -0.000994922, -0.000156416, -0.00990201, 0.010413, -0.0028922, 0.024743, -0.00527562, -0.0110965, 0.00173169, -0.00166708, -0.00149108, 0.00883815, -0.0182148, 0.0223608, -0.0125951, 0.00779026, -0.0226013, 0.0195517, -0.0483979, -0.021314, 0.00513374, 0.00657313, 0.00875705, -0.00699048, -0.00149108, 0.00883815, -0.0028922, 0.024743, -0.0483979, -0.021314, -0.0182148, 0.0223608, -0.0483979, -0.021314, -0.637133, -0.263817, -0.0255887, -0.00706522, 0.00513374, 0.00657313, -0.00527562, -0.0110965, -0.0182148, 0.0223608, -0.0483979, -0.021314, -0.0028922, 0.024743, -0.00149108, 0.00883815, 0.00513374, 0.00657313, -0.0255887, -0.00706522, -0.637133, -0.263817, -0.0483979, -0.021314, -0.0028922, 0.024743, -0.0255887, -0.00706522, -0.0125951, 0.00779026, -0.0182148, 0.0223608, -0.00149108, 0.00883815, 0.00173169, -0.00166708, 0.00875705, -0.00699048, 0.00513374, 0.00657313, -0.0483979, -0.021314, -0.0226013, 0.0195517, -0.00990201, 0.010413, -0.0028922, 0.024743, -0.00527562, -0.0110965, -0.00549499, 0.00167304, -0.0125951, 0.00779026, -0.000994922, -0.000156416, 0.00134616, -0.00477536, 0.00173169, -0.00166708, -0.00149108, 0.00883815, -0.0182148, 0.0223608, -0.0125951, 0.00779026, -0.000994922, -0.000156416, -0.00149108, 0.00883815, 0.00632572, 0.0133583, -0.00735651, 0.0011161, -0.0125951, 0.00779026, -0.0226013, 0.0195517, -0.00990201, 0.010413, -0.000994922, -0.000156416, -0.00149108, 0.00883815, -0.0028922, 0.024743, -0.0483979, -0.021314, -0.0182148, 0.0223608, -0.00149108, 0.00883815, 0.00513374, 0.00657313, -0.00527562, -0.0110965, 0.00632572, 0.0133583, -0.00735651, 0.0011161, -0.000994922, -0.000156416, -0.00990201, 0.010413, -0.0226013, 0.0195517, -0.0125951, 0.00779026, -0.0182148, 0.0223608, -0.0483979, -0.021314, -0.0028922, 0.024743, -0.00149108, 0.00883815, 0.00632572, 0.0133583, -0.00527562, -0.0110965, 0.00513374, 0.00657313, -0.00149108, 0.00883815, 0.00173169, -0.00166708, 0.00875705, -0.00699048, 0.00134616, -0.00477536, -0.000994922, -0.000156416, -0.0125951, 0.00779026, -0.00549499, 0.00167304, -0.0125951, 0.00779026, -0.0182148, 0.0223608, -0.00149108, 0.00883815, 0.00173169, -0.00166708, -0.00735651, 0.0011161, 0.00632572, 0.0133583, -0.00149108, 0.00883815, -0.000994922, -0.000156416, 0.00134616, -0.00477536, 0.00173169, -0.00166708, -0.00735651, 0.0011161, ]
best_mc_result_fixed_tau =   [0.0397305, 0.0356015, ]
evolved_state_fixed_tau =   [[-0.00534023, -0.00132783, 0.00560657, 0.000220882, -0.00230728, -0.00456297, 0.00369279, 0.00127957, 0.00560657, 0.000220882, -0.00534023, -0.00132783, -0.000352854, 0.000558243, -0.00630822, 0.00589511, -0.00345246, 0.0197183, -0.00534023, -0.00132783, -0.00630822, 0.00589511, 0.00143801, 0.00975994, 0.00905509, -0.0219141, -0.00345246, 0.0197183, 0.00905509, -0.0219141, -0.00345246, 0.0197183, 0.00905509, -0.0219141, 0.00143801, 0.00975994, -0.00630822, 0.00589511, -0.0130786, 0.0205577, -0.0120424, -0.0185799, -0.00534023, -0.00132783, -0.00345246, 0.0197183, -0.00630822, 0.00589511, -0.000352854, 0.000558243, -0.0126364, 0.00192007, -0.0130786, 0.0205577, 0.00905509, -0.0219141, 0.00560657, 0.000220882, -0.00630822, 0.00589511, -0.0284466, 0.00737443, -0.0163355, -0.00517442, -0.030051, 0.00241803, -0.0247707, -0.0487214, 0.00143801, 0.00975994, -0.00230728, -0.00456297, -0.00630822, 0.00589511, -0.0130786, 0.0205577, -0.0247707, -0.0487214, -0.0284466, 0.00737443, -0.0247707, -0.0487214, -0.487454, -0.484865, -0.0120424, -0.0185799, 0.00143801, 0.00975994, 0.00905509, -0.0219141, -0.0284466, 0.00737443, -0.0247707, -0.0487214, -0.0130786, 0.0205577, -0.00630822, 0.00589511, 0.00143801, 0.00975994, -0.0120424, -0.0185799, -0.487454, -0.484865, -0.0247707, -0.0487214, -0.0130786, 0.0205577, -0.0120424, -0.0185799, -0.0163355, -0.00517442, -0.0284466, 0.00737443, -0.00630822, 0.00589511, 0.00560657, 0.000220882, -0.00230728, -0.00456297, 0.00143801, 0.00975994, -0.0247707, -0.0487214, -0.030051, 0.00241803, -0.0126364, 0.00192007, -0.0130786, 0.0205577, 0.00905509, -0.0219141, -0.00448731, -0.00522704, -0.0163355, -0.00517442, -0.000352854, 0.000558243, 0.00369279, 0.00127957, 0.00560657, 0.000220882, -0.00630822, 0.00589511, -0.0284466, 0.00737443, -0.0163355, -0.00517442, -0.000352854, 0.000558243, -0.00630822, 0.00589511, -0.00345246, 0.0197183, -0.00534023, -0.00132783, -0.0163355, -0.00517442, -0.030051, 0.00241803, -0.0126364, 0.00192007, -0.000352854, 0.000558243, -0.00630822, 0.00589511, -0.0130786, 0.0205577, -0.0247707, -0.0487214, -0.0284466, 0.00737443, -0.00630822, 0.00589511, 0.00143801, 0.00975994, 0.00905509, -0.0219141, -0.00345246, 0.0197183, -0.00534023, -0.00132783, -0.000352854, 0.000558243, -0.0126364, 0.00192007, -0.030051, 0.00241803, -0.0163355, -0.00517442, -0.0284466, 0.00737443, -0.0247707, -0.0487214, -0.0130786, 0.0205577, -0.00630822, 0.00589511, -0.00345246, 0.0197183, 0.00905509, -0.0219141, 0.00143801, 0.00975994, -0.00630822, 0.00589511, 0.00560657, 0.000220882, -0.00230728, -0.00456297, 0.00369279, 0.00127957, -0.000352854, 0.000558243, -0.0163355, -0.00517442, -0.00448731, -0.00522704, -0.0163355, -0.00517442, -0.0284466, 0.00737443, -0.00630822, 0.00589511, 0.00560657, 0.000220882, -0.00534023, -0.00132783, -0.00345246, 0.0197183, -0.00630822, 0.00589511, -0.000352854, 0.000558243, 0.00369279, 0.00127957, 0.00560657, 0.000220882, -0.00534023, -0.00132783, ],[-0.00687996, 0.00304598, 0.00215351, -0.0017496, 0.00472838, -0.00764128, 0.000889587, -0.00396424, 0.00215351, -0.0017496, -0.00687996, 0.00304598, -0.00132335, -0.000344195, -0.00236618, 0.00871348, 0.00564465, 0.0121648, -0.00687996, 0.00304598, -0.00236618, 0.00871348, 0.00667974, 0.00771107, -0.0056993, -0.00999922, 0.00564465, 0.0121648, -0.0056993, -0.00999922, 0.00564465, 0.0121648, -0.0056993, -0.00999922, 0.00667974, 0.00771107, -0.00236618, 0.00871348, -0.001864, 0.025739, -0.0279203, -0.0266814, -0.00687996, 0.00304598, 0.00564465, 0.0121648, -0.00236618, 0.00871348, -0.00132335, -0.000344195, -0.0109537, 0.0100748, -0.001864, 0.025739, -0.0056993, -0.00999922, 0.00215351, -0.0017496, -0.00236618, 0.00871348, -0.0179673, 0.020663, -0.0125622, 0.00688049, -0.0223472, 0.0177583, -0.0497296, -0.0254253, 0.00667974, 0.00771107, 0.00472838, -0.00764128, -0.00236618, 0.00871348, -0.001864, 0.025739, -0.0497296, -0.0254253, -0.0179673, 0.020663, -0.0497296, -0.0254253, -0.638447, -0.256052, -0.0279203, -0.0266814, 0.00667974, 0.00771107, -0.0056993, -0.00999922, -0.0179673, 0.020663, -0.0497296, -0.0254253, -0.001864, 0.025739, -0.00236618, 0.00871348, 0.00667974, 0.00771107, -0.0279203, -0.0266814, -0.638447, -0.256052, -0.0497296, -0.0254253, -0.001864, 0.025739, -0.0279203, -0.0266814, -0.0125622, 0.00688049, -0.0179673, 0.020663, -0.00236618, 0.00871348, 0.00215351, -0.0017496, 0.00472838, -0.00764128, 0.00667974, 0.00771107, -0.0497296, -0.0254253, -0.0223472, 0.0177583, -0.0109537, 0.0100748, -0.001864, 0.025739, -0.0056993, -0.00999922, -0.00524083, 0.001172, -0.0125622, 0.00688049, -0.00132335, -0.000344195, 0.000889587, -0.00396424, 0.00215351, -0.0017496, -0.00236618, 0.00871348, -0.0179673, 0.020663, -0.0125622, 0.00688049, -0.00132335, -0.000344195, -0.00236618, 0.00871348, 0.00564465, 0.0121648, -0.00687996, 0.00304598, -0.0125622, 0.00688049, -0.0223472, 0.0177583, -0.0109537, 0.0100748, -0.00132335, -0.000344195, -0.00236618, 0.00871348, -0.001864, 0.025739, -0.0497296, -0.0254253, -0.0179673, 0.020663, -0.00236618, 0.00871348, 0.00667974, 0.00771107, -0.0056993, -0.00999922, 0.00564465, 0.0121648, -0.00687996, 0.00304598, -0.00132335, -0.000344195, -0.0109537, 0.0100748, -0.0223472, 0.0177583, -0.0125622, 0.00688049, -0.0179673, 0.020663, -0.0497296, -0.0254253, -0.001864, 0.025739, -0.00236618, 0.00871348, 0.00564465, 0.0121648, -0.0056993, -0.00999922, 0.00667974, 0.00771107, -0.00236618, 0.00871348, 0.00215351, -0.0017496, 0.00472838, -0.00764128, 0.000889587, -0.00396424, -0.00132335, -0.000344195, -0.0125622, 0.00688049, -0.00524083, 0.001172, -0.0125622, 0.00688049, -0.0179673, 0.020663, -0.00236618, 0.00871348, 0.00215351, -0.0017496, -0.00687996, 0.00304598, 0.00564465, 0.0121648, -0.00236618, 0.00871348, -0.00132335, -0.000344195, 0.000889587, -0.00396424, 0.00215351, -0.0017496, -0.00687996, 0.00304598, ],]
##############################################################################
clock_duration  =         5827.06
tau =                     1.80336
total_steps =             32
time_step =               0.0563551
best_mc_result =          0.023211
best_mc_result_non_secondary =          0.0264629
evolved_target_dot_squared =  0.976789
distance =          0.0388667
j_protocol =  [[0, 0, 0, 1, 1, 1, 0, 0, 0, 1, 0, 0, 1, 1, 0, 0, 0, 1, 0, 1, 1, 1, 0, 0, 0, 0, 0, 1, 0, 0, 1, 1, ],[0, 0, 0, 0, 1, 1, 0, 0, 1, 1, 0, 0, 0, 0, 1, 1, 0, 0, 1, 1, 0, 0, 1, 1, 0, 0, 0, 0, 0, 0, 1, 1, ],]
k_protocol =  [[1, 1, 1, 1, 1, 1, 1, 1, 1, 1, 1, 1, 1, 1, 1, 1, 1, 1, 1, 1, 1, 1, 1, 1, 1, 1, 1, 1, 1, 1, 1, 1, ],[1, 1, 1, 1, 1, 1, 1, 1, 1, 1, 1, 1, 1, 1, 1, 1, 1, 1, 1, 1, 1, 1, 1, 1, 1, 1, 1, 1, 1, 1, 0, 0, ],]
j_protocol_secondary =  [0.186317, 0.344898, 0.51792, 0.566979, 0.680472, 0.78805, 0.95985, 1.01657, 1.0797, 1.25766, 1.51729, 1.57641, 1.69719, 1.80336, ]
k_protocol_secondary =  [0, 0.36767, 0.36767, 0.395103, 0.395103, 0.600159, 0.600159, 1.11883, 1.11883, 1.37072, 1.37072, 1.60226, 1.60226, 1.79957, ]
best_evolved_state = [0.00289267, 0.00225614, -0.00078069, -0.000292888, -0.0120769, -0.000978034, -0.00255182, 0.00221274, -0.00078069, -0.000292888, 0.00289267, 0.00225614, 0.000403298, 0.00348025, 0.00976369, 0.00214669, 0.0102151, -0.00135933, 0.00289267, 0.00225614, 0.00976369, 0.00214669, 0.00587838, -0.0030736, -0.00348999, -0.00152635, 0.0102151, -0.00135933, -0.00348999, -0.00152635, 0.0102151, -0.00135933, -0.00348999, -0.00152635, 0.00587838, -0.0030736, 0.00976369, 0.00214669, 0.0193373, 0.00551036, -0.0133498, 0.011192, 0.00289267, 0.00225614, 0.0102151, -0.00135933, 0.00976369, 0.00214669, 0.000403298, 0.00348025, 0.0114047, 0.0102377, 0.0193373, 0.00551036, -0.00348999, -0.00152635, -0.00078069, -0.000292888, 0.00976369, 0.00214669, 0.0172468, 0.0144706, 0.0068704, 0.00799712, 0.0146781, 0.0187305, -0.0367094, 0.0343749, 0.00587838, -0.0030736, -0.0120769, -0.000978034, 0.00976369, 0.00214669, 0.0193373, 0.00551036, -0.0367094, 0.0343749, 0.0172468, 0.0144706, -0.0367094, 0.0343749, -0.513669, 0.46673, -0.0133498, 0.011192, 0.00587838, -0.0030736, -0.00348999, -0.00152635, 0.0172468, 0.0144706, -0.0367094, 0.0343749, 0.0193373, 0.00551036, 0.00976369, 0.00214669, 0.00587838, -0.0030736, -0.0133498, 0.011192, -0.513669, 0.46673, -0.0367094, 0.0343749, 0.0193373, 0.00551036, -0.0133498, 0.011192, 0.0068704, 0.00799712, 0.0172468, 0.0144706, 0.00976369, 0.00214669, -0.00078069, -0.000292888, -0.0120769, -0.000978034, 0.00587838, -0.0030736, -0.0367094, 0.0343749, 0.0146781, 0.0187305, 0.0114047, 0.0102377, 0.0193373, 0.00551036, -0.00348999, -0.00152635, 0.00215528, 0.00254533, 0.0068704, 0.00799712, 0.000403298, 0.00348025, -0.00255182, 0.00221274, -0.00078069, -0.000292888, 0.00976369, 0.00214669, 0.0172468, 0.0144706, 0.0068704, 0.00799712, 0.000403298, 0.00348025, 0.00976369, 0.00214669, 0.0102151, -0.00135933, 0.00289267, 0.00225614, 0.0068704, 0.00799712, 0.0146781, 0.0187305, 0.0114047, 0.0102377, 0.000403298, 0.00348025, 0.00976369, 0.00214669, 0.0193373, 0.00551036, -0.0367094, 0.0343749, 0.0172468, 0.0144706, 0.00976369, 0.00214669, 0.00587838, -0.0030736, -0.00348999, -0.00152635, 0.0102151, -0.00135933, 0.00289267, 0.00225614, 0.000403298, 0.00348025, 0.0114047, 0.0102377, 0.0146781, 0.0187305, 0.0068704, 0.00799712, 0.0172468, 0.0144706, -0.0367094, 0.0343749, 0.0193373, 0.00551036, 0.00976369, 0.00214669, 0.0102151, -0.00135933, -0.00348999, -0.00152635, 0.00587838, -0.0030736, 0.00976369, 0.00214669, -0.00078069, -0.000292888, -0.0120769, -0.000978034, -0.00255182, 0.00221274, 0.000403298, 0.00348025, 0.0068704, 0.00799712, 0.00215528, 0.00254533, 0.0068704, 0.00799712, 0.0172468, 0.0144706, 0.00976369, 0.00214669, -0.00078069, -0.000292888, 0.00289267, 0.00225614, 0.0102151, -0.00135933, 0.00976369, 0.00214669, 0.000403298, 0.00348025, -0.00255182, 0.00221274, -0.00078069, -0.000292888, 0.00289267, 0.00225614, ]
best_mc_result_fixed_tau =   [0.0264629, 0.0277359, ]
evolved_state_fixed_tau =   [[0.00304824, 0.00163457, -0.00123711, -0.000116187, -0.0122939, 0.00207103, -0.00190183, 0.00256183, -0.00123711, -0.000116187, 0.00304824, 0.00163457, -4.32531e-05, 0.00350775, 0.00771416, 0.00388156, 0.00737216, -0.00109051, 0.00304824, 0.00163457, 0.00771416, 0.00388156, 0.00941418, 0.00284484, -0.00291673, -0.000679287, 0.00737216, -0.00109051, -0.00291673, -0.000679287, 0.00737216, -0.00109051, -0.00291673, -0.000679287, 0.00941418, 0.00284484, 0.00771416, 0.00388156, 0.0217681, 0.0148731, -0.0255981, -0.00140759, 0.00304824, 0.00163457, 0.00737216, -0.00109051, 0.00771416, 0.00388156, -4.32531e-05, 0.00350775, 0.00887713, 0.0120792, 0.0217681, 0.0148731, -0.00291673, -0.000679287, -0.00123711, -0.000116187, 0.00771416, 0.00388156, 0.0142839, 0.0140391, 0.00558894, 0.00606127, 0.0118312, 0.0179164, -0.0366422, 0.0392527, 0.00941418, 0.00284484, -0.0122939, 0.00207103, 0.00771416, 0.00388156, 0.0217681, 0.0148731, -0.0366422, 0.0392527, 0.0142839, 0.0140391, -0.0366422, 0.0392527, -0.532584, 0.44249, -0.0255981, -0.00140759, 0.00941418, 0.00284484, -0.00291673, -0.000679287, 0.0142839, 0.0140391, -0.0366422, 0.0392527, 0.0217681, 0.0148731, 0.00771416, 0.00388156, 0.00941418, 0.00284484, -0.0255981, -0.00140759, -0.532584, 0.44249, -0.0366422, 0.0392527, 0.0217681, 0.0148731, -0.0255981, -0.00140759, 0.00558894, 0.00606127, 0.0142839, 0.0140391, 0.00771416, 0.00388156, -0.00123711, -0.000116187, -0.0122939, 0.00207103, 0.00941418, 0.00284484, -0.0366422, 0.0392527, 0.0118312, 0.0179164, 0.00887713, 0.0120792, 0.0217681, 0.0148731, -0.00291673, -0.000679287, 0.00186692, 0.00130822, 0.00558894, 0.00606127, -4.32531e-05, 0.00350775, -0.00190183, 0.00256183, -0.00123711, -0.000116187, 0.00771416, 0.00388156, 0.0142839, 0.0140391, 0.00558894, 0.00606127, -4.32531e-05, 0.00350775, 0.00771416, 0.00388156, 0.00737216, -0.00109051, 0.00304824, 0.00163457, 0.00558894, 0.00606127, 0.0118312, 0.0179164, 0.00887713, 0.0120792, -4.32531e-05, 0.00350775, 0.00771416, 0.00388156, 0.0217681, 0.0148731, -0.0366422, 0.0392527, 0.0142839, 0.0140391, 0.00771416, 0.00388156, 0.00941418, 0.00284484, -0.00291673, -0.000679287, 0.00737216, -0.00109051, 0.00304824, 0.00163457, -4.32531e-05, 0.00350775, 0.00887713, 0.0120792, 0.0118312, 0.0179164, 0.00558894, 0.00606127, 0.0142839, 0.0140391, -0.0366422, 0.0392527, 0.0217681, 0.0148731, 0.00771416, 0.00388156, 0.00737216, -0.00109051, -0.00291673, -0.000679287, 0.00941418, 0.00284484, 0.00771416, 0.00388156, -0.00123711, -0.000116187, -0.0122939, 0.00207103, -0.00190183, 0.00256183, -4.32531e-05, 0.00350775, 0.00558894, 0.00606127, 0.00186692, 0.00130822, 0.00558894, 0.00606127, 0.0142839, 0.0140391, 0.00771416, 0.00388156, -0.00123711, -0.000116187, 0.00304824, 0.00163457, 0.00737216, -0.00109051, 0.00771416, 0.00388156, -4.32531e-05, 0.00350775, -0.00190183, 0.00256183, -0.00123711, -0.000116187, 0.00304824, 0.00163457, ],[0.00304824, 0.00163457, -0.00123711, -0.000116187, -0.0122939, 0.00207103, -0.00190183, 0.00256183, -0.00123711, -0.000116187, 0.00304824, 0.00163457, -4.32531e-05, 0.00350775, 0.00771416, 0.00388156, 0.00737216, -0.00109051, 0.00304824, 0.00163457, 0.00771416, 0.00388156, 0.00941418, 0.00284484, -0.00291673, -0.000679287, 0.00737216, -0.00109051, -0.00291673, -0.000679287, 0.00737216, -0.00109051, -0.00291673, -0.000679287, 0.00941418, 0.00284484, 0.00771416, 0.00388156, 0.0217681, 0.0148731, -0.0255981, -0.00140759, 0.00304824, 0.00163457, 0.00737216, -0.00109051, 0.00771416, 0.00388156, -4.32531e-05, 0.00350775, 0.00887713, 0.0120792, 0.0217681, 0.0148731, -0.00291673, -0.000679287, -0.00123711, -0.000116187, 0.00771416, 0.00388156, 0.0142839, 0.0140391, 0.00558894, 0.00606127, 0.0118312, 0.0179164, -0.0366422, 0.0392527, 0.00941418, 0.00284484, -0.0122939, 0.00207103, 0.00771416, 0.00388156, 0.0217681, 0.0148731, -0.0366422, 0.0392527, 0.0142839, 0.0140391, -0.0366422, 0.0392527, -0.532584, 0.44249, -0.0255981, -0.00140759, 0.00941418, 0.00284484, -0.00291673, -0.000679287, 0.0142839, 0.0140391, -0.0366422, 0.0392527, 0.0217681, 0.0148731, 0.00771416, 0.00388156, 0.00941418, 0.00284484, -0.0255981, -0.00140759, -0.532584, 0.44249, -0.0366422, 0.0392527, 0.0217681, 0.0148731, -0.0255981, -0.00140759, 0.00558894, 0.00606127, 0.0142839, 0.0140391, 0.00771416, 0.00388156, -0.00123711, -0.000116187, -0.0122939, 0.00207103, 0.00941418, 0.00284484, -0.0366422, 0.0392527, 0.0118312, 0.0179164, 0.00887713, 0.0120792, 0.0217681, 0.0148731, -0.00291673, -0.000679287, 0.00186692, 0.00130822, 0.00558894, 0.00606127, -4.32531e-05, 0.00350775, -0.00190183, 0.00256183, -0.00123711, -0.000116187, 0.00771416, 0.00388156, 0.0142839, 0.0140391, 0.00558894, 0.00606127, -4.32531e-05, 0.00350775, 0.00771416, 0.00388156, 0.00737216, -0.00109051, 0.00304824, 0.00163457, 0.00558894, 0.00606127, 0.0118312, 0.0179164, 0.00887713, 0.0120792, -4.32531e-05, 0.00350775, 0.00771416, 0.00388156, 0.0217681, 0.0148731, -0.0366422, 0.0392527, 0.0142839, 0.0140391, 0.00771416, 0.00388156, 0.00941418, 0.00284484, -0.00291673, -0.000679287, 0.00737216, -0.00109051, 0.00304824, 0.00163457, -4.32531e-05, 0.00350775, 0.00887713, 0.0120792, 0.0118312, 0.0179164, 0.00558894, 0.00606127, 0.0142839, 0.0140391, -0.0366422, 0.0392527, 0.0217681, 0.0148731, 0.00771416, 0.00388156, 0.00737216, -0.00109051, -0.00291673, -0.000679287, 0.00941418, 0.00284484, 0.00771416, 0.00388156, -0.00123711, -0.000116187, -0.0122939, 0.00207103, -0.00190183, 0.00256183, -4.32531e-05, 0.00350775, 0.00558894, 0.00606127, 0.00186692, 0.00130822, 0.00558894, 0.00606127, 0.0142839, 0.0140391, 0.00771416, 0.00388156, -0.00123711, -0.000116187, 0.00304824, 0.00163457, 0.00737216, -0.00109051, 0.00771416, 0.00388156, -4.32531e-05, 0.00350775, -0.00190183, 0.00256183, -0.00123711, -0.000116187, 0.00304824, 0.00163457, ],]
##############################################################################
clock_duration  =         8471.9
tau =                     1.89353
total_steps =             32
time_step =               0.0619906
best_mc_result =          0.0201716
best_mc_result_non_secondary =          0
evolved_target_dot_squared =  0.979828
distance =          0.0337772
j_protocol =  [[0, 0, 0, 0, 0, 0, 0, 0, 0, 0, 0, 0, 0, 0, 0, 0, 0, 0, 0, 0, 0, 0, 0, 0, 0, 0, 0, 0, 0, 0, 0, 0, ],[0, 0, 0, 0, 0, 0, 0, 0, 0, 0, 0, 0, 0, 0, 0, 0, 0, 0, 0, 0, 0, 0, 0, 0, 0, 0, 0, 0, 0, 0, 0, 0, ],]
k_protocol =  [[0, 0, 0, 0, 0, 0, 0, 0, 0, 0, 0, 0, 0, 0, 0, 0, 0, 0, 0, 0, 0, 0, 0, 0, 0, 0, 0, 0, 0, 0, 0, 0, ],[0, 0, 0, 0, 0, 0, 0, 0, 0, 0, 0, 0, 0, 0, 0, 0, 0, 0, 0, 0, 0, 0, 0, 0, 0, 0, 0, 0, 0, 0, 0, 0, ],]
j_protocol_secondary =  [0.15393, 0.304521, 0.486135, 0.589228, 0.775237, 0.88861, 1.06214, 1.18362, 1.23839, 1.32225, 1.50244, 1.57967, 1.795, 1.89353, ]
k_protocol_secondary =  [0, 0.191341, 0.191341, 0.924291, 0.924291, 1.21172, 1.21172, 1.38064, 1.38064, 1.44719, 1.44719, 1.58308, 1.58308, 1.88998, ]
best_evolved_state = [0.00150572, -0.00146385, -0.00021395, 0.000531456, -0.00441314, 0.00966968, 0.00139153, 0.00248316, -0.00021395, 0.000531456, 0.00150572, -0.00146385, 0.00370056, 0.00180522, 0.00806795, -0.0057887, 0.0058214, -0.0072155, 0.00150572, -0.00146385, 0.00806795, -0.0057887, 0.00110819, -0.00553807, -0.00372598, -0.000201366, 0.0058214, -0.0072155, -0.00372598, -0.000201366, 0.0058214, -0.0072155, -0.00372598, -0.000201366, 0.00110819, -0.00553807, 0.00806795, -0.0057887, 0.0156041, -0.00874783, -0.00577645, 0.0166338, 0.00150572, -0.00146385, 0.0058214, -0.0072155, 0.00806795, -0.0057887, 0.00370056, 0.00180522, 0.0154676, -0.00209088, 0.0156041, -0.00874783, -0.00372598, -0.000201366, -0.00021395, 0.000531456, 0.00806795, -0.0057887, 0.0197646, -0.00395191, 0.00912324, -0.000940131, 0.0215824, 0.000722109, -0.00692017, 0.048525, 0.00110819, -0.00553807, -0.00441314, 0.00966968, 0.00806795, -0.0057887, 0.0156041, -0.00874783, -0.00692017, 0.048525, 0.0197646, -0.00395191, -0.00692017, 0.048525, -0.139323, 0.681209, -0.00577645, 0.0166338, 0.00110819, -0.00553807, -0.00372598, -0.000201366, 0.0197646, -0.00395191, -0.00692017, 0.048525, 0.0156041, -0.00874783, 0.00806795, -0.0057887, 0.00110819, -0.00553807, -0.00577645, 0.0166338, -0.139323, 0.681209, -0.00692017, 0.048525, 0.0156041, -0.00874783, -0.00577645, 0.0166338, 0.00912324, -0.000940131, 0.0197646, -0.00395191, 0.00806795, -0.0057887, -0.00021395, 0.000531456, -0.00441314, 0.00966968, 0.00110819, -0.00553807, -0.00692017, 0.048525, 0.0215824, 0.000722109, 0.0154676, -0.00209088, 0.0156041, -0.00874783, -0.00372598, -0.000201366, 0.0025117, -0.000441169, 0.00912324, -0.000940131, 0.00370056, 0.00180522, 0.00139153, 0.00248316, -0.00021395, 0.000531456, 0.00806795, -0.0057887, 0.0197646, -0.00395191, 0.00912324, -0.000940131, 0.00370056, 0.00180522, 0.00806795, -0.0057887, 0.0058214, -0.0072155, 0.00150572, -0.00146385, 0.00912324, -0.000940131, 0.0215824, 0.000722109, 0.0154676, -0.00209088, 0.00370056, 0.00180522, 0.00806795, -0.0057887, 0.0156041, -0.00874783, -0.00692017, 0.048525, 0.0197646, -0.00395191, 0.00806795, -0.0057887, 0.00110819, -0.00553807, -0.00372598, -0.000201366, 0.0058214, -0.0072155, 0.00150572, -0.00146385, 0.00370056, 0.00180522, 0.0154676, -0.00209088, 0.0215824, 0.000722109, 0.00912324, -0.000940131, 0.0197646, -0.00395191, -0.00692017, 0.048525, 0.0156041, -0.00874783, 0.00806795, -0.0057887, 0.0058214, -0.0072155, -0.00372598, -0.000201366, 0.00110819, -0.00553807, 0.00806795, -0.0057887, -0.00021395, 0.000531456, -0.00441314, 0.00966968, 0.00139153, 0.00248316, 0.00370056, 0.00180522, 0.00912324, -0.000940131, 0.0025117, -0.000441169, 0.00912324, -0.000940131, 0.0197646, -0.00395191, 0.00806795, -0.0057887, -0.00021395, 0.000531456, 0.00150572, -0.00146385, 0.0058214, -0.0072155, 0.00806795, -0.0057887, 0.00370056, 0.00180522, 0.00139153, 0.00248316, -0.00021395, 0.000531456, 0.00150572, -0.00146385, ]
best_mc_result_fixed_tau =   [0.0245004, 0.0246085, ]
evolved_state_fixed_tau =   [[0.000357931, -0.00158272, 0.00157887, 0.00194099, -0.00312067, 0.0063085, 0.00247593, 0.00280884, 0.00157887, 0.00194099, 0.000357931, -0.00158272, 0.00370482, 0.00088711, 0.00640745, -0.00740089, -0.000963735, -0.00632577, 0.000357931, -0.00158272, 0.00640745, -0.00740089, 0.0016516, -0.00648075, 0.00433876, -0.00267874, -0.000963735, -0.00632577, 0.00433876, -0.00267874, -0.000963735, -0.00632577, 0.00433876, -0.00267874, 0.0016516, -0.00648075, 0.00640745, -0.00740089, 0.0150461, -0.0138929, 0.00569768, 0.0366588, 0.000357931, -0.00158272, -0.000963735, -0.00632577, 0.00640745, -0.00740089, 0.00370482, 0.00088711, 0.0148381, -0.00654104, 0.0150461, -0.0138929, 0.00433876, -0.00267874, 0.00157887, 0.00194099, 0.00640745, -0.00740089, 0.0152162, -0.0113186, 0.00636582, -0.00654674, 0.0185743, -0.0080222, 0.0150843, 0.0520011, 0.0016516, -0.00648075, -0.00312067, 0.0063085, 0.00640745, -0.00740089, 0.0150461, -0.0138929, 0.0150843, 0.0520011, 0.0152162, -0.0113186, 0.0150843, 0.0520011, 0.0255101, 0.691832, 0.00569768, 0.0366588, 0.0016516, -0.00648075, 0.00433876, -0.00267874, 0.0152162, -0.0113186, 0.0150843, 0.0520011, 0.0150461, -0.0138929, 0.00640745, -0.00740089, 0.0016516, -0.00648075, 0.00569768, 0.0366588, 0.0255101, 0.691832, 0.0150843, 0.0520011, 0.0150461, -0.0138929, 0.00569768, 0.0366588, 0.00636582, -0.00654674, 0.0152162, -0.0113186, 0.00640745, -0.00740089, 0.00157887, 0.00194099, -0.00312067, 0.0063085, 0.0016516, -0.00648075, 0.0150843, 0.0520011, 0.0185743, -0.0080222, 0.0148381, -0.00654104, 0.0150461, -0.0138929, 0.00433876, -0.00267874, 0.00150495, -0.00266828, 0.00636582, -0.00654674, 0.00370482, 0.00088711, 0.00247593, 0.00280884, 0.00157887, 0.00194099, 0.00640745, -0.00740089, 0.0152162, -0.0113186, 0.00636582, -0.00654674, 0.00370482, 0.00088711, 0.00640745, -0.00740089, -0.000963735, -0.00632577, 0.000357931, -0.00158272, 0.00636582, -0.00654674, 0.0185743, -0.0080222, 0.0148381, -0.00654104, 0.00370482, 0.00088711, 0.00640745, -0.00740089, 0.0150461, -0.0138929, 0.0150843, 0.0520011, 0.0152162, -0.0113186, 0.00640745, -0.00740089, 0.0016516, -0.00648075, 0.00433876, -0.00267874, -0.000963735, -0.00632577, 0.000357931, -0.00158272, 0.00370482, 0.00088711, 0.0148381, -0.00654104, 0.0185743, -0.0080222, 0.00636582, -0.00654674, 0.0152162, -0.0113186, 0.0150843, 0.0520011, 0.0150461, -0.0138929, 0.00640745, -0.00740089, -0.000963735, -0.00632577, 0.00433876, -0.00267874, 0.0016516, -0.00648075, 0.00640745, -0.00740089, 0.00157887, 0.00194099, -0.00312067, 0.0063085, 0.00247593, 0.00280884, 0.00370482, 0.00088711, 0.00636582, -0.00654674, 0.00150495, -0.00266828, 0.00636582, -0.00654674, 0.0152162, -0.0113186, 0.00640745, -0.00740089, 0.00157887, 0.00194099, 0.000357931, -0.00158272, -0.000963735, -0.00632577, 0.00640745, -0.00740089, 0.00370482, 0.00088711, 0.00247593, 0.00280884, 0.00157887, 0.00194099, 0.000357931, -0.00158272, ],[0.000960588, -0.00407874, -0.00384692, 1.6736e-05, 0.00295794, 0.0124085, 0.000304254, 0.000678036, -0.00384692, 1.6736e-05, 0.000960588, -0.00407874, 0.00276563, 0.00280194, 0.00900519, -0.00264193, 0.0104526, -0.00854959, 0.000960588, -0.00407874, 0.00900519, -0.00264193, -0.00140857, -0.00672388, -0.00795654, 0.00447132, 0.0104526, -0.00854959, -0.00795654, 0.00447132, 0.0104526, -0.00854959, -0.00795654, 0.00447132, -0.00140857, -0.00672388, 0.00900519, -0.00264193, 0.016349, -0.00724978, -0.02569, 0.0149916, 0.000960588, -0.00407874, 0.0104526, -0.00854959, 0.00900519, -0.00264193, 0.00276563, 0.00280194, 0.0153049, 0.00293705, 0.016349, -0.00724978, -0.00795654, 0.00447132, -0.00384692, 1.6736e-05, 0.00900519, -0.00264193, 0.0220956, 0.000458092, 0.0107827, 0.00373157, 0.023087, 0.00603893, -0.0239372, 0.0422486, -0.00140857, -0.00672388, 0.00295794, 0.0124085, 0.00900519, -0.00264193, 0.016349, -0.00724978, -0.0239372, 0.0422486, 0.0220956, 0.000458092, -0.0239372, 0.0422486, -0.25131, 0.646358, -0.02569, 0.0149916, -0.00140857, -0.00672388, -0.00795654, 0.00447132, 0.0220956, 0.000458092, -0.0239372, 0.0422486, 0.016349, -0.00724978, 0.00900519, -0.00264193, -0.00140857, -0.00672388, -0.02569, 0.0149916, -0.25131, 0.646358, -0.0239372, 0.0422486, 0.016349, -0.00724978, -0.02569, 0.0149916, 0.0107827, 0.00373157, 0.0220956, 0.000458092, 0.00900519, -0.00264193, -0.00384692, 1.6736e-05, 0.00295794, 0.0124085, -0.00140857, -0.00672388, -0.0239372, 0.0422486, 0.023087, 0.00603893, 0.0153049, 0.00293705, 0.016349, -0.00724978, -0.00795654, 0.00447132, 0.0027173, 0.00177587, 0.0107827, 0.00373157, 0.00276563, 0.00280194, 0.000304254, 0.000678036, -0.00384692, 1.6736e-05, 0.00900519, -0.00264193, 0.0220956, 0.000458092, 0.0107827, 0.00373157, 0.00276563, 0.00280194, 0.00900519, -0.00264193, 0.0104526, -0.00854959, 0.000960588, -0.00407874, 0.0107827, 0.00373157, 0.023087, 0.00603893, 0.0153049, 0.00293705, 0.00276563, 0.00280194, 0.00900519, -0.00264193, 0.016349, -0.00724978, -0.0239372, 0.0422486, 0.0220956, 0.000458092, 0.00900519, -0.00264193, -0.00140857, -0.00672388, -0.00795654, 0.00447132, 0.0104526, -0.00854959, 0.000960588, -0.00407874, 0.00276563, 0.00280194, 0.0153049, 0.00293705, 0.023087, 0.00603893, 0.0107827, 0.00373157, 0.0220956, 0.000458092, -0.0239372, 0.0422486, 0.016349, -0.00724978, 0.00900519, -0.00264193, 0.0104526, -0.00854959, -0.00795654, 0.00447132, -0.00140857, -0.00672388, 0.00900519, -0.00264193, -0.00384692, 1.6736e-05, 0.00295794, 0.0124085, 0.000304254, 0.000678036, 0.00276563, 0.00280194, 0.0107827, 0.00373157, 0.0027173, 0.00177587, 0.0107827, 0.00373157, 0.0220956, 0.000458092, 0.00900519, -0.00264193, -0.00384692, 1.6736e-05, 0.000960588, -0.00407874, 0.0104526, -0.00854959, 0.00900519, -0.00264193, 0.00276563, 0.00280194, 0.000304254, 0.000678036, -0.00384692, 1.6736e-05, 0.000960588, -0.00407874, ],]
