START_PARAMETERS
MAX_STEPS_MCDB =               32
MIN_STEPS_MCDB =               4
STEPS_CRUNCH_MCDB =            1
SWEEPS_MCDB =                  80
TOTAL_STEP_CHANGES =                  6
MCBB_SECONDARY =                  1
SWEEPS_MCBB_SECONDARY =                  300
NUMBER_OF_BANGS =                  7
GROUND_E =                3.97909
INITIAL_E =               4.02611
j_initial =               0.125
k_initial =               0.5
b_initial =               0
j_target =                0.051
k_target =                0.5
b_target =                0
init_target_dot_squared = 0.959641
init_state = [-4.69644e-05, 0, -0.000352762, 0, -0.0012708, 0, -5.46467e-05, 0, -0.000352762, 0, -4.69644e-05, 0, -0.00054957, 0, -0.00372758, 0, -0.000786958, 0, -4.69644e-05, 0, -0.00372758, 0, -0.0206309, 0, -0.00292412, 0, -0.000786958, 0, -0.00292412, 0, -0.000786958, 0, -0.00292412, 0, -0.0206309, 0, -0.00372758, 0, -0.0303382, 0, -0.0847214, 0, -4.69644e-05, 0, -0.000786958, 0, -0.00372758, 0, -0.00054957, 0, -0.00491394, 0, -0.0303382, 0, -0.00292412, 0, -0.000352762, 0, -0.00372758, 0, -0.0108009, 0, -0.00132881, 0, -0.0109402, 0, -0.0868816, 0, -0.0206309, 0, -0.0012708, 0, -0.00372758, 0, -0.0303382, 0, -0.0868816, 0, -0.0108009, 0, -0.0868816, 0, -0.670188, 0, -0.0847214, 0, -0.0206309, 0, -0.00292412, 0, -0.0108009, 0, -0.0868816, 0, -0.0303382, 0, -0.00372758, 0, -0.0206309, 0, -0.0847214, 0, -0.670188, 0, -0.0868816, 0, -0.0303382, 0, -0.0847214, 0, -0.00132881, 0, -0.0108009, 0, -0.00372758, 0, -0.000352762, 0, -0.0012708, 0, -0.0206309, 0, -0.0868816, 0, -0.0109402, 0, -0.00491394, 0, -0.0303382, 0, -0.00292412, 0, -0.00016095, 0, -0.00132881, 0, -0.00054957, 0, -5.46467e-05, 0, -0.000352762, 0, -0.00372758, 0, -0.0108009, 0, -0.00132881, 0, -0.00054957, 0, -0.00372758, 0, -0.000786958, 0, -4.69644e-05, 0, -0.00132881, 0, -0.0109402, 0, -0.00491394, 0, -0.00054957, 0, -0.00372758, 0, -0.0303382, 0, -0.0868816, 0, -0.0108009, 0, -0.00372758, 0, -0.0206309, 0, -0.00292412, 0, -0.000786958, 0, -4.69644e-05, 0, -0.00054957, 0, -0.00491394, 0, -0.0109402, 0, -0.00132881, 0, -0.0108009, 0, -0.0868816, 0, -0.0303382, 0, -0.00372758, 0, -0.000786958, 0, -0.00292412, 0, -0.0206309, 0, -0.00372758, 0, -0.000352762, 0, -0.0012708, 0, -5.46467e-05, 0, -0.00054957, 0, -0.00132881, 0, -0.00016095, 0, -0.00132881, 0, -0.0108009, 0, -0.00372758, 0, -0.000352762, 0, -4.69644e-05, 0, -0.000786958, 0, -0.00372758, 0, -0.00054957, 0, -5.46467e-05, 0, -0.000352762, 0, -4.69644e-05, 0, ]
target_state = [6.17571e-07, 0, 1.09502e-05, 0, 9.27681e-05, 0, 7.13612e-07, 0, 1.09502e-05, 0, 6.17571e-07, 0, 1.71809e-05, 0, 0.00027726, 0, 2.49246e-05, 0, 6.17571e-07, 0, 0.00027726, 0, 0.00364603, 0, 0.000215951, 0, 2.49246e-05, 0, 0.000215951, 0, 2.49246e-05, 0, 0.000215951, 0, 0.00364603, 0, 0.00027726, 0, 0.00544961, 0, 0.035863, 0, 6.17571e-07, 0, 2.49246e-05, 0, 0.00027726, 0, 1.71809e-05, 0, 0.000368919, 0, 0.00544961, 0, 0.000215951, 0, 1.09502e-05, 0, 0.00027726, 0, 0.00183792, 0, 9.35333e-05, 0, 0.00184255, 0, 0.0360436, 0, 0.00364603, 0, 9.27681e-05, 0, 0.00027726, 0, 0.00544961, 0, 0.0360436, 0, 0.00183792, 0, 0.0360436, 0, 0.701454, 0, 0.035863, 0, 0.00364603, 0, 0.000215951, 0, 0.00183792, 0, 0.0360436, 0, 0.00544961, 0, 0.00027726, 0, 0.00364603, 0, 0.035863, 0, 0.701454, 0, 0.0360436, 0, 0.00544961, 0, 0.035863, 0, 9.35333e-05, 0, 0.00183792, 0, 0.00027726, 0, 1.09502e-05, 0, 9.27681e-05, 0, 0.00364603, 0, 0.0360436, 0, 0.00184255, 0, 0.000368919, 0, 0.00544961, 0, 0.000215951, 0, 4.74539e-06, 0, 9.35333e-05, 0, 1.71809e-05, 0, 7.13612e-07, 0, 1.09502e-05, 0, 0.00027726, 0, 0.00183792, 0, 9.35333e-05, 0, 1.71809e-05, 0, 0.00027726, 0, 2.49246e-05, 0, 6.17571e-07, 0, 9.35333e-05, 0, 0.00184255, 0, 0.000368919, 0, 1.71809e-05, 0, 0.00027726, 0, 0.00544961, 0, 0.0360436, 0, 0.00183792, 0, 0.00027726, 0, 0.00364603, 0, 0.000215951, 0, 2.49246e-05, 0, 6.17571e-07, 0, 1.71809e-05, 0, 0.000368919, 0, 0.00184255, 0, 9.35333e-05, 0, 0.00183792, 0, 0.0360436, 0, 0.00544961, 0, 0.00027726, 0, 2.49246e-05, 0, 0.000215951, 0, 0.00364603, 0, 0.00027726, 0, 1.09502e-05, 0, 9.27681e-05, 0, 7.13612e-07, 0, 1.71809e-05, 0, 9.35333e-05, 0, 4.74539e-06, 0, 9.35333e-05, 0, 0.00183792, 0, 0.00027726, 0, 1.09502e-05, 0, 6.17571e-07, 0, 2.49246e-05, 0, 0.00027726, 0, 1.71809e-05, 0, 7.13612e-07, 0, 1.09502e-05, 0, 6.17571e-07, 0, ]
USE_ENERGY_DISTANCE =     false
PERIODIC =                false
UNIFORM_SITES =           true
DEVICE_DIMENSION =        2
MAX_PARAM =               1
MIN_PARAM =               0
MIN_PARAM =               0
DIAG =                    true
NUM_SEEDS =               2
NUMBER_OF_BANGS =               7
DISTANCE_LIMIT =          0.02
TAU_INIT =                0.7
MAX_TAU =                 5
TAU_SCALAR =              1.2
TAU_SCALAR_TINY =         1.1
TAU_SCALAR_BIG =          1.3
ACCEPTANCE_PROB =         0.85
TEMP_EXP_DECAY =          0.8
MIN_TEMP_FRACTION =       0.01
TEMP_DECAY_ITERATIONS =   21
ZERO_TEMP_ITREATIONS =    20
RANDOM_STATES =           3
END_PARAMETERS
##############################################################################
clock_duration  =         2666.83
tau =                     0.35
total_steps =             32
time_step =               0.021875
best_mc_result =          0.0203478
best_mc_result_non_secondary =          0
evolved_target_dot_squared =  0.979652
distance =          0.504177
j_protocol =  [[0, 0, 0, 0, 0, 0, 0, 0, 0, 0, 0, 0, 0, 0, 0, 0, 0, 0, 0, 0, 0, 0, 0, 0, 0, 0, 0, 0, 0, 0, 0, 0, ],[0, 0, 0, 0, 0, 0, 0, 0, 0, 0, 0, 0, 0, 0, 0, 0, 0, 0, 0, 0, 0, 0, 0, 0, 0, 0, 0, 0, 0, 0, 0, 0, ],]
k_protocol =  [[0, 0, 0, 0, 0, 0, 0, 0, 0, 0, 0, 0, 0, 0, 0, 0, 0, 0, 0, 0, 0, 0, 0, 0, 0, 0, 0, 0, 0, 0, 0, 0, ],[0, 0, 0, 0, 0, 0, 0, 0, 0, 0, 0, 0, 0, 0, 0, 0, 0, 0, 0, 0, 0, 0, 0, 0, 0, 0, 0, 0, 0, 0, 0, 0, ],]
j_protocol_secondary =  [0.0878686, 0.0878686, 0.112296, 0.112296, 0.184319, 0.184319, 0.205058, 0.205058, 0.285349, 0.326671, 0.326671, 0.334569, 0.334569, 0.35, ]
k_protocol_secondary =  [0, 0.0199199, 0.0199199, 0.0792263, 0.0792263, 0.105617, 0.105617, 0.115494, 0.115494, 0.150213, 0.150213, 0.306534, 0.306534, 0.345756, ]
best_evolved_state = [4.10565e-05, 6.96397e-05, 0.0001123, -5.13961e-05, -0.000164508, 0.00177197, 2.67377e-05, -5.91536e-06, 0.0001123, -5.13961e-05, 4.10565e-05, 6.96397e-05, 0.000282084, 2.06631e-05, 0.00280911, 0.00071129, 0.000658397, -0.000264675, 4.10565e-05, 6.96397e-05, 0.00280911, 0.00071129, 0.0215015, 0.00142793, 0.00067201, 0.00181189, 0.000658397, -0.000264675, 0.00067201, 0.00181189, 0.000658397, -0.000264675, 0.00067201, 0.00181189, 0.0215015, 0.00142793, 0.00280911, 0.00071129, 0.0309906, 0.00359617, 0.0217508, 0.0193102, 4.10565e-05, 6.96397e-05, 0.000658397, -0.000264675, 0.00280911, 0.00071129, 0.000282084, 2.06631e-05, 0.00373562, 0.000759128, 0.0309906, 0.00359617, 0.00067201, 0.00181189, 0.0001123, -5.13961e-05, 0.00280911, 0.00071129, 0.00695021, 0.0010888, 0.000693096, 2.03214e-06, 0.00708772, 0.00108349, 0.0691249, 0.0212997, 0.0215015, 0.00142793, -0.000164508, 0.00177197, 0.00280911, 0.00071129, 0.0309906, 0.00359617, 0.0691249, 0.0212997, 0.00695021, 0.0010888, 0.0691249, 0.0212997, 0.628413, 0.276231, 0.0217508, 0.0193102, 0.0215015, 0.00142793, 0.00067201, 0.00181189, 0.00695021, 0.0010888, 0.0691249, 0.0212997, 0.0309906, 0.00359617, 0.00280911, 0.00071129, 0.0215015, 0.00142793, 0.0217508, 0.0193102, 0.628413, 0.276231, 0.0691249, 0.0212997, 0.0309906, 0.00359617, 0.0217508, 0.0193102, 0.000693096, 2.03214e-06, 0.00695021, 0.0010888, 0.00280911, 0.00071129, 0.0001123, -5.13961e-05, -0.000164508, 0.00177197, 0.0215015, 0.00142793, 0.0691249, 0.0212997, 0.00708772, 0.00108349, 0.00373562, 0.000759128, 0.0309906, 0.00359617, 0.00067201, 0.00181189, 6.64818e-05, -8.97957e-06, 0.000693096, 2.03214e-06, 0.000282084, 2.06631e-05, 2.67377e-05, -5.91536e-06, 0.0001123, -5.13961e-05, 0.00280911, 0.00071129, 0.00695021, 0.0010888, 0.000693096, 2.03214e-06, 0.000282084, 2.06631e-05, 0.00280911, 0.00071129, 0.000658397, -0.000264675, 4.10565e-05, 6.96397e-05, 0.000693096, 2.03214e-06, 0.00708772, 0.00108349, 0.00373562, 0.000759128, 0.000282084, 2.06631e-05, 0.00280911, 0.00071129, 0.0309906, 0.00359617, 0.0691249, 0.0212997, 0.00695021, 0.0010888, 0.00280911, 0.00071129, 0.0215015, 0.00142793, 0.00067201, 0.00181189, 0.000658397, -0.000264675, 4.10565e-05, 6.96397e-05, 0.000282084, 2.06631e-05, 0.00373562, 0.000759128, 0.00708772, 0.00108349, 0.000693096, 2.03214e-06, 0.00695021, 0.0010888, 0.0691249, 0.0212997, 0.0309906, 0.00359617, 0.00280911, 0.00071129, 0.000658397, -0.000264675, 0.00067201, 0.00181189, 0.0215015, 0.00142793, 0.00280911, 0.00071129, 0.0001123, -5.13961e-05, -0.000164508, 0.00177197, 2.67377e-05, -5.91536e-06, 0.000282084, 2.06631e-05, 0.000693096, 2.03214e-06, 6.64818e-05, -8.97957e-06, 0.000693096, 2.03214e-06, 0.00695021, 0.0010888, 0.00280911, 0.00071129, 0.0001123, -5.13961e-05, 4.10565e-05, 6.96397e-05, 0.000658397, -0.000264675, 0.00280911, 0.00071129, 0.000282084, 2.06631e-05, 2.67377e-05, -5.91536e-06, 0.0001123, -5.13961e-05, 4.10565e-05, 6.96397e-05, ]
best_mc_result_fixed_tau =   [0.0173184, 0.0173184, ]
evolved_state_fixed_tau =   [[1.42446e-05, 2.12095e-05, -0.000158114, -0.000175267, -0.00112874, -0.000168639, 3.0687e-06, -7.96738e-06, -0.000158114, -0.000175267, 1.42446e-05, 2.12095e-05, -0.00025563, -0.00012573, -0.00286778, -0.000853863, -0.000374447, 6.14811e-06, 1.42446e-05, 2.12095e-05, -0.00286778, -0.000853863, -0.0182218, -0.00296963, -0.00238474, -0.00144138, -0.000374447, 6.14811e-06, -0.00238474, -0.00144138, -0.000374447, 6.14811e-06, -0.00238474, -0.00144138, -0.0182218, -0.00296963, -0.00286778, -0.000853863, -0.0268047, -0.00612671, -0.0157054, -0.0465418, 1.42446e-05, 2.12095e-05, -0.000374447, 6.14811e-06, -0.00286778, -0.000853863, -0.00025563, -0.00012573, -0.00362029, -0.000955657, -0.0268047, -0.00612671, -0.00238474, -0.00144138, -0.000158114, -0.000175267, -0.00286778, -0.000853863, -0.00520601, -0.00223034, -0.00045569, -7.30502e-05, -0.00532297, -0.00220912, -0.0557563, -0.0360765, -0.0182218, -0.00296963, -0.00112874, -0.000168639, -0.00286778, -0.000853863, -0.0268047, -0.00612671, -0.0557563, -0.0360765, -0.00520601, -0.00223034, -0.0557563, -0.0360765, -0.489042, -0.483378, -0.0157054, -0.0465418, -0.0182218, -0.00296963, -0.00238474, -0.00144138, -0.00520601, -0.00223034, -0.0557563, -0.0360765, -0.0268047, -0.00612671, -0.00286778, -0.000853863, -0.0182218, -0.00296963, -0.0157054, -0.0465418, -0.489042, -0.483378, -0.0557563, -0.0360765, -0.0268047, -0.00612671, -0.0157054, -0.0465418, -0.00045569, -7.30502e-05, -0.00520601, -0.00223034, -0.00286778, -0.000853863, -0.000158114, -0.000175267, -0.00112874, -0.000168639, -0.0182218, -0.00296963, -0.0557563, -0.0360765, -0.00532297, -0.00220912, -0.00362029, -0.000955657, -0.0268047, -0.00612671, -0.00238474, -0.00144138, -3.98544e-05, 5.39421e-06, -0.00045569, -7.30502e-05, -0.00025563, -0.00012573, 3.0687e-06, -7.96738e-06, -0.000158114, -0.000175267, -0.00286778, -0.000853863, -0.00520601, -0.00223034, -0.00045569, -7.30502e-05, -0.00025563, -0.00012573, -0.00286778, -0.000853863, -0.000374447, 6.14811e-06, 1.42446e-05, 2.12095e-05, -0.00045569, -7.30502e-05, -0.00532297, -0.00220912, -0.00362029, -0.000955657, -0.00025563, -0.00012573, -0.00286778, -0.000853863, -0.0268047, -0.00612671, -0.0557563, -0.0360765, -0.00520601, -0.00223034, -0.00286778, -0.000853863, -0.0182218, -0.00296963, -0.00238474, -0.00144138, -0.000374447, 6.14811e-06, 1.42446e-05, 2.12095e-05, -0.00025563, -0.00012573, -0.00362029, -0.000955657, -0.00532297, -0.00220912, -0.00045569, -7.30502e-05, -0.00520601, -0.00223034, -0.0557563, -0.0360765, -0.0268047, -0.00612671, -0.00286778, -0.000853863, -0.000374447, 6.14811e-06, -0.00238474, -0.00144138, -0.0182218, -0.00296963, -0.00286778, -0.000853863, -0.000158114, -0.000175267, -0.00112874, -0.000168639, 3.0687e-06, -7.96738e-06, -0.00025563, -0.00012573, -0.00045569, -7.30502e-05, -3.98544e-05, 5.39421e-06, -0.00045569, -7.30502e-05, -0.00520601, -0.00223034, -0.00286778, -0.000853863, -0.000158114, -0.000175267, 1.42446e-05, 2.12095e-05, -0.000374447, 6.14811e-06, -0.00286778, -0.000853863, -0.00025563, -0.00012573, 3.0687e-06, -7.96738e-06, -0.000158114, -0.000175267, 1.42446e-05, 2.12095e-05, ],[1.42446e-05, 2.12095e-05, -0.000158114, -0.000175267, -0.00112874, -0.000168639, 3.0687e-06, -7.96738e-06, -0.000158114, -0.000175267, 1.42446e-05, 2.12095e-05, -0.00025563, -0.00012573, -0.00286778, -0.000853863, -0.000374447, 6.14811e-06, 1.42446e-05, 2.12095e-05, -0.00286778, -0.000853863, -0.0182218, -0.00296963, -0.00238474, -0.00144138, -0.000374447, 6.14811e-06, -0.00238474, -0.00144138, -0.000374447, 6.14811e-06, -0.00238474, -0.00144138, -0.0182218, -0.00296963, -0.00286778, -0.000853863, -0.0268047, -0.00612671, -0.0157054, -0.0465418, 1.42446e-05, 2.12095e-05, -0.000374447, 6.14811e-06, -0.00286778, -0.000853863, -0.00025563, -0.00012573, -0.00362029, -0.000955657, -0.0268047, -0.00612671, -0.00238474, -0.00144138, -0.000158114, -0.000175267, -0.00286778, -0.000853863, -0.00520601, -0.00223034, -0.00045569, -7.30502e-05, -0.00532297, -0.00220912, -0.0557563, -0.0360765, -0.0182218, -0.00296963, -0.00112874, -0.000168639, -0.00286778, -0.000853863, -0.0268047, -0.00612671, -0.0557563, -0.0360765, -0.00520601, -0.00223034, -0.0557563, -0.0360765, -0.489042, -0.483378, -0.0157054, -0.0465418, -0.0182218, -0.00296963, -0.00238474, -0.00144138, -0.00520601, -0.00223034, -0.0557563, -0.0360765, -0.0268047, -0.00612671, -0.00286778, -0.000853863, -0.0182218, -0.00296963, -0.0157054, -0.0465418, -0.489042, -0.483378, -0.0557563, -0.0360765, -0.0268047, -0.00612671, -0.0157054, -0.0465418, -0.00045569, -7.30502e-05, -0.00520601, -0.00223034, -0.00286778, -0.000853863, -0.000158114, -0.000175267, -0.00112874, -0.000168639, -0.0182218, -0.00296963, -0.0557563, -0.0360765, -0.00532297, -0.00220912, -0.00362029, -0.000955657, -0.0268047, -0.00612671, -0.00238474, -0.00144138, -3.98544e-05, 5.39421e-06, -0.00045569, -7.30502e-05, -0.00025563, -0.00012573, 3.0687e-06, -7.96738e-06, -0.000158114, -0.000175267, -0.00286778, -0.000853863, -0.00520601, -0.00223034, -0.00045569, -7.30502e-05, -0.00025563, -0.00012573, -0.00286778, -0.000853863, -0.000374447, 6.14811e-06, 1.42446e-05, 2.12095e-05, -0.00045569, -7.30502e-05, -0.00532297, -0.00220912, -0.00362029, -0.000955657, -0.00025563, -0.00012573, -0.00286778, -0.000853863, -0.0268047, -0.00612671, -0.0557563, -0.0360765, -0.00520601, -0.00223034, -0.00286778, -0.000853863, -0.0182218, -0.00296963, -0.00238474, -0.00144138, -0.000374447, 6.14811e-06, 1.42446e-05, 2.12095e-05, -0.00025563, -0.00012573, -0.00362029, -0.000955657, -0.00532297, -0.00220912, -0.00045569, -7.30502e-05, -0.00520601, -0.00223034, -0.0557563, -0.0360765, -0.0268047, -0.00612671, -0.00286778, -0.000853863, -0.000374447, 6.14811e-06, -0.00238474, -0.00144138, -0.0182218, -0.00296963, -0.00286778, -0.000853863, -0.000158114, -0.000175267, -0.00112874, -0.000168639, 3.0687e-06, -7.96738e-06, -0.00025563, -0.00012573, -0.00045569, -7.30502e-05, -3.98544e-05, 5.39421e-06, -0.00045569, -7.30502e-05, -0.00520601, -0.00223034, -0.00286778, -0.000853863, -0.000158114, -0.000175267, 1.42446e-05, 2.12095e-05, -0.000374447, 6.14811e-06, -0.00286778, -0.000853863, -0.00025563, -0.00012573, 3.0687e-06, -7.96738e-06, -0.000158114, -0.000175267, 1.42446e-05, 2.12095e-05, ],]
##############################################################################
clock_duration  =         7238.33
tau =                     0.39375
total_steps =             32
time_step =               0.021875
best_mc_result =          0.0200049
best_mc_result_non_secondary =          0
evolved_target_dot_squared =  0.979995
distance =          0.495679
j_protocol =  [[0, 0, 0, 0, 0, 0, 0, 0, 0, 0, 0, 0, 0, 0, 0, 0, 0, 0, 0, 0, 0, 0, 0, 0, 0, 0, 0, 0, 0, 0, 0, 0, ],[0, 0, 0, 0, 0, 0, 0, 0, 0, 0, 0, 0, 0, 0, 0, 0, 0, 0, 0, 0, 0, 0, 0, 0, 0, 0, 0, 0, 0, 0, 0, 0, ],]
k_protocol =  [[0, 0, 0, 0, 0, 0, 0, 0, 0, 0, 0, 0, 0, 0, 0, 0, 0, 0, 0, 0, 0, 0, 0, 0, 0, 0, 0, 0, 0, 0, 0, 0, ],[0, 0, 0, 0, 0, 0, 0, 0, 0, 0, 0, 0, 0, 0, 0, 0, 0, 0, 0, 0, 0, 0, 0, 0, 0, 0, 0, 0, 0, 0, 0, 0, ],]
j_protocol_secondary =  [0.108779, 0.11275, 0.125838, 0.125838, 0.211792, 0.214, 0.229509, 0.232367, 0.315412, 0.3437, 0.359215, 0.376381, 0.376404, 0.39375, ]
k_protocol_secondary =  [0, 0.0224099, 0.0224099, 0.0891296, 0.0891296, 0.11882, 0.11882, 0.12993, 0.12993, 0.168989, 0.168989, 0.344851, 0.344851, 0.392359, ]
best_evolved_state = [7.72735e-05, 3.64014e-05, 5.68278e-05, -7.22863e-05, 0.000839132, 0.00178089, 1.83089e-05, -1.7048e-05, 5.68278e-05, -7.22863e-05, 7.72735e-05, 3.64014e-05, 0.000242769, -8.98676e-05, 0.00279912, -0.000460901, 0.000439953, -0.000518477, 7.72735e-05, 3.64014e-05, 0.00279912, -0.000460901, 0.020082, -0.00746344, 0.00146013, 0.00158391, 0.000439953, -0.000518477, 0.00146013, 0.00158391, 0.000439953, -0.000518477, 0.00146013, 0.00158391, 0.020082, -0.00746344, 0.00279912, -0.000460901, 0.0296359, -0.00925916, 0.02385, 0.0134166, 7.72735e-05, 3.64014e-05, 0.000439953, -0.000518477, 0.00279912, -0.000460901, 0.000242769, -8.98676e-05, 0.00363104, -0.000799306, 0.0296359, -0.00925916, 0.00146013, 0.00158391, 5.68278e-05, -7.22863e-05, 0.00279912, -0.000460901, 0.00643851, -0.00174445, 0.000576632, -0.00027679, 0.00655893, -0.00180937, 0.0704386, -0.0066933, 0.020082, -0.00746344, 0.000839132, 0.00178089, 0.00279912, -0.000460901, 0.0296359, -0.00925916, 0.0704386, -0.0066933, 0.00643851, -0.00174445, 0.0704386, -0.0066933, 0.68657, 0.031844, 0.02385, 0.0134166, 0.020082, -0.00746344, 0.00146013, 0.00158391, 0.00643851, -0.00174445, 0.0704386, -0.0066933, 0.0296359, -0.00925916, 0.00279912, -0.000460901, 0.020082, -0.00746344, 0.02385, 0.0134166, 0.68657, 0.031844, 0.0704386, -0.0066933, 0.0296359, -0.00925916, 0.02385, 0.0134166, 0.000576632, -0.00027679, 0.00643851, -0.00174445, 0.00279912, -0.000460901, 5.68278e-05, -7.22863e-05, 0.000839132, 0.00178089, 0.020082, -0.00746344, 0.0704386, -0.0066933, 0.00655893, -0.00180937, 0.00363104, -0.000799306, 0.0296359, -0.00925916, 0.00146013, 0.00158391, 4.94239e-05, -3.46033e-05, 0.000576632, -0.00027679, 0.000242769, -8.98676e-05, 1.83089e-05, -1.7048e-05, 5.68278e-05, -7.22863e-05, 0.00279912, -0.000460901, 0.00643851, -0.00174445, 0.000576632, -0.00027679, 0.000242769, -8.98676e-05, 0.00279912, -0.000460901, 0.000439953, -0.000518477, 7.72735e-05, 3.64014e-05, 0.000576632, -0.00027679, 0.00655893, -0.00180937, 0.00363104, -0.000799306, 0.000242769, -8.98676e-05, 0.00279912, -0.000460901, 0.0296359, -0.00925916, 0.0704386, -0.0066933, 0.00643851, -0.00174445, 0.00279912, -0.000460901, 0.020082, -0.00746344, 0.00146013, 0.00158391, 0.000439953, -0.000518477, 7.72735e-05, 3.64014e-05, 0.000242769, -8.98676e-05, 0.00363104, -0.000799306, 0.00655893, -0.00180937, 0.000576632, -0.00027679, 0.00643851, -0.00174445, 0.0704386, -0.0066933, 0.0296359, -0.00925916, 0.00279912, -0.000460901, 0.000439953, -0.000518477, 0.00146013, 0.00158391, 0.020082, -0.00746344, 0.00279912, -0.000460901, 5.68278e-05, -7.22863e-05, 0.000839132, 0.00178089, 1.83089e-05, -1.7048e-05, 0.000242769, -8.98676e-05, 0.000576632, -0.00027679, 4.94239e-05, -3.46033e-05, 0.000576632, -0.00027679, 0.00643851, -0.00174445, 0.00279912, -0.000460901, 5.68278e-05, -7.22863e-05, 7.72735e-05, 3.64014e-05, 0.000439953, -0.000518477, 0.00279912, -0.000460901, 0.000242769, -8.98676e-05, 1.83089e-05, -1.7048e-05, 5.68278e-05, -7.22863e-05, 7.72735e-05, 3.64014e-05, ]
best_mc_result_fixed_tau =   [0.0173184, 0.0173184, ]
evolved_state_fixed_tau =   [[1.42446e-05, 2.12095e-05, -0.000158114, -0.000175267, -0.00112874, -0.000168639, 3.0687e-06, -7.96738e-06, -0.000158114, -0.000175267, 1.42446e-05, 2.12095e-05, -0.00025563, -0.00012573, -0.00286778, -0.000853863, -0.000374447, 6.14811e-06, 1.42446e-05, 2.12095e-05, -0.00286778, -0.000853863, -0.0182218, -0.00296963, -0.00238474, -0.00144138, -0.000374447, 6.14811e-06, -0.00238474, -0.00144138, -0.000374447, 6.14811e-06, -0.00238474, -0.00144138, -0.0182218, -0.00296963, -0.00286778, -0.000853863, -0.0268047, -0.00612671, -0.0157054, -0.0465418, 1.42446e-05, 2.12095e-05, -0.000374447, 6.14811e-06, -0.00286778, -0.000853863, -0.00025563, -0.00012573, -0.00362029, -0.000955657, -0.0268047, -0.00612671, -0.00238474, -0.00144138, -0.000158114, -0.000175267, -0.00286778, -0.000853863, -0.00520601, -0.00223034, -0.00045569, -7.30502e-05, -0.00532297, -0.00220912, -0.0557563, -0.0360765, -0.0182218, -0.00296963, -0.00112874, -0.000168639, -0.00286778, -0.000853863, -0.0268047, -0.00612671, -0.0557563, -0.0360765, -0.00520601, -0.00223034, -0.0557563, -0.0360765, -0.489042, -0.483378, -0.0157054, -0.0465418, -0.0182218, -0.00296963, -0.00238474, -0.00144138, -0.00520601, -0.00223034, -0.0557563, -0.0360765, -0.0268047, -0.00612671, -0.00286778, -0.000853863, -0.0182218, -0.00296963, -0.0157054, -0.0465418, -0.489042, -0.483378, -0.0557563, -0.0360765, -0.0268047, -0.00612671, -0.0157054, -0.0465418, -0.00045569, -7.30502e-05, -0.00520601, -0.00223034, -0.00286778, -0.000853863, -0.000158114, -0.000175267, -0.00112874, -0.000168639, -0.0182218, -0.00296963, -0.0557563, -0.0360765, -0.00532297, -0.00220912, -0.00362029, -0.000955657, -0.0268047, -0.00612671, -0.00238474, -0.00144138, -3.98544e-05, 5.39421e-06, -0.00045569, -7.30502e-05, -0.00025563, -0.00012573, 3.0687e-06, -7.96738e-06, -0.000158114, -0.000175267, -0.00286778, -0.000853863, -0.00520601, -0.00223034, -0.00045569, -7.30502e-05, -0.00025563, -0.00012573, -0.00286778, -0.000853863, -0.000374447, 6.14811e-06, 1.42446e-05, 2.12095e-05, -0.00045569, -7.30502e-05, -0.00532297, -0.00220912, -0.00362029, -0.000955657, -0.00025563, -0.00012573, -0.00286778, -0.000853863, -0.0268047, -0.00612671, -0.0557563, -0.0360765, -0.00520601, -0.00223034, -0.00286778, -0.000853863, -0.0182218, -0.00296963, -0.00238474, -0.00144138, -0.000374447, 6.14811e-06, 1.42446e-05, 2.12095e-05, -0.00025563, -0.00012573, -0.00362029, -0.000955657, -0.00532297, -0.00220912, -0.00045569, -7.30502e-05, -0.00520601, -0.00223034, -0.0557563, -0.0360765, -0.0268047, -0.00612671, -0.00286778, -0.000853863, -0.000374447, 6.14811e-06, -0.00238474, -0.00144138, -0.0182218, -0.00296963, -0.00286778, -0.000853863, -0.000158114, -0.000175267, -0.00112874, -0.000168639, 3.0687e-06, -7.96738e-06, -0.00025563, -0.00012573, -0.00045569, -7.30502e-05, -3.98544e-05, 5.39421e-06, -0.00045569, -7.30502e-05, -0.00520601, -0.00223034, -0.00286778, -0.000853863, -0.000158114, -0.000175267, 1.42446e-05, 2.12095e-05, -0.000374447, 6.14811e-06, -0.00286778, -0.000853863, -0.00025563, -0.00012573, 3.0687e-06, -7.96738e-06, -0.000158114, -0.000175267, 1.42446e-05, 2.12095e-05, ],[1.42446e-05, 2.12095e-05, -0.000158114, -0.000175267, -0.00112874, -0.000168639, 3.0687e-06, -7.96738e-06, -0.000158114, -0.000175267, 1.42446e-05, 2.12095e-05, -0.00025563, -0.00012573, -0.00286778, -0.000853863, -0.000374447, 6.14811e-06, 1.42446e-05, 2.12095e-05, -0.00286778, -0.000853863, -0.0182218, -0.00296963, -0.00238474, -0.00144138, -0.000374447, 6.14811e-06, -0.00238474, -0.00144138, -0.000374447, 6.14811e-06, -0.00238474, -0.00144138, -0.0182218, -0.00296963, -0.00286778, -0.000853863, -0.0268047, -0.00612671, -0.0157054, -0.0465418, 1.42446e-05, 2.12095e-05, -0.000374447, 6.14811e-06, -0.00286778, -0.000853863, -0.00025563, -0.00012573, -0.00362029, -0.000955657, -0.0268047, -0.00612671, -0.00238474, -0.00144138, -0.000158114, -0.000175267, -0.00286778, -0.000853863, -0.00520601, -0.00223034, -0.00045569, -7.30502e-05, -0.00532297, -0.00220912, -0.0557563, -0.0360765, -0.0182218, -0.00296963, -0.00112874, -0.000168639, -0.00286778, -0.000853863, -0.0268047, -0.00612671, -0.0557563, -0.0360765, -0.00520601, -0.00223034, -0.0557563, -0.0360765, -0.489042, -0.483378, -0.0157054, -0.0465418, -0.0182218, -0.00296963, -0.00238474, -0.00144138, -0.00520601, -0.00223034, -0.0557563, -0.0360765, -0.0268047, -0.00612671, -0.00286778, -0.000853863, -0.0182218, -0.00296963, -0.0157054, -0.0465418, -0.489042, -0.483378, -0.0557563, -0.0360765, -0.0268047, -0.00612671, -0.0157054, -0.0465418, -0.00045569, -7.30502e-05, -0.00520601, -0.00223034, -0.00286778, -0.000853863, -0.000158114, -0.000175267, -0.00112874, -0.000168639, -0.0182218, -0.00296963, -0.0557563, -0.0360765, -0.00532297, -0.00220912, -0.00362029, -0.000955657, -0.0268047, -0.00612671, -0.00238474, -0.00144138, -3.98544e-05, 5.39421e-06, -0.00045569, -7.30502e-05, -0.00025563, -0.00012573, 3.0687e-06, -7.96738e-06, -0.000158114, -0.000175267, -0.00286778, -0.000853863, -0.00520601, -0.00223034, -0.00045569, -7.30502e-05, -0.00025563, -0.00012573, -0.00286778, -0.000853863, -0.000374447, 6.14811e-06, 1.42446e-05, 2.12095e-05, -0.00045569, -7.30502e-05, -0.00532297, -0.00220912, -0.00362029, -0.000955657, -0.00025563, -0.00012573, -0.00286778, -0.000853863, -0.0268047, -0.00612671, -0.0557563, -0.0360765, -0.00520601, -0.00223034, -0.00286778, -0.000853863, -0.0182218, -0.00296963, -0.00238474, -0.00144138, -0.000374447, 6.14811e-06, 1.42446e-05, 2.12095e-05, -0.00025563, -0.00012573, -0.00362029, -0.000955657, -0.00532297, -0.00220912, -0.00045569, -7.30502e-05, -0.00520601, -0.00223034, -0.0557563, -0.0360765, -0.0268047, -0.00612671, -0.00286778, -0.000853863, -0.000374447, 6.14811e-06, -0.00238474, -0.00144138, -0.0182218, -0.00296963, -0.00286778, -0.000853863, -0.000158114, -0.000175267, -0.00112874, -0.000168639, 3.0687e-06, -7.96738e-06, -0.00025563, -0.00012573, -0.00045569, -7.30502e-05, -3.98544e-05, 5.39421e-06, -0.00045569, -7.30502e-05, -0.00520601, -0.00223034, -0.00286778, -0.000853863, -0.000158114, -0.000175267, 1.42446e-05, 2.12095e-05, -0.000374447, 6.14811e-06, -0.00286778, -0.000853863, -0.00025563, -0.00012573, 3.0687e-06, -7.96738e-06, -0.000158114, -0.000175267, 1.42446e-05, 2.12095e-05, ],]
