START_PARAMETERS
MAX_STEPS_MCDB =               32
MIN_STEPS_MCDB =               4
STEPS_CRUNCH_MCDB =            1
SWEEPS_MCDB =                  80
TOTAL_STEP_CHANGES =                  6
MCBB_SECONDARY =                  1
SWEEPS_MCBB_SECONDARY =                  300
NUMBER_OF_BANGS =                  7
GROUND_E =                -3.15076
INITIAL_E =               -0.138543
j_initial =               0.093
k_initial =               0.5
b_initial =               0
j_target =                0.756
k_target =                0.125
b_target =                0
init_target_dot_squared = 0.214361
init_state = [-1.16455e-05, 0, -0.000115242, 0, -0.000545724, 0, -1.35009e-05, 0, -0.000115242, 0, -1.16455e-05, 0, -0.000180198, 0, -0.00161683, 0, -0.000259827, 0, -1.16455e-05, 0, -0.00161683, 0, -0.0118268, 0, -0.00126348, 0, -0.000259827, 0, -0.00126348, 0, -0.000259827, 0, -0.00126348, 0, -0.0118268, 0, -0.00161683, 0, -0.0175385, 0, -0.0643994, 0, -1.16455e-05, 0, -0.000259827, 0, -0.00161683, 0, -0.000180198, 0, -0.00214163, 0, -0.0175385, 0, -0.00126348, 0, -0.000115242, 0, -0.00161683, 0, -0.00607116, 0, -0.000560138, 0, -0.00611831, 0, -0.065397, 0, -0.0118268, 0, -0.000545724, 0, -0.00161683, 0, -0.0175385, 0, -0.065397, 0, -0.00607116, 0, -0.065397, 0, -0.687421, 0, -0.0643994, 0, -0.0118268, 0, -0.00126348, 0, -0.00607116, 0, -0.065397, 0, -0.0175385, 0, -0.00161683, 0, -0.0118268, 0, -0.0643994, 0, -0.687421, 0, -0.065397, 0, -0.0175385, 0, -0.0643994, 0, -0.000560138, 0, -0.00607116, 0, -0.00161683, 0, -0.000115242, 0, -0.000545724, 0, -0.0118268, 0, -0.065397, 0, -0.00611831, 0, -0.00214163, 0, -0.0175385, 0, -0.00126348, 0, -5.11939e-05, 0, -0.000560138, 0, -0.000180198, 0, -1.35009e-05, 0, -0.000115242, 0, -0.00161683, 0, -0.00607116, 0, -0.000560138, 0, -0.000180198, 0, -0.00161683, 0, -0.000259827, 0, -1.16455e-05, 0, -0.000560138, 0, -0.00611831, 0, -0.00214163, 0, -0.000180198, 0, -0.00161683, 0, -0.0175385, 0, -0.065397, 0, -0.00607116, 0, -0.00161683, 0, -0.0118268, 0, -0.00126348, 0, -0.000259827, 0, -1.16455e-05, 0, -0.000180198, 0, -0.00214163, 0, -0.00611831, 0, -0.000560138, 0, -0.00607116, 0, -0.065397, 0, -0.0175385, 0, -0.00161683, 0, -0.000259827, 0, -0.00126348, 0, -0.0118268, 0, -0.00161683, 0, -0.000115242, 0, -0.000545724, 0, -1.35009e-05, 0, -0.000180198, 0, -0.000560138, 0, -5.11939e-05, 0, -0.000560138, 0, -0.00607116, 0, -0.00161683, 0, -0.000115242, 0, -1.16455e-05, 0, -0.000259827, 0, -0.00161683, 0, -0.000180198, 0, -1.35009e-05, 0, -0.000115242, 0, -1.16455e-05, 0, ]
target_state = [0.0210317, 0, 0.0383867, 0, 0.0440269, 0, 0.0263348, 0, 0.0383867, 0, 0.0210317, 0, 0.0513252, 0, 0.0787239, 0, 0.0559305, 0, 0.0210317, 0, 0.0787239, 0, 0.111595, 0, 0.0722809, 0, 0.0559305, 0, 0.0722809, 0, 0.0559305, 0, 0.0722809, 0, 0.111595, 0, 0.0787239, 0, 0.13351, 0, 0.151587, 0, 0.0210317, 0, 0.0559305, 0, 0.0787239, 0, 0.0513252, 0, 0.0918965, 0, 0.13351, 0, 0.0722809, 0, 0.0383867, 0, 0.0787239, 0, 0.093547, 0, 0.0570359, 0, 0.0978295, 0, 0.151981, 0, 0.111595, 0, 0.0440269, 0, 0.0787239, 0, 0.13351, 0, 0.151981, 0, 0.093547, 0, 0.151981, 0, 0.221162, 0, 0.151587, 0, 0.111595, 0, 0.0722809, 0, 0.093547, 0, 0.151981, 0, 0.13351, 0, 0.0787239, 0, 0.111595, 0, 0.151587, 0, 0.221162, 0, 0.151981, 0, 0.13351, 0, 0.151587, 0, 0.0570359, 0, 0.093547, 0, 0.0787239, 0, 0.0383867, 0, 0.0440269, 0, 0.111595, 0, 0.151981, 0, 0.0978295, 0, 0.0918965, 0, 0.13351, 0, 0.0722809, 0, 0.0334856, 0, 0.0570359, 0, 0.0513252, 0, 0.0263348, 0, 0.0383867, 0, 0.0787239, 0, 0.093547, 0, 0.0570359, 0, 0.0513252, 0, 0.0787239, 0, 0.0559305, 0, 0.0210317, 0, 0.0570359, 0, 0.0978295, 0, 0.0918965, 0, 0.0513252, 0, 0.0787239, 0, 0.13351, 0, 0.151981, 0, 0.093547, 0, 0.0787239, 0, 0.111595, 0, 0.0722809, 0, 0.0559305, 0, 0.0210317, 0, 0.0513252, 0, 0.0918965, 0, 0.0978295, 0, 0.0570359, 0, 0.093547, 0, 0.151981, 0, 0.13351, 0, 0.0787239, 0, 0.0559305, 0, 0.0722809, 0, 0.111595, 0, 0.0787239, 0, 0.0383867, 0, 0.0440269, 0, 0.0263348, 0, 0.0513252, 0, 0.0570359, 0, 0.0334856, 0, 0.0570359, 0, 0.093547, 0, 0.0787239, 0, 0.0383867, 0, 0.0210317, 0, 0.0559305, 0, 0.0787239, 0, 0.0513252, 0, 0.0263348, 0, 0.0383867, 0, 0.0210317, 0, ]
USE_ENERGY_DISTANCE =     false
PERIODIC =                false
UNIFORM_SITES =           true
DEVICE_DIMENSION =        2
MAX_PARAM =               1
MIN_PARAM =               0
MIN_PARAM =               0
DIAG =                    true
NUM_SEEDS =               2
NUMBER_OF_BANGS =               7
DISTANCE_LIMIT =          0.02
TAU_INIT =                0.7
MAX_TAU =                 5
TAU_SCALAR =              1.2
TAU_SCALAR_TINY =         1.1
TAU_SCALAR_BIG =          1.3
ACCEPTANCE_PROB =         0.85
TEMP_EXP_DECAY =          0.8
MIN_TEMP_FRACTION =       0.01
TEMP_DECAY_ITERATIONS =   21
ZERO_TEMP_ITREATIONS =    20
RANDOM_STATES =           3
END_PARAMETERS
##############################################################################
clock_duration  =         954.197
tau =                     0.7
total_steps =             32
time_step =               0.021875
best_mc_result =          0.458647
best_mc_result_non_secondary =          0.458845
evolved_target_dot_squared =  0.541353
distance =          0.583788
j_protocol =  [[1, 1, 1, 1, 1, 1, 1, 1, 1, 1, 1, 1, 1, 1, 1, 1, 1, 1, 1, 1, 1, 1, 1, 1, 1, 1, 1, 1, 1, 1, 0, 0, ],[1, 1, 1, 1, 1, 1, 1, 1, 1, 1, 1, 1, 1, 1, 1, 1, 1, 1, 1, 1, 1, 1, 1, 1, 1, 1, 1, 1, 1, 1, 0, 0, ],]
k_protocol =  [[0, 1, 1, 1, 1, 1, 1, 1, 1, 1, 1, 1, 1, 1, 1, 1, 1, 1, 1, 1, 1, 1, 1, 1, 1, 1, 1, 1, 1, 1, 1, 1, ],[0, 1, 1, 1, 1, 1, 1, 1, 1, 1, 1, 1, 1, 1, 1, 1, 1, 1, 1, 1, 1, 1, 1, 1, 1, 1, 1, 1, 1, 1, 1, 1, ],]
j_protocol_secondary =  [0, 0.0460724, 0.0460724, 0.145352, 0.145352, 0.312475, 0.312475, 0.44553, 0.44553, 0.596258, 0.596258, 0.649914, 0.7, 0.7, ]
k_protocol_secondary =  [0.0271932, 0.189596, 0.189596, 0.389364, 0.389364, 0.499856, 0.499856, 0.549424, 0.549424, 0.612994, 0.612994, 0.635386, 0.635386, 0.7, ]
best_evolved_state = [-0.0102215, 0.0170332, 0.00217117, 0.0360279, 0.0344425, 0.00119129, -0.0145991, 0.0208943, 0.00217117, 0.0360279, -0.0102215, 0.0170332, 0.00845322, 0.0563894, 0.0513409, 0.0624955, -0.0154417, 0.0666316, -0.0102215, 0.0170332, 0.0513409, 0.0624955, 0.103115, 0.0241842, 0.0709059, 0.0295204, -0.0154417, 0.0666316, 0.0709059, 0.0295204, -0.0154417, 0.0666316, 0.0709059, 0.0295204, 0.103115, 0.0241842, 0.0513409, 0.0624955, 0.143812, 0.023271, -0.000746303, -0.0742378, -0.0102215, 0.0170332, -0.0154417, 0.0666316, 0.0513409, 0.0624955, 0.00845322, 0.0563894, 0.0797757, 0.0779011, 0.143812, 0.023271, 0.0709059, 0.0295204, 0.00217117, 0.0360279, 0.0513409, 0.0624955, 0.0454285, 0.0188733, 0.0273544, 0.00864921, 0.0454354, 0.0322236, 0.135876, 0.018393, 0.103115, 0.0241842, 0.0344425, 0.00119129, 0.0513409, 0.0624955, 0.143812, 0.023271, 0.135876, 0.018393, 0.0454285, 0.0188733, 0.135876, 0.018393, 0.250196, -0.242013, -0.000746303, -0.0742378, 0.103115, 0.0241842, 0.0709059, 0.0295204, 0.0454285, 0.0188733, 0.135876, 0.018393, 0.143812, 0.023271, 0.0513409, 0.0624955, 0.103115, 0.0241842, -0.000746303, -0.0742378, 0.250196, -0.242013, 0.135876, 0.018393, 0.143812, 0.023271, -0.000746303, -0.0742378, 0.0273544, 0.00864921, 0.0454285, 0.0188733, 0.0513409, 0.0624955, 0.00217117, 0.0360279, 0.0344425, 0.00119129, 0.103115, 0.0241842, 0.135876, 0.018393, 0.0454354, 0.0322236, 0.0797757, 0.0779011, 0.143812, 0.023271, 0.0709059, 0.0295204, 0.0236119, 0.0114053, 0.0273544, 0.00864921, 0.00845322, 0.0563894, -0.0145991, 0.0208943, 0.00217117, 0.0360279, 0.0513409, 0.0624955, 0.0454285, 0.0188733, 0.0273544, 0.00864921, 0.00845322, 0.0563894, 0.0513409, 0.0624955, -0.0154417, 0.0666316, -0.0102215, 0.0170332, 0.0273544, 0.00864921, 0.0454354, 0.0322236, 0.0797757, 0.0779011, 0.00845322, 0.0563894, 0.0513409, 0.0624955, 0.143812, 0.023271, 0.135876, 0.018393, 0.0454285, 0.0188733, 0.0513409, 0.0624955, 0.103115, 0.0241842, 0.0709059, 0.0295204, -0.0154417, 0.0666316, -0.0102215, 0.0170332, 0.00845322, 0.0563894, 0.0797757, 0.0779011, 0.0454354, 0.0322236, 0.0273544, 0.00864921, 0.0454285, 0.0188733, 0.135876, 0.018393, 0.143812, 0.023271, 0.0513409, 0.0624955, -0.0154417, 0.0666316, 0.0709059, 0.0295204, 0.103115, 0.0241842, 0.0513409, 0.0624955, 0.00217117, 0.0360279, 0.0344425, 0.00119129, -0.0145991, 0.0208943, 0.00845322, 0.0563894, 0.0273544, 0.00864921, 0.0236119, 0.0114053, 0.0273544, 0.00864921, 0.0454285, 0.0188733, 0.0513409, 0.0624955, 0.00217117, 0.0360279, -0.0102215, 0.0170332, -0.0154417, 0.0666316, 0.0513409, 0.0624955, 0.00845322, 0.0563894, -0.0145991, 0.0208943, 0.00217117, 0.0360279, -0.0102215, 0.0170332, ]
best_mc_result_fixed_tau =   [0.458845, 0.458845, ]
evolved_state_fixed_tau =   [[-0.010515, 0.0174604, 0.00270726, 0.0364966, 0.0340735, 0.00123712, -0.0147624, 0.0216008, 0.00270726, 0.0364966, -0.010515, 0.0174604, 0.00940144, 0.0570819, 0.0525745, 0.0619671, -0.0139225, 0.068221, -0.010515, 0.0174604, 0.0525745, 0.0619671, 0.103123, 0.0222448, 0.0710635, 0.0287213, -0.0139225, 0.068221, 0.0710635, 0.0287213, -0.0139225, 0.068221, 0.0710635, 0.0287213, 0.103123, 0.0222448, 0.0525745, 0.0619671, 0.143506, 0.0203792, -8.45552e-05, -0.0696829, -0.010515, 0.0174604, -0.0139225, 0.068221, 0.0525745, 0.0619671, 0.00940144, 0.0570819, 0.0815669, 0.0768287, 0.143506, 0.0203792, 0.0710635, 0.0287213, 0.00270726, 0.0364966, 0.0525745, 0.0619671, 0.0454889, 0.0195116, 0.0269492, 0.00871187, 0.0458571, 0.0331344, 0.137389, 0.0166662, 0.103123, 0.0222448, 0.0340735, 0.00123712, 0.0525745, 0.0619671, 0.143506, 0.0203792, 0.137389, 0.0166662, 0.0454889, 0.0195116, 0.137389, 0.0166662, 0.240699, -0.249301, -8.45552e-05, -0.0696829, 0.103123, 0.0222448, 0.0710635, 0.0287213, 0.0454889, 0.0195116, 0.137389, 0.0166662, 0.143506, 0.0203792, 0.0525745, 0.0619671, 0.103123, 0.0222448, -8.45552e-05, -0.0696829, 0.240699, -0.249301, 0.137389, 0.0166662, 0.143506, 0.0203792, -8.45552e-05, -0.0696829, 0.0269492, 0.00871187, 0.0454889, 0.0195116, 0.0525745, 0.0619671, 0.00270726, 0.0364966, 0.0340735, 0.00123712, 0.103123, 0.0222448, 0.137389, 0.0166662, 0.0458571, 0.0331344, 0.0815669, 0.0768287, 0.143506, 0.0203792, 0.0710635, 0.0287213, 0.023743, 0.0111872, 0.0269492, 0.00871187, 0.00940144, 0.0570819, -0.0147624, 0.0216008, 0.00270726, 0.0364966, 0.0525745, 0.0619671, 0.0454889, 0.0195116, 0.0269492, 0.00871187, 0.00940144, 0.0570819, 0.0525745, 0.0619671, -0.0139225, 0.068221, -0.010515, 0.0174604, 0.0269492, 0.00871187, 0.0458571, 0.0331344, 0.0815669, 0.0768287, 0.00940144, 0.0570819, 0.0525745, 0.0619671, 0.143506, 0.0203792, 0.137389, 0.0166662, 0.0454889, 0.0195116, 0.0525745, 0.0619671, 0.103123, 0.0222448, 0.0710635, 0.0287213, -0.0139225, 0.068221, -0.010515, 0.0174604, 0.00940144, 0.0570819, 0.0815669, 0.0768287, 0.0458571, 0.0331344, 0.0269492, 0.00871187, 0.0454889, 0.0195116, 0.137389, 0.0166662, 0.143506, 0.0203792, 0.0525745, 0.0619671, -0.0139225, 0.068221, 0.0710635, 0.0287213, 0.103123, 0.0222448, 0.0525745, 0.0619671, 0.00270726, 0.0364966, 0.0340735, 0.00123712, -0.0147624, 0.0216008, 0.00940144, 0.0570819, 0.0269492, 0.00871187, 0.023743, 0.0111872, 0.0269492, 0.00871187, 0.0454889, 0.0195116, 0.0525745, 0.0619671, 0.00270726, 0.0364966, -0.010515, 0.0174604, -0.0139225, 0.068221, 0.0525745, 0.0619671, 0.00940144, 0.0570819, -0.0147624, 0.0216008, 0.00270726, 0.0364966, -0.010515, 0.0174604, ],[-0.010515, 0.0174604, 0.00270726, 0.0364966, 0.0340735, 0.00123712, -0.0147624, 0.0216008, 0.00270726, 0.0364966, -0.010515, 0.0174604, 0.00940144, 0.0570819, 0.0525745, 0.0619671, -0.0139225, 0.068221, -0.010515, 0.0174604, 0.0525745, 0.0619671, 0.103123, 0.0222448, 0.0710635, 0.0287213, -0.0139225, 0.068221, 0.0710635, 0.0287213, -0.0139225, 0.068221, 0.0710635, 0.0287213, 0.103123, 0.0222448, 0.0525745, 0.0619671, 0.143506, 0.0203792, -8.45552e-05, -0.0696829, -0.010515, 0.0174604, -0.0139225, 0.068221, 0.0525745, 0.0619671, 0.00940144, 0.0570819, 0.0815669, 0.0768287, 0.143506, 0.0203792, 0.0710635, 0.0287213, 0.00270726, 0.0364966, 0.0525745, 0.0619671, 0.0454889, 0.0195116, 0.0269492, 0.00871187, 0.0458571, 0.0331344, 0.137389, 0.0166662, 0.103123, 0.0222448, 0.0340735, 0.00123712, 0.0525745, 0.0619671, 0.143506, 0.0203792, 0.137389, 0.0166662, 0.0454889, 0.0195116, 0.137389, 0.0166662, 0.240699, -0.249301, -8.45552e-05, -0.0696829, 0.103123, 0.0222448, 0.0710635, 0.0287213, 0.0454889, 0.0195116, 0.137389, 0.0166662, 0.143506, 0.0203792, 0.0525745, 0.0619671, 0.103123, 0.0222448, -8.45552e-05, -0.0696829, 0.240699, -0.249301, 0.137389, 0.0166662, 0.143506, 0.0203792, -8.45552e-05, -0.0696829, 0.0269492, 0.00871187, 0.0454889, 0.0195116, 0.0525745, 0.0619671, 0.00270726, 0.0364966, 0.0340735, 0.00123712, 0.103123, 0.0222448, 0.137389, 0.0166662, 0.0458571, 0.0331344, 0.0815669, 0.0768287, 0.143506, 0.0203792, 0.0710635, 0.0287213, 0.023743, 0.0111872, 0.0269492, 0.00871187, 0.00940144, 0.0570819, -0.0147624, 0.0216008, 0.00270726, 0.0364966, 0.0525745, 0.0619671, 0.0454889, 0.0195116, 0.0269492, 0.00871187, 0.00940144, 0.0570819, 0.0525745, 0.0619671, -0.0139225, 0.068221, -0.010515, 0.0174604, 0.0269492, 0.00871187, 0.0458571, 0.0331344, 0.0815669, 0.0768287, 0.00940144, 0.0570819, 0.0525745, 0.0619671, 0.143506, 0.0203792, 0.137389, 0.0166662, 0.0454889, 0.0195116, 0.0525745, 0.0619671, 0.103123, 0.0222448, 0.0710635, 0.0287213, -0.0139225, 0.068221, -0.010515, 0.0174604, 0.00940144, 0.0570819, 0.0815669, 0.0768287, 0.0458571, 0.0331344, 0.0269492, 0.00871187, 0.0454889, 0.0195116, 0.137389, 0.0166662, 0.143506, 0.0203792, 0.0525745, 0.0619671, -0.0139225, 0.068221, 0.0710635, 0.0287213, 0.103123, 0.0222448, 0.0525745, 0.0619671, 0.00270726, 0.0364966, 0.0340735, 0.00123712, -0.0147624, 0.0216008, 0.00940144, 0.0570819, 0.0269492, 0.00871187, 0.023743, 0.0111872, 0.0269492, 0.00871187, 0.0454889, 0.0195116, 0.0525745, 0.0619671, 0.00270726, 0.0364966, -0.010515, 0.0174604, -0.0139225, 0.068221, 0.0525745, 0.0619671, 0.00940144, 0.0570819, -0.0147624, 0.0216008, 0.00270726, 0.0364966, -0.010515, 0.0174604, ],]
##############################################################################
clock_duration  =         2028.86
tau =                     1.0091
total_steps =             32
time_step =               0.0315344
best_mc_result =          0.203428
best_mc_result_non_secondary =          0.204354
evolved_target_dot_squared =  0.796572
distance =          0.258933
j_protocol =  [[1, 1, 1, 1, 1, 1, 0, 1, 1, 1, 1, 1, 1, 1, 1, 1, 1, 1, 1, 1, 1, 1, 0, 1, 1, 1, 1, 1, 0, 0, 0, 0, ],[1, 1, 1, 1, 1, 1, 0, 1, 1, 1, 1, 1, 1, 1, 1, 1, 1, 1, 1, 1, 1, 0, 1, 1, 1, 1, 1, 1, 0, 0, 0, 0, ],]
k_protocol =  [[0, 1, 1, 1, 1, 1, 1, 1, 1, 1, 1, 1, 1, 1, 1, 1, 1, 1, 1, 1, 1, 1, 1, 1, 1, 1, 1, 1, 1, 1, 1, 1, ],[0, 1, 1, 1, 1, 1, 1, 1, 1, 1, 1, 1, 1, 1, 1, 1, 1, 1, 1, 1, 1, 1, 1, 1, 1, 1, 1, 1, 1, 1, 1, 1, ],]
j_protocol_secondary =  [0, 0.0661464, 0.0661464, 0.207216, 0.231951, 0.402891, 0.402891, 0.535678, 0.535678, 0.660562, 0.690846, 0.693011, 0.693011, 0.885111, ]
k_protocol_secondary =  [0.0189324, 0.174696, 0.174696, 0.61244, 0.61244, 0.625645, 0.625645, 0.669384, 0.669384, 0.730881, 0.730881, 0.830857, 0.830857, 1.0091, ]
best_evolved_state = [-0.0129968, -0.0311138, -0.014731, -0.0436781, -0.00968912, -0.00542258, -0.0103251, -0.045278, -0.014731, -0.0436781, -0.0129968, -0.0311138, -0.0337718, -0.0645438, -0.0285959, -0.0805642, 0.00930406, -0.1024, -0.0129968, -0.0311138, -0.0285959, -0.0805642, -0.0438275, -0.0871398, -0.0408826, -0.018373, 0.00930406, -0.1024, -0.0408826, -0.018373, 0.00930406, -0.1024, -0.0408826, -0.018373, -0.0438275, -0.0871398, -0.0285959, -0.0805642, -0.0606679, -0.109511, -0.0461137, -0.0722444, -0.0129968, -0.0311138, 0.00930406, -0.1024, -0.0285959, -0.0805642, -0.0337718, -0.0645438, -0.0596946, -0.0952388, -0.0606679, -0.109511, -0.0408826, -0.018373, -0.014731, -0.0436781, -0.0285959, -0.0805642, -0.0208561, -0.0723138, -0.00433257, -0.022761, -0.0255601, -0.0947683, -0.101938, -0.130677, -0.0438275, -0.0871398, -0.00968912, -0.00542258, -0.0285959, -0.0805642, -0.0606679, -0.109511, -0.101938, -0.130677, -0.0208561, -0.0723138, -0.101938, -0.130677, -0.239613, -0.00743607, -0.0461137, -0.0722444, -0.0438275, -0.0871398, -0.0408826, -0.018373, -0.0208561, -0.0723138, -0.101938, -0.130677, -0.0606679, -0.109511, -0.0285959, -0.0805642, -0.0438275, -0.0871398, -0.0461137, -0.0722444, -0.239613, -0.00743607, -0.101938, -0.130677, -0.0606679, -0.109511, -0.0461137, -0.0722444, -0.00433257, -0.022761, -0.0208561, -0.0723138, -0.0285959, -0.0805642, -0.014731, -0.0436781, -0.00968912, -0.00542258, -0.0438275, -0.0871398, -0.101938, -0.130677, -0.0255601, -0.0947683, -0.0596946, -0.0952388, -0.0606679, -0.109511, -0.0408826, -0.018373, -0.0108522, 0.0115985, -0.00433257, -0.022761, -0.0337718, -0.0645438, -0.0103251, -0.045278, -0.014731, -0.0436781, -0.0285959, -0.0805642, -0.0208561, -0.0723138, -0.00433257, -0.022761, -0.0337718, -0.0645438, -0.0285959, -0.0805642, 0.00930406, -0.1024, -0.0129968, -0.0311138, -0.00433257, -0.022761, -0.0255601, -0.0947683, -0.0596946, -0.0952388, -0.0337718, -0.0645438, -0.0285959, -0.0805642, -0.0606679, -0.109511, -0.101938, -0.130677, -0.0208561, -0.0723138, -0.0285959, -0.0805642, -0.0438275, -0.0871398, -0.0408826, -0.018373, 0.00930406, -0.1024, -0.0129968, -0.0311138, -0.0337718, -0.0645438, -0.0596946, -0.0952388, -0.0255601, -0.0947683, -0.00433257, -0.022761, -0.0208561, -0.0723138, -0.101938, -0.130677, -0.0606679, -0.109511, -0.0285959, -0.0805642, 0.00930406, -0.1024, -0.0408826, -0.018373, -0.0438275, -0.0871398, -0.0285959, -0.0805642, -0.014731, -0.0436781, -0.00968912, -0.00542258, -0.0103251, -0.045278, -0.0337718, -0.0645438, -0.00433257, -0.022761, -0.0108522, 0.0115985, -0.00433257, -0.022761, -0.0208561, -0.0723138, -0.0285959, -0.0805642, -0.014731, -0.0436781, -0.0129968, -0.0311138, 0.00930406, -0.1024, -0.0285959, -0.0805642, -0.0337718, -0.0645438, -0.0103251, -0.045278, -0.014731, -0.0436781, -0.0129968, -0.0311138, ]
best_mc_result_fixed_tau =   [0.204601, 0.204354, ]
evolved_state_fixed_tau =   [[-0.0106544, -0.0309469, -0.0115109, -0.0444236, -0.00978609, -0.00424902, -0.00633747, -0.0451532, -0.0115109, -0.0444236, -0.0106544, -0.0309469, -0.028281, -0.0665626, -0.0227955, -0.081922, 0.0183833, -0.100064, -0.0106544, -0.0309469, -0.0227955, -0.081922, -0.0381913, -0.0910414, -0.0414218, -0.0203562, 0.0183833, -0.100064, -0.0414218, -0.0203562, 0.0183833, -0.100064, -0.0414218, -0.0203562, -0.0381913, -0.0910414, -0.0227955, -0.081922, -0.0545659, -0.114494, -0.0407522, -0.0677892, -0.0106544, -0.0309469, 0.0183833, -0.100064, -0.0227955, -0.081922, -0.028281, -0.0665626, -0.0524633, -0.0996994, -0.0545659, -0.114494, -0.0414218, -0.0203562, -0.0115109, -0.0444236, -0.0227955, -0.081922, -0.0170742, -0.0720128, -0.00414057, -0.0225256, -0.0194381, -0.0942788, -0.0922584, -0.136863, -0.0381913, -0.0910414, -0.00978609, -0.00424902, -0.0227955, -0.081922, -0.0545659, -0.114494, -0.0922584, -0.136863, -0.0170742, -0.0720128, -0.0922584, -0.136863, -0.245388, -0.0315502, -0.0407522, -0.0677892, -0.0381913, -0.0910414, -0.0414218, -0.0203562, -0.0170742, -0.0720128, -0.0922584, -0.136863, -0.0545659, -0.114494, -0.0227955, -0.081922, -0.0381913, -0.0910414, -0.0407522, -0.0677892, -0.245388, -0.0315502, -0.0922584, -0.136863, -0.0545659, -0.114494, -0.0407522, -0.0677892, -0.00414057, -0.0225256, -0.0170742, -0.0720128, -0.0227955, -0.081922, -0.0115109, -0.0444236, -0.00978609, -0.00424902, -0.0381913, -0.0910414, -0.0922584, -0.136863, -0.0194381, -0.0942788, -0.0524633, -0.0996994, -0.0545659, -0.114494, -0.0414218, -0.0203562, -0.0126457, 0.00999451, -0.00414057, -0.0225256, -0.028281, -0.0665626, -0.00633747, -0.0451532, -0.0115109, -0.0444236, -0.0227955, -0.081922, -0.0170742, -0.0720128, -0.00414057, -0.0225256, -0.028281, -0.0665626, -0.0227955, -0.081922, 0.0183833, -0.100064, -0.0106544, -0.0309469, -0.00414057, -0.0225256, -0.0194381, -0.0942788, -0.0524633, -0.0996994, -0.028281, -0.0665626, -0.0227955, -0.081922, -0.0545659, -0.114494, -0.0922584, -0.136863, -0.0170742, -0.0720128, -0.0227955, -0.081922, -0.0381913, -0.0910414, -0.0414218, -0.0203562, 0.0183833, -0.100064, -0.0106544, -0.0309469, -0.028281, -0.0665626, -0.0524633, -0.0996994, -0.0194381, -0.0942788, -0.00414057, -0.0225256, -0.0170742, -0.0720128, -0.0922584, -0.136863, -0.0545659, -0.114494, -0.0227955, -0.081922, 0.0183833, -0.100064, -0.0414218, -0.0203562, -0.0381913, -0.0910414, -0.0227955, -0.081922, -0.0115109, -0.0444236, -0.00978609, -0.00424902, -0.00633747, -0.0451532, -0.028281, -0.0665626, -0.00414057, -0.0225256, -0.0126457, 0.00999451, -0.00414057, -0.0225256, -0.0170742, -0.0720128, -0.0227955, -0.081922, -0.0115109, -0.0444236, -0.0106544, -0.0309469, 0.0183833, -0.100064, -0.0227955, -0.081922, -0.028281, -0.0665626, -0.00633747, -0.0451532, -0.0115109, -0.0444236, -0.0106544, -0.0309469, ],[-0.00997206, -0.0313876, -0.0110331, -0.0441838, -0.00983354, -0.00539763, -0.00586059, -0.0449359, -0.0110331, -0.0441838, -0.00997206, -0.0313876, -0.0276172, -0.0665104, -0.0225818, -0.0821365, 0.0182906, -0.0995084, -0.00997206, -0.0313876, -0.0225818, -0.0821365, -0.0383743, -0.0903369, -0.0407377, -0.0214903, 0.0182906, -0.0995084, -0.0407377, -0.0214903, 0.0182906, -0.0995084, -0.0407377, -0.0214903, -0.0383743, -0.0903369, -0.0225818, -0.0821365, -0.0543708, -0.114047, -0.040112, -0.0711337, -0.00997206, -0.0313876, 0.0182906, -0.0995084, -0.0225818, -0.0821365, -0.0276172, -0.0665104, -0.0521072, -0.099746, -0.0543708, -0.114047, -0.0407377, -0.0214903, -0.0110331, -0.0441838, -0.0225818, -0.0821365, -0.0163497, -0.0720791, -0.00371015, -0.0223079, -0.0187301, -0.0943177, -0.0923626, -0.137546, -0.0383743, -0.0903369, -0.00983354, -0.00539763, -0.0225818, -0.0821365, -0.0543708, -0.114047, -0.0923626, -0.137546, -0.0163497, -0.0720791, -0.0923626, -0.137546, -0.245815, -0.0292986, -0.040112, -0.0711337, -0.0383743, -0.0903369, -0.0407377, -0.0214903, -0.0163497, -0.0720791, -0.0923626, -0.137546, -0.0543708, -0.114047, -0.0225818, -0.0821365, -0.0383743, -0.0903369, -0.040112, -0.0711337, -0.245815, -0.0292986, -0.0923626, -0.137546, -0.0543708, -0.114047, -0.040112, -0.0711337, -0.00371015, -0.0223079, -0.0163497, -0.0720791, -0.0225818, -0.0821365, -0.0110331, -0.0441838, -0.00983354, -0.00539763, -0.0383743, -0.0903369, -0.0923626, -0.137546, -0.0187301, -0.0943177, -0.0521072, -0.099746, -0.0543708, -0.114047, -0.0407377, -0.0214903, -0.0125005, 0.0099973, -0.00371015, -0.0223079, -0.0276172, -0.0665104, -0.00586059, -0.0449359, -0.0110331, -0.0441838, -0.0225818, -0.0821365, -0.0163497, -0.0720791, -0.00371015, -0.0223079, -0.0276172, -0.0665104, -0.0225818, -0.0821365, 0.0182906, -0.0995084, -0.00997206, -0.0313876, -0.00371015, -0.0223079, -0.0187301, -0.0943177, -0.0521072, -0.099746, -0.0276172, -0.0665104, -0.0225818, -0.0821365, -0.0543708, -0.114047, -0.0923626, -0.137546, -0.0163497, -0.0720791, -0.0225818, -0.0821365, -0.0383743, -0.0903369, -0.0407377, -0.0214903, 0.0182906, -0.0995084, -0.00997206, -0.0313876, -0.0276172, -0.0665104, -0.0521072, -0.099746, -0.0187301, -0.0943177, -0.00371015, -0.0223079, -0.0163497, -0.0720791, -0.0923626, -0.137546, -0.0543708, -0.114047, -0.0225818, -0.0821365, 0.0182906, -0.0995084, -0.0407377, -0.0214903, -0.0383743, -0.0903369, -0.0225818, -0.0821365, -0.0110331, -0.0441838, -0.00983354, -0.00539763, -0.00586059, -0.0449359, -0.0276172, -0.0665104, -0.00371015, -0.0223079, -0.0125005, 0.0099973, -0.00371015, -0.0223079, -0.0163497, -0.0720791, -0.0225818, -0.0821365, -0.0110331, -0.0441838, -0.00997206, -0.0313876, 0.0182906, -0.0995084, -0.0225818, -0.0821365, -0.0276172, -0.0665104, -0.00586059, -0.0449359, -0.0110331, -0.0441838, -0.00997206, -0.0313876, ],]
##############################################################################
clock_duration  =         3142.79
tau =                     1.21092
total_steps =             32
time_step =               0.0378413
best_mc_result =          0.103352
best_mc_result_non_secondary =          0.109283
evolved_target_dot_squared =  0.896648
distance =          0.131551
j_protocol =  [[1, 1, 1, 1, 0, 0, 1, 1, 1, 1, 1, 1, 1, 1, 1, 1, 1, 1, 0, 0, 1, 1, 1, 1, 1, 1, 1, 1, 0, 0, 0, 0, ],[1, 1, 1, 1, 1, 1, 0, 0, 0, 1, 1, 1, 1, 1, 1, 1, 1, 1, 1, 0, 0, 1, 1, 1, 1, 1, 0, 1, 1, 0, 1, 0, ],]
k_protocol =  [[1, 1, 1, 1, 1, 1, 1, 1, 1, 1, 1, 1, 1, 1, 1, 1, 1, 1, 1, 1, 1, 1, 1, 1, 1, 1, 1, 1, 1, 1, 1, 1, ],[1, 1, 1, 1, 1, 1, 1, 1, 1, 1, 1, 1, 1, 1, 1, 1, 1, 1, 1, 1, 1, 1, 1, 1, 1, 1, 1, 1, 1, 1, 1, 1, ],]
j_protocol_secondary =  [0, 0.198545, 0.296832, 0.732994, 0.832304, 0.962052, 0.962052, 1.00557, 1.00557, 1.09458, 1.10898, 1.10898, 1.21092, 1.21092, ]
k_protocol_secondary =  [0.017229, 0.49783, 0.49783, 0.586107, 0.586107, 0.81915, 0.81915, 0.865946, 0.865946, 1.00576, 1.00576, 1.11393, 1.11393, 1.21092, ]
best_evolved_state = [-0.0156024, 0.0219427, -0.0258211, 0.0237001, -0.0278101, 0.0117719, -0.0193119, 0.0329127, -0.0258211, 0.0237001, -0.0156024, 0.0219427, -0.0338715, 0.0441394, -0.075548, 0.0414929, -0.0823659, 0.0378778, -0.0156024, 0.0219427, -0.075548, 0.0414929, -0.0852691, 0.0514908, -0.0330055, 0.0152224, -0.0823659, 0.0378778, -0.0330055, 0.0152224, -0.0823659, 0.0378778, -0.0330055, 0.0152224, -0.0852691, 0.0514908, -0.075548, 0.0414929, -0.121656, 0.0691005, -0.0908722, 0.0886425, -0.0156024, 0.0219427, -0.0823659, 0.0378778, -0.075548, 0.0414929, -0.0338715, 0.0441394, -0.0772213, 0.0678597, -0.121656, 0.0691005, -0.0330055, 0.0152224, -0.0258211, 0.0237001, -0.075548, 0.0414929, -0.0735996, 0.0407227, -0.0325696, 0.0104329, -0.0901094, 0.0560129, -0.121019, 0.117046, -0.0852691, 0.0514908, -0.0278101, 0.0117719, -0.075548, 0.0414929, -0.121656, 0.0691005, -0.121019, 0.117046, -0.0735996, 0.0407227, -0.121019, 0.117046, -0.0287407, 0.190631, -0.0908722, 0.0886425, -0.0852691, 0.0514908, -0.0330055, 0.0152224, -0.0735996, 0.0407227, -0.121019, 0.117046, -0.121656, 0.0691005, -0.075548, 0.0414929, -0.0852691, 0.0514908, -0.0908722, 0.0886425, -0.0287407, 0.190631, -0.121019, 0.117046, -0.121656, 0.0691005, -0.0908722, 0.0886425, -0.0325696, 0.0104329, -0.0735996, 0.0407227, -0.075548, 0.0414929, -0.0258211, 0.0237001, -0.0278101, 0.0117719, -0.0852691, 0.0514908, -0.121019, 0.117046, -0.0901094, 0.0560129, -0.0772213, 0.0678597, -0.121656, 0.0691005, -0.0330055, 0.0152224, -0.00131839, -0.00878266, -0.0325696, 0.0104329, -0.0338715, 0.0441394, -0.0193119, 0.0329127, -0.0258211, 0.0237001, -0.075548, 0.0414929, -0.0735996, 0.0407227, -0.0325696, 0.0104329, -0.0338715, 0.0441394, -0.075548, 0.0414929, -0.0823659, 0.0378778, -0.0156024, 0.0219427, -0.0325696, 0.0104329, -0.0901094, 0.0560129, -0.0772213, 0.0678597, -0.0338715, 0.0441394, -0.075548, 0.0414929, -0.121656, 0.0691005, -0.121019, 0.117046, -0.0735996, 0.0407227, -0.075548, 0.0414929, -0.0852691, 0.0514908, -0.0330055, 0.0152224, -0.0823659, 0.0378778, -0.0156024, 0.0219427, -0.0338715, 0.0441394, -0.0772213, 0.0678597, -0.0901094, 0.0560129, -0.0325696, 0.0104329, -0.0735996, 0.0407227, -0.121019, 0.117046, -0.121656, 0.0691005, -0.075548, 0.0414929, -0.0823659, 0.0378778, -0.0330055, 0.0152224, -0.0852691, 0.0514908, -0.075548, 0.0414929, -0.0258211, 0.0237001, -0.0278101, 0.0117719, -0.0193119, 0.0329127, -0.0338715, 0.0441394, -0.0325696, 0.0104329, -0.00131839, -0.00878266, -0.0325696, 0.0104329, -0.0735996, 0.0407227, -0.075548, 0.0414929, -0.0258211, 0.0237001, -0.0156024, 0.0219427, -0.0823659, 0.0378778, -0.075548, 0.0414929, -0.0338715, 0.0441394, -0.0193119, 0.0329127, -0.0258211, 0.0237001, -0.0156024, 0.0219427, ]
best_mc_result_fixed_tau =   [0.113267, 0.109283, ]
evolved_state_fixed_tau =   [[-0.00927168, 0.0293192, -0.0261743, 0.0296922, -0.0177575, 0.0212539, -0.0154288, 0.0380756, -0.0261743, 0.0296922, -0.00927168, 0.0293192, -0.0300906, 0.0548843, -0.0698331, 0.0546076, -0.0840052, 0.0465255, -0.00927168, 0.0293192, -0.0698331, 0.0546076, -0.0773168, 0.0555106, -0.0250578, 0.0297245, -0.0840052, 0.0465255, -0.0250578, 0.0297245, -0.0840052, 0.0465255, -0.0250578, 0.0297245, -0.0773168, 0.0555106, -0.0698331, 0.0546076, -0.108544, 0.075039, -0.0805341, 0.100628, -0.00927168, 0.0293192, -0.0840052, 0.0465255, -0.0698331, 0.0546076, -0.0300906, 0.0548843, -0.0672772, 0.0825021, -0.108544, 0.075039, -0.0250578, 0.0297245, -0.0261743, 0.0296922, -0.0698331, 0.0546076, -0.0703136, 0.0485103, -0.0292973, 0.0154955, -0.0859496, 0.0669341, -0.10839, 0.128129, -0.0773168, 0.0555106, -0.0177575, 0.0212539, -0.0698331, 0.0546076, -0.108544, 0.075039, -0.10839, 0.128129, -0.0703136, 0.0485103, -0.10839, 0.128129, 0.00211795, 0.17821, -0.0805341, 0.100628, -0.0773168, 0.0555106, -0.0250578, 0.0297245, -0.0703136, 0.0485103, -0.10839, 0.128129, -0.108544, 0.075039, -0.0698331, 0.0546076, -0.0773168, 0.0555106, -0.0805341, 0.100628, 0.00211795, 0.17821, -0.10839, 0.128129, -0.108544, 0.075039, -0.0805341, 0.100628, -0.0292973, 0.0154955, -0.0703136, 0.0485103, -0.0698331, 0.0546076, -0.0261743, 0.0296922, -0.0177575, 0.0212539, -0.0773168, 0.0555106, -0.10839, 0.128129, -0.0859496, 0.0669341, -0.0672772, 0.0825021, -0.108544, 0.075039, -0.0250578, 0.0297245, 0.00101675, -0.00690335, -0.0292973, 0.0154955, -0.0300906, 0.0548843, -0.0154288, 0.0380756, -0.0261743, 0.0296922, -0.0698331, 0.0546076, -0.0703136, 0.0485103, -0.0292973, 0.0154955, -0.0300906, 0.0548843, -0.0698331, 0.0546076, -0.0840052, 0.0465255, -0.00927168, 0.0293192, -0.0292973, 0.0154955, -0.0859496, 0.0669341, -0.0672772, 0.0825021, -0.0300906, 0.0548843, -0.0698331, 0.0546076, -0.108544, 0.075039, -0.10839, 0.128129, -0.0703136, 0.0485103, -0.0698331, 0.0546076, -0.0773168, 0.0555106, -0.0250578, 0.0297245, -0.0840052, 0.0465255, -0.00927168, 0.0293192, -0.0300906, 0.0548843, -0.0672772, 0.0825021, -0.0859496, 0.0669341, -0.0292973, 0.0154955, -0.0703136, 0.0485103, -0.10839, 0.128129, -0.108544, 0.075039, -0.0698331, 0.0546076, -0.0840052, 0.0465255, -0.0250578, 0.0297245, -0.0773168, 0.0555106, -0.0698331, 0.0546076, -0.0261743, 0.0296922, -0.0177575, 0.0212539, -0.0154288, 0.0380756, -0.0300906, 0.0548843, -0.0292973, 0.0154955, 0.00101675, -0.00690335, -0.0292973, 0.0154955, -0.0703136, 0.0485103, -0.0698331, 0.0546076, -0.0261743, 0.0296922, -0.00927168, 0.0293192, -0.0840052, 0.0465255, -0.0698331, 0.0546076, -0.0300906, 0.0548843, -0.0154288, 0.0380756, -0.0261743, 0.0296922, -0.00927168, 0.0293192, ],[-0.0137777, 0.0194471, -0.0248908, 0.0236781, -0.0259417, 0.00808049, -0.0184327, 0.0317313, -0.0248908, 0.0236781, -0.0137777, 0.0194471, -0.0304134, 0.0419249, -0.0718419, 0.0422273, -0.078136, 0.0434668, -0.0137777, 0.0194471, -0.0718419, 0.0422273, -0.0873797, 0.0573861, -0.0323324, 0.0107716, -0.078136, 0.0434668, -0.0323324, 0.0107716, -0.078136, 0.0434668, -0.0323324, 0.0107716, -0.0873797, 0.0573861, -0.0718419, 0.0422273, -0.123178, 0.080268, -0.0756709, 0.103964, -0.0137777, 0.0194471, -0.078136, 0.0434668, -0.0718419, 0.0422273, -0.0304134, 0.0419249, -0.0727025, 0.0667414, -0.123178, 0.080268, -0.0323324, 0.0107716, -0.0248908, 0.0236781, -0.0718419, 0.0422273, -0.0726553, 0.0468232, -0.0359123, 0.0100334, -0.0869111, 0.0630602, -0.105627, 0.127435, -0.0873797, 0.0573861, -0.0259417, 0.00808049, -0.0718419, 0.0422273, -0.123178, 0.080268, -0.105627, 0.127435, -0.0726553, 0.0468232, -0.105627, 0.127435, -0.0177785, 0.186116, -0.0756709, 0.103964, -0.0873797, 0.0573861, -0.0323324, 0.0107716, -0.0726553, 0.0468232, -0.105627, 0.127435, -0.123178, 0.080268, -0.0718419, 0.0422273, -0.0873797, 0.0573861, -0.0756709, 0.103964, -0.0177785, 0.186116, -0.105627, 0.127435, -0.123178, 0.080268, -0.0756709, 0.103964, -0.0359123, 0.0100334, -0.0726553, 0.0468232, -0.0718419, 0.0422273, -0.0248908, 0.0236781, -0.0259417, 0.00808049, -0.0873797, 0.0573861, -0.105627, 0.127435, -0.0869111, 0.0630602, -0.0727025, 0.0667414, -0.123178, 0.080268, -0.0323324, 0.0107716, -0.00443296, -0.0115605, -0.0359123, 0.0100334, -0.0304134, 0.0419249, -0.0184327, 0.0317313, -0.0248908, 0.0236781, -0.0718419, 0.0422273, -0.0726553, 0.0468232, -0.0359123, 0.0100334, -0.0304134, 0.0419249, -0.0718419, 0.0422273, -0.078136, 0.0434668, -0.0137777, 0.0194471, -0.0359123, 0.0100334, -0.0869111, 0.0630602, -0.0727025, 0.0667414, -0.0304134, 0.0419249, -0.0718419, 0.0422273, -0.123178, 0.080268, -0.105627, 0.127435, -0.0726553, 0.0468232, -0.0718419, 0.0422273, -0.0873797, 0.0573861, -0.0323324, 0.0107716, -0.078136, 0.0434668, -0.0137777, 0.0194471, -0.0304134, 0.0419249, -0.0727025, 0.0667414, -0.0869111, 0.0630602, -0.0359123, 0.0100334, -0.0726553, 0.0468232, -0.105627, 0.127435, -0.123178, 0.080268, -0.0718419, 0.0422273, -0.078136, 0.0434668, -0.0323324, 0.0107716, -0.0873797, 0.0573861, -0.0718419, 0.0422273, -0.0248908, 0.0236781, -0.0259417, 0.00808049, -0.0184327, 0.0317313, -0.0304134, 0.0419249, -0.0359123, 0.0100334, -0.00443296, -0.0115605, -0.0359123, 0.0100334, -0.0726553, 0.0468232, -0.0718419, 0.0422273, -0.0248908, 0.0236781, -0.0137777, 0.0194471, -0.078136, 0.0434668, -0.0718419, 0.0422273, -0.0304134, 0.0419249, -0.0184327, 0.0317313, -0.0248908, 0.0236781, -0.0137777, 0.0194471, ],]
##############################################################################
clock_duration  =         4402.47
tau =                     1.33201
total_steps =             32
time_step =               0.0416255
best_mc_result =          0.067062
best_mc_result_non_secondary =          0.0720434
evolved_target_dot_squared =  0.932938
distance =          0.0853598
j_protocol =  [[1, 1, 1, 1, 0, 0, 1, 1, 0, 1, 1, 1, 1, 1, 1, 1, 0, 1, 1, 1, 0, 1, 0, 1, 1, 1, 0, 1, 1, 1, 0, 0, ],[1, 1, 1, 1, 1, 0, 0, 0, 1, 1, 1, 1, 0, 1, 1, 1, 1, 1, 1, 1, 0, 0, 1, 0, 1, 1, 1, 1, 1, 1, 0, 0, ],]
k_protocol =  [[1, 1, 1, 1, 1, 1, 1, 1, 1, 1, 1, 1, 1, 1, 1, 1, 1, 1, 1, 1, 1, 1, 1, 1, 1, 1, 1, 1, 1, 1, 1, 1, ],[1, 1, 1, 1, 1, 1, 1, 1, 1, 1, 1, 1, 1, 1, 1, 1, 1, 1, 1, 1, 1, 1, 1, 1, 1, 1, 1, 1, 1, 1, 1, 1, ],]
j_protocol_secondary =  [0, 0.183108, 0.301478, 0.332116, 0.359054, 0.690975, 0.711103, 0.816683, 0.899579, 0.916504, 0.95043, 1.09358, 1.09358, 1.22004, ]
k_protocol_secondary =  [0.0161611, 0.113989, 0.113989, 0.115228, 0.115228, 0.482086, 0.482086, 0.681732, 0.681732, 0.866901, 0.866901, 1.12679, 1.12679, 1.33201, ]
best_evolved_state = [0.0118526, 0.0185697, 0.00520787, 0.0277208, 0.00213647, 0.0408403, 0.0225846, 0.0185902, 0.00520787, 0.0277208, 0.0118526, 0.0185697, 0.0176867, 0.0413772, -0.00315706, 0.0877, 0.00270612, 0.0772218, 0.0118526, 0.0185697, -0.00315706, 0.0877, -0.00730149, 0.0987809, -0.0161161, 0.0523085, 0.00270612, 0.0772218, -0.0161161, 0.0523085, 0.00270612, 0.0772218, -0.0161161, 0.0523085, -0.00730149, 0.0987809, -0.00315706, 0.0877, -0.0113571, 0.147799, 0.0294038, 0.13018, 0.0118526, 0.0185697, 0.00270612, 0.0772218, -0.00315706, 0.0877, 0.0176867, 0.0413772, 0.014619, 0.0989409, -0.0113571, 0.147799, -0.0161161, 0.0523085, 0.00520787, 0.0277208, -0.00315706, 0.0877, -0.00161248, 0.084479, -0.00417166, 0.0380451, 0.00674868, 0.104084, 0.0260976, 0.165218, -0.00730149, 0.0987809, 0.00213647, 0.0408403, -0.00315706, 0.0877, -0.0113571, 0.147799, 0.0260976, 0.165218, -0.00161248, 0.084479, 0.0260976, 0.165218, 0.107299, 0.147202, 0.0294038, 0.13018, -0.00730149, 0.0987809, -0.0161161, 0.0523085, -0.00161248, 0.084479, 0.0260976, 0.165218, -0.0113571, 0.147799, -0.00315706, 0.0877, -0.00730149, 0.0987809, 0.0294038, 0.13018, 0.107299, 0.147202, 0.0260976, 0.165218, -0.0113571, 0.147799, 0.0294038, 0.13018, -0.00417166, 0.0380451, -0.00161248, 0.084479, -0.00315706, 0.0877, 0.00520787, 0.0277208, 0.00213647, 0.0408403, -0.00730149, 0.0987809, 0.0260976, 0.165218, 0.00674868, 0.104084, 0.014619, 0.0989409, -0.0113571, 0.147799, -0.0161161, 0.0523085, -0.0121112, 0.00793196, -0.00417166, 0.0380451, 0.0176867, 0.0413772, 0.0225846, 0.0185902, 0.00520787, 0.0277208, -0.00315706, 0.0877, -0.00161248, 0.084479, -0.00417166, 0.0380451, 0.0176867, 0.0413772, -0.00315706, 0.0877, 0.00270612, 0.0772218, 0.0118526, 0.0185697, -0.00417166, 0.0380451, 0.00674868, 0.104084, 0.014619, 0.0989409, 0.0176867, 0.0413772, -0.00315706, 0.0877, -0.0113571, 0.147799, 0.0260976, 0.165218, -0.00161248, 0.084479, -0.00315706, 0.0877, -0.00730149, 0.0987809, -0.0161161, 0.0523085, 0.00270612, 0.0772218, 0.0118526, 0.0185697, 0.0176867, 0.0413772, 0.014619, 0.0989409, 0.00674868, 0.104084, -0.00417166, 0.0380451, -0.00161248, 0.084479, 0.0260976, 0.165218, -0.0113571, 0.147799, -0.00315706, 0.0877, 0.00270612, 0.0772218, -0.0161161, 0.0523085, -0.00730149, 0.0987809, -0.00315706, 0.0877, 0.00520787, 0.0277208, 0.00213647, 0.0408403, 0.0225846, 0.0185902, 0.0176867, 0.0413772, -0.00417166, 0.0380451, -0.0121112, 0.00793196, -0.00417166, 0.0380451, -0.00161248, 0.084479, -0.00315706, 0.0877, 0.00520787, 0.0277208, 0.0118526, 0.0185697, 0.00270612, 0.0772218, -0.00315706, 0.0877, 0.0176867, 0.0413772, 0.0225846, 0.0185902, 0.00520787, 0.0277208, 0.0118526, 0.0185697, ]
best_mc_result_fixed_tau =   [0.0720434, 0.0732247, ]
evolved_state_fixed_tau =   [[0.0120289, 0.0154121, 0.0103729, 0.0292001, 0.00228865, 0.0347255, 0.025661, 0.0166281, 0.0103729, 0.0292001, 0.0120289, 0.0154121, 0.024482, 0.0381081, 0.00408097, 0.0862698, 0.0130382, 0.082876, 0.0120289, 0.0154121, 0.00408097, 0.0862698, -0.00471653, 0.102967, -0.015003, 0.0476124, 0.0130382, 0.082876, -0.015003, 0.0476124, 0.0130382, 0.082876, -0.015003, 0.0476124, -0.00471653, 0.102967, 0.00408097, 0.0862698, -0.00661355, 0.150572, 0.0400205, 0.127459, 0.0120289, 0.0154121, 0.0130382, 0.082876, 0.00408097, 0.0862698, 0.024482, 0.0381081, 0.023062, 0.0939222, -0.00661355, 0.150572, -0.015003, 0.0476124, 0.0103729, 0.0292001, 0.00408097, 0.0862698, 0.0022939, 0.08753, -0.00473516, 0.0388272, 0.0144231, 0.106562, 0.0353873, 0.161124, -0.00471653, 0.102967, 0.00228865, 0.0347255, 0.00408097, 0.0862698, -0.00661355, 0.150572, 0.0353873, 0.161124, 0.0022939, 0.08753, 0.0353873, 0.161124, 0.0953697, 0.135767, 0.0400205, 0.127459, -0.00471653, 0.102967, -0.015003, 0.0476124, 0.0022939, 0.08753, 0.0353873, 0.161124, -0.00661355, 0.150572, 0.00408097, 0.0862698, -0.00471653, 0.102967, 0.0400205, 0.127459, 0.0953697, 0.135767, 0.0353873, 0.161124, -0.00661355, 0.150572, 0.0400205, 0.127459, -0.00473516, 0.0388272, 0.0022939, 0.08753, 0.00408097, 0.0862698, 0.0103729, 0.0292001, 0.00228865, 0.0347255, -0.00471653, 0.102967, 0.0353873, 0.161124, 0.0144231, 0.106562, 0.023062, 0.0939222, -0.00661355, 0.150572, -0.015003, 0.0476124, -0.0149753, 0.00738342, -0.00473516, 0.0388272, 0.024482, 0.0381081, 0.025661, 0.0166281, 0.0103729, 0.0292001, 0.00408097, 0.0862698, 0.0022939, 0.08753, -0.00473516, 0.0388272, 0.024482, 0.0381081, 0.00408097, 0.0862698, 0.0130382, 0.082876, 0.0120289, 0.0154121, -0.00473516, 0.0388272, 0.0144231, 0.106562, 0.023062, 0.0939222, 0.024482, 0.0381081, 0.00408097, 0.0862698, -0.00661355, 0.150572, 0.0353873, 0.161124, 0.0022939, 0.08753, 0.00408097, 0.0862698, -0.00471653, 0.102967, -0.015003, 0.0476124, 0.0130382, 0.082876, 0.0120289, 0.0154121, 0.024482, 0.0381081, 0.023062, 0.0939222, 0.0144231, 0.106562, -0.00473516, 0.0388272, 0.0022939, 0.08753, 0.0353873, 0.161124, -0.00661355, 0.150572, 0.00408097, 0.0862698, 0.0130382, 0.082876, -0.015003, 0.0476124, -0.00471653, 0.102967, 0.00408097, 0.0862698, 0.0103729, 0.0292001, 0.00228865, 0.0347255, 0.025661, 0.0166281, 0.024482, 0.0381081, -0.00473516, 0.0388272, -0.0149753, 0.00738342, -0.00473516, 0.0388272, 0.0022939, 0.08753, 0.00408097, 0.0862698, 0.0103729, 0.0292001, 0.0120289, 0.0154121, 0.0130382, 0.082876, 0.00408097, 0.0862698, 0.024482, 0.0381081, 0.025661, 0.0166281, 0.0103729, 0.0292001, 0.0120289, 0.0154121, ],[0.010905, 0.0186981, 0.00779564, 0.0260919, -0.00420355, 0.0400826, 0.024226, 0.0180975, 0.00779564, 0.0260919, 0.010905, 0.0186981, 0.0184538, 0.0360113, -0.00267756, 0.0849753, 0.0122815, 0.0755394, 0.010905, 0.0186981, -0.00267756, 0.0849753, -0.00530363, 0.103948, -0.0234275, 0.0513785, 0.0122815, 0.0755394, -0.0234275, 0.0513785, 0.0122815, 0.0755394, -0.0234275, 0.0513785, -0.00530363, 0.103948, -0.00267756, 0.0849753, -0.006293, 0.155447, 0.0499035, 0.124745, 0.010905, 0.0186981, 0.0122815, 0.0755394, -0.00267756, 0.0849753, 0.0184538, 0.0360113, 0.013224, 0.0937901, -0.006293, 0.155447, -0.0234275, 0.0513785, 0.00779564, 0.0260919, -0.00267756, 0.0849753, 0.00294229, 0.088618, -0.00788942, 0.0434381, 0.0139582, 0.106147, 0.036059, 0.156902, -0.00530363, 0.103948, -0.00420355, 0.0400826, -0.00267756, 0.0849753, -0.006293, 0.155447, 0.036059, 0.156902, 0.00294229, 0.088618, 0.036059, 0.156902, 0.0959197, 0.140802, 0.0499035, 0.124745, -0.00530363, 0.103948, -0.0234275, 0.0513785, 0.00294229, 0.088618, 0.036059, 0.156902, -0.006293, 0.155447, -0.00267756, 0.0849753, -0.00530363, 0.103948, 0.0499035, 0.124745, 0.0959197, 0.140802, 0.036059, 0.156902, -0.006293, 0.155447, 0.0499035, 0.124745, -0.00788942, 0.0434381, 0.00294229, 0.088618, -0.00267756, 0.0849753, 0.00779564, 0.0260919, -0.00420355, 0.0400826, -0.00530363, 0.103948, 0.036059, 0.156902, 0.0139582, 0.106147, 0.013224, 0.0937901, -0.006293, 0.155447, -0.0234275, 0.0513785, -0.0190293, 0.0102294, -0.00788942, 0.0434381, 0.0184538, 0.0360113, 0.024226, 0.0180975, 0.00779564, 0.0260919, -0.00267756, 0.0849753, 0.00294229, 0.088618, -0.00788942, 0.0434381, 0.0184538, 0.0360113, -0.00267756, 0.0849753, 0.0122815, 0.0755394, 0.010905, 0.0186981, -0.00788942, 0.0434381, 0.0139582, 0.106147, 0.013224, 0.0937901, 0.0184538, 0.0360113, -0.00267756, 0.0849753, -0.006293, 0.155447, 0.036059, 0.156902, 0.00294229, 0.088618, -0.00267756, 0.0849753, -0.00530363, 0.103948, -0.0234275, 0.0513785, 0.0122815, 0.0755394, 0.010905, 0.0186981, 0.0184538, 0.0360113, 0.013224, 0.0937901, 0.0139582, 0.106147, -0.00788942, 0.0434381, 0.00294229, 0.088618, 0.036059, 0.156902, -0.006293, 0.155447, -0.00267756, 0.0849753, 0.0122815, 0.0755394, -0.0234275, 0.0513785, -0.00530363, 0.103948, -0.00267756, 0.0849753, 0.00779564, 0.0260919, -0.00420355, 0.0400826, 0.024226, 0.0180975, 0.0184538, 0.0360113, -0.00788942, 0.0434381, -0.0190293, 0.0102294, -0.00788942, 0.0434381, 0.00294229, 0.088618, -0.00267756, 0.0849753, 0.00779564, 0.0260919, 0.010905, 0.0186981, 0.0122815, 0.0755394, -0.00267756, 0.0849753, 0.0184538, 0.0360113, 0.024226, 0.0180975, 0.00779564, 0.0260919, 0.010905, 0.0186981, ],]
##############################################################################
clock_duration  =         5690.15
tau =                     1.46522
total_steps =             32
time_step =               0.045788
best_mc_result =          0.0460549
best_mc_result_non_secondary =          0.0507128
evolved_target_dot_squared =  0.953945
distance =          0.0586209
j_protocol =  [[1, 1, 0, 1, 1, 0, 0, 0, 1, 1, 0, 1, 1, 1, 1, 1, 1, 0, 1, 1, 0, 1, 1, 0, 1, 1, 1, 1, 1, 1, 0, 0, ],[1, 1, 1, 1, 0, 0, 0, 0, 1, 1, 1, 1, 1, 1, 1, 1, 1, 1, 0, 0, 0, 0, 1, 1, 1, 1, 1, 1, 0, 0, 1, 1, ],]
k_protocol =  [[1, 1, 1, 1, 1, 1, 1, 1, 1, 1, 1, 1, 1, 1, 1, 1, 1, 1, 1, 1, 1, 1, 1, 1, 1, 1, 1, 1, 1, 1, 1, 1, ],[1, 1, 1, 1, 1, 1, 1, 1, 1, 1, 1, 1, 1, 1, 1, 1, 1, 1, 1, 1, 1, 1, 1, 1, 1, 1, 1, 1, 1, 1, 1, 1, ],]
j_protocol_secondary =  [0, 0.120046, 0.145004, 0.207878, 0.374501, 0.486775, 0.495308, 0.754848, 0.831152, 0.933689, 0.964712, 1.0593, 1.13851, 1.40485, ]
k_protocol_secondary =  [0.0141957, 0.376774, 0.376774, 0.53534, 0.53534, 0.953785, 0.953785, 0.985664, 0.985664, 1.04736, 1.04736, 1.35276, 1.35276, 1.46522, ]
best_evolved_state = [0.0137552, 0.00342157, 0.0209152, 0.017286, 0.0352259, 0.01577, 0.0106968, -0.00761512, 0.0209152, 0.017286, 0.0137552, 0.00342157, 0.0325642, 0.0154152, 0.0680241, 0.0541289, 0.0515149, 0.0314206, 0.0137552, 0.00342157, 0.0680241, 0.0541289, 0.0692462, 0.0787799, 0.0458865, 0.0599194, 0.0515149, 0.0314206, 0.0458865, 0.0599194, 0.0515149, 0.0314206, 0.0458865, 0.0599194, 0.0692462, 0.0787799, 0.0680241, 0.0541289, 0.116234, 0.107877, 0.116411, 0.062938, 0.0137552, 0.00342157, 0.0515149, 0.0314206, 0.0680241, 0.0541289, 0.0325642, 0.0154152, 0.0815272, 0.0512048, 0.116234, 0.107877, 0.0458865, 0.0599194, 0.0209152, 0.017286, 0.0680241, 0.0541289, 0.0647062, 0.0563978, 0.0302716, 0.0265323, 0.0838172, 0.0546565, 0.137445, 0.0876138, 0.0692462, 0.0787799, 0.0352259, 0.01577, 0.0680241, 0.0541289, 0.116234, 0.107877, 0.137445, 0.0876138, 0.0647062, 0.0563978, 0.137445, 0.0876138, 0.16253, 0.0514386, 0.116411, 0.062938, 0.0692462, 0.0787799, 0.0458865, 0.0599194, 0.0647062, 0.0563978, 0.137445, 0.0876138, 0.116234, 0.107877, 0.0680241, 0.0541289, 0.0692462, 0.0787799, 0.116411, 0.062938, 0.16253, 0.0514386, 0.137445, 0.0876138, 0.116234, 0.107877, 0.116411, 0.062938, 0.0302716, 0.0265323, 0.0647062, 0.0563978, 0.0680241, 0.0541289, 0.0209152, 0.017286, 0.0352259, 0.01577, 0.0692462, 0.0787799, 0.137445, 0.0876138, 0.0838172, 0.0546565, 0.0815272, 0.0512048, 0.116234, 0.107877, 0.0458865, 0.0599194, 0.0101049, 0.0189837, 0.0302716, 0.0265323, 0.0325642, 0.0154152, 0.0106968, -0.00761512, 0.0209152, 0.017286, 0.0680241, 0.0541289, 0.0647062, 0.0563978, 0.0302716, 0.0265323, 0.0325642, 0.0154152, 0.0680241, 0.0541289, 0.0515149, 0.0314206, 0.0137552, 0.00342157, 0.0302716, 0.0265323, 0.0838172, 0.0546565, 0.0815272, 0.0512048, 0.0325642, 0.0154152, 0.0680241, 0.0541289, 0.116234, 0.107877, 0.137445, 0.0876138, 0.0647062, 0.0563978, 0.0680241, 0.0541289, 0.0692462, 0.0787799, 0.0458865, 0.0599194, 0.0515149, 0.0314206, 0.0137552, 0.00342157, 0.0325642, 0.0154152, 0.0815272, 0.0512048, 0.0838172, 0.0546565, 0.0302716, 0.0265323, 0.0647062, 0.0563978, 0.137445, 0.0876138, 0.116234, 0.107877, 0.0680241, 0.0541289, 0.0515149, 0.0314206, 0.0458865, 0.0599194, 0.0692462, 0.0787799, 0.0680241, 0.0541289, 0.0209152, 0.017286, 0.0352259, 0.01577, 0.0106968, -0.00761512, 0.0325642, 0.0154152, 0.0302716, 0.0265323, 0.0101049, 0.0189837, 0.0302716, 0.0265323, 0.0647062, 0.0563978, 0.0680241, 0.0541289, 0.0209152, 0.017286, 0.0137552, 0.00342157, 0.0515149, 0.0314206, 0.0680241, 0.0541289, 0.0325642, 0.0154152, 0.0106968, -0.00761512, 0.0209152, 0.017286, 0.0137552, 0.00342157, ]
best_mc_result_fixed_tau =   [0.0507128, 0.0529215, ]
evolved_state_fixed_tau =   [[0.0158071, -0.00185164, 0.0246036, 0.0153492, 0.0394514, 0.00942387, 0.0143884, -0.00827404, 0.0246036, 0.0153492, 0.0158071, -0.00185164, 0.0379823, 0.0130282, 0.0746959, 0.0484361, 0.05469, 0.0308784, 0.0158071, -0.00185164, 0.0746959, 0.0484361, 0.0802493, 0.0683251, 0.0556498, 0.046943, 0.05469, 0.0308784, 0.0556498, 0.046943, 0.05469, 0.0308784, 0.0556498, 0.046943, 0.0802493, 0.0683251, 0.0746959, 0.0484361, 0.12911, 0.0907851, 0.122799, 0.0246878, 0.0158071, -0.00185164, 0.05469, 0.0308784, 0.0746959, 0.0484361, 0.0379823, 0.0130282, 0.0910227, 0.0446648, 0.12911, 0.0907851, 0.0556498, 0.046943, 0.0246036, 0.0153492, 0.0746959, 0.0484361, 0.0745698, 0.0434979, 0.0384302, 0.0216983, 0.0927103, 0.0420128, 0.145279, 0.0641723, 0.0802493, 0.0683251, 0.0394514, 0.00942387, 0.0746959, 0.0484361, 0.12911, 0.0907851, 0.145279, 0.0641723, 0.0745698, 0.0434979, 0.145279, 0.0641723, 0.169663, 0.0202126, 0.122799, 0.0246878, 0.0802493, 0.0683251, 0.0556498, 0.046943, 0.0745698, 0.0434979, 0.145279, 0.0641723, 0.12911, 0.0907851, 0.0746959, 0.0484361, 0.0802493, 0.0683251, 0.122799, 0.0246878, 0.169663, 0.0202126, 0.145279, 0.0641723, 0.12911, 0.0907851, 0.122799, 0.0246878, 0.0384302, 0.0216983, 0.0745698, 0.0434979, 0.0746959, 0.0484361, 0.0246036, 0.0153492, 0.0394514, 0.00942387, 0.0802493, 0.0683251, 0.145279, 0.0641723, 0.0927103, 0.0420128, 0.0910227, 0.0446648, 0.12911, 0.0907851, 0.0556498, 0.046943, 0.0144401, 0.017604, 0.0384302, 0.0216983, 0.0379823, 0.0130282, 0.0143884, -0.00827404, 0.0246036, 0.0153492, 0.0746959, 0.0484361, 0.0745698, 0.0434979, 0.0384302, 0.0216983, 0.0379823, 0.0130282, 0.0746959, 0.0484361, 0.05469, 0.0308784, 0.0158071, -0.00185164, 0.0384302, 0.0216983, 0.0927103, 0.0420128, 0.0910227, 0.0446648, 0.0379823, 0.0130282, 0.0746959, 0.0484361, 0.12911, 0.0907851, 0.145279, 0.0641723, 0.0745698, 0.0434979, 0.0746959, 0.0484361, 0.0802493, 0.0683251, 0.0556498, 0.046943, 0.05469, 0.0308784, 0.0158071, -0.00185164, 0.0379823, 0.0130282, 0.0910227, 0.0446648, 0.0927103, 0.0420128, 0.0384302, 0.0216983, 0.0745698, 0.0434979, 0.145279, 0.0641723, 0.12911, 0.0907851, 0.0746959, 0.0484361, 0.05469, 0.0308784, 0.0556498, 0.046943, 0.0802493, 0.0683251, 0.0746959, 0.0484361, 0.0246036, 0.0153492, 0.0394514, 0.00942387, 0.0143884, -0.00827404, 0.0379823, 0.0130282, 0.0384302, 0.0216983, 0.0144401, 0.017604, 0.0384302, 0.0216983, 0.0745698, 0.0434979, 0.0746959, 0.0484361, 0.0246036, 0.0153492, 0.0158071, -0.00185164, 0.05469, 0.0308784, 0.0746959, 0.0484361, 0.0379823, 0.0130282, 0.0143884, -0.00827404, 0.0246036, 0.0153492, 0.0158071, -0.00185164, ],[0.0158071, -0.00185164, 0.0246036, 0.0153492, 0.0394514, 0.00942387, 0.0143884, -0.00827404, 0.0246036, 0.0153492, 0.0158071, -0.00185164, 0.0379823, 0.0130282, 0.0746959, 0.0484361, 0.05469, 0.0308784, 0.0158071, -0.00185164, 0.0746959, 0.0484361, 0.0802493, 0.0683251, 0.0556498, 0.046943, 0.05469, 0.0308784, 0.0556498, 0.046943, 0.05469, 0.0308784, 0.0556498, 0.046943, 0.0802493, 0.0683251, 0.0746959, 0.0484361, 0.12911, 0.0907851, 0.122799, 0.0246878, 0.0158071, -0.00185164, 0.05469, 0.0308784, 0.0746959, 0.0484361, 0.0379823, 0.0130282, 0.0910227, 0.0446648, 0.12911, 0.0907851, 0.0556498, 0.046943, 0.0246036, 0.0153492, 0.0746959, 0.0484361, 0.0745698, 0.0434979, 0.0384302, 0.0216983, 0.0927103, 0.0420128, 0.145279, 0.0641723, 0.0802493, 0.0683251, 0.0394514, 0.00942387, 0.0746959, 0.0484361, 0.12911, 0.0907851, 0.145279, 0.0641723, 0.0745698, 0.0434979, 0.145279, 0.0641723, 0.169663, 0.0202126, 0.122799, 0.0246878, 0.0802493, 0.0683251, 0.0556498, 0.046943, 0.0745698, 0.0434979, 0.145279, 0.0641723, 0.12911, 0.0907851, 0.0746959, 0.0484361, 0.0802493, 0.0683251, 0.122799, 0.0246878, 0.169663, 0.0202126, 0.145279, 0.0641723, 0.12911, 0.0907851, 0.122799, 0.0246878, 0.0384302, 0.0216983, 0.0745698, 0.0434979, 0.0746959, 0.0484361, 0.0246036, 0.0153492, 0.0394514, 0.00942387, 0.0802493, 0.0683251, 0.145279, 0.0641723, 0.0927103, 0.0420128, 0.0910227, 0.0446648, 0.12911, 0.0907851, 0.0556498, 0.046943, 0.0144401, 0.017604, 0.0384302, 0.0216983, 0.0379823, 0.0130282, 0.0143884, -0.00827404, 0.0246036, 0.0153492, 0.0746959, 0.0484361, 0.0745698, 0.0434979, 0.0384302, 0.0216983, 0.0379823, 0.0130282, 0.0746959, 0.0484361, 0.05469, 0.0308784, 0.0158071, -0.00185164, 0.0384302, 0.0216983, 0.0927103, 0.0420128, 0.0910227, 0.0446648, 0.0379823, 0.0130282, 0.0746959, 0.0484361, 0.12911, 0.0907851, 0.145279, 0.0641723, 0.0745698, 0.0434979, 0.0746959, 0.0484361, 0.0802493, 0.0683251, 0.0556498, 0.046943, 0.05469, 0.0308784, 0.0158071, -0.00185164, 0.0379823, 0.0130282, 0.0910227, 0.0446648, 0.0927103, 0.0420128, 0.0384302, 0.0216983, 0.0745698, 0.0434979, 0.145279, 0.0641723, 0.12911, 0.0907851, 0.0746959, 0.0484361, 0.05469, 0.0308784, 0.0556498, 0.046943, 0.0802493, 0.0683251, 0.0746959, 0.0484361, 0.0246036, 0.0153492, 0.0394514, 0.00942387, 0.0143884, -0.00827404, 0.0379823, 0.0130282, 0.0384302, 0.0216983, 0.0144401, 0.017604, 0.0384302, 0.0216983, 0.0745698, 0.0434979, 0.0746959, 0.0484361, 0.0246036, 0.0153492, 0.0158071, -0.00185164, 0.05469, 0.0308784, 0.0746959, 0.0484361, 0.0379823, 0.0130282, 0.0143884, -0.00827404, 0.0246036, 0.0153492, 0.0158071, -0.00185164, ],]
##############################################################################
clock_duration  =         6941.16
tau =                     1.61174
total_steps =             32
time_step =               0.0503668
best_mc_result =          0.0338892
best_mc_result_non_secondary =          0.0396809
evolved_target_dot_squared =  0.966111
distance =          0.0431358
j_protocol =  [[1, 1, 0, 0, 0, 1, 1, 0, 0, 1, 1, 1, 1, 1, 0, 1, 1, 1, 0, 1, 1, 1, 0, 0, 1, 1, 1, 1, 1, 1, 1, 1, ],[1, 1, 1, 1, 0, 0, 0, 0, 1, 1, 1, 1, 1, 1, 1, 1, 0, 0, 1, 1, 0, 0, 1, 1, 0, 0, 1, 1, 1, 1, 1, 1, ],]
k_protocol =  [[0, 1, 1, 1, 1, 1, 1, 1, 1, 1, 1, 1, 1, 1, 1, 1, 1, 1, 1, 1, 1, 1, 1, 1, 1, 1, 1, 1, 1, 1, 1, 1, ],[1, 1, 1, 1, 1, 1, 1, 1, 1, 1, 1, 1, 1, 1, 1, 1, 1, 1, 1, 1, 1, 1, 0, 0, 1, 1, 1, 1, 1, 1, 1, 1, ],]
j_protocol_secondary =  [0, 0.125044, 0.271824, 0.348769, 0.452616, 0.697899, 0.760974, 0.824237, 0.837138, 0.910264, 0.952651, 1.1239, 1.23151, 1.59968, ]
k_protocol_secondary =  [0.0129062, 0.0503668, 0.0503668, 0.440912, 0.440912, 0.689249, 0.689249, 0.95902, 0.95902, 1.04993, 1.04993, 1.49373, 1.49373, 1.61174, ]
best_evolved_state = [0.0143006, -0.00368202, 0.0276942, -0.0029064, 0.0281565, -0.00522898, 0.00601109, 0.00120317, 0.0276942, -0.0029064, 0.0143006, -0.00368202, 0.0344659, -0.00588473, 0.080472, -0.0149158, 0.0491063, -0.00880724, 0.0143006, -0.00368202, 0.080472, -0.0149158, 0.117817, 0.00317657, 0.0791901, -0.00471908, 0.0491063, -0.00880724, 0.0791901, -0.00471908, 0.0491063, -0.00880724, 0.0791901, -0.00471908, 0.117817, 0.00317657, 0.080472, -0.0149158, 0.163299, -0.0235249, 0.122356, -0.0312029, 0.0143006, -0.00368202, 0.0491063, -0.00880724, 0.080472, -0.0149158, 0.0344659, -0.00588473, 0.0906089, -0.0217141, 0.163299, -0.0235249, 0.0791901, -0.00471908, 0.0276942, -0.0029064, 0.080472, -0.0149158, 0.0882805, -0.00897599, 0.04037, -0.00303704, 0.0915176, -0.0233207, 0.155979, -0.033991, 0.117817, 0.00317657, 0.0281565, -0.00522898, 0.080472, -0.0149158, 0.163299, -0.0235249, 0.155979, -0.033991, 0.0882805, -0.00897599, 0.155979, -0.033991, 0.161631, -0.0513298, 0.122356, -0.0312029, 0.117817, 0.00317657, 0.0791901, -0.00471908, 0.0882805, -0.00897599, 0.155979, -0.033991, 0.163299, -0.0235249, 0.080472, -0.0149158, 0.117817, 0.00317657, 0.122356, -0.0312029, 0.161631, -0.0513298, 0.155979, -0.033991, 0.163299, -0.0235249, 0.122356, -0.0312029, 0.04037, -0.00303704, 0.0882805, -0.00897599, 0.080472, -0.0149158, 0.0276942, -0.0029064, 0.0281565, -0.00522898, 0.117817, 0.00317657, 0.155979, -0.033991, 0.0915176, -0.0233207, 0.0906089, -0.0217141, 0.163299, -0.0235249, 0.0791901, -0.00471908, 0.0204897, -0.000717011, 0.04037, -0.00303704, 0.0344659, -0.00588473, 0.00601109, 0.00120317, 0.0276942, -0.0029064, 0.080472, -0.0149158, 0.0882805, -0.00897599, 0.04037, -0.00303704, 0.0344659, -0.00588473, 0.080472, -0.0149158, 0.0491063, -0.00880724, 0.0143006, -0.00368202, 0.04037, -0.00303704, 0.0915176, -0.0233207, 0.0906089, -0.0217141, 0.0344659, -0.00588473, 0.080472, -0.0149158, 0.163299, -0.0235249, 0.155979, -0.033991, 0.0882805, -0.00897599, 0.080472, -0.0149158, 0.117817, 0.00317657, 0.0791901, -0.00471908, 0.0491063, -0.00880724, 0.0143006, -0.00368202, 0.0344659, -0.00588473, 0.0906089, -0.0217141, 0.0915176, -0.0233207, 0.04037, -0.00303704, 0.0882805, -0.00897599, 0.155979, -0.033991, 0.163299, -0.0235249, 0.080472, -0.0149158, 0.0491063, -0.00880724, 0.0791901, -0.00471908, 0.117817, 0.00317657, 0.080472, -0.0149158, 0.0276942, -0.0029064, 0.0281565, -0.00522898, 0.00601109, 0.00120317, 0.0344659, -0.00588473, 0.04037, -0.00303704, 0.0204897, -0.000717011, 0.04037, -0.00303704, 0.0882805, -0.00897599, 0.080472, -0.0149158, 0.0276942, -0.0029064, 0.0143006, -0.00368202, 0.0491063, -0.00880724, 0.080472, -0.0149158, 0.0344659, -0.00588473, 0.00601109, 0.00120317, 0.0276942, -0.0029064, 0.0143006, -0.00368202, ]
best_mc_result_fixed_tau =   [0.0396809, 0.0451649, ]
evolved_state_fixed_tau =   [[0.0157922, 0.000654026, 0.0290293, 0.0099878, 0.0275681, 0.00690927, 0.00440441, 0.00295173, 0.0290293, 0.0099878, 0.0157922, 0.000654026, 0.0342123, 0.00902162, 0.0797724, 0.0214659, 0.051748, 0.0124794, 0.0157922, 0.000654026, 0.0797724, 0.0214659, 0.103111, 0.0630203, 0.0753348, 0.0326339, 0.051748, 0.0124794, 0.0753348, 0.0326339, 0.051748, 0.0124794, 0.0753348, 0.0326339, 0.103111, 0.0630203, 0.0797724, 0.0214659, 0.155798, 0.0585456, 0.119243, 0.029293, 0.0157922, 0.000654026, 0.051748, 0.0124794, 0.0797724, 0.0214659, 0.0342123, 0.00902162, 0.0895313, 0.0204534, 0.155798, 0.0585456, 0.0753348, 0.0326339, 0.0290293, 0.0099878, 0.0797724, 0.0214659, 0.087245, 0.0352707, 0.0393855, 0.0197433, 0.0956004, 0.0198657, 0.14714, 0.0427154, 0.103111, 0.0630203, 0.0275681, 0.00690927, 0.0797724, 0.0214659, 0.155798, 0.0585456, 0.14714, 0.0427154, 0.087245, 0.0352707, 0.14714, 0.0427154, 0.140101, 0.0559998, 0.119243, 0.029293, 0.103111, 0.0630203, 0.0753348, 0.0326339, 0.087245, 0.0352707, 0.14714, 0.0427154, 0.155798, 0.0585456, 0.0797724, 0.0214659, 0.103111, 0.0630203, 0.119243, 0.029293, 0.140101, 0.0559998, 0.14714, 0.0427154, 0.155798, 0.0585456, 0.119243, 0.029293, 0.0393855, 0.0197433, 0.087245, 0.0352707, 0.0797724, 0.0214659, 0.0290293, 0.0099878, 0.0275681, 0.00690927, 0.103111, 0.0630203, 0.14714, 0.0427154, 0.0956004, 0.0198657, 0.0895313, 0.0204534, 0.155798, 0.0585456, 0.0753348, 0.0326339, 0.0188342, 0.0122007, 0.0393855, 0.0197433, 0.0342123, 0.00902162, 0.00440441, 0.00295173, 0.0290293, 0.0099878, 0.0797724, 0.0214659, 0.087245, 0.0352707, 0.0393855, 0.0197433, 0.0342123, 0.00902162, 0.0797724, 0.0214659, 0.051748, 0.0124794, 0.0157922, 0.000654026, 0.0393855, 0.0197433, 0.0956004, 0.0198657, 0.0895313, 0.0204534, 0.0342123, 0.00902162, 0.0797724, 0.0214659, 0.155798, 0.0585456, 0.14714, 0.0427154, 0.087245, 0.0352707, 0.0797724, 0.0214659, 0.103111, 0.0630203, 0.0753348, 0.0326339, 0.051748, 0.0124794, 0.0157922, 0.000654026, 0.0342123, 0.00902162, 0.0895313, 0.0204534, 0.0956004, 0.0198657, 0.0393855, 0.0197433, 0.087245, 0.0352707, 0.14714, 0.0427154, 0.155798, 0.0585456, 0.0797724, 0.0214659, 0.051748, 0.0124794, 0.0753348, 0.0326339, 0.103111, 0.0630203, 0.0797724, 0.0214659, 0.0290293, 0.0099878, 0.0275681, 0.00690927, 0.00440441, 0.00295173, 0.0342123, 0.00902162, 0.0393855, 0.0197433, 0.0188342, 0.0122007, 0.0393855, 0.0197433, 0.087245, 0.0352707, 0.0797724, 0.0214659, 0.0290293, 0.0099878, 0.0157922, 0.000654026, 0.051748, 0.0124794, 0.0797724, 0.0214659, 0.0342123, 0.00902162, 0.00440441, 0.00295173, 0.0290293, 0.0099878, 0.0157922, 0.000654026, ],[0.0157922, 0.000654026, 0.0290293, 0.0099878, 0.0275681, 0.00690927, 0.00440441, 0.00295173, 0.0290293, 0.0099878, 0.0157922, 0.000654026, 0.0342123, 0.00902162, 0.0797724, 0.0214659, 0.051748, 0.0124794, 0.0157922, 0.000654026, 0.0797724, 0.0214659, 0.103111, 0.0630203, 0.0753348, 0.0326339, 0.051748, 0.0124794, 0.0753348, 0.0326339, 0.051748, 0.0124794, 0.0753348, 0.0326339, 0.103111, 0.0630203, 0.0797724, 0.0214659, 0.155798, 0.0585456, 0.119243, 0.029293, 0.0157922, 0.000654026, 0.051748, 0.0124794, 0.0797724, 0.0214659, 0.0342123, 0.00902162, 0.0895313, 0.0204534, 0.155798, 0.0585456, 0.0753348, 0.0326339, 0.0290293, 0.0099878, 0.0797724, 0.0214659, 0.087245, 0.0352707, 0.0393855, 0.0197433, 0.0956004, 0.0198657, 0.14714, 0.0427154, 0.103111, 0.0630203, 0.0275681, 0.00690927, 0.0797724, 0.0214659, 0.155798, 0.0585456, 0.14714, 0.0427154, 0.087245, 0.0352707, 0.14714, 0.0427154, 0.140101, 0.0559998, 0.119243, 0.029293, 0.103111, 0.0630203, 0.0753348, 0.0326339, 0.087245, 0.0352707, 0.14714, 0.0427154, 0.155798, 0.0585456, 0.0797724, 0.0214659, 0.103111, 0.0630203, 0.119243, 0.029293, 0.140101, 0.0559998, 0.14714, 0.0427154, 0.155798, 0.0585456, 0.119243, 0.029293, 0.0393855, 0.0197433, 0.087245, 0.0352707, 0.0797724, 0.0214659, 0.0290293, 0.0099878, 0.0275681, 0.00690927, 0.103111, 0.0630203, 0.14714, 0.0427154, 0.0956004, 0.0198657, 0.0895313, 0.0204534, 0.155798, 0.0585456, 0.0753348, 0.0326339, 0.0188342, 0.0122007, 0.0393855, 0.0197433, 0.0342123, 0.00902162, 0.00440441, 0.00295173, 0.0290293, 0.0099878, 0.0797724, 0.0214659, 0.087245, 0.0352707, 0.0393855, 0.0197433, 0.0342123, 0.00902162, 0.0797724, 0.0214659, 0.051748, 0.0124794, 0.0157922, 0.000654026, 0.0393855, 0.0197433, 0.0956004, 0.0198657, 0.0895313, 0.0204534, 0.0342123, 0.00902162, 0.0797724, 0.0214659, 0.155798, 0.0585456, 0.14714, 0.0427154, 0.087245, 0.0352707, 0.0797724, 0.0214659, 0.103111, 0.0630203, 0.0753348, 0.0326339, 0.051748, 0.0124794, 0.0157922, 0.000654026, 0.0342123, 0.00902162, 0.0895313, 0.0204534, 0.0956004, 0.0198657, 0.0393855, 0.0197433, 0.087245, 0.0352707, 0.14714, 0.0427154, 0.155798, 0.0585456, 0.0797724, 0.0214659, 0.051748, 0.0124794, 0.0753348, 0.0326339, 0.103111, 0.0630203, 0.0797724, 0.0214659, 0.0290293, 0.0099878, 0.0275681, 0.00690927, 0.00440441, 0.00295173, 0.0342123, 0.00902162, 0.0393855, 0.0197433, 0.0188342, 0.0122007, 0.0393855, 0.0197433, 0.087245, 0.0352707, 0.0797724, 0.0214659, 0.0290293, 0.0099878, 0.0157922, 0.000654026, 0.051748, 0.0124794, 0.0797724, 0.0214659, 0.0342123, 0.00902162, 0.00440441, 0.00295173, 0.0290293, 0.0099878, 0.0157922, 0.000654026, ],]
##############################################################################
clock_duration  =         8215.78
tau =                     1.77291
total_steps =             32
time_step =               0.0554035
best_mc_result =          0.0253484
best_mc_result_non_secondary =          0.0392735
evolved_target_dot_squared =  0.974652
distance =          0.0322647
j_protocol =  [[1, 1, 1, 0, 0, 1, 0, 0, 1, 1, 1, 1, 1, 0, 0, 1, 1, 1, 0, 1, 1, 0, 1, 1, 1, 1, 1, 1, 0, 1, 1, 1, ],[1, 0, 0, 0, 1, 1, 0, 0, 0, 1, 1, 1, 1, 1, 0, 0, 1, 1, 1, 1, 1, 0, 0, 0, 1, 1, 1, 1, 0, 1, 1, 1, ],]
k_protocol =  [[1, 1, 1, 1, 1, 1, 1, 1, 1, 1, 1, 1, 1, 1, 1, 1, 1, 1, 1, 1, 1, 1, 1, 1, 1, 1, 0, 0, 1, 1, 0, 1, ],[0, 1, 1, 1, 1, 1, 1, 1, 1, 1, 1, 1, 1, 1, 1, 1, 1, 1, 1, 1, 1, 1, 1, 1, 1, 0, 1, 1, 1, 1, 1, 1, ],]
j_protocol_secondary =  [0, 0.146879, 0.303913, 0.318363, 0.428282, 0.716258, 0.846074, 1.00786, 1.04181, 1.1884, 1.28238, 1.6067, 1.6067, 1.76349, ]
k_protocol_secondary =  [0.012233, 0.113053, 0.113053, 1.14618, 1.14618, 1.31011, 1.31011, 1.34214, 1.34214, 1.5344, 1.5344, 1.617, 1.67273, 1.77291, ]
best_evolved_state = [0.0123583, -0.00978005, 0.0250399, -0.0104079, 0.0361839, -0.0111811, 0.0170804, -0.0025598, 0.0250399, -0.0104079, 0.0123583, -0.00978005, 0.0371842, -0.0155086, 0.0674334, -0.0410174, 0.0476204, -0.0184975, 0.0123583, -0.00978005, 0.0674334, -0.0410174, 0.11475, -0.0520205, 0.0660569, -0.0430632, 0.0476204, -0.0184975, 0.0660569, -0.0430632, 0.0476204, -0.0184975, 0.0660569, -0.0430632, 0.11475, -0.0520205, 0.0674334, -0.0410174, 0.127646, -0.0942529, 0.10729, -0.0713681, 0.0123583, -0.00978005, 0.0476204, -0.0184975, 0.0674334, -0.0410174, 0.0371842, -0.0155086, 0.0774488, -0.0548932, 0.127646, -0.0942529, 0.0660569, -0.0430632, 0.0250399, -0.0104079, 0.0674334, -0.0410174, 0.0783528, -0.0443151, 0.0396066, -0.0193616, 0.0738719, -0.0514258, 0.132485, -0.0859219, 0.11475, -0.0520205, 0.0361839, -0.0111811, 0.0674334, -0.0410174, 0.127646, -0.0942529, 0.132485, -0.0859219, 0.0783528, -0.0443151, 0.132485, -0.0859219, 0.147516, -0.0851579, 0.10729, -0.0713681, 0.11475, -0.0520205, 0.0660569, -0.0430632, 0.0783528, -0.0443151, 0.132485, -0.0859219, 0.127646, -0.0942529, 0.0674334, -0.0410174, 0.11475, -0.0520205, 0.10729, -0.0713681, 0.147516, -0.0851579, 0.132485, -0.0859219, 0.127646, -0.0942529, 0.10729, -0.0713681, 0.0396066, -0.0193616, 0.0783528, -0.0443151, 0.0674334, -0.0410174, 0.0250399, -0.0104079, 0.0361839, -0.0111811, 0.11475, -0.0520205, 0.132485, -0.0859219, 0.0738719, -0.0514258, 0.0774488, -0.0548932, 0.127646, -0.0942529, 0.0660569, -0.0430632, 0.0177312, -0.00825437, 0.0396066, -0.0193616, 0.0371842, -0.0155086, 0.0170804, -0.0025598, 0.0250399, -0.0104079, 0.0674334, -0.0410174, 0.0783528, -0.0443151, 0.0396066, -0.0193616, 0.0371842, -0.0155086, 0.0674334, -0.0410174, 0.0476204, -0.0184975, 0.0123583, -0.00978005, 0.0396066, -0.0193616, 0.0738719, -0.0514258, 0.0774488, -0.0548932, 0.0371842, -0.0155086, 0.0674334, -0.0410174, 0.127646, -0.0942529, 0.132485, -0.0859219, 0.0783528, -0.0443151, 0.0674334, -0.0410174, 0.11475, -0.0520205, 0.0660569, -0.0430632, 0.0476204, -0.0184975, 0.0123583, -0.00978005, 0.0371842, -0.0155086, 0.0774488, -0.0548932, 0.0738719, -0.0514258, 0.0396066, -0.0193616, 0.0783528, -0.0443151, 0.132485, -0.0859219, 0.127646, -0.0942529, 0.0674334, -0.0410174, 0.0476204, -0.0184975, 0.0660569, -0.0430632, 0.11475, -0.0520205, 0.0674334, -0.0410174, 0.0250399, -0.0104079, 0.0361839, -0.0111811, 0.0170804, -0.0025598, 0.0371842, -0.0155086, 0.0396066, -0.0193616, 0.0177312, -0.00825437, 0.0396066, -0.0193616, 0.0783528, -0.0443151, 0.0674334, -0.0410174, 0.0250399, -0.0104079, 0.0123583, -0.00978005, 0.0476204, -0.0184975, 0.0674334, -0.0410174, 0.0371842, -0.0155086, 0.0170804, -0.0025598, 0.0250399, -0.0104079, 0.0123583, -0.00978005, ]
best_mc_result_fixed_tau =   [0.0392735, 0.0393238, ]
evolved_state_fixed_tau =   [[0.005985, 0.00637233, 0.0246146, 0.0188689, 0.022879, 0.0214049, -0.000804133, 0.0215774, 0.0246146, 0.0188689, 0.005985, 0.00637233, 0.0301607, 0.0352565, 0.0657779, 0.0434788, 0.033219, 0.0400019, 0.005985, 0.00637233, 0.0657779, 0.0434788, 0.100771, 0.0882209, 0.0798889, 0.0354772, 0.033219, 0.0400019, 0.0798889, 0.0354772, 0.033219, 0.0400019, 0.0798889, 0.0354772, 0.100771, 0.0882209, 0.0657779, 0.0434788, 0.141283, 0.0669988, 0.0929853, 0.0555512, 0.005985, 0.00637233, 0.033219, 0.0400019, 0.0657779, 0.0434788, 0.0301607, 0.0352565, 0.0860088, 0.0510719, 0.141283, 0.0669988, 0.0798889, 0.0354772, 0.0246146, 0.0188689, 0.0657779, 0.0434788, 0.0787246, 0.0493735, 0.0456895, 0.0303871, 0.076134, 0.042357, 0.121886, 0.0831952, 0.100771, 0.0882209, 0.022879, 0.0214049, 0.0657779, 0.0434788, 0.141283, 0.0669988, 0.121886, 0.0831952, 0.0787246, 0.0493735, 0.121886, 0.0831952, 0.135887, 0.106793, 0.0929853, 0.0555512, 0.100771, 0.0882209, 0.0798889, 0.0354772, 0.0787246, 0.0493735, 0.121886, 0.0831952, 0.141283, 0.0669988, 0.0657779, 0.0434788, 0.100771, 0.0882209, 0.0929853, 0.0555512, 0.135887, 0.106793, 0.121886, 0.0831952, 0.141283, 0.0669988, 0.0929853, 0.0555512, 0.0456895, 0.0303871, 0.0787246, 0.0493735, 0.0657779, 0.0434788, 0.0246146, 0.0188689, 0.022879, 0.0214049, 0.100771, 0.0882209, 0.121886, 0.0831952, 0.076134, 0.042357, 0.0860088, 0.0510719, 0.141283, 0.0669988, 0.0798889, 0.0354772, 0.0326107, 0.0197306, 0.0456895, 0.0303871, 0.0301607, 0.0352565, -0.000804133, 0.0215774, 0.0246146, 0.0188689, 0.0657779, 0.0434788, 0.0787246, 0.0493735, 0.0456895, 0.0303871, 0.0301607, 0.0352565, 0.0657779, 0.0434788, 0.033219, 0.0400019, 0.005985, 0.00637233, 0.0456895, 0.0303871, 0.076134, 0.042357, 0.0860088, 0.0510719, 0.0301607, 0.0352565, 0.0657779, 0.0434788, 0.141283, 0.0669988, 0.121886, 0.0831952, 0.0787246, 0.0493735, 0.0657779, 0.0434788, 0.100771, 0.0882209, 0.0798889, 0.0354772, 0.033219, 0.0400019, 0.005985, 0.00637233, 0.0301607, 0.0352565, 0.0860088, 0.0510719, 0.076134, 0.042357, 0.0456895, 0.0303871, 0.0787246, 0.0493735, 0.121886, 0.0831952, 0.141283, 0.0669988, 0.0657779, 0.0434788, 0.033219, 0.0400019, 0.0798889, 0.0354772, 0.100771, 0.0882209, 0.0657779, 0.0434788, 0.0246146, 0.0188689, 0.022879, 0.0214049, -0.000804133, 0.0215774, 0.0301607, 0.0352565, 0.0456895, 0.0303871, 0.0326107, 0.0197306, 0.0456895, 0.0303871, 0.0787246, 0.0493735, 0.0657779, 0.0434788, 0.0246146, 0.0188689, 0.005985, 0.00637233, 0.033219, 0.0400019, 0.0657779, 0.0434788, 0.0301607, 0.0352565, -0.000804133, 0.0215774, 0.0246146, 0.0188689, 0.005985, 0.00637233, ],[0.00811341, -0.0127361, 0.0194938, -0.0188085, 0.0199852, -0.0173889, 0.00467546, -0.0088645, 0.0194938, -0.0188085, 0.00811341, -0.0127361, 0.0203137, -0.0258521, 0.0551573, -0.0547226, 0.0367359, -0.0405578, 0.00811341, -0.0127361, 0.0551573, -0.0547226, 0.097655, -0.0650469, 0.0560913, -0.0376968, 0.0367359, -0.0405578, 0.0560913, -0.0376968, 0.0367359, -0.0405578, 0.0560913, -0.0376968, 0.097655, -0.0650469, 0.0551573, -0.0547226, 0.124898, -0.111854, 0.0770078, -0.10986, 0.00811341, -0.0127361, 0.0367359, -0.0405578, 0.0551573, -0.0547226, 0.0203137, -0.0258521, 0.0587668, -0.0659572, 0.124898, -0.111854, 0.0560913, -0.0376968, 0.0194938, -0.0188085, 0.0551573, -0.0547226, 0.0680146, -0.0585078, 0.0339929, -0.0205424, 0.0642901, -0.0732594, 0.103255, -0.123152, 0.097655, -0.0650469, 0.0199852, -0.0173889, 0.0551573, -0.0547226, 0.124898, -0.111854, 0.103255, -0.123152, 0.0680146, -0.0585078, 0.103255, -0.123152, 0.102988, -0.144473, 0.0770078, -0.10986, 0.097655, -0.0650469, 0.0560913, -0.0376968, 0.0680146, -0.0585078, 0.103255, -0.123152, 0.124898, -0.111854, 0.0551573, -0.0547226, 0.097655, -0.0650469, 0.0770078, -0.10986, 0.102988, -0.144473, 0.103255, -0.123152, 0.124898, -0.111854, 0.0770078, -0.10986, 0.0339929, -0.0205424, 0.0680146, -0.0585078, 0.0551573, -0.0547226, 0.0194938, -0.0188085, 0.0199852, -0.0173889, 0.097655, -0.0650469, 0.103255, -0.123152, 0.0642901, -0.0732594, 0.0587668, -0.0659572, 0.124898, -0.111854, 0.0560913, -0.0376968, 0.0159814, -0.00279905, 0.0339929, -0.0205424, 0.0203137, -0.0258521, 0.00467546, -0.0088645, 0.0194938, -0.0188085, 0.0551573, -0.0547226, 0.0680146, -0.0585078, 0.0339929, -0.0205424, 0.0203137, -0.0258521, 0.0551573, -0.0547226, 0.0367359, -0.0405578, 0.00811341, -0.0127361, 0.0339929, -0.0205424, 0.0642901, -0.0732594, 0.0587668, -0.0659572, 0.0203137, -0.0258521, 0.0551573, -0.0547226, 0.124898, -0.111854, 0.103255, -0.123152, 0.0680146, -0.0585078, 0.0551573, -0.0547226, 0.097655, -0.0650469, 0.0560913, -0.0376968, 0.0367359, -0.0405578, 0.00811341, -0.0127361, 0.0203137, -0.0258521, 0.0587668, -0.0659572, 0.0642901, -0.0732594, 0.0339929, -0.0205424, 0.0680146, -0.0585078, 0.103255, -0.123152, 0.124898, -0.111854, 0.0551573, -0.0547226, 0.0367359, -0.0405578, 0.0560913, -0.0376968, 0.097655, -0.0650469, 0.0551573, -0.0547226, 0.0194938, -0.0188085, 0.0199852, -0.0173889, 0.00467546, -0.0088645, 0.0203137, -0.0258521, 0.0339929, -0.0205424, 0.0159814, -0.00279905, 0.0339929, -0.0205424, 0.0680146, -0.0585078, 0.0551573, -0.0547226, 0.0194938, -0.0188085, 0.00811341, -0.0127361, 0.0367359, -0.0405578, 0.0551573, -0.0547226, 0.0203137, -0.0258521, 0.00467546, -0.0088645, 0.0194938, -0.0188085, 0.00811341, -0.0127361, ],]
##############################################################################
clock_duration  =         11182.5
tau =                     1.86156
total_steps =             32
time_step =               0.0609438
best_mc_result =          0.0211984
best_mc_result_non_secondary =          0
evolved_target_dot_squared =  0.978802
distance =          0.0269823
j_protocol =  [[0, 0, 0, 0, 0, 0, 0, 0, 0, 0, 0, 0, 0, 0, 0, 0, 0, 0, 0, 0, 0, 0, 0, 0, 0, 0, 0, 0, 0, 0, 0, 0, ],[0, 0, 0, 0, 0, 0, 0, 0, 0, 0, 0, 0, 0, 0, 0, 0, 0, 0, 0, 0, 0, 0, 0, 0, 0, 0, 0, 0, 0, 0, 0, 0, ],]
k_protocol =  [[0, 0, 0, 0, 0, 0, 0, 0, 0, 0, 0, 0, 0, 0, 0, 0, 0, 0, 0, 0, 0, 0, 0, 0, 0, 0, 0, 0, 0, 0, 0, 0, ],[0, 0, 0, 0, 0, 0, 0, 0, 0, 0, 0, 0, 0, 0, 0, 0, 0, 0, 0, 0, 0, 0, 0, 0, 0, 0, 0, 0, 0, 0, 0, 0, ],]
j_protocol_secondary =  [0, 0.141312, 0.378121, 0.472879, 0.536204, 0.754604, 0.865701, 0.947117, 0.99364, 1.17354, 1.21504, 1.25561, 1.31039, 1.85098, ]
k_protocol_secondary =  [0.0120557, 1.29198, 1.29198, 1.37935, 1.37935, 1.47849, 1.47849, 1.56697, 1.56697, 1.66509, 1.66509, 1.67764, 1.75904, 1.86156, ]
best_evolved_state = [0.0104478, -0.0112541, 0.0227638, -0.0151679, 0.036445, -0.0242736, 0.0178846, -0.0102674, 0.0227638, -0.0151679, 0.0104478, -0.0112541, 0.0351909, -0.0263193, 0.0556385, -0.0558369, 0.044285, -0.0315424, 0.0104478, -0.0112541, 0.0556385, -0.0558369, 0.0939528, -0.0858515, 0.0485272, -0.0581992, 0.044285, -0.0315424, 0.0485272, -0.0581992, 0.044285, -0.0315424, 0.0485272, -0.0581992, 0.0939528, -0.0858515, 0.0556385, -0.0558369, 0.0896901, -0.122112, 0.0887131, -0.0981754, 0.0104478, -0.0112541, 0.044285, -0.0315424, 0.0556385, -0.0558369, 0.0351909, -0.0263193, 0.0600926, -0.0738162, 0.0896901, -0.122112, 0.0485272, -0.0581992, 0.0227638, -0.0151679, 0.0556385, -0.0558369, 0.0633647, -0.0637367, 0.0339433, -0.0300085, 0.059992, -0.0667101, 0.106801, -0.118002, 0.0939528, -0.0858515, 0.036445, -0.0242736, 0.0556385, -0.0558369, 0.0896901, -0.122112, 0.106801, -0.118002, 0.0633647, -0.0637367, 0.106801, -0.118002, 0.132332, -0.116514, 0.0887131, -0.0981754, 0.0939528, -0.0858515, 0.0485272, -0.0581992, 0.0633647, -0.0637367, 0.106801, -0.118002, 0.0896901, -0.122112, 0.0556385, -0.0558369, 0.0939528, -0.0858515, 0.0887131, -0.0981754, 0.132332, -0.116514, 0.106801, -0.118002, 0.0896901, -0.122112, 0.0887131, -0.0981754, 0.0339433, -0.0300085, 0.0633647, -0.0637367, 0.0556385, -0.0558369, 0.0227638, -0.0151679, 0.036445, -0.0242736, 0.0939528, -0.0858515, 0.106801, -0.118002, 0.059992, -0.0667101, 0.0600926, -0.0738162, 0.0896901, -0.122112, 0.0485272, -0.0581992, 0.0151569, -0.0119957, 0.0339433, -0.0300085, 0.0351909, -0.0263193, 0.0178846, -0.0102674, 0.0227638, -0.0151679, 0.0556385, -0.0558369, 0.0633647, -0.0637367, 0.0339433, -0.0300085, 0.0351909, -0.0263193, 0.0556385, -0.0558369, 0.044285, -0.0315424, 0.0104478, -0.0112541, 0.0339433, -0.0300085, 0.059992, -0.0667101, 0.0600926, -0.0738162, 0.0351909, -0.0263193, 0.0556385, -0.0558369, 0.0896901, -0.122112, 0.106801, -0.118002, 0.0633647, -0.0637367, 0.0556385, -0.0558369, 0.0939528, -0.0858515, 0.0485272, -0.0581992, 0.044285, -0.0315424, 0.0104478, -0.0112541, 0.0351909, -0.0263193, 0.0600926, -0.0738162, 0.059992, -0.0667101, 0.0339433, -0.0300085, 0.0633647, -0.0637367, 0.106801, -0.118002, 0.0896901, -0.122112, 0.0556385, -0.0558369, 0.044285, -0.0315424, 0.0485272, -0.0581992, 0.0939528, -0.0858515, 0.0556385, -0.0558369, 0.0227638, -0.0151679, 0.036445, -0.0242736, 0.0178846, -0.0102674, 0.0351909, -0.0263193, 0.0339433, -0.0300085, 0.0151569, -0.0119957, 0.0339433, -0.0300085, 0.0633647, -0.0637367, 0.0556385, -0.0558369, 0.0227638, -0.0151679, 0.0104478, -0.0112541, 0.044285, -0.0315424, 0.0556385, -0.0558369, 0.0351909, -0.0263193, 0.0178846, -0.0102674, 0.0227638, -0.0151679, 0.0104478, -0.0112541, ]
best_mc_result_fixed_tau =   [0.0295176, 0.0263454, ]
evolved_state_fixed_tau =   [[0.0162286, -0.00556301, 0.0204042, -0.00472523, 0.0465454, -0.0125334, 0.024185, -0.00590728, 0.0204042, -0.00472523, 0.0162286, -0.00556301, 0.0441968, -0.0164332, 0.0653967, -0.0446765, 0.0472171, -0.0181432, 0.0162286, -0.00556301, 0.0653967, -0.0446765, 0.102706, -0.0763616, 0.052751, -0.0485035, 0.0472171, -0.0181432, 0.052751, -0.0485035, 0.0472171, -0.0181432, 0.052751, -0.0485035, 0.102706, -0.0763616, 0.0653967, -0.0446765, 0.0969141, -0.103249, 0.120036, -0.0616498, 0.0162286, -0.00556301, 0.0472171, -0.0181432, 0.0653967, -0.0446765, 0.0441968, -0.0164332, 0.072283, -0.0636024, 0.0969141, -0.103249, 0.052751, -0.0485035, 0.0204042, -0.00472523, 0.0653967, -0.0446765, 0.0695986, -0.046732, 0.032248, -0.0277232, 0.0706477, -0.0445894, 0.138596, -0.0974741, 0.102706, -0.0763616, 0.0465454, -0.0125334, 0.0653967, -0.0446765, 0.0969141, -0.103249, 0.138596, -0.0974741, 0.0695986, -0.046732, 0.138596, -0.0974741, 0.161404, -0.0996597, 0.120036, -0.0616498, 0.102706, -0.0763616, 0.052751, -0.0485035, 0.0695986, -0.046732, 0.138596, -0.0974741, 0.0969141, -0.103249, 0.0653967, -0.0446765, 0.102706, -0.0763616, 0.120036, -0.0616498, 0.161404, -0.0996597, 0.138596, -0.0974741, 0.0969141, -0.103249, 0.120036, -0.0616498, 0.032248, -0.0277232, 0.0695986, -0.046732, 0.0653967, -0.0446765, 0.0204042, -0.00472523, 0.0465454, -0.0125334, 0.102706, -0.0763616, 0.138596, -0.0974741, 0.0706477, -0.0445894, 0.072283, -0.0636024, 0.0969141, -0.103249, 0.052751, -0.0485035, 0.0134098, -0.018307, 0.032248, -0.0277232, 0.0441968, -0.0164332, 0.024185, -0.00590728, 0.0204042, -0.00472523, 0.0653967, -0.0446765, 0.0695986, -0.046732, 0.032248, -0.0277232, 0.0441968, -0.0164332, 0.0653967, -0.0446765, 0.0472171, -0.0181432, 0.0162286, -0.00556301, 0.032248, -0.0277232, 0.0706477, -0.0445894, 0.072283, -0.0636024, 0.0441968, -0.0164332, 0.0653967, -0.0446765, 0.0969141, -0.103249, 0.138596, -0.0974741, 0.0695986, -0.046732, 0.0653967, -0.0446765, 0.102706, -0.0763616, 0.052751, -0.0485035, 0.0472171, -0.0181432, 0.0162286, -0.00556301, 0.0441968, -0.0164332, 0.072283, -0.0636024, 0.0706477, -0.0445894, 0.032248, -0.0277232, 0.0695986, -0.046732, 0.138596, -0.0974741, 0.0969141, -0.103249, 0.0653967, -0.0446765, 0.0472171, -0.0181432, 0.052751, -0.0485035, 0.102706, -0.0763616, 0.0653967, -0.0446765, 0.0204042, -0.00472523, 0.0465454, -0.0125334, 0.024185, -0.00590728, 0.0441968, -0.0164332, 0.032248, -0.0277232, 0.0134098, -0.018307, 0.032248, -0.0277232, 0.0695986, -0.046732, 0.0653967, -0.0446765, 0.0204042, -0.00472523, 0.0162286, -0.00556301, 0.0472171, -0.0181432, 0.0653967, -0.0446765, 0.0441968, -0.0164332, 0.024185, -0.00590728, 0.0204042, -0.00472523, 0.0162286, -0.00556301, ],[0.017195, -0.0121318, 0.0260151, -0.0132782, 0.0377016, -0.027829, 0.0223148, -0.0225293, 0.0260151, -0.0132782, 0.017195, -0.0121318, 0.0370377, -0.0375103, 0.0569742, -0.0577156, 0.0506531, -0.0437768, 0.017195, -0.0121318, 0.0569742, -0.0577156, 0.0830104, -0.105, 0.0344084, -0.0461619, 0.0506531, -0.0437768, 0.0344084, -0.0461619, 0.0506531, -0.0437768, 0.0344084, -0.0461619, 0.0830104, -0.105, 0.0569742, -0.0577156, 0.0738905, -0.114705, 0.088761, -0.0896632, 0.017195, -0.0121318, 0.0506531, -0.0437768, 0.0569742, -0.0577156, 0.0370377, -0.0375103, 0.0511188, -0.0786175, 0.0738905, -0.114705, 0.0344084, -0.0461619, 0.0260151, -0.0132782, 0.0569742, -0.0577156, 0.0589994, -0.0638466, 0.0275921, -0.0314178, 0.0641438, -0.0692303, 0.106142, -0.123929, 0.0830104, -0.105, 0.0377016, -0.027829, 0.0569742, -0.0577156, 0.0738905, -0.114705, 0.106142, -0.123929, 0.0589994, -0.0638466, 0.106142, -0.123929, 0.147922, -0.119901, 0.088761, -0.0896632, 0.0830104, -0.105, 0.0344084, -0.0461619, 0.0589994, -0.0638466, 0.106142, -0.123929, 0.0738905, -0.114705, 0.0569742, -0.0577156, 0.0830104, -0.105, 0.088761, -0.0896632, 0.147922, -0.119901, 0.106142, -0.123929, 0.0738905, -0.114705, 0.088761, -0.0896632, 0.0275921, -0.0314178, 0.0589994, -0.0638466, 0.0569742, -0.0577156, 0.0260151, -0.0132782, 0.0377016, -0.027829, 0.0830104, -0.105, 0.106142, -0.123929, 0.0641438, -0.0692303, 0.0511188, -0.0786175, 0.0738905, -0.114705, 0.0344084, -0.0461619, 0.0035935, -0.0114702, 0.0275921, -0.0314178, 0.0370377, -0.0375103, 0.0223148, -0.0225293, 0.0260151, -0.0132782, 0.0569742, -0.0577156, 0.0589994, -0.0638466, 0.0275921, -0.0314178, 0.0370377, -0.0375103, 0.0569742, -0.0577156, 0.0506531, -0.0437768, 0.017195, -0.0121318, 0.0275921, -0.0314178, 0.0641438, -0.0692303, 0.0511188, -0.0786175, 0.0370377, -0.0375103, 0.0569742, -0.0577156, 0.0738905, -0.114705, 0.106142, -0.123929, 0.0589994, -0.0638466, 0.0569742, -0.0577156, 0.0830104, -0.105, 0.0344084, -0.0461619, 0.0506531, -0.0437768, 0.017195, -0.0121318, 0.0370377, -0.0375103, 0.0511188, -0.0786175, 0.0641438, -0.0692303, 0.0275921, -0.0314178, 0.0589994, -0.0638466, 0.106142, -0.123929, 0.0738905, -0.114705, 0.0569742, -0.0577156, 0.0506531, -0.0437768, 0.0344084, -0.0461619, 0.0830104, -0.105, 0.0569742, -0.0577156, 0.0260151, -0.0132782, 0.0377016, -0.027829, 0.0223148, -0.0225293, 0.0370377, -0.0375103, 0.0275921, -0.0314178, 0.0035935, -0.0114702, 0.0275921, -0.0314178, 0.0589994, -0.0638466, 0.0569742, -0.0577156, 0.0260151, -0.0132782, 0.017195, -0.0121318, 0.0506531, -0.0437768, 0.0569742, -0.0577156, 0.0370377, -0.0375103, 0.0223148, -0.0225293, 0.0260151, -0.0132782, 0.017195, -0.0121318, ],]
##############################################################################
clock_duration  =         14166
tau =                     1.88372
total_steps =             32
time_step =               0.0609438
best_mc_result =          0.0202038
best_mc_result_non_secondary =          0
evolved_target_dot_squared =  0.979796
distance =          0.0257164
j_protocol =  [[0, 0, 0, 0, 0, 0, 0, 0, 0, 0, 0, 0, 0, 0, 0, 0, 0, 0, 0, 0, 0, 0, 0, 0, 0, 0, 0, 0, 0, 0, 0, 0, ],[0, 0, 0, 0, 0, 0, 0, 0, 0, 0, 0, 0, 0, 0, 0, 0, 0, 0, 0, 0, 0, 0, 0, 0, 0, 0, 0, 0, 0, 0, 0, 0, ],]
k_protocol =  [[0, 0, 0, 0, 0, 0, 0, 0, 0, 0, 0, 0, 0, 0, 0, 0, 0, 0, 0, 0, 0, 0, 0, 0, 0, 0, 0, 0, 0, 0, 0, 0, ],[0, 0, 0, 0, 0, 0, 0, 0, 0, 0, 0, 0, 0, 0, 0, 0, 0, 0, 0, 0, 0, 0, 0, 0, 0, 0, 0, 0, 0, 0, 0, 0, ],]
j_protocol_secondary =  [0, 0.140781, 0.383226, 0.481617, 0.545969, 0.759713, 0.871988, 0.956068, 1.00646, 1.18271, 1.22834, 1.27522, 1.32417, 1.87339, ]
k_protocol_secondary =  [0.0127211, 1.30736, 1.30736, 1.39577, 1.39577, 1.49609, 1.49609, 1.58563, 1.58563, 1.6827, 1.6827, 1.69307, 1.77799, 1.88372, ]
best_evolved_state = [0.00936638, -0.0123378, 0.0216334, -0.016886, 0.0344228, -0.0296608, 0.0162093, -0.0130632, 0.0216334, -0.016886, 0.00936638, -0.0123378, 0.0326666, -0.0302258, 0.0500837, -0.061145, 0.0410881, -0.0364275, 0.00936638, -0.0123378, 0.0500837, -0.061145, 0.0835204, -0.0957367, 0.0419482, -0.0621512, 0.0410881, -0.0364275, 0.0419482, -0.0621512, 0.0410881, -0.0364275, 0.0419482, -0.0621512, 0.0835204, -0.0957367, 0.0500837, -0.061145, 0.0752692, -0.129373, 0.0787479, -0.10771, 0.00936638, -0.0123378, 0.0410881, -0.0364275, 0.0500837, -0.061145, 0.0326666, -0.0302258, 0.0518988, -0.0795683, 0.0752692, -0.129373, 0.0419482, -0.0621512, 0.0216334, -0.016886, 0.0500837, -0.061145, 0.0564037, -0.0695818, 0.0307, -0.0333056, 0.0534843, -0.0721688, 0.0945015, -0.128742, 0.0835204, -0.0957367, 0.0344228, -0.0296608, 0.0500837, -0.061145, 0.0752692, -0.129373, 0.0945015, -0.128742, 0.0564037, -0.0695818, 0.0945015, -0.128742, 0.12305, -0.129559, 0.0787479, -0.10771, 0.0835204, -0.0957367, 0.0419482, -0.0621512, 0.0564037, -0.0695818, 0.0945015, -0.128742, 0.0752692, -0.129373, 0.0500837, -0.061145, 0.0835204, -0.0957367, 0.0787479, -0.10771, 0.12305, -0.129559, 0.0945015, -0.128742, 0.0752692, -0.129373, 0.0787479, -0.10771, 0.0307, -0.0333056, 0.0564037, -0.0695818, 0.0500837, -0.061145, 0.0216334, -0.016886, 0.0344228, -0.0296608, 0.0835204, -0.0957367, 0.0945015, -0.128742, 0.0534843, -0.0721688, 0.0518988, -0.0795683, 0.0752692, -0.129373, 0.0419482, -0.0621512, 0.0141576, -0.0129074, 0.0307, -0.0333056, 0.0326666, -0.0302258, 0.0162093, -0.0130632, 0.0216334, -0.016886, 0.0500837, -0.061145, 0.0564037, -0.0695818, 0.0307, -0.0333056, 0.0326666, -0.0302258, 0.0500837, -0.061145, 0.0410881, -0.0364275, 0.00936638, -0.0123378, 0.0307, -0.0333056, 0.0534843, -0.0721688, 0.0518988, -0.0795683, 0.0326666, -0.0302258, 0.0500837, -0.061145, 0.0752692, -0.129373, 0.0945015, -0.128742, 0.0564037, -0.0695818, 0.0500837, -0.061145, 0.0835204, -0.0957367, 0.0419482, -0.0621512, 0.0410881, -0.0364275, 0.00936638, -0.0123378, 0.0326666, -0.0302258, 0.0518988, -0.0795683, 0.0534843, -0.0721688, 0.0307, -0.0333056, 0.0564037, -0.0695818, 0.0945015, -0.128742, 0.0752692, -0.129373, 0.0500837, -0.061145, 0.0410881, -0.0364275, 0.0419482, -0.0621512, 0.0835204, -0.0957367, 0.0500837, -0.061145, 0.0216334, -0.016886, 0.0344228, -0.0296608, 0.0162093, -0.0130632, 0.0326666, -0.0302258, 0.0307, -0.0333056, 0.0141576, -0.0129074, 0.0307, -0.0333056, 0.0564037, -0.0695818, 0.0500837, -0.061145, 0.0216334, -0.016886, 0.00936638, -0.0123378, 0.0410881, -0.0364275, 0.0500837, -0.061145, 0.0326666, -0.0302258, 0.0162093, -0.0130632, 0.0216334, -0.016886, 0.00936638, -0.0123378, ]
best_mc_result_fixed_tau =   [0.0295176, 0.0263454, ]
evolved_state_fixed_tau =   [[0.0162286, -0.00556301, 0.0204042, -0.00472523, 0.0465454, -0.0125334, 0.024185, -0.00590728, 0.0204042, -0.00472523, 0.0162286, -0.00556301, 0.0441968, -0.0164332, 0.0653967, -0.0446765, 0.0472171, -0.0181432, 0.0162286, -0.00556301, 0.0653967, -0.0446765, 0.102706, -0.0763616, 0.052751, -0.0485035, 0.0472171, -0.0181432, 0.052751, -0.0485035, 0.0472171, -0.0181432, 0.052751, -0.0485035, 0.102706, -0.0763616, 0.0653967, -0.0446765, 0.0969141, -0.103249, 0.120036, -0.0616498, 0.0162286, -0.00556301, 0.0472171, -0.0181432, 0.0653967, -0.0446765, 0.0441968, -0.0164332, 0.072283, -0.0636024, 0.0969141, -0.103249, 0.052751, -0.0485035, 0.0204042, -0.00472523, 0.0653967, -0.0446765, 0.0695986, -0.046732, 0.032248, -0.0277232, 0.0706477, -0.0445894, 0.138596, -0.0974741, 0.102706, -0.0763616, 0.0465454, -0.0125334, 0.0653967, -0.0446765, 0.0969141, -0.103249, 0.138596, -0.0974741, 0.0695986, -0.046732, 0.138596, -0.0974741, 0.161404, -0.0996597, 0.120036, -0.0616498, 0.102706, -0.0763616, 0.052751, -0.0485035, 0.0695986, -0.046732, 0.138596, -0.0974741, 0.0969141, -0.103249, 0.0653967, -0.0446765, 0.102706, -0.0763616, 0.120036, -0.0616498, 0.161404, -0.0996597, 0.138596, -0.0974741, 0.0969141, -0.103249, 0.120036, -0.0616498, 0.032248, -0.0277232, 0.0695986, -0.046732, 0.0653967, -0.0446765, 0.0204042, -0.00472523, 0.0465454, -0.0125334, 0.102706, -0.0763616, 0.138596, -0.0974741, 0.0706477, -0.0445894, 0.072283, -0.0636024, 0.0969141, -0.103249, 0.052751, -0.0485035, 0.0134098, -0.018307, 0.032248, -0.0277232, 0.0441968, -0.0164332, 0.024185, -0.00590728, 0.0204042, -0.00472523, 0.0653967, -0.0446765, 0.0695986, -0.046732, 0.032248, -0.0277232, 0.0441968, -0.0164332, 0.0653967, -0.0446765, 0.0472171, -0.0181432, 0.0162286, -0.00556301, 0.032248, -0.0277232, 0.0706477, -0.0445894, 0.072283, -0.0636024, 0.0441968, -0.0164332, 0.0653967, -0.0446765, 0.0969141, -0.103249, 0.138596, -0.0974741, 0.0695986, -0.046732, 0.0653967, -0.0446765, 0.102706, -0.0763616, 0.052751, -0.0485035, 0.0472171, -0.0181432, 0.0162286, -0.00556301, 0.0441968, -0.0164332, 0.072283, -0.0636024, 0.0706477, -0.0445894, 0.032248, -0.0277232, 0.0695986, -0.046732, 0.138596, -0.0974741, 0.0969141, -0.103249, 0.0653967, -0.0446765, 0.0472171, -0.0181432, 0.052751, -0.0485035, 0.102706, -0.0763616, 0.0653967, -0.0446765, 0.0204042, -0.00472523, 0.0465454, -0.0125334, 0.024185, -0.00590728, 0.0441968, -0.0164332, 0.032248, -0.0277232, 0.0134098, -0.018307, 0.032248, -0.0277232, 0.0695986, -0.046732, 0.0653967, -0.0446765, 0.0204042, -0.00472523, 0.0162286, -0.00556301, 0.0472171, -0.0181432, 0.0653967, -0.0446765, 0.0441968, -0.0164332, 0.024185, -0.00590728, 0.0204042, -0.00472523, 0.0162286, -0.00556301, ],[0.017195, -0.0121318, 0.0260151, -0.0132782, 0.0377016, -0.027829, 0.0223148, -0.0225293, 0.0260151, -0.0132782, 0.017195, -0.0121318, 0.0370377, -0.0375103, 0.0569742, -0.0577156, 0.0506531, -0.0437768, 0.017195, -0.0121318, 0.0569742, -0.0577156, 0.0830104, -0.105, 0.0344084, -0.0461619, 0.0506531, -0.0437768, 0.0344084, -0.0461619, 0.0506531, -0.0437768, 0.0344084, -0.0461619, 0.0830104, -0.105, 0.0569742, -0.0577156, 0.0738905, -0.114705, 0.088761, -0.0896632, 0.017195, -0.0121318, 0.0506531, -0.0437768, 0.0569742, -0.0577156, 0.0370377, -0.0375103, 0.0511188, -0.0786175, 0.0738905, -0.114705, 0.0344084, -0.0461619, 0.0260151, -0.0132782, 0.0569742, -0.0577156, 0.0589994, -0.0638466, 0.0275921, -0.0314178, 0.0641438, -0.0692303, 0.106142, -0.123929, 0.0830104, -0.105, 0.0377016, -0.027829, 0.0569742, -0.0577156, 0.0738905, -0.114705, 0.106142, -0.123929, 0.0589994, -0.0638466, 0.106142, -0.123929, 0.147922, -0.119901, 0.088761, -0.0896632, 0.0830104, -0.105, 0.0344084, -0.0461619, 0.0589994, -0.0638466, 0.106142, -0.123929, 0.0738905, -0.114705, 0.0569742, -0.0577156, 0.0830104, -0.105, 0.088761, -0.0896632, 0.147922, -0.119901, 0.106142, -0.123929, 0.0738905, -0.114705, 0.088761, -0.0896632, 0.0275921, -0.0314178, 0.0589994, -0.0638466, 0.0569742, -0.0577156, 0.0260151, -0.0132782, 0.0377016, -0.027829, 0.0830104, -0.105, 0.106142, -0.123929, 0.0641438, -0.0692303, 0.0511188, -0.0786175, 0.0738905, -0.114705, 0.0344084, -0.0461619, 0.0035935, -0.0114702, 0.0275921, -0.0314178, 0.0370377, -0.0375103, 0.0223148, -0.0225293, 0.0260151, -0.0132782, 0.0569742, -0.0577156, 0.0589994, -0.0638466, 0.0275921, -0.0314178, 0.0370377, -0.0375103, 0.0569742, -0.0577156, 0.0506531, -0.0437768, 0.017195, -0.0121318, 0.0275921, -0.0314178, 0.0641438, -0.0692303, 0.0511188, -0.0786175, 0.0370377, -0.0375103, 0.0569742, -0.0577156, 0.0738905, -0.114705, 0.106142, -0.123929, 0.0589994, -0.0638466, 0.0569742, -0.0577156, 0.0830104, -0.105, 0.0344084, -0.0461619, 0.0506531, -0.0437768, 0.017195, -0.0121318, 0.0370377, -0.0375103, 0.0511188, -0.0786175, 0.0641438, -0.0692303, 0.0275921, -0.0314178, 0.0589994, -0.0638466, 0.106142, -0.123929, 0.0738905, -0.114705, 0.0569742, -0.0577156, 0.0506531, -0.0437768, 0.0344084, -0.0461619, 0.0830104, -0.105, 0.0569742, -0.0577156, 0.0260151, -0.0132782, 0.0377016, -0.027829, 0.0223148, -0.0225293, 0.0370377, -0.0375103, 0.0275921, -0.0314178, 0.0035935, -0.0114702, 0.0275921, -0.0314178, 0.0589994, -0.0638466, 0.0569742, -0.0577156, 0.0260151, -0.0132782, 0.017195, -0.0121318, 0.0506531, -0.0437768, 0.0569742, -0.0577156, 0.0370377, -0.0375103, 0.0223148, -0.0225293, 0.0260151, -0.0132782, 0.017195, -0.0121318, ],]
##############################################################################
clock_duration  =         17164.7
tau =                     1.88926
total_steps =             32
time_step =               0.0609438
best_mc_result =          0.0199468
best_mc_result_non_secondary =          0
evolved_target_dot_squared =  0.980053
distance =          0.0253892
j_protocol =  [[0, 0, 0, 0, 0, 0, 0, 0, 0, 0, 0, 0, 0, 0, 0, 0, 0, 0, 0, 0, 0, 0, 0, 0, 0, 0, 0, 0, 0, 0, 0, 0, ],[0, 0, 0, 0, 0, 0, 0, 0, 0, 0, 0, 0, 0, 0, 0, 0, 0, 0, 0, 0, 0, 0, 0, 0, 0, 0, 0, 0, 0, 0, 0, 0, ],]
k_protocol =  [[0, 0, 0, 0, 0, 0, 0, 0, 0, 0, 0, 0, 0, 0, 0, 0, 0, 0, 0, 0, 0, 0, 0, 0, 0, 0, 0, 0, 0, 0, 0, 0, ],[0, 0, 0, 0, 0, 0, 0, 0, 0, 0, 0, 0, 0, 0, 0, 0, 0, 0, 0, 0, 0, 0, 0, 0, 0, 0, 0, 0, 0, 0, 0, 0, ],]
j_protocol_secondary =  [0, 0.140925, 0.384692, 0.483956, 0.547495, 0.757055, 0.868753, 0.959201, 1.01243, 1.18432, 1.2308, 1.27921, 1.3263, 1.87832, ]
k_protocol_secondary =  [0.0120457, 1.3112, 1.3112, 1.39988, 1.39988, 1.50049, 1.50049, 1.59029, 1.59029, 1.68786, 1.68786, 1.69668, 1.78318, 1.88926, ]
best_evolved_state = [0.00920509, -0.0124915, 0.0213056, -0.0174119, 0.0336898, -0.0309072, 0.0158719, -0.0136184, 0.0213056, -0.0174119, 0.00920509, -0.0124915, 0.0319851, -0.0312029, 0.0486547, -0.0623756, 0.0401903, -0.0376056, 0.00920509, -0.0124915, 0.0486547, -0.0623756, 0.0807583, -0.0980437, 0.040233, -0.0631253, 0.0401903, -0.0376056, 0.040233, -0.0631253, 0.0401903, -0.0376056, 0.040233, -0.0631253, 0.0807583, -0.0980437, 0.0486547, -0.0623756, 0.071559, -0.1309, 0.0760418, -0.109896, 0.00920509, -0.0124915, 0.0401903, -0.0376056, 0.0486547, -0.0623756, 0.0319851, -0.0312029, 0.0498189, -0.0808727, 0.071559, -0.1309, 0.040233, -0.0631253, 0.0213056, -0.0174119, 0.0486547, -0.0623756, 0.0545781, -0.0709729, 0.0298703, -0.0341312, 0.0517886, -0.0734521, 0.0912714, -0.131147, 0.0807583, -0.0980437, 0.0336898, -0.0309072, 0.0486547, -0.0623756, 0.071559, -0.1309, 0.0912714, -0.131147, 0.0545781, -0.0709729, 0.0912714, -0.131147, 0.120377, -0.132747, 0.0760418, -0.109896, 0.0807583, -0.0980437, 0.040233, -0.0631253, 0.0545781, -0.0709729, 0.0912714, -0.131147, 0.071559, -0.1309, 0.0486547, -0.0623756, 0.0807583, -0.0980437, 0.0760418, -0.109896, 0.120377, -0.132747, 0.0912714, -0.131147, 0.071559, -0.1309, 0.0760418, -0.109896, 0.0298703, -0.0341312, 0.0545781, -0.0709729, 0.0486547, -0.0623756, 0.0213056, -0.0174119, 0.0336898, -0.0309072, 0.0807583, -0.0980437, 0.0912714, -0.131147, 0.0517886, -0.0734521, 0.0498189, -0.0808727, 0.071559, -0.1309, 0.040233, -0.0631253, 0.0138826, -0.01325, 0.0298703, -0.0341312, 0.0319851, -0.0312029, 0.0158719, -0.0136184, 0.0213056, -0.0174119, 0.0486547, -0.0623756, 0.0545781, -0.0709729, 0.0298703, -0.0341312, 0.0319851, -0.0312029, 0.0486547, -0.0623756, 0.0401903, -0.0376056, 0.00920509, -0.0124915, 0.0298703, -0.0341312, 0.0517886, -0.0734521, 0.0498189, -0.0808727, 0.0319851, -0.0312029, 0.0486547, -0.0623756, 0.071559, -0.1309, 0.0912714, -0.131147, 0.0545781, -0.0709729, 0.0486547, -0.0623756, 0.0807583, -0.0980437, 0.040233, -0.0631253, 0.0401903, -0.0376056, 0.00920509, -0.0124915, 0.0319851, -0.0312029, 0.0498189, -0.0808727, 0.0517886, -0.0734521, 0.0298703, -0.0341312, 0.0545781, -0.0709729, 0.0912714, -0.131147, 0.071559, -0.1309, 0.0486547, -0.0623756, 0.0401903, -0.0376056, 0.040233, -0.0631253, 0.0807583, -0.0980437, 0.0486547, -0.0623756, 0.0213056, -0.0174119, 0.0336898, -0.0309072, 0.0158719, -0.0136184, 0.0319851, -0.0312029, 0.0298703, -0.0341312, 0.0138826, -0.01325, 0.0298703, -0.0341312, 0.0545781, -0.0709729, 0.0486547, -0.0623756, 0.0213056, -0.0174119, 0.00920509, -0.0124915, 0.0401903, -0.0376056, 0.0486547, -0.0623756, 0.0319851, -0.0312029, 0.0158719, -0.0136184, 0.0213056, -0.0174119, 0.00920509, -0.0124915, ]
best_mc_result_fixed_tau =   [0.0295176, 0.0263454, ]
evolved_state_fixed_tau =   [[0.0162286, -0.00556301, 0.0204042, -0.00472523, 0.0465454, -0.0125334, 0.024185, -0.00590728, 0.0204042, -0.00472523, 0.0162286, -0.00556301, 0.0441968, -0.0164332, 0.0653967, -0.0446765, 0.0472171, -0.0181432, 0.0162286, -0.00556301, 0.0653967, -0.0446765, 0.102706, -0.0763616, 0.052751, -0.0485035, 0.0472171, -0.0181432, 0.052751, -0.0485035, 0.0472171, -0.0181432, 0.052751, -0.0485035, 0.102706, -0.0763616, 0.0653967, -0.0446765, 0.0969141, -0.103249, 0.120036, -0.0616498, 0.0162286, -0.00556301, 0.0472171, -0.0181432, 0.0653967, -0.0446765, 0.0441968, -0.0164332, 0.072283, -0.0636024, 0.0969141, -0.103249, 0.052751, -0.0485035, 0.0204042, -0.00472523, 0.0653967, -0.0446765, 0.0695986, -0.046732, 0.032248, -0.0277232, 0.0706477, -0.0445894, 0.138596, -0.0974741, 0.102706, -0.0763616, 0.0465454, -0.0125334, 0.0653967, -0.0446765, 0.0969141, -0.103249, 0.138596, -0.0974741, 0.0695986, -0.046732, 0.138596, -0.0974741, 0.161404, -0.0996597, 0.120036, -0.0616498, 0.102706, -0.0763616, 0.052751, -0.0485035, 0.0695986, -0.046732, 0.138596, -0.0974741, 0.0969141, -0.103249, 0.0653967, -0.0446765, 0.102706, -0.0763616, 0.120036, -0.0616498, 0.161404, -0.0996597, 0.138596, -0.0974741, 0.0969141, -0.103249, 0.120036, -0.0616498, 0.032248, -0.0277232, 0.0695986, -0.046732, 0.0653967, -0.0446765, 0.0204042, -0.00472523, 0.0465454, -0.0125334, 0.102706, -0.0763616, 0.138596, -0.0974741, 0.0706477, -0.0445894, 0.072283, -0.0636024, 0.0969141, -0.103249, 0.052751, -0.0485035, 0.0134098, -0.018307, 0.032248, -0.0277232, 0.0441968, -0.0164332, 0.024185, -0.00590728, 0.0204042, -0.00472523, 0.0653967, -0.0446765, 0.0695986, -0.046732, 0.032248, -0.0277232, 0.0441968, -0.0164332, 0.0653967, -0.0446765, 0.0472171, -0.0181432, 0.0162286, -0.00556301, 0.032248, -0.0277232, 0.0706477, -0.0445894, 0.072283, -0.0636024, 0.0441968, -0.0164332, 0.0653967, -0.0446765, 0.0969141, -0.103249, 0.138596, -0.0974741, 0.0695986, -0.046732, 0.0653967, -0.0446765, 0.102706, -0.0763616, 0.052751, -0.0485035, 0.0472171, -0.0181432, 0.0162286, -0.00556301, 0.0441968, -0.0164332, 0.072283, -0.0636024, 0.0706477, -0.0445894, 0.032248, -0.0277232, 0.0695986, -0.046732, 0.138596, -0.0974741, 0.0969141, -0.103249, 0.0653967, -0.0446765, 0.0472171, -0.0181432, 0.052751, -0.0485035, 0.102706, -0.0763616, 0.0653967, -0.0446765, 0.0204042, -0.00472523, 0.0465454, -0.0125334, 0.024185, -0.00590728, 0.0441968, -0.0164332, 0.032248, -0.0277232, 0.0134098, -0.018307, 0.032248, -0.0277232, 0.0695986, -0.046732, 0.0653967, -0.0446765, 0.0204042, -0.00472523, 0.0162286, -0.00556301, 0.0472171, -0.0181432, 0.0653967, -0.0446765, 0.0441968, -0.0164332, 0.024185, -0.00590728, 0.0204042, -0.00472523, 0.0162286, -0.00556301, ],[0.017195, -0.0121318, 0.0260151, -0.0132782, 0.0377016, -0.027829, 0.0223148, -0.0225293, 0.0260151, -0.0132782, 0.017195, -0.0121318, 0.0370377, -0.0375103, 0.0569742, -0.0577156, 0.0506531, -0.0437768, 0.017195, -0.0121318, 0.0569742, -0.0577156, 0.0830104, -0.105, 0.0344084, -0.0461619, 0.0506531, -0.0437768, 0.0344084, -0.0461619, 0.0506531, -0.0437768, 0.0344084, -0.0461619, 0.0830104, -0.105, 0.0569742, -0.0577156, 0.0738905, -0.114705, 0.088761, -0.0896632, 0.017195, -0.0121318, 0.0506531, -0.0437768, 0.0569742, -0.0577156, 0.0370377, -0.0375103, 0.0511188, -0.0786175, 0.0738905, -0.114705, 0.0344084, -0.0461619, 0.0260151, -0.0132782, 0.0569742, -0.0577156, 0.0589994, -0.0638466, 0.0275921, -0.0314178, 0.0641438, -0.0692303, 0.106142, -0.123929, 0.0830104, -0.105, 0.0377016, -0.027829, 0.0569742, -0.0577156, 0.0738905, -0.114705, 0.106142, -0.123929, 0.0589994, -0.0638466, 0.106142, -0.123929, 0.147922, -0.119901, 0.088761, -0.0896632, 0.0830104, -0.105, 0.0344084, -0.0461619, 0.0589994, -0.0638466, 0.106142, -0.123929, 0.0738905, -0.114705, 0.0569742, -0.0577156, 0.0830104, -0.105, 0.088761, -0.0896632, 0.147922, -0.119901, 0.106142, -0.123929, 0.0738905, -0.114705, 0.088761, -0.0896632, 0.0275921, -0.0314178, 0.0589994, -0.0638466, 0.0569742, -0.0577156, 0.0260151, -0.0132782, 0.0377016, -0.027829, 0.0830104, -0.105, 0.106142, -0.123929, 0.0641438, -0.0692303, 0.0511188, -0.0786175, 0.0738905, -0.114705, 0.0344084, -0.0461619, 0.0035935, -0.0114702, 0.0275921, -0.0314178, 0.0370377, -0.0375103, 0.0223148, -0.0225293, 0.0260151, -0.0132782, 0.0569742, -0.0577156, 0.0589994, -0.0638466, 0.0275921, -0.0314178, 0.0370377, -0.0375103, 0.0569742, -0.0577156, 0.0506531, -0.0437768, 0.017195, -0.0121318, 0.0275921, -0.0314178, 0.0641438, -0.0692303, 0.0511188, -0.0786175, 0.0370377, -0.0375103, 0.0569742, -0.0577156, 0.0738905, -0.114705, 0.106142, -0.123929, 0.0589994, -0.0638466, 0.0569742, -0.0577156, 0.0830104, -0.105, 0.0344084, -0.0461619, 0.0506531, -0.0437768, 0.017195, -0.0121318, 0.0370377, -0.0375103, 0.0511188, -0.0786175, 0.0641438, -0.0692303, 0.0275921, -0.0314178, 0.0589994, -0.0638466, 0.106142, -0.123929, 0.0738905, -0.114705, 0.0569742, -0.0577156, 0.0506531, -0.0437768, 0.0344084, -0.0461619, 0.0830104, -0.105, 0.0569742, -0.0577156, 0.0260151, -0.0132782, 0.0377016, -0.027829, 0.0223148, -0.0225293, 0.0370377, -0.0375103, 0.0275921, -0.0314178, 0.0035935, -0.0114702, 0.0275921, -0.0314178, 0.0589994, -0.0638466, 0.0569742, -0.0577156, 0.0260151, -0.0132782, 0.017195, -0.0121318, 0.0506531, -0.0437768, 0.0569742, -0.0577156, 0.0370377, -0.0375103, 0.0223148, -0.0225293, 0.0260151, -0.0132782, 0.017195, -0.0121318, ],]
