START_PARAMETERS
MAX_STEPS_MCDB =               32
MIN_STEPS_MCDB =               4
STEPS_CRUNCH_MCDB =            1
SWEEPS_MCDB =                  80
TOTAL_STEP_CHANGES =                  6
MCBB_SECONDARY =                  1
SWEEPS_MCBB_SECONDARY =                  300
NUMBER_OF_BANGS =                  7
GROUND_E =                -5.23858
INITIAL_E =               -0.314686
j_initial =               0.051
k_initial =               0.5
b_initial =               0
j_target =                0.987
k_target =                0.062
b_target =                0
init_target_dot_squared = 0.126794
init_state = [-6.17571e-07, 0, -1.09502e-05, 0, -9.27681e-05, 0, -7.13612e-07, 0, -1.09502e-05, 0, -6.17571e-07, 0, -1.71809e-05, 0, -0.00027726, 0, -2.49246e-05, 0, -6.17571e-07, 0, -0.00027726, 0, -0.00364603, 0, -0.000215951, 0, -2.49246e-05, 0, -0.000215951, 0, -2.49246e-05, 0, -0.000215951, 0, -0.00364603, 0, -0.00027726, 0, -0.00544961, 0, -0.035863, 0, -6.17571e-07, 0, -2.49246e-05, 0, -0.00027726, 0, -1.71809e-05, 0, -0.000368919, 0, -0.00544961, 0, -0.000215951, 0, -1.09502e-05, 0, -0.00027726, 0, -0.00183792, 0, -9.35333e-05, 0, -0.00184255, 0, -0.0360436, 0, -0.00364603, 0, -9.27681e-05, 0, -0.00027726, 0, -0.00544961, 0, -0.0360436, 0, -0.00183792, 0, -0.0360436, 0, -0.701454, 0, -0.035863, 0, -0.00364603, 0, -0.000215951, 0, -0.00183792, 0, -0.0360436, 0, -0.00544961, 0, -0.00027726, 0, -0.00364603, 0, -0.035863, 0, -0.701454, 0, -0.0360436, 0, -0.00544961, 0, -0.035863, 0, -9.35333e-05, 0, -0.00183792, 0, -0.00027726, 0, -1.09502e-05, 0, -9.27681e-05, 0, -0.00364603, 0, -0.0360436, 0, -0.00184255, 0, -0.000368919, 0, -0.00544961, 0, -0.000215951, 0, -4.74539e-06, 0, -9.35333e-05, 0, -1.71809e-05, 0, -7.13612e-07, 0, -1.09502e-05, 0, -0.00027726, 0, -0.00183792, 0, -9.35333e-05, 0, -1.71809e-05, 0, -0.00027726, 0, -2.49246e-05, 0, -6.17571e-07, 0, -9.35333e-05, 0, -0.00184255, 0, -0.000368919, 0, -1.71809e-05, 0, -0.00027726, 0, -0.00544961, 0, -0.0360436, 0, -0.00183792, 0, -0.00027726, 0, -0.00364603, 0, -0.000215951, 0, -2.49246e-05, 0, -6.17571e-07, 0, -1.71809e-05, 0, -0.000368919, 0, -0.00184255, 0, -9.35333e-05, 0, -0.00183792, 0, -0.0360436, 0, -0.00544961, 0, -0.00027726, 0, -2.49246e-05, 0, -0.000215951, 0, -0.00364603, 0, -0.00027726, 0, -1.09502e-05, 0, -9.27681e-05, 0, -7.13612e-07, 0, -1.71809e-05, 0, -9.35333e-05, 0, -4.74539e-06, 0, -9.35333e-05, 0, -0.00183792, 0, -0.00027726, 0, -1.09502e-05, 0, -6.17571e-07, 0, -2.49246e-05, 0, -0.00027726, 0, -1.71809e-05, 0, -7.13612e-07, 0, -1.09502e-05, 0, -6.17571e-07, 0, ]
target_state = [-0.0257585, 0, -0.0439091, 0, -0.0490555, 0, -0.0320755, 0, -0.0439091, 0, -0.0257585, 0, -0.0573315, 0, -0.0823884, 0, -0.0609657, 0, -0.0257585, 0, -0.0823884, 0, -0.110926, 0, -0.0766213, 0, -0.0609657, 0, -0.0766213, 0, -0.0609657, 0, -0.0766213, 0, -0.110926, 0, -0.0823884, 0, -0.130274, 0, -0.14577, 0, -0.0257585, 0, -0.0609657, 0, -0.0823884, 0, -0.0573315, 0, -0.0949381, 0, -0.130274, 0, -0.0766213, 0, -0.0439091, 0, -0.0823884, 0, -0.0959819, 0, -0.06292, 0, -0.100123, 0, -0.145583, 0, -0.110926, 0, -0.0490555, 0, -0.0823884, 0, -0.130274, 0, -0.145583, 0, -0.0959819, 0, -0.145583, 0, -0.200583, 0, -0.14577, 0, -0.110926, 0, -0.0766213, 0, -0.0959819, 0, -0.145583, 0, -0.130274, 0, -0.0823884, 0, -0.110926, 0, -0.14577, 0, -0.200583, 0, -0.145583, 0, -0.130274, 0, -0.14577, 0, -0.06292, 0, -0.0959819, 0, -0.0823884, 0, -0.0439091, 0, -0.0490555, 0, -0.110926, 0, -0.145583, 0, -0.100123, 0, -0.0949381, 0, -0.130274, 0, -0.0766213, 0, -0.0398692, 0, -0.06292, 0, -0.0573315, 0, -0.0320755, 0, -0.0439091, 0, -0.0823884, 0, -0.0959819, 0, -0.06292, 0, -0.0573315, 0, -0.0823884, 0, -0.0609657, 0, -0.0257585, 0, -0.06292, 0, -0.100123, 0, -0.0949381, 0, -0.0573315, 0, -0.0823884, 0, -0.130274, 0, -0.145583, 0, -0.0959819, 0, -0.0823884, 0, -0.110926, 0, -0.0766213, 0, -0.0609657, 0, -0.0257585, 0, -0.0573315, 0, -0.0949381, 0, -0.100123, 0, -0.06292, 0, -0.0959819, 0, -0.145583, 0, -0.130274, 0, -0.0823884, 0, -0.0609657, 0, -0.0766213, 0, -0.110926, 0, -0.0823884, 0, -0.0439091, 0, -0.0490555, 0, -0.0320755, 0, -0.0573315, 0, -0.06292, 0, -0.0398692, 0, -0.06292, 0, -0.0959819, 0, -0.0823884, 0, -0.0439091, 0, -0.0257585, 0, -0.0609657, 0, -0.0823884, 0, -0.0573315, 0, -0.0320755, 0, -0.0439091, 0, -0.0257585, 0, ]
USE_ENERGY_DISTANCE =     false
PERIODIC =                false
UNIFORM_SITES =           true
DEVICE_DIMENSION =        2
MAX_PARAM =               1
MIN_PARAM =               0
MIN_PARAM =               0
DIAG =                    true
NUM_SEEDS =               2
NUMBER_OF_BANGS =               7
DISTANCE_LIMIT =          0.02
TAU_INIT =                0.7
MAX_TAU =                 5
TAU_SCALAR =              1.2
TAU_SCALAR_TINY =         1.1
TAU_SCALAR_BIG =          1.3
ACCEPTANCE_PROB =         0.85
TEMP_EXP_DECAY =          0.8
MIN_TEMP_FRACTION =       0.01
TEMP_DECAY_ITERATIONS =   21
ZERO_TEMP_ITREATIONS =    20
RANDOM_STATES =           3
END_PARAMETERS
##############################################################################
clock_duration  =         689.434
tau =                     0.7
total_steps =             32
time_step =               0.021875
best_mc_result =          0.551427
best_mc_result_non_secondary =          0.551591
evolved_target_dot_squared =  0.448573
distance =          0.631496
j_protocol =  [[1, 1, 1, 1, 1, 1, 1, 1, 1, 1, 1, 1, 1, 1, 1, 1, 1, 1, 1, 1, 1, 1, 1, 1, 1, 1, 1, 1, 1, 1, 1, 0, ],[1, 1, 1, 1, 1, 1, 1, 1, 1, 1, 1, 1, 1, 1, 1, 1, 1, 1, 1, 1, 1, 1, 1, 1, 1, 1, 1, 1, 1, 1, 1, 0, ],]
k_protocol =  [[0, 1, 1, 1, 1, 1, 1, 1, 1, 1, 1, 1, 1, 1, 1, 1, 1, 1, 1, 1, 1, 1, 1, 1, 1, 1, 1, 1, 1, 1, 1, 1, ],[0, 1, 1, 1, 1, 1, 1, 1, 1, 1, 1, 1, 1, 1, 1, 1, 1, 1, 1, 1, 1, 1, 1, 1, 1, 1, 1, 1, 1, 1, 1, 1, ],]
j_protocol_secondary =  [0, 0.0495513, 0.0495513, 0.346876, 0.346876, 0.469061, 0.469061, 0.646252, 0.646252, 0.672681, 0.698927, 0.698927, 0.7, 0.7, ]
k_protocol_secondary =  [0.0162163, 0.021875, 0.021875, 0.104904, 0.104904, 0.41015, 0.41015, 0.448209, 0.448209, 0.509677, 0.509677, 0.638937, 0.638937, 0.7, ]
best_evolved_state = [-0.0176185, 0.0197315, -0.00268098, 0.0418924, 0.0337189, 0.00137546, -0.0246029, 0.0239026, -0.00268098, 0.0418924, -0.0176185, 0.0197315, -0.000307569, 0.0690458, 0.0489421, 0.0703706, -0.0258137, 0.078477, -0.0176185, 0.0197315, 0.0489421, 0.0703706, 0.0969468, 0.0213059, 0.073675, 0.0320403, -0.0258137, 0.078477, 0.073675, 0.0320403, -0.0258137, 0.078477, 0.073675, 0.0320403, 0.0969468, 0.0213059, 0.0489421, 0.0703706, 0.138567, 0.0190704, -0.0260874, -0.0515328, -0.0176185, 0.0197315, -0.0258137, 0.078477, 0.0489421, 0.0703706, -0.000307569, 0.0690458, 0.0800653, 0.0911649, 0.138567, 0.0190704, 0.073675, 0.0320403, -0.00268098, 0.0418924, 0.0489421, 0.0703706, 0.0399452, 0.0248026, 0.0252862, 0.0134315, 0.036723, 0.0414329, 0.129913, 0.0233881, 0.0969468, 0.0213059, 0.0337189, 0.00137546, 0.0489421, 0.0703706, 0.138567, 0.0190704, 0.129913, 0.0233881, 0.0399452, 0.0248026, 0.129913, 0.0233881, 0.204919, -0.264353, -0.0260874, -0.0515328, 0.0969468, 0.0213059, 0.073675, 0.0320403, 0.0399452, 0.0248026, 0.129913, 0.0233881, 0.138567, 0.0190704, 0.0489421, 0.0703706, 0.0969468, 0.0213059, -0.0260874, -0.0515328, 0.204919, -0.264353, 0.129913, 0.0233881, 0.138567, 0.0190704, -0.0260874, -0.0515328, 0.0252862, 0.0134315, 0.0399452, 0.0248026, 0.0489421, 0.0703706, -0.00268098, 0.0418924, 0.0337189, 0.00137546, 0.0969468, 0.0213059, 0.129913, 0.0233881, 0.036723, 0.0414329, 0.0800653, 0.0911649, 0.138567, 0.0190704, 0.073675, 0.0320403, 0.0239919, 0.019275, 0.0252862, 0.0134315, -0.000307569, 0.0690458, -0.0246029, 0.0239026, -0.00268098, 0.0418924, 0.0489421, 0.0703706, 0.0399452, 0.0248026, 0.0252862, 0.0134315, -0.000307569, 0.0690458, 0.0489421, 0.0703706, -0.0258137, 0.078477, -0.0176185, 0.0197315, 0.0252862, 0.0134315, 0.036723, 0.0414329, 0.0800653, 0.0911649, -0.000307569, 0.0690458, 0.0489421, 0.0703706, 0.138567, 0.0190704, 0.129913, 0.0233881, 0.0399452, 0.0248026, 0.0489421, 0.0703706, 0.0969468, 0.0213059, 0.073675, 0.0320403, -0.0258137, 0.078477, -0.0176185, 0.0197315, -0.000307569, 0.0690458, 0.0800653, 0.0911649, 0.036723, 0.0414329, 0.0252862, 0.0134315, 0.0399452, 0.0248026, 0.129913, 0.0233881, 0.138567, 0.0190704, 0.0489421, 0.0703706, -0.0258137, 0.078477, 0.073675, 0.0320403, 0.0969468, 0.0213059, 0.0489421, 0.0703706, -0.00268098, 0.0418924, 0.0337189, 0.00137546, -0.0246029, 0.0239026, -0.000307569, 0.0690458, 0.0252862, 0.0134315, 0.0239919, 0.019275, 0.0252862, 0.0134315, 0.0399452, 0.0248026, 0.0489421, 0.0703706, -0.00268098, 0.0418924, -0.0176185, 0.0197315, -0.0258137, 0.078477, 0.0489421, 0.0703706, -0.000307569, 0.0690458, -0.0246029, 0.0239026, -0.00268098, 0.0418924, -0.0176185, 0.0197315, ]
best_mc_result_fixed_tau =   [0.551591, 0.551591, ]
evolved_state_fixed_tau =   [[-0.0196853, 0.0187947, -0.00557838, 0.0422887, 0.033046, 0.00386121, -0.0269783, 0.0228362, -0.00557838, 0.0422887, -0.0196853, 0.0187947, -0.00485518, 0.070099, 0.0443547, 0.0738001, -0.0308223, 0.0784758, -0.0196853, 0.0187947, 0.0443547, 0.0738001, 0.0945439, 0.0276487, 0.0711486, 0.0368055, -0.0308223, 0.0784758, 0.0711486, 0.0368055, -0.0308223, 0.0784758, 0.0711486, 0.0368055, 0.0945439, 0.0276487, 0.0443547, 0.0738001, 0.13574, 0.0277784, -0.021475, -0.0473718, -0.0196853, 0.0187947, -0.0308223, 0.0784758, 0.0443547, 0.0738001, -0.00485518, 0.070099, 0.07454, 0.0965294, 0.13574, 0.0277784, 0.0711486, 0.0368055, -0.00557838, 0.0422887, 0.0443547, 0.0738001, 0.0373433, 0.0288184, 0.0236072, 0.0151855, 0.0331269, 0.0456746, 0.129081, 0.0332844, 0.0945439, 0.0276487, 0.033046, 0.00386121, 0.0443547, 0.0738001, 0.13574, 0.0277784, 0.129081, 0.0332844, 0.0373433, 0.0288184, 0.129081, 0.0332844, 0.216997, -0.252153, -0.021475, -0.0473718, 0.0945439, 0.0276487, 0.0711486, 0.0368055, 0.0373433, 0.0288184, 0.129081, 0.0332844, 0.13574, 0.0277784, 0.0443547, 0.0738001, 0.0945439, 0.0276487, -0.021475, -0.0473718, 0.216997, -0.252153, 0.129081, 0.0332844, 0.13574, 0.0277784, -0.021475, -0.0473718, 0.0236072, 0.0151855, 0.0373433, 0.0288184, 0.0443547, 0.0738001, -0.00557838, 0.0422887, 0.033046, 0.00386121, 0.0945439, 0.0276487, 0.129081, 0.0332844, 0.0331269, 0.0456746, 0.07454, 0.0965294, 0.13574, 0.0277784, 0.0711486, 0.0368055, 0.0229422, 0.0208452, 0.0236072, 0.0151855, -0.00485518, 0.070099, -0.0269783, 0.0228362, -0.00557838, 0.0422887, 0.0443547, 0.0738001, 0.0373433, 0.0288184, 0.0236072, 0.0151855, -0.00485518, 0.070099, 0.0443547, 0.0738001, -0.0308223, 0.0784758, -0.0196853, 0.0187947, 0.0236072, 0.0151855, 0.0331269, 0.0456746, 0.07454, 0.0965294, -0.00485518, 0.070099, 0.0443547, 0.0738001, 0.13574, 0.0277784, 0.129081, 0.0332844, 0.0373433, 0.0288184, 0.0443547, 0.0738001, 0.0945439, 0.0276487, 0.0711486, 0.0368055, -0.0308223, 0.0784758, -0.0196853, 0.0187947, -0.00485518, 0.070099, 0.07454, 0.0965294, 0.0331269, 0.0456746, 0.0236072, 0.0151855, 0.0373433, 0.0288184, 0.129081, 0.0332844, 0.13574, 0.0277784, 0.0443547, 0.0738001, -0.0308223, 0.0784758, 0.0711486, 0.0368055, 0.0945439, 0.0276487, 0.0443547, 0.0738001, -0.00557838, 0.0422887, 0.033046, 0.00386121, -0.0269783, 0.0228362, -0.00485518, 0.070099, 0.0236072, 0.0151855, 0.0229422, 0.0208452, 0.0236072, 0.0151855, 0.0373433, 0.0288184, 0.0443547, 0.0738001, -0.00557838, 0.0422887, -0.0196853, 0.0187947, -0.0308223, 0.0784758, 0.0443547, 0.0738001, -0.00485518, 0.070099, -0.0269783, 0.0228362, -0.00557838, 0.0422887, -0.0196853, 0.0187947, ],[-0.0196853, 0.0187947, -0.00557838, 0.0422887, 0.033046, 0.00386121, -0.0269783, 0.0228362, -0.00557838, 0.0422887, -0.0196853, 0.0187947, -0.00485518, 0.070099, 0.0443547, 0.0738001, -0.0308223, 0.0784758, -0.0196853, 0.0187947, 0.0443547, 0.0738001, 0.0945439, 0.0276487, 0.0711486, 0.0368055, -0.0308223, 0.0784758, 0.0711486, 0.0368055, -0.0308223, 0.0784758, 0.0711486, 0.0368055, 0.0945439, 0.0276487, 0.0443547, 0.0738001, 0.13574, 0.0277784, -0.021475, -0.0473718, -0.0196853, 0.0187947, -0.0308223, 0.0784758, 0.0443547, 0.0738001, -0.00485518, 0.070099, 0.07454, 0.0965294, 0.13574, 0.0277784, 0.0711486, 0.0368055, -0.00557838, 0.0422887, 0.0443547, 0.0738001, 0.0373433, 0.0288184, 0.0236072, 0.0151855, 0.0331269, 0.0456746, 0.129081, 0.0332844, 0.0945439, 0.0276487, 0.033046, 0.00386121, 0.0443547, 0.0738001, 0.13574, 0.0277784, 0.129081, 0.0332844, 0.0373433, 0.0288184, 0.129081, 0.0332844, 0.216997, -0.252153, -0.021475, -0.0473718, 0.0945439, 0.0276487, 0.0711486, 0.0368055, 0.0373433, 0.0288184, 0.129081, 0.0332844, 0.13574, 0.0277784, 0.0443547, 0.0738001, 0.0945439, 0.0276487, -0.021475, -0.0473718, 0.216997, -0.252153, 0.129081, 0.0332844, 0.13574, 0.0277784, -0.021475, -0.0473718, 0.0236072, 0.0151855, 0.0373433, 0.0288184, 0.0443547, 0.0738001, -0.00557838, 0.0422887, 0.033046, 0.00386121, 0.0945439, 0.0276487, 0.129081, 0.0332844, 0.0331269, 0.0456746, 0.07454, 0.0965294, 0.13574, 0.0277784, 0.0711486, 0.0368055, 0.0229422, 0.0208452, 0.0236072, 0.0151855, -0.00485518, 0.070099, -0.0269783, 0.0228362, -0.00557838, 0.0422887, 0.0443547, 0.0738001, 0.0373433, 0.0288184, 0.0236072, 0.0151855, -0.00485518, 0.070099, 0.0443547, 0.0738001, -0.0308223, 0.0784758, -0.0196853, 0.0187947, 0.0236072, 0.0151855, 0.0331269, 0.0456746, 0.07454, 0.0965294, -0.00485518, 0.070099, 0.0443547, 0.0738001, 0.13574, 0.0277784, 0.129081, 0.0332844, 0.0373433, 0.0288184, 0.0443547, 0.0738001, 0.0945439, 0.0276487, 0.0711486, 0.0368055, -0.0308223, 0.0784758, -0.0196853, 0.0187947, -0.00485518, 0.070099, 0.07454, 0.0965294, 0.0331269, 0.0456746, 0.0236072, 0.0151855, 0.0373433, 0.0288184, 0.129081, 0.0332844, 0.13574, 0.0277784, 0.0443547, 0.0738001, -0.0308223, 0.0784758, 0.0711486, 0.0368055, 0.0945439, 0.0276487, 0.0443547, 0.0738001, -0.00557838, 0.0422887, 0.033046, 0.00386121, -0.0269783, 0.0228362, -0.00485518, 0.070099, 0.0236072, 0.0151855, 0.0229422, 0.0208452, 0.0236072, 0.0151855, 0.0373433, 0.0288184, 0.0443547, 0.0738001, -0.00557838, 0.0422887, -0.0196853, 0.0187947, -0.0308223, 0.0784758, 0.0443547, 0.0738001, -0.00485518, 0.070099, -0.0269783, 0.0228362, -0.00557838, 0.0422887, -0.0196853, 0.0187947, ],]
##############################################################################
clock_duration  =         1479.83
tau =                     1.13974
total_steps =             32
time_step =               0.035617
best_mc_result =          0.184941
best_mc_result_non_secondary =          0.187861
evolved_target_dot_squared =  0.815059
distance =          0.211796
j_protocol =  [[1, 1, 1, 1, 1, 1, 0, 0, 1, 1, 1, 1, 1, 1, 1, 1, 1, 1, 1, 1, 1, 1, 0, 0, 1, 1, 1, 1, 1, 1, 0, 0, ],[1, 1, 1, 1, 1, 1, 0, 0, 1, 1, 1, 1, 1, 1, 1, 1, 1, 1, 1, 1, 1, 1, 0, 0, 1, 1, 1, 1, 1, 1, 0, 0, ],]
k_protocol =  [[1, 1, 1, 1, 1, 1, 1, 1, 1, 1, 1, 1, 1, 1, 1, 1, 1, 1, 1, 1, 1, 1, 1, 1, 1, 1, 1, 1, 1, 1, 1, 1, ],[1, 1, 1, 1, 1, 1, 1, 1, 1, 1, 1, 1, 1, 1, 1, 1, 1, 1, 1, 1, 1, 1, 1, 1, 1, 1, 1, 1, 1, 1, 1, 1, ],]
j_protocol_secondary =  [0, 0.194502, 0.277999, 0.485179, 0.485179, 0.734745, 0.774557, 0.796867, 0.830204, 0.906388, 0.906388, 1.04721, 1.13974, 1.13974, ]
k_protocol_secondary =  [0.0102255, 0.286723, 0.286723, 0.311739, 0.311739, 0.468771, 0.468771, 0.489143, 0.489143, 0.803358, 0.803358, 0.810208, 0.810208, 1.13974, ]
best_evolved_state = [-0.0328806, 0.00181311, -0.0438627, -0.00356217, -0.0187486, -0.0127396, -0.0517164, 0.00199109, -0.0438627, -0.00356217, -0.0328806, 0.00181311, -0.0720964, 0.00865262, -0.0866982, -0.0195467, -0.101792, -0.0395738, -0.0328806, 0.00181311, -0.0866982, -0.0195467, -0.0933328, -0.0094691, -0.0239694, -0.00302834, -0.101792, -0.0395738, -0.0239694, -0.00302834, -0.101792, -0.0395738, -0.0239694, -0.00302834, -0.0933328, -0.0094691, -0.0866982, -0.0195467, -0.12826, -0.0144215, -0.115177, 0.00908846, -0.0328806, 0.00181311, -0.101792, -0.0395738, -0.0866982, -0.0195467, -0.0720964, 0.00865262, -0.111471, 0.00336205, -0.12826, -0.0144215, -0.0239694, -0.00302834, -0.0438627, -0.00356217, -0.0866982, -0.0195467, -0.0831832, -0.0177361, -0.031562, -0.0159929, -0.111209, -0.0218219, -0.155632, 0.031724, -0.0933328, -0.0094691, -0.0187486, -0.0127396, -0.0866982, -0.0195467, -0.12826, -0.0144215, -0.155632, 0.031724, -0.0831832, -0.0177361, -0.155632, 0.031724, -0.0691172, 0.168493, -0.115177, 0.00908846, -0.0933328, -0.0094691, -0.0239694, -0.00302834, -0.0831832, -0.0177361, -0.155632, 0.031724, -0.12826, -0.0144215, -0.0866982, -0.0195467, -0.0933328, -0.0094691, -0.115177, 0.00908846, -0.0691172, 0.168493, -0.155632, 0.031724, -0.12826, -0.0144215, -0.115177, 0.00908846, -0.031562, -0.0159929, -0.0831832, -0.0177361, -0.0866982, -0.0195467, -0.0438627, -0.00356217, -0.0187486, -0.0127396, -0.0933328, -0.0094691, -0.155632, 0.031724, -0.111209, -0.0218219, -0.111471, 0.00336205, -0.12826, -0.0144215, -0.0239694, -0.00302834, 0.00909202, 0.00220659, -0.031562, -0.0159929, -0.0720964, 0.00865262, -0.0517164, 0.00199109, -0.0438627, -0.00356217, -0.0866982, -0.0195467, -0.0831832, -0.0177361, -0.031562, -0.0159929, -0.0720964, 0.00865262, -0.0866982, -0.0195467, -0.101792, -0.0395738, -0.0328806, 0.00181311, -0.031562, -0.0159929, -0.111209, -0.0218219, -0.111471, 0.00336205, -0.0720964, 0.00865262, -0.0866982, -0.0195467, -0.12826, -0.0144215, -0.155632, 0.031724, -0.0831832, -0.0177361, -0.0866982, -0.0195467, -0.0933328, -0.0094691, -0.0239694, -0.00302834, -0.101792, -0.0395738, -0.0328806, 0.00181311, -0.0720964, 0.00865262, -0.111471, 0.00336205, -0.111209, -0.0218219, -0.031562, -0.0159929, -0.0831832, -0.0177361, -0.155632, 0.031724, -0.12826, -0.0144215, -0.0866982, -0.0195467, -0.101792, -0.0395738, -0.0239694, -0.00302834, -0.0933328, -0.0094691, -0.0866982, -0.0195467, -0.0438627, -0.00356217, -0.0187486, -0.0127396, -0.0517164, 0.00199109, -0.0720964, 0.00865262, -0.031562, -0.0159929, 0.00909202, 0.00220659, -0.031562, -0.0159929, -0.0831832, -0.0177361, -0.0866982, -0.0195467, -0.0438627, -0.00356217, -0.0328806, 0.00181311, -0.101792, -0.0395738, -0.0866982, -0.0195467, -0.0720964, 0.00865262, -0.0517164, 0.00199109, -0.0438627, -0.00356217, -0.0328806, 0.00181311, ]
best_mc_result_fixed_tau =   [0.187861, 0.187861, ]
evolved_state_fixed_tau =   [[-0.0331038, 0.00177824, -0.0450519, -0.00444454, -0.0192546, -0.0186736, -0.0555253, 0.00489529, -0.0450519, -0.00444454, -0.0331038, 0.00177824, -0.0716637, 0.00996206, -0.0862051, -0.0260429, -0.107873, -0.0369888, -0.0331038, 0.00177824, -0.0862051, -0.0260429, -0.0928445, -0.0172837, -0.0207292, -0.0143502, -0.107873, -0.0369888, -0.0207292, -0.0143502, -0.107873, -0.0369888, -0.0207292, -0.0143502, -0.0928445, -0.0172837, -0.0862051, -0.0260429, -0.127864, -0.0259731, -0.118249, 0.0103051, -0.0331038, 0.00177824, -0.107873, -0.0369888, -0.0862051, -0.0260429, -0.0716637, 0.00996206, -0.10926, -0.00252134, -0.127864, -0.0259731, -0.0207292, -0.0143502, -0.0450519, -0.00444454, -0.0862051, -0.0260429, -0.0868771, -0.0240226, -0.0346617, -0.0230354, -0.117501, -0.0261071, -0.150684, 0.0249661, -0.0928445, -0.0172837, -0.0192546, -0.0186736, -0.0862051, -0.0260429, -0.127864, -0.0259731, -0.150684, 0.0249661, -0.0868771, -0.0240226, -0.150684, 0.0249661, -0.0556088, 0.136226, -0.118249, 0.0103051, -0.0928445, -0.0172837, -0.0207292, -0.0143502, -0.0868771, -0.0240226, -0.150684, 0.0249661, -0.127864, -0.0259731, -0.0862051, -0.0260429, -0.0928445, -0.0172837, -0.118249, 0.0103051, -0.0556088, 0.136226, -0.150684, 0.0249661, -0.127864, -0.0259731, -0.118249, 0.0103051, -0.0346617, -0.0230354, -0.0868771, -0.0240226, -0.0862051, -0.0260429, -0.0450519, -0.00444454, -0.0192546, -0.0186736, -0.0928445, -0.0172837, -0.150684, 0.0249661, -0.117501, -0.0261071, -0.10926, -0.00252134, -0.127864, -0.0259731, -0.0207292, -0.0143502, 0.0124237, -0.00394947, -0.0346617, -0.0230354, -0.0716637, 0.00996206, -0.0555253, 0.00489529, -0.0450519, -0.00444454, -0.0862051, -0.0260429, -0.0868771, -0.0240226, -0.0346617, -0.0230354, -0.0716637, 0.00996206, -0.0862051, -0.0260429, -0.107873, -0.0369888, -0.0331038, 0.00177824, -0.0346617, -0.0230354, -0.117501, -0.0261071, -0.10926, -0.00252134, -0.0716637, 0.00996206, -0.0862051, -0.0260429, -0.127864, -0.0259731, -0.150684, 0.0249661, -0.0868771, -0.0240226, -0.0862051, -0.0260429, -0.0928445, -0.0172837, -0.0207292, -0.0143502, -0.107873, -0.0369888, -0.0331038, 0.00177824, -0.0716637, 0.00996206, -0.10926, -0.00252134, -0.117501, -0.0261071, -0.0346617, -0.0230354, -0.0868771, -0.0240226, -0.150684, 0.0249661, -0.127864, -0.0259731, -0.0862051, -0.0260429, -0.107873, -0.0369888, -0.0207292, -0.0143502, -0.0928445, -0.0172837, -0.0862051, -0.0260429, -0.0450519, -0.00444454, -0.0192546, -0.0186736, -0.0555253, 0.00489529, -0.0716637, 0.00996206, -0.0346617, -0.0230354, 0.0124237, -0.00394947, -0.0346617, -0.0230354, -0.0868771, -0.0240226, -0.0862051, -0.0260429, -0.0450519, -0.00444454, -0.0331038, 0.00177824, -0.107873, -0.0369888, -0.0862051, -0.0260429, -0.0716637, 0.00996206, -0.0555253, 0.00489529, -0.0450519, -0.00444454, -0.0331038, 0.00177824, ],[-0.0331038, 0.00177824, -0.0450519, -0.00444454, -0.0192546, -0.0186736, -0.0555253, 0.00489529, -0.0450519, -0.00444454, -0.0331038, 0.00177824, -0.0716637, 0.00996206, -0.0862051, -0.0260429, -0.107873, -0.0369888, -0.0331038, 0.00177824, -0.0862051, -0.0260429, -0.0928445, -0.0172837, -0.0207292, -0.0143502, -0.107873, -0.0369888, -0.0207292, -0.0143502, -0.107873, -0.0369888, -0.0207292, -0.0143502, -0.0928445, -0.0172837, -0.0862051, -0.0260429, -0.127864, -0.0259731, -0.118249, 0.0103051, -0.0331038, 0.00177824, -0.107873, -0.0369888, -0.0862051, -0.0260429, -0.0716637, 0.00996206, -0.10926, -0.00252134, -0.127864, -0.0259731, -0.0207292, -0.0143502, -0.0450519, -0.00444454, -0.0862051, -0.0260429, -0.0868771, -0.0240226, -0.0346617, -0.0230354, -0.117501, -0.0261071, -0.150684, 0.0249661, -0.0928445, -0.0172837, -0.0192546, -0.0186736, -0.0862051, -0.0260429, -0.127864, -0.0259731, -0.150684, 0.0249661, -0.0868771, -0.0240226, -0.150684, 0.0249661, -0.0556088, 0.136226, -0.118249, 0.0103051, -0.0928445, -0.0172837, -0.0207292, -0.0143502, -0.0868771, -0.0240226, -0.150684, 0.0249661, -0.127864, -0.0259731, -0.0862051, -0.0260429, -0.0928445, -0.0172837, -0.118249, 0.0103051, -0.0556088, 0.136226, -0.150684, 0.0249661, -0.127864, -0.0259731, -0.118249, 0.0103051, -0.0346617, -0.0230354, -0.0868771, -0.0240226, -0.0862051, -0.0260429, -0.0450519, -0.00444454, -0.0192546, -0.0186736, -0.0928445, -0.0172837, -0.150684, 0.0249661, -0.117501, -0.0261071, -0.10926, -0.00252134, -0.127864, -0.0259731, -0.0207292, -0.0143502, 0.0124237, -0.00394947, -0.0346617, -0.0230354, -0.0716637, 0.00996206, -0.0555253, 0.00489529, -0.0450519, -0.00444454, -0.0862051, -0.0260429, -0.0868771, -0.0240226, -0.0346617, -0.0230354, -0.0716637, 0.00996206, -0.0862051, -0.0260429, -0.107873, -0.0369888, -0.0331038, 0.00177824, -0.0346617, -0.0230354, -0.117501, -0.0261071, -0.10926, -0.00252134, -0.0716637, 0.00996206, -0.0862051, -0.0260429, -0.127864, -0.0259731, -0.150684, 0.0249661, -0.0868771, -0.0240226, -0.0862051, -0.0260429, -0.0928445, -0.0172837, -0.0207292, -0.0143502, -0.107873, -0.0369888, -0.0331038, 0.00177824, -0.0716637, 0.00996206, -0.10926, -0.00252134, -0.117501, -0.0261071, -0.0346617, -0.0230354, -0.0868771, -0.0240226, -0.150684, 0.0249661, -0.127864, -0.0259731, -0.0862051, -0.0260429, -0.107873, -0.0369888, -0.0207292, -0.0143502, -0.0928445, -0.0172837, -0.0862051, -0.0260429, -0.0450519, -0.00444454, -0.0192546, -0.0186736, -0.0555253, 0.00489529, -0.0716637, 0.00996206, -0.0346617, -0.0230354, 0.0124237, -0.00394947, -0.0346617, -0.0230354, -0.0868771, -0.0240226, -0.0862051, -0.0260429, -0.0450519, -0.00444454, -0.0331038, 0.00177824, -0.107873, -0.0369888, -0.0862051, -0.0260429, -0.0716637, 0.00996206, -0.0555253, 0.00489529, -0.0450519, -0.00444454, -0.0331038, 0.00177824, ],]
##############################################################################
clock_duration  =         2348.08
tau =                     1.36769
total_steps =             32
time_step =               0.0427404
best_mc_result =          0.0910614
best_mc_result_non_secondary =          0.0939366
evolved_target_dot_squared =  0.908939
distance =          0.104284
j_protocol =  [[1, 1, 1, 0, 1, 0, 0, 1, 1, 0, 1, 1, 1, 1, 1, 1, 1, 0, 0, 1, 1, 1, 1, 0, 0, 1, 1, 1, 1, 1, 0, 0, ],[1, 1, 1, 1, 0, 0, 1, 0, 0, 1, 1, 1, 1, 1, 1, 1, 1, 1, 0, 1, 0, 1, 1, 0, 1, 1, 1, 1, 1, 1, 0, 0, ],]
k_protocol =  [[1, 1, 1, 1, 1, 1, 1, 1, 1, 1, 1, 1, 1, 1, 1, 1, 1, 1, 1, 1, 1, 1, 1, 1, 1, 1, 1, 1, 1, 1, 1, 1, ],[1, 1, 1, 1, 1, 1, 1, 1, 1, 1, 1, 1, 1, 1, 1, 1, 1, 1, 1, 1, 1, 1, 1, 1, 1, 1, 1, 1, 1, 1, 1, 1, ],]
j_protocol_secondary =  [0, 0.177872, 0.276783, 0.289847, 0.368846, 0.631899, 0.631899, 0.777169, 0.813986, 0.851862, 0.906279, 0.979765, 1.03089, 1.27806, ]
k_protocol_secondary =  [0.00923475, 0.025159, 0.025159, 0.337304, 0.337304, 0.349409, 0.349409, 0.794057, 0.794057, 1.10968, 1.10968, 1.1543, 1.1543, 1.36769, ]
best_evolved_state = [0.0150721, 0.0175069, 0.0112235, 0.0297287, 0.0103483, 0.042083, 0.0299379, 0.0148036, 0.0112235, 0.0297287, 0.0150721, 0.0175069, 0.0307846, 0.0404029, 0.0183769, 0.0918885, 0.0243432, 0.0793831, 0.0150721, 0.0175069, 0.0183769, 0.0918885, 0.0133665, 0.0951477, -0.0111595, 0.0603816, 0.0243432, 0.0793831, -0.0111595, 0.0603816, 0.0243432, 0.0793831, -0.0111595, 0.0603816, 0.0133665, 0.0951477, 0.0183769, 0.0918885, 0.0266424, 0.147675, 0.0651599, 0.111079, 0.0150721, 0.0175069, 0.0243432, 0.0793831, 0.0183769, 0.0918885, 0.0307846, 0.0404029, 0.0411609, 0.100256, 0.0266424, 0.147675, -0.0111595, 0.0603816, 0.0112235, 0.0297287, 0.0183769, 0.0918885, 0.0214604, 0.0835402, 0.00725568, 0.041714, 0.0364286, 0.10503, 0.070095, 0.139531, 0.0133665, 0.0951477, 0.0103483, 0.042083, 0.0183769, 0.0918885, 0.0266424, 0.147675, 0.070095, 0.139531, 0.0214604, 0.0835402, 0.070095, 0.139531, 0.129493, 0.0691224, 0.0651599, 0.111079, 0.0133665, 0.0951477, -0.0111595, 0.0603816, 0.0214604, 0.0835402, 0.070095, 0.139531, 0.0266424, 0.147675, 0.0183769, 0.0918885, 0.0133665, 0.0951477, 0.0651599, 0.111079, 0.129493, 0.0691224, 0.070095, 0.139531, 0.0266424, 0.147675, 0.0651599, 0.111079, 0.00725568, 0.041714, 0.0214604, 0.0835402, 0.0183769, 0.0918885, 0.0112235, 0.0297287, 0.0103483, 0.042083, 0.0133665, 0.0951477, 0.070095, 0.139531, 0.0364286, 0.10503, 0.0411609, 0.100256, 0.0266424, 0.147675, -0.0111595, 0.0603816, -0.0101856, 0.0113313, 0.00725568, 0.041714, 0.0307846, 0.0404029, 0.0299379, 0.0148036, 0.0112235, 0.0297287, 0.0183769, 0.0918885, 0.0214604, 0.0835402, 0.00725568, 0.041714, 0.0307846, 0.0404029, 0.0183769, 0.0918885, 0.0243432, 0.0793831, 0.0150721, 0.0175069, 0.00725568, 0.041714, 0.0364286, 0.10503, 0.0411609, 0.100256, 0.0307846, 0.0404029, 0.0183769, 0.0918885, 0.0266424, 0.147675, 0.070095, 0.139531, 0.0214604, 0.0835402, 0.0183769, 0.0918885, 0.0133665, 0.0951477, -0.0111595, 0.0603816, 0.0243432, 0.0793831, 0.0150721, 0.0175069, 0.0307846, 0.0404029, 0.0411609, 0.100256, 0.0364286, 0.10503, 0.00725568, 0.041714, 0.0214604, 0.0835402, 0.070095, 0.139531, 0.0266424, 0.147675, 0.0183769, 0.0918885, 0.0243432, 0.0793831, -0.0111595, 0.0603816, 0.0133665, 0.0951477, 0.0183769, 0.0918885, 0.0112235, 0.0297287, 0.0103483, 0.042083, 0.0299379, 0.0148036, 0.0307846, 0.0404029, 0.00725568, 0.041714, -0.0101856, 0.0113313, 0.00725568, 0.041714, 0.0214604, 0.0835402, 0.0183769, 0.0918885, 0.0112235, 0.0297287, 0.0150721, 0.0175069, 0.0243432, 0.0793831, 0.0183769, 0.0918885, 0.0307846, 0.0404029, 0.0299379, 0.0148036, 0.0112235, 0.0297287, 0.0150721, 0.0175069, ]
best_mc_result_fixed_tau =   [0.0971763, 0.0939366, ]
evolved_state_fixed_tau =   [[0.0160881, 0.0145143, 0.018007, 0.0276305, 0.012474, 0.0338511, 0.0307007, 0.0124022, 0.018007, 0.0276305, 0.0160881, 0.0145143, 0.0388561, 0.0333746, 0.0316914, 0.0824677, 0.0370451, 0.0776598, 0.0160881, 0.0145143, 0.0316914, 0.0824677, 0.0256075, 0.09336, -0.00335167, 0.051324, 0.0370451, 0.0776598, -0.00335167, 0.051324, 0.0370451, 0.0776598, -0.00335167, 0.051324, 0.0256075, 0.09336, 0.0316914, 0.0824677, 0.0430229, 0.143027, 0.0898041, 0.110766, 0.0160881, 0.0145143, 0.0370451, 0.0776598, 0.0316914, 0.0824677, 0.0388561, 0.0333746, 0.0544239, 0.0865632, 0.0430229, 0.143027, -0.00335167, 0.051324, 0.018007, 0.0276305, 0.0316914, 0.0824677, 0.0315558, 0.081718, 0.00750447, 0.0382457, 0.0487922, 0.100249, 0.0939315, 0.129877, 0.0256075, 0.09336, 0.012474, 0.0338511, 0.0316914, 0.0824677, 0.0430229, 0.143027, 0.0939315, 0.129877, 0.0315558, 0.081718, 0.0939315, 0.129877, 0.141397, 0.0544729, 0.0898041, 0.110766, 0.0256075, 0.09336, -0.00335167, 0.051324, 0.0315558, 0.081718, 0.0939315, 0.129877, 0.0430229, 0.143027, 0.0316914, 0.0824677, 0.0256075, 0.09336, 0.0898041, 0.110766, 0.141397, 0.0544729, 0.0939315, 0.129877, 0.0430229, 0.143027, 0.0898041, 0.110766, 0.00750447, 0.0382457, 0.0315558, 0.081718, 0.0316914, 0.0824677, 0.018007, 0.0276305, 0.012474, 0.0338511, 0.0256075, 0.09336, 0.0939315, 0.129877, 0.0487922, 0.100249, 0.0544239, 0.0865632, 0.0430229, 0.143027, -0.00335167, 0.051324, -0.0114755, 0.00771796, 0.00750447, 0.0382457, 0.0388561, 0.0333746, 0.0307007, 0.0124022, 0.018007, 0.0276305, 0.0316914, 0.0824677, 0.0315558, 0.081718, 0.00750447, 0.0382457, 0.0388561, 0.0333746, 0.0316914, 0.0824677, 0.0370451, 0.0776598, 0.0160881, 0.0145143, 0.00750447, 0.0382457, 0.0487922, 0.100249, 0.0544239, 0.0865632, 0.0388561, 0.0333746, 0.0316914, 0.0824677, 0.0430229, 0.143027, 0.0939315, 0.129877, 0.0315558, 0.081718, 0.0316914, 0.0824677, 0.0256075, 0.09336, -0.00335167, 0.051324, 0.0370451, 0.0776598, 0.0160881, 0.0145143, 0.0388561, 0.0333746, 0.0544239, 0.0865632, 0.0487922, 0.100249, 0.00750447, 0.0382457, 0.0315558, 0.081718, 0.0939315, 0.129877, 0.0430229, 0.143027, 0.0316914, 0.0824677, 0.0370451, 0.0776598, -0.00335167, 0.051324, 0.0256075, 0.09336, 0.0316914, 0.0824677, 0.018007, 0.0276305, 0.012474, 0.0338511, 0.0307007, 0.0124022, 0.0388561, 0.0333746, 0.00750447, 0.0382457, -0.0114755, 0.00771796, 0.00750447, 0.0382457, 0.0315558, 0.081718, 0.0316914, 0.0824677, 0.018007, 0.0276305, 0.0160881, 0.0145143, 0.0370451, 0.0776598, 0.0316914, 0.0824677, 0.0388561, 0.0333746, 0.0307007, 0.0124022, 0.018007, 0.0276305, 0.0160881, 0.0145143, ],[0.0173439, 0.0171423, 0.0106761, 0.0318974, 0.0114097, 0.0423596, 0.031397, 0.0141708, 0.0106761, 0.0318974, 0.0173439, 0.0171423, 0.0299713, 0.0403217, 0.0157621, 0.0934515, 0.0251846, 0.0795811, 0.0173439, 0.0171423, 0.0157621, 0.0934515, 0.00613387, 0.0970071, -0.0127809, 0.0652164, 0.0251846, 0.0795811, -0.0127809, 0.0652164, 0.0251846, 0.0795811, -0.0127809, 0.0652164, 0.00613387, 0.0970071, 0.0157621, 0.0934515, 0.0192472, 0.150752, 0.072803, 0.106776, 0.0173439, 0.0171423, 0.0251846, 0.0795811, 0.0157621, 0.0934515, 0.0299713, 0.0403217, 0.0368723, 0.101175, 0.0192472, 0.150752, -0.0127809, 0.0652164, 0.0106761, 0.0318974, 0.0157621, 0.0934515, 0.0200523, 0.0881547, 0.00538986, 0.0470855, 0.0370949, 0.109019, 0.0643515, 0.135109, 0.00613387, 0.0970071, 0.0114097, 0.0423596, 0.0157621, 0.0934515, 0.0192472, 0.150752, 0.0643515, 0.135109, 0.0200523, 0.0881547, 0.0643515, 0.135109, 0.100287, 0.065934, 0.072803, 0.106776, 0.00613387, 0.0970071, -0.0127809, 0.0652164, 0.0200523, 0.0881547, 0.0643515, 0.135109, 0.0192472, 0.150752, 0.0157621, 0.0934515, 0.00613387, 0.0970071, 0.072803, 0.106776, 0.100287, 0.065934, 0.0643515, 0.135109, 0.0192472, 0.150752, 0.072803, 0.106776, 0.00538986, 0.0470855, 0.0200523, 0.0881547, 0.0157621, 0.0934515, 0.0106761, 0.0318974, 0.0114097, 0.0423596, 0.00613387, 0.0970071, 0.0643515, 0.135109, 0.0370949, 0.109019, 0.0368723, 0.101175, 0.0192472, 0.150752, -0.0127809, 0.0652164, -0.0140789, 0.0151558, 0.00538986, 0.0470855, 0.0299713, 0.0403217, 0.031397, 0.0141708, 0.0106761, 0.0318974, 0.0157621, 0.0934515, 0.0200523, 0.0881547, 0.00538986, 0.0470855, 0.0299713, 0.0403217, 0.0157621, 0.0934515, 0.0251846, 0.0795811, 0.0173439, 0.0171423, 0.00538986, 0.0470855, 0.0370949, 0.109019, 0.0368723, 0.101175, 0.0299713, 0.0403217, 0.0157621, 0.0934515, 0.0192472, 0.150752, 0.0643515, 0.135109, 0.0200523, 0.0881547, 0.0157621, 0.0934515, 0.00613387, 0.0970071, -0.0127809, 0.0652164, 0.0251846, 0.0795811, 0.0173439, 0.0171423, 0.0299713, 0.0403217, 0.0368723, 0.101175, 0.0370949, 0.109019, 0.00538986, 0.0470855, 0.0200523, 0.0881547, 0.0643515, 0.135109, 0.0192472, 0.150752, 0.0157621, 0.0934515, 0.0251846, 0.0795811, -0.0127809, 0.0652164, 0.00613387, 0.0970071, 0.0157621, 0.0934515, 0.0106761, 0.0318974, 0.0114097, 0.0423596, 0.031397, 0.0141708, 0.0299713, 0.0403217, 0.00538986, 0.0470855, -0.0140789, 0.0151558, 0.00538986, 0.0470855, 0.0200523, 0.0881547, 0.0157621, 0.0934515, 0.0106761, 0.0318974, 0.0173439, 0.0171423, 0.0251846, 0.0795811, 0.0157621, 0.0934515, 0.0299713, 0.0403217, 0.031397, 0.0141708, 0.0106761, 0.0318974, 0.0173439, 0.0171423, ],]
##############################################################################
clock_duration  =         3195.11
tau =                     1.50446
total_steps =             32
time_step =               0.0470144
best_mc_result =          0.0661858
best_mc_result_non_secondary =          0.0747664
evolved_target_dot_squared =  0.933814
distance =          0.0757963
j_protocol =  [[1, 1, 0, 0, 0, 0, 1, 1, 1, 1, 0, 0, 1, 1, 1, 1, 1, 1, 0, 0, 1, 1, 1, 1, 0, 0, 1, 1, 1, 1, 1, 0, ],[1, 1, 0, 0, 0, 1, 1, 0, 0, 0, 1, 1, 1, 1, 1, 1, 1, 1, 0, 0, 1, 1, 0, 1, 1, 1, 0, 1, 1, 1, 1, 0, ],]
k_protocol =  [[1, 1, 1, 1, 1, 1, 1, 1, 1, 1, 1, 1, 1, 1, 1, 1, 1, 1, 1, 1, 1, 1, 1, 1, 1, 1, 1, 1, 1, 1, 1, 1, ],[0, 1, 1, 1, 1, 1, 1, 1, 1, 1, 1, 1, 1, 1, 1, 1, 1, 1, 1, 1, 1, 1, 1, 1, 1, 1, 1, 1, 1, 1, 1, 1, ],]
j_protocol_secondary =  [0, 0.13628, 0.228945, 0.288487, 0.438986, 0.822123, 0.915759, 1.04058, 1.0998, 1.21728, 1.25465, 1.48347, 1.50446, 1.50446, ]
k_protocol_secondary =  [0, 0, 0.00812184, 0.153922, 0.153922, 0.332091, 0.332091, 0.767192, 0.767192, 1.11227, 1.11227, 1.49524, 1.49524, 1.50446, ]
best_evolved_state = [0.0149925, 0.00354372, 0.0272871, 0.0178701, 0.0360446, 0.0108155, 0.00957385, -0.00870985, 0.0272871, 0.0178701, 0.0149925, 0.00354372, 0.0386733, 0.0112969, 0.0819871, 0.0425188, 0.0584304, 0.0246607, 0.0149925, 0.00354372, 0.0819871, 0.0425188, 0.0816233, 0.0705006, 0.0596191, 0.059329, 0.0584304, 0.0246607, 0.0596191, 0.059329, 0.0584304, 0.0246607, 0.0596191, 0.059329, 0.0816233, 0.0705006, 0.0819871, 0.0425188, 0.14134, 0.082792, 0.117073, 0.0312544, 0.0149925, 0.00354372, 0.0584304, 0.0246607, 0.0819871, 0.0425188, 0.0386733, 0.0112969, 0.0981483, 0.0369847, 0.14134, 0.082792, 0.0596191, 0.059329, 0.0272871, 0.0178701, 0.0819871, 0.0425188, 0.0758152, 0.0438227, 0.03664, 0.0218427, 0.0987352, 0.0373241, 0.141849, 0.0496007, 0.0816233, 0.0705006, 0.0360446, 0.0108155, 0.0819871, 0.0425188, 0.14134, 0.082792, 0.141849, 0.0496007, 0.0758152, 0.0438227, 0.141849, 0.0496007, 0.127151, 0.0042489, 0.117073, 0.0312544, 0.0816233, 0.0705006, 0.0596191, 0.059329, 0.0758152, 0.0438227, 0.141849, 0.0496007, 0.14134, 0.082792, 0.0819871, 0.0425188, 0.0816233, 0.0705006, 0.117073, 0.0312544, 0.127151, 0.0042489, 0.141849, 0.0496007, 0.14134, 0.082792, 0.117073, 0.0312544, 0.03664, 0.0218427, 0.0758152, 0.0438227, 0.0819871, 0.0425188, 0.0272871, 0.0178701, 0.0360446, 0.0108155, 0.0816233, 0.0705006, 0.141849, 0.0496007, 0.0987352, 0.0373241, 0.0981483, 0.0369847, 0.14134, 0.082792, 0.0596191, 0.059329, 0.0139912, 0.0185549, 0.03664, 0.0218427, 0.0386733, 0.0112969, 0.00957385, -0.00870985, 0.0272871, 0.0178701, 0.0819871, 0.0425188, 0.0758152, 0.0438227, 0.03664, 0.0218427, 0.0386733, 0.0112969, 0.0819871, 0.0425188, 0.0584304, 0.0246607, 0.0149925, 0.00354372, 0.03664, 0.0218427, 0.0987352, 0.0373241, 0.0981483, 0.0369847, 0.0386733, 0.0112969, 0.0819871, 0.0425188, 0.14134, 0.082792, 0.141849, 0.0496007, 0.0758152, 0.0438227, 0.0819871, 0.0425188, 0.0816233, 0.0705006, 0.0596191, 0.059329, 0.0584304, 0.0246607, 0.0149925, 0.00354372, 0.0386733, 0.0112969, 0.0981483, 0.0369847, 0.0987352, 0.0373241, 0.03664, 0.0218427, 0.0758152, 0.0438227, 0.141849, 0.0496007, 0.14134, 0.082792, 0.0819871, 0.0425188, 0.0584304, 0.0246607, 0.0596191, 0.059329, 0.0816233, 0.0705006, 0.0819871, 0.0425188, 0.0272871, 0.0178701, 0.0360446, 0.0108155, 0.00957385, -0.00870985, 0.0386733, 0.0112969, 0.03664, 0.0218427, 0.0139912, 0.0185549, 0.03664, 0.0218427, 0.0758152, 0.0438227, 0.0819871, 0.0425188, 0.0272871, 0.0178701, 0.0149925, 0.00354372, 0.0584304, 0.0246607, 0.0819871, 0.0425188, 0.0386733, 0.0112969, 0.00957385, -0.00870985, 0.0272871, 0.0178701, 0.0149925, 0.00354372, ]
best_mc_result_fixed_tau =   [0.0795137, 0.0747664, ]
evolved_state_fixed_tau =   [[0.019273, 0.000287902, 0.0312274, 0.00362506, 0.0325004, 0.00982997, 0.0209619, -0.0125134, 0.0312274, 0.00362506, 0.019273, 0.000287902, 0.0439846, -0.00772673, 0.0852352, 0.0201888, 0.0748423, 0.00962012, 0.019273, 0.000287902, 0.0852352, 0.0201888, 0.0966347, 0.0363858, 0.0496606, 0.0371119, 0.0748423, 0.00962012, 0.0496606, 0.0371119, 0.0748423, 0.00962012, 0.0496606, 0.0371119, 0.0966347, 0.0363858, 0.0852352, 0.0201888, 0.15279, 0.0437779, 0.13839, -0.00924449, 0.019273, 0.000287902, 0.0748423, 0.00962012, 0.0852352, 0.0201888, 0.0439846, -0.00772673, 0.100422, 0.00712046, 0.15279, 0.0437779, 0.0496606, 0.0371119, 0.0312274, 0.00362506, 0.0852352, 0.0201888, 0.0848567, 0.0207664, 0.0356835, 0.015676, 0.107543, 0.013944, 0.15764, -0.000564618, 0.0966347, 0.0363858, 0.0325004, 0.00982997, 0.0852352, 0.0201888, 0.15279, 0.0437779, 0.15764, -0.000564618, 0.0848567, 0.0207664, 0.15764, -0.000564618, 0.131932, -0.0630853, 0.13839, -0.00924449, 0.0966347, 0.0363858, 0.0496606, 0.0371119, 0.0848567, 0.0207664, 0.15764, -0.000564618, 0.15279, 0.0437779, 0.0852352, 0.0201888, 0.0966347, 0.0363858, 0.13839, -0.00924449, 0.131932, -0.0630853, 0.15764, -0.000564618, 0.15279, 0.0437779, 0.13839, -0.00924449, 0.0356835, 0.015676, 0.0848567, 0.0207664, 0.0852352, 0.0201888, 0.0312274, 0.00362506, 0.0325004, 0.00982997, 0.0966347, 0.0363858, 0.15764, -0.000564618, 0.107543, 0.013944, 0.100422, 0.00712046, 0.15279, 0.0437779, 0.0496606, 0.0371119, 0.00362459, 0.0137993, 0.0356835, 0.015676, 0.0439846, -0.00772673, 0.0209619, -0.0125134, 0.0312274, 0.00362506, 0.0852352, 0.0201888, 0.0848567, 0.0207664, 0.0356835, 0.015676, 0.0439846, -0.00772673, 0.0852352, 0.0201888, 0.0748423, 0.00962012, 0.019273, 0.000287902, 0.0356835, 0.015676, 0.107543, 0.013944, 0.100422, 0.00712046, 0.0439846, -0.00772673, 0.0852352, 0.0201888, 0.15279, 0.0437779, 0.15764, -0.000564618, 0.0848567, 0.0207664, 0.0852352, 0.0201888, 0.0966347, 0.0363858, 0.0496606, 0.0371119, 0.0748423, 0.00962012, 0.019273, 0.000287902, 0.0439846, -0.00772673, 0.100422, 0.00712046, 0.107543, 0.013944, 0.0356835, 0.015676, 0.0848567, 0.0207664, 0.15764, -0.000564618, 0.15279, 0.0437779, 0.0852352, 0.0201888, 0.0748423, 0.00962012, 0.0496606, 0.0371119, 0.0966347, 0.0363858, 0.0852352, 0.0201888, 0.0312274, 0.00362506, 0.0325004, 0.00982997, 0.0209619, -0.0125134, 0.0439846, -0.00772673, 0.0356835, 0.015676, 0.00362459, 0.0137993, 0.0356835, 0.015676, 0.0848567, 0.0207664, 0.0852352, 0.0201888, 0.0312274, 0.00362506, 0.019273, 0.000287902, 0.0748423, 0.00962012, 0.0852352, 0.0201888, 0.0439846, -0.00772673, 0.0209619, -0.0125134, 0.0312274, 0.00362506, 0.019273, 0.000287902, ],[0.0161211, 0.00628567, 0.025565, 0.020656, 0.0332603, 0.0161821, 0.0192886, -0.00337873, 0.025565, 0.020656, 0.0161211, 0.00628567, 0.0437232, 0.0159262, 0.0741185, 0.0532911, 0.058601, 0.0415053, 0.0161211, 0.00628567, 0.0741185, 0.0532911, 0.0724381, 0.0704258, 0.0417718, 0.0545067, 0.058601, 0.0415053, 0.0417718, 0.0545067, 0.058601, 0.0415053, 0.0417718, 0.0545067, 0.0724381, 0.0704258, 0.0741185, 0.0532911, 0.123688, 0.0955954, 0.123324, 0.0498691, 0.0161211, 0.00628567, 0.058601, 0.0415053, 0.0741185, 0.0532911, 0.0437232, 0.0159262, 0.0949133, 0.0483223, 0.123688, 0.0955954, 0.0417718, 0.0545067, 0.025565, 0.020656, 0.0741185, 0.0532911, 0.0676151, 0.0506822, 0.0291706, 0.0234376, 0.0910288, 0.0540812, 0.145841, 0.0623303, 0.0724381, 0.0704258, 0.0332603, 0.0161821, 0.0741185, 0.0532911, 0.123688, 0.0955954, 0.145841, 0.0623303, 0.0676151, 0.0506822, 0.145841, 0.0623303, 0.147786, -0.0168417, 0.123324, 0.0498691, 0.0724381, 0.0704258, 0.0417718, 0.0545067, 0.0676151, 0.0506822, 0.145841, 0.0623303, 0.123688, 0.0955954, 0.0741185, 0.0532911, 0.0724381, 0.0704258, 0.123324, 0.0498691, 0.147786, -0.0168417, 0.145841, 0.0623303, 0.123688, 0.0955954, 0.123324, 0.0498691, 0.0291706, 0.0234376, 0.0676151, 0.0506822, 0.0741185, 0.0532911, 0.025565, 0.020656, 0.0332603, 0.0161821, 0.0724381, 0.0704258, 0.145841, 0.0623303, 0.0910288, 0.0540812, 0.0949133, 0.0483223, 0.123688, 0.0955954, 0.0417718, 0.0545067, 0.00511596, 0.0121781, 0.0291706, 0.0234376, 0.0437232, 0.0159262, 0.0192886, -0.00337873, 0.025565, 0.020656, 0.0741185, 0.0532911, 0.0676151, 0.0506822, 0.0291706, 0.0234376, 0.0437232, 0.0159262, 0.0741185, 0.0532911, 0.058601, 0.0415053, 0.0161211, 0.00628567, 0.0291706, 0.0234376, 0.0910288, 0.0540812, 0.0949133, 0.0483223, 0.0437232, 0.0159262, 0.0741185, 0.0532911, 0.123688, 0.0955954, 0.145841, 0.0623303, 0.0676151, 0.0506822, 0.0741185, 0.0532911, 0.0724381, 0.0704258, 0.0417718, 0.0545067, 0.058601, 0.0415053, 0.0161211, 0.00628567, 0.0437232, 0.0159262, 0.0949133, 0.0483223, 0.0910288, 0.0540812, 0.0291706, 0.0234376, 0.0676151, 0.0506822, 0.145841, 0.0623303, 0.123688, 0.0955954, 0.0741185, 0.0532911, 0.058601, 0.0415053, 0.0417718, 0.0545067, 0.0724381, 0.0704258, 0.0741185, 0.0532911, 0.025565, 0.020656, 0.0332603, 0.0161821, 0.0192886, -0.00337873, 0.0437232, 0.0159262, 0.0291706, 0.0234376, 0.00511596, 0.0121781, 0.0291706, 0.0234376, 0.0676151, 0.0506822, 0.0741185, 0.0532911, 0.025565, 0.020656, 0.0161211, 0.00628567, 0.058601, 0.0415053, 0.0741185, 0.0532911, 0.0437232, 0.0159262, 0.0192886, -0.00337873, 0.025565, 0.020656, 0.0161211, 0.00628567, ],]
##############################################################################
clock_duration  =         4061.51
tau =                     1.65491
total_steps =             32
time_step =               0.0517159
best_mc_result =          0.0522637
best_mc_result_non_secondary =          0.061778
evolved_target_dot_squared =  0.947736
distance =          0.0598527
j_protocol =  [[1, 0, 1, 1, 0, 0, 0, 1, 1, 0, 1, 0, 1, 1, 1, 1, 1, 1, 0, 0, 0, 0, 1, 1, 1, 1, 0, 1, 1, 1, 1, 1, ],[1, 0, 1, 1, 0, 0, 1, 0, 0, 0, 1, 1, 1, 1, 1, 1, 1, 0, 0, 0, 1, 1, 0, 1, 0, 1, 1, 1, 1, 1, 1, 1, ],]
k_protocol =  [[1, 1, 1, 1, 1, 1, 1, 1, 1, 1, 1, 1, 1, 1, 1, 0, 1, 1, 1, 1, 1, 1, 1, 1, 1, 1, 1, 1, 1, 1, 1, 1, ],[1, 1, 1, 1, 1, 1, 1, 1, 1, 1, 1, 1, 1, 1, 1, 1, 1, 1, 1, 1, 0, 1, 1, 1, 1, 1, 1, 1, 1, 1, 1, 1, ],]
j_protocol_secondary =  [0, 0.0769993, 0.117438, 0.175984, 0.316445, 0.378487, 0.512523, 0.825718, 0.933887, 1.15469, 1.18542, 1.20234, 1.28063, 1.65073, ]
k_protocol_secondary =  [0, 0, 0.00724409, 0.491022, 0.491022, 1.03432, 1.03432, 1.26646, 1.26646, 1.55654, 1.55894, 1.55894, 1.55894, 1.65491, ]
best_evolved_state = [0.0140673, -0.00721629, 0.0290331, -0.0149677, 0.024362, -0.0140484, 0.00688483, -0.00196987, 0.0290331, -0.0149677, 0.0140673, -0.00721629, 0.0325389, -0.0222391, 0.0738977, -0.0458655, 0.0498849, -0.0268424, 0.0140673, -0.00721629, 0.0738977, -0.0458655, 0.114712, -0.03716, 0.0774081, -0.0322749, 0.0498849, -0.0268424, 0.0774081, -0.0322749, 0.0498849, -0.0268424, 0.0774081, -0.0322749, 0.114712, -0.03716, 0.0738977, -0.0458655, 0.144983, -0.086335, 0.0912033, -0.0712377, 0.0140673, -0.00721629, 0.0498849, -0.0268424, 0.0738977, -0.0458655, 0.0325389, -0.0222391, 0.0812052, -0.0620738, 0.144983, -0.086335, 0.0774081, -0.0322749, 0.0290331, -0.0149677, 0.0738977, -0.0458655, 0.0773427, -0.0405752, 0.0357648, -0.0181063, 0.0782008, -0.0600437, 0.123574, -0.0861971, 0.114712, -0.03716, 0.024362, -0.0140484, 0.0738977, -0.0458655, 0.144983, -0.086335, 0.123574, -0.0861971, 0.0773427, -0.0405752, 0.123574, -0.0861971, 0.0979403, -0.0918533, 0.0912033, -0.0712377, 0.114712, -0.03716, 0.0774081, -0.0322749, 0.0773427, -0.0405752, 0.123574, -0.0861971, 0.144983, -0.086335, 0.0738977, -0.0458655, 0.114712, -0.03716, 0.0912033, -0.0712377, 0.0979403, -0.0918533, 0.123574, -0.0861971, 0.144983, -0.086335, 0.0912033, -0.0712377, 0.0357648, -0.0181063, 0.0773427, -0.0405752, 0.0738977, -0.0458655, 0.0290331, -0.0149677, 0.024362, -0.0140484, 0.114712, -0.03716, 0.123574, -0.0861971, 0.0782008, -0.0600437, 0.0812052, -0.0620738, 0.144983, -0.086335, 0.0774081, -0.0322749, 0.018284, -0.0080673, 0.0357648, -0.0181063, 0.0325389, -0.0222391, 0.00688483, -0.00196987, 0.0290331, -0.0149677, 0.0738977, -0.0458655, 0.0773427, -0.0405752, 0.0357648, -0.0181063, 0.0325389, -0.0222391, 0.0738977, -0.0458655, 0.0498849, -0.0268424, 0.0140673, -0.00721629, 0.0357648, -0.0181063, 0.0782008, -0.0600437, 0.0812052, -0.0620738, 0.0325389, -0.0222391, 0.0738977, -0.0458655, 0.144983, -0.086335, 0.123574, -0.0861971, 0.0773427, -0.0405752, 0.0738977, -0.0458655, 0.114712, -0.03716, 0.0774081, -0.0322749, 0.0498849, -0.0268424, 0.0140673, -0.00721629, 0.0325389, -0.0222391, 0.0812052, -0.0620738, 0.0782008, -0.0600437, 0.0357648, -0.0181063, 0.0773427, -0.0405752, 0.123574, -0.0861971, 0.144983, -0.086335, 0.0738977, -0.0458655, 0.0498849, -0.0268424, 0.0774081, -0.0322749, 0.114712, -0.03716, 0.0738977, -0.0458655, 0.0290331, -0.0149677, 0.024362, -0.0140484, 0.00688483, -0.00196987, 0.0325389, -0.0222391, 0.0357648, -0.0181063, 0.018284, -0.0080673, 0.0357648, -0.0181063, 0.0773427, -0.0405752, 0.0738977, -0.0458655, 0.0290331, -0.0149677, 0.0140673, -0.00721629, 0.0498849, -0.0268424, 0.0738977, -0.0458655, 0.0325389, -0.0222391, 0.00688483, -0.00196987, 0.0290331, -0.0149677, 0.0140673, -0.00721629, ]
best_mc_result_fixed_tau =   [0.0659743, 0.061778, ]
evolved_state_fixed_tau =   [[0.00935759, -0.0114039, 0.0320041, -0.00510977, 0.0253409, -0.0235689, -0.00464767, -0.00384374, 0.0320041, -0.00510977, 0.00935759, -0.0114039, 0.0301392, -0.015518, 0.0764906, -0.0343682, 0.0474112, -0.0210934, 0.00935759, -0.0114039, 0.0764906, -0.0343682, 0.111012, -0.00402314, 0.0886246, -0.0107295, 0.0474112, -0.0210934, 0.0886246, -0.0107295, 0.0474112, -0.0210934, 0.0886246, -0.0107295, 0.111012, -0.00402314, 0.0764906, -0.0343682, 0.161023, -0.0479885, 0.119221, -0.0627733, 0.00935759, -0.0114039, 0.0474112, -0.0210934, 0.0764906, -0.0343682, 0.0301392, -0.015518, 0.0854308, -0.0440692, 0.161023, -0.0479885, 0.0886246, -0.0107295, 0.0320041, -0.00510977, 0.0764906, -0.0343682, 0.0865404, -0.0245272, 0.0392005, -0.00827182, 0.0912186, -0.0454888, 0.136668, -0.0705802, 0.111012, -0.00402314, 0.0253409, -0.0235689, 0.0764906, -0.0343682, 0.161023, -0.0479885, 0.136668, -0.0705802, 0.0865404, -0.0245272, 0.136668, -0.0705802, 0.109319, -0.0719344, 0.119221, -0.0627733, 0.111012, -0.00402314, 0.0886246, -0.0107295, 0.0865404, -0.0245272, 0.136668, -0.0705802, 0.161023, -0.0479885, 0.0764906, -0.0343682, 0.111012, -0.00402314, 0.119221, -0.0627733, 0.109319, -0.0719344, 0.136668, -0.0705802, 0.161023, -0.0479885, 0.119221, -0.0627733, 0.0392005, -0.00827182, 0.0865404, -0.0245272, 0.0764906, -0.0343682, 0.0320041, -0.00510977, 0.0253409, -0.0235689, 0.111012, -0.00402314, 0.136668, -0.0705802, 0.0912186, -0.0454888, 0.0854308, -0.0440692, 0.161023, -0.0479885, 0.0886246, -0.0107295, 0.0235564, 0.00143337, 0.0392005, -0.00827182, 0.0301392, -0.015518, -0.00464767, -0.00384374, 0.0320041, -0.00510977, 0.0764906, -0.0343682, 0.0865404, -0.0245272, 0.0392005, -0.00827182, 0.0301392, -0.015518, 0.0764906, -0.0343682, 0.0474112, -0.0210934, 0.00935759, -0.0114039, 0.0392005, -0.00827182, 0.0912186, -0.0454888, 0.0854308, -0.0440692, 0.0301392, -0.015518, 0.0764906, -0.0343682, 0.161023, -0.0479885, 0.136668, -0.0705802, 0.0865404, -0.0245272, 0.0764906, -0.0343682, 0.111012, -0.00402314, 0.0886246, -0.0107295, 0.0474112, -0.0210934, 0.00935759, -0.0114039, 0.0301392, -0.015518, 0.0854308, -0.0440692, 0.0912186, -0.0454888, 0.0392005, -0.00827182, 0.0865404, -0.0245272, 0.136668, -0.0705802, 0.161023, -0.0479885, 0.0764906, -0.0343682, 0.0474112, -0.0210934, 0.0886246, -0.0107295, 0.111012, -0.00402314, 0.0764906, -0.0343682, 0.0320041, -0.00510977, 0.0253409, -0.0235689, -0.00464767, -0.00384374, 0.0301392, -0.015518, 0.0392005, -0.00827182, 0.0235564, 0.00143337, 0.0392005, -0.00827182, 0.0865404, -0.0245272, 0.0764906, -0.0343682, 0.0320041, -0.00510977, 0.00935759, -0.0114039, 0.0474112, -0.0210934, 0.0764906, -0.0343682, 0.0301392, -0.015518, -0.00464767, -0.00384374, 0.0320041, -0.00510977, 0.00935759, -0.0114039, ],[0.0110489, -0.00569156, 0.0346256, -0.00200171, 0.027117, -0.0171214, 0.00122549, -0.000709585, 0.0346256, -0.00200171, 0.0110489, -0.00569156, 0.0373266, -0.0106492, 0.0814764, -0.0241869, 0.0528071, -0.00969324, 0.0110489, -0.00569156, 0.0814764, -0.0241869, 0.114946, 0.00064255, 0.0876565, -0.00831523, 0.0528071, -0.00969324, 0.0876565, -0.00831523, 0.0528071, -0.00969324, 0.0876565, -0.00831523, 0.114946, 0.00064255, 0.0814764, -0.0241869, 0.161871, -0.0416592, 0.114549, -0.0616156, 0.0110489, -0.00569156, 0.0528071, -0.00969324, 0.0814764, -0.0241869, 0.0373266, -0.0106492, 0.093937, -0.0355506, 0.161871, -0.0416592, 0.0876565, -0.00831523, 0.0346256, -0.00200171, 0.0814764, -0.0241869, 0.0868904, -0.018139, 0.0404287, -0.00570842, 0.0942517, -0.0363776, 0.137426, -0.0611883, 0.114946, 0.00064255, 0.027117, -0.0171214, 0.0814764, -0.0241869, 0.161871, -0.0416592, 0.137426, -0.0611883, 0.0868904, -0.018139, 0.137426, -0.0611883, 0.110633, -0.0751788, 0.114549, -0.0616156, 0.114946, 0.00064255, 0.0876565, -0.00831523, 0.0868904, -0.018139, 0.137426, -0.0611883, 0.161871, -0.0416592, 0.0814764, -0.0241869, 0.114946, 0.00064255, 0.114549, -0.0616156, 0.110633, -0.0751788, 0.137426, -0.0611883, 0.161871, -0.0416592, 0.114549, -0.0616156, 0.0404287, -0.00570842, 0.0868904, -0.018139, 0.0814764, -0.0241869, 0.0346256, -0.00200171, 0.027117, -0.0171214, 0.114946, 0.00064255, 0.137426, -0.0611883, 0.0942517, -0.0363776, 0.093937, -0.0355506, 0.161871, -0.0416592, 0.0876565, -0.00831523, 0.0230166, 0.000583847, 0.0404287, -0.00570842, 0.0373266, -0.0106492, 0.00122549, -0.000709585, 0.0346256, -0.00200171, 0.0814764, -0.0241869, 0.0868904, -0.018139, 0.0404287, -0.00570842, 0.0373266, -0.0106492, 0.0814764, -0.0241869, 0.0528071, -0.00969324, 0.0110489, -0.00569156, 0.0404287, -0.00570842, 0.0942517, -0.0363776, 0.093937, -0.0355506, 0.0373266, -0.0106492, 0.0814764, -0.0241869, 0.161871, -0.0416592, 0.137426, -0.0611883, 0.0868904, -0.018139, 0.0814764, -0.0241869, 0.114946, 0.00064255, 0.0876565, -0.00831523, 0.0528071, -0.00969324, 0.0110489, -0.00569156, 0.0373266, -0.0106492, 0.093937, -0.0355506, 0.0942517, -0.0363776, 0.0404287, -0.00570842, 0.0868904, -0.018139, 0.137426, -0.0611883, 0.161871, -0.0416592, 0.0814764, -0.0241869, 0.0528071, -0.00969324, 0.0876565, -0.00831523, 0.114946, 0.00064255, 0.0814764, -0.0241869, 0.0346256, -0.00200171, 0.027117, -0.0171214, 0.00122549, -0.000709585, 0.0373266, -0.0106492, 0.0404287, -0.00570842, 0.0230166, 0.000583847, 0.0404287, -0.00570842, 0.0868904, -0.018139, 0.0814764, -0.0241869, 0.0346256, -0.00200171, 0.0110489, -0.00569156, 0.0528071, -0.00969324, 0.0814764, -0.0241869, 0.0373266, -0.0106492, 0.00122549, -0.000709585, 0.0346256, -0.00200171, 0.0110489, -0.00569156, ],]
##############################################################################
clock_duration  =         5027.3
tau =                     1.8204
total_steps =             32
time_step =               0.0568875
best_mc_result =          0.0402039
best_mc_result_non_secondary =          0.0499909
evolved_target_dot_squared =  0.959796
distance =          0.0460417
j_protocol =  [[1, 1, 0, 0, 0, 0, 0, 0, 1, 1, 1, 1, 0, 0, 1, 1, 1, 1, 0, 0, 1, 1, 1, 1, 0, 0, 1, 1, 1, 1, 1, 1, ],[1, 1, 0, 0, 0, 0, 0, 0, 1, 1, 1, 1, 0, 0, 1, 1, 1, 1, 0, 0, 1, 1, 1, 1, 0, 0, 1, 1, 1, 1, 1, 1, ],]
k_protocol =  [[0, 0, 1, 1, 1, 1, 1, 1, 1, 1, 1, 1, 1, 1, 1, 1, 1, 1, 1, 1, 1, 1, 1, 1, 1, 1, 1, 1, 1, 0, 1, 1, ],[0, 0, 1, 1, 1, 1, 1, 1, 1, 1, 1, 1, 1, 1, 1, 1, 1, 1, 1, 1, 1, 1, 1, 1, 1, 1, 1, 1, 1, 1, 1, 1, ],]
j_protocol_secondary =  [0, 0.125966, 0.159302, 0.175908, 0.449301, 0.697855, 0.818201, 1.03999, 1.14566, 1.35017, 1.40829, 1.49698, 1.49698, 1.8156, ]
k_protocol_secondary =  [0.00743995, 0.200709, 0.200709, 0.527889, 0.527889, 0.790418, 0.790418, 1.06154, 1.06154, 1.63689, 1.70789, 1.75376, 1.75376, 1.8204, ]
best_evolved_state = [0.012256, -0.0126831, 0.0230547, -0.0217633, 0.0316878, -0.0226381, 0.0155792, -0.00687904, 0.0230547, -0.0217633, 0.012256, -0.0126831, 0.0312266, -0.0296562, 0.0545667, -0.0645997, 0.0444616, -0.0364583, 0.012256, -0.0126831, 0.0545667, -0.0645997, 0.096327, -0.0849417, 0.0573955, -0.0663342, 0.0444616, -0.0364583, 0.0573955, -0.0663342, 0.0444616, -0.0364583, 0.0573955, -0.0663342, 0.096327, -0.0849417, 0.0545667, -0.0645997, 0.0884913, -0.13387, 0.069932, -0.0928722, 0.012256, -0.0126831, 0.0444616, -0.0364583, 0.0545667, -0.0645997, 0.0312266, -0.0296562, 0.055653, -0.0855572, 0.0884913, -0.13387, 0.0573955, -0.0663342, 0.0230547, -0.0217633, 0.0545667, -0.0645997, 0.0610636, -0.0646916, 0.032832, -0.0306248, 0.0526651, -0.0761668, 0.0934857, -0.11716, 0.096327, -0.0849417, 0.0316878, -0.0226381, 0.0545667, -0.0645997, 0.0884913, -0.13387, 0.0934857, -0.11716, 0.0610636, -0.0646916, 0.0934857, -0.11716, 0.0913076, -0.100533, 0.069932, -0.0928722, 0.096327, -0.0849417, 0.0573955, -0.0663342, 0.0610636, -0.0646916, 0.0934857, -0.11716, 0.0884913, -0.13387, 0.0545667, -0.0645997, 0.096327, -0.0849417, 0.069932, -0.0928722, 0.0913076, -0.100533, 0.0934857, -0.11716, 0.0884913, -0.13387, 0.069932, -0.0928722, 0.032832, -0.0306248, 0.0610636, -0.0646916, 0.0545667, -0.0645997, 0.0230547, -0.0217633, 0.0316878, -0.0226381, 0.096327, -0.0849417, 0.0934857, -0.11716, 0.0526651, -0.0761668, 0.055653, -0.0855572, 0.0884913, -0.13387, 0.0573955, -0.0663342, 0.0167011, -0.013822, 0.032832, -0.0306248, 0.0312266, -0.0296562, 0.0155792, -0.00687904, 0.0230547, -0.0217633, 0.0545667, -0.0645997, 0.0610636, -0.0646916, 0.032832, -0.0306248, 0.0312266, -0.0296562, 0.0545667, -0.0645997, 0.0444616, -0.0364583, 0.012256, -0.0126831, 0.032832, -0.0306248, 0.0526651, -0.0761668, 0.055653, -0.0855572, 0.0312266, -0.0296562, 0.0545667, -0.0645997, 0.0884913, -0.13387, 0.0934857, -0.11716, 0.0610636, -0.0646916, 0.0545667, -0.0645997, 0.096327, -0.0849417, 0.0573955, -0.0663342, 0.0444616, -0.0364583, 0.012256, -0.0126831, 0.0312266, -0.0296562, 0.055653, -0.0855572, 0.0526651, -0.0761668, 0.032832, -0.0306248, 0.0610636, -0.0646916, 0.0934857, -0.11716, 0.0884913, -0.13387, 0.0545667, -0.0645997, 0.0444616, -0.0364583, 0.0573955, -0.0663342, 0.096327, -0.0849417, 0.0545667, -0.0645997, 0.0230547, -0.0217633, 0.0316878, -0.0226381, 0.0155792, -0.00687904, 0.0312266, -0.0296562, 0.032832, -0.0306248, 0.0167011, -0.013822, 0.032832, -0.0306248, 0.0610636, -0.0646916, 0.0545667, -0.0645997, 0.0230547, -0.0217633, 0.012256, -0.0126831, 0.0444616, -0.0364583, 0.0545667, -0.0645997, 0.0312266, -0.0296562, 0.0155792, -0.00687904, 0.0230547, -0.0217633, 0.012256, -0.0126831, ]
best_mc_result_fixed_tau =   [0.0499909, 0.0529379, ]
evolved_state_fixed_tau =   [[0.0165958, -0.00840724, 0.025734, -0.00968233, 0.0363336, -0.00695315, 0.00756947, -0.00377249, 0.025734, -0.00968233, 0.0165958, -0.00840724, 0.0311674, -0.0137113, 0.0747025, -0.0381434, 0.0441388, -0.0218366, 0.0165958, -0.00840724, 0.0747025, -0.0381434, 0.113536, -0.0368113, 0.0859472, -0.0231762, 0.0441388, -0.0218366, 0.0859472, -0.0231762, 0.0441388, -0.0218366, 0.0859472, -0.0231762, 0.113536, -0.0368113, 0.0747025, -0.0381434, 0.143514, -0.0868537, 0.104146, -0.0711373, 0.0165958, -0.00840724, 0.0441388, -0.0218366, 0.0747025, -0.0381434, 0.0311674, -0.0137113, 0.0824925, -0.0514393, 0.143514, -0.0868537, 0.0859472, -0.0231762, 0.025734, -0.00968233, 0.0747025, -0.0381434, 0.0803944, -0.0344788, 0.0412966, -0.0114743, 0.0789577, -0.0524098, 0.129041, -0.0811933, 0.113536, -0.0368113, 0.0363336, -0.00695315, 0.0747025, -0.0381434, 0.143514, -0.0868537, 0.129041, -0.0811933, 0.0803944, -0.0344788, 0.129041, -0.0811933, 0.112457, -0.0901365, 0.104146, -0.0711373, 0.113536, -0.0368113, 0.0859472, -0.0231762, 0.0803944, -0.0344788, 0.129041, -0.0811933, 0.143514, -0.0868537, 0.0747025, -0.0381434, 0.113536, -0.0368113, 0.104146, -0.0711373, 0.112457, -0.0901365, 0.129041, -0.0811933, 0.143514, -0.0868537, 0.104146, -0.0711373, 0.0412966, -0.0114743, 0.0803944, -0.0344788, 0.0747025, -0.0381434, 0.025734, -0.00968233, 0.0363336, -0.00695315, 0.113536, -0.0368113, 0.129041, -0.0811933, 0.0789577, -0.0524098, 0.0824925, -0.0514393, 0.143514, -0.0868537, 0.0859472, -0.0231762, 0.021694, 0.00118807, 0.0412966, -0.0114743, 0.0311674, -0.0137113, 0.00756947, -0.00377249, 0.025734, -0.00968233, 0.0747025, -0.0381434, 0.0803944, -0.0344788, 0.0412966, -0.0114743, 0.0311674, -0.0137113, 0.0747025, -0.0381434, 0.0441388, -0.0218366, 0.0165958, -0.00840724, 0.0412966, -0.0114743, 0.0789577, -0.0524098, 0.0824925, -0.0514393, 0.0311674, -0.0137113, 0.0747025, -0.0381434, 0.143514, -0.0868537, 0.129041, -0.0811933, 0.0803944, -0.0344788, 0.0747025, -0.0381434, 0.113536, -0.0368113, 0.0859472, -0.0231762, 0.0441388, -0.0218366, 0.0165958, -0.00840724, 0.0311674, -0.0137113, 0.0824925, -0.0514393, 0.0789577, -0.0524098, 0.0412966, -0.0114743, 0.0803944, -0.0344788, 0.129041, -0.0811933, 0.143514, -0.0868537, 0.0747025, -0.0381434, 0.0441388, -0.0218366, 0.0859472, -0.0231762, 0.113536, -0.0368113, 0.0747025, -0.0381434, 0.025734, -0.00968233, 0.0363336, -0.00695315, 0.00756947, -0.00377249, 0.0311674, -0.0137113, 0.0412966, -0.0114743, 0.021694, 0.00118807, 0.0412966, -0.0114743, 0.0803944, -0.0344788, 0.0747025, -0.0381434, 0.025734, -0.00968233, 0.0165958, -0.00840724, 0.0441388, -0.0218366, 0.0747025, -0.0381434, 0.0311674, -0.0137113, 0.00756947, -0.00377249, 0.025734, -0.00968233, 0.0165958, -0.00840724, ],[0.0165958, -0.00840724, 0.025734, -0.00968233, 0.0363336, -0.00695315, 0.00756947, -0.00377249, 0.025734, -0.00968233, 0.0165958, -0.00840724, 0.0311674, -0.0137113, 0.0747025, -0.0381434, 0.0441388, -0.0218366, 0.0165958, -0.00840724, 0.0747025, -0.0381434, 0.113536, -0.0368113, 0.0859472, -0.0231762, 0.0441388, -0.0218366, 0.0859472, -0.0231762, 0.0441388, -0.0218366, 0.0859472, -0.0231762, 0.113536, -0.0368113, 0.0747025, -0.0381434, 0.143514, -0.0868537, 0.104146, -0.0711373, 0.0165958, -0.00840724, 0.0441388, -0.0218366, 0.0747025, -0.0381434, 0.0311674, -0.0137113, 0.0824925, -0.0514393, 0.143514, -0.0868537, 0.0859472, -0.0231762, 0.025734, -0.00968233, 0.0747025, -0.0381434, 0.0803944, -0.0344788, 0.0412966, -0.0114743, 0.0789577, -0.0524098, 0.129041, -0.0811933, 0.113536, -0.0368113, 0.0363336, -0.00695315, 0.0747025, -0.0381434, 0.143514, -0.0868537, 0.129041, -0.0811933, 0.0803944, -0.0344788, 0.129041, -0.0811933, 0.112457, -0.0901365, 0.104146, -0.0711373, 0.113536, -0.0368113, 0.0859472, -0.0231762, 0.0803944, -0.0344788, 0.129041, -0.0811933, 0.143514, -0.0868537, 0.0747025, -0.0381434, 0.113536, -0.0368113, 0.104146, -0.0711373, 0.112457, -0.0901365, 0.129041, -0.0811933, 0.143514, -0.0868537, 0.104146, -0.0711373, 0.0412966, -0.0114743, 0.0803944, -0.0344788, 0.0747025, -0.0381434, 0.025734, -0.00968233, 0.0363336, -0.00695315, 0.113536, -0.0368113, 0.129041, -0.0811933, 0.0789577, -0.0524098, 0.0824925, -0.0514393, 0.143514, -0.0868537, 0.0859472, -0.0231762, 0.021694, 0.00118807, 0.0412966, -0.0114743, 0.0311674, -0.0137113, 0.00756947, -0.00377249, 0.025734, -0.00968233, 0.0747025, -0.0381434, 0.0803944, -0.0344788, 0.0412966, -0.0114743, 0.0311674, -0.0137113, 0.0747025, -0.0381434, 0.0441388, -0.0218366, 0.0165958, -0.00840724, 0.0412966, -0.0114743, 0.0789577, -0.0524098, 0.0824925, -0.0514393, 0.0311674, -0.0137113, 0.0747025, -0.0381434, 0.143514, -0.0868537, 0.129041, -0.0811933, 0.0803944, -0.0344788, 0.0747025, -0.0381434, 0.113536, -0.0368113, 0.0859472, -0.0231762, 0.0441388, -0.0218366, 0.0165958, -0.00840724, 0.0311674, -0.0137113, 0.0824925, -0.0514393, 0.0789577, -0.0524098, 0.0412966, -0.0114743, 0.0803944, -0.0344788, 0.129041, -0.0811933, 0.143514, -0.0868537, 0.0747025, -0.0381434, 0.0441388, -0.0218366, 0.0859472, -0.0231762, 0.113536, -0.0368113, 0.0747025, -0.0381434, 0.025734, -0.00968233, 0.0363336, -0.00695315, 0.00756947, -0.00377249, 0.0311674, -0.0137113, 0.0412966, -0.0114743, 0.021694, 0.00118807, 0.0412966, -0.0114743, 0.0803944, -0.0344788, 0.0747025, -0.0381434, 0.025734, -0.00968233, 0.0165958, -0.00840724, 0.0441388, -0.0218366, 0.0747025, -0.0381434, 0.0311674, -0.0137113, 0.00756947, -0.00377249, 0.025734, -0.00968233, 0.0165958, -0.00840724, ],]
##############################################################################
clock_duration  =         5944.59
tau =                     2.00244
total_steps =             32
time_step =               0.0625762
best_mc_result =          0.0281875
best_mc_result_non_secondary =          0.0428027
evolved_target_dot_squared =  0.971813
distance =          0.0322804
j_protocol =  [[1, 1, 0, 0, 0, 0, 0, 1, 1, 1, 1, 0, 0, 0, 1, 0, 1, 1, 1, 1, 0, 0, 1, 1, 1, 1, 1, 1, 1, 1, 1, 1, ],[1, 1, 0, 0, 0, 0, 1, 0, 1, 1, 1, 1, 0, 0, 1, 1, 0, 0, 0, 1, 1, 1, 0, 0, 1, 0, 1, 1, 1, 1, 1, 1, ],]
k_protocol =  [[1, 1, 1, 1, 1, 1, 1, 1, 1, 1, 1, 1, 1, 1, 1, 1, 1, 1, 1, 1, 1, 1, 1, 1, 1, 1, 1, 1, 1, 0, 1, 1, ],[0, 1, 1, 1, 1, 1, 1, 1, 1, 1, 1, 1, 1, 1, 1, 0, 1, 1, 1, 0, 0, 1, 1, 1, 1, 1, 1, 0, 1, 1, 1, 1, ],]
j_protocol_secondary =  [0, 0.143354, 0.488964, 0.703239, 0.732817, 0.765311, 0.850781, 0.904178, 0.906257, 0.933225, 1.01511, 1.21162, 1.32051, 1.9973, ]
k_protocol_secondary =  [0.00743784, 0.596705, 0.596705, 0.64768, 0.64768, 0.752406, 0.752406, 1.53524, 1.53524, 1.6408, 1.6408, 1.77586, 1.88894, 2.00244, ]
best_evolved_state = [0.00446943, -0.0197551, 0.0101336, -0.0311794, 0.00858158, -0.0507481, 0.00637798, -0.0229961, 0.0101336, -0.0311794, 0.00446943, -0.0197551, 0.00871308, -0.0490422, 0.00707546, -0.0847025, 0.0138912, -0.0635512, 0.00446943, -0.0197551, 0.00707546, -0.0847025, 0.00964853, -0.130087, -0.00217833, -0.0812884, 0.0138912, -0.0635512, -0.00217833, -0.0812884, 0.0138912, -0.0635512, -0.00217833, -0.0812884, 0.00964853, -0.130087, 0.00707546, -0.0847025, -0.0199014, -0.139354, 0.00259255, -0.123545, 0.00446943, -0.0197551, 0.0138912, -0.0635512, 0.00707546, -0.0847025, 0.00871308, -0.0490422, -0.0116997, -0.0974336, -0.0199014, -0.139354, -0.00217833, -0.0812884, 0.0101336, -0.0311794, 0.00707546, -0.0847025, 0.0101765, -0.0893486, 0.00905539, -0.0468959, 0.00197364, -0.0921651, 0.00312366, -0.154086, 0.00964853, -0.130087, 0.00858158, -0.0507481, 0.00707546, -0.0847025, -0.0199014, -0.139354, 0.00312366, -0.154086, 0.0101765, -0.0893486, 0.00312366, -0.154086, 0.0394205, -0.154609, 0.00259255, -0.123545, 0.00964853, -0.130087, -0.00217833, -0.0812884, 0.0101765, -0.0893486, 0.00312366, -0.154086, -0.0199014, -0.139354, 0.00707546, -0.0847025, 0.00964853, -0.130087, 0.00259255, -0.123545, 0.0394205, -0.154609, 0.00312366, -0.154086, -0.0199014, -0.139354, 0.00259255, -0.123545, 0.00905539, -0.0468959, 0.0101765, -0.0893486, 0.00707546, -0.0847025, 0.0101336, -0.0311794, 0.00858158, -0.0507481, 0.00964853, -0.130087, 0.00312366, -0.154086, 0.00197364, -0.0921651, -0.0116997, -0.0974336, -0.0199014, -0.139354, -0.00217833, -0.0812884, 0.00748071, -0.0201948, 0.00905539, -0.0468959, 0.00871308, -0.0490422, 0.00637798, -0.0229961, 0.0101336, -0.0311794, 0.00707546, -0.0847025, 0.0101765, -0.0893486, 0.00905539, -0.0468959, 0.00871308, -0.0490422, 0.00707546, -0.0847025, 0.0138912, -0.0635512, 0.00446943, -0.0197551, 0.00905539, -0.0468959, 0.00197364, -0.0921651, -0.0116997, -0.0974336, 0.00871308, -0.0490422, 0.00707546, -0.0847025, -0.0199014, -0.139354, 0.00312366, -0.154086, 0.0101765, -0.0893486, 0.00707546, -0.0847025, 0.00964853, -0.130087, -0.00217833, -0.0812884, 0.0138912, -0.0635512, 0.00446943, -0.0197551, 0.00871308, -0.0490422, -0.0116997, -0.0974336, 0.00197364, -0.0921651, 0.00905539, -0.0468959, 0.0101765, -0.0893486, 0.00312366, -0.154086, -0.0199014, -0.139354, 0.00707546, -0.0847025, 0.0138912, -0.0635512, -0.00217833, -0.0812884, 0.00964853, -0.130087, 0.00707546, -0.0847025, 0.0101336, -0.0311794, 0.00858158, -0.0507481, 0.00637798, -0.0229961, 0.00871308, -0.0490422, 0.00905539, -0.0468959, 0.00748071, -0.0201948, 0.00905539, -0.0468959, 0.0101765, -0.0893486, 0.00707546, -0.0847025, 0.0101336, -0.0311794, 0.00446943, -0.0197551, 0.0138912, -0.0635512, 0.00707546, -0.0847025, 0.00871308, -0.0490422, 0.00637798, -0.0229961, 0.0101336, -0.0311794, 0.00446943, -0.0197551, ]
best_mc_result_fixed_tau =   [0.0428027, 0.0495175, ]
evolved_state_fixed_tau =   [[0.00247105, -0.00879209, -0.0132032, -0.0313516, -0.0298098, -0.0270908, 0.00597875, -0.0156625, -0.0132032, -0.0313516, 0.00247105, -0.00879209, -0.0258562, -0.0443139, -0.0513105, -0.060916, -0.024204, -0.0551759, 0.00247105, -0.00879209, -0.0513105, -0.060916, -0.075788, -0.108804, -0.0614528, -0.0511063, -0.024204, -0.0551759, -0.0614528, -0.0511063, -0.024204, -0.0551759, -0.0614528, -0.0511063, -0.075788, -0.108804, -0.0513105, -0.060916, -0.109606, -0.0926902, -0.0671627, -0.0995507, 0.00247105, -0.00879209, -0.024204, -0.0551759, -0.0513105, -0.060916, -0.0258562, -0.0443139, -0.0748841, -0.0632368, -0.109606, -0.0926902, -0.0614528, -0.0511063, -0.0132032, -0.0313516, -0.0513105, -0.060916, -0.0464214, -0.0701963, -0.0254289, -0.0267886, -0.0518597, -0.0682947, -0.103751, -0.128783, -0.075788, -0.108804, -0.0298098, -0.0270908, -0.0513105, -0.060916, -0.109606, -0.0926902, -0.103751, -0.128783, -0.0464214, -0.0701963, -0.103751, -0.128783, -0.101298, -0.141654, -0.0671627, -0.0995507, -0.075788, -0.108804, -0.0614528, -0.0511063, -0.0464214, -0.0701963, -0.103751, -0.128783, -0.109606, -0.0926902, -0.0513105, -0.060916, -0.075788, -0.108804, -0.0671627, -0.0995507, -0.101298, -0.141654, -0.103751, -0.128783, -0.109606, -0.0926902, -0.0671627, -0.0995507, -0.0254289, -0.0267886, -0.0464214, -0.0701963, -0.0513105, -0.060916, -0.0132032, -0.0313516, -0.0298098, -0.0270908, -0.075788, -0.108804, -0.103751, -0.128783, -0.0518597, -0.0682947, -0.0748841, -0.0632368, -0.109606, -0.0926902, -0.0614528, -0.0511063, -0.0263842, -0.012662, -0.0254289, -0.0267886, -0.0258562, -0.0443139, 0.00597875, -0.0156625, -0.0132032, -0.0313516, -0.0513105, -0.060916, -0.0464214, -0.0701963, -0.0254289, -0.0267886, -0.0258562, -0.0443139, -0.0513105, -0.060916, -0.024204, -0.0551759, 0.00247105, -0.00879209, -0.0254289, -0.0267886, -0.0518597, -0.0682947, -0.0748841, -0.0632368, -0.0258562, -0.0443139, -0.0513105, -0.060916, -0.109606, -0.0926902, -0.103751, -0.128783, -0.0464214, -0.0701963, -0.0513105, -0.060916, -0.075788, -0.108804, -0.0614528, -0.0511063, -0.024204, -0.0551759, 0.00247105, -0.00879209, -0.0258562, -0.0443139, -0.0748841, -0.0632368, -0.0518597, -0.0682947, -0.0254289, -0.0267886, -0.0464214, -0.0701963, -0.103751, -0.128783, -0.109606, -0.0926902, -0.0513105, -0.060916, -0.024204, -0.0551759, -0.0614528, -0.0511063, -0.075788, -0.108804, -0.0513105, -0.060916, -0.0132032, -0.0313516, -0.0298098, -0.0270908, 0.00597875, -0.0156625, -0.0258562, -0.0443139, -0.0254289, -0.0267886, -0.0263842, -0.012662, -0.0254289, -0.0267886, -0.0464214, -0.0701963, -0.0513105, -0.060916, -0.0132032, -0.0313516, 0.00247105, -0.00879209, -0.024204, -0.0551759, -0.0513105, -0.060916, -0.0258562, -0.0443139, 0.00597875, -0.0156625, -0.0132032, -0.0313516, 0.00247105, -0.00879209, ],[0.00853674, -0.0157416, 0.0214986, -0.0159375, 0.0323209, -0.018476, 0.00770214, -0.0054858, 0.0214986, -0.0159375, 0.00853674, -0.0157416, 0.029123, -0.0203142, 0.0630541, -0.0555903, 0.0401261, -0.028086, 0.00853674, -0.0157416, 0.0630541, -0.0555903, 0.111668, -0.0607225, 0.0696076, -0.0532208, 0.0401261, -0.028086, 0.0696076, -0.0532208, 0.0401261, -0.028086, 0.0696076, -0.0532208, 0.111668, -0.0607225, 0.0630541, -0.0555903, 0.12369, -0.116676, 0.0737906, -0.0745261, 0.00853674, -0.0157416, 0.0401261, -0.028086, 0.0630541, -0.0555903, 0.029123, -0.0203142, 0.0705504, -0.0715517, 0.12369, -0.116676, 0.0696076, -0.0532208, 0.0214986, -0.0159375, 0.0630541, -0.0555903, 0.0683042, -0.0553922, 0.0369611, -0.0294415, 0.0602931, -0.0685552, 0.116278, -0.0938224, 0.111668, -0.0607225, 0.0323209, -0.018476, 0.0630541, -0.0555903, 0.12369, -0.116676, 0.116278, -0.0938224, 0.0683042, -0.0553922, 0.116278, -0.0938224, 0.120116, -0.0871006, 0.0737906, -0.0745261, 0.111668, -0.0607225, 0.0696076, -0.0532208, 0.0683042, -0.0553922, 0.116278, -0.0938224, 0.12369, -0.116676, 0.0630541, -0.0555903, 0.111668, -0.0607225, 0.0737906, -0.0745261, 0.120116, -0.0871006, 0.116278, -0.0938224, 0.12369, -0.116676, 0.0737906, -0.0745261, 0.0369611, -0.0294415, 0.0683042, -0.0553922, 0.0630541, -0.0555903, 0.0214986, -0.0159375, 0.0323209, -0.018476, 0.111668, -0.0607225, 0.116278, -0.0938224, 0.0602931, -0.0685552, 0.0705504, -0.0715517, 0.12369, -0.116676, 0.0696076, -0.0532208, 0.0237566, -0.0120121, 0.0369611, -0.0294415, 0.029123, -0.0203142, 0.00770214, -0.0054858, 0.0214986, -0.0159375, 0.0630541, -0.0555903, 0.0683042, -0.0553922, 0.0369611, -0.0294415, 0.029123, -0.0203142, 0.0630541, -0.0555903, 0.0401261, -0.028086, 0.00853674, -0.0157416, 0.0369611, -0.0294415, 0.0602931, -0.0685552, 0.0705504, -0.0715517, 0.029123, -0.0203142, 0.0630541, -0.0555903, 0.12369, -0.116676, 0.116278, -0.0938224, 0.0683042, -0.0553922, 0.0630541, -0.0555903, 0.111668, -0.0607225, 0.0696076, -0.0532208, 0.0401261, -0.028086, 0.00853674, -0.0157416, 0.029123, -0.0203142, 0.0705504, -0.0715517, 0.0602931, -0.0685552, 0.0369611, -0.0294415, 0.0683042, -0.0553922, 0.116278, -0.0938224, 0.12369, -0.116676, 0.0630541, -0.0555903, 0.0401261, -0.028086, 0.0696076, -0.0532208, 0.111668, -0.0607225, 0.0630541, -0.0555903, 0.0214986, -0.0159375, 0.0323209, -0.018476, 0.00770214, -0.0054858, 0.029123, -0.0203142, 0.0369611, -0.0294415, 0.0237566, -0.0120121, 0.0369611, -0.0294415, 0.0683042, -0.0553922, 0.0630541, -0.0555903, 0.0214986, -0.0159375, 0.00853674, -0.0157416, 0.0401261, -0.028086, 0.0630541, -0.0555903, 0.029123, -0.0203142, 0.00770214, -0.0054858, 0.0214986, -0.0159375, 0.00853674, -0.0157416, ],]
##############################################################################
clock_duration  =         7827.73
tau =                     2.10256
total_steps =             32
time_step =               0.0688339
best_mc_result =          0.0233174
best_mc_result_non_secondary =          0
evolved_target_dot_squared =  0.976683
distance =          0.0267032
j_protocol =  [[0, 0, 0, 0, 0, 0, 0, 0, 0, 0, 0, 0, 0, 0, 0, 0, 0, 0, 0, 0, 0, 0, 0, 0, 0, 0, 0, 0, 0, 0, 0, 0, ],[0, 0, 0, 0, 0, 0, 0, 0, 0, 0, 0, 0, 0, 0, 0, 0, 0, 0, 0, 0, 0, 0, 0, 0, 0, 0, 0, 0, 0, 0, 0, 0, ],]
k_protocol =  [[0, 0, 0, 0, 0, 0, 0, 0, 0, 0, 0, 0, 0, 0, 0, 0, 0, 0, 0, 0, 0, 0, 0, 0, 0, 0, 0, 0, 0, 0, 0, 0, ],[0, 0, 0, 0, 0, 0, 0, 0, 0, 0, 0, 0, 0, 0, 0, 0, 0, 0, 0, 0, 0, 0, 0, 0, 0, 0, 0, 0, 0, 0, 0, 0, ],]
j_protocol_secondary =  [0, 0.120679, 0.430352, 0.545787, 0.671914, 0.829173, 0.920274, 1.02493, 1.13677, 1.32234, 1.4083, 1.45282, 1.45282, 2.09798, ]
k_protocol_secondary =  [0.00655237, 0.0169518, 0.0169518, 0.875475, 0.875475, 1.16551, 1.16551, 1.53184, 1.53184, 1.8682, 1.97958, 1.98104, 1.98104, 2.10256, ]
best_evolved_state = [-0.0129427, -0.0175403, -0.0126413, -0.0317346, -0.0328535, -0.0406156, -0.0127048, -0.0186293, -0.0126413, -0.0317346, -0.0129427, -0.0175403, -0.028199, -0.0412092, -0.0536183, -0.0671903, -0.0340646, -0.0541043, -0.0129427, -0.0175403, -0.0536183, -0.0671903, -0.0819383, -0.096881, -0.0546626, -0.0572911, -0.0340646, -0.0541043, -0.0546626, -0.0572911, -0.0340646, -0.0541043, -0.0546626, -0.0572911, -0.0819383, -0.096881, -0.0536183, -0.0671903, -0.10395, -0.0878652, -0.0870159, -0.0934528, -0.0129427, -0.0175403, -0.0340646, -0.0541043, -0.0536183, -0.0671903, -0.028199, -0.0412092, -0.0727785, -0.0617982, -0.10395, -0.0878652, -0.0546626, -0.0572911, -0.0126413, -0.0317346, -0.0536183, -0.0671903, -0.0533127, -0.0737468, -0.0243026, -0.0408448, -0.0623192, -0.0713336, -0.106611, -0.114319, -0.0819383, -0.096881, -0.0328535, -0.0406156, -0.0536183, -0.0671903, -0.10395, -0.0878652, -0.106611, -0.114319, -0.0533127, -0.0737468, -0.106611, -0.114319, -0.0813088, -0.149004, -0.0870159, -0.0934528, -0.0819383, -0.096881, -0.0546626, -0.0572911, -0.0533127, -0.0737468, -0.106611, -0.114319, -0.10395, -0.0878652, -0.0536183, -0.0671903, -0.0819383, -0.096881, -0.0870159, -0.0934528, -0.0813088, -0.149004, -0.106611, -0.114319, -0.10395, -0.0878652, -0.0870159, -0.0934528, -0.0243026, -0.0408448, -0.0533127, -0.0737468, -0.0536183, -0.0671903, -0.0126413, -0.0317346, -0.0328535, -0.0406156, -0.0819383, -0.096881, -0.106611, -0.114319, -0.0623192, -0.0713336, -0.0727785, -0.0617982, -0.10395, -0.0878652, -0.0546626, -0.0572911, -0.00578626, -0.0200661, -0.0243026, -0.0408448, -0.028199, -0.0412092, -0.0127048, -0.0186293, -0.0126413, -0.0317346, -0.0536183, -0.0671903, -0.0533127, -0.0737468, -0.0243026, -0.0408448, -0.028199, -0.0412092, -0.0536183, -0.0671903, -0.0340646, -0.0541043, -0.0129427, -0.0175403, -0.0243026, -0.0408448, -0.0623192, -0.0713336, -0.0727785, -0.0617982, -0.028199, -0.0412092, -0.0536183, -0.0671903, -0.10395, -0.0878652, -0.106611, -0.114319, -0.0533127, -0.0737468, -0.0536183, -0.0671903, -0.0819383, -0.096881, -0.0546626, -0.0572911, -0.0340646, -0.0541043, -0.0129427, -0.0175403, -0.028199, -0.0412092, -0.0727785, -0.0617982, -0.0623192, -0.0713336, -0.0243026, -0.0408448, -0.0533127, -0.0737468, -0.106611, -0.114319, -0.10395, -0.0878652, -0.0536183, -0.0671903, -0.0340646, -0.0541043, -0.0546626, -0.0572911, -0.0819383, -0.096881, -0.0536183, -0.0671903, -0.0126413, -0.0317346, -0.0328535, -0.0406156, -0.0127048, -0.0186293, -0.028199, -0.0412092, -0.0243026, -0.0408448, -0.00578626, -0.0200661, -0.0243026, -0.0408448, -0.0533127, -0.0737468, -0.0536183, -0.0671903, -0.0126413, -0.0317346, -0.0129427, -0.0175403, -0.0340646, -0.0541043, -0.0536183, -0.0671903, -0.028199, -0.0412092, -0.0127048, -0.0186293, -0.0126413, -0.0317346, -0.0129427, -0.0175403, ]
best_mc_result_fixed_tau =   [0.0380765, 0.0269393, ]
evolved_state_fixed_tau =   [[-0.0222654, 0.000618781, -0.0349244, 0.0142616, -0.0313389, 0.0147977, -0.0253316, 0.0017644, -0.0349244, 0.0142616, -0.0222654, 0.000618781, -0.0429511, 0.0260786, -0.0721185, 0.0431242, -0.063833, 0.0286139, -0.0222654, 0.000618781, -0.0721185, 0.0431242, -0.105696, 0.0718442, -0.0600202, 0.0384934, -0.063833, 0.0286139, -0.0600202, 0.0384934, -0.063833, 0.0286139, -0.0600202, 0.0384934, -0.105696, 0.0718442, -0.0721185, 0.0431242, -0.106189, 0.0994668, -0.0942335, 0.079801, -0.0222654, 0.000618781, -0.063833, 0.0286139, -0.0721185, 0.0431242, -0.0429511, 0.0260786, -0.0718597, 0.065206, -0.106189, 0.0994668, -0.0600202, 0.0384934, -0.0349244, 0.0142616, -0.0721185, 0.0431242, -0.0811546, 0.0430419, -0.0394119, 0.0109152, -0.0821835, 0.0571484, -0.116974, 0.10648, -0.105696, 0.0718442, -0.0313389, 0.0147977, -0.0721185, 0.0431242, -0.106189, 0.0994668, -0.116974, 0.10648, -0.0811546, 0.0430419, -0.116974, 0.10648, -0.105875, 0.104489, -0.0942335, 0.079801, -0.105696, 0.0718442, -0.0600202, 0.0384934, -0.0811546, 0.0430419, -0.116974, 0.10648, -0.106189, 0.0994668, -0.0721185, 0.0431242, -0.105696, 0.0718442, -0.0942335, 0.079801, -0.105875, 0.104489, -0.116974, 0.10648, -0.106189, 0.0994668, -0.0942335, 0.079801, -0.0394119, 0.0109152, -0.0811546, 0.0430419, -0.0721185, 0.0431242, -0.0349244, 0.0142616, -0.0313389, 0.0147977, -0.105696, 0.0718442, -0.116974, 0.10648, -0.0821835, 0.0571484, -0.0718597, 0.065206, -0.106189, 0.0994668, -0.0600202, 0.0384934, -0.00915603, 0.00403225, -0.0394119, 0.0109152, -0.0429511, 0.0260786, -0.0253316, 0.0017644, -0.0349244, 0.0142616, -0.0721185, 0.0431242, -0.0811546, 0.0430419, -0.0394119, 0.0109152, -0.0429511, 0.0260786, -0.0721185, 0.0431242, -0.063833, 0.0286139, -0.0222654, 0.000618781, -0.0394119, 0.0109152, -0.0821835, 0.0571484, -0.0718597, 0.065206, -0.0429511, 0.0260786, -0.0721185, 0.0431242, -0.106189, 0.0994668, -0.116974, 0.10648, -0.0811546, 0.0430419, -0.0721185, 0.0431242, -0.105696, 0.0718442, -0.0600202, 0.0384934, -0.063833, 0.0286139, -0.0222654, 0.000618781, -0.0429511, 0.0260786, -0.0718597, 0.065206, -0.0821835, 0.0571484, -0.0394119, 0.0109152, -0.0811546, 0.0430419, -0.116974, 0.10648, -0.106189, 0.0994668, -0.0721185, 0.0431242, -0.063833, 0.0286139, -0.0600202, 0.0384934, -0.105696, 0.0718442, -0.0721185, 0.0431242, -0.0349244, 0.0142616, -0.0313389, 0.0147977, -0.0253316, 0.0017644, -0.0429511, 0.0260786, -0.0394119, 0.0109152, -0.00915603, 0.00403225, -0.0394119, 0.0109152, -0.0811546, 0.0430419, -0.0721185, 0.0431242, -0.0349244, 0.0142616, -0.0222654, 0.000618781, -0.063833, 0.0286139, -0.0721185, 0.0431242, -0.0429511, 0.0260786, -0.0253316, 0.0017644, -0.0349244, 0.0142616, -0.0222654, 0.000618781, ],[-0.00817002, 0.0120192, -0.0385757, 0.00364194, -0.0404838, 0.0369023, -0.00455473, 0.00932202, -0.0385757, 0.00364194, -0.00817002, 0.0120192, -0.0414604, 0.0197195, -0.0738466, 0.0422174, -0.055095, 0.0251162, -0.00817002, 0.0120192, -0.0738466, 0.0422174, -0.103962, 0.0649614, -0.0684189, 0.0365248, -0.055095, 0.0251162, -0.0684189, 0.0365248, -0.055095, 0.0251162, -0.0684189, 0.0365248, -0.103962, 0.0649614, -0.0738466, 0.0422174, -0.106, 0.0845841, -0.101244, 0.0809556, -0.00817002, 0.0120192, -0.055095, 0.0251162, -0.0738466, 0.0422174, -0.0414604, 0.0197195, -0.0686997, 0.0567876, -0.106, 0.0845841, -0.0684189, 0.0365248, -0.0385757, 0.00364194, -0.0738466, 0.0422174, -0.0814154, 0.0366425, -0.0411456, 0.0130429, -0.0800344, 0.0502295, -0.129831, 0.0949886, -0.103962, 0.0649614, -0.0404838, 0.0369023, -0.0738466, 0.0422174, -0.106, 0.0845841, -0.129831, 0.0949886, -0.0814154, 0.0366425, -0.129831, 0.0949886, -0.173869, 0.0845811, -0.101244, 0.0809556, -0.103962, 0.0649614, -0.0684189, 0.0365248, -0.0814154, 0.0366425, -0.129831, 0.0949886, -0.106, 0.0845841, -0.0738466, 0.0422174, -0.103962, 0.0649614, -0.101244, 0.0809556, -0.173869, 0.0845811, -0.129831, 0.0949886, -0.106, 0.0845841, -0.101244, 0.0809556, -0.0411456, 0.0130429, -0.0814154, 0.0366425, -0.0738466, 0.0422174, -0.0385757, 0.00364194, -0.0404838, 0.0369023, -0.103962, 0.0649614, -0.129831, 0.0949886, -0.0800344, 0.0502295, -0.0686997, 0.0567876, -0.106, 0.0845841, -0.0684189, 0.0365248, -0.0247663, -0.00341147, -0.0411456, 0.0130429, -0.0414604, 0.0197195, -0.00455473, 0.00932202, -0.0385757, 0.00364194, -0.0738466, 0.0422174, -0.0814154, 0.0366425, -0.0411456, 0.0130429, -0.0414604, 0.0197195, -0.0738466, 0.0422174, -0.055095, 0.0251162, -0.00817002, 0.0120192, -0.0411456, 0.0130429, -0.0800344, 0.0502295, -0.0686997, 0.0567876, -0.0414604, 0.0197195, -0.0738466, 0.0422174, -0.106, 0.0845841, -0.129831, 0.0949886, -0.0814154, 0.0366425, -0.0738466, 0.0422174, -0.103962, 0.0649614, -0.0684189, 0.0365248, -0.055095, 0.0251162, -0.00817002, 0.0120192, -0.0414604, 0.0197195, -0.0686997, 0.0567876, -0.0800344, 0.0502295, -0.0411456, 0.0130429, -0.0814154, 0.0366425, -0.129831, 0.0949886, -0.106, 0.0845841, -0.0738466, 0.0422174, -0.055095, 0.0251162, -0.0684189, 0.0365248, -0.103962, 0.0649614, -0.0738466, 0.0422174, -0.0385757, 0.00364194, -0.0404838, 0.0369023, -0.00455473, 0.00932202, -0.0414604, 0.0197195, -0.0411456, 0.0130429, -0.0247663, -0.00341147, -0.0411456, 0.0130429, -0.0814154, 0.0366425, -0.0738466, 0.0422174, -0.0385757, 0.00364194, -0.00817002, 0.0120192, -0.055095, 0.0251162, -0.0738466, 0.0422174, -0.0414604, 0.0197195, -0.00455473, 0.00932202, -0.0385757, 0.00364194, -0.00817002, 0.0120192, ],]
##############################################################################
clock_duration  =         8814.51
tau =                     2.15262
total_steps =             32
time_step =               0.0688339
best_mc_result =          0.0210947
best_mc_result_non_secondary =          0
evolved_target_dot_squared =  0.978905
distance =          0.0241577
j_protocol =  [[0, 0, 0, 0, 0, 0, 0, 0, 0, 0, 0, 0, 0, 0, 0, 0, 0, 0, 0, 0, 0, 0, 0, 0, 0, 0, 0, 0, 0, 0, 0, 0, ],[0, 0, 0, 0, 0, 0, 0, 0, 0, 0, 0, 0, 0, 0, 0, 0, 0, 0, 0, 0, 0, 0, 0, 0, 0, 0, 0, 0, 0, 0, 0, 0, ],]
k_protocol =  [[0, 0, 0, 0, 0, 0, 0, 0, 0, 0, 0, 0, 0, 0, 0, 0, 0, 0, 0, 0, 0, 0, 0, 0, 0, 0, 0, 0, 0, 0, 0, 0, ],[0, 0, 0, 0, 0, 0, 0, 0, 0, 0, 0, 0, 0, 0, 0, 0, 0, 0, 0, 0, 0, 0, 0, 0, 0, 0, 0, 0, 0, 0, 0, 0, ],]
j_protocol_secondary =  [0, 0.118731, 0.445074, 0.564496, 0.69314, 0.842731, 0.94714, 1.05297, 1.16115, 1.34244, 1.43194, 1.48741, 1.48741, 2.14837, ]
k_protocol_secondary =  [0.00566543, 0.0173554, 0.0173554, 0.896319, 0.896319, 1.19326, 1.19326, 1.56831, 1.56831, 1.91563, 2.02527, 2.02527, 2.02642, 2.15262, ]
best_evolved_state = [-0.0188412, -0.0110897, -0.0246263, -0.0259813, -0.0461792, -0.0227674, -0.017752, -0.0117381, -0.0246263, -0.0259813, -0.0188412, -0.0110897, -0.0414236, -0.0272505, -0.0750471, -0.0429333, -0.0517141, -0.0365571, -0.0188412, -0.0110897, -0.0750471, -0.0429333, -0.110918, -0.0581878, -0.0715765, -0.0339988, -0.0517141, -0.0365571, -0.0715765, -0.0339988, -0.0517141, -0.0365571, -0.0715765, -0.0339988, -0.110918, -0.0581878, -0.0750471, -0.0429333, -0.126102, -0.0448504, -0.11625, -0.0545627, -0.0188412, -0.0110897, -0.0517141, -0.0365571, -0.0750471, -0.0429333, -0.0414236, -0.0272505, -0.0886714, -0.0307327, -0.126102, -0.0448504, -0.0715765, -0.0339988, -0.0246263, -0.0259813, -0.0750471, -0.0429333, -0.0771106, -0.0501384, -0.0374658, -0.030207, -0.0850171, -0.0440714, -0.141791, -0.0665371, -0.110918, -0.0581878, -0.0461792, -0.0227674, -0.0750471, -0.0429333, -0.126102, -0.0448504, -0.141791, -0.0665371, -0.0771106, -0.0501384, -0.141791, -0.0665371, -0.135403, -0.112096, -0.11625, -0.0545627, -0.110918, -0.0581878, -0.0715765, -0.0339988, -0.0771106, -0.0501384, -0.141791, -0.0665371, -0.126102, -0.0448504, -0.0750471, -0.0429333, -0.110918, -0.0581878, -0.11625, -0.0545627, -0.135403, -0.112096, -0.141791, -0.0665371, -0.126102, -0.0448504, -0.11625, -0.0545627, -0.0374658, -0.030207, -0.0771106, -0.0501384, -0.0750471, -0.0429333, -0.0246263, -0.0259813, -0.0461792, -0.0227674, -0.110918, -0.0581878, -0.141791, -0.0665371, -0.0850171, -0.0440714, -0.0886714, -0.0307327, -0.126102, -0.0448504, -0.0715765, -0.0339988, -0.012278, -0.0182249, -0.0374658, -0.030207, -0.0414236, -0.0272505, -0.017752, -0.0117381, -0.0246263, -0.0259813, -0.0750471, -0.0429333, -0.0771106, -0.0501384, -0.0374658, -0.030207, -0.0414236, -0.0272505, -0.0750471, -0.0429333, -0.0517141, -0.0365571, -0.0188412, -0.0110897, -0.0374658, -0.030207, -0.0850171, -0.0440714, -0.0886714, -0.0307327, -0.0414236, -0.0272505, -0.0750471, -0.0429333, -0.126102, -0.0448504, -0.141791, -0.0665371, -0.0771106, -0.0501384, -0.0750471, -0.0429333, -0.110918, -0.0581878, -0.0715765, -0.0339988, -0.0517141, -0.0365571, -0.0188412, -0.0110897, -0.0414236, -0.0272505, -0.0886714, -0.0307327, -0.0850171, -0.0440714, -0.0374658, -0.030207, -0.0771106, -0.0501384, -0.141791, -0.0665371, -0.126102, -0.0448504, -0.0750471, -0.0429333, -0.0517141, -0.0365571, -0.0715765, -0.0339988, -0.110918, -0.0581878, -0.0750471, -0.0429333, -0.0246263, -0.0259813, -0.0461792, -0.0227674, -0.017752, -0.0117381, -0.0414236, -0.0272505, -0.0374658, -0.030207, -0.012278, -0.0182249, -0.0374658, -0.030207, -0.0771106, -0.0501384, -0.0750471, -0.0429333, -0.0246263, -0.0259813, -0.0188412, -0.0110897, -0.0517141, -0.0365571, -0.0750471, -0.0429333, -0.0414236, -0.0272505, -0.017752, -0.0117381, -0.0246263, -0.0259813, -0.0188412, -0.0110897, ]
best_mc_result_fixed_tau =   [0.0380765, 0.0269393, ]
evolved_state_fixed_tau =   [[-0.0222654, 0.000618781, -0.0349244, 0.0142616, -0.0313389, 0.0147977, -0.0253316, 0.0017644, -0.0349244, 0.0142616, -0.0222654, 0.000618781, -0.0429511, 0.0260786, -0.0721185, 0.0431242, -0.063833, 0.0286139, -0.0222654, 0.000618781, -0.0721185, 0.0431242, -0.105696, 0.0718442, -0.0600202, 0.0384934, -0.063833, 0.0286139, -0.0600202, 0.0384934, -0.063833, 0.0286139, -0.0600202, 0.0384934, -0.105696, 0.0718442, -0.0721185, 0.0431242, -0.106189, 0.0994668, -0.0942335, 0.079801, -0.0222654, 0.000618781, -0.063833, 0.0286139, -0.0721185, 0.0431242, -0.0429511, 0.0260786, -0.0718597, 0.065206, -0.106189, 0.0994668, -0.0600202, 0.0384934, -0.0349244, 0.0142616, -0.0721185, 0.0431242, -0.0811546, 0.0430419, -0.0394119, 0.0109152, -0.0821835, 0.0571484, -0.116974, 0.10648, -0.105696, 0.0718442, -0.0313389, 0.0147977, -0.0721185, 0.0431242, -0.106189, 0.0994668, -0.116974, 0.10648, -0.0811546, 0.0430419, -0.116974, 0.10648, -0.105875, 0.104489, -0.0942335, 0.079801, -0.105696, 0.0718442, -0.0600202, 0.0384934, -0.0811546, 0.0430419, -0.116974, 0.10648, -0.106189, 0.0994668, -0.0721185, 0.0431242, -0.105696, 0.0718442, -0.0942335, 0.079801, -0.105875, 0.104489, -0.116974, 0.10648, -0.106189, 0.0994668, -0.0942335, 0.079801, -0.0394119, 0.0109152, -0.0811546, 0.0430419, -0.0721185, 0.0431242, -0.0349244, 0.0142616, -0.0313389, 0.0147977, -0.105696, 0.0718442, -0.116974, 0.10648, -0.0821835, 0.0571484, -0.0718597, 0.065206, -0.106189, 0.0994668, -0.0600202, 0.0384934, -0.00915603, 0.00403225, -0.0394119, 0.0109152, -0.0429511, 0.0260786, -0.0253316, 0.0017644, -0.0349244, 0.0142616, -0.0721185, 0.0431242, -0.0811546, 0.0430419, -0.0394119, 0.0109152, -0.0429511, 0.0260786, -0.0721185, 0.0431242, -0.063833, 0.0286139, -0.0222654, 0.000618781, -0.0394119, 0.0109152, -0.0821835, 0.0571484, -0.0718597, 0.065206, -0.0429511, 0.0260786, -0.0721185, 0.0431242, -0.106189, 0.0994668, -0.116974, 0.10648, -0.0811546, 0.0430419, -0.0721185, 0.0431242, -0.105696, 0.0718442, -0.0600202, 0.0384934, -0.063833, 0.0286139, -0.0222654, 0.000618781, -0.0429511, 0.0260786, -0.0718597, 0.065206, -0.0821835, 0.0571484, -0.0394119, 0.0109152, -0.0811546, 0.0430419, -0.116974, 0.10648, -0.106189, 0.0994668, -0.0721185, 0.0431242, -0.063833, 0.0286139, -0.0600202, 0.0384934, -0.105696, 0.0718442, -0.0721185, 0.0431242, -0.0349244, 0.0142616, -0.0313389, 0.0147977, -0.0253316, 0.0017644, -0.0429511, 0.0260786, -0.0394119, 0.0109152, -0.00915603, 0.00403225, -0.0394119, 0.0109152, -0.0811546, 0.0430419, -0.0721185, 0.0431242, -0.0349244, 0.0142616, -0.0222654, 0.000618781, -0.063833, 0.0286139, -0.0721185, 0.0431242, -0.0429511, 0.0260786, -0.0253316, 0.0017644, -0.0349244, 0.0142616, -0.0222654, 0.000618781, ],[-0.00817002, 0.0120192, -0.0385757, 0.00364194, -0.0404838, 0.0369023, -0.00455473, 0.00932202, -0.0385757, 0.00364194, -0.00817002, 0.0120192, -0.0414604, 0.0197195, -0.0738466, 0.0422174, -0.055095, 0.0251162, -0.00817002, 0.0120192, -0.0738466, 0.0422174, -0.103962, 0.0649614, -0.0684189, 0.0365248, -0.055095, 0.0251162, -0.0684189, 0.0365248, -0.055095, 0.0251162, -0.0684189, 0.0365248, -0.103962, 0.0649614, -0.0738466, 0.0422174, -0.106, 0.0845841, -0.101244, 0.0809556, -0.00817002, 0.0120192, -0.055095, 0.0251162, -0.0738466, 0.0422174, -0.0414604, 0.0197195, -0.0686997, 0.0567876, -0.106, 0.0845841, -0.0684189, 0.0365248, -0.0385757, 0.00364194, -0.0738466, 0.0422174, -0.0814154, 0.0366425, -0.0411456, 0.0130429, -0.0800344, 0.0502295, -0.129831, 0.0949886, -0.103962, 0.0649614, -0.0404838, 0.0369023, -0.0738466, 0.0422174, -0.106, 0.0845841, -0.129831, 0.0949886, -0.0814154, 0.0366425, -0.129831, 0.0949886, -0.173869, 0.0845811, -0.101244, 0.0809556, -0.103962, 0.0649614, -0.0684189, 0.0365248, -0.0814154, 0.0366425, -0.129831, 0.0949886, -0.106, 0.0845841, -0.0738466, 0.0422174, -0.103962, 0.0649614, -0.101244, 0.0809556, -0.173869, 0.0845811, -0.129831, 0.0949886, -0.106, 0.0845841, -0.101244, 0.0809556, -0.0411456, 0.0130429, -0.0814154, 0.0366425, -0.0738466, 0.0422174, -0.0385757, 0.00364194, -0.0404838, 0.0369023, -0.103962, 0.0649614, -0.129831, 0.0949886, -0.0800344, 0.0502295, -0.0686997, 0.0567876, -0.106, 0.0845841, -0.0684189, 0.0365248, -0.0247663, -0.00341147, -0.0411456, 0.0130429, -0.0414604, 0.0197195, -0.00455473, 0.00932202, -0.0385757, 0.00364194, -0.0738466, 0.0422174, -0.0814154, 0.0366425, -0.0411456, 0.0130429, -0.0414604, 0.0197195, -0.0738466, 0.0422174, -0.055095, 0.0251162, -0.00817002, 0.0120192, -0.0411456, 0.0130429, -0.0800344, 0.0502295, -0.0686997, 0.0567876, -0.0414604, 0.0197195, -0.0738466, 0.0422174, -0.106, 0.0845841, -0.129831, 0.0949886, -0.0814154, 0.0366425, -0.0738466, 0.0422174, -0.103962, 0.0649614, -0.0684189, 0.0365248, -0.055095, 0.0251162, -0.00817002, 0.0120192, -0.0414604, 0.0197195, -0.0686997, 0.0567876, -0.0800344, 0.0502295, -0.0411456, 0.0130429, -0.0814154, 0.0366425, -0.129831, 0.0949886, -0.106, 0.0845841, -0.0738466, 0.0422174, -0.055095, 0.0251162, -0.0684189, 0.0365248, -0.103962, 0.0649614, -0.0738466, 0.0422174, -0.0385757, 0.00364194, -0.0404838, 0.0369023, -0.00455473, 0.00932202, -0.0414604, 0.0197195, -0.0411456, 0.0130429, -0.0247663, -0.00341147, -0.0411456, 0.0130429, -0.0814154, 0.0366425, -0.0738466, 0.0422174, -0.0385757, 0.00364194, -0.00817002, 0.0120192, -0.055095, 0.0251162, -0.0738466, 0.0422174, -0.0414604, 0.0197195, -0.00455473, 0.00932202, -0.0385757, 0.00364194, -0.00817002, 0.0120192, ],]
##############################################################################
clock_duration  =         9741.09
tau =                     2.17765
total_steps =             32
time_step =               0.0688339
best_mc_result =          0.0200039
best_mc_result_non_secondary =          0
evolved_target_dot_squared =  0.979996
distance =          0.0229086
j_protocol =  [[0, 0, 0, 0, 0, 0, 0, 0, 0, 0, 0, 0, 0, 0, 0, 0, 0, 0, 0, 0, 0, 0, 0, 0, 0, 0, 0, 0, 0, 0, 0, 0, ],[0, 0, 0, 0, 0, 0, 0, 0, 0, 0, 0, 0, 0, 0, 0, 0, 0, 0, 0, 0, 0, 0, 0, 0, 0, 0, 0, 0, 0, 0, 0, 0, ],]
k_protocol =  [[0, 0, 0, 0, 0, 0, 0, 0, 0, 0, 0, 0, 0, 0, 0, 0, 0, 0, 0, 0, 0, 0, 0, 0, 0, 0, 0, 0, 0, 0, 0, 0, ],[0, 0, 0, 0, 0, 0, 0, 0, 0, 0, 0, 0, 0, 0, 0, 0, 0, 0, 0, 0, 0, 0, 0, 0, 0, 0, 0, 0, 0, 0, 0, 0, ],]
j_protocol_secondary =  [0, 0.117092, 0.451294, 0.57378, 0.704237, 0.848942, 0.962735, 1.07024, 1.17221, 1.34708, 1.43953, 1.5047, 1.5047, 2.17366, ]
k_protocol_secondary =  [0.00640432, 0.0175572, 0.0175572, 0.906742, 0.906742, 1.20713, 1.20713, 1.58445, 1.58445, 1.93984, 2.05042, 2.05042, 2.05042, 2.17765, ]
best_evolved_state = [-0.0208244, -0.00771881, -0.0294563, -0.0214484, -0.0489638, -0.0133476, -0.0192712, -0.00861682, -0.0294563, -0.0214484, -0.0208244, -0.00771881, -0.0454539, -0.0193976, -0.0817471, -0.0293968, -0.0571251, -0.026547, -0.0208244, -0.00771881, -0.0817471, -0.0293968, -0.11867, -0.0373351, -0.076458, -0.0215057, -0.0571251, -0.026547, -0.076458, -0.0215057, -0.0571251, -0.026547, -0.076458, -0.0215057, -0.11867, -0.0373351, -0.0817471, -0.0293968, -0.130612, -0.0234244, -0.123834, -0.0341458, -0.0208244, -0.00771881, -0.0571251, -0.026547, -0.0817471, -0.0293968, -0.0454539, -0.0193976, -0.0920032, -0.015178, -0.130612, -0.0234244, -0.076458, -0.0215057, -0.0294563, -0.0214484, -0.0817471, -0.0293968, -0.0849211, -0.0366215, -0.0423279, -0.0237581, -0.0917761, -0.0289687, -0.151331, -0.0410342, -0.11867, -0.0373351, -0.0489638, -0.0133476, -0.0817471, -0.0293968, -0.130612, -0.0234244, -0.151331, -0.0410342, -0.0849211, -0.0366215, -0.151331, -0.0410342, -0.154975, -0.0875939, -0.123834, -0.0341458, -0.11867, -0.0373351, -0.076458, -0.0215057, -0.0849211, -0.0366215, -0.151331, -0.0410342, -0.130612, -0.0234244, -0.0817471, -0.0293968, -0.11867, -0.0373351, -0.123834, -0.0341458, -0.154975, -0.0875939, -0.151331, -0.0410342, -0.130612, -0.0234244, -0.123834, -0.0341458, -0.0423279, -0.0237581, -0.0849211, -0.0366215, -0.0817471, -0.0293968, -0.0294563, -0.0214484, -0.0489638, -0.0133476, -0.11867, -0.0373351, -0.151331, -0.0410342, -0.0917761, -0.0289687, -0.0920032, -0.015178, -0.130612, -0.0234244, -0.076458, -0.0215057, -0.0153667, -0.0164252, -0.0423279, -0.0237581, -0.0454539, -0.0193976, -0.0192712, -0.00861682, -0.0294563, -0.0214484, -0.0817471, -0.0293968, -0.0849211, -0.0366215, -0.0423279, -0.0237581, -0.0454539, -0.0193976, -0.0817471, -0.0293968, -0.0571251, -0.026547, -0.0208244, -0.00771881, -0.0423279, -0.0237581, -0.0917761, -0.0289687, -0.0920032, -0.015178, -0.0454539, -0.0193976, -0.0817471, -0.0293968, -0.130612, -0.0234244, -0.151331, -0.0410342, -0.0849211, -0.0366215, -0.0817471, -0.0293968, -0.11867, -0.0373351, -0.076458, -0.0215057, -0.0571251, -0.026547, -0.0208244, -0.00771881, -0.0454539, -0.0193976, -0.0920032, -0.015178, -0.0917761, -0.0289687, -0.0423279, -0.0237581, -0.0849211, -0.0366215, -0.151331, -0.0410342, -0.130612, -0.0234244, -0.0817471, -0.0293968, -0.0571251, -0.026547, -0.076458, -0.0215057, -0.11867, -0.0373351, -0.0817471, -0.0293968, -0.0294563, -0.0214484, -0.0489638, -0.0133476, -0.0192712, -0.00861682, -0.0454539, -0.0193976, -0.0423279, -0.0237581, -0.0153667, -0.0164252, -0.0423279, -0.0237581, -0.0849211, -0.0366215, -0.0817471, -0.0293968, -0.0294563, -0.0214484, -0.0208244, -0.00771881, -0.0571251, -0.026547, -0.0817471, -0.0293968, -0.0454539, -0.0193976, -0.0192712, -0.00861682, -0.0294563, -0.0214484, -0.0208244, -0.00771881, ]
best_mc_result_fixed_tau =   [0.0380765, 0.0269393, ]
evolved_state_fixed_tau =   [[-0.0222654, 0.000618781, -0.0349244, 0.0142616, -0.0313389, 0.0147977, -0.0253316, 0.0017644, -0.0349244, 0.0142616, -0.0222654, 0.000618781, -0.0429511, 0.0260786, -0.0721185, 0.0431242, -0.063833, 0.0286139, -0.0222654, 0.000618781, -0.0721185, 0.0431242, -0.105696, 0.0718442, -0.0600202, 0.0384934, -0.063833, 0.0286139, -0.0600202, 0.0384934, -0.063833, 0.0286139, -0.0600202, 0.0384934, -0.105696, 0.0718442, -0.0721185, 0.0431242, -0.106189, 0.0994668, -0.0942335, 0.079801, -0.0222654, 0.000618781, -0.063833, 0.0286139, -0.0721185, 0.0431242, -0.0429511, 0.0260786, -0.0718597, 0.065206, -0.106189, 0.0994668, -0.0600202, 0.0384934, -0.0349244, 0.0142616, -0.0721185, 0.0431242, -0.0811546, 0.0430419, -0.0394119, 0.0109152, -0.0821835, 0.0571484, -0.116974, 0.10648, -0.105696, 0.0718442, -0.0313389, 0.0147977, -0.0721185, 0.0431242, -0.106189, 0.0994668, -0.116974, 0.10648, -0.0811546, 0.0430419, -0.116974, 0.10648, -0.105875, 0.104489, -0.0942335, 0.079801, -0.105696, 0.0718442, -0.0600202, 0.0384934, -0.0811546, 0.0430419, -0.116974, 0.10648, -0.106189, 0.0994668, -0.0721185, 0.0431242, -0.105696, 0.0718442, -0.0942335, 0.079801, -0.105875, 0.104489, -0.116974, 0.10648, -0.106189, 0.0994668, -0.0942335, 0.079801, -0.0394119, 0.0109152, -0.0811546, 0.0430419, -0.0721185, 0.0431242, -0.0349244, 0.0142616, -0.0313389, 0.0147977, -0.105696, 0.0718442, -0.116974, 0.10648, -0.0821835, 0.0571484, -0.0718597, 0.065206, -0.106189, 0.0994668, -0.0600202, 0.0384934, -0.00915603, 0.00403225, -0.0394119, 0.0109152, -0.0429511, 0.0260786, -0.0253316, 0.0017644, -0.0349244, 0.0142616, -0.0721185, 0.0431242, -0.0811546, 0.0430419, -0.0394119, 0.0109152, -0.0429511, 0.0260786, -0.0721185, 0.0431242, -0.063833, 0.0286139, -0.0222654, 0.000618781, -0.0394119, 0.0109152, -0.0821835, 0.0571484, -0.0718597, 0.065206, -0.0429511, 0.0260786, -0.0721185, 0.0431242, -0.106189, 0.0994668, -0.116974, 0.10648, -0.0811546, 0.0430419, -0.0721185, 0.0431242, -0.105696, 0.0718442, -0.0600202, 0.0384934, -0.063833, 0.0286139, -0.0222654, 0.000618781, -0.0429511, 0.0260786, -0.0718597, 0.065206, -0.0821835, 0.0571484, -0.0394119, 0.0109152, -0.0811546, 0.0430419, -0.116974, 0.10648, -0.106189, 0.0994668, -0.0721185, 0.0431242, -0.063833, 0.0286139, -0.0600202, 0.0384934, -0.105696, 0.0718442, -0.0721185, 0.0431242, -0.0349244, 0.0142616, -0.0313389, 0.0147977, -0.0253316, 0.0017644, -0.0429511, 0.0260786, -0.0394119, 0.0109152, -0.00915603, 0.00403225, -0.0394119, 0.0109152, -0.0811546, 0.0430419, -0.0721185, 0.0431242, -0.0349244, 0.0142616, -0.0222654, 0.000618781, -0.063833, 0.0286139, -0.0721185, 0.0431242, -0.0429511, 0.0260786, -0.0253316, 0.0017644, -0.0349244, 0.0142616, -0.0222654, 0.000618781, ],[-0.00817002, 0.0120192, -0.0385757, 0.00364194, -0.0404838, 0.0369023, -0.00455473, 0.00932202, -0.0385757, 0.00364194, -0.00817002, 0.0120192, -0.0414604, 0.0197195, -0.0738466, 0.0422174, -0.055095, 0.0251162, -0.00817002, 0.0120192, -0.0738466, 0.0422174, -0.103962, 0.0649614, -0.0684189, 0.0365248, -0.055095, 0.0251162, -0.0684189, 0.0365248, -0.055095, 0.0251162, -0.0684189, 0.0365248, -0.103962, 0.0649614, -0.0738466, 0.0422174, -0.106, 0.0845841, -0.101244, 0.0809556, -0.00817002, 0.0120192, -0.055095, 0.0251162, -0.0738466, 0.0422174, -0.0414604, 0.0197195, -0.0686997, 0.0567876, -0.106, 0.0845841, -0.0684189, 0.0365248, -0.0385757, 0.00364194, -0.0738466, 0.0422174, -0.0814154, 0.0366425, -0.0411456, 0.0130429, -0.0800344, 0.0502295, -0.129831, 0.0949886, -0.103962, 0.0649614, -0.0404838, 0.0369023, -0.0738466, 0.0422174, -0.106, 0.0845841, -0.129831, 0.0949886, -0.0814154, 0.0366425, -0.129831, 0.0949886, -0.173869, 0.0845811, -0.101244, 0.0809556, -0.103962, 0.0649614, -0.0684189, 0.0365248, -0.0814154, 0.0366425, -0.129831, 0.0949886, -0.106, 0.0845841, -0.0738466, 0.0422174, -0.103962, 0.0649614, -0.101244, 0.0809556, -0.173869, 0.0845811, -0.129831, 0.0949886, -0.106, 0.0845841, -0.101244, 0.0809556, -0.0411456, 0.0130429, -0.0814154, 0.0366425, -0.0738466, 0.0422174, -0.0385757, 0.00364194, -0.0404838, 0.0369023, -0.103962, 0.0649614, -0.129831, 0.0949886, -0.0800344, 0.0502295, -0.0686997, 0.0567876, -0.106, 0.0845841, -0.0684189, 0.0365248, -0.0247663, -0.00341147, -0.0411456, 0.0130429, -0.0414604, 0.0197195, -0.00455473, 0.00932202, -0.0385757, 0.00364194, -0.0738466, 0.0422174, -0.0814154, 0.0366425, -0.0411456, 0.0130429, -0.0414604, 0.0197195, -0.0738466, 0.0422174, -0.055095, 0.0251162, -0.00817002, 0.0120192, -0.0411456, 0.0130429, -0.0800344, 0.0502295, -0.0686997, 0.0567876, -0.0414604, 0.0197195, -0.0738466, 0.0422174, -0.106, 0.0845841, -0.129831, 0.0949886, -0.0814154, 0.0366425, -0.0738466, 0.0422174, -0.103962, 0.0649614, -0.0684189, 0.0365248, -0.055095, 0.0251162, -0.00817002, 0.0120192, -0.0414604, 0.0197195, -0.0686997, 0.0567876, -0.0800344, 0.0502295, -0.0411456, 0.0130429, -0.0814154, 0.0366425, -0.129831, 0.0949886, -0.106, 0.0845841, -0.0738466, 0.0422174, -0.055095, 0.0251162, -0.0684189, 0.0365248, -0.103962, 0.0649614, -0.0738466, 0.0422174, -0.0385757, 0.00364194, -0.0404838, 0.0369023, -0.00455473, 0.00932202, -0.0414604, 0.0197195, -0.0411456, 0.0130429, -0.0247663, -0.00341147, -0.0411456, 0.0130429, -0.0814154, 0.0366425, -0.0738466, 0.0422174, -0.0385757, 0.00364194, -0.00817002, 0.0120192, -0.055095, 0.0251162, -0.0738466, 0.0422174, -0.0414604, 0.0197195, -0.00455473, 0.00932202, -0.0385757, 0.00364194, -0.00817002, 0.0120192, ],]
