START_PARAMETERS
MAX_STEPS_MCDB =               32
MIN_STEPS_MCDB =               4
STEPS_CRUNCH_MCDB =            1
SWEEPS_MCDB =                  100
TOTAL_STEP_CHANGES =                  6
MCBB_SECONDARY =                  1
SWEEPS_MCBB_SECONDARY =                  250
NUMBER_OF_BANGS =                  7
GROUND_E =                1.75725
INITIAL_E =               2.8337
j_initial =               0.087
k_initial =               0.5
b_initial =               0
j_target =                0.707
k_target =                0.25
b_target =                0
init_target_dot_squared = 0.573116
init_state = [1.58039e-06, 0, 2.02124e-05, 0, 0.000118761, 0, 6.66828e-05, 0, 0.000779109, 0, 0.000118761, 0, 5.64588e-06, 0, 6.66828e-05, 0, 2.02124e-05, 0, 1.58039e-06, 0, 7.47819e-05, 0, 0.000885104, 0, 0.000296772, 0, 3.85751e-05, 0, 1.58039e-06, 0, 0.000885104, 0, 0.0103808, 0, 0.00257606, 0, 0.000224804, 0, 3.85751e-05, 0, 0.000224804, 0, 0.000296772, 0, 0.00257606, 0, 0.000440769, 0, 0.00257606, 0, 0.000296772, 0, 0.00345227, 0, 0.0160686, 0, 3.85751e-05, 0, 0.000224804, 0, 0.00257606, 0, 0.0103808, 0, 0.000885104, 0, 0.0116059, 0, 0.13529, 0, 0.0160686, 0, 1.58039e-06, 0, 3.85751e-05, 0, 0.000296772, 0, 0.000885104, 0, 7.47819e-05, 0, 0.000982326, 0, 0.0116059, 0, 0.00345227, 0, 0.000224804, 0, 2.02124e-05, 0, 0.000296772, 0, 0.00107743, 0, 0.00158261, 0, 0.000129771, 0, 0.00164163, 0, 0.0199515, 0, 0.0127327, 0, 0.00257606, 0, 0.000118761, 0, 0.000296772, 0, 0.00345227, 0, 0.0127327, 0, 0.019259, 0, 0.00158261, 0, 0.0199515, 0, 0.241692, 0, 0.145975, 0, 0.0160686, 0, 0.00257606, 0, 0.000440769, 0, 0.00107743, 0, 0.0127327, 0, 0.00671752, 0, 0.0127327, 0, 0.00107743, 0, 0.0127327, 0, 0.145975, 0, 0.0313494, 0, 0.145975, 0, 0.0127327, 0, 0.00671752, 0, 0.0313494, 0, 0.00158261, 0, 0.019259, 0, 0.0127327, 0, 0.00345227, 0, 0.000296772, 0, 0.00257606, 0, 0.0160686, 0, 0.145975, 0, 0.241692, 0, 0.0199515, 0, 0.0222723, 0, 0.259704, 0, 0.0313494, 0, 0.000129771, 0, 0.00158261, 0, 0.00107743, 0, 0.000296772, 0, 2.02124e-05, 0, 0.000118761, 0, 0.00257606, 0, 0.0127327, 0, 0.0199515, 0, 0.00164163, 0, 0.00188435, 0, 0.0222723, 0, 0.00671752, 0, 0.000440769, 0, 0.000129892, 0, 0.0016239, 0, 0.00158261, 0, 0.000885104, 0, 6.66828e-05, 0, 0.000779109, 0, 0.0103808, 0, 0.019259, 0, 0.0203109, 0, 0.00162825, 0, 0.00164163, 0, 0.0199515, 0, 0.0127327, 0, 0.00257606, 0, 0.000118761, 0, 0.0016239, 0, 0.0203109, 0, 0.0199515, 0, 0.0116059, 0, 0.000885104, 0, 0.0103808, 0, 0.13529, 0, 0.241692, 0, 0.253417, 0, 0.0203109, 0, 0.0199515, 0, 0.241692, 0, 0.145975, 0, 0.0160686, 0, 0.00257606, 0, 0.000224804, 0, 0.00158261, 0, 0.0199515, 0, 0.0222723, 0, 0.0199515, 0, 0.00158261, 0, 0.019259, 0, 0.241692, 0, 0.259704, 0, 0.241692, 0, 0.019259, 0, 0.0127327, 0, 0.145975, 0, 0.0313494, 0, 0.145975, 0, 0.0127327, 0, 0.00345227, 0, 0.0160686, 0, 0.000885104, 0, 0.0116059, 0, 0.0199515, 0, 0.0203109, 0, 0.0016239, 0, 0.0203109, 0, 0.253417, 0, 0.241692, 0, 0.13529, 0, 0.0103808, 0, 0.00257606, 0, 0.0160686, 0, 0.145975, 0, 0.241692, 0, 0.0199515, 0, 0.0116059, 0, 0.13529, 0, 0.0160686, 0, 6.66828e-05, 0, 0.000885104, 0, 0.00158261, 0, 0.0016239, 0, 0.000129892, 0, 0.00162825, 0, 0.0203109, 0, 0.019259, 0, 0.0103808, 0, 0.000779109, 0, 0.000118761, 0, 0.00257606, 0, 0.0127327, 0, 0.0199515, 0, 0.00164163, 0, 0.000982326, 0, 0.0116059, 0, 0.00345227, 0, 0.000224804, 0, 5.64588e-06, 0, 7.47819e-05, 0, 0.000129771, 0, 0.000129892, 0, 1.0368e-05, 0, 0.000129892, 0, 0.0016239, 0, 0.00158261, 0, 0.000885104, 0, 6.66828e-05, 0, 2.02124e-05, 0, 0.000296772, 0, 0.00107743, 0, 0.00158261, 0, 0.000129771, 0, 7.47819e-05, 0, 0.000885104, 0, 0.000296772, 0, 3.85751e-05, 0, 1.58039e-06, 0, 7.47819e-05, 0, 0.000982326, 0, 0.00164163, 0, 0.00162825, 0, 0.000129892, 0, 0.0016239, 0, 0.0203109, 0, 0.0199515, 0, 0.0116059, 0, 0.000885104, 0, 0.000296772, 0, 0.00345227, 0, 0.0127327, 0, 0.019259, 0, 0.00158261, 0, 0.000885104, 0, 0.0103808, 0, 0.00257606, 0, 0.000224804, 0, 3.85751e-05, 0, 1.58039e-06, 0, 0.000129771, 0, 0.00164163, 0, 0.00188435, 0, 0.00164163, 0, 0.000129771, 0, 0.00158261, 0, 0.0199515, 0, 0.0222723, 0, 0.0199515, 0, 0.00158261, 0, 0.00107743, 0, 0.0127327, 0, 0.00671752, 0, 0.0127327, 0, 0.00107743, 0, 0.000296772, 0, 0.00257606, 0, 0.000440769, 0, 0.00257606, 0, 0.000296772, 0, 2.02124e-05, 0, 0.000118761, 0, 0.000129892, 0, 0.00162825, 0, 0.00164163, 0, 0.000982326, 0, 7.47819e-05, 0, 0.000885104, 0, 0.0116059, 0, 0.0199515, 0, 0.0203109, 0, 0.0016239, 0, 0.00158261, 0, 0.019259, 0, 0.0127327, 0, 0.00345227, 0, 0.000296772, 0, 3.85751e-05, 0, 0.000224804, 0, 0.00257606, 0, 0.0103808, 0, 0.000885104, 0, 6.66828e-05, 0, 0.000779109, 0, 0.000118761, 0, 1.0368e-05, 0, 0.000129892, 0, 0.000129771, 0, 7.47819e-05, 0, 5.64588e-06, 0, 6.66828e-05, 0, 0.000885104, 0, 0.00158261, 0, 0.0016239, 0, 0.000129892, 0, 0.000129771, 0, 0.00158261, 0, 0.00107743, 0, 0.000296772, 0, 2.02124e-05, 0, 1.58039e-06, 0, 3.85751e-05, 0, 0.000296772, 0, 0.000885104, 0, 7.47819e-05, 0, 5.64588e-06, 0, 6.66828e-05, 0, 2.02124e-05, 0, 1.58039e-06, 0, ]
target_state = [0.00347286, 0, 0.0087955, 0, 0.0122046, 0, 0.0102049, 0, 0.0191526, 0, 0.0122046, 0, 0.00508609, 0, 0.0102049, 0, 0.0087955, 0, 0.00347286, 0, 0.0122499, 0, 0.0249287, 0, 0.0227804, 0, 0.0121628, 0, 0.00347286, 0, 0.0249287, 0, 0.0486033, 0, 0.0399089, 0, 0.0188433, 0, 0.0121628, 0, 0.0188433, 0, 0.0227804, 0, 0.0399089, 0, 0.0287563, 0, 0.0399089, 0, 0.0227804, 0, 0.0489153, 0, 0.0663992, 0, 0.0121628, 0, 0.0188433, 0, 0.0399089, 0, 0.0486033, 0, 0.0249287, 0, 0.0570678, 0, 0.106677, 0, 0.0663992, 0, 0.00347286, 0, 0.0121628, 0, 0.0227804, 0, 0.0249287, 0, 0.0122499, 0, 0.0284516, 0, 0.0570678, 0, 0.0489153, 0, 0.0188433, 0, 0.0087955, 0, 0.0227804, 0, 0.0342164, 0, 0.0339523, 0, 0.0161073, 0, 0.0361737, 0, 0.0744624, 0, 0.070133, 0, 0.0399089, 0, 0.0122046, 0, 0.0227804, 0, 0.0489153, 0, 0.070133, 0, 0.0705393, 0, 0.0339523, 0, 0.0744624, 0, 0.148018, 0, 0.128486, 0, 0.0663992, 0, 0.0399089, 0, 0.0287563, 0, 0.0342164, 0, 0.070133, 0, 0.0739428, 0, 0.070133, 0, 0.0342164, 0, 0.070133, 0, 0.128486, 0, 0.100976, 0, 0.128486, 0, 0.070133, 0, 0.0739428, 0, 0.100976, 0, 0.0339523, 0, 0.0705393, 0, 0.070133, 0, 0.0489153, 0, 0.0227804, 0, 0.0399089, 0, 0.0663992, 0, 0.128486, 0, 0.148018, 0, 0.0744624, 0, 0.0857648, 0, 0.160897, 0, 0.100976, 0, 0.0161073, 0, 0.0339523, 0, 0.0342164, 0, 0.0227804, 0, 0.0087955, 0, 0.0122046, 0, 0.0399089, 0, 0.070133, 0, 0.0744624, 0, 0.0361737, 0, 0.0426437, 0, 0.0857648, 0, 0.0739428, 0, 0.0287563, 0, 0.0145068, 0, 0.0315188, 0, 0.0339523, 0, 0.0249287, 0, 0.0102049, 0, 0.0191526, 0, 0.0486033, 0, 0.0705393, 0, 0.0684045, 0, 0.0321179, 0, 0.0361737, 0, 0.0744624, 0, 0.070133, 0, 0.0399089, 0, 0.0122046, 0, 0.0315188, 0, 0.0684045, 0, 0.0744624, 0, 0.0570678, 0, 0.0249287, 0, 0.0486033, 0, 0.106677, 0, 0.148018, 0, 0.144256, 0, 0.0684045, 0, 0.0744624, 0, 0.148018, 0, 0.128486, 0, 0.0663992, 0, 0.0399089, 0, 0.0188433, 0, 0.0339523, 0, 0.0744624, 0, 0.0857648, 0, 0.0744624, 0, 0.0339523, 0, 0.0705393, 0, 0.148018, 0, 0.160897, 0, 0.148018, 0, 0.0705393, 0, 0.070133, 0, 0.128486, 0, 0.100976, 0, 0.128486, 0, 0.070133, 0, 0.0489153, 0, 0.0663992, 0, 0.0249287, 0, 0.0570678, 0, 0.0744624, 0, 0.0684045, 0, 0.0315188, 0, 0.0684045, 0, 0.144256, 0, 0.148018, 0, 0.106677, 0, 0.0486033, 0, 0.0399089, 0, 0.0663992, 0, 0.128486, 0, 0.148018, 0, 0.0744624, 0, 0.0570678, 0, 0.106677, 0, 0.0663992, 0, 0.0102049, 0, 0.0249287, 0, 0.0339523, 0, 0.0315188, 0, 0.0145068, 0, 0.0321179, 0, 0.0684045, 0, 0.0705393, 0, 0.0486033, 0, 0.0191526, 0, 0.0122046, 0, 0.0399089, 0, 0.070133, 0, 0.0744624, 0, 0.0361737, 0, 0.0284516, 0, 0.0570678, 0, 0.0489153, 0, 0.0188433, 0, 0.00508609, 0, 0.0122499, 0, 0.0161073, 0, 0.0145068, 0, 0.00657166, 0, 0.0145068, 0, 0.0315188, 0, 0.0339523, 0, 0.0249287, 0, 0.0102049, 0, 0.0087955, 0, 0.0227804, 0, 0.0342164, 0, 0.0339523, 0, 0.0161073, 0, 0.0122499, 0, 0.0249287, 0, 0.0227804, 0, 0.0121628, 0, 0.00347286, 0, 0.0122499, 0, 0.0284516, 0, 0.0361737, 0, 0.0321179, 0, 0.0145068, 0, 0.0315188, 0, 0.0684045, 0, 0.0744624, 0, 0.0570678, 0, 0.0249287, 0, 0.0227804, 0, 0.0489153, 0, 0.070133, 0, 0.0705393, 0, 0.0339523, 0, 0.0249287, 0, 0.0486033, 0, 0.0399089, 0, 0.0188433, 0, 0.0121628, 0, 0.00347286, 0, 0.0161073, 0, 0.0361737, 0, 0.0426437, 0, 0.0361737, 0, 0.0161073, 0, 0.0339523, 0, 0.0744624, 0, 0.0857648, 0, 0.0744624, 0, 0.0339523, 0, 0.0342164, 0, 0.070133, 0, 0.0739428, 0, 0.070133, 0, 0.0342164, 0, 0.0227804, 0, 0.0399089, 0, 0.0287563, 0, 0.0399089, 0, 0.0227804, 0, 0.0087955, 0, 0.0122046, 0, 0.0145068, 0, 0.0321179, 0, 0.0361737, 0, 0.0284516, 0, 0.0122499, 0, 0.0249287, 0, 0.0570678, 0, 0.0744624, 0, 0.0684045, 0, 0.0315188, 0, 0.0339523, 0, 0.0705393, 0, 0.070133, 0, 0.0489153, 0, 0.0227804, 0, 0.0121628, 0, 0.0188433, 0, 0.0399089, 0, 0.0486033, 0, 0.0249287, 0, 0.0102049, 0, 0.0191526, 0, 0.0122046, 0, 0.00657166, 0, 0.0145068, 0, 0.0161073, 0, 0.0122499, 0, 0.00508609, 0, 0.0102049, 0, 0.0249287, 0, 0.0339523, 0, 0.0315188, 0, 0.0145068, 0, 0.0161073, 0, 0.0339523, 0, 0.0342164, 0, 0.0227804, 0, 0.0087955, 0, 0.00347286, 0, 0.0121628, 0, 0.0227804, 0, 0.0249287, 0, 0.0122499, 0, 0.00508609, 0, 0.0102049, 0, 0.0087955, 0, 0.00347286, 0, ]
USE_ENERGY_DISTANCE =     false
PERIODIC =                false
UNIFORM_SITES =           true
DEVICE_DIMENSION =        2
MAX_PARAM =               1
MIN_PARAM =               0
MIN_PARAM =               0
DIAG =                    true
NUM_SEEDS =               2
NUMBER_OF_BANGS =               7
DISTANCE_LIMIT =          0.02
TAU_SCALAR =              1.2
TAU_SCALAR_TINY =         1.1
TAU_SCALAR_BIG =          1.4
ACCEPTANCE_PROB =         0.85
TEMP_EXP_DECAY =          0.8
MIN_TEMP_FRACTION =       0.01
TEMP_DECAY_ITERATIONS =   21
ZERO_TEMP_ITREATIONS =    15
RANDOM_STATES =           3
END_PARAMETERS
##############################################################################
clock_duration  =         6281.03
tau =                     1
total_steps =             32
time_step =               0.03125
best_mc_result =          0.0527071
best_mc_result_non_secondary =          0.0569305
evolved_target_dot_squared =  0.947293
distance =          1
j_protocol =  [[1, 1, 1, 1, 1, 1, 1, 1, 0, 0, 1, 1, 1, 1, 1, 1, 1, 1, 0, 0, 0, 0, 1, 1, 1, 1, 1, 1, 1, 1, 0, 0, ],[1, 1, 1, 1, 1, 0, 1, 1, 0, 0, 1, 1, 1, 1, 1, 1, 1, 1, 0, 0, 0, 0, 1, 1, 1, 1, 1, 1, 1, 1, 0, 0, ],]
k_protocol =  [[1, 1, 1, 1, 1, 1, 1, 1, 1, 1, 1, 1, 1, 1, 1, 1, 1, 1, 1, 1, 1, 1, 1, 1, 1, 1, 1, 1, 1, 1, 1, 1, ],[1, 1, 1, 1, 1, 1, 1, 1, 1, 1, 1, 1, 1, 1, 1, 1, 1, 1, 1, 1, 1, 1, 1, 1, 1, 1, 1, 1, 1, 1, 1, 1, ],]
j_protocol_secondary =  [0, 0.164476, 0.217317, 0.22663, 0.267724, 0.306967, 0.306967, 0.576799, 0.660664, 0.660664, 0.668879, 0.885133, 0.885133, 0.914526, ]
k_protocol_secondary =  [0.0147416, 0.184736, 0.184736, 0.402729, 0.402729, 0.48551, 0.48551, 0.53095, 0.53095, 0.584407, 0.584407, 0.750086, 0.750086, 1, ]
best_evolved_state = [0.00180935, -0.00252319, 0.00389489, -0.00328961, 0.00640962, -0.0044095, 0.00424466, -0.00623072, 0.00361886, -0.0104021, 0.00640962, -0.0044095, 0.00233213, -0.00272778, 0.00424466, -0.00623072, 0.00389489, -0.00328961, 0.00180935, -0.00252319, 0.00519542, -0.0098289, 0.00975045, -0.0169036, 0.0184277, -0.0101445, 0.00962502, -0.00477686, 0.00180935, -0.00252319, 0.00975045, -0.0169036, 0.017952, -0.029423, 0.0262121, -0.0219531, 0.0103273, -0.00444799, 0.00962502, -0.00477686, 0.0103273, -0.00444799, 0.0184277, -0.0101445, 0.0262121, -0.0219531, 0.00894827, -0.00962727, 0.0262121, -0.0219531, 0.0184277, -0.0101445, 0.0417718, -0.0271094, 0.0215022, -0.0485378, 0.00962502, -0.00477686, 0.0103273, -0.00444799, 0.0262121, -0.0219531, 0.017952, -0.029423, 0.00975045, -0.0169036, 0.0258582, -0.0422227, 0.0411859, -0.0763467, 0.0215022, -0.0485378, 0.00180935, -0.00252319, 0.00962502, -0.00477686, 0.0184277, -0.0101445, 0.00975045, -0.0169036, 0.00519542, -0.0098289, 0.0131524, -0.0248352, 0.0258582, -0.0422227, 0.0417718, -0.0271094, 0.0103273, -0.00444799, 0.00389489, -0.00328961, 0.0184277, -0.0101445, 0.0253145, -0.0302297, 0.0117933, -0.0224259, 0.00188893, -0.0123483, 0.0154519, -0.0328784, 0.0375504, -0.068223, 0.0456257, -0.0654397, 0.0262121, -0.0219531, 0.00640962, -0.0044095, 0.0184277, -0.0101445, 0.0417718, -0.0271094, 0.0456257, -0.0654397, 0.0362071, -0.0514269, 0.0117933, -0.0224259, 0.0375504, -0.068223, 0.0628525, -0.154909, 0.0449436, -0.116104, 0.0215022, -0.0485378, 0.0262121, -0.0219531, 0.00894827, -0.00962727, 0.0253145, -0.0302297, 0.0456257, -0.0654397, 0.0582049, -0.0660392, 0.0456257, -0.0654397, 0.0253145, -0.0302297, 0.0456257, -0.0654397, 0.0449436, -0.116104, 0.0233241, -0.089533, 0.0449436, -0.116104, 0.0456257, -0.0654397, 0.0582049, -0.0660392, 0.0233241, -0.089533, 0.0117933, -0.0224259, 0.0362071, -0.0514269, 0.0456257, -0.0654397, 0.0417718, -0.0271094, 0.0184277, -0.0101445, 0.0262121, -0.0219531, 0.0215022, -0.0485378, 0.0449436, -0.116104, 0.0628525, -0.154909, 0.0375504, -0.068223, 0.0240155, -0.0911664, 0.0274859, -0.153529, 0.0233241, -0.089533, 0.00188893, -0.0123483, 0.0117933, -0.0224259, 0.0253145, -0.0302297, 0.0184277, -0.0101445, 0.00389489, -0.00328961, 0.00640962, -0.0044095, 0.0262121, -0.0219531, 0.0456257, -0.0654397, 0.0375504, -0.068223, 0.0154519, -0.0328784, 0.0126504, -0.0522173, 0.0240155, -0.0911664, 0.0582049, -0.0660392, 0.00894827, -0.00962727, 0.000398439, -0.018709, -0.00111179, -0.0340739, 0.0117933, -0.0224259, 0.00975045, -0.0169036, 0.00424466, -0.00623072, 0.00361886, -0.0104021, 0.017952, -0.029423, 0.0362071, -0.0514269, 0.00834345, -0.0634027, 0.00290112, -0.0354617, 0.0154519, -0.0328784, 0.0375504, -0.068223, 0.0456257, -0.0654397, 0.0262121, -0.0219531, 0.00640962, -0.0044095, -0.00111179, -0.0340739, 0.00834345, -0.0634027, 0.0375504, -0.068223, 0.0258582, -0.0422227, 0.00975045, -0.0169036, 0.017952, -0.029423, 0.0411859, -0.0763467, 0.0628525, -0.154909, 0.0399809, -0.135896, 0.00834345, -0.0634027, 0.0375504, -0.068223, 0.0628525, -0.154909, 0.0449436, -0.116104, 0.0215022, -0.0485378, 0.0262121, -0.0219531, 0.0103273, -0.00444799, 0.0117933, -0.0224259, 0.0375504, -0.068223, 0.0240155, -0.0911664, 0.0375504, -0.068223, 0.0117933, -0.0224259, 0.0362071, -0.0514269, 0.0628525, -0.154909, 0.0274859, -0.153529, 0.0628525, -0.154909, 0.0362071, -0.0514269, 0.0456257, -0.0654397, 0.0449436, -0.116104, 0.0233241, -0.089533, 0.0449436, -0.116104, 0.0456257, -0.0654397, 0.0417718, -0.0271094, 0.0215022, -0.0485378, 0.00975045, -0.0169036, 0.0258582, -0.0422227, 0.0375504, -0.068223, 0.00834345, -0.0634027, -0.00111179, -0.0340739, 0.00834345, -0.0634027, 0.0399809, -0.135896, 0.0628525, -0.154909, 0.0411859, -0.0763467, 0.017952, -0.029423, 0.0262121, -0.0219531, 0.0215022, -0.0485378, 0.0449436, -0.116104, 0.0628525, -0.154909, 0.0375504, -0.068223, 0.0258582, -0.0422227, 0.0411859, -0.0763467, 0.0215022, -0.0485378, 0.00424466, -0.00623072, 0.00975045, -0.0169036, 0.0117933, -0.0224259, -0.00111179, -0.0340739, 0.000398439, -0.018709, 0.00290112, -0.0354617, 0.00834345, -0.0634027, 0.0362071, -0.0514269, 0.017952, -0.029423, 0.00361886, -0.0104021, 0.00640962, -0.0044095, 0.0262121, -0.0219531, 0.0456257, -0.0654397, 0.0375504, -0.068223, 0.0154519, -0.0328784, 0.0131524, -0.0248352, 0.0258582, -0.0422227, 0.0417718, -0.0271094, 0.0103273, -0.00444799, 0.00233213, -0.00272778, 0.00519542, -0.0098289, 0.00188893, -0.0123483, 0.000398439, -0.018709, 0.00104901, -0.00903335, 0.000398439, -0.018709, -0.00111179, -0.0340739, 0.0117933, -0.0224259, 0.00975045, -0.0169036, 0.00424466, -0.00623072, 0.00389489, -0.00328961, 0.0184277, -0.0101445, 0.0253145, -0.0302297, 0.0117933, -0.0224259, 0.00188893, -0.0123483, 0.00519542, -0.0098289, 0.00975045, -0.0169036, 0.0184277, -0.0101445, 0.00962502, -0.00477686, 0.00180935, -0.00252319, 0.00519542, -0.0098289, 0.0131524, -0.0248352, 0.0154519, -0.0328784, 0.00290112, -0.0354617, 0.000398439, -0.018709, -0.00111179, -0.0340739, 0.00834345, -0.0634027, 0.0375504, -0.068223, 0.0258582, -0.0422227, 0.00975045, -0.0169036, 0.0184277, -0.0101445, 0.0417718, -0.0271094, 0.0456257, -0.0654397, 0.0362071, -0.0514269, 0.0117933, -0.0224259, 0.00975045, -0.0169036, 0.017952, -0.029423, 0.0262121, -0.0219531, 0.0103273, -0.00444799, 0.00962502, -0.00477686, 0.00180935, -0.00252319, 0.00188893, -0.0123483, 0.0154519, -0.0328784, 0.0126504, -0.0522173, 0.0154519, -0.0328784, 0.00188893, -0.0123483, 0.0117933, -0.0224259, 0.0375504, -0.068223, 0.0240155, -0.0911664, 0.0375504, -0.068223, 0.0117933, -0.0224259, 0.0253145, -0.0302297, 0.0456257, -0.0654397, 0.0582049, -0.0660392, 0.0456257, -0.0654397, 0.0253145, -0.0302297, 0.0184277, -0.0101445, 0.0262121, -0.0219531, 0.00894827, -0.00962727, 0.0262121, -0.0219531, 0.0184277, -0.0101445, 0.00389489, -0.00328961, 0.00640962, -0.0044095, 0.000398439, -0.018709, 0.00290112, -0.0354617, 0.0154519, -0.0328784, 0.0131524, -0.0248352, 0.00519542, -0.0098289, 0.00975045, -0.0169036, 0.0258582, -0.0422227, 0.0375504, -0.068223, 0.00834345, -0.0634027, -0.00111179, -0.0340739, 0.0117933, -0.0224259, 0.0362071, -0.0514269, 0.0456257, -0.0654397, 0.0417718, -0.0271094, 0.0184277, -0.0101445, 0.00962502, -0.00477686, 0.0103273, -0.00444799, 0.0262121, -0.0219531, 0.017952, -0.029423, 0.00975045, -0.0169036, 0.00424466, -0.00623072, 0.00361886, -0.0104021, 0.00640962, -0.0044095, 0.00104901, -0.00903335, 0.000398439, -0.018709, 0.00188893, -0.0123483, 0.00519542, -0.0098289, 0.00233213, -0.00272778, 0.00424466, -0.00623072, 0.00975045, -0.0169036, 0.0117933, -0.0224259, -0.00111179, -0.0340739, 0.000398439, -0.018709, 0.00188893, -0.0123483, 0.0117933, -0.0224259, 0.0253145, -0.0302297, 0.0184277, -0.0101445, 0.00389489, -0.00328961, 0.00180935, -0.00252319, 0.00962502, -0.00477686, 0.0184277, -0.0101445, 0.00975045, -0.0169036, 0.00519542, -0.0098289, 0.00233213, -0.00272778, 0.00424466, -0.00623072, 0.00389489, -0.00328961, 0.00180935, -0.00252319, ]
best_mc_result_fixed_tau =   [0.058822, 0.0569305, ]
evolved_state_fixed_tau =   [[0.00128286, -0.00309917, 0.00217113, -0.00422421, 0.00629922, -0.00564871, 0.00222837, -0.00683938, 0.000895196, -0.0100169, 0.00629922, -0.00564871, 0.00117428, -0.00293536, 0.00222837, -0.00683938, 0.00217113, -0.00422421, 0.00128286, -0.00309917, 0.00135321, -0.0107472, 0.00403395, -0.0191133, 0.0139471, -0.01551, 0.00697163, -0.00893461, 0.00128286, -0.00309917, 0.00403395, -0.0191133, 0.00890455, -0.0330688, 0.0187404, -0.0278638, 0.00987083, -0.00562446, 0.00697163, -0.00893461, 0.00987083, -0.00562446, 0.0139471, -0.01551, 0.0187404, -0.0278638, 0.00705904, -0.00749366, 0.0187404, -0.0278638, 0.0139471, -0.01551, 0.0346818, -0.0380461, 0.0162062, -0.0576974, 0.00697163, -0.00893461, 0.00987083, -0.00562446, 0.0187404, -0.0278638, 0.00890455, -0.0330688, 0.00403395, -0.0191133, 0.0124798, -0.0472162, 0.0246454, -0.0802231, 0.0162062, -0.0576974, 0.00128286, -0.00309917, 0.00697163, -0.00893461, 0.0139471, -0.01551, 0.00403395, -0.0191133, 0.00135321, -0.0107472, 0.00379599, -0.0279589, 0.0124798, -0.0472162, 0.0346818, -0.0380461, 0.00987083, -0.00562446, 0.00217113, -0.00422421, 0.0139471, -0.01551, 0.0158446, -0.0376934, 0.00498752, -0.021617, -0.00348421, -0.0105371, 0.00426424, -0.0340982, 0.0205487, -0.075484, 0.0235814, -0.0789355, 0.0187404, -0.0278638, 0.00629922, -0.00564871, 0.0139471, -0.01551, 0.0346818, -0.0380461, 0.0235814, -0.0789355, 0.0262817, -0.0578392, 0.00498752, -0.021617, 0.0205487, -0.075484, 0.0255814, -0.170196, 0.0137798, -0.115143, 0.0162062, -0.0576974, 0.0187404, -0.0278638, 0.00705904, -0.00749366, 0.0158446, -0.0376934, 0.0235814, -0.0789355, 0.0380656, -0.0773496, 0.0235814, -0.0789355, 0.0158446, -0.0376934, 0.0235814, -0.0789355, 0.0137798, -0.115143, 0.0164499, -0.104051, 0.0137798, -0.115143, 0.0235814, -0.0789355, 0.0380656, -0.0773496, 0.0164499, -0.104051, 0.00498752, -0.021617, 0.0262817, -0.0578392, 0.0235814, -0.0789355, 0.0346818, -0.0380461, 0.0139471, -0.01551, 0.0187404, -0.0278638, 0.0162062, -0.0576974, 0.0137798, -0.115143, 0.0255814, -0.170196, 0.0205487, -0.075484, -0.00564364, -0.0920649, -0.00839053, -0.142923, 0.0164499, -0.104051, -0.00348421, -0.0105371, 0.00498752, -0.021617, 0.0158446, -0.0376934, 0.0139471, -0.01551, 0.00217113, -0.00422421, 0.00629922, -0.00564871, 0.0187404, -0.0278638, 0.0235814, -0.0789355, 0.0205487, -0.075484, 0.00426424, -0.0340982, -0.0062507, -0.0528918, -0.00564364, -0.0920649, 0.0380656, -0.0773496, 0.00705904, -0.00749366, -0.00694662, -0.0176649, -0.0141269, -0.030832, 0.00498752, -0.021617, 0.00403395, -0.0191133, 0.00222837, -0.00683938, 0.000895196, -0.0100169, 0.00890455, -0.0330688, 0.0262817, -0.0578392, -0.0113889, -0.0591844, -0.0103762, -0.0341105, 0.00426424, -0.0340982, 0.0205487, -0.075484, 0.0235814, -0.0789355, 0.0187404, -0.0278638, 0.00629922, -0.00564871, -0.0141269, -0.030832, -0.0113889, -0.0591844, 0.0205487, -0.075484, 0.0124798, -0.0472162, 0.00403395, -0.0191133, 0.00890455, -0.0330688, 0.0246454, -0.0802231, 0.0255814, -0.170196, 0.0107354, -0.137007, -0.0113889, -0.0591844, 0.0205487, -0.075484, 0.0255814, -0.170196, 0.0137798, -0.115143, 0.0162062, -0.0576974, 0.0187404, -0.0278638, 0.00987083, -0.00562446, 0.00498752, -0.021617, 0.0205487, -0.075484, -0.00564364, -0.0920649, 0.0205487, -0.075484, 0.00498752, -0.021617, 0.0262817, -0.0578392, 0.0255814, -0.170196, -0.00839053, -0.142923, 0.0255814, -0.170196, 0.0262817, -0.0578392, 0.0235814, -0.0789355, 0.0137798, -0.115143, 0.0164499, -0.104051, 0.0137798, -0.115143, 0.0235814, -0.0789355, 0.0346818, -0.0380461, 0.0162062, -0.0576974, 0.00403395, -0.0191133, 0.0124798, -0.0472162, 0.0205487, -0.075484, -0.0113889, -0.0591844, -0.0141269, -0.030832, -0.0113889, -0.0591844, 0.0107354, -0.137007, 0.0255814, -0.170196, 0.0246454, -0.0802231, 0.00890455, -0.0330688, 0.0187404, -0.0278638, 0.0162062, -0.0576974, 0.0137798, -0.115143, 0.0255814, -0.170196, 0.0205487, -0.075484, 0.0124798, -0.0472162, 0.0246454, -0.0802231, 0.0162062, -0.0576974, 0.00222837, -0.00683938, 0.00403395, -0.0191133, 0.00498752, -0.021617, -0.0141269, -0.030832, -0.00694662, -0.0176649, -0.0103762, -0.0341105, -0.0113889, -0.0591844, 0.0262817, -0.0578392, 0.00890455, -0.0330688, 0.000895196, -0.0100169, 0.00629922, -0.00564871, 0.0187404, -0.0278638, 0.0235814, -0.0789355, 0.0205487, -0.075484, 0.00426424, -0.0340982, 0.00379599, -0.0279589, 0.0124798, -0.0472162, 0.0346818, -0.0380461, 0.00987083, -0.00562446, 0.00117428, -0.00293536, 0.00135321, -0.0107472, -0.00348421, -0.0105371, -0.00694662, -0.0176649, -0.00250232, -0.00860072, -0.00694662, -0.0176649, -0.0141269, -0.030832, 0.00498752, -0.021617, 0.00403395, -0.0191133, 0.00222837, -0.00683938, 0.00217113, -0.00422421, 0.0139471, -0.01551, 0.0158446, -0.0376934, 0.00498752, -0.021617, -0.00348421, -0.0105371, 0.00135321, -0.0107472, 0.00403395, -0.0191133, 0.0139471, -0.01551, 0.00697163, -0.00893461, 0.00128286, -0.00309917, 0.00135321, -0.0107472, 0.00379599, -0.0279589, 0.00426424, -0.0340982, -0.0103762, -0.0341105, -0.00694662, -0.0176649, -0.0141269, -0.030832, -0.0113889, -0.0591844, 0.0205487, -0.075484, 0.0124798, -0.0472162, 0.00403395, -0.0191133, 0.0139471, -0.01551, 0.0346818, -0.0380461, 0.0235814, -0.0789355, 0.0262817, -0.0578392, 0.00498752, -0.021617, 0.00403395, -0.0191133, 0.00890455, -0.0330688, 0.0187404, -0.0278638, 0.00987083, -0.00562446, 0.00697163, -0.00893461, 0.00128286, -0.00309917, -0.00348421, -0.0105371, 0.00426424, -0.0340982, -0.0062507, -0.0528918, 0.00426424, -0.0340982, -0.00348421, -0.0105371, 0.00498752, -0.021617, 0.0205487, -0.075484, -0.00564364, -0.0920649, 0.0205487, -0.075484, 0.00498752, -0.021617, 0.0158446, -0.0376934, 0.0235814, -0.0789355, 0.0380656, -0.0773496, 0.0235814, -0.0789355, 0.0158446, -0.0376934, 0.0139471, -0.01551, 0.0187404, -0.0278638, 0.00705904, -0.00749366, 0.0187404, -0.0278638, 0.0139471, -0.01551, 0.00217113, -0.00422421, 0.00629922, -0.00564871, -0.00694662, -0.0176649, -0.0103762, -0.0341105, 0.00426424, -0.0340982, 0.00379599, -0.0279589, 0.00135321, -0.0107472, 0.00403395, -0.0191133, 0.0124798, -0.0472162, 0.0205487, -0.075484, -0.0113889, -0.0591844, -0.0141269, -0.030832, 0.00498752, -0.021617, 0.0262817, -0.0578392, 0.0235814, -0.0789355, 0.0346818, -0.0380461, 0.0139471, -0.01551, 0.00697163, -0.00893461, 0.00987083, -0.00562446, 0.0187404, -0.0278638, 0.00890455, -0.0330688, 0.00403395, -0.0191133, 0.00222837, -0.00683938, 0.000895196, -0.0100169, 0.00629922, -0.00564871, -0.00250232, -0.00860072, -0.00694662, -0.0176649, -0.00348421, -0.0105371, 0.00135321, -0.0107472, 0.00117428, -0.00293536, 0.00222837, -0.00683938, 0.00403395, -0.0191133, 0.00498752, -0.021617, -0.0141269, -0.030832, -0.00694662, -0.0176649, -0.00348421, -0.0105371, 0.00498752, -0.021617, 0.0158446, -0.0376934, 0.0139471, -0.01551, 0.00217113, -0.00422421, 0.00128286, -0.00309917, 0.00697163, -0.00893461, 0.0139471, -0.01551, 0.00403395, -0.0191133, 0.00135321, -0.0107472, 0.00117428, -0.00293536, 0.00222837, -0.00683938, 0.00217113, -0.00422421, 0.00128286, -0.00309917, ],[0.0011277, -0.00278403, 0.00192542, -0.00399867, 0.00491462, -0.00565816, 0.00183988, -0.00638524, -1.61603e-05, -0.0102562, 0.00491462, -0.00565816, 0.00111917, -0.0026154, 0.00183988, -0.00638524, 0.00192542, -0.00399867, 0.0011277, -0.00278403, 0.00131734, -0.00975473, 0.00261419, -0.0185925, 0.0114518, -0.0150751, 0.00599047, -0.00810658, 0.0011277, -0.00278403, 0.00261419, -0.0185925, 0.00372157, -0.0345558, 0.0142869, -0.0281004, 0.00768256, -0.00647225, 0.00599047, -0.00810658, 0.00768256, -0.00647225, 0.0114518, -0.0150751, 0.0142869, -0.0281004, 0.00473025, -0.00965061, 0.0142869, -0.0281004, 0.0114518, -0.0150751, 0.0271021, -0.0389307, 0.00785833, -0.0575494, 0.00599047, -0.00810658, 0.00768256, -0.00647225, 0.0142869, -0.0281004, 0.00372157, -0.0345558, 0.00261419, -0.0185925, 0.00584699, -0.0486195, 0.00563232, -0.0876178, 0.00785833, -0.0575494, 0.0011277, -0.00278403, 0.00599047, -0.00810658, 0.0114518, -0.0150751, 0.00261419, -0.0185925, 0.00131734, -0.00975473, 0.0023423, -0.0264707, 0.00584699, -0.0486195, 0.0271021, -0.0389307, 0.00768256, -0.00647225, 0.00192542, -0.00399867, 0.0114518, -0.0150751, 0.0125161, -0.0356101, 0.00222138, -0.0222319, -0.00296225, -0.010395, 0.00165654, -0.0328529, 0.00895125, -0.0755991, 0.0142989, -0.0779849, 0.0142869, -0.0281004, 0.00491462, -0.00565816, 0.0114518, -0.0150751, 0.0271021, -0.0389307, 0.0142989, -0.0779849, 0.0143702, -0.0596901, 0.00222138, -0.0222319, 0.00895125, -0.0755991, -0.00603467, -0.174192, -0.00786687, -0.120526, 0.00785833, -0.0575494, 0.0142869, -0.0281004, 0.00473025, -0.00965061, 0.0125161, -0.0356101, 0.0142989, -0.0779849, 0.0275465, -0.0769216, 0.0142989, -0.0779849, 0.0125161, -0.0356101, 0.0142989, -0.0779849, -0.00786687, -0.120526, 0.00213519, -0.101985, -0.00786687, -0.120526, 0.0142989, -0.0779849, 0.0275465, -0.0769216, 0.00213519, -0.101985, 0.00222138, -0.0222319, 0.0143702, -0.0596901, 0.0142989, -0.0779849, 0.0271021, -0.0389307, 0.0114518, -0.0150751, 0.0142869, -0.0281004, 0.00785833, -0.0575494, -0.00786687, -0.120526, -0.00603467, -0.174192, 0.00895125, -0.0755991, -0.0149268, -0.092494, -0.0392006, -0.151759, 0.00213519, -0.101985, -0.00296225, -0.010395, 0.00222138, -0.0222319, 0.0125161, -0.0356101, 0.0114518, -0.0150751, 0.00192542, -0.00399867, 0.00491462, -0.00565816, 0.0142869, -0.0281004, 0.0142989, -0.0779849, 0.00895125, -0.0755991, 0.00165654, -0.0328529, -0.00710666, -0.0501754, -0.0149268, -0.092494, 0.0275465, -0.0769216, 0.00473025, -0.00965061, -0.00567642, -0.0159722, -0.0135885, -0.0296606, 0.00222138, -0.0222319, 0.00261419, -0.0185925, 0.00183988, -0.00638524, -1.61603e-05, -0.0102562, 0.00372157, -0.0345558, 0.0143702, -0.0596901, -0.0181006, -0.0607587, -0.0105912, -0.0323087, 0.00165654, -0.0328529, 0.00895125, -0.0755991, 0.0142989, -0.0779849, 0.0142869, -0.0281004, 0.00491462, -0.00565816, -0.0135885, -0.0296606, -0.0181006, -0.0607587, 0.00895125, -0.0755991, 0.00584699, -0.0486195, 0.00261419, -0.0185925, 0.00372157, -0.0345558, 0.00563232, -0.0876178, -0.00603467, -0.174192, -0.0199601, -0.145765, -0.0181006, -0.0607587, 0.00895125, -0.0755991, -0.00603467, -0.174192, -0.00786687, -0.120526, 0.00785833, -0.0575494, 0.0142869, -0.0281004, 0.00768256, -0.00647225, 0.00222138, -0.0222319, 0.00895125, -0.0755991, -0.0149268, -0.092494, 0.00895125, -0.0755991, 0.00222138, -0.0222319, 0.0143702, -0.0596901, -0.00603467, -0.174192, -0.0392006, -0.151759, -0.00603467, -0.174192, 0.0143702, -0.0596901, 0.0142989, -0.0779849, -0.00786687, -0.120526, 0.00213519, -0.101985, -0.00786687, -0.120526, 0.0142989, -0.0779849, 0.0271021, -0.0389307, 0.00785833, -0.0575494, 0.00261419, -0.0185925, 0.00584699, -0.0486195, 0.00895125, -0.0755991, -0.0181006, -0.0607587, -0.0135885, -0.0296606, -0.0181006, -0.0607587, -0.0199601, -0.145765, -0.00603467, -0.174192, 0.00563232, -0.0876178, 0.00372157, -0.0345558, 0.0142869, -0.0281004, 0.00785833, -0.0575494, -0.00786687, -0.120526, -0.00603467, -0.174192, 0.00895125, -0.0755991, 0.00584699, -0.0486195, 0.00563232, -0.0876178, 0.00785833, -0.0575494, 0.00183988, -0.00638524, 0.00261419, -0.0185925, 0.00222138, -0.0222319, -0.0135885, -0.0296606, -0.00567642, -0.0159722, -0.0105912, -0.0323087, -0.0181006, -0.0607587, 0.0143702, -0.0596901, 0.00372157, -0.0345558, -1.61603e-05, -0.0102562, 0.00491462, -0.00565816, 0.0142869, -0.0281004, 0.0142989, -0.0779849, 0.00895125, -0.0755991, 0.00165654, -0.0328529, 0.0023423, -0.0264707, 0.00584699, -0.0486195, 0.0271021, -0.0389307, 0.00768256, -0.00647225, 0.00111917, -0.0026154, 0.00131734, -0.00975473, -0.00296225, -0.010395, -0.00567642, -0.0159722, -0.00166805, -0.00751001, -0.00567642, -0.0159722, -0.0135885, -0.0296606, 0.00222138, -0.0222319, 0.00261419, -0.0185925, 0.00183988, -0.00638524, 0.00192542, -0.00399867, 0.0114518, -0.0150751, 0.0125161, -0.0356101, 0.00222138, -0.0222319, -0.00296225, -0.010395, 0.00131734, -0.00975473, 0.00261419, -0.0185925, 0.0114518, -0.0150751, 0.00599047, -0.00810658, 0.0011277, -0.00278403, 0.00131734, -0.00975473, 0.0023423, -0.0264707, 0.00165654, -0.0328529, -0.0105912, -0.0323087, -0.00567642, -0.0159722, -0.0135885, -0.0296606, -0.0181006, -0.0607587, 0.00895125, -0.0755991, 0.00584699, -0.0486195, 0.00261419, -0.0185925, 0.0114518, -0.0150751, 0.0271021, -0.0389307, 0.0142989, -0.0779849, 0.0143702, -0.0596901, 0.00222138, -0.0222319, 0.00261419, -0.0185925, 0.00372157, -0.0345558, 0.0142869, -0.0281004, 0.00768256, -0.00647225, 0.00599047, -0.00810658, 0.0011277, -0.00278403, -0.00296225, -0.010395, 0.00165654, -0.0328529, -0.00710666, -0.0501754, 0.00165654, -0.0328529, -0.00296225, -0.010395, 0.00222138, -0.0222319, 0.00895125, -0.0755991, -0.0149268, -0.092494, 0.00895125, -0.0755991, 0.00222138, -0.0222319, 0.0125161, -0.0356101, 0.0142989, -0.0779849, 0.0275465, -0.0769216, 0.0142989, -0.0779849, 0.0125161, -0.0356101, 0.0114518, -0.0150751, 0.0142869, -0.0281004, 0.00473025, -0.00965061, 0.0142869, -0.0281004, 0.0114518, -0.0150751, 0.00192542, -0.00399867, 0.00491462, -0.00565816, -0.00567642, -0.0159722, -0.0105912, -0.0323087, 0.00165654, -0.0328529, 0.0023423, -0.0264707, 0.00131734, -0.00975473, 0.00261419, -0.0185925, 0.00584699, -0.0486195, 0.00895125, -0.0755991, -0.0181006, -0.0607587, -0.0135885, -0.0296606, 0.00222138, -0.0222319, 0.0143702, -0.0596901, 0.0142989, -0.0779849, 0.0271021, -0.0389307, 0.0114518, -0.0150751, 0.00599047, -0.00810658, 0.00768256, -0.00647225, 0.0142869, -0.0281004, 0.00372157, -0.0345558, 0.00261419, -0.0185925, 0.00183988, -0.00638524, -1.61603e-05, -0.0102562, 0.00491462, -0.00565816, -0.00166805, -0.00751001, -0.00567642, -0.0159722, -0.00296225, -0.010395, 0.00131734, -0.00975473, 0.00111917, -0.0026154, 0.00183988, -0.00638524, 0.00261419, -0.0185925, 0.00222138, -0.0222319, -0.0135885, -0.0296606, -0.00567642, -0.0159722, -0.00296225, -0.010395, 0.00222138, -0.0222319, 0.0125161, -0.0356101, 0.0114518, -0.0150751, 0.00192542, -0.00399867, 0.0011277, -0.00278403, 0.00599047, -0.00810658, 0.0114518, -0.0150751, 0.00261419, -0.0185925, 0.00131734, -0.00975473, 0.00111917, -0.0026154, 0.00183988, -0.00638524, 0.00192542, -0.00399867, 0.0011277, -0.00278403, ],]
