START_PARAMETERS
MAX_STEPS_MCDB =               32
MIN_STEPS_MCDB =               4
STEPS_CRUNCH_MCDB =            1
SWEEPS_MCDB =                  100
TOTAL_STEP_CHANGES =                  6
MCBB_SECONDARY =                  1
SWEEPS_MCBB_SECONDARY =                  250
NUMBER_OF_BANGS =                  7
GROUND_E =                11.797
INITIAL_E =               11.86
j_initial =               0.191
k_initial =               0.5
b_initial =               0
j_target =                0.051
k_target =                0.5
b_target =                0
init_target_dot_squared = 0.945363
init_state = [3.94057e-05, 0, 0.00026457, 0, 0.000819532, 0, 0.000509057, 0, 0.00286986, 0, 0.000819532, 0, 8.74783e-05, 0, 0.000509057, 0, 0.00026457, 0, 3.94057e-05, 0, 0.000605137, 0, 0.00354019, 0, 0.00199318, 0, 0.000472774, 0, 3.94057e-05, 0, 0.00354019, 0, 0.0201988, 0, 0.008871, 0, 0.00151378, 0, 0.000472774, 0, 0.00151378, 0, 0.00199318, 0, 0.008871, 0, 0.00285369, 0, 0.008871, 0, 0.00199318, 0, 0.0119484, 0, 0.03117, 0, 0.000472774, 0, 0.00151378, 0, 0.008871, 0, 0.0201988, 0, 0.00354019, 0, 0.0238429, 0, 0.133472, 0, 0.03117, 0, 3.94057e-05, 0, 0.000472774, 0, 0.00199318, 0, 0.00354019, 0, 0.000605137, 0, 0.00410161, 0, 0.0238429, 0, 0.0119484, 0, 0.00151378, 0, 0.00026457, 0, 0.00199318, 0, 0.00480559, 0, 0.0059623, 0, 0.000977278, 0, 0.00631896, 0, 0.0381331, 0, 0.0280922, 0, 0.008871, 0, 0.000819532, 0, 0.00199318, 0, 0.0119484, 0, 0.0280922, 0, 0.0361127, 0, 0.0059623, 0, 0.0381331, 0, 0.227183, 0, 0.152231, 0, 0.03117, 0, 0.008871, 0, 0.00285369, 0, 0.00480559, 0, 0.0280922, 0, 0.022269, 0, 0.0280922, 0, 0.00480559, 0, 0.0280922, 0, 0.152231, 0, 0.0584497, 0, 0.152231, 0, 0.0280922, 0, 0.022269, 0, 0.0584497, 0, 0.0059623, 0, 0.0361127, 0, 0.0280922, 0, 0.0119484, 0, 0.00199318, 0, 0.008871, 0, 0.03117, 0, 0.152231, 0, 0.227183, 0, 0.0381331, 0, 0.043824, 0, 0.245692, 0, 0.0584497, 0, 0.000977278, 0, 0.0059623, 0, 0.00480559, 0, 0.00199318, 0, 0.00026457, 0, 0.000819532, 0, 0.008871, 0, 0.0280922, 0, 0.0381331, 0, 0.00631896, 0, 0.00752706, 0, 0.043824, 0, 0.022269, 0, 0.00285369, 0, 0.000929466, 0, 0.00587992, 0, 0.0059623, 0, 0.00354019, 0, 0.000509057, 0, 0.00286986, 0, 0.0201988, 0, 0.0361127, 0, 0.0372147, 0, 0.00592747, 0, 0.00631896, 0, 0.0381331, 0, 0.0280922, 0, 0.008871, 0, 0.000819532, 0, 0.00587992, 0, 0.0372147, 0, 0.0381331, 0, 0.0238429, 0, 0.00354019, 0, 0.0201988, 0, 0.133472, 0, 0.227183, 0, 0.233402, 0, 0.0372147, 0, 0.0381331, 0, 0.227183, 0, 0.152231, 0, 0.03117, 0, 0.008871, 0, 0.00151378, 0, 0.0059623, 0, 0.0381331, 0, 0.043824, 0, 0.0381331, 0, 0.0059623, 0, 0.0361127, 0, 0.227183, 0, 0.245692, 0, 0.227183, 0, 0.0361127, 0, 0.0280922, 0, 0.152231, 0, 0.0584497, 0, 0.152231, 0, 0.0280922, 0, 0.0119484, 0, 0.03117, 0, 0.00354019, 0, 0.0238429, 0, 0.0381331, 0, 0.0372147, 0, 0.00587992, 0, 0.0372147, 0, 0.233402, 0, 0.227183, 0, 0.133472, 0, 0.0201988, 0, 0.008871, 0, 0.03117, 0, 0.152231, 0, 0.227183, 0, 0.0381331, 0, 0.0238429, 0, 0.133472, 0, 0.03117, 0, 0.000509057, 0, 0.00354019, 0, 0.0059623, 0, 0.00587992, 0, 0.000929466, 0, 0.00592747, 0, 0.0372147, 0, 0.0361127, 0, 0.0201988, 0, 0.00286986, 0, 0.000819532, 0, 0.008871, 0, 0.0280922, 0, 0.0381331, 0, 0.00631896, 0, 0.00410161, 0, 0.0238429, 0, 0.0119484, 0, 0.00151378, 0, 8.74783e-05, 0, 0.000605137, 0, 0.000977278, 0, 0.000929466, 0, 0.00014595, 0, 0.000929466, 0, 0.00587992, 0, 0.0059623, 0, 0.00354019, 0, 0.000509057, 0, 0.00026457, 0, 0.00199318, 0, 0.00480559, 0, 0.0059623, 0, 0.000977278, 0, 0.000605137, 0, 0.00354019, 0, 0.00199318, 0, 0.000472774, 0, 3.94057e-05, 0, 0.000605137, 0, 0.00410161, 0, 0.00631896, 0, 0.00592747, 0, 0.000929466, 0, 0.00587992, 0, 0.0372147, 0, 0.0381331, 0, 0.0238429, 0, 0.00354019, 0, 0.00199318, 0, 0.0119484, 0, 0.0280922, 0, 0.0361127, 0, 0.0059623, 0, 0.00354019, 0, 0.0201988, 0, 0.008871, 0, 0.00151378, 0, 0.000472774, 0, 3.94057e-05, 0, 0.000977278, 0, 0.00631896, 0, 0.00752706, 0, 0.00631896, 0, 0.000977278, 0, 0.0059623, 0, 0.0381331, 0, 0.043824, 0, 0.0381331, 0, 0.0059623, 0, 0.00480559, 0, 0.0280922, 0, 0.022269, 0, 0.0280922, 0, 0.00480559, 0, 0.00199318, 0, 0.008871, 0, 0.00285369, 0, 0.008871, 0, 0.00199318, 0, 0.00026457, 0, 0.000819532, 0, 0.000929466, 0, 0.00592747, 0, 0.00631896, 0, 0.00410161, 0, 0.000605137, 0, 0.00354019, 0, 0.0238429, 0, 0.0381331, 0, 0.0372147, 0, 0.00587992, 0, 0.0059623, 0, 0.0361127, 0, 0.0280922, 0, 0.0119484, 0, 0.00199318, 0, 0.000472774, 0, 0.00151378, 0, 0.008871, 0, 0.0201988, 0, 0.00354019, 0, 0.000509057, 0, 0.00286986, 0, 0.000819532, 0, 0.00014595, 0, 0.000929466, 0, 0.000977278, 0, 0.000605137, 0, 8.74783e-05, 0, 0.000509057, 0, 0.00354019, 0, 0.0059623, 0, 0.00587992, 0, 0.000929466, 0, 0.000977278, 0, 0.0059623, 0, 0.00480559, 0, 0.00199318, 0, 0.00026457, 0, 3.94057e-05, 0, 0.000472774, 0, 0.00199318, 0, 0.00354019, 0, 0.000605137, 0, 8.74783e-05, 0, 0.000509057, 0, 0.00026457, 0, 3.94057e-05, 0, ]
target_state = [-1.40671e-07, 0, -2.91818e-06, 0, -2.7948e-05, 0, -1.50235e-05, 0, -0.000296235, 0, -2.7948e-05, 0, -7.58557e-07, 0, -1.50235e-05, 0, -2.91818e-06, 0, -1.40671e-07, 0, -1.62331e-05, 0, -0.000321805, 0, -7.00792e-05, 0, -5.71643e-06, 0, -1.40671e-07, 0, -0.000321805, 0, -0.00635497, 0, -0.00100203, 0, -5.32411e-05, 0, -5.71643e-06, 0, -5.32411e-05, 0, -7.00792e-05, 0, -0.00100203, 0, -0.000105531, 0, -0.00100203, 0, -7.00792e-05, 0, -0.0013282, 0, -0.00976786, 0, -5.71643e-06, 0, -5.32411e-05, 0, -0.00100203, 0, -0.00635497, 0, -0.000321805, 0, -0.00685631, 0, -0.135064, 0, -0.00976786, 0, -1.40671e-07, 0, -5.71643e-06, 0, -7.00792e-05, 0, -0.000321805, 0, -1.62331e-05, 0, -0.000346083, 0, -0.00685631, 0, -0.0013282, 0, -5.32411e-05, 0, -2.91818e-06, 0, -7.00792e-05, 0, -0.000366404, 0, -0.000587782, 0, -2.90368e-05, 0, -0.000602011, 0, -0.0121701, 0, -0.00725557, 0, -0.00100203, 0, -2.7948e-05, 0, -7.00792e-05, 0, -0.0013282, 0, -0.00725557, 0, -0.0118889, 0, -0.000587782, 0, -0.0121701, 0, -0.24576, 0, -0.141764, 0, -0.00976786, 0, -0.00100203, 0, -0.000105531, 0, -0.000366404, 0, -0.00725557, 0, -0.00261953, 0, -0.00725557, 0, -0.000366404, 0, -0.00725557, 0, -0.141764, 0, -0.0192873, 0, -0.141764, 0, -0.00725557, 0, -0.00261953, 0, -0.0192873, 0, -0.000587782, 0, -0.0118889, 0, -0.00725557, 0, -0.0013282, 0, -7.00792e-05, 0, -0.00100203, 0, -0.00976786, 0, -0.141764, 0, -0.24576, 0, -0.0121701, 0, -0.0133724, 0, -0.263444, 0, -0.0192873, 0, -2.90368e-05, 0, -0.000587782, 0, -0.000366404, 0, -7.00792e-05, 0, -2.91818e-06, 0, -2.7948e-05, 0, -0.00100203, 0, -0.00725557, 0, -0.0121701, 0, -0.000602011, 0, -0.000674911, 0, -0.0133724, 0, -0.00261953, 0, -0.000105531, 0, -2.97851e-05, 0, -0.00061315, 0, -0.000587782, 0, -0.000321805, 0, -1.50235e-05, 0, -0.000296235, 0, -0.00635497, 0, -0.0118889, 0, -0.012625, 0, -0.000613809, 0, -0.000602011, 0, -0.0121701, 0, -0.00725557, 0, -0.00100203, 0, -2.7948e-05, 0, -0.00061315, 0, -0.012625, 0, -0.0121701, 0, -0.00685631, 0, -0.000321805, 0, -0.00635497, 0, -0.135064, 0, -0.24576, 0, -0.25972, 0, -0.012625, 0, -0.0121701, 0, -0.24576, 0, -0.141764, 0, -0.00976786, 0, -0.00100203, 0, -5.32411e-05, 0, -0.000587782, 0, -0.0121701, 0, -0.0133724, 0, -0.0121701, 0, -0.000587782, 0, -0.0118889, 0, -0.24576, 0, -0.263444, 0, -0.24576, 0, -0.0118889, 0, -0.00725557, 0, -0.141764, 0, -0.0192873, 0, -0.141764, 0, -0.00725557, 0, -0.0013282, 0, -0.00976786, 0, -0.000321805, 0, -0.00685631, 0, -0.0121701, 0, -0.012625, 0, -0.00061315, 0, -0.012625, 0, -0.25972, 0, -0.24576, 0, -0.135064, 0, -0.00635497, 0, -0.00100203, 0, -0.00976786, 0, -0.141764, 0, -0.24576, 0, -0.0121701, 0, -0.00685631, 0, -0.135064, 0, -0.00976786, 0, -1.50235e-05, 0, -0.000321805, 0, -0.000587782, 0, -0.00061315, 0, -2.97851e-05, 0, -0.000613809, 0, -0.012625, 0, -0.0118889, 0, -0.00635497, 0, -0.000296235, 0, -2.7948e-05, 0, -0.00100203, 0, -0.00725557, 0, -0.0121701, 0, -0.000602011, 0, -0.000346083, 0, -0.00685631, 0, -0.0013282, 0, -5.32411e-05, 0, -7.58557e-07, 0, -1.62331e-05, 0, -2.90368e-05, 0, -2.97851e-05, 0, -1.44569e-06, 0, -2.97851e-05, 0, -0.00061315, 0, -0.000587782, 0, -0.000321805, 0, -1.50235e-05, 0, -2.91818e-06, 0, -7.00792e-05, 0, -0.000366404, 0, -0.000587782, 0, -2.90368e-05, 0, -1.62331e-05, 0, -0.000321805, 0, -7.00792e-05, 0, -5.71643e-06, 0, -1.40671e-07, 0, -1.62331e-05, 0, -0.000346083, 0, -0.000602011, 0, -0.000613809, 0, -2.97851e-05, 0, -0.00061315, 0, -0.012625, 0, -0.0121701, 0, -0.00685631, 0, -0.000321805, 0, -7.00792e-05, 0, -0.0013282, 0, -0.00725557, 0, -0.0118889, 0, -0.000587782, 0, -0.000321805, 0, -0.00635497, 0, -0.00100203, 0, -5.32411e-05, 0, -5.71643e-06, 0, -1.40671e-07, 0, -2.90368e-05, 0, -0.000602011, 0, -0.000674911, 0, -0.000602011, 0, -2.90368e-05, 0, -0.000587782, 0, -0.0121701, 0, -0.0133724, 0, -0.0121701, 0, -0.000587782, 0, -0.000366404, 0, -0.00725557, 0, -0.00261953, 0, -0.00725557, 0, -0.000366404, 0, -7.00792e-05, 0, -0.00100203, 0, -0.000105531, 0, -0.00100203, 0, -7.00792e-05, 0, -2.91818e-06, 0, -2.7948e-05, 0, -2.97851e-05, 0, -0.000613809, 0, -0.000602011, 0, -0.000346083, 0, -1.62331e-05, 0, -0.000321805, 0, -0.00685631, 0, -0.0121701, 0, -0.012625, 0, -0.00061315, 0, -0.000587782, 0, -0.0118889, 0, -0.00725557, 0, -0.0013282, 0, -7.00792e-05, 0, -5.71643e-06, 0, -5.32411e-05, 0, -0.00100203, 0, -0.00635497, 0, -0.000321805, 0, -1.50235e-05, 0, -0.000296235, 0, -2.7948e-05, 0, -1.44569e-06, 0, -2.97851e-05, 0, -2.90368e-05, 0, -1.62331e-05, 0, -7.58557e-07, 0, -1.50235e-05, 0, -0.000321805, 0, -0.000587782, 0, -0.00061315, 0, -2.97851e-05, 0, -2.90368e-05, 0, -0.000587782, 0, -0.000366404, 0, -7.00792e-05, 0, -2.91818e-06, 0, -1.40671e-07, 0, -5.71643e-06, 0, -7.00792e-05, 0, -0.000321805, 0, -1.62331e-05, 0, -7.58557e-07, 0, -1.50235e-05, 0, -2.91818e-06, 0, -1.40671e-07, 0, ]
USE_ENERGY_DISTANCE =     false
PERIODIC =                false
UNIFORM_SITES =           true
DEVICE_DIMENSION =        2
MAX_PARAM =               1
MIN_PARAM =               0
MIN_PARAM =               0
DIAG =                    true
NUM_SEEDS =               2
NUMBER_OF_BANGS =               7
DISTANCE_LIMIT =          0.02
TAU_SCALAR =              1.2
TAU_SCALAR_TINY =         1.1
TAU_SCALAR_BIG =          1.4
ACCEPTANCE_PROB =         0.85
TEMP_EXP_DECAY =          0.8
MIN_TEMP_FRACTION =       0.01
TEMP_DECAY_ITERATIONS =   21
ZERO_TEMP_ITREATIONS =    15
RANDOM_STATES =           3
END_PARAMETERS
##############################################################################
clock_duration  =         7189.08
tau =                     1
total_steps =             32
time_step =               0.03125
best_mc_result =          0.00821945
best_mc_result_non_secondary =          0.0111819
evolved_target_dot_squared =  0.991781
distance =          1
j_protocol =  [[0, 0, 0, 0, 0, 0, 0, 0, 1, 1, 1, 1, 0, 0, 0, 0, 0, 0, 0, 0, 0, 0, 1, 1, 0, 0, 0, 0, 0, 0, 1, 1, ],[0, 0, 0, 0, 0, 0, 0, 1, 0, 1, 1, 0, 0, 0, 0, 0, 1, 1, 0, 0, 0, 0, 0, 0, 0, 0, 0, 0, 1, 0, 1, 1, ],]
k_protocol =  [[1, 1, 1, 1, 1, 1, 1, 1, 1, 1, 1, 1, 1, 1, 1, 1, 1, 1, 1, 1, 1, 1, 1, 1, 1, 1, 1, 1, 1, 1, 0, 0, ],[1, 1, 1, 1, 1, 1, 1, 1, 1, 1, 1, 1, 1, 1, 1, 1, 1, 1, 1, 1, 1, 1, 1, 1, 1, 1, 1, 1, 1, 1, 1, 1, ],]
j_protocol_secondary =  [0.253639, 0.256642, 0.275436, 0.360818, 0.360818, 0.404453, 0.49895, 0.523219, 0.893189, 0.912036, 0.91311, 0.91612, 0.92423, 1, ]
k_protocol_secondary =  [0, 0.143911, 0.143911, 0.398563, 0.398563, 0.691533, 0.691533, 0.833573, 0.833573, 0.974484, 0.974484, 0.994618, 0.994618, 0.994618, ]
best_evolved_state = [-8.21271e-05, 0.000164806, 0.000391248, 0.000103214, -0.00159729, -0.000806191, -0.000150094, 0.000134866, -0.000393439, 0.000888628, -0.00159729, -0.000806191, -2.49772e-05, -9.80076e-06, -0.000150094, 0.000134866, 0.000391248, 0.000103214, -8.21271e-05, 0.000164806, -8.26645e-05, 8.1211e-05, -0.000396718, 0.00101588, 0.000742861, 0.000319088, 0.000304893, 0.000537339, -8.21271e-05, 0.000164806, -0.000396718, 0.00101588, -0.00504121, 0.00824839, 0.000805119, 0.00300094, 0.000384979, -0.00105306, 0.000304893, 0.000537339, 0.000384979, -0.00105306, 0.000742861, 0.000319088, 0.000805119, 0.00300094, 0.00097269, -0.00210213, 0.000805119, 0.00300094, 0.000742861, 0.000319088, 0.00098224, 0.00555831, -0.0124835, 0.0106698, 0.000304893, 0.000537339, 0.000384979, -0.00105306, 0.000805119, 0.00300094, -0.00504121, 0.00824839, -0.000396718, 0.00101588, -0.00479805, 0.0100747, -0.0923107, 0.101897, -0.0124835, 0.0106698, -8.21271e-05, 0.000164806, 0.000304893, 0.000537339, 0.000742861, 0.000319088, -0.000396718, 0.00101588, -8.26645e-05, 8.1211e-05, -0.000374258, 0.000974799, -0.00479805, 0.0100747, 0.00098224, 0.00555831, 0.000384979, -0.00105306, 0.000391248, 0.000103214, 0.000742861, 0.000319088, -0.0005597, 0.00206472, -0.000963351, 0.000874863, -4.73191e-05, 2.70529e-05, -0.00081452, 0.000948967, -0.0113918, 0.0145142, -0.00352561, 0.0147647, 0.000805119, 0.00300094, -0.00159729, -0.000806191, 0.000742861, 0.000319088, 0.00098224, 0.00555831, -0.00352561, 0.0147647, -0.0121117, 0.0134618, -0.000963351, 0.000874863, -0.0113918, 0.0145142, -0.170632, 0.173061, -0.0950103, 0.117878, -0.0124835, 0.0106698, 0.000805119, 0.00300094, 0.00097269, -0.00210213, -0.0005597, 0.00206472, -0.00352561, 0.0147647, 0.00102097, 0.00964487, -0.00352561, 0.0147647, -0.0005597, 0.00206472, -0.00352561, 0.0147647, -0.0950103, 0.117878, -0.0258745, 0.0199626, -0.0950103, 0.117878, -0.00352561, 0.0147647, 0.00102097, 0.00964487, -0.0258745, 0.0199626, -0.000963351, 0.000874863, -0.0121117, 0.0134618, -0.00352561, 0.0147647, 0.00098224, 0.00555831, 0.000742861, 0.000319088, 0.000805119, 0.00300094, -0.0124835, 0.0106698, -0.0950103, 0.117878, -0.170632, 0.173061, -0.0113918, 0.0145142, -0.00907403, 0.0180105, -0.174152, 0.179618, -0.0258745, 0.0199626, -4.73191e-05, 2.70529e-05, -0.000963351, 0.000874863, -0.0005597, 0.00206472, 0.000742861, 0.000319088, 0.000391248, 0.000103214, -0.00159729, -0.000806191, 0.000805119, 0.00300094, -0.00352561, 0.0147647, -0.0113918, 0.0145142, -0.00081452, 0.000948967, -0.000716905, 0.00179192, -0.00907403, 0.0180105, 0.00102097, 0.00964487, 0.00097269, -0.00210213, -2.75356e-05, 6.71732e-05, -0.000603187, 0.000852234, -0.000963351, 0.000874863, -0.000396718, 0.00101588, -0.000150094, 0.000134866, -0.000393439, 0.000888628, -0.00504121, 0.00824839, -0.0121117, 0.0134618, -0.0106434, 0.0122382, -0.000573593, 0.000864681, -0.00081452, 0.000948967, -0.0113918, 0.0145142, -0.00352561, 0.0147647, 0.000805119, 0.00300094, -0.00159729, -0.000806191, -0.000603187, 0.000852234, -0.0106434, 0.0122382, -0.0113918, 0.0145142, -0.00479805, 0.0100747, -0.000396718, 0.00101588, -0.00504121, 0.00824839, -0.0923107, 0.101897, -0.170632, 0.173061, -0.174019, 0.170427, -0.0106434, 0.0122382, -0.0113918, 0.0145142, -0.170632, 0.173061, -0.0950103, 0.117878, -0.0124835, 0.0106698, 0.000805119, 0.00300094, 0.000384979, -0.00105306, -0.000963351, 0.000874863, -0.0113918, 0.0145142, -0.00907403, 0.0180105, -0.0113918, 0.0145142, -0.000963351, 0.000874863, -0.0121117, 0.0134618, -0.170632, 0.173061, -0.174152, 0.179618, -0.170632, 0.173061, -0.0121117, 0.0134618, -0.00352561, 0.0147647, -0.0950103, 0.117878, -0.0258745, 0.0199626, -0.0950103, 0.117878, -0.00352561, 0.0147647, 0.00098224, 0.00555831, -0.0124835, 0.0106698, -0.000396718, 0.00101588, -0.00479805, 0.0100747, -0.0113918, 0.0145142, -0.0106434, 0.0122382, -0.000603187, 0.000852234, -0.0106434, 0.0122382, -0.174019, 0.170427, -0.170632, 0.173061, -0.0923107, 0.101897, -0.00504121, 0.00824839, 0.000805119, 0.00300094, -0.0124835, 0.0106698, -0.0950103, 0.117878, -0.170632, 0.173061, -0.0113918, 0.0145142, -0.00479805, 0.0100747, -0.0923107, 0.101897, -0.0124835, 0.0106698, -0.000150094, 0.000134866, -0.000396718, 0.00101588, -0.000963351, 0.000874863, -0.000603187, 0.000852234, -2.75356e-05, 6.71732e-05, -0.000573593, 0.000864681, -0.0106434, 0.0122382, -0.0121117, 0.0134618, -0.00504121, 0.00824839, -0.000393439, 0.000888628, -0.00159729, -0.000806191, 0.000805119, 0.00300094, -0.00352561, 0.0147647, -0.0113918, 0.0145142, -0.00081452, 0.000948967, -0.000374258, 0.000974799, -0.00479805, 0.0100747, 0.00098224, 0.00555831, 0.000384979, -0.00105306, -2.49772e-05, -9.80076e-06, -8.26645e-05, 8.1211e-05, -4.73191e-05, 2.70529e-05, -2.75356e-05, 6.71732e-05, -1.83817e-06, 6.17199e-06, -2.75356e-05, 6.71732e-05, -0.000603187, 0.000852234, -0.000963351, 0.000874863, -0.000396718, 0.00101588, -0.000150094, 0.000134866, 0.000391248, 0.000103214, 0.000742861, 0.000319088, -0.0005597, 0.00206472, -0.000963351, 0.000874863, -4.73191e-05, 2.70529e-05, -8.26645e-05, 8.1211e-05, -0.000396718, 0.00101588, 0.000742861, 0.000319088, 0.000304893, 0.000537339, -8.21271e-05, 0.000164806, -8.26645e-05, 8.1211e-05, -0.000374258, 0.000974799, -0.00081452, 0.000948967, -0.000573593, 0.000864681, -2.75356e-05, 6.71732e-05, -0.000603187, 0.000852234, -0.0106434, 0.0122382, -0.0113918, 0.0145142, -0.00479805, 0.0100747, -0.000396718, 0.00101588, 0.000742861, 0.000319088, 0.00098224, 0.00555831, -0.00352561, 0.0147647, -0.0121117, 0.0134618, -0.000963351, 0.000874863, -0.000396718, 0.00101588, -0.00504121, 0.00824839, 0.000805119, 0.00300094, 0.000384979, -0.00105306, 0.000304893, 0.000537339, -8.21271e-05, 0.000164806, -4.73191e-05, 2.70529e-05, -0.00081452, 0.000948967, -0.000716905, 0.00179192, -0.00081452, 0.000948967, -4.73191e-05, 2.70529e-05, -0.000963351, 0.000874863, -0.0113918, 0.0145142, -0.00907403, 0.0180105, -0.0113918, 0.0145142, -0.000963351, 0.000874863, -0.0005597, 0.00206472, -0.00352561, 0.0147647, 0.00102097, 0.00964487, -0.00352561, 0.0147647, -0.0005597, 0.00206472, 0.000742861, 0.000319088, 0.000805119, 0.00300094, 0.00097269, -0.00210213, 0.000805119, 0.00300094, 0.000742861, 0.000319088, 0.000391248, 0.000103214, -0.00159729, -0.000806191, -2.75356e-05, 6.71732e-05, -0.000573593, 0.000864681, -0.00081452, 0.000948967, -0.000374258, 0.000974799, -8.26645e-05, 8.1211e-05, -0.000396718, 0.00101588, -0.00479805, 0.0100747, -0.0113918, 0.0145142, -0.0106434, 0.0122382, -0.000603187, 0.000852234, -0.000963351, 0.000874863, -0.0121117, 0.0134618, -0.00352561, 0.0147647, 0.00098224, 0.00555831, 0.000742861, 0.000319088, 0.000304893, 0.000537339, 0.000384979, -0.00105306, 0.000805119, 0.00300094, -0.00504121, 0.00824839, -0.000396718, 0.00101588, -0.000150094, 0.000134866, -0.000393439, 0.000888628, -0.00159729, -0.000806191, -1.83817e-06, 6.17199e-06, -2.75356e-05, 6.71732e-05, -4.73191e-05, 2.70529e-05, -8.26645e-05, 8.1211e-05, -2.49772e-05, -9.80076e-06, -0.000150094, 0.000134866, -0.000396718, 0.00101588, -0.000963351, 0.000874863, -0.000603187, 0.000852234, -2.75356e-05, 6.71732e-05, -4.73191e-05, 2.70529e-05, -0.000963351, 0.000874863, -0.0005597, 0.00206472, 0.000742861, 0.000319088, 0.000391248, 0.000103214, -8.21271e-05, 0.000164806, 0.000304893, 0.000537339, 0.000742861, 0.000319088, -0.000396718, 0.00101588, -8.26645e-05, 8.1211e-05, -2.49772e-05, -9.80076e-06, -0.000150094, 0.000134866, 0.000391248, 0.000103214, -8.21271e-05, 0.000164806, ]
best_mc_result_fixed_tau =   [0.0136904, 0.0111819, ]
evolved_state_fixed_tau =   [[-0.000123779, -7.54911e-05, -0.000167338, 0.000283613, 0.000451929, -0.000826498, -0.000119019, -0.000151531, -0.00101174, -0.000481537, 0.000451929, -0.000826498, 1.02563e-05, -2.13844e-05, -0.000119019, -0.000151531, -0.000167338, 0.000283613, -0.000123779, -7.54911e-05, -8.52327e-05, -8.63192e-05, -0.00110182, -0.000438748, -0.000529403, 0.000748234, -0.00046803, 0.000186897, -0.000123779, -7.54911e-05, -0.00110182, -0.000438748, -0.00956159, -0.00446419, -0.00266963, 0.00121374, 0.000227057, 0.00063323, -0.00046803, 0.000186897, 0.000227057, 0.00063323, -0.000529403, 0.000748234, -0.00266963, 0.00121374, 0.000480385, 0.00139017, -0.00266963, 0.00121374, -0.000529403, 0.000748234, -0.00505608, 0.00172498, -0.0167264, -0.019791, -0.00046803, 0.000186897, 0.000227057, 0.00063323, -0.00266963, 0.00121374, -0.00956159, -0.00446419, -0.00110182, -0.000438748, -0.0113817, -0.00392925, -0.117767, -0.0695158, -0.0167264, -0.019791, -0.000123779, -7.54911e-05, -0.00046803, 0.000186897, -0.000529403, 0.000748234, -0.00110182, -0.000438748, -8.52327e-05, -8.63192e-05, -0.00109528, -0.000386666, -0.0113817, -0.00392925, -0.00505608, 0.00172498, 0.000227057, 0.00063323, -0.000167338, 0.000283613, -0.000529403, 0.000748234, -0.00212622, -0.000608406, -0.0010902, -0.000969871, -5.00958e-05, -5.60761e-05, -0.00117878, -0.000824735, -0.0169026, -0.00999485, -0.0160091, -0.00244633, -0.00266963, 0.00121374, 0.000451929, -0.000826498, -0.000529403, 0.000748234, -0.00505608, 0.00172498, -0.0160091, -0.00244633, -0.015845, -0.010818, -0.0010902, -0.000969871, -0.0169026, -0.00999485, -0.203851, -0.130033, -0.132065, -0.0706399, -0.0167264, -0.019791, -0.00266963, 0.00121374, 0.000480385, 0.00139017, -0.00212622, -0.000608406, -0.0160091, -0.00244633, -0.00877536, 0.0024579, -0.0160091, -0.00244633, -0.00212622, -0.000608406, -0.0160091, -0.00244633, -0.132065, -0.0706399, -0.031259, -0.0400525, -0.132065, -0.0706399, -0.0160091, -0.00244633, -0.00877536, 0.0024579, -0.031259, -0.0400525, -0.0010902, -0.000969871, -0.015845, -0.010818, -0.0160091, -0.00244633, -0.00505608, 0.00172498, -0.000529403, 0.000748234, -0.00266963, 0.00121374, -0.0167264, -0.019791, -0.132065, -0.0706399, -0.203851, -0.130033, -0.0169026, -0.00999485, -0.0204561, -0.00755309, -0.210105, -0.133196, -0.031259, -0.0400525, -5.00958e-05, -5.60761e-05, -0.0010902, -0.000969871, -0.00212622, -0.000608406, -0.000529403, 0.000748234, -0.000167338, 0.000283613, 0.000451929, -0.000826498, -0.00266963, 0.00121374, -0.0160091, -0.00244633, -0.0169026, -0.00999485, -0.00117878, -0.000824735, -0.00200787, -0.000746521, -0.0204561, -0.00755309, -0.00877536, 0.0024579, 0.000480385, 0.00139017, -8.48878e-05, -4.08583e-05, -0.0010658, -0.000654835, -0.0010902, -0.000969871, -0.00110182, -0.000438748, -0.000119019, -0.000151531, -0.00101174, -0.000481537, -0.00956159, -0.00446419, -0.015845, -0.010818, -0.0147931, -0.00954588, -0.00107771, -0.000625269, -0.00117878, -0.000824735, -0.0169026, -0.00999485, -0.0160091, -0.00244633, -0.00266963, 0.00121374, 0.000451929, -0.000826498, -0.0010658, -0.000654835, -0.0147931, -0.00954588, -0.0169026, -0.00999485, -0.0113817, -0.00392925, -0.00110182, -0.000438748, -0.00956159, -0.00446419, -0.117767, -0.0695158, -0.203851, -0.130033, -0.202976, -0.133303, -0.0147931, -0.00954588, -0.0169026, -0.00999485, -0.203851, -0.130033, -0.132065, -0.0706399, -0.0167264, -0.019791, -0.00266963, 0.00121374, 0.000227057, 0.00063323, -0.0010902, -0.000969871, -0.0169026, -0.00999485, -0.0204561, -0.00755309, -0.0169026, -0.00999485, -0.0010902, -0.000969871, -0.015845, -0.010818, -0.203851, -0.130033, -0.210105, -0.133196, -0.203851, -0.130033, -0.015845, -0.010818, -0.0160091, -0.00244633, -0.132065, -0.0706399, -0.031259, -0.0400525, -0.132065, -0.0706399, -0.0160091, -0.00244633, -0.00505608, 0.00172498, -0.0167264, -0.019791, -0.00110182, -0.000438748, -0.0113817, -0.00392925, -0.0169026, -0.00999485, -0.0147931, -0.00954588, -0.0010658, -0.000654835, -0.0147931, -0.00954588, -0.202976, -0.133303, -0.203851, -0.130033, -0.117767, -0.0695158, -0.00956159, -0.00446419, -0.00266963, 0.00121374, -0.0167264, -0.019791, -0.132065, -0.0706399, -0.203851, -0.130033, -0.0169026, -0.00999485, -0.0113817, -0.00392925, -0.117767, -0.0695158, -0.0167264, -0.019791, -0.000119019, -0.000151531, -0.00110182, -0.000438748, -0.0010902, -0.000969871, -0.0010658, -0.000654835, -8.48878e-05, -4.08583e-05, -0.00107771, -0.000625269, -0.0147931, -0.00954588, -0.015845, -0.010818, -0.00956159, -0.00446419, -0.00101174, -0.000481537, 0.000451929, -0.000826498, -0.00266963, 0.00121374, -0.0160091, -0.00244633, -0.0169026, -0.00999485, -0.00117878, -0.000824735, -0.00109528, -0.000386666, -0.0113817, -0.00392925, -0.00505608, 0.00172498, 0.000227057, 0.00063323, 1.02563e-05, -2.13844e-05, -8.52327e-05, -8.63192e-05, -5.00958e-05, -5.60761e-05, -8.48878e-05, -4.08583e-05, -7.52866e-06, -3.51584e-06, -8.48878e-05, -4.08583e-05, -0.0010658, -0.000654835, -0.0010902, -0.000969871, -0.00110182, -0.000438748, -0.000119019, -0.000151531, -0.000167338, 0.000283613, -0.000529403, 0.000748234, -0.00212622, -0.000608406, -0.0010902, -0.000969871, -5.00958e-05, -5.60761e-05, -8.52327e-05, -8.63192e-05, -0.00110182, -0.000438748, -0.000529403, 0.000748234, -0.00046803, 0.000186897, -0.000123779, -7.54911e-05, -8.52327e-05, -8.63192e-05, -0.00109528, -0.000386666, -0.00117878, -0.000824735, -0.00107771, -0.000625269, -8.48878e-05, -4.08583e-05, -0.0010658, -0.000654835, -0.0147931, -0.00954588, -0.0169026, -0.00999485, -0.0113817, -0.00392925, -0.00110182, -0.000438748, -0.000529403, 0.000748234, -0.00505608, 0.00172498, -0.0160091, -0.00244633, -0.015845, -0.010818, -0.0010902, -0.000969871, -0.00110182, -0.000438748, -0.00956159, -0.00446419, -0.00266963, 0.00121374, 0.000227057, 0.00063323, -0.00046803, 0.000186897, -0.000123779, -7.54911e-05, -5.00958e-05, -5.60761e-05, -0.00117878, -0.000824735, -0.00200787, -0.000746521, -0.00117878, -0.000824735, -5.00958e-05, -5.60761e-05, -0.0010902, -0.000969871, -0.0169026, -0.00999485, -0.0204561, -0.00755309, -0.0169026, -0.00999485, -0.0010902, -0.000969871, -0.00212622, -0.000608406, -0.0160091, -0.00244633, -0.00877536, 0.0024579, -0.0160091, -0.00244633, -0.00212622, -0.000608406, -0.000529403, 0.000748234, -0.00266963, 0.00121374, 0.000480385, 0.00139017, -0.00266963, 0.00121374, -0.000529403, 0.000748234, -0.000167338, 0.000283613, 0.000451929, -0.000826498, -8.48878e-05, -4.08583e-05, -0.00107771, -0.000625269, -0.00117878, -0.000824735, -0.00109528, -0.000386666, -8.52327e-05, -8.63192e-05, -0.00110182, -0.000438748, -0.0113817, -0.00392925, -0.0169026, -0.00999485, -0.0147931, -0.00954588, -0.0010658, -0.000654835, -0.0010902, -0.000969871, -0.015845, -0.010818, -0.0160091, -0.00244633, -0.00505608, 0.00172498, -0.000529403, 0.000748234, -0.00046803, 0.000186897, 0.000227057, 0.00063323, -0.00266963, 0.00121374, -0.00956159, -0.00446419, -0.00110182, -0.000438748, -0.000119019, -0.000151531, -0.00101174, -0.000481537, 0.000451929, -0.000826498, -7.52866e-06, -3.51584e-06, -8.48878e-05, -4.08583e-05, -5.00958e-05, -5.60761e-05, -8.52327e-05, -8.63192e-05, 1.02563e-05, -2.13844e-05, -0.000119019, -0.000151531, -0.00110182, -0.000438748, -0.0010902, -0.000969871, -0.0010658, -0.000654835, -8.48878e-05, -4.08583e-05, -5.00958e-05, -5.60761e-05, -0.0010902, -0.000969871, -0.00212622, -0.000608406, -0.000529403, 0.000748234, -0.000167338, 0.000283613, -0.000123779, -7.54911e-05, -0.00046803, 0.000186897, -0.000529403, 0.000748234, -0.00110182, -0.000438748, -8.52327e-05, -8.63192e-05, 1.02563e-05, -2.13844e-05, -0.000119019, -0.000151531, -0.000167338, 0.000283613, -0.000123779, -7.54911e-05, ],[-4.20277e-05, 0.000118165, 0.000283147, 0.000105881, -0.000917532, -0.000329836, -0.000115101, 0.000112714, -0.000332586, 0.000862926, -0.000917532, -0.000329836, -1.96874e-05, -6.44548e-06, -0.000115101, 0.000112714, 0.000283147, 0.000105881, -4.20277e-05, 0.000118165, -6.28516e-05, 6.82846e-05, -0.000294699, 0.000926737, 0.000784957, 0.000447565, 0.000219575, 0.000404588, -4.20277e-05, 0.000118165, -0.000294699, 0.000926737, -0.00392108, 0.00848439, 0.0018021, 0.00244667, 0.000604144, -0.000285898, 0.000219575, 0.000404588, 0.000604144, -0.000285898, 0.000784957, 0.000447565, 0.0018021, 0.00244667, 0.00131288, -0.000610137, 0.0018021, 0.00244667, 0.000784957, 0.000447565, 0.00252722, 0.00474066, -0.0186779, 0.015269, 0.000219575, 0.000404588, 0.000604144, -0.000285898, 0.0018021, 0.00244667, -0.00392108, 0.00848439, -0.000294699, 0.000926737, -0.00308624, 0.0102185, -0.0773208, 0.113545, -0.0186779, 0.015269, -4.20277e-05, 0.000118165, 0.000219575, 0.000404588, 0.000784957, 0.000447565, -0.000294699, 0.000926737, -6.28516e-05, 6.82846e-05, -0.000230333, 0.000901729, -0.00308624, 0.0102185, 0.00252722, 0.00474066, 0.000604144, -0.000285898, 0.000283147, 0.000105881, 0.000784957, 0.000447565, -0.000401625, 0.00184614, -0.000705937, 0.000858608, -3.15835e-05, 2.90585e-05, -0.000559882, 0.00092121, -0.00852889, 0.0148312, -0.00164633, 0.0146901, 0.0018021, 0.00244667, -0.000917532, -0.000329836, 0.000784957, 0.000447565, 0.00252722, 0.00474066, -0.00164633, 0.0146901, -0.00948684, 0.0137875, -0.000705937, 0.000858608, -0.00852889, 0.0148312, -0.144249, 0.194531, -0.0796628, 0.128314, -0.0186779, 0.015269, 0.0018021, 0.00244667, 0.00131288, -0.000610137, -0.000401625, 0.00184614, -0.00164633, 0.0146901, 0.00392438, 0.0082384, -0.00164633, 0.0146901, -0.000401625, 0.00184614, -0.00164633, 0.0146901, -0.0796628, 0.128314, -0.037875, 0.0284683, -0.0796628, 0.128314, -0.00164633, 0.0146901, 0.00392438, 0.0082384, -0.037875, 0.0284683, -0.000705937, 0.000858608, -0.00948684, 0.0137875, -0.00164633, 0.0146901, 0.00252722, 0.00474066, 0.000784957, 0.000447565, 0.0018021, 0.00244667, -0.0186779, 0.015269, -0.0796628, 0.128314, -0.144249, 0.194531, -0.00852889, 0.0148312, -0.00599194, 0.0183415, -0.14742, 0.201481, -0.037875, 0.0284683, -3.15835e-05, 2.90585e-05, -0.000705937, 0.000858608, -0.000401625, 0.00184614, 0.000784957, 0.000447565, 0.000283147, 0.000105881, -0.000917532, -0.000329836, 0.0018021, 0.00244667, -0.00164633, 0.0146901, -0.00852889, 0.0148312, -0.000559882, 0.00092121, -0.000452722, 0.00165847, -0.00599194, 0.0183415, 0.00392438, 0.0082384, 0.00131288, -0.000610137, -1.69229e-05, 5.95053e-05, -0.000428418, 0.000832458, -0.000705937, 0.000858608, -0.000294699, 0.000926737, -0.000115101, 0.000112714, -0.000332586, 0.000862926, -0.00392108, 0.00848439, -0.00948684, 0.0137875, -0.00819545, 0.0128468, -0.000397573, 0.000836726, -0.000559882, 0.00092121, -0.00852889, 0.0148312, -0.00164633, 0.0146901, 0.0018021, 0.00244667, -0.000917532, -0.000329836, -0.000428418, 0.000832458, -0.00819545, 0.0128468, -0.00852889, 0.0148312, -0.00308624, 0.0102185, -0.000294699, 0.000926737, -0.00392108, 0.00848439, -0.0773208, 0.113545, -0.144249, 0.194531, -0.146721, 0.193991, -0.00819545, 0.0128468, -0.00852889, 0.0148312, -0.144249, 0.194531, -0.0796628, 0.128314, -0.0186779, 0.015269, 0.0018021, 0.00244667, 0.000604144, -0.000285898, -0.000705937, 0.000858608, -0.00852889, 0.0148312, -0.00599194, 0.0183415, -0.00852889, 0.0148312, -0.000705937, 0.000858608, -0.00948684, 0.0137875, -0.144249, 0.194531, -0.14742, 0.201481, -0.144249, 0.194531, -0.00948684, 0.0137875, -0.00164633, 0.0146901, -0.0796628, 0.128314, -0.037875, 0.0284683, -0.0796628, 0.128314, -0.00164633, 0.0146901, 0.00252722, 0.00474066, -0.0186779, 0.015269, -0.000294699, 0.000926737, -0.00308624, 0.0102185, -0.00852889, 0.0148312, -0.00819545, 0.0128468, -0.000428418, 0.000832458, -0.00819545, 0.0128468, -0.146721, 0.193991, -0.144249, 0.194531, -0.0773208, 0.113545, -0.00392108, 0.00848439, 0.0018021, 0.00244667, -0.0186779, 0.015269, -0.0796628, 0.128314, -0.144249, 0.194531, -0.00852889, 0.0148312, -0.00308624, 0.0102185, -0.0773208, 0.113545, -0.0186779, 0.015269, -0.000115101, 0.000112714, -0.000294699, 0.000926737, -0.000705937, 0.000858608, -0.000428418, 0.000832458, -1.69229e-05, 5.95053e-05, -0.000397573, 0.000836726, -0.00819545, 0.0128468, -0.00948684, 0.0137875, -0.00392108, 0.00848439, -0.000332586, 0.000862926, -0.000917532, -0.000329836, 0.0018021, 0.00244667, -0.00164633, 0.0146901, -0.00852889, 0.0148312, -0.000559882, 0.00092121, -0.000230333, 0.000901729, -0.00308624, 0.0102185, 0.00252722, 0.00474066, 0.000604144, -0.000285898, -1.96874e-05, -6.44548e-06, -6.28516e-05, 6.82846e-05, -3.15835e-05, 2.90585e-05, -1.69229e-05, 5.95053e-05, -1.04698e-06, 5.00965e-06, -1.69229e-05, 5.95053e-05, -0.000428418, 0.000832458, -0.000705937, 0.000858608, -0.000294699, 0.000926737, -0.000115101, 0.000112714, 0.000283147, 0.000105881, 0.000784957, 0.000447565, -0.000401625, 0.00184614, -0.000705937, 0.000858608, -3.15835e-05, 2.90585e-05, -6.28516e-05, 6.82846e-05, -0.000294699, 0.000926737, 0.000784957, 0.000447565, 0.000219575, 0.000404588, -4.20277e-05, 0.000118165, -6.28516e-05, 6.82846e-05, -0.000230333, 0.000901729, -0.000559882, 0.00092121, -0.000397573, 0.000836726, -1.69229e-05, 5.95053e-05, -0.000428418, 0.000832458, -0.00819545, 0.0128468, -0.00852889, 0.0148312, -0.00308624, 0.0102185, -0.000294699, 0.000926737, 0.000784957, 0.000447565, 0.00252722, 0.00474066, -0.00164633, 0.0146901, -0.00948684, 0.0137875, -0.000705937, 0.000858608, -0.000294699, 0.000926737, -0.00392108, 0.00848439, 0.0018021, 0.00244667, 0.000604144, -0.000285898, 0.000219575, 0.000404588, -4.20277e-05, 0.000118165, -3.15835e-05, 2.90585e-05, -0.000559882, 0.00092121, -0.000452722, 0.00165847, -0.000559882, 0.00092121, -3.15835e-05, 2.90585e-05, -0.000705937, 0.000858608, -0.00852889, 0.0148312, -0.00599194, 0.0183415, -0.00852889, 0.0148312, -0.000705937, 0.000858608, -0.000401625, 0.00184614, -0.00164633, 0.0146901, 0.00392438, 0.0082384, -0.00164633, 0.0146901, -0.000401625, 0.00184614, 0.000784957, 0.000447565, 0.0018021, 0.00244667, 0.00131288, -0.000610137, 0.0018021, 0.00244667, 0.000784957, 0.000447565, 0.000283147, 0.000105881, -0.000917532, -0.000329836, -1.69229e-05, 5.95053e-05, -0.000397573, 0.000836726, -0.000559882, 0.00092121, -0.000230333, 0.000901729, -6.28516e-05, 6.82846e-05, -0.000294699, 0.000926737, -0.00308624, 0.0102185, -0.00852889, 0.0148312, -0.00819545, 0.0128468, -0.000428418, 0.000832458, -0.000705937, 0.000858608, -0.00948684, 0.0137875, -0.00164633, 0.0146901, 0.00252722, 0.00474066, 0.000784957, 0.000447565, 0.000219575, 0.000404588, 0.000604144, -0.000285898, 0.0018021, 0.00244667, -0.00392108, 0.00848439, -0.000294699, 0.000926737, -0.000115101, 0.000112714, -0.000332586, 0.000862926, -0.000917532, -0.000329836, -1.04698e-06, 5.00965e-06, -1.69229e-05, 5.95053e-05, -3.15835e-05, 2.90585e-05, -6.28516e-05, 6.82846e-05, -1.96874e-05, -6.44548e-06, -0.000115101, 0.000112714, -0.000294699, 0.000926737, -0.000705937, 0.000858608, -0.000428418, 0.000832458, -1.69229e-05, 5.95053e-05, -3.15835e-05, 2.90585e-05, -0.000705937, 0.000858608, -0.000401625, 0.00184614, 0.000784957, 0.000447565, 0.000283147, 0.000105881, -4.20277e-05, 0.000118165, 0.000219575, 0.000404588, 0.000784957, 0.000447565, -0.000294699, 0.000926737, -6.28516e-05, 6.82846e-05, -1.96874e-05, -6.44548e-06, -0.000115101, 0.000112714, 0.000283147, 0.000105881, -4.20277e-05, 0.000118165, ],]
