START_PARAMETERS
MAX_STEPS_MCDB =               32
MIN_STEPS_MCDB =               4
STEPS_CRUNCH_MCDB =            1
SWEEPS_MCDB =                  100
TOTAL_STEP_CHANGES =                  6
MCBB_SECONDARY =                  1
SWEEPS_MCBB_SECONDARY =                  250
NUMBER_OF_BANGS =                  7
GROUND_E =                0.46853
INITIAL_E =               1.94701
j_initial =               0.087
k_initial =               0.5
b_initial =               0
j_target =                0.904
k_target =                0.25
b_target =                0
init_target_dot_squared = 0.538195
init_state = [1.58039e-06, 0, 2.02124e-05, 0, 0.000118761, 0, 6.66828e-05, 0, 0.000779109, 0, 0.000118761, 0, 5.64588e-06, 0, 6.66828e-05, 0, 2.02124e-05, 0, 1.58039e-06, 0, 7.47819e-05, 0, 0.000885104, 0, 0.000296772, 0, 3.85751e-05, 0, 1.58039e-06, 0, 0.000885104, 0, 0.0103808, 0, 0.00257606, 0, 0.000224804, 0, 3.85751e-05, 0, 0.000224804, 0, 0.000296772, 0, 0.00257606, 0, 0.000440769, 0, 0.00257606, 0, 0.000296772, 0, 0.00345227, 0, 0.0160686, 0, 3.85751e-05, 0, 0.000224804, 0, 0.00257606, 0, 0.0103808, 0, 0.000885104, 0, 0.0116059, 0, 0.13529, 0, 0.0160686, 0, 1.58039e-06, 0, 3.85751e-05, 0, 0.000296772, 0, 0.000885104, 0, 7.47819e-05, 0, 0.000982326, 0, 0.0116059, 0, 0.00345227, 0, 0.000224804, 0, 2.02124e-05, 0, 0.000296772, 0, 0.00107743, 0, 0.00158261, 0, 0.000129771, 0, 0.00164163, 0, 0.0199515, 0, 0.0127327, 0, 0.00257606, 0, 0.000118761, 0, 0.000296772, 0, 0.00345227, 0, 0.0127327, 0, 0.019259, 0, 0.00158261, 0, 0.0199515, 0, 0.241692, 0, 0.145975, 0, 0.0160686, 0, 0.00257606, 0, 0.000440769, 0, 0.00107743, 0, 0.0127327, 0, 0.00671752, 0, 0.0127327, 0, 0.00107743, 0, 0.0127327, 0, 0.145975, 0, 0.0313494, 0, 0.145975, 0, 0.0127327, 0, 0.00671752, 0, 0.0313494, 0, 0.00158261, 0, 0.019259, 0, 0.0127327, 0, 0.00345227, 0, 0.000296772, 0, 0.00257606, 0, 0.0160686, 0, 0.145975, 0, 0.241692, 0, 0.0199515, 0, 0.0222723, 0, 0.259704, 0, 0.0313494, 0, 0.000129771, 0, 0.00158261, 0, 0.00107743, 0, 0.000296772, 0, 2.02124e-05, 0, 0.000118761, 0, 0.00257606, 0, 0.0127327, 0, 0.0199515, 0, 0.00164163, 0, 0.00188435, 0, 0.0222723, 0, 0.00671752, 0, 0.000440769, 0, 0.000129892, 0, 0.0016239, 0, 0.00158261, 0, 0.000885104, 0, 6.66828e-05, 0, 0.000779109, 0, 0.0103808, 0, 0.019259, 0, 0.0203109, 0, 0.00162825, 0, 0.00164163, 0, 0.0199515, 0, 0.0127327, 0, 0.00257606, 0, 0.000118761, 0, 0.0016239, 0, 0.0203109, 0, 0.0199515, 0, 0.0116059, 0, 0.000885104, 0, 0.0103808, 0, 0.13529, 0, 0.241692, 0, 0.253417, 0, 0.0203109, 0, 0.0199515, 0, 0.241692, 0, 0.145975, 0, 0.0160686, 0, 0.00257606, 0, 0.000224804, 0, 0.00158261, 0, 0.0199515, 0, 0.0222723, 0, 0.0199515, 0, 0.00158261, 0, 0.019259, 0, 0.241692, 0, 0.259704, 0, 0.241692, 0, 0.019259, 0, 0.0127327, 0, 0.145975, 0, 0.0313494, 0, 0.145975, 0, 0.0127327, 0, 0.00345227, 0, 0.0160686, 0, 0.000885104, 0, 0.0116059, 0, 0.0199515, 0, 0.0203109, 0, 0.0016239, 0, 0.0203109, 0, 0.253417, 0, 0.241692, 0, 0.13529, 0, 0.0103808, 0, 0.00257606, 0, 0.0160686, 0, 0.145975, 0, 0.241692, 0, 0.0199515, 0, 0.0116059, 0, 0.13529, 0, 0.0160686, 0, 6.66828e-05, 0, 0.000885104, 0, 0.00158261, 0, 0.0016239, 0, 0.000129892, 0, 0.00162825, 0, 0.0203109, 0, 0.019259, 0, 0.0103808, 0, 0.000779109, 0, 0.000118761, 0, 0.00257606, 0, 0.0127327, 0, 0.0199515, 0, 0.00164163, 0, 0.000982326, 0, 0.0116059, 0, 0.00345227, 0, 0.000224804, 0, 5.64588e-06, 0, 7.47819e-05, 0, 0.000129771, 0, 0.000129892, 0, 1.0368e-05, 0, 0.000129892, 0, 0.0016239, 0, 0.00158261, 0, 0.000885104, 0, 6.66828e-05, 0, 2.02124e-05, 0, 0.000296772, 0, 0.00107743, 0, 0.00158261, 0, 0.000129771, 0, 7.47819e-05, 0, 0.000885104, 0, 0.000296772, 0, 3.85751e-05, 0, 1.58039e-06, 0, 7.47819e-05, 0, 0.000982326, 0, 0.00164163, 0, 0.00162825, 0, 0.000129892, 0, 0.0016239, 0, 0.0203109, 0, 0.0199515, 0, 0.0116059, 0, 0.000885104, 0, 0.000296772, 0, 0.00345227, 0, 0.0127327, 0, 0.019259, 0, 0.00158261, 0, 0.000885104, 0, 0.0103808, 0, 0.00257606, 0, 0.000224804, 0, 3.85751e-05, 0, 1.58039e-06, 0, 0.000129771, 0, 0.00164163, 0, 0.00188435, 0, 0.00164163, 0, 0.000129771, 0, 0.00158261, 0, 0.0199515, 0, 0.0222723, 0, 0.0199515, 0, 0.00158261, 0, 0.00107743, 0, 0.0127327, 0, 0.00671752, 0, 0.0127327, 0, 0.00107743, 0, 0.000296772, 0, 0.00257606, 0, 0.000440769, 0, 0.00257606, 0, 0.000296772, 0, 2.02124e-05, 0, 0.000118761, 0, 0.000129892, 0, 0.00162825, 0, 0.00164163, 0, 0.000982326, 0, 7.47819e-05, 0, 0.000885104, 0, 0.0116059, 0, 0.0199515, 0, 0.0203109, 0, 0.0016239, 0, 0.00158261, 0, 0.019259, 0, 0.0127327, 0, 0.00345227, 0, 0.000296772, 0, 3.85751e-05, 0, 0.000224804, 0, 0.00257606, 0, 0.0103808, 0, 0.000885104, 0, 6.66828e-05, 0, 0.000779109, 0, 0.000118761, 0, 1.0368e-05, 0, 0.000129892, 0, 0.000129771, 0, 7.47819e-05, 0, 5.64588e-06, 0, 6.66828e-05, 0, 0.000885104, 0, 0.00158261, 0, 0.0016239, 0, 0.000129892, 0, 0.000129771, 0, 0.00158261, 0, 0.00107743, 0, 0.000296772, 0, 2.02124e-05, 0, 1.58039e-06, 0, 3.85751e-05, 0, 0.000296772, 0, 0.000885104, 0, 7.47819e-05, 0, 5.64588e-06, 0, 6.66828e-05, 0, 2.02124e-05, 0, 1.58039e-06, 0, ]
target_state = [0.00429326, 0, 0.010294, 0, 0.0138424, 0, 0.011794, 0, 0.0209809, 0, 0.0138424, 0, 0.0062109, 0, 0.011794, 0, 0.010294, 0, 0.00429326, 0, 0.0140784, 0, 0.0271249, 0, 0.0250693, 0, 0.0139244, 0, 0.00429326, 0, 0.0271249, 0, 0.0501581, 0, 0.0420247, 0, 0.02094, 0, 0.0139244, 0, 0.02094, 0, 0.0250693, 0, 0.0420247, 0, 0.0313278, 0, 0.0420247, 0, 0.0250693, 0, 0.0509766, 0, 0.0675916, 0, 0.0139244, 0, 0.02094, 0, 0.0420247, 0, 0.0501581, 0, 0.0271249, 0, 0.0585265, 0, 0.103927, 0, 0.0675916, 0, 0.00429326, 0, 0.0139244, 0, 0.0250693, 0, 0.0271249, 0, 0.0140784, 0, 0.0307983, 0, 0.0585265, 0, 0.0509766, 0, 0.02094, 0, 0.010294, 0, 0.0250693, 0, 0.0367834, 0, 0.0363529, 0, 0.0182452, 0, 0.0386552, 0, 0.0752677, 0, 0.071459, 0, 0.0420247, 0, 0.0138424, 0, 0.0250693, 0, 0.0509766, 0, 0.071459, 0, 0.0714462, 0, 0.0363529, 0, 0.0752677, 0, 0.141684, 0, 0.124701, 0, 0.0675916, 0, 0.0420247, 0, 0.0313278, 0, 0.0367834, 0, 0.071459, 0, 0.0755741, 0, 0.071459, 0, 0.0367834, 0, 0.071459, 0, 0.124701, 0, 0.10078, 0, 0.124701, 0, 0.071459, 0, 0.0755741, 0, 0.10078, 0, 0.0363529, 0, 0.0714462, 0, 0.071459, 0, 0.0509766, 0, 0.0250693, 0, 0.0420247, 0, 0.0675916, 0, 0.124701, 0, 0.141684, 0, 0.0752677, 0, 0.0862854, 0, 0.153764, 0, 0.10078, 0, 0.0182452, 0, 0.0363529, 0, 0.0367834, 0, 0.0250693, 0, 0.010294, 0, 0.0138424, 0, 0.0420247, 0, 0.071459, 0, 0.0752677, 0, 0.0386552, 0, 0.0452856, 0, 0.0862854, 0, 0.0755741, 0, 0.0313278, 0, 0.0164753, 0, 0.0337851, 0, 0.0363529, 0, 0.0271249, 0, 0.011794, 0, 0.0209809, 0, 0.0501581, 0, 0.0714462, 0, 0.0692218, 0, 0.0344224, 0, 0.0386552, 0, 0.0752677, 0, 0.071459, 0, 0.0420247, 0, 0.0138424, 0, 0.0337851, 0, 0.0692218, 0, 0.0752677, 0, 0.0585265, 0, 0.0271249, 0, 0.0501581, 0, 0.103927, 0, 0.141684, 0, 0.137872, 0, 0.0692218, 0, 0.0752677, 0, 0.141684, 0, 0.124701, 0, 0.0675916, 0, 0.0420247, 0, 0.02094, 0, 0.0363529, 0, 0.0752677, 0, 0.0862854, 0, 0.0752677, 0, 0.0363529, 0, 0.0714462, 0, 0.141684, 0, 0.153764, 0, 0.141684, 0, 0.0714462, 0, 0.071459, 0, 0.124701, 0, 0.10078, 0, 0.124701, 0, 0.071459, 0, 0.0509766, 0, 0.0675916, 0, 0.0271249, 0, 0.0585265, 0, 0.0752677, 0, 0.0692218, 0, 0.0337851, 0, 0.0692218, 0, 0.137872, 0, 0.141684, 0, 0.103927, 0, 0.0501581, 0, 0.0420247, 0, 0.0675916, 0, 0.124701, 0, 0.141684, 0, 0.0752677, 0, 0.0585265, 0, 0.103927, 0, 0.0675916, 0, 0.011794, 0, 0.0271249, 0, 0.0363529, 0, 0.0337851, 0, 0.0164753, 0, 0.0344224, 0, 0.0692218, 0, 0.0714462, 0, 0.0501581, 0, 0.0209809, 0, 0.0138424, 0, 0.0420247, 0, 0.071459, 0, 0.0752677, 0, 0.0386552, 0, 0.0307983, 0, 0.0585265, 0, 0.0509766, 0, 0.02094, 0, 0.0062109, 0, 0.0140784, 0, 0.0182452, 0, 0.0164753, 0, 0.00791011, 0, 0.0164753, 0, 0.0337851, 0, 0.0363529, 0, 0.0271249, 0, 0.011794, 0, 0.010294, 0, 0.0250693, 0, 0.0367834, 0, 0.0363529, 0, 0.0182452, 0, 0.0140784, 0, 0.0271249, 0, 0.0250693, 0, 0.0139244, 0, 0.00429326, 0, 0.0140784, 0, 0.0307983, 0, 0.0386552, 0, 0.0344224, 0, 0.0164753, 0, 0.0337851, 0, 0.0692218, 0, 0.0752677, 0, 0.0585265, 0, 0.0271249, 0, 0.0250693, 0, 0.0509766, 0, 0.071459, 0, 0.0714462, 0, 0.0363529, 0, 0.0271249, 0, 0.0501581, 0, 0.0420247, 0, 0.02094, 0, 0.0139244, 0, 0.00429326, 0, 0.0182452, 0, 0.0386552, 0, 0.0452856, 0, 0.0386552, 0, 0.0182452, 0, 0.0363529, 0, 0.0752677, 0, 0.0862854, 0, 0.0752677, 0, 0.0363529, 0, 0.0367834, 0, 0.071459, 0, 0.0755741, 0, 0.071459, 0, 0.0367834, 0, 0.0250693, 0, 0.0420247, 0, 0.0313278, 0, 0.0420247, 0, 0.0250693, 0, 0.010294, 0, 0.0138424, 0, 0.0164753, 0, 0.0344224, 0, 0.0386552, 0, 0.0307983, 0, 0.0140784, 0, 0.0271249, 0, 0.0585265, 0, 0.0752677, 0, 0.0692218, 0, 0.0337851, 0, 0.0363529, 0, 0.0714462, 0, 0.071459, 0, 0.0509766, 0, 0.0250693, 0, 0.0139244, 0, 0.02094, 0, 0.0420247, 0, 0.0501581, 0, 0.0271249, 0, 0.011794, 0, 0.0209809, 0, 0.0138424, 0, 0.00791011, 0, 0.0164753, 0, 0.0182452, 0, 0.0140784, 0, 0.0062109, 0, 0.011794, 0, 0.0271249, 0, 0.0363529, 0, 0.0337851, 0, 0.0164753, 0, 0.0182452, 0, 0.0363529, 0, 0.0367834, 0, 0.0250693, 0, 0.010294, 0, 0.00429326, 0, 0.0139244, 0, 0.0250693, 0, 0.0271249, 0, 0.0140784, 0, 0.0062109, 0, 0.011794, 0, 0.010294, 0, 0.00429326, 0, ]
USE_ENERGY_DISTANCE =     false
PERIODIC =                false
UNIFORM_SITES =           true
DEVICE_DIMENSION =        2
MAX_PARAM =               1
MIN_PARAM =               0
MIN_PARAM =               0
DIAG =                    true
NUM_SEEDS =               2
NUMBER_OF_BANGS =               7
DISTANCE_LIMIT =          0.02
TAU_SCALAR =              1.2
TAU_SCALAR_TINY =         1.1
TAU_SCALAR_BIG =          1.4
ACCEPTANCE_PROB =         0.85
TEMP_EXP_DECAY =          0.8
MIN_TEMP_FRACTION =       0.01
TEMP_DECAY_ITERATIONS =   21
ZERO_TEMP_ITREATIONS =    15
RANDOM_STATES =           3
END_PARAMETERS
##############################################################################
clock_duration  =         5430.46
tau =                     1
total_steps =             32
time_step =               0.03125
best_mc_result =          0.0571851
best_mc_result_non_secondary =          0.06011
evolved_target_dot_squared =  0.942815
distance =          1
j_protocol =  [[1, 1, 1, 0, 1, 1, 1, 1, 1, 1, 0, 0, 1, 1, 1, 1, 1, 1, 1, 1, 0, 0, 1, 1, 1, 1, 1, 1, 1, 0, 1, 0, ],[1, 1, 1, 1, 1, 0, 1, 0, 1, 1, 1, 1, 1, 1, 1, 1, 0, 0, 1, 1, 1, 1, 1, 0, 1, 1, 1, 1, 1, 1, 0, 0, ],]
k_protocol =  [[1, 1, 1, 1, 1, 1, 1, 1, 1, 1, 1, 1, 1, 1, 1, 1, 1, 1, 1, 1, 1, 1, 1, 1, 1, 1, 1, 1, 1, 1, 1, 1, ],[1, 1, 1, 1, 1, 1, 1, 1, 1, 1, 1, 1, 1, 1, 1, 1, 1, 1, 1, 1, 1, 1, 1, 1, 1, 1, 1, 1, 1, 1, 1, 1, ],]
j_protocol_secondary =  [0, 0.162735, 0.208942, 0.208942, 0.246564, 0.551291, 0.551291, 0.568501, 0.604334, 0.652551, 0.694396, 0.709617, 0.709617, 0.944728, ]
k_protocol_secondary =  [0.0136016, 0.0649861, 0.0649861, 0.184452, 0.184452, 0.420055, 0.420055, 0.790409, 0.790409, 0.794337, 0.794337, 0.819445, 0.819445, 1, ]
best_evolved_state = [0.00247334, -0.00189108, 0.00566732, -0.00132897, 0.00932719, -0.00281584, 0.0063603, -0.00552325, 0.00647362, -0.00799001, 0.00932719, -0.00281584, 0.00389569, -0.00248774, 0.0063603, -0.00552325, 0.00566732, -0.00132897, 0.00247334, -0.00189108, 0.00837448, -0.0091406, 0.014743, -0.0132009, 0.0241844, -0.00509333, 0.0114652, -0.00163147, 0.00247334, -0.00189108, 0.014743, -0.0132009, 0.0272919, -0.0202764, 0.0337586, -0.0151883, 0.0149023, -0.000433675, 0.0114652, -0.00163147, 0.0149023, -0.000433675, 0.0241844, -0.00509333, 0.0337586, -0.0151883, 0.0167741, -0.00450852, 0.0337586, -0.0151883, 0.0241844, -0.00509333, 0.0524802, -0.0172418, 0.0355431, -0.0388867, 0.0114652, -0.00163147, 0.0149023, -0.000433675, 0.0337586, -0.0151883, 0.0272919, -0.0202764, 0.014743, -0.0132009, 0.0388976, -0.0312472, 0.0639557, -0.056098, 0.0355431, -0.0388867, 0.00247334, -0.00189108, 0.0114652, -0.00163147, 0.0241844, -0.00509333, 0.014743, -0.0132009, 0.00837448, -0.0091406, 0.0206736, -0.0211056, 0.0388976, -0.0312472, 0.0524802, -0.0172418, 0.0149023, -0.000433675, 0.00566732, -0.00132897, 0.0241844, -0.00509333, 0.03404, -0.0246548, 0.0213488, -0.0182134, 0.00649196, -0.0112744, 0.0272372, -0.0294754, 0.0577721, -0.0575008, 0.0632854, -0.051122, 0.0337586, -0.0151883, 0.00932719, -0.00281584, 0.0241844, -0.00509333, 0.0524802, -0.0172418, 0.0632854, -0.051122, 0.0543107, -0.0401127, 0.0213488, -0.0182134, 0.0577721, -0.0575008, 0.0980534, -0.127575, 0.0760631, -0.094082, 0.0355431, -0.0388867, 0.0337586, -0.0151883, 0.0167741, -0.00450852, 0.03404, -0.0246548, 0.0632854, -0.051122, 0.0783996, -0.0550293, 0.0632854, -0.051122, 0.03404, -0.0246548, 0.0632854, -0.051122, 0.0760631, -0.094082, 0.046484, -0.0783339, 0.0760631, -0.094082, 0.0632854, -0.051122, 0.0783996, -0.0550293, 0.046484, -0.0783339, 0.0213488, -0.0182134, 0.0543107, -0.0401127, 0.0632854, -0.051122, 0.0524802, -0.0172418, 0.0241844, -0.00509333, 0.0337586, -0.0151883, 0.0355431, -0.0388867, 0.0760631, -0.094082, 0.0980534, -0.127575, 0.0577721, -0.0575008, 0.0475983, -0.0770217, 0.0706198, -0.125308, 0.046484, -0.0783339, 0.00649196, -0.0112744, 0.0213488, -0.0182134, 0.03404, -0.0246548, 0.0241844, -0.00509333, 0.00566732, -0.00132897, 0.00932719, -0.00281584, 0.0337586, -0.0151883, 0.0632854, -0.051122, 0.0577721, -0.0575008, 0.0272372, -0.0294754, 0.0252622, -0.0490058, 0.0475983, -0.0770217, 0.0783996, -0.0550293, 0.0167741, -0.00450852, 0.00492938, -0.0199977, 0.0068929, -0.0325801, 0.0213488, -0.0182134, 0.014743, -0.0132009, 0.0063603, -0.00552325, 0.00647362, -0.00799001, 0.0272919, -0.0202764, 0.0543107, -0.0401127, 0.0265146, -0.0535971, 0.0121898, -0.0337124, 0.0272372, -0.0294754, 0.0577721, -0.0575008, 0.0632854, -0.051122, 0.0337586, -0.0151883, 0.00932719, -0.00281584, 0.0068929, -0.0325801, 0.0265146, -0.0535971, 0.0577721, -0.0575008, 0.0388976, -0.0312472, 0.014743, -0.0132009, 0.0272919, -0.0202764, 0.0639557, -0.056098, 0.0980534, -0.127575, 0.0782558, -0.109198, 0.0265146, -0.0535971, 0.0577721, -0.0575008, 0.0980534, -0.127575, 0.0760631, -0.094082, 0.0355431, -0.0388867, 0.0337586, -0.0151883, 0.0149023, -0.000433675, 0.0213488, -0.0182134, 0.0577721, -0.0575008, 0.0475983, -0.0770217, 0.0577721, -0.0575008, 0.0213488, -0.0182134, 0.0543107, -0.0401127, 0.0980534, -0.127575, 0.0706198, -0.125308, 0.0980534, -0.127575, 0.0543107, -0.0401127, 0.0632854, -0.051122, 0.0760631, -0.094082, 0.046484, -0.0783339, 0.0760631, -0.094082, 0.0632854, -0.051122, 0.0524802, -0.0172418, 0.0355431, -0.0388867, 0.014743, -0.0132009, 0.0388976, -0.0312472, 0.0577721, -0.0575008, 0.0265146, -0.0535971, 0.0068929, -0.0325801, 0.0265146, -0.0535971, 0.0782558, -0.109198, 0.0980534, -0.127575, 0.0639557, -0.056098, 0.0272919, -0.0202764, 0.0337586, -0.0151883, 0.0355431, -0.0388867, 0.0760631, -0.094082, 0.0980534, -0.127575, 0.0577721, -0.0575008, 0.0388976, -0.0312472, 0.0639557, -0.056098, 0.0355431, -0.0388867, 0.0063603, -0.00552325, 0.014743, -0.0132009, 0.0213488, -0.0182134, 0.0068929, -0.0325801, 0.00492938, -0.0199977, 0.0121898, -0.0337124, 0.0265146, -0.0535971, 0.0543107, -0.0401127, 0.0272919, -0.0202764, 0.00647362, -0.00799001, 0.00932719, -0.00281584, 0.0337586, -0.0151883, 0.0632854, -0.051122, 0.0577721, -0.0575008, 0.0272372, -0.0294754, 0.0206736, -0.0211056, 0.0388976, -0.0312472, 0.0524802, -0.0172418, 0.0149023, -0.000433675, 0.00389569, -0.00248774, 0.00837448, -0.0091406, 0.00649196, -0.0112744, 0.00492938, -0.0199977, 0.00389065, -0.010355, 0.00492938, -0.0199977, 0.0068929, -0.0325801, 0.0213488, -0.0182134, 0.014743, -0.0132009, 0.0063603, -0.00552325, 0.00566732, -0.00132897, 0.0241844, -0.00509333, 0.03404, -0.0246548, 0.0213488, -0.0182134, 0.00649196, -0.0112744, 0.00837448, -0.0091406, 0.014743, -0.0132009, 0.0241844, -0.00509333, 0.0114652, -0.00163147, 0.00247334, -0.00189108, 0.00837448, -0.0091406, 0.0206736, -0.0211056, 0.0272372, -0.0294754, 0.0121898, -0.0337124, 0.00492938, -0.0199977, 0.0068929, -0.0325801, 0.0265146, -0.0535971, 0.0577721, -0.0575008, 0.0388976, -0.0312472, 0.014743, -0.0132009, 0.0241844, -0.00509333, 0.0524802, -0.0172418, 0.0632854, -0.051122, 0.0543107, -0.0401127, 0.0213488, -0.0182134, 0.014743, -0.0132009, 0.0272919, -0.0202764, 0.0337586, -0.0151883, 0.0149023, -0.000433675, 0.0114652, -0.00163147, 0.00247334, -0.00189108, 0.00649196, -0.0112744, 0.0272372, -0.0294754, 0.0252622, -0.0490058, 0.0272372, -0.0294754, 0.00649196, -0.0112744, 0.0213488, -0.0182134, 0.0577721, -0.0575008, 0.0475983, -0.0770217, 0.0577721, -0.0575008, 0.0213488, -0.0182134, 0.03404, -0.0246548, 0.0632854, -0.051122, 0.0783996, -0.0550293, 0.0632854, -0.051122, 0.03404, -0.0246548, 0.0241844, -0.00509333, 0.0337586, -0.0151883, 0.0167741, -0.00450852, 0.0337586, -0.0151883, 0.0241844, -0.00509333, 0.00566732, -0.00132897, 0.00932719, -0.00281584, 0.00492938, -0.0199977, 0.0121898, -0.0337124, 0.0272372, -0.0294754, 0.0206736, -0.0211056, 0.00837448, -0.0091406, 0.014743, -0.0132009, 0.0388976, -0.0312472, 0.0577721, -0.0575008, 0.0265146, -0.0535971, 0.0068929, -0.0325801, 0.0213488, -0.0182134, 0.0543107, -0.0401127, 0.0632854, -0.051122, 0.0524802, -0.0172418, 0.0241844, -0.00509333, 0.0114652, -0.00163147, 0.0149023, -0.000433675, 0.0337586, -0.0151883, 0.0272919, -0.0202764, 0.014743, -0.0132009, 0.0063603, -0.00552325, 0.00647362, -0.00799001, 0.00932719, -0.00281584, 0.00389065, -0.010355, 0.00492938, -0.0199977, 0.00649196, -0.0112744, 0.00837448, -0.0091406, 0.00389569, -0.00248774, 0.0063603, -0.00552325, 0.014743, -0.0132009, 0.0213488, -0.0182134, 0.0068929, -0.0325801, 0.00492938, -0.0199977, 0.00649196, -0.0112744, 0.0213488, -0.0182134, 0.03404, -0.0246548, 0.0241844, -0.00509333, 0.00566732, -0.00132897, 0.00247334, -0.00189108, 0.0114652, -0.00163147, 0.0241844, -0.00509333, 0.014743, -0.0132009, 0.00837448, -0.0091406, 0.00389569, -0.00248774, 0.0063603, -0.00552325, 0.00566732, -0.00132897, 0.00247334, -0.00189108, ]
best_mc_result_fixed_tau =   [0.0623101, 0.06011, ]
evolved_state_fixed_tau =   [[0.00174936, -0.00279674, 0.00437451, -0.00389289, 0.00686451, -0.00430923, 0.0043858, -0.00708619, 0.00352903, -0.0105107, 0.00686451, -0.00430923, 0.00256974, -0.00333347, 0.0043858, -0.00708619, 0.00437451, -0.00389289, 0.00174936, -0.00279674, 0.00468244, -0.0114494, 0.00889346, -0.0181227, 0.0200193, -0.0122741, 0.0102593, -0.00646416, 0.00174936, -0.00279674, 0.00889346, -0.0181227, 0.0172348, -0.028162, 0.0281397, -0.0257802, 0.0122181, -0.00423329, 0.0102593, -0.00646416, 0.0122181, -0.00423329, 0.0200193, -0.0122741, 0.0281397, -0.0257802, 0.0104984, -0.00746804, 0.0281397, -0.0257802, 0.0200193, -0.0122741, 0.0452427, -0.0336929, 0.0167588, -0.0519865, 0.0102593, -0.00646416, 0.0122181, -0.00423329, 0.0281397, -0.0257802, 0.0172348, -0.028162, 0.00889346, -0.0181227, 0.0244525, -0.0421656, 0.0430744, -0.0727786, 0.0167588, -0.0519865, 0.00174936, -0.00279674, 0.0102593, -0.00646416, 0.0200193, -0.0122741, 0.00889346, -0.0181227, 0.00468244, -0.0114494, 0.0113919, -0.0273425, 0.0244525, -0.0421656, 0.0452427, -0.0336929, 0.0122181, -0.00423329, 0.00437451, -0.00389289, 0.0200193, -0.0122741, 0.0239107, -0.0361533, 0.013384, -0.0228837, 0.00108953, -0.0123373, 0.0149541, -0.0359247, 0.0357875, -0.0738565, 0.0394438, -0.070087, 0.0281397, -0.0257802, 0.00686451, -0.00430923, 0.0200193, -0.0122741, 0.0452427, -0.0336929, 0.0394438, -0.070087, 0.0388295, -0.0559761, 0.013384, -0.0228837, 0.0357875, -0.0738565, 0.0484854, -0.155073, 0.0429507, -0.110277, 0.0167588, -0.0519865, 0.0281397, -0.0257802, 0.0104984, -0.00746804, 0.0239107, -0.0361533, 0.0394438, -0.070087, 0.0582101, -0.0767406, 0.0394438, -0.070087, 0.0239107, -0.0361533, 0.0394438, -0.070087, 0.0429507, -0.110277, 0.012308, -0.09657, 0.0429507, -0.110277, 0.0394438, -0.070087, 0.0582101, -0.0767406, 0.012308, -0.09657, 0.013384, -0.0228837, 0.0388295, -0.0559761, 0.0394438, -0.070087, 0.0452427, -0.0336929, 0.0200193, -0.0122741, 0.0281397, -0.0257802, 0.0167588, -0.0519865, 0.0429507, -0.110277, 0.0484854, -0.155073, 0.0357875, -0.0738565, 0.0155667, -0.0881676, 0.0264777, -0.138346, 0.012308, -0.09657, 0.00108953, -0.0123373, 0.013384, -0.0228837, 0.0239107, -0.0361533, 0.0200193, -0.0122741, 0.00437451, -0.00389289, 0.00686451, -0.00430923, 0.0281397, -0.0257802, 0.0394438, -0.070087, 0.0357875, -0.0738565, 0.0149541, -0.0359247, 0.00591301, -0.055411, 0.0155667, -0.0881676, 0.0582101, -0.0767406, 0.0104984, -0.00746804, -0.00261328, -0.0206825, -0.00612297, -0.0332799, 0.013384, -0.0228837, 0.00889346, -0.0181227, 0.0043858, -0.00708619, 0.00352903, -0.0105107, 0.0172348, -0.028162, 0.0388295, -0.0559761, 0.00495524, -0.0584734, -0.00141153, -0.0361474, 0.0149541, -0.0359247, 0.0357875, -0.0738565, 0.0394438, -0.070087, 0.0281397, -0.0257802, 0.00686451, -0.00430923, -0.00612297, -0.0332799, 0.00495524, -0.0584734, 0.0357875, -0.0738565, 0.0244525, -0.0421656, 0.00889346, -0.0181227, 0.0172348, -0.028162, 0.0430744, -0.0727786, 0.0484854, -0.155073, 0.0379845, -0.128497, 0.00495524, -0.0584734, 0.0357875, -0.0738565, 0.0484854, -0.155073, 0.0429507, -0.110277, 0.0167588, -0.0519865, 0.0281397, -0.0257802, 0.0122181, -0.00423329, 0.013384, -0.0228837, 0.0357875, -0.0738565, 0.0155667, -0.0881676, 0.0357875, -0.0738565, 0.013384, -0.0228837, 0.0388295, -0.0559761, 0.0484854, -0.155073, 0.0264777, -0.138346, 0.0484854, -0.155073, 0.0388295, -0.0559761, 0.0394438, -0.070087, 0.0429507, -0.110277, 0.012308, -0.09657, 0.0429507, -0.110277, 0.0394438, -0.070087, 0.0452427, -0.0336929, 0.0167588, -0.0519865, 0.00889346, -0.0181227, 0.0244525, -0.0421656, 0.0357875, -0.0738565, 0.00495524, -0.0584734, -0.00612297, -0.0332799, 0.00495524, -0.0584734, 0.0379845, -0.128497, 0.0484854, -0.155073, 0.0430744, -0.0727786, 0.0172348, -0.028162, 0.0281397, -0.0257802, 0.0167588, -0.0519865, 0.0429507, -0.110277, 0.0484854, -0.155073, 0.0357875, -0.0738565, 0.0244525, -0.0421656, 0.0430744, -0.0727786, 0.0167588, -0.0519865, 0.0043858, -0.00708619, 0.00889346, -0.0181227, 0.013384, -0.0228837, -0.00612297, -0.0332799, -0.00261328, -0.0206825, -0.00141153, -0.0361474, 0.00495524, -0.0584734, 0.0388295, -0.0559761, 0.0172348, -0.028162, 0.00352903, -0.0105107, 0.00686451, -0.00430923, 0.0281397, -0.0257802, 0.0394438, -0.070087, 0.0357875, -0.0738565, 0.0149541, -0.0359247, 0.0113919, -0.0273425, 0.0244525, -0.0421656, 0.0452427, -0.0336929, 0.0122181, -0.00423329, 0.00256974, -0.00333347, 0.00468244, -0.0114494, 0.00108953, -0.0123373, -0.00261328, -0.0206825, -3.15147e-05, -0.0108695, -0.00261328, -0.0206825, -0.00612297, -0.0332799, 0.013384, -0.0228837, 0.00889346, -0.0181227, 0.0043858, -0.00708619, 0.00437451, -0.00389289, 0.0200193, -0.0122741, 0.0239107, -0.0361533, 0.013384, -0.0228837, 0.00108953, -0.0123373, 0.00468244, -0.0114494, 0.00889346, -0.0181227, 0.0200193, -0.0122741, 0.0102593, -0.00646416, 0.00174936, -0.00279674, 0.00468244, -0.0114494, 0.0113919, -0.0273425, 0.0149541, -0.0359247, -0.00141153, -0.0361474, -0.00261328, -0.0206825, -0.00612297, -0.0332799, 0.00495524, -0.0584734, 0.0357875, -0.0738565, 0.0244525, -0.0421656, 0.00889346, -0.0181227, 0.0200193, -0.0122741, 0.0452427, -0.0336929, 0.0394438, -0.070087, 0.0388295, -0.0559761, 0.013384, -0.0228837, 0.00889346, -0.0181227, 0.0172348, -0.028162, 0.0281397, -0.0257802, 0.0122181, -0.00423329, 0.0102593, -0.00646416, 0.00174936, -0.00279674, 0.00108953, -0.0123373, 0.0149541, -0.0359247, 0.00591301, -0.055411, 0.0149541, -0.0359247, 0.00108953, -0.0123373, 0.013384, -0.0228837, 0.0357875, -0.0738565, 0.0155667, -0.0881676, 0.0357875, -0.0738565, 0.013384, -0.0228837, 0.0239107, -0.0361533, 0.0394438, -0.070087, 0.0582101, -0.0767406, 0.0394438, -0.070087, 0.0239107, -0.0361533, 0.0200193, -0.0122741, 0.0281397, -0.0257802, 0.0104984, -0.00746804, 0.0281397, -0.0257802, 0.0200193, -0.0122741, 0.00437451, -0.00389289, 0.00686451, -0.00430923, -0.00261328, -0.0206825, -0.00141153, -0.0361474, 0.0149541, -0.0359247, 0.0113919, -0.0273425, 0.00468244, -0.0114494, 0.00889346, -0.0181227, 0.0244525, -0.0421656, 0.0357875, -0.0738565, 0.00495524, -0.0584734, -0.00612297, -0.0332799, 0.013384, -0.0228837, 0.0388295, -0.0559761, 0.0394438, -0.070087, 0.0452427, -0.0336929, 0.0200193, -0.0122741, 0.0102593, -0.00646416, 0.0122181, -0.00423329, 0.0281397, -0.0257802, 0.0172348, -0.028162, 0.00889346, -0.0181227, 0.0043858, -0.00708619, 0.00352903, -0.0105107, 0.00686451, -0.00430923, -3.15147e-05, -0.0108695, -0.00261328, -0.0206825, 0.00108953, -0.0123373, 0.00468244, -0.0114494, 0.00256974, -0.00333347, 0.0043858, -0.00708619, 0.00889346, -0.0181227, 0.013384, -0.0228837, -0.00612297, -0.0332799, -0.00261328, -0.0206825, 0.00108953, -0.0123373, 0.013384, -0.0228837, 0.0239107, -0.0361533, 0.0200193, -0.0122741, 0.00437451, -0.00389289, 0.00174936, -0.00279674, 0.0102593, -0.00646416, 0.0200193, -0.0122741, 0.00889346, -0.0181227, 0.00468244, -0.0114494, 0.00256974, -0.00333347, 0.0043858, -0.00708619, 0.00437451, -0.00389289, 0.00174936, -0.00279674, ],[0.00149957, -0.0028978, 0.00460299, -0.00380194, 0.00662145, -0.00569135, 0.0039525, -0.00725964, 0.00348449, -0.0101612, 0.00662145, -0.00569135, 0.00245323, -0.00359851, 0.0039525, -0.00725964, 0.00460299, -0.00380194, 0.00149957, -0.0028978, 0.0042573, -0.0115974, 0.00873882, -0.01816, 0.0198187, -0.0131654, 0.0102109, -0.006315, 0.00149957, -0.0028978, 0.00873882, -0.01816, 0.0172358, -0.0286957, 0.0273302, -0.0253679, 0.0124883, -0.0055462, 0.0102109, -0.006315, 0.0124883, -0.0055462, 0.0198187, -0.0131654, 0.0273302, -0.0253679, 0.0111518, -0.00955085, 0.0273302, -0.0253679, 0.0198187, -0.0131654, 0.0444365, -0.0336062, 0.0180777, -0.0534118, 0.0102109, -0.006315, 0.0124883, -0.0055462, 0.0273302, -0.0253679, 0.0172358, -0.0286957, 0.00873882, -0.01816, 0.0242458, -0.0426877, 0.0424548, -0.0720576, 0.0180777, -0.0534118, 0.00149957, -0.0028978, 0.0102109, -0.006315, 0.0198187, -0.0131654, 0.00873882, -0.01816, 0.0042573, -0.0115974, 0.0110228, -0.027558, 0.0242458, -0.0426877, 0.0444365, -0.0336062, 0.0124883, -0.0055462, 0.00460299, -0.00380194, 0.0198187, -0.0131654, 0.0234235, -0.0362753, 0.0128084, -0.0234354, 0.000871247, -0.0125556, 0.0141551, -0.0364845, 0.0351005, -0.073862, 0.0394625, -0.0711509, 0.0273302, -0.0253679, 0.00662145, -0.00569135, 0.0198187, -0.0131654, 0.0444365, -0.0336062, 0.0394625, -0.0711509, 0.0383069, -0.0559632, 0.0128084, -0.0234354, 0.0351005, -0.073862, 0.0495629, -0.15496, 0.0412665, -0.109396, 0.0180777, -0.0534118, 0.0273302, -0.0253679, 0.0111518, -0.00955085, 0.0234235, -0.0362753, 0.0394625, -0.0711509, 0.0564347, -0.0765652, 0.0394625, -0.0711509, 0.0234235, -0.0362753, 0.0394625, -0.0711509, 0.0412665, -0.109396, 0.0144842, -0.0983706, 0.0412665, -0.109396, 0.0394625, -0.0711509, 0.0564347, -0.0765652, 0.0144842, -0.0983706, 0.0128084, -0.0234354, 0.0383069, -0.0559632, 0.0394625, -0.0711509, 0.0444365, -0.0336062, 0.0198187, -0.0131654, 0.0273302, -0.0253679, 0.0180777, -0.0534118, 0.0412665, -0.109396, 0.0495629, -0.15496, 0.0351005, -0.073862, 0.0151554, -0.0888176, 0.0254648, -0.137279, 0.0144842, -0.0983706, 0.000871247, -0.0125556, 0.0128084, -0.0234354, 0.0234235, -0.0362753, 0.0198187, -0.0131654, 0.00460299, -0.00380194, 0.00662145, -0.00569135, 0.0273302, -0.0253679, 0.0394625, -0.0711509, 0.0351005, -0.073862, 0.0141551, -0.0364845, 0.00499161, -0.0554591, 0.0151554, -0.0888176, 0.0564347, -0.0765652, 0.0111518, -0.00955085, -0.00328432, -0.0206035, -0.00661959, -0.0331956, 0.0128084, -0.0234354, 0.00873882, -0.01816, 0.0039525, -0.00725964, 0.00348449, -0.0101612, 0.0172358, -0.0286957, 0.0383069, -0.0559632, 0.00445314, -0.0586757, -0.00198364, -0.0361738, 0.0141551, -0.0364845, 0.0351005, -0.073862, 0.0394625, -0.0711509, 0.0273302, -0.0253679, 0.00662145, -0.00569135, -0.00661959, -0.0331956, 0.00445314, -0.0586757, 0.0351005, -0.073862, 0.0242458, -0.0426877, 0.00873882, -0.01816, 0.0172358, -0.0286957, 0.0424548, -0.0720576, 0.0495629, -0.15496, 0.0380539, -0.127621, 0.00445314, -0.0586757, 0.0351005, -0.073862, 0.0495629, -0.15496, 0.0412665, -0.109396, 0.0180777, -0.0534118, 0.0273302, -0.0253679, 0.0124883, -0.0055462, 0.0128084, -0.0234354, 0.0351005, -0.073862, 0.0151554, -0.0888176, 0.0351005, -0.073862, 0.0128084, -0.0234354, 0.0383069, -0.0559632, 0.0495629, -0.15496, 0.0254648, -0.137279, 0.0495629, -0.15496, 0.0383069, -0.0559632, 0.0394625, -0.0711509, 0.0412665, -0.109396, 0.0144842, -0.0983706, 0.0412665, -0.109396, 0.0394625, -0.0711509, 0.0444365, -0.0336062, 0.0180777, -0.0534118, 0.00873882, -0.01816, 0.0242458, -0.0426877, 0.0351005, -0.073862, 0.00445314, -0.0586757, -0.00661959, -0.0331956, 0.00445314, -0.0586757, 0.0380539, -0.127621, 0.0495629, -0.15496, 0.0424548, -0.0720576, 0.0172358, -0.0286957, 0.0273302, -0.0253679, 0.0180777, -0.0534118, 0.0412665, -0.109396, 0.0495629, -0.15496, 0.0351005, -0.073862, 0.0242458, -0.0426877, 0.0424548, -0.0720576, 0.0180777, -0.0534118, 0.0039525, -0.00725964, 0.00873882, -0.01816, 0.0128084, -0.0234354, -0.00661959, -0.0331956, -0.00328432, -0.0206035, -0.00198364, -0.0361738, 0.00445314, -0.0586757, 0.0383069, -0.0559632, 0.0172358, -0.0286957, 0.00348449, -0.0101612, 0.00662145, -0.00569135, 0.0273302, -0.0253679, 0.0394625, -0.0711509, 0.0351005, -0.073862, 0.0141551, -0.0364845, 0.0110228, -0.027558, 0.0242458, -0.0426877, 0.0444365, -0.0336062, 0.0124883, -0.0055462, 0.00245323, -0.00359851, 0.0042573, -0.0115974, 0.000871247, -0.0125556, -0.00328432, -0.0206035, -0.000550939, -0.0109588, -0.00328432, -0.0206035, -0.00661959, -0.0331956, 0.0128084, -0.0234354, 0.00873882, -0.01816, 0.0039525, -0.00725964, 0.00460299, -0.00380194, 0.0198187, -0.0131654, 0.0234235, -0.0362753, 0.0128084, -0.0234354, 0.000871247, -0.0125556, 0.0042573, -0.0115974, 0.00873882, -0.01816, 0.0198187, -0.0131654, 0.0102109, -0.006315, 0.00149957, -0.0028978, 0.0042573, -0.0115974, 0.0110228, -0.027558, 0.0141551, -0.0364845, -0.00198364, -0.0361738, -0.00328432, -0.0206035, -0.00661959, -0.0331956, 0.00445314, -0.0586757, 0.0351005, -0.073862, 0.0242458, -0.0426877, 0.00873882, -0.01816, 0.0198187, -0.0131654, 0.0444365, -0.0336062, 0.0394625, -0.0711509, 0.0383069, -0.0559632, 0.0128084, -0.0234354, 0.00873882, -0.01816, 0.0172358, -0.0286957, 0.0273302, -0.0253679, 0.0124883, -0.0055462, 0.0102109, -0.006315, 0.00149957, -0.0028978, 0.000871247, -0.0125556, 0.0141551, -0.0364845, 0.00499161, -0.0554591, 0.0141551, -0.0364845, 0.000871247, -0.0125556, 0.0128084, -0.0234354, 0.0351005, -0.073862, 0.0151554, -0.0888176, 0.0351005, -0.073862, 0.0128084, -0.0234354, 0.0234235, -0.0362753, 0.0394625, -0.0711509, 0.0564347, -0.0765652, 0.0394625, -0.0711509, 0.0234235, -0.0362753, 0.0198187, -0.0131654, 0.0273302, -0.0253679, 0.0111518, -0.00955085, 0.0273302, -0.0253679, 0.0198187, -0.0131654, 0.00460299, -0.00380194, 0.00662145, -0.00569135, -0.00328432, -0.0206035, -0.00198364, -0.0361738, 0.0141551, -0.0364845, 0.0110228, -0.027558, 0.0042573, -0.0115974, 0.00873882, -0.01816, 0.0242458, -0.0426877, 0.0351005, -0.073862, 0.00445314, -0.0586757, -0.00661959, -0.0331956, 0.0128084, -0.0234354, 0.0383069, -0.0559632, 0.0394625, -0.0711509, 0.0444365, -0.0336062, 0.0198187, -0.0131654, 0.0102109, -0.006315, 0.0124883, -0.0055462, 0.0273302, -0.0253679, 0.0172358, -0.0286957, 0.00873882, -0.01816, 0.0039525, -0.00725964, 0.00348449, -0.0101612, 0.00662145, -0.00569135, -0.000550939, -0.0109588, -0.00328432, -0.0206035, 0.000871247, -0.0125556, 0.0042573, -0.0115974, 0.00245323, -0.00359851, 0.0039525, -0.00725964, 0.00873882, -0.01816, 0.0128084, -0.0234354, -0.00661959, -0.0331956, -0.00328432, -0.0206035, 0.000871247, -0.0125556, 0.0128084, -0.0234354, 0.0234235, -0.0362753, 0.0198187, -0.0131654, 0.00460299, -0.00380194, 0.00149957, -0.0028978, 0.0102109, -0.006315, 0.0198187, -0.0131654, 0.00873882, -0.01816, 0.0042573, -0.0115974, 0.00245323, -0.00359851, 0.0039525, -0.00725964, 0.00460299, -0.00380194, 0.00149957, -0.0028978, ],]
