START_PARAMETERS
MAX_STEPS_MCDB =               32
MIN_STEPS_MCDB =               4
STEPS_CRUNCH_MCDB =            1
SWEEPS_MCDB =                  100
TOTAL_STEP_CHANGES =                  6
MCBB_SECONDARY =                  1
SWEEPS_MCBB_SECONDARY =                  250
NUMBER_OF_BANGS =                  7
GROUND_E =                11.1345
INITIAL_E =               11.6096
j_initial =               0.701
k_initial =               0.125
b_initial =               0
j_target =                0.191
k_target =                0.5
b_target =                0
init_target_dot_squared = 0.643318
init_state = [-0.00567261, 0, -0.0126265, 0, -0.01632, 0, -0.0142523, 0, -0.0236428, 0, -0.01632, 0, -0.00807349, 0, -0.0142523, 0, -0.0126265, 0, -0.00567261, 0, -0.0168646, 0, -0.0302185, 0, -0.0282913, 0, -0.0165617, 0, -0.00567261, 0, -0.0302185, 0, -0.0521203, 0, -0.0447658, 0, -0.0239619, 0, -0.0165617, 0, -0.0239619, 0, -0.0282913, 0, -0.0447658, 0, -0.0348518, 0, -0.0447658, 0, -0.0282913, 0, -0.0535077, 0, -0.0688507, 0, -0.0165617, 0, -0.0239619, 0, -0.0447658, 0, -0.0521203, 0, -0.0302185, 0, -0.0602509, 0, -0.100077, 0, -0.0688507, 0, -0.00567261, 0, -0.0165617, 0, -0.0282913, 0, -0.0302185, 0, -0.0168646, 0, -0.0340519, 0, -0.0602509, 0, -0.0535077, 0, -0.0239619, 0, -0.0126265, 0, -0.0282913, 0, -0.0402216, 0, -0.0396037, 0, -0.0214227, 0, -0.0419837, 0, -0.0759514, 0, -0.072783, 0, -0.0447658, 0, -0.01632, 0, -0.0282913, 0, -0.0535077, 0, -0.072783, 0, -0.072313, 0, -0.0396037, 0, -0.0759514, 0, -0.133115, 0, -0.119252, 0, -0.0688507, 0, -0.0447658, 0, -0.0348518, 0, -0.0402216, 0, -0.072783, 0, -0.0771595, 0, -0.072783, 0, -0.0402216, 0, -0.072783, 0, -0.119252, 0, -0.0998154, 0, -0.119252, 0, -0.072783, 0, -0.0771595, 0, -0.0998154, 0, -0.0396037, 0, -0.072313, 0, -0.072783, 0, -0.0535077, 0, -0.0282913, 0, -0.0447658, 0, -0.0688507, 0, -0.119252, 0, -0.133115, 0, -0.0759514, 0, -0.0864256, 0, -0.144056, 0, -0.0998154, 0, -0.0214227, 0, -0.0396037, 0, -0.0402216, 0, -0.0282913, 0, -0.0126265, 0, -0.01632, 0, -0.0447658, 0, -0.072783, 0, -0.0759514, 0, -0.0419837, 0, -0.0487175, 0, -0.0864256, 0, -0.0771595, 0, -0.0348518, 0, -0.019439, 0, -0.036907, 0, -0.0396037, 0, -0.0302185, 0, -0.0142523, 0, -0.0236428, 0, -0.0521203, 0, -0.072313, 0, -0.0700425, 0, -0.0375875, 0, -0.0419837, 0, -0.0759514, 0, -0.072783, 0, -0.0447658, 0, -0.01632, 0, -0.036907, 0, -0.0700425, 0, -0.0759514, 0, -0.0602509, 0, -0.0302185, 0, -0.0521203, 0, -0.100077, 0, -0.133115, 0, -0.129361, 0, -0.0700425, 0, -0.0759514, 0, -0.133115, 0, -0.119252, 0, -0.0688507, 0, -0.0447658, 0, -0.0239619, 0, -0.0396037, 0, -0.0759514, 0, -0.0864256, 0, -0.0759514, 0, -0.0396037, 0, -0.072313, 0, -0.133115, 0, -0.144056, 0, -0.133115, 0, -0.072313, 0, -0.072783, 0, -0.119252, 0, -0.0998154, 0, -0.119252, 0, -0.072783, 0, -0.0535077, 0, -0.0688507, 0, -0.0302185, 0, -0.0602509, 0, -0.0759514, 0, -0.0700425, 0, -0.036907, 0, -0.0700425, 0, -0.129361, 0, -0.133115, 0, -0.100077, 0, -0.0521203, 0, -0.0447658, 0, -0.0688507, 0, -0.119252, 0, -0.133115, 0, -0.0759514, 0, -0.0602509, 0, -0.100077, 0, -0.0688507, 0, -0.0142523, 0, -0.0302185, 0, -0.0396037, 0, -0.036907, 0, -0.019439, 0, -0.0375875, 0, -0.0700425, 0, -0.072313, 0, -0.0521203, 0, -0.0236428, 0, -0.01632, 0, -0.0447658, 0, -0.072783, 0, -0.0759514, 0, -0.0419837, 0, -0.0340519, 0, -0.0602509, 0, -0.0535077, 0, -0.0239619, 0, -0.00807349, 0, -0.0168646, 0, -0.0214227, 0, -0.019439, 0, -0.0100872, 0, -0.019439, 0, -0.036907, 0, -0.0396037, 0, -0.0302185, 0, -0.0142523, 0, -0.0126265, 0, -0.0282913, 0, -0.0402216, 0, -0.0396037, 0, -0.0214227, 0, -0.0168646, 0, -0.0302185, 0, -0.0282913, 0, -0.0165617, 0, -0.00567261, 0, -0.0168646, 0, -0.0340519, 0, -0.0419837, 0, -0.0375875, 0, -0.019439, 0, -0.036907, 0, -0.0700425, 0, -0.0759514, 0, -0.0602509, 0, -0.0302185, 0, -0.0282913, 0, -0.0535077, 0, -0.072783, 0, -0.072313, 0, -0.0396037, 0, -0.0302185, 0, -0.0521203, 0, -0.0447658, 0, -0.0239619, 0, -0.0165617, 0, -0.00567261, 0, -0.0214227, 0, -0.0419837, 0, -0.0487175, 0, -0.0419837, 0, -0.0214227, 0, -0.0396037, 0, -0.0759514, 0, -0.0864256, 0, -0.0759514, 0, -0.0396037, 0, -0.0402216, 0, -0.072783, 0, -0.0771595, 0, -0.072783, 0, -0.0402216, 0, -0.0282913, 0, -0.0447658, 0, -0.0348518, 0, -0.0447658, 0, -0.0282913, 0, -0.0126265, 0, -0.01632, 0, -0.019439, 0, -0.0375875, 0, -0.0419837, 0, -0.0340519, 0, -0.0168646, 0, -0.0302185, 0, -0.0602509, 0, -0.0759514, 0, -0.0700425, 0, -0.036907, 0, -0.0396037, 0, -0.072313, 0, -0.072783, 0, -0.0535077, 0, -0.0282913, 0, -0.0165617, 0, -0.0239619, 0, -0.0447658, 0, -0.0521203, 0, -0.0302185, 0, -0.0142523, 0, -0.0236428, 0, -0.01632, 0, -0.0100872, 0, -0.019439, 0, -0.0214227, 0, -0.0168646, 0, -0.00807349, 0, -0.0142523, 0, -0.0302185, 0, -0.0396037, 0, -0.036907, 0, -0.019439, 0, -0.0214227, 0, -0.0396037, 0, -0.0402216, 0, -0.0282913, 0, -0.0126265, 0, -0.00567261, 0, -0.0165617, 0, -0.0282913, 0, -0.0302185, 0, -0.0168646, 0, -0.00807349, 0, -0.0142523, 0, -0.0126265, 0, -0.00567261, 0, ]
target_state = [3.94057e-05, 0, 0.00026457, 0, 0.000819532, 0, 0.000509057, 0, 0.00286986, 0, 0.000819532, 0, 8.74783e-05, 0, 0.000509057, 0, 0.00026457, 0, 3.94057e-05, 0, 0.000605137, 0, 0.00354019, 0, 0.00199318, 0, 0.000472774, 0, 3.94057e-05, 0, 0.00354019, 0, 0.0201988, 0, 0.008871, 0, 0.00151378, 0, 0.000472774, 0, 0.00151378, 0, 0.00199318, 0, 0.008871, 0, 0.00285369, 0, 0.008871, 0, 0.00199318, 0, 0.0119484, 0, 0.03117, 0, 0.000472774, 0, 0.00151378, 0, 0.008871, 0, 0.0201988, 0, 0.00354019, 0, 0.0238429, 0, 0.133472, 0, 0.03117, 0, 3.94057e-05, 0, 0.000472774, 0, 0.00199318, 0, 0.00354019, 0, 0.000605137, 0, 0.00410161, 0, 0.0238429, 0, 0.0119484, 0, 0.00151378, 0, 0.00026457, 0, 0.00199318, 0, 0.00480559, 0, 0.0059623, 0, 0.000977278, 0, 0.00631896, 0, 0.0381331, 0, 0.0280922, 0, 0.008871, 0, 0.000819532, 0, 0.00199318, 0, 0.0119484, 0, 0.0280922, 0, 0.0361127, 0, 0.0059623, 0, 0.0381331, 0, 0.227183, 0, 0.152231, 0, 0.03117, 0, 0.008871, 0, 0.00285369, 0, 0.00480559, 0, 0.0280922, 0, 0.022269, 0, 0.0280922, 0, 0.00480559, 0, 0.0280922, 0, 0.152231, 0, 0.0584497, 0, 0.152231, 0, 0.0280922, 0, 0.022269, 0, 0.0584497, 0, 0.0059623, 0, 0.0361127, 0, 0.0280922, 0, 0.0119484, 0, 0.00199318, 0, 0.008871, 0, 0.03117, 0, 0.152231, 0, 0.227183, 0, 0.0381331, 0, 0.043824, 0, 0.245692, 0, 0.0584497, 0, 0.000977278, 0, 0.0059623, 0, 0.00480559, 0, 0.00199318, 0, 0.00026457, 0, 0.000819532, 0, 0.008871, 0, 0.0280922, 0, 0.0381331, 0, 0.00631896, 0, 0.00752706, 0, 0.043824, 0, 0.022269, 0, 0.00285369, 0, 0.000929466, 0, 0.00587992, 0, 0.0059623, 0, 0.00354019, 0, 0.000509057, 0, 0.00286986, 0, 0.0201988, 0, 0.0361127, 0, 0.0372147, 0, 0.00592747, 0, 0.00631896, 0, 0.0381331, 0, 0.0280922, 0, 0.008871, 0, 0.000819532, 0, 0.00587992, 0, 0.0372147, 0, 0.0381331, 0, 0.0238429, 0, 0.00354019, 0, 0.0201988, 0, 0.133472, 0, 0.227183, 0, 0.233402, 0, 0.0372147, 0, 0.0381331, 0, 0.227183, 0, 0.152231, 0, 0.03117, 0, 0.008871, 0, 0.00151378, 0, 0.0059623, 0, 0.0381331, 0, 0.043824, 0, 0.0381331, 0, 0.0059623, 0, 0.0361127, 0, 0.227183, 0, 0.245692, 0, 0.227183, 0, 0.0361127, 0, 0.0280922, 0, 0.152231, 0, 0.0584497, 0, 0.152231, 0, 0.0280922, 0, 0.0119484, 0, 0.03117, 0, 0.00354019, 0, 0.0238429, 0, 0.0381331, 0, 0.0372147, 0, 0.00587992, 0, 0.0372147, 0, 0.233402, 0, 0.227183, 0, 0.133472, 0, 0.0201988, 0, 0.008871, 0, 0.03117, 0, 0.152231, 0, 0.227183, 0, 0.0381331, 0, 0.0238429, 0, 0.133472, 0, 0.03117, 0, 0.000509057, 0, 0.00354019, 0, 0.0059623, 0, 0.00587992, 0, 0.000929466, 0, 0.00592747, 0, 0.0372147, 0, 0.0361127, 0, 0.0201988, 0, 0.00286986, 0, 0.000819532, 0, 0.008871, 0, 0.0280922, 0, 0.0381331, 0, 0.00631896, 0, 0.00410161, 0, 0.0238429, 0, 0.0119484, 0, 0.00151378, 0, 8.74783e-05, 0, 0.000605137, 0, 0.000977278, 0, 0.000929466, 0, 0.00014595, 0, 0.000929466, 0, 0.00587992, 0, 0.0059623, 0, 0.00354019, 0, 0.000509057, 0, 0.00026457, 0, 0.00199318, 0, 0.00480559, 0, 0.0059623, 0, 0.000977278, 0, 0.000605137, 0, 0.00354019, 0, 0.00199318, 0, 0.000472774, 0, 3.94057e-05, 0, 0.000605137, 0, 0.00410161, 0, 0.00631896, 0, 0.00592747, 0, 0.000929466, 0, 0.00587992, 0, 0.0372147, 0, 0.0381331, 0, 0.0238429, 0, 0.00354019, 0, 0.00199318, 0, 0.0119484, 0, 0.0280922, 0, 0.0361127, 0, 0.0059623, 0, 0.00354019, 0, 0.0201988, 0, 0.008871, 0, 0.00151378, 0, 0.000472774, 0, 3.94057e-05, 0, 0.000977278, 0, 0.00631896, 0, 0.00752706, 0, 0.00631896, 0, 0.000977278, 0, 0.0059623, 0, 0.0381331, 0, 0.043824, 0, 0.0381331, 0, 0.0059623, 0, 0.00480559, 0, 0.0280922, 0, 0.022269, 0, 0.0280922, 0, 0.00480559, 0, 0.00199318, 0, 0.008871, 0, 0.00285369, 0, 0.008871, 0, 0.00199318, 0, 0.00026457, 0, 0.000819532, 0, 0.000929466, 0, 0.00592747, 0, 0.00631896, 0, 0.00410161, 0, 0.000605137, 0, 0.00354019, 0, 0.0238429, 0, 0.0381331, 0, 0.0372147, 0, 0.00587992, 0, 0.0059623, 0, 0.0361127, 0, 0.0280922, 0, 0.0119484, 0, 0.00199318, 0, 0.000472774, 0, 0.00151378, 0, 0.008871, 0, 0.0201988, 0, 0.00354019, 0, 0.000509057, 0, 0.00286986, 0, 0.000819532, 0, 0.00014595, 0, 0.000929466, 0, 0.000977278, 0, 0.000605137, 0, 8.74783e-05, 0, 0.000509057, 0, 0.00354019, 0, 0.0059623, 0, 0.00587992, 0, 0.000929466, 0, 0.000977278, 0, 0.0059623, 0, 0.00480559, 0, 0.00199318, 0, 0.00026457, 0, 3.94057e-05, 0, 0.000472774, 0, 0.00199318, 0, 0.00354019, 0, 0.000605137, 0, 8.74783e-05, 0, 0.000509057, 0, 0.00026457, 0, 3.94057e-05, 0, ]
USE_ENERGY_DISTANCE =     false
PERIODIC =                false
UNIFORM_SITES =           true
DEVICE_DIMENSION =        2
MAX_PARAM =               1
MIN_PARAM =               0
MIN_PARAM =               0
DIAG =                    true
NUM_SEEDS =               2
NUMBER_OF_BANGS =               7
DISTANCE_LIMIT =          0.02
TAU_SCALAR =              1.2
TAU_SCALAR_TINY =         1.1
TAU_SCALAR_BIG =          1.4
ACCEPTANCE_PROB =         0.85
TEMP_EXP_DECAY =          0.8
MIN_TEMP_FRACTION =       0.01
TEMP_DECAY_ITERATIONS =   21
ZERO_TEMP_ITREATIONS =    15
RANDOM_STATES =           3
END_PARAMETERS
##############################################################################
clock_duration  =         5795.52
tau =                     1
total_steps =             32
time_step =               0.03125
best_mc_result =          0.0371156
best_mc_result_non_secondary =          0.0381506
evolved_target_dot_squared =  0.962884
distance =          1
j_protocol =  [[1, 1, 1, 1, 1, 1, 1, 1, 1, 1, 1, 1, 1, 1, 1, 1, 1, 1, 1, 1, 1, 1, 1, 1, 1, 1, 1, 1, 0, 1, 1, 1, ],[1, 1, 1, 1, 1, 1, 1, 1, 1, 1, 1, 1, 1, 1, 1, 1, 1, 1, 1, 1, 1, 1, 1, 1, 1, 1, 1, 1, 0, 1, 1, 1, ],]
k_protocol =  [[1, 1, 1, 1, 1, 1, 0, 1, 1, 1, 1, 1, 1, 1, 1, 1, 1, 1, 0, 1, 1, 1, 1, 1, 1, 1, 1, 1, 1, 1, 1, 0, ],[1, 1, 1, 1, 1, 0, 1, 1, 1, 1, 1, 1, 1, 1, 1, 1, 0, 1, 1, 1, 1, 1, 1, 1, 1, 1, 1, 1, 1, 1, 1, 0, ],]
j_protocol_secondary =  [0.0143415, 0.341585, 0.341585, 0.35405, 0.35405, 0.64831, 0.64831, 0.788373, 0.798911, 0.858955, 0.873288, 0.989191, 0.989191, 1, ]
k_protocol_secondary =  [0, 0.14217, 0.177732, 0.187454, 0.194854, 0.373835, 0.373835, 0.570742, 0.602448, 0.832567, 0.832567, 0.859016, 0.859016, 0.975001, ]
best_evolved_state = [0.00113922, 0.00125094, -4.49084e-05, -0.00187877, -0.0016892, -0.000998024, -0.00164272, 0.000290005, -0.00181164, -0.00431623, -0.0016892, -0.000998024, -0.00262304, -0.000268013, -0.00164272, 0.000290005, -4.49084e-05, -0.00187877, 0.00113922, 0.00125094, 0.00320696, -0.00134777, 0.00369217, -0.00732815, -0.00370521, -0.00340553, -0.000950041, -0.00169471, 0.00113922, 0.00125094, 0.00369217, -0.00732815, 0.0109708, -0.022651, -0.000985526, -0.0122471, -0.00276012, -0.00168463, -0.000950041, -0.00169471, -0.00276012, -0.00168463, -0.00370521, -0.00340553, -0.000985526, -0.0122471, -0.00342172, -0.00671194, -0.000985526, -0.0122471, -0.00370521, -0.00340553, -0.00593031, -0.0118876, 0.0299447, -0.0332525, -0.000950041, -0.00169471, -0.00276012, -0.00168463, -0.000985526, -0.0122471, 0.0109708, -0.022651, 0.00369217, -0.00732815, 0.00868407, -0.0246841, 0.0655296, -0.110025, 0.0299447, -0.0332525, 0.00113922, 0.00125094, -0.000950041, -0.00169471, -0.00370521, -0.00340553, 0.00369217, -0.00732815, 0.00320696, -0.00134777, 0.00445697, -0.00775731, 0.00868407, -0.0246841, -0.00593031, -0.0118876, -0.00276012, -0.00168463, -4.49084e-05, -0.00187877, -0.00370521, -0.00340553, 0.0013021, -0.00603462, 0.00110045, -0.00793113, -9.83341e-05, -0.004628, 0.00835288, -0.00482125, 0.0277501, -0.0269345, 0.010071, -0.0257071, -0.000985526, -0.0122471, -0.0016892, -0.000998024, -0.00370521, -0.00340553, -0.00593031, -0.0118876, 0.010071, -0.0257071, 0.0184768, -0.0280641, 0.00110045, -0.00793113, 0.0277501, -0.0269345, 0.156048, -0.13913, 0.124013, -0.10919, 0.0299447, -0.0332525, -0.000985526, -0.0122471, -0.00342172, -0.00671194, 0.0013021, -0.00603462, 0.010071, -0.0257071, 0.00113393, -0.0281867, 0.010071, -0.0257071, 0.0013021, -0.00603462, 0.010071, -0.0257071, 0.124013, -0.10919, 0.0821566, -0.0525128, 0.124013, -0.10919, 0.010071, -0.0257071, 0.00113393, -0.0281867, 0.0821566, -0.0525128, 0.00110045, -0.00793113, 0.0184768, -0.0280641, 0.010071, -0.0257071, -0.00593031, -0.0118876, -0.00370521, -0.00340553, -0.000985526, -0.0122471, 0.0299447, -0.0332525, 0.124013, -0.10919, 0.156048, -0.13913, 0.0277501, -0.0269345, 0.0393501, -0.0359792, 0.203975, -0.15035, 0.0821566, -0.0525128, -9.83341e-05, -0.004628, 0.00110045, -0.00793113, 0.0013021, -0.00603462, -0.00370521, -0.00340553, -4.49084e-05, -0.00187877, -0.0016892, -0.000998024, -0.000985526, -0.0122471, 0.010071, -0.0257071, 0.0277501, -0.0269345, 0.00835288, -0.00482125, 0.0162268, -0.00794419, 0.0393501, -0.0359792, 0.00113393, -0.0281867, -0.00342172, -0.00671194, 0.00890839, 0.000965817, 0.014803, -0.00778254, 0.00110045, -0.00793113, 0.00369217, -0.00732815, -0.00164272, 0.000290005, -0.00181164, -0.00431623, 0.0109708, -0.022651, 0.0184768, -0.0280641, 0.0363172, -0.0271158, 0.0156147, -0.00306166, 0.00835288, -0.00482125, 0.0277501, -0.0269345, 0.010071, -0.0257071, -0.000985526, -0.0122471, -0.0016892, -0.000998024, 0.014803, -0.00778254, 0.0363172, -0.0271158, 0.0277501, -0.0269345, 0.00868407, -0.0246841, 0.00369217, -0.00732815, 0.0109708, -0.022651, 0.0655296, -0.110025, 0.156048, -0.13913, 0.148385, -0.141392, 0.0363172, -0.0271158, 0.0277501, -0.0269345, 0.156048, -0.13913, 0.124013, -0.10919, 0.0299447, -0.0332525, -0.000985526, -0.0122471, -0.00276012, -0.00168463, 0.00110045, -0.00793113, 0.0277501, -0.0269345, 0.0393501, -0.0359792, 0.0277501, -0.0269345, 0.00110045, -0.00793113, 0.0184768, -0.0280641, 0.156048, -0.13913, 0.203975, -0.15035, 0.156048, -0.13913, 0.0184768, -0.0280641, 0.010071, -0.0257071, 0.124013, -0.10919, 0.0821566, -0.0525128, 0.124013, -0.10919, 0.010071, -0.0257071, -0.00593031, -0.0118876, 0.0299447, -0.0332525, 0.00369217, -0.00732815, 0.00868407, -0.0246841, 0.0277501, -0.0269345, 0.0363172, -0.0271158, 0.014803, -0.00778254, 0.0363172, -0.0271158, 0.148385, -0.141392, 0.156048, -0.13913, 0.0655296, -0.110025, 0.0109708, -0.022651, -0.000985526, -0.0122471, 0.0299447, -0.0332525, 0.124013, -0.10919, 0.156048, -0.13913, 0.0277501, -0.0269345, 0.00868407, -0.0246841, 0.0655296, -0.110025, 0.0299447, -0.0332525, -0.00164272, 0.000290005, 0.00369217, -0.00732815, 0.00110045, -0.00793113, 0.014803, -0.00778254, 0.00890839, 0.000965817, 0.0156147, -0.00306166, 0.0363172, -0.0271158, 0.0184768, -0.0280641, 0.0109708, -0.022651, -0.00181164, -0.00431623, -0.0016892, -0.000998024, -0.000985526, -0.0122471, 0.010071, -0.0257071, 0.0277501, -0.0269345, 0.00835288, -0.00482125, 0.00445697, -0.00775731, 0.00868407, -0.0246841, -0.00593031, -0.0118876, -0.00276012, -0.00168463, -0.00262304, -0.000268013, 0.00320696, -0.00134777, -9.83341e-05, -0.004628, 0.00890839, 0.000965817, 0.00378694, 0.00414813, 0.00890839, 0.000965817, 0.014803, -0.00778254, 0.00110045, -0.00793113, 0.00369217, -0.00732815, -0.00164272, 0.000290005, -4.49084e-05, -0.00187877, -0.00370521, -0.00340553, 0.0013021, -0.00603462, 0.00110045, -0.00793113, -9.83341e-05, -0.004628, 0.00320696, -0.00134777, 0.00369217, -0.00732815, -0.00370521, -0.00340553, -0.000950041, -0.00169471, 0.00113922, 0.00125094, 0.00320696, -0.00134777, 0.00445697, -0.00775731, 0.00835288, -0.00482125, 0.0156147, -0.00306166, 0.00890839, 0.000965817, 0.014803, -0.00778254, 0.0363172, -0.0271158, 0.0277501, -0.0269345, 0.00868407, -0.0246841, 0.00369217, -0.00732815, -0.00370521, -0.00340553, -0.00593031, -0.0118876, 0.010071, -0.0257071, 0.0184768, -0.0280641, 0.00110045, -0.00793113, 0.00369217, -0.00732815, 0.0109708, -0.022651, -0.000985526, -0.0122471, -0.00276012, -0.00168463, -0.000950041, -0.00169471, 0.00113922, 0.00125094, -9.83341e-05, -0.004628, 0.00835288, -0.00482125, 0.0162268, -0.00794419, 0.00835288, -0.00482125, -9.83341e-05, -0.004628, 0.00110045, -0.00793113, 0.0277501, -0.0269345, 0.0393501, -0.0359792, 0.0277501, -0.0269345, 0.00110045, -0.00793113, 0.0013021, -0.00603462, 0.010071, -0.0257071, 0.00113393, -0.0281867, 0.010071, -0.0257071, 0.0013021, -0.00603462, -0.00370521, -0.00340553, -0.000985526, -0.0122471, -0.00342172, -0.00671194, -0.000985526, -0.0122471, -0.00370521, -0.00340553, -4.49084e-05, -0.00187877, -0.0016892, -0.000998024, 0.00890839, 0.000965817, 0.0156147, -0.00306166, 0.00835288, -0.00482125, 0.00445697, -0.00775731, 0.00320696, -0.00134777, 0.00369217, -0.00732815, 0.00868407, -0.0246841, 0.0277501, -0.0269345, 0.0363172, -0.0271158, 0.014803, -0.00778254, 0.00110045, -0.00793113, 0.0184768, -0.0280641, 0.010071, -0.0257071, -0.00593031, -0.0118876, -0.00370521, -0.00340553, -0.000950041, -0.00169471, -0.00276012, -0.00168463, -0.000985526, -0.0122471, 0.0109708, -0.022651, 0.00369217, -0.00732815, -0.00164272, 0.000290005, -0.00181164, -0.00431623, -0.0016892, -0.000998024, 0.00378694, 0.00414813, 0.00890839, 0.000965817, -9.83341e-05, -0.004628, 0.00320696, -0.00134777, -0.00262304, -0.000268013, -0.00164272, 0.000290005, 0.00369217, -0.00732815, 0.00110045, -0.00793113, 0.014803, -0.00778254, 0.00890839, 0.000965817, -9.83341e-05, -0.004628, 0.00110045, -0.00793113, 0.0013021, -0.00603462, -0.00370521, -0.00340553, -4.49084e-05, -0.00187877, 0.00113922, 0.00125094, -0.000950041, -0.00169471, -0.00370521, -0.00340553, 0.00369217, -0.00732815, 0.00320696, -0.00134777, -0.00262304, -0.000268013, -0.00164272, 0.000290005, -4.49084e-05, -0.00187877, 0.00113922, 0.00125094, ]
best_mc_result_fixed_tau =   [0.0381506, 0.0385746, ]
evolved_state_fixed_tau =   [[0.00116199, 0.00212288, 0.000493176, -0.00242163, -0.00306449, -0.000878277, -0.00204535, 0.00117267, -0.00167231, -0.00387957, -0.00306449, -0.000878277, -0.00328735, -0.000239696, -0.00204535, 0.00117267, 0.000493176, -0.00242163, 0.00116199, 0.00212288, 0.00331605, -0.00136184, 0.00353122, -0.0079418, -0.00476084, -0.00305977, -0.000618614, -0.0016685, 0.00116199, 0.00212288, 0.00353122, -0.0079418, 0.00868824, -0.0241124, -0.00151062, -0.0113837, -0.00358002, -0.00175009, -0.000618614, -0.0016685, -0.00358002, -0.00175009, -0.00476084, -0.00305977, -0.00151062, -0.0113837, -0.00495455, -0.00757333, -0.00151062, -0.0113837, -0.00476084, -0.00305977, -0.00646612, -0.0102007, 0.0256266, -0.037096, -0.000618614, -0.0016685, -0.00358002, -0.00175009, -0.00151062, -0.0113837, 0.00868824, -0.0241124, 0.00353122, -0.0079418, 0.00605714, -0.0254922, 0.0539682, -0.115035, 0.0256266, -0.037096, 0.00116199, 0.00212288, -0.000618614, -0.0016685, -0.00476084, -0.00305977, 0.00353122, -0.0079418, 0.00331605, -0.00136184, 0.00391416, -0.0084194, 0.00605714, -0.0254922, -0.00646612, -0.0102007, -0.00358002, -0.00175009, 0.000493176, -0.00242163, -0.00476084, -0.00305977, 0.00155824, -0.00558143, -0.000556518, -0.00792276, -0.000775724, -0.00532755, 0.00748107, -0.00543047, 0.0255316, -0.0286786, 0.00779604, -0.0267714, -0.00151062, -0.0113837, -0.00306449, -0.000878277, -0.00476084, -0.00305977, -0.00646612, -0.0102007, 0.00779604, -0.0267714, 0.0159076, -0.028838, -0.000556518, -0.00792276, 0.0255316, -0.0286786, 0.141866, -0.153572, 0.113325, -0.120491, 0.0256266, -0.037096, -0.00151062, -0.0113837, -0.00495455, -0.00757333, 0.00155824, -0.00558143, 0.00779604, -0.0267714, -0.00155653, -0.0261046, 0.00779604, -0.0267714, 0.00155824, -0.00558143, 0.00779604, -0.0267714, 0.113325, -0.120491, 0.0760585, -0.0631403, 0.113325, -0.120491, 0.00779604, -0.0267714, -0.00155653, -0.0261046, 0.0760585, -0.0631403, -0.000556518, -0.00792276, 0.0159076, -0.028838, 0.00779604, -0.0267714, -0.00646612, -0.0102007, -0.00476084, -0.00305977, -0.00151062, -0.0113837, 0.0256266, -0.037096, 0.113325, -0.120491, 0.141866, -0.153572, 0.0255316, -0.0286786, 0.0358975, -0.0404957, 0.188099, -0.169658, 0.0760585, -0.0631403, -0.000775724, -0.00532755, -0.000556518, -0.00792276, 0.00155824, -0.00558143, -0.00476084, -0.00305977, 0.000493176, -0.00242163, -0.00306449, -0.000878277, -0.00151062, -0.0113837, 0.00779604, -0.0267714, 0.0255316, -0.0286786, 0.00748107, -0.00543047, 0.0163938, -0.00975202, 0.0358975, -0.0404957, -0.00155653, -0.0261046, -0.00495455, -0.00757333, 0.00965054, 0.000375405, 0.0147349, -0.00988332, -0.000556518, -0.00792276, 0.00353122, -0.0079418, -0.00204535, 0.00117267, -0.00167231, -0.00387957, 0.00868824, -0.0241124, 0.0159076, -0.028838, 0.0334968, -0.0311692, 0.015899, -0.0049957, 0.00748107, -0.00543047, 0.0255316, -0.0286786, 0.00779604, -0.0267714, -0.00151062, -0.0113837, -0.00306449, -0.000878277, 0.0147349, -0.00988332, 0.0334968, -0.0311692, 0.0255316, -0.0286786, 0.00605714, -0.0254922, 0.00353122, -0.0079418, 0.00868824, -0.0241124, 0.0539682, -0.115035, 0.141866, -0.153572, 0.132674, -0.154408, 0.0334968, -0.0311692, 0.0255316, -0.0286786, 0.141866, -0.153572, 0.113325, -0.120491, 0.0256266, -0.037096, -0.00151062, -0.0113837, -0.00358002, -0.00175009, -0.000556518, -0.00792276, 0.0255316, -0.0286786, 0.0358975, -0.0404957, 0.0255316, -0.0286786, -0.000556518, -0.00792276, 0.0159076, -0.028838, 0.141866, -0.153572, 0.188099, -0.169658, 0.141866, -0.153572, 0.0159076, -0.028838, 0.00779604, -0.0267714, 0.113325, -0.120491, 0.0760585, -0.0631403, 0.113325, -0.120491, 0.00779604, -0.0267714, -0.00646612, -0.0102007, 0.0256266, -0.037096, 0.00353122, -0.0079418, 0.00605714, -0.0254922, 0.0255316, -0.0286786, 0.0334968, -0.0311692, 0.0147349, -0.00988332, 0.0334968, -0.0311692, 0.132674, -0.154408, 0.141866, -0.153572, 0.0539682, -0.115035, 0.00868824, -0.0241124, -0.00151062, -0.0113837, 0.0256266, -0.037096, 0.113325, -0.120491, 0.141866, -0.153572, 0.0255316, -0.0286786, 0.00605714, -0.0254922, 0.0539682, -0.115035, 0.0256266, -0.037096, -0.00204535, 0.00117267, 0.00353122, -0.0079418, -0.000556518, -0.00792276, 0.0147349, -0.00988332, 0.00965054, 0.000375405, 0.015899, -0.0049957, 0.0334968, -0.0311692, 0.0159076, -0.028838, 0.00868824, -0.0241124, -0.00167231, -0.00387957, -0.00306449, -0.000878277, -0.00151062, -0.0113837, 0.00779604, -0.0267714, 0.0255316, -0.0286786, 0.00748107, -0.00543047, 0.00391416, -0.0084194, 0.00605714, -0.0254922, -0.00646612, -0.0102007, -0.00358002, -0.00175009, -0.00328735, -0.000239696, 0.00331605, -0.00136184, -0.000775724, -0.00532755, 0.00965054, 0.000375405, 0.00416175, 0.00426656, 0.00965054, 0.000375405, 0.0147349, -0.00988332, -0.000556518, -0.00792276, 0.00353122, -0.0079418, -0.00204535, 0.00117267, 0.000493176, -0.00242163, -0.00476084, -0.00305977, 0.00155824, -0.00558143, -0.000556518, -0.00792276, -0.000775724, -0.00532755, 0.00331605, -0.00136184, 0.00353122, -0.0079418, -0.00476084, -0.00305977, -0.000618614, -0.0016685, 0.00116199, 0.00212288, 0.00331605, -0.00136184, 0.00391416, -0.0084194, 0.00748107, -0.00543047, 0.015899, -0.0049957, 0.00965054, 0.000375405, 0.0147349, -0.00988332, 0.0334968, -0.0311692, 0.0255316, -0.0286786, 0.00605714, -0.0254922, 0.00353122, -0.0079418, -0.00476084, -0.00305977, -0.00646612, -0.0102007, 0.00779604, -0.0267714, 0.0159076, -0.028838, -0.000556518, -0.00792276, 0.00353122, -0.0079418, 0.00868824, -0.0241124, -0.00151062, -0.0113837, -0.00358002, -0.00175009, -0.000618614, -0.0016685, 0.00116199, 0.00212288, -0.000775724, -0.00532755, 0.00748107, -0.00543047, 0.0163938, -0.00975202, 0.00748107, -0.00543047, -0.000775724, -0.00532755, -0.000556518, -0.00792276, 0.0255316, -0.0286786, 0.0358975, -0.0404957, 0.0255316, -0.0286786, -0.000556518, -0.00792276, 0.00155824, -0.00558143, 0.00779604, -0.0267714, -0.00155653, -0.0261046, 0.00779604, -0.0267714, 0.00155824, -0.00558143, -0.00476084, -0.00305977, -0.00151062, -0.0113837, -0.00495455, -0.00757333, -0.00151062, -0.0113837, -0.00476084, -0.00305977, 0.000493176, -0.00242163, -0.00306449, -0.000878277, 0.00965054, 0.000375405, 0.015899, -0.0049957, 0.00748107, -0.00543047, 0.00391416, -0.0084194, 0.00331605, -0.00136184, 0.00353122, -0.0079418, 0.00605714, -0.0254922, 0.0255316, -0.0286786, 0.0334968, -0.0311692, 0.0147349, -0.00988332, -0.000556518, -0.00792276, 0.0159076, -0.028838, 0.00779604, -0.0267714, -0.00646612, -0.0102007, -0.00476084, -0.00305977, -0.000618614, -0.0016685, -0.00358002, -0.00175009, -0.00151062, -0.0113837, 0.00868824, -0.0241124, 0.00353122, -0.0079418, -0.00204535, 0.00117267, -0.00167231, -0.00387957, -0.00306449, -0.000878277, 0.00416175, 0.00426656, 0.00965054, 0.000375405, -0.000775724, -0.00532755, 0.00331605, -0.00136184, -0.00328735, -0.000239696, -0.00204535, 0.00117267, 0.00353122, -0.0079418, -0.000556518, -0.00792276, 0.0147349, -0.00988332, 0.00965054, 0.000375405, -0.000775724, -0.00532755, -0.000556518, -0.00792276, 0.00155824, -0.00558143, -0.00476084, -0.00305977, 0.000493176, -0.00242163, 0.00116199, 0.00212288, -0.000618614, -0.0016685, -0.00476084, -0.00305977, 0.00353122, -0.0079418, 0.00331605, -0.00136184, -0.00328735, -0.000239696, -0.00204535, 0.00117267, 0.000493176, -0.00242163, 0.00116199, 0.00212288, ],[0.000489583, 0.00178215, 0.000784474, -0.00181467, -0.00259103, -0.00207539, -0.00240079, 0.00091529, -0.00177902, -0.00329605, -0.00259103, -0.00207539, -0.00305087, -0.000414816, -0.00240079, 0.00091529, 0.000784474, -0.00181467, 0.000489583, 0.00178215, 0.00300882, -0.00131171, 0.00351064, -0.00753695, -0.00465359, -0.00370154, -0.000620371, -0.00102855, 0.000489583, 0.00178215, 0.00351064, -0.00753695, 0.00883359, -0.0245301, -0.0026683, -0.0112107, -0.00289559, -0.00269885, -0.000620371, -0.00102855, -0.00289559, -0.00269885, -0.00465359, -0.00370154, -0.0026683, -0.0112107, -0.00332844, -0.00875588, -0.0026683, -0.0112107, -0.00465359, -0.00370154, -0.00753105, -0.0104225, 0.027503, -0.0355228, -0.000620371, -0.00102855, -0.00289559, -0.00269885, -0.0026683, -0.0112107, 0.00883359, -0.0245301, 0.00351064, -0.00753695, 0.0060608, -0.0260265, 0.0542644, -0.115371, 0.027503, -0.0355228, 0.000489583, 0.00178215, -0.000620371, -0.00102855, -0.00465359, -0.00370154, 0.00351064, -0.00753695, 0.00300882, -0.00131171, 0.00390286, -0.00823817, 0.0060608, -0.0260265, -0.00753105, -0.0104225, -0.00289559, -0.00269885, 0.000784474, -0.00181467, -0.00465359, -0.00370154, 0.00131947, -0.00499019, -0.000834608, -0.00832039, -0.000576357, -0.00530395, 0.00710996, -0.00573191, 0.024647, -0.028478, 0.00840281, -0.0275967, -0.0026683, -0.0112107, -0.00259103, -0.00207539, -0.00465359, -0.00370154, -0.00753105, -0.0104225, 0.00840281, -0.0275967, 0.0150735, -0.0285968, -0.000834608, -0.00832039, 0.024647, -0.028478, 0.144313, -0.152588, 0.111998, -0.120892, 0.027503, -0.0355228, -0.0026683, -0.0112107, -0.00332844, -0.00875588, 0.00131947, -0.00499019, 0.00840281, -0.0275967, -0.00311574, -0.0268521, 0.00840281, -0.0275967, 0.00131947, -0.00499019, 0.00840281, -0.0275967, 0.111998, -0.120892, 0.0782987, -0.0590454, 0.111998, -0.120892, 0.00840281, -0.0275967, -0.00311574, -0.0268521, 0.0782987, -0.0590454, -0.000834608, -0.00832039, 0.0150735, -0.0285968, 0.00840281, -0.0275967, -0.00753105, -0.0104225, -0.00465359, -0.00370154, -0.0026683, -0.0112107, 0.027503, -0.0355228, 0.111998, -0.120892, 0.144313, -0.152588, 0.024647, -0.028478, 0.0358309, -0.0410061, 0.187557, -0.168381, 0.0782987, -0.0590454, -0.000576357, -0.00530395, -0.000834608, -0.00832039, 0.00131947, -0.00499019, -0.00465359, -0.00370154, 0.000784474, -0.00181467, -0.00259103, -0.00207539, -0.0026683, -0.0112107, 0.00840281, -0.0275967, 0.024647, -0.028478, 0.00710996, -0.00573191, 0.0160106, -0.00940597, 0.0358309, -0.0410061, -0.00311574, -0.0268521, -0.00332844, -0.00875588, 0.00930123, 0.000419221, 0.0145755, -0.00969066, -0.000834608, -0.00832039, 0.00351064, -0.00753695, -0.00240079, 0.00091529, -0.00177902, -0.00329605, 0.00883359, -0.0245301, 0.0150735, -0.0285968, 0.0329265, -0.0313913, 0.0156607, -0.00489916, 0.00710996, -0.00573191, 0.024647, -0.028478, 0.00840281, -0.0275967, -0.0026683, -0.0112107, -0.00259103, -0.00207539, 0.0145755, -0.00969066, 0.0329265, -0.0313913, 0.024647, -0.028478, 0.0060608, -0.0260265, 0.00351064, -0.00753695, 0.00883359, -0.0245301, 0.0542644, -0.115371, 0.144313, -0.152588, 0.133665, -0.15337, 0.0329265, -0.0313913, 0.024647, -0.028478, 0.144313, -0.152588, 0.111998, -0.120892, 0.027503, -0.0355228, -0.0026683, -0.0112107, -0.00289559, -0.00269885, -0.000834608, -0.00832039, 0.024647, -0.028478, 0.0358309, -0.0410061, 0.024647, -0.028478, -0.000834608, -0.00832039, 0.0150735, -0.0285968, 0.144313, -0.152588, 0.187557, -0.168381, 0.144313, -0.152588, 0.0150735, -0.0285968, 0.00840281, -0.0275967, 0.111998, -0.120892, 0.0782987, -0.0590454, 0.111998, -0.120892, 0.00840281, -0.0275967, -0.00753105, -0.0104225, 0.027503, -0.0355228, 0.00351064, -0.00753695, 0.0060608, -0.0260265, 0.024647, -0.028478, 0.0329265, -0.0313913, 0.0145755, -0.00969066, 0.0329265, -0.0313913, 0.133665, -0.15337, 0.144313, -0.152588, 0.0542644, -0.115371, 0.00883359, -0.0245301, -0.0026683, -0.0112107, 0.027503, -0.0355228, 0.111998, -0.120892, 0.144313, -0.152588, 0.024647, -0.028478, 0.0060608, -0.0260265, 0.0542644, -0.115371, 0.027503, -0.0355228, -0.00240079, 0.00091529, 0.00351064, -0.00753695, -0.000834608, -0.00832039, 0.0145755, -0.00969066, 0.00930123, 0.000419221, 0.0156607, -0.00489916, 0.0329265, -0.0313913, 0.0150735, -0.0285968, 0.00883359, -0.0245301, -0.00177902, -0.00329605, -0.00259103, -0.00207539, -0.0026683, -0.0112107, 0.00840281, -0.0275967, 0.024647, -0.028478, 0.00710996, -0.00573191, 0.00390286, -0.00823817, 0.0060608, -0.0260265, -0.00753105, -0.0104225, -0.00289559, -0.00269885, -0.00305087, -0.000414816, 0.00300882, -0.00131171, -0.000576357, -0.00530395, 0.00930123, 0.000419221, 0.00400308, 0.00402708, 0.00930123, 0.000419221, 0.0145755, -0.00969066, -0.000834608, -0.00832039, 0.00351064, -0.00753695, -0.00240079, 0.00091529, 0.000784474, -0.00181467, -0.00465359, -0.00370154, 0.00131947, -0.00499019, -0.000834608, -0.00832039, -0.000576357, -0.00530395, 0.00300882, -0.00131171, 0.00351064, -0.00753695, -0.00465359, -0.00370154, -0.000620371, -0.00102855, 0.000489583, 0.00178215, 0.00300882, -0.00131171, 0.00390286, -0.00823817, 0.00710996, -0.00573191, 0.0156607, -0.00489916, 0.00930123, 0.000419221, 0.0145755, -0.00969066, 0.0329265, -0.0313913, 0.024647, -0.028478, 0.0060608, -0.0260265, 0.00351064, -0.00753695, -0.00465359, -0.00370154, -0.00753105, -0.0104225, 0.00840281, -0.0275967, 0.0150735, -0.0285968, -0.000834608, -0.00832039, 0.00351064, -0.00753695, 0.00883359, -0.0245301, -0.0026683, -0.0112107, -0.00289559, -0.00269885, -0.000620371, -0.00102855, 0.000489583, 0.00178215, -0.000576357, -0.00530395, 0.00710996, -0.00573191, 0.0160106, -0.00940597, 0.00710996, -0.00573191, -0.000576357, -0.00530395, -0.000834608, -0.00832039, 0.024647, -0.028478, 0.0358309, -0.0410061, 0.024647, -0.028478, -0.000834608, -0.00832039, 0.00131947, -0.00499019, 0.00840281, -0.0275967, -0.00311574, -0.0268521, 0.00840281, -0.0275967, 0.00131947, -0.00499019, -0.00465359, -0.00370154, -0.0026683, -0.0112107, -0.00332844, -0.00875588, -0.0026683, -0.0112107, -0.00465359, -0.00370154, 0.000784474, -0.00181467, -0.00259103, -0.00207539, 0.00930123, 0.000419221, 0.0156607, -0.00489916, 0.00710996, -0.00573191, 0.00390286, -0.00823817, 0.00300882, -0.00131171, 0.00351064, -0.00753695, 0.0060608, -0.0260265, 0.024647, -0.028478, 0.0329265, -0.0313913, 0.0145755, -0.00969066, -0.000834608, -0.00832039, 0.0150735, -0.0285968, 0.00840281, -0.0275967, -0.00753105, -0.0104225, -0.00465359, -0.00370154, -0.000620371, -0.00102855, -0.00289559, -0.00269885, -0.0026683, -0.0112107, 0.00883359, -0.0245301, 0.00351064, -0.00753695, -0.00240079, 0.00091529, -0.00177902, -0.00329605, -0.00259103, -0.00207539, 0.00400308, 0.00402708, 0.00930123, 0.000419221, -0.000576357, -0.00530395, 0.00300882, -0.00131171, -0.00305087, -0.000414816, -0.00240079, 0.00091529, 0.00351064, -0.00753695, -0.000834608, -0.00832039, 0.0145755, -0.00969066, 0.00930123, 0.000419221, -0.000576357, -0.00530395, -0.000834608, -0.00832039, 0.00131947, -0.00499019, -0.00465359, -0.00370154, 0.000784474, -0.00181467, 0.000489583, 0.00178215, -0.000620371, -0.00102855, -0.00465359, -0.00370154, 0.00351064, -0.00753695, 0.00300882, -0.00131171, -0.00305087, -0.000414816, -0.00240079, 0.00091529, 0.000784474, -0.00181467, 0.000489583, 0.00178215, ],]
