START_PARAMETERS
MAX_STEPS_MCDB =               32
MIN_STEPS_MCDB =               4
STEPS_CRUNCH_MCDB =            1
SWEEPS_MCDB =                  100
TOTAL_STEP_CHANGES =                  6
MCBB_SECONDARY =                  1
SWEEPS_MCBB_SECONDARY =                  250
NUMBER_OF_BANGS =                  7
GROUND_E =                10.2613
INITIAL_E =               10.5257
j_initial =               0.058
k_initial =               0.5
b_initial =               0
j_target =                0.349
k_target =                0.5
b_target =                0
init_target_dot_squared = 0.842618
init_state = [2.5477e-07, 0, 4.69317e-06, 0, 3.98615e-05, 0, 2.16192e-05, 0, 0.000375462, 0, 3.98615e-05, 0, 1.23797e-06, 0, 2.16192e-05, 0, 4.69317e-06, 0, 2.5477e-07, 0, 2.35521e-05, 0, 0.000411772, 0, 9.99186e-05, 0, 9.14575e-06, 0, 2.5477e-07, 0, 0.000411772, 0, 0.0071649, 0, 0.00126439, 0, 7.58517e-05, 0, 9.14575e-06, 0, 7.58517e-05, 0, 9.99186e-05, 0, 0.00126439, 0, 0.000150063, 0, 0.00126439, 0, 9.99186e-05, 0, 0.0016805, 0, 0.0110335, 0, 9.14575e-06, 0, 7.58517e-05, 0, 0.00126439, 0, 0.0071649, 0, 0.000411772, 0, 0.00779139, 0, 0.135153, 0, 0.0110335, 0, 2.5477e-07, 0, 9.14575e-06, 0, 9.99186e-05, 0, 0.000411772, 0, 2.35521e-05, 0, 0.000446013, 0, 0.00779139, 0, 0.0016805, 0, 7.58517e-05, 0, 4.69317e-06, 0, 9.99186e-05, 0, 0.000475698, 0, 0.000749089, 0, 4.18732e-05, 0, 0.000769323, 0, 0.0137395, 0, 0.00830659, 0, 0.00126439, 0, 3.98615e-05, 0, 9.99186e-05, 0, 0.0016805, 0, 0.00830659, 0, 0.0133872, 0, 0.000749089, 0, 0.0137395, 0, 0.245029, 0, 0.142678, 0, 0.0110335, 0, 0.00126439, 0, 0.000150063, 0, 0.000475698, 0, 0.00830659, 0, 0.00330617, 0, 0.00830659, 0, 0.000475698, 0, 0.00830659, 0, 0.142678, 0, 0.0217387, 0, 0.142678, 0, 0.00830659, 0, 0.00330617, 0, 0.0217387, 0, 0.000749089, 0, 0.0133872, 0, 0.00830659, 0, 0.0016805, 0, 9.99186e-05, 0, 0.00126439, 0, 0.0110335, 0, 0.142678, 0, 0.245029, 0, 0.0137395, 0, 0.0151473, 0, 0.262779, 0, 0.0217387, 0, 4.18732e-05, 0, 0.000749089, 0, 0.000475698, 0, 9.99186e-05, 0, 4.69317e-06, 0, 3.98615e-05, 0, 0.00126439, 0, 0.00830659, 0, 0.0137395, 0, 0.000769323, 0, 0.000866955, 0, 0.0151473, 0, 0.00330617, 0, 0.000150063, 0, 4.27356e-05, 0, 0.000778864, 0, 0.000749089, 0, 0.000411772, 0, 2.16192e-05, 0, 0.000375462, 0, 0.0071649, 0, 0.0133872, 0, 0.0141987, 0, 0.000779915, 0, 0.000769323, 0, 0.0137395, 0, 0.00830659, 0, 0.00126439, 0, 3.98615e-05, 0, 0.000778864, 0, 0.0141987, 0, 0.0137395, 0, 0.00779139, 0, 0.000411772, 0, 0.0071649, 0, 0.135153, 0, 0.245029, 0, 0.258546, 0, 0.0141987, 0, 0.0137395, 0, 0.245029, 0, 0.142678, 0, 0.0110335, 0, 0.00126439, 0, 7.58517e-05, 0, 0.000749089, 0, 0.0137395, 0, 0.0151473, 0, 0.0137395, 0, 0.000749089, 0, 0.0133872, 0, 0.245029, 0, 0.262779, 0, 0.245029, 0, 0.0133872, 0, 0.00830659, 0, 0.142678, 0, 0.0217387, 0, 0.142678, 0, 0.00830659, 0, 0.0016805, 0, 0.0110335, 0, 0.000411772, 0, 0.00779139, 0, 0.0137395, 0, 0.0141987, 0, 0.000778864, 0, 0.0141987, 0, 0.258546, 0, 0.245029, 0, 0.135153, 0, 0.0071649, 0, 0.00126439, 0, 0.0110335, 0, 0.142678, 0, 0.245029, 0, 0.0137395, 0, 0.00779139, 0, 0.135153, 0, 0.0110335, 0, 2.16192e-05, 0, 0.000411772, 0, 0.000749089, 0, 0.000778864, 0, 4.27356e-05, 0, 0.000779915, 0, 0.0141987, 0, 0.0133872, 0, 0.0071649, 0, 0.000375462, 0, 3.98615e-05, 0, 0.00126439, 0, 0.00830659, 0, 0.0137395, 0, 0.000769323, 0, 0.000446013, 0, 0.00779139, 0, 0.0016805, 0, 7.58517e-05, 0, 1.23797e-06, 0, 2.35521e-05, 0, 4.18732e-05, 0, 4.27356e-05, 0, 2.34245e-06, 0, 4.27356e-05, 0, 0.000778864, 0, 0.000749089, 0, 0.000411772, 0, 2.16192e-05, 0, 4.69317e-06, 0, 9.99186e-05, 0, 0.000475698, 0, 0.000749089, 0, 4.18732e-05, 0, 2.35521e-05, 0, 0.000411772, 0, 9.99186e-05, 0, 9.14575e-06, 0, 2.5477e-07, 0, 2.35521e-05, 0, 0.000446013, 0, 0.000769323, 0, 0.000779915, 0, 4.27356e-05, 0, 0.000778864, 0, 0.0141987, 0, 0.0137395, 0, 0.00779139, 0, 0.000411772, 0, 9.99186e-05, 0, 0.0016805, 0, 0.00830659, 0, 0.0133872, 0, 0.000749089, 0, 0.000411772, 0, 0.0071649, 0, 0.00126439, 0, 7.58517e-05, 0, 9.14575e-06, 0, 2.5477e-07, 0, 4.18732e-05, 0, 0.000769323, 0, 0.000866955, 0, 0.000769323, 0, 4.18732e-05, 0, 0.000749089, 0, 0.0137395, 0, 0.0151473, 0, 0.0137395, 0, 0.000749089, 0, 0.000475698, 0, 0.00830659, 0, 0.00330617, 0, 0.00830659, 0, 0.000475698, 0, 9.99186e-05, 0, 0.00126439, 0, 0.000150063, 0, 0.00126439, 0, 9.99186e-05, 0, 4.69317e-06, 0, 3.98615e-05, 0, 4.27356e-05, 0, 0.000779915, 0, 0.000769323, 0, 0.000446013, 0, 2.35521e-05, 0, 0.000411772, 0, 0.00779139, 0, 0.0137395, 0, 0.0141987, 0, 0.000778864, 0, 0.000749089, 0, 0.0133872, 0, 0.00830659, 0, 0.0016805, 0, 9.99186e-05, 0, 9.14575e-06, 0, 7.58517e-05, 0, 0.00126439, 0, 0.0071649, 0, 0.000411772, 0, 2.16192e-05, 0, 0.000375462, 0, 3.98615e-05, 0, 2.34245e-06, 0, 4.27356e-05, 0, 4.18732e-05, 0, 2.35521e-05, 0, 1.23797e-06, 0, 2.16192e-05, 0, 0.000411772, 0, 0.000749089, 0, 0.000778864, 0, 4.27356e-05, 0, 4.18732e-05, 0, 0.000749089, 0, 0.000475698, 0, 9.99186e-05, 0, 4.69317e-06, 0, 2.5477e-07, 0, 9.14575e-06, 0, 9.99186e-05, 0, 0.000411772, 0, 2.35521e-05, 0, 1.23797e-06, 0, 2.16192e-05, 0, 4.69317e-06, 0, 2.5477e-07, 0, ]
target_state = [0.000284621, 0, 0.00127391, 0, 0.00270818, 0, 0.00186526, 0, 0.00655282, 0, 0.00270818, 0, 0.000503534, 0, 0.00186526, 0, 0.00127391, 0, 0.000284621, 0, 0.00227463, 0, 0.00849809, 0, 0.0062195, 0, 0.00211087, 0, 0.000284621, 0, 0.00849809, 0, 0.0305256, 0, 0.0183524, 0, 0.00480236, 0, 0.00211087, 0, 0.00480236, 0, 0.0062195, 0, 0.0183524, 0, 0.00855184, 0, 0.0183524, 0, 0.0062195, 0, 0.0242799, 0, 0.0459161, 0, 0.00211087, 0, 0.00480236, 0, 0.0183524, 0, 0.0305256, 0, 0.00849809, 0, 0.0367881, 0, 0.127742, 0, 0.0459161, 0, 0.000284621, 0, 0.00211087, 0, 0.0062195, 0, 0.00849809, 0, 0.00227463, 0, 0.00996437, 0, 0.0367881, 0, 0.0242799, 0, 0.00480236, 0, 0.00127391, 0, 0.0062195, 0, 0.0121122, 0, 0.0133641, 0, 0.00342073, 0, 0.0143097, 0, 0.0548528, 0, 0.0452933, 0, 0.0183524, 0, 0.00270818, 0, 0.0062195, 0, 0.0242799, 0, 0.0452933, 0, 0.0515482, 0, 0.0133641, 0, 0.0548528, 0, 0.204975, 0, 0.151578, 0, 0.0459161, 0, 0.0183524, 0, 0.00855184, 0, 0.0121122, 0, 0.0452933, 0, 0.0427073, 0, 0.0452933, 0, 0.0121122, 0, 0.0452933, 0, 0.151578, 0, 0.0813961, 0, 0.151578, 0, 0.0452933, 0, 0.0427073, 0, 0.0813961, 0, 0.0133641, 0, 0.0515482, 0, 0.0452933, 0, 0.0242799, 0, 0.0062195, 0, 0.0183524, 0, 0.0459161, 0, 0.151578, 0, 0.204975, 0, 0.0548528, 0, 0.0640169, 0, 0.222948, 0, 0.0813961, 0, 0.00342073, 0, 0.0133641, 0, 0.0121122, 0, 0.0062195, 0, 0.00127391, 0, 0.00270818, 0, 0.0183524, 0, 0.0452933, 0, 0.0548528, 0, 0.0143097, 0, 0.0172947, 0, 0.0640169, 0, 0.0427073, 0, 0.00855184, 0, 0.00313426, 0, 0.0127324, 0, 0.0133641, 0, 0.00849809, 0, 0.00186526, 0, 0.00655282, 0, 0.0305256, 0, 0.0515482, 0, 0.0517005, 0, 0.0129089, 0, 0.0143097, 0, 0.0548528, 0, 0.0452933, 0, 0.0183524, 0, 0.00270818, 0, 0.0127324, 0, 0.0517005, 0, 0.0548528, 0, 0.0367881, 0, 0.00849809, 0, 0.0305256, 0, 0.127742, 0, 0.204975, 0, 0.206083, 0, 0.0517005, 0, 0.0548528, 0, 0.204975, 0, 0.151578, 0, 0.0459161, 0, 0.0183524, 0, 0.00480236, 0, 0.0133641, 0, 0.0548528, 0, 0.0640169, 0, 0.0548528, 0, 0.0133641, 0, 0.0515482, 0, 0.204975, 0, 0.222948, 0, 0.204975, 0, 0.0515482, 0, 0.0452933, 0, 0.151578, 0, 0.0813961, 0, 0.151578, 0, 0.0452933, 0, 0.0242799, 0, 0.0459161, 0, 0.00849809, 0, 0.0367881, 0, 0.0548528, 0, 0.0517005, 0, 0.0127324, 0, 0.0517005, 0, 0.206083, 0, 0.204975, 0, 0.127742, 0, 0.0305256, 0, 0.0183524, 0, 0.0459161, 0, 0.151578, 0, 0.204975, 0, 0.0548528, 0, 0.0367881, 0, 0.127742, 0, 0.0459161, 0, 0.00186526, 0, 0.00849809, 0, 0.0133641, 0, 0.0127324, 0, 0.00313426, 0, 0.0129089, 0, 0.0517005, 0, 0.0515482, 0, 0.0305256, 0, 0.00655282, 0, 0.00270818, 0, 0.0183524, 0, 0.0452933, 0, 0.0548528, 0, 0.0143097, 0, 0.00996437, 0, 0.0367881, 0, 0.0242799, 0, 0.00480236, 0, 0.000503534, 0, 0.00227463, 0, 0.00342073, 0, 0.00313426, 0, 0.000762439, 0, 0.00313426, 0, 0.0127324, 0, 0.0133641, 0, 0.00849809, 0, 0.00186526, 0, 0.00127391, 0, 0.0062195, 0, 0.0121122, 0, 0.0133641, 0, 0.00342073, 0, 0.00227463, 0, 0.00849809, 0, 0.0062195, 0, 0.00211087, 0, 0.000284621, 0, 0.00227463, 0, 0.00996437, 0, 0.0143097, 0, 0.0129089, 0, 0.00313426, 0, 0.0127324, 0, 0.0517005, 0, 0.0548528, 0, 0.0367881, 0, 0.00849809, 0, 0.0062195, 0, 0.0242799, 0, 0.0452933, 0, 0.0515482, 0, 0.0133641, 0, 0.00849809, 0, 0.0305256, 0, 0.0183524, 0, 0.00480236, 0, 0.00211087, 0, 0.000284621, 0, 0.00342073, 0, 0.0143097, 0, 0.0172947, 0, 0.0143097, 0, 0.00342073, 0, 0.0133641, 0, 0.0548528, 0, 0.0640169, 0, 0.0548528, 0, 0.0133641, 0, 0.0121122, 0, 0.0452933, 0, 0.0427073, 0, 0.0452933, 0, 0.0121122, 0, 0.0062195, 0, 0.0183524, 0, 0.00855184, 0, 0.0183524, 0, 0.0062195, 0, 0.00127391, 0, 0.00270818, 0, 0.00313426, 0, 0.0129089, 0, 0.0143097, 0, 0.00996437, 0, 0.00227463, 0, 0.00849809, 0, 0.0367881, 0, 0.0548528, 0, 0.0517005, 0, 0.0127324, 0, 0.0133641, 0, 0.0515482, 0, 0.0452933, 0, 0.0242799, 0, 0.0062195, 0, 0.00211087, 0, 0.00480236, 0, 0.0183524, 0, 0.0305256, 0, 0.00849809, 0, 0.00186526, 0, 0.00655282, 0, 0.00270818, 0, 0.000762439, 0, 0.00313426, 0, 0.00342073, 0, 0.00227463, 0, 0.000503534, 0, 0.00186526, 0, 0.00849809, 0, 0.0133641, 0, 0.0127324, 0, 0.00313426, 0, 0.00342073, 0, 0.0133641, 0, 0.0121122, 0, 0.0062195, 0, 0.00127391, 0, 0.000284621, 0, 0.00211087, 0, 0.0062195, 0, 0.00849809, 0, 0.00227463, 0, 0.000503534, 0, 0.00186526, 0, 0.00127391, 0, 0.000284621, 0, ]
USE_ENERGY_DISTANCE =     false
PERIODIC =                false
UNIFORM_SITES =           true
DEVICE_DIMENSION =        2
MAX_PARAM =               1
MIN_PARAM =               0
MIN_PARAM =               0
DIAG =                    true
NUM_SEEDS =               2
NUMBER_OF_BANGS =               7
DISTANCE_LIMIT =          0.02
TAU_SCALAR =              1.2
TAU_SCALAR_TINY =         1.1
TAU_SCALAR_BIG =          1.4
ACCEPTANCE_PROB =         0.85
TEMP_EXP_DECAY =          0.8
MIN_TEMP_FRACTION =       0.01
TEMP_DECAY_ITERATIONS =   21
ZERO_TEMP_ITREATIONS =    15
RANDOM_STATES =           3
END_PARAMETERS
##############################################################################
clock_duration  =         7553.22
tau =                     1
total_steps =             32
time_step =               0.03125
best_mc_result =          0.0202713
best_mc_result_non_secondary =          0.0227559
evolved_target_dot_squared =  0.979729
distance =          1
j_protocol =  [[1, 1, 1, 1, 1, 0, 0, 0, 0, 0, 0, 0, 0, 0, 0, 1, 1, 1, 1, 0, 1, 1, 0, 0, 1, 1, 0, 0, 0, 0, 0, 0, ],[1, 1, 1, 1, 0, 0, 0, 0, 0, 0, 1, 0, 0, 0, 0, 1, 1, 0, 1, 1, 1, 0, 1, 1, 0, 0, 0, 0, 0, 0, 0, 0, ],]
k_protocol =  [[1, 1, 1, 1, 1, 1, 1, 1, 1, 1, 1, 1, 1, 1, 1, 1, 1, 1, 1, 1, 1, 1, 1, 1, 1, 1, 1, 1, 1, 1, 1, 1, ],[0, 1, 1, 1, 1, 1, 1, 1, 1, 1, 1, 1, 1, 1, 1, 1, 1, 1, 1, 1, 1, 1, 1, 1, 1, 1, 1, 1, 1, 1, 1, 1, ],]
j_protocol_secondary =  [0, 0.158401, 0.170049, 0.174422, 0.342549, 0.342549, 0.509245, 0.596819, 0.596819, 0.722713, 0.733624, 0.745137, 0.779749, 0.779749, ]
k_protocol_secondary =  [0.00988822, 0.106998, 0.106998, 0.218288, 0.218288, 0.306142, 0.306142, 0.401696, 0.401696, 0.468992, 0.468992, 0.740819, 0.740819, 1, ]
best_evolved_state = [-0.000367175, -0.000321167, -0.0012351, -0.00133208, -0.00249122, 0.00306799, -0.00151339, -0.000161757, -0.00567562, -0.000325364, -0.00249122, 0.00306799, -0.000474862, -3.16561e-05, -0.00151339, -0.000161757, -0.0012351, -0.00133208, -0.000367175, -0.000321167, -0.00218451, -0.000554821, -0.0079041, -0.00169281, -0.00549633, -0.00314348, -0.000269252, -0.00273251, -0.000367175, -0.000321167, -0.0079041, -0.00169281, -0.0293254, -0.00113293, -0.0108774, -0.00410888, -0.00573335, 0.00135726, -0.000269252, -0.00273251, -0.00573335, 0.00135726, -0.00549633, -0.00314348, -0.0108774, -0.00410888, -0.0120314, 0.00373631, -0.0108774, -0.00410888, -0.00549633, -0.00314348, -0.0147096, -0.00824927, -0.0333893, 0.00177124, -0.000269252, -0.00273251, -0.00573335, 0.00135726, -0.0108774, -0.00410888, -0.0293254, -0.00113293, -0.0079041, -0.00169281, -0.0362397, -0.0051408, -0.120504, 0.00895911, -0.0333893, 0.00177124, -0.000367175, -0.000321167, -0.000269252, -0.00273251, -0.00549633, -0.00314348, -0.0079041, -0.00169281, -0.00218451, -0.000554821, -0.0100256, -0.00269819, -0.0362397, -0.0051408, -0.0147096, -0.00824927, -0.00573335, 0.00135726, -0.0012351, -0.00133208, -0.00549633, -0.00314348, -0.00942533, -0.00570133, -0.01458, 0.000917645, -0.00435238, -8.92625e-06, -0.0160618, -0.00059124, -0.0559424, 0.000608724, -0.041615, -0.0142804, -0.0108774, -0.00410888, -0.00249122, 0.00306799, -0.00549633, -0.00314348, -0.0147096, -0.00824927, -0.041615, -0.0142804, -0.0504726, 0.00433619, -0.01458, 0.000917645, -0.0559424, 0.000608724, -0.20716, 0.0177456, -0.139663, 0.00789262, -0.0333893, 0.00177124, -0.0108774, -0.00410888, -0.0120314, 0.00373631, -0.00942533, -0.00570133, -0.041615, -0.0142804, -0.032395, -0.0129231, -0.041615, -0.0142804, -0.00942533, -0.00570133, -0.041615, -0.0142804, -0.139663, 0.00789262, -0.0583956, 0.00854593, -0.139663, 0.00789262, -0.041615, -0.0142804, -0.032395, -0.0129231, -0.0583956, 0.00854593, -0.01458, 0.000917645, -0.0504726, 0.00433619, -0.041615, -0.0142804, -0.0147096, -0.00824927, -0.00549633, -0.00314348, -0.0108774, -0.00410888, -0.0333893, 0.00177124, -0.139663, 0.00789262, -0.20716, 0.0177456, -0.0559424, 0.000608724, -0.0729546, -0.00546336, -0.241, 0.0358972, -0.0583956, 0.00854593, -0.00435238, -8.92625e-06, -0.01458, 0.000917645, -0.00942533, -0.00570133, -0.00549633, -0.00314348, -0.0012351, -0.00133208, -0.00249122, 0.00306799, -0.0108774, -0.00410888, -0.041615, -0.0142804, -0.0559424, 0.000608724, -0.0160618, -0.00059124, -0.020195, -0.00394984, -0.0729546, -0.00546336, -0.032395, -0.0129231, -0.0120314, 0.00373631, -0.00440886, -0.000130459, -0.0165764, 0.000493077, -0.01458, 0.000917645, -0.0079041, -0.00169281, -0.00151339, -0.000161757, -0.00567562, -0.000325364, -0.0293254, -0.00113293, -0.0504726, 0.00433619, -0.0611521, 0.00472176, -0.0165113, 0.000123167, -0.0160618, -0.00059124, -0.0559424, 0.000608724, -0.041615, -0.0142804, -0.0108774, -0.00410888, -0.00249122, 0.00306799, -0.0165764, 0.000493077, -0.0611521, 0.00472176, -0.0559424, 0.000608724, -0.0362397, -0.0051408, -0.0079041, -0.00169281, -0.0293254, -0.00113293, -0.120504, 0.00895911, -0.20716, 0.0177456, -0.225537, 0.0276466, -0.0611521, 0.00472176, -0.0559424, 0.000608724, -0.20716, 0.0177456, -0.139663, 0.00789262, -0.0333893, 0.00177124, -0.0108774, -0.00410888, -0.00573335, 0.00135726, -0.01458, 0.000917645, -0.0559424, 0.000608724, -0.0729546, -0.00546336, -0.0559424, 0.000608724, -0.01458, 0.000917645, -0.0504726, 0.00433619, -0.20716, 0.0177456, -0.241, 0.0358972, -0.20716, 0.0177456, -0.0504726, 0.00433619, -0.041615, -0.0142804, -0.139663, 0.00789262, -0.0583956, 0.00854593, -0.139663, 0.00789262, -0.041615, -0.0142804, -0.0147096, -0.00824927, -0.0333893, 0.00177124, -0.0079041, -0.00169281, -0.0362397, -0.0051408, -0.0559424, 0.000608724, -0.0611521, 0.00472176, -0.0165764, 0.000493077, -0.0611521, 0.00472176, -0.225537, 0.0276466, -0.20716, 0.0177456, -0.120504, 0.00895911, -0.0293254, -0.00113293, -0.0108774, -0.00410888, -0.0333893, 0.00177124, -0.139663, 0.00789262, -0.20716, 0.0177456, -0.0559424, 0.000608724, -0.0362397, -0.0051408, -0.120504, 0.00895911, -0.0333893, 0.00177124, -0.00151339, -0.000161757, -0.0079041, -0.00169281, -0.01458, 0.000917645, -0.0165764, 0.000493077, -0.00440886, -0.000130459, -0.0165113, 0.000123167, -0.0611521, 0.00472176, -0.0504726, 0.00433619, -0.0293254, -0.00113293, -0.00567562, -0.000325364, -0.00249122, 0.00306799, -0.0108774, -0.00410888, -0.041615, -0.0142804, -0.0559424, 0.000608724, -0.0160618, -0.00059124, -0.0100256, -0.00269819, -0.0362397, -0.0051408, -0.0147096, -0.00824927, -0.00573335, 0.00135726, -0.000474862, -3.16561e-05, -0.00218451, -0.000554821, -0.00435238, -8.92625e-06, -0.00440886, -0.000130459, -0.00115973, -7.78074e-05, -0.00440886, -0.000130459, -0.0165764, 0.000493077, -0.01458, 0.000917645, -0.0079041, -0.00169281, -0.00151339, -0.000161757, -0.0012351, -0.00133208, -0.00549633, -0.00314348, -0.00942533, -0.00570133, -0.01458, 0.000917645, -0.00435238, -8.92625e-06, -0.00218451, -0.000554821, -0.0079041, -0.00169281, -0.00549633, -0.00314348, -0.000269252, -0.00273251, -0.000367175, -0.000321167, -0.00218451, -0.000554821, -0.0100256, -0.00269819, -0.0160618, -0.00059124, -0.0165113, 0.000123167, -0.00440886, -0.000130459, -0.0165764, 0.000493077, -0.0611521, 0.00472176, -0.0559424, 0.000608724, -0.0362397, -0.0051408, -0.0079041, -0.00169281, -0.00549633, -0.00314348, -0.0147096, -0.00824927, -0.041615, -0.0142804, -0.0504726, 0.00433619, -0.01458, 0.000917645, -0.0079041, -0.00169281, -0.0293254, -0.00113293, -0.0108774, -0.00410888, -0.00573335, 0.00135726, -0.000269252, -0.00273251, -0.000367175, -0.000321167, -0.00435238, -8.92625e-06, -0.0160618, -0.00059124, -0.020195, -0.00394984, -0.0160618, -0.00059124, -0.00435238, -8.92625e-06, -0.01458, 0.000917645, -0.0559424, 0.000608724, -0.0729546, -0.00546336, -0.0559424, 0.000608724, -0.01458, 0.000917645, -0.00942533, -0.00570133, -0.041615, -0.0142804, -0.032395, -0.0129231, -0.041615, -0.0142804, -0.00942533, -0.00570133, -0.00549633, -0.00314348, -0.0108774, -0.00410888, -0.0120314, 0.00373631, -0.0108774, -0.00410888, -0.00549633, -0.00314348, -0.0012351, -0.00133208, -0.00249122, 0.00306799, -0.00440886, -0.000130459, -0.0165113, 0.000123167, -0.0160618, -0.00059124, -0.0100256, -0.00269819, -0.00218451, -0.000554821, -0.0079041, -0.00169281, -0.0362397, -0.0051408, -0.0559424, 0.000608724, -0.0611521, 0.00472176, -0.0165764, 0.000493077, -0.01458, 0.000917645, -0.0504726, 0.00433619, -0.041615, -0.0142804, -0.0147096, -0.00824927, -0.00549633, -0.00314348, -0.000269252, -0.00273251, -0.00573335, 0.00135726, -0.0108774, -0.00410888, -0.0293254, -0.00113293, -0.0079041, -0.00169281, -0.00151339, -0.000161757, -0.00567562, -0.000325364, -0.00249122, 0.00306799, -0.00115973, -7.78074e-05, -0.00440886, -0.000130459, -0.00435238, -8.92625e-06, -0.00218451, -0.000554821, -0.000474862, -3.16561e-05, -0.00151339, -0.000161757, -0.0079041, -0.00169281, -0.01458, 0.000917645, -0.0165764, 0.000493077, -0.00440886, -0.000130459, -0.00435238, -8.92625e-06, -0.01458, 0.000917645, -0.00942533, -0.00570133, -0.00549633, -0.00314348, -0.0012351, -0.00133208, -0.000367175, -0.000321167, -0.000269252, -0.00273251, -0.00549633, -0.00314348, -0.0079041, -0.00169281, -0.00218451, -0.000554821, -0.000474862, -3.16561e-05, -0.00151339, -0.000161757, -0.0012351, -0.00133208, -0.000367175, -0.000321167, ]
best_mc_result_fixed_tau =   [0.0227559, 0.0245102, ]
evolved_state_fixed_tau =   [[-0.000365313, -0.000384522, -0.00154349, -0.00124362, -0.00184059, 0.00265704, -0.00162872, -0.000220664, -0.00619525, 9.60761e-06, -0.00184059, 0.00265704, -0.000508215, -5.52381e-05, -0.00162872, -0.000220664, -0.00154349, -0.00124362, -0.000365313, -0.000384522, -0.00239161, -0.000584047, -0.00849876, -0.0013073, -0.00587452, -0.00293386, -0.000903718, -0.00301034, -0.000365313, -0.000384522, -0.00849876, -0.0013073, -0.0297494, 0.00188344, -0.0124681, -0.0042064, -0.00520269, 0.00160904, -0.000903718, -0.00301034, -0.00520269, 0.00160904, -0.00587452, -0.00293386, -0.0124681, -0.0042064, -0.0110117, 0.00448033, -0.0124681, -0.0042064, -0.00587452, -0.00293386, -0.0167321, -0.00804703, -0.0341675, 0.0042355, -0.000903718, -0.00301034, -0.00520269, 0.00160904, -0.0124681, -0.0042064, -0.0297494, 0.00188344, -0.00849876, -0.0013073, -0.0375944, -0.00143648, -0.1175, 0.0245748, -0.0341675, 0.0042355, -0.000365313, -0.000384522, -0.000903718, -0.00301034, -0.00587452, -0.00293386, -0.00849876, -0.0013073, -0.00239161, -0.000584047, -0.0108649, -0.00220751, -0.0375944, -0.00143648, -0.0167321, -0.00804703, -0.00520269, 0.00160904, -0.00154349, -0.00124362, -0.00587452, -0.00293386, -0.0106857, -0.00561937, -0.014949, 0.00196791, -0.00465789, 0.000170431, -0.0167735, 0.000473577, -0.0564365, 0.00620267, -0.0446528, -0.0104504, -0.0124681, -0.0042064, -0.00184059, 0.00265704, -0.00587452, -0.00293386, -0.0167321, -0.00804703, -0.0446528, -0.0104504, -0.0500463, 0.00931373, -0.014949, 0.00196791, -0.0564365, 0.00620267, -0.199902, 0.0459603, -0.138782, 0.0240533, -0.0341675, 0.0042355, -0.0124681, -0.0042064, -0.0110117, 0.00448033, -0.0106857, -0.00561937, -0.0446528, -0.0104504, -0.0360451, -0.011412, -0.0446528, -0.0104504, -0.0106857, -0.00561937, -0.0446528, -0.0104504, -0.138782, 0.0240533, -0.0595558, 0.0128129, -0.138782, 0.0240533, -0.0446528, -0.0104504, -0.0360451, -0.011412, -0.0595558, 0.0128129, -0.014949, 0.00196791, -0.0500463, 0.00931373, -0.0446528, -0.0104504, -0.0167321, -0.00804703, -0.00587452, -0.00293386, -0.0124681, -0.0042064, -0.0341675, 0.0042355, -0.138782, 0.0240533, -0.199902, 0.0459603, -0.0564365, 0.00620267, -0.0751458, 0.00271591, -0.231595, 0.0692389, -0.0595558, 0.0128129, -0.00465789, 0.000170431, -0.014949, 0.00196791, -0.0106857, -0.00561937, -0.00587452, -0.00293386, -0.00154349, -0.00124362, -0.00184059, 0.00265704, -0.0124681, -0.0042064, -0.0446528, -0.0104504, -0.0564365, 0.00620267, -0.0167735, 0.000473577, -0.021779, -0.00271111, -0.0751458, 0.00271591, -0.0360451, -0.011412, -0.0110117, 0.00448033, -0.00477864, 1.27121e-05, -0.0173322, 0.00182279, -0.014949, 0.00196791, -0.00849876, -0.0013073, -0.00162872, -0.000220664, -0.00619525, 9.60761e-06, -0.0297494, 0.00188344, -0.0500463, 0.00931373, -0.0613063, 0.0118108, -0.0173052, 0.00137938, -0.0167735, 0.000473577, -0.0564365, 0.00620267, -0.0446528, -0.0104504, -0.0124681, -0.0042064, -0.00184059, 0.00265704, -0.0173322, 0.00182279, -0.0613063, 0.0118108, -0.0564365, 0.00620267, -0.0375944, -0.00143648, -0.00849876, -0.0013073, -0.0297494, 0.00188344, -0.1175, 0.0245748, -0.199902, 0.0459603, -0.216253, 0.0604415, -0.0613063, 0.0118108, -0.0564365, 0.00620267, -0.199902, 0.0459603, -0.138782, 0.0240533, -0.0341675, 0.0042355, -0.0124681, -0.0042064, -0.00520269, 0.00160904, -0.014949, 0.00196791, -0.0564365, 0.00620267, -0.0751458, 0.00271591, -0.0564365, 0.00620267, -0.014949, 0.00196791, -0.0500463, 0.00931373, -0.199902, 0.0459603, -0.231595, 0.0692389, -0.199902, 0.0459603, -0.0500463, 0.00931373, -0.0446528, -0.0104504, -0.138782, 0.0240533, -0.0595558, 0.0128129, -0.138782, 0.0240533, -0.0446528, -0.0104504, -0.0167321, -0.00804703, -0.0341675, 0.0042355, -0.00849876, -0.0013073, -0.0375944, -0.00143648, -0.0564365, 0.00620267, -0.0613063, 0.0118108, -0.0173322, 0.00182279, -0.0613063, 0.0118108, -0.216253, 0.0604415, -0.199902, 0.0459603, -0.1175, 0.0245748, -0.0297494, 0.00188344, -0.0124681, -0.0042064, -0.0341675, 0.0042355, -0.138782, 0.0240533, -0.199902, 0.0459603, -0.0564365, 0.00620267, -0.0375944, -0.00143648, -0.1175, 0.0245748, -0.0341675, 0.0042355, -0.00162872, -0.000220664, -0.00849876, -0.0013073, -0.014949, 0.00196791, -0.0173322, 0.00182279, -0.00477864, 1.27121e-05, -0.0173052, 0.00137938, -0.0613063, 0.0118108, -0.0500463, 0.00931373, -0.0297494, 0.00188344, -0.00619525, 9.60761e-06, -0.00184059, 0.00265704, -0.0124681, -0.0042064, -0.0446528, -0.0104504, -0.0564365, 0.00620267, -0.0167735, 0.000473577, -0.0108649, -0.00220751, -0.0375944, -0.00143648, -0.0167321, -0.00804703, -0.00520269, 0.00160904, -0.000508215, -5.52381e-05, -0.00239161, -0.000584047, -0.00465789, 0.000170431, -0.00477864, 1.27121e-05, -0.00128934, -9.88591e-05, -0.00477864, 1.27121e-05, -0.0173322, 0.00182279, -0.014949, 0.00196791, -0.00849876, -0.0013073, -0.00162872, -0.000220664, -0.00154349, -0.00124362, -0.00587452, -0.00293386, -0.0106857, -0.00561937, -0.014949, 0.00196791, -0.00465789, 0.000170431, -0.00239161, -0.000584047, -0.00849876, -0.0013073, -0.00587452, -0.00293386, -0.000903718, -0.00301034, -0.000365313, -0.000384522, -0.00239161, -0.000584047, -0.0108649, -0.00220751, -0.0167735, 0.000473577, -0.0173052, 0.00137938, -0.00477864, 1.27121e-05, -0.0173322, 0.00182279, -0.0613063, 0.0118108, -0.0564365, 0.00620267, -0.0375944, -0.00143648, -0.00849876, -0.0013073, -0.00587452, -0.00293386, -0.0167321, -0.00804703, -0.0446528, -0.0104504, -0.0500463, 0.00931373, -0.014949, 0.00196791, -0.00849876, -0.0013073, -0.0297494, 0.00188344, -0.0124681, -0.0042064, -0.00520269, 0.00160904, -0.000903718, -0.00301034, -0.000365313, -0.000384522, -0.00465789, 0.000170431, -0.0167735, 0.000473577, -0.021779, -0.00271111, -0.0167735, 0.000473577, -0.00465789, 0.000170431, -0.014949, 0.00196791, -0.0564365, 0.00620267, -0.0751458, 0.00271591, -0.0564365, 0.00620267, -0.014949, 0.00196791, -0.0106857, -0.00561937, -0.0446528, -0.0104504, -0.0360451, -0.011412, -0.0446528, -0.0104504, -0.0106857, -0.00561937, -0.00587452, -0.00293386, -0.0124681, -0.0042064, -0.0110117, 0.00448033, -0.0124681, -0.0042064, -0.00587452, -0.00293386, -0.00154349, -0.00124362, -0.00184059, 0.00265704, -0.00477864, 1.27121e-05, -0.0173052, 0.00137938, -0.0167735, 0.000473577, -0.0108649, -0.00220751, -0.00239161, -0.000584047, -0.00849876, -0.0013073, -0.0375944, -0.00143648, -0.0564365, 0.00620267, -0.0613063, 0.0118108, -0.0173322, 0.00182279, -0.014949, 0.00196791, -0.0500463, 0.00931373, -0.0446528, -0.0104504, -0.0167321, -0.00804703, -0.00587452, -0.00293386, -0.000903718, -0.00301034, -0.00520269, 0.00160904, -0.0124681, -0.0042064, -0.0297494, 0.00188344, -0.00849876, -0.0013073, -0.00162872, -0.000220664, -0.00619525, 9.60761e-06, -0.00184059, 0.00265704, -0.00128934, -9.88591e-05, -0.00477864, 1.27121e-05, -0.00465789, 0.000170431, -0.00239161, -0.000584047, -0.000508215, -5.52381e-05, -0.00162872, -0.000220664, -0.00849876, -0.0013073, -0.014949, 0.00196791, -0.0173322, 0.00182279, -0.00477864, 1.27121e-05, -0.00465789, 0.000170431, -0.014949, 0.00196791, -0.0106857, -0.00561937, -0.00587452, -0.00293386, -0.00154349, -0.00124362, -0.000365313, -0.000384522, -0.000903718, -0.00301034, -0.00587452, -0.00293386, -0.00849876, -0.0013073, -0.00239161, -0.000584047, -0.000508215, -5.52381e-05, -0.00162872, -0.000220664, -0.00154349, -0.00124362, -0.000365313, -0.000384522, ],[-0.000139966, -0.000414744, -0.000471325, -0.00159906, -0.0030164, 0.00141846, -0.00126957, -0.000900979, -0.00511936, -0.0029369, -0.0030164, 0.00141846, -0.000383499, -0.000271411, -0.00126957, -0.000900979, -0.000471325, -0.00159906, -0.000139966, -0.000414744, -0.00161055, -0.00150926, -0.00611334, -0.00501289, -0.00284562, -0.00525943, 0.000983241, -0.00236807, -0.000139966, -0.000414744, -0.00611334, -0.00501289, -0.0250031, -0.0141449, -0.00795306, -0.0101437, -0.00520034, -0.0014618, 0.000983241, -0.00236807, -0.00520034, -0.0014618, -0.00284562, -0.00525943, -0.00795306, -0.0101437, -0.0113044, -0.0023842, -0.00795306, -0.0101437, -0.00284562, -0.00525943, -0.00930478, -0.0151577, -0.0314628, -0.00563734, 0.000983241, -0.00236807, -0.00520034, -0.0014618, -0.00795306, -0.0101437, -0.0250031, -0.0141449, -0.00611334, -0.00501289, -0.0291126, -0.0207865, -0.111942, -0.0481967, -0.0314628, -0.00563734, -0.000139966, -0.000414744, 0.000983241, -0.00236807, -0.00284562, -0.00525943, -0.00611334, -0.00501289, -0.00161055, -0.00150926, -0.00735233, -0.00688204, -0.0291126, -0.0207865, -0.00930478, -0.0151577, -0.00520034, -0.0014618, -0.000471325, -0.00159906, -0.00284562, -0.00525943, -0.00559349, -0.0089429, -0.0131333, -0.00615057, -0.00366785, -0.0021272, -0.0136211, -0.00804076, -0.0498758, -0.0246876, -0.0288119, -0.0308261, -0.00795306, -0.0101437, -0.0030164, 0.00141846, -0.00284562, -0.00525943, -0.00930478, -0.0151577, -0.0288119, -0.0308261, -0.047086, -0.0190859, -0.0131333, -0.00615057, -0.0498758, -0.0246876, -0.192593, -0.07493, -0.127542, -0.064304, -0.0314628, -0.00563734, -0.00795306, -0.0101437, -0.0113044, -0.0023842, -0.00559349, -0.0089429, -0.0288119, -0.0308261, -0.0225351, -0.0288454, -0.0288119, -0.0308261, -0.00559349, -0.0089429, -0.0288119, -0.0308261, -0.127542, -0.064304, -0.058622, -0.00330364, -0.127542, -0.064304, -0.0288119, -0.0308261, -0.0225351, -0.0288454, -0.058622, -0.00330364, -0.0131333, -0.00615057, -0.047086, -0.0190859, -0.0288119, -0.0308261, -0.00930478, -0.0151577, -0.00284562, -0.00525943, -0.00795306, -0.0101437, -0.0314628, -0.00563734, -0.127542, -0.064304, -0.192593, -0.07493, -0.0498758, -0.0246876, -0.0607536, -0.0377521, -0.231609, -0.0811945, -0.058622, -0.00330364, -0.00366785, -0.0021272, -0.0131333, -0.00615057, -0.00559349, -0.0089429, -0.00284562, -0.00525943, -0.000471325, -0.00159906, -0.0030164, 0.00141846, -0.00795306, -0.0101437, -0.0288119, -0.0308261, -0.0498758, -0.0246876, -0.0136211, -0.00804076, -0.0154935, -0.0126557, -0.0607536, -0.0377521, -0.0225351, -0.0288454, -0.0113044, -0.0023842, -0.00367258, -0.00222497, -0.0145338, -0.00733846, -0.0131333, -0.00615057, -0.00611334, -0.00501289, -0.00126957, -0.000900979, -0.00511936, -0.0029369, -0.0250031, -0.0141449, -0.047086, -0.0190859, -0.0560338, -0.0237165, -0.0143163, -0.00759303, -0.0136211, -0.00804076, -0.0498758, -0.0246876, -0.0288119, -0.0308261, -0.00795306, -0.0101437, -0.0030164, 0.00141846, -0.0145338, -0.00733846, -0.0560338, -0.0237165, -0.0498758, -0.0246876, -0.0291126, -0.0207865, -0.00611334, -0.00501289, -0.0250031, -0.0141449, -0.111942, -0.0481967, -0.192593, -0.07493, -0.214914, -0.074547, -0.0560338, -0.0237165, -0.0498758, -0.0246876, -0.192593, -0.07493, -0.127542, -0.064304, -0.0314628, -0.00563734, -0.00795306, -0.0101437, -0.00520034, -0.0014618, -0.0131333, -0.00615057, -0.0498758, -0.0246876, -0.0607536, -0.0377521, -0.0498758, -0.0246876, -0.0131333, -0.00615057, -0.047086, -0.0190859, -0.192593, -0.07493, -0.231609, -0.0811945, -0.192593, -0.07493, -0.047086, -0.0190859, -0.0288119, -0.0308261, -0.127542, -0.064304, -0.058622, -0.00330364, -0.127542, -0.064304, -0.0288119, -0.0308261, -0.00930478, -0.0151577, -0.0314628, -0.00563734, -0.00611334, -0.00501289, -0.0291126, -0.0207865, -0.0498758, -0.0246876, -0.0560338, -0.0237165, -0.0145338, -0.00733846, -0.0560338, -0.0237165, -0.214914, -0.074547, -0.192593, -0.07493, -0.111942, -0.0481967, -0.0250031, -0.0141449, -0.00795306, -0.0101437, -0.0314628, -0.00563734, -0.127542, -0.064304, -0.192593, -0.07493, -0.0498758, -0.0246876, -0.0291126, -0.0207865, -0.111942, -0.0481967, -0.0314628, -0.00563734, -0.00126957, -0.000900979, -0.00611334, -0.00501289, -0.0131333, -0.00615057, -0.0145338, -0.00733846, -0.00367258, -0.00222497, -0.0143163, -0.00759303, -0.0560338, -0.0237165, -0.047086, -0.0190859, -0.0250031, -0.0141449, -0.00511936, -0.0029369, -0.0030164, 0.00141846, -0.00795306, -0.0101437, -0.0288119, -0.0308261, -0.0498758, -0.0246876, -0.0136211, -0.00804076, -0.00735233, -0.00688204, -0.0291126, -0.0207865, -0.00930478, -0.0151577, -0.00520034, -0.0014618, -0.000383499, -0.000271411, -0.00161055, -0.00150926, -0.00366785, -0.0021272, -0.00367258, -0.00222497, -0.000926475, -0.00063689, -0.00367258, -0.00222497, -0.0145338, -0.00733846, -0.0131333, -0.00615057, -0.00611334, -0.00501289, -0.00126957, -0.000900979, -0.000471325, -0.00159906, -0.00284562, -0.00525943, -0.00559349, -0.0089429, -0.0131333, -0.00615057, -0.00366785, -0.0021272, -0.00161055, -0.00150926, -0.00611334, -0.00501289, -0.00284562, -0.00525943, 0.000983241, -0.00236807, -0.000139966, -0.000414744, -0.00161055, -0.00150926, -0.00735233, -0.00688204, -0.0136211, -0.00804076, -0.0143163, -0.00759303, -0.00367258, -0.00222497, -0.0145338, -0.00733846, -0.0560338, -0.0237165, -0.0498758, -0.0246876, -0.0291126, -0.0207865, -0.00611334, -0.00501289, -0.00284562, -0.00525943, -0.00930478, -0.0151577, -0.0288119, -0.0308261, -0.047086, -0.0190859, -0.0131333, -0.00615057, -0.00611334, -0.00501289, -0.0250031, -0.0141449, -0.00795306, -0.0101437, -0.00520034, -0.0014618, 0.000983241, -0.00236807, -0.000139966, -0.000414744, -0.00366785, -0.0021272, -0.0136211, -0.00804076, -0.0154935, -0.0126557, -0.0136211, -0.00804076, -0.00366785, -0.0021272, -0.0131333, -0.00615057, -0.0498758, -0.0246876, -0.0607536, -0.0377521, -0.0498758, -0.0246876, -0.0131333, -0.00615057, -0.00559349, -0.0089429, -0.0288119, -0.0308261, -0.0225351, -0.0288454, -0.0288119, -0.0308261, -0.00559349, -0.0089429, -0.00284562, -0.00525943, -0.00795306, -0.0101437, -0.0113044, -0.0023842, -0.00795306, -0.0101437, -0.00284562, -0.00525943, -0.000471325, -0.00159906, -0.0030164, 0.00141846, -0.00367258, -0.00222497, -0.0143163, -0.00759303, -0.0136211, -0.00804076, -0.00735233, -0.00688204, -0.00161055, -0.00150926, -0.00611334, -0.00501289, -0.0291126, -0.0207865, -0.0498758, -0.0246876, -0.0560338, -0.0237165, -0.0145338, -0.00733846, -0.0131333, -0.00615057, -0.047086, -0.0190859, -0.0288119, -0.0308261, -0.00930478, -0.0151577, -0.00284562, -0.00525943, 0.000983241, -0.00236807, -0.00520034, -0.0014618, -0.00795306, -0.0101437, -0.0250031, -0.0141449, -0.00611334, -0.00501289, -0.00126957, -0.000900979, -0.00511936, -0.0029369, -0.0030164, 0.00141846, -0.000926475, -0.00063689, -0.00367258, -0.00222497, -0.00366785, -0.0021272, -0.00161055, -0.00150926, -0.000383499, -0.000271411, -0.00126957, -0.000900979, -0.00611334, -0.00501289, -0.0131333, -0.00615057, -0.0145338, -0.00733846, -0.00367258, -0.00222497, -0.00366785, -0.0021272, -0.0131333, -0.00615057, -0.00559349, -0.0089429, -0.00284562, -0.00525943, -0.000471325, -0.00159906, -0.000139966, -0.000414744, 0.000983241, -0.00236807, -0.00284562, -0.00525943, -0.00611334, -0.00501289, -0.00161055, -0.00150926, -0.000383499, -0.000271411, -0.00126957, -0.000900979, -0.000471325, -0.00159906, -0.000139966, -0.000414744, ],]
