START_PARAMETERS
MAX_STEPS_MCDB =               32
MIN_STEPS_MCDB =               4
STEPS_CRUNCH_MCDB =            1
SWEEPS_MCDB =                  100
TOTAL_STEP_CHANGES =                  6
MCBB_SECONDARY =                  1
SWEEPS_MCBB_SECONDARY =                  250
NUMBER_OF_BANGS =                  7
GROUND_E =                -3.90945
INITIAL_E =               -2.71817
j_initial =               0.169
k_initial =               0.5
b_initial =               0
j_target =                0.834
k_target =                0.062
b_target =                0
init_target_dot_squared = 0.559762
init_state = [2.48332e-05, 0, 0.000182978, 0, 0.00062045, 0, 0.000378236, 0, 0.00237428, 0, 0.00062045, 0, 5.86184e-05, 0, 0.000378236, 0, 0.000182978, 0, 2.48332e-05, 0, 0.000446027, 0, 0.00289159, 0, 0.00151983, 0, 0.000331174, 0, 2.48332e-05, 0, 0.00289159, 0, 0.0183383, 0, 0.00744584, 0, 0.00115253, 0, 0.000331174, 0, 0.00115253, 0, 0.00151983, 0, 0.00744584, 0, 0.00219151, 0, 0.00744584, 0, 0.00151983, 0, 0.0100389, 0, 0.0283675, 0, 0.000331174, 0, 0.00115253, 0, 0.00744584, 0, 0.0183383, 0, 0.00289159, 0, 0.0214899, 0, 0.134082, 0, 0.0283675, 0, 2.48332e-05, 0, 0.000331174, 0, 0.00151983, 0, 0.00289159, 0, 0.000446027, 0, 0.00333269, 0, 0.0214899, 0, 0.0100389, 0, 0.00115253, 0, 0.000182978, 0, 0.00151983, 0, 0.00386556, 0, 0.00492797, 0, 0.000729934, 0, 0.00520665, 0, 0.0348234, 0, 0.0250347, 0, 0.00744584, 0, 0.00062045, 0, 0.00151983, 0, 0.0100389, 0, 0.0250347, 0, 0.0330647, 0, 0.00492797, 0, 0.0348234, 0, 0.230431, 0, 0.151529, 0, 0.0283675, 0, 0.00744584, 0, 0.00219151, 0, 0.00386556, 0, 0.0250347, 0, 0.018881, 0, 0.0250347, 0, 0.00386556, 0, 0.0250347, 0, 0.151529, 0, 0.0536507, 0, 0.151529, 0, 0.0250347, 0, 0.018881, 0, 0.0536507, 0, 0.00492797, 0, 0.0330647, 0, 0.0250347, 0, 0.0100389, 0, 0.00151983, 0, 0.00744584, 0, 0.0283675, 0, 0.151529, 0, 0.230431, 0, 0.0348234, 0, 0.0398446, 0, 0.248904, 0, 0.0536507, 0, 0.000729934, 0, 0.00492797, 0, 0.00386556, 0, 0.00151983, 0, 0.000182978, 0, 0.00062045, 0, 0.00744584, 0, 0.0250347, 0, 0.0348234, 0, 0.00520665, 0, 0.00617089, 0, 0.0398446, 0, 0.018881, 0, 0.00219151, 0, 0.000700202, 0, 0.00489495, 0, 0.00492797, 0, 0.00289159, 0, 0.000378236, 0, 0.00237428, 0, 0.0183383, 0, 0.0330647, 0, 0.034238, 0, 0.00492917, 0, 0.00520665, 0, 0.0348234, 0, 0.0250347, 0, 0.00744584, 0, 0.00062045, 0, 0.00489495, 0, 0.034238, 0, 0.0348234, 0, 0.0214899, 0, 0.00289159, 0, 0.0183383, 0, 0.134082, 0, 0.230431, 0, 0.23767, 0, 0.034238, 0, 0.0348234, 0, 0.230431, 0, 0.151529, 0, 0.0283675, 0, 0.00744584, 0, 0.00115253, 0, 0.00492797, 0, 0.0348234, 0, 0.0398446, 0, 0.0348234, 0, 0.00492797, 0, 0.0330647, 0, 0.230431, 0, 0.248904, 0, 0.230431, 0, 0.0330647, 0, 0.0250347, 0, 0.151529, 0, 0.0536507, 0, 0.151529, 0, 0.0250347, 0, 0.0100389, 0, 0.0283675, 0, 0.00289159, 0, 0.0214899, 0, 0.0348234, 0, 0.034238, 0, 0.00489495, 0, 0.034238, 0, 0.23767, 0, 0.230431, 0, 0.134082, 0, 0.0183383, 0, 0.00744584, 0, 0.0283675, 0, 0.151529, 0, 0.230431, 0, 0.0348234, 0, 0.0214899, 0, 0.134082, 0, 0.0283675, 0, 0.000378236, 0, 0.00289159, 0, 0.00492797, 0, 0.00489495, 0, 0.000700202, 0, 0.00492917, 0, 0.034238, 0, 0.0330647, 0, 0.0183383, 0, 0.00237428, 0, 0.00062045, 0, 0.00744584, 0, 0.0250347, 0, 0.0348234, 0, 0.00520665, 0, 0.00333269, 0, 0.0214899, 0, 0.0100389, 0, 0.00115253, 0, 5.86184e-05, 0, 0.000446027, 0, 0.000729934, 0, 0.000700202, 0, 9.95913e-05, 0, 0.000700202, 0, 0.00489495, 0, 0.00492797, 0, 0.00289159, 0, 0.000378236, 0, 0.000182978, 0, 0.00151983, 0, 0.00386556, 0, 0.00492797, 0, 0.000729934, 0, 0.000446027, 0, 0.00289159, 0, 0.00151983, 0, 0.000331174, 0, 2.48332e-05, 0, 0.000446027, 0, 0.00333269, 0, 0.00520665, 0, 0.00492917, 0, 0.000700202, 0, 0.00489495, 0, 0.034238, 0, 0.0348234, 0, 0.0214899, 0, 0.00289159, 0, 0.00151983, 0, 0.0100389, 0, 0.0250347, 0, 0.0330647, 0, 0.00492797, 0, 0.00289159, 0, 0.0183383, 0, 0.00744584, 0, 0.00115253, 0, 0.000331174, 0, 2.48332e-05, 0, 0.000729934, 0, 0.00520665, 0, 0.00617089, 0, 0.00520665, 0, 0.000729934, 0, 0.00492797, 0, 0.0348234, 0, 0.0398446, 0, 0.0348234, 0, 0.00492797, 0, 0.00386556, 0, 0.0250347, 0, 0.018881, 0, 0.0250347, 0, 0.00386556, 0, 0.00151983, 0, 0.00744584, 0, 0.00219151, 0, 0.00744584, 0, 0.00151983, 0, 0.000182978, 0, 0.00062045, 0, 0.000700202, 0, 0.00492917, 0, 0.00520665, 0, 0.00333269, 0, 0.000446027, 0, 0.00289159, 0, 0.0214899, 0, 0.0348234, 0, 0.034238, 0, 0.00489495, 0, 0.00492797, 0, 0.0330647, 0, 0.0250347, 0, 0.0100389, 0, 0.00151983, 0, 0.000331174, 0, 0.00115253, 0, 0.00744584, 0, 0.0183383, 0, 0.00289159, 0, 0.000378236, 0, 0.00237428, 0, 0.00062045, 0, 9.95913e-05, 0, 0.000700202, 0, 0.000729934, 0, 0.000446027, 0, 5.86184e-05, 0, 0.000378236, 0, 0.00289159, 0, 0.00492797, 0, 0.00489495, 0, 0.000700202, 0, 0.000729934, 0, 0.00492797, 0, 0.00386556, 0, 0.00151983, 0, 0.000182978, 0, 2.48332e-05, 0, 0.000331174, 0, 0.00151983, 0, 0.00289159, 0, 0.000446027, 0, 5.86184e-05, 0, 0.000378236, 0, 0.000182978, 0, 2.48332e-05, 0, ]
target_state = [0.00770391, 0, 0.0157452, 0, 0.0195311, 0, 0.0175182, 0, 0.0269383, 0, 0.0195311, 0, 0.0107571, 0, 0.0175182, 0, 0.0157452, 0, 0.00770391, 0, 0.0204892, 0, 0.0338734, 0, 0.0320847, 0, 0.0199199, 0, 0.00770391, 0, 0.0338734, 0, 0.054125, 0, 0.0476665, 0, 0.0276316, 0, 0.0199199, 0, 0.0276316, 0, 0.0320847, 0, 0.0476665, 0, 0.0388459, 0, 0.0476665, 0, 0.0320847, 0, 0.0559772, 0, 0.0697519, 0, 0.0199199, 0, 0.0276316, 0, 0.0476665, 0, 0.054125, 0, 0.0338734, 0, 0.061834, 0, 0.0955366, 0, 0.0697519, 0, 0.00770391, 0, 0.0199199, 0, 0.0320847, 0, 0.0338734, 0, 0.0204892, 0, 0.0378132, 0, 0.061834, 0, 0.0559772, 0, 0.0276316, 0, 0.0157452, 0, 0.0320847, 0, 0.044003, 0, 0.0432427, 0, 0.0254231, 0, 0.045658, 0, 0.0761475, 0, 0.0736037, 0, 0.0476665, 0, 0.0195311, 0, 0.0320847, 0, 0.0559772, 0, 0.0736037, 0, 0.0727769, 0, 0.0432427, 0, 0.0761475, 0, 0.123434, 0, 0.112656, 0, 0.0697519, 0, 0.0476665, 0, 0.0388459, 0, 0.044003, 0, 0.0736037, 0, 0.0780623, 0, 0.0736037, 0, 0.044003, 0, 0.0736037, 0, 0.112656, 0, 0.0977527, 0, 0.112656, 0, 0.0736037, 0, 0.0780623, 0, 0.0977527, 0, 0.0432427, 0, 0.0727769, 0, 0.0736037, 0, 0.0559772, 0, 0.0320847, 0, 0.0476665, 0, 0.0697519, 0, 0.112656, 0, 0.123434, 0, 0.0761475, 0, 0.0857939, 0, 0.133013, 0, 0.0977527, 0, 0.0254231, 0, 0.0432427, 0, 0.044003, 0, 0.0320847, 0, 0.0157452, 0, 0.0195311, 0, 0.0476665, 0, 0.0736037, 0, 0.0761475, 0, 0.045658, 0, 0.0523287, 0, 0.0857939, 0, 0.0780623, 0, 0.0388459, 0, 0.0232394, 0, 0.0404914, 0, 0.0432427, 0, 0.0338734, 0, 0.0175182, 0, 0.0269383, 0, 0.054125, 0, 0.0727769, 0, 0.0705638, 0, 0.0412051, 0, 0.045658, 0, 0.0761475, 0, 0.0736037, 0, 0.0476665, 0, 0.0195311, 0, 0.0404914, 0, 0.0705638, 0, 0.0761475, 0, 0.061834, 0, 0.0338734, 0, 0.054125, 0, 0.0955366, 0, 0.123434, 0, 0.119904, 0, 0.0705638, 0, 0.0761475, 0, 0.123434, 0, 0.112656, 0, 0.0697519, 0, 0.0476665, 0, 0.0276316, 0, 0.0432427, 0, 0.0761475, 0, 0.0857939, 0, 0.0761475, 0, 0.0432427, 0, 0.0727769, 0, 0.123434, 0, 0.133013, 0, 0.123434, 0, 0.0727769, 0, 0.0736037, 0, 0.112656, 0, 0.0977527, 0, 0.112656, 0, 0.0736037, 0, 0.0559772, 0, 0.0697519, 0, 0.0338734, 0, 0.061834, 0, 0.0761475, 0, 0.0705638, 0, 0.0404914, 0, 0.0705638, 0, 0.119904, 0, 0.123434, 0, 0.0955366, 0, 0.054125, 0, 0.0476665, 0, 0.0697519, 0, 0.112656, 0, 0.123434, 0, 0.0761475, 0, 0.061834, 0, 0.0955366, 0, 0.0697519, 0, 0.0175182, 0, 0.0338734, 0, 0.0432427, 0, 0.0404914, 0, 0.0232394, 0, 0.0412051, 0, 0.0705638, 0, 0.0727769, 0, 0.054125, 0, 0.0269383, 0, 0.0195311, 0, 0.0476665, 0, 0.0736037, 0, 0.0761475, 0, 0.045658, 0, 0.0378132, 0, 0.061834, 0, 0.0559772, 0, 0.0276316, 0, 0.0107571, 0, 0.0204892, 0, 0.0254231, 0, 0.0232394, 0, 0.0131547, 0, 0.0232394, 0, 0.0404914, 0, 0.0432427, 0, 0.0338734, 0, 0.0175182, 0, 0.0157452, 0, 0.0320847, 0, 0.044003, 0, 0.0432427, 0, 0.0254231, 0, 0.0204892, 0, 0.0338734, 0, 0.0320847, 0, 0.0199199, 0, 0.00770391, 0, 0.0204892, 0, 0.0378132, 0, 0.045658, 0, 0.0412051, 0, 0.0232394, 0, 0.0404914, 0, 0.0705638, 0, 0.0761475, 0, 0.061834, 0, 0.0338734, 0, 0.0320847, 0, 0.0559772, 0, 0.0736037, 0, 0.0727769, 0, 0.0432427, 0, 0.0338734, 0, 0.054125, 0, 0.0476665, 0, 0.0276316, 0, 0.0199199, 0, 0.00770391, 0, 0.0254231, 0, 0.045658, 0, 0.0523287, 0, 0.045658, 0, 0.0254231, 0, 0.0432427, 0, 0.0761475, 0, 0.0857939, 0, 0.0761475, 0, 0.0432427, 0, 0.044003, 0, 0.0736037, 0, 0.0780623, 0, 0.0736037, 0, 0.044003, 0, 0.0320847, 0, 0.0476665, 0, 0.0388459, 0, 0.0476665, 0, 0.0320847, 0, 0.0157452, 0, 0.0195311, 0, 0.0232394, 0, 0.0412051, 0, 0.045658, 0, 0.0378132, 0, 0.0204892, 0, 0.0338734, 0, 0.061834, 0, 0.0761475, 0, 0.0705638, 0, 0.0404914, 0, 0.0432427, 0, 0.0727769, 0, 0.0736037, 0, 0.0559772, 0, 0.0320847, 0, 0.0199199, 0, 0.0276316, 0, 0.0476665, 0, 0.054125, 0, 0.0338734, 0, 0.0175182, 0, 0.0269383, 0, 0.0195311, 0, 0.0131547, 0, 0.0232394, 0, 0.0254231, 0, 0.0204892, 0, 0.0107571, 0, 0.0175182, 0, 0.0338734, 0, 0.0432427, 0, 0.0404914, 0, 0.0232394, 0, 0.0254231, 0, 0.0432427, 0, 0.044003, 0, 0.0320847, 0, 0.0157452, 0, 0.00770391, 0, 0.0199199, 0, 0.0320847, 0, 0.0338734, 0, 0.0204892, 0, 0.0107571, 0, 0.0175182, 0, 0.0157452, 0, 0.00770391, 0, ]
USE_ENERGY_DISTANCE =     false
PERIODIC =                false
UNIFORM_SITES =           true
DEVICE_DIMENSION =        2
MAX_PARAM =               1
MIN_PARAM =               0
MIN_PARAM =               0
DIAG =                    true
NUM_SEEDS =               2
NUMBER_OF_BANGS =               7
DISTANCE_LIMIT =          0.02
TAU_SCALAR =              1.2
TAU_SCALAR_TINY =         1.1
TAU_SCALAR_BIG =          1.4
ACCEPTANCE_PROB =         0.85
TEMP_EXP_DECAY =          0.8
MIN_TEMP_FRACTION =       0.01
TEMP_DECAY_ITERATIONS =   21
ZERO_TEMP_ITREATIONS =    15
RANDOM_STATES =           3
END_PARAMETERS
##############################################################################
clock_duration  =         5746.83
tau =                     1
total_steps =             32
time_step =               0.03125
best_mc_result =          0.0516921
best_mc_result_non_secondary =          0.0542343
evolved_target_dot_squared =  0.948308
distance =          1
j_protocol =  [[1, 1, 1, 0, 1, 1, 1, 1, 1, 1, 1, 1, 1, 1, 1, 1, 1, 1, 1, 1, 1, 1, 1, 1, 1, 1, 1, 1, 1, 1, 1, 1, ],[1, 1, 1, 1, 0, 1, 1, 1, 1, 1, 1, 1, 1, 1, 1, 1, 1, 1, 1, 1, 1, 1, 1, 1, 1, 1, 1, 1, 1, 1, 1, 1, ],]
k_protocol =  [[0, 1, 1, 1, 1, 1, 1, 1, 1, 1, 1, 1, 0, 1, 0, 1, 1, 1, 1, 1, 1, 1, 1, 1, 0, 1, 1, 1, 1, 1, 1, 1, ],[0, 1, 1, 1, 1, 1, 1, 1, 1, 1, 0, 1, 1, 1, 1, 0, 1, 1, 1, 1, 1, 1, 1, 1, 1, 1, 1, 1, 0, 1, 1, 1, ],]
j_protocol_secondary =  [0, 0.137834, 0.153658, 0.302421, 0.302421, 0.336134, 0.336134, 0.576806, 0.576806, 0.605198, 0.605198, 0.730912, 0.730912, 0.993379, ]
k_protocol_secondary =  [0.0246482, 0.31599, 0.31599, 0.345859, 0.345859, 0.401036, 0.427762, 0.428793, 0.44366, 0.526965, 0.526965, 0.800731, 0.85353, 1, ]
best_evolved_state = [-0.00280159, -0.000201693, -0.00958939, -0.00549212, -0.0136516, -0.000713591, -0.00865441, 0.00167094, -0.0109596, -0.00310392, -0.0136516, -0.000713591, -0.00743038, 0.00140535, -0.00865441, 0.00167094, -0.00958939, -0.00549212, -0.00280159, -0.000201693, -0.0115381, 0.00393619, -0.021015, -0.00293625, -0.0322234, -0.00663293, -0.0139634, -0.00841583, -0.00280159, -0.000201693, -0.021015, -0.00293625, -0.041534, -0.00847995, -0.0408087, -0.00487089, -0.0233609, -0.00760441, -0.0139634, -0.00841583, -0.0233609, -0.00760441, -0.0322234, -0.00663293, -0.0408087, -0.00487089, -0.0331328, -0.00607505, -0.0408087, -0.00487089, -0.0322234, -0.00663293, -0.061737, -0.00740471, -0.0540334, 0.00657026, -0.0139634, -0.00841583, -0.0233609, -0.00760441, -0.0408087, -0.00487089, -0.041534, -0.00847995, -0.021015, -0.00293625, -0.0572011, -0.00350122, -0.0914083, -0.00165664, -0.0540334, 0.00657026, -0.00280159, -0.000201693, -0.0139634, -0.00841583, -0.0322234, -0.00663293, -0.021015, -0.00293625, -0.0115381, 0.00393619, -0.0307781, 0.0038664, -0.0572011, -0.00350122, -0.061737, -0.00740471, -0.0233609, -0.00760441, -0.00958939, -0.00549212, -0.0322234, -0.00663293, -0.042772, 0.00383368, -0.0386946, 0.00264996, -0.0172899, 0.00232509, -0.0451891, 0.0147711, -0.079475, 0.0193735, -0.0842435, 0.00906375, -0.0408087, -0.00487089, -0.0136516, -0.000713591, -0.0322234, -0.00663293, -0.061737, -0.00740471, -0.0842435, 0.00906375, -0.0770316, 0.0057475, -0.0386946, 0.00264996, -0.079475, 0.0193735, -0.132474, 0.0383413, -0.11283, 0.029075, -0.0540334, 0.00657026, -0.0408087, -0.00487089, -0.0331328, -0.00607505, -0.042772, 0.00383368, -0.0842435, 0.00906375, -0.0949842, 0.0226829, -0.0842435, 0.00906375, -0.042772, 0.00383368, -0.0842435, 0.00906375, -0.11283, 0.029075, -0.0743779, 0.0315557, -0.11283, 0.029075, -0.0842435, 0.00906375, -0.0949842, 0.0226829, -0.0743779, 0.0315557, -0.0386946, 0.00264996, -0.0770316, 0.0057475, -0.0842435, 0.00906375, -0.061737, -0.00740471, -0.0322234, -0.00663293, -0.0408087, -0.00487089, -0.0540334, 0.00657026, -0.11283, 0.029075, -0.132474, 0.0383413, -0.079475, 0.0193735, -0.0834264, 0.0213203, -0.133249, 0.0367462, -0.0743779, 0.0315557, -0.0172899, 0.00232509, -0.0386946, 0.00264996, -0.042772, 0.00383368, -0.0322234, -0.00663293, -0.00958939, -0.00549212, -0.0136516, -0.000713591, -0.0408087, -0.00487089, -0.0842435, 0.00906375, -0.079475, 0.0193735, -0.0451891, 0.0147711, -0.0410566, 0.0226183, -0.0834264, 0.0213203, -0.0949842, 0.0226829, -0.0331328, -0.00607505, -0.0102743, 0.0165824, -0.01908, 0.0130899, -0.0386946, 0.00264996, -0.021015, -0.00293625, -0.00865441, 0.00167094, -0.0109596, -0.00310392, -0.041534, -0.00847995, -0.0770316, 0.0057475, -0.0571801, 0.0110386, -0.0267935, 0.0156286, -0.0451891, 0.0147711, -0.079475, 0.0193735, -0.0842435, 0.00906375, -0.0408087, -0.00487089, -0.0136516, -0.000713591, -0.01908, 0.0130899, -0.0571801, 0.0110386, -0.079475, 0.0193735, -0.0572011, -0.00350122, -0.021015, -0.00293625, -0.041534, -0.00847995, -0.0914083, -0.00165664, -0.132474, 0.0383413, -0.128287, 0.0251582, -0.0571801, 0.0110386, -0.079475, 0.0193735, -0.132474, 0.0383413, -0.11283, 0.029075, -0.0540334, 0.00657026, -0.0408087, -0.00487089, -0.0233609, -0.00760441, -0.0386946, 0.00264996, -0.079475, 0.0193735, -0.0834264, 0.0213203, -0.079475, 0.0193735, -0.0386946, 0.00264996, -0.0770316, 0.0057475, -0.132474, 0.0383413, -0.133249, 0.0367462, -0.132474, 0.0383413, -0.0770316, 0.0057475, -0.0842435, 0.00906375, -0.11283, 0.029075, -0.0743779, 0.0315557, -0.11283, 0.029075, -0.0842435, 0.00906375, -0.061737, -0.00740471, -0.0540334, 0.00657026, -0.021015, -0.00293625, -0.0572011, -0.00350122, -0.079475, 0.0193735, -0.0571801, 0.0110386, -0.01908, 0.0130899, -0.0571801, 0.0110386, -0.128287, 0.0251582, -0.132474, 0.0383413, -0.0914083, -0.00165664, -0.041534, -0.00847995, -0.0408087, -0.00487089, -0.0540334, 0.00657026, -0.11283, 0.029075, -0.132474, 0.0383413, -0.079475, 0.0193735, -0.0572011, -0.00350122, -0.0914083, -0.00165664, -0.0540334, 0.00657026, -0.00865441, 0.00167094, -0.021015, -0.00293625, -0.0386946, 0.00264996, -0.01908, 0.0130899, -0.0102743, 0.0165824, -0.0267935, 0.0156286, -0.0571801, 0.0110386, -0.0770316, 0.0057475, -0.041534, -0.00847995, -0.0109596, -0.00310392, -0.0136516, -0.000713591, -0.0408087, -0.00487089, -0.0842435, 0.00906375, -0.079475, 0.0193735, -0.0451891, 0.0147711, -0.0307781, 0.0038664, -0.0572011, -0.00350122, -0.061737, -0.00740471, -0.0233609, -0.00760441, -0.00743038, 0.00140535, -0.0115381, 0.00393619, -0.0172899, 0.00232509, -0.0102743, 0.0165824, -0.00953469, 0.013101, -0.0102743, 0.0165824, -0.01908, 0.0130899, -0.0386946, 0.00264996, -0.021015, -0.00293625, -0.00865441, 0.00167094, -0.00958939, -0.00549212, -0.0322234, -0.00663293, -0.042772, 0.00383368, -0.0386946, 0.00264996, -0.0172899, 0.00232509, -0.0115381, 0.00393619, -0.021015, -0.00293625, -0.0322234, -0.00663293, -0.0139634, -0.00841583, -0.00280159, -0.000201693, -0.0115381, 0.00393619, -0.0307781, 0.0038664, -0.0451891, 0.0147711, -0.0267935, 0.0156286, -0.0102743, 0.0165824, -0.01908, 0.0130899, -0.0571801, 0.0110386, -0.079475, 0.0193735, -0.0572011, -0.00350122, -0.021015, -0.00293625, -0.0322234, -0.00663293, -0.061737, -0.00740471, -0.0842435, 0.00906375, -0.0770316, 0.0057475, -0.0386946, 0.00264996, -0.021015, -0.00293625, -0.041534, -0.00847995, -0.0408087, -0.00487089, -0.0233609, -0.00760441, -0.0139634, -0.00841583, -0.00280159, -0.000201693, -0.0172899, 0.00232509, -0.0451891, 0.0147711, -0.0410566, 0.0226183, -0.0451891, 0.0147711, -0.0172899, 0.00232509, -0.0386946, 0.00264996, -0.079475, 0.0193735, -0.0834264, 0.0213203, -0.079475, 0.0193735, -0.0386946, 0.00264996, -0.042772, 0.00383368, -0.0842435, 0.00906375, -0.0949842, 0.0226829, -0.0842435, 0.00906375, -0.042772, 0.00383368, -0.0322234, -0.00663293, -0.0408087, -0.00487089, -0.0331328, -0.00607505, -0.0408087, -0.00487089, -0.0322234, -0.00663293, -0.00958939, -0.00549212, -0.0136516, -0.000713591, -0.0102743, 0.0165824, -0.0267935, 0.0156286, -0.0451891, 0.0147711, -0.0307781, 0.0038664, -0.0115381, 0.00393619, -0.021015, -0.00293625, -0.0572011, -0.00350122, -0.079475, 0.0193735, -0.0571801, 0.0110386, -0.01908, 0.0130899, -0.0386946, 0.00264996, -0.0770316, 0.0057475, -0.0842435, 0.00906375, -0.061737, -0.00740471, -0.0322234, -0.00663293, -0.0139634, -0.00841583, -0.0233609, -0.00760441, -0.0408087, -0.00487089, -0.041534, -0.00847995, -0.021015, -0.00293625, -0.00865441, 0.00167094, -0.0109596, -0.00310392, -0.0136516, -0.000713591, -0.00953469, 0.013101, -0.0102743, 0.0165824, -0.0172899, 0.00232509, -0.0115381, 0.00393619, -0.00743038, 0.00140535, -0.00865441, 0.00167094, -0.021015, -0.00293625, -0.0386946, 0.00264996, -0.01908, 0.0130899, -0.0102743, 0.0165824, -0.0172899, 0.00232509, -0.0386946, 0.00264996, -0.042772, 0.00383368, -0.0322234, -0.00663293, -0.00958939, -0.00549212, -0.00280159, -0.000201693, -0.0139634, -0.00841583, -0.0322234, -0.00663293, -0.021015, -0.00293625, -0.0115381, 0.00393619, -0.00743038, 0.00140535, -0.00865441, 0.00167094, -0.00958939, -0.00549212, -0.00280159, -0.000201693, ]
best_mc_result_fixed_tau =   [0.0542343, 0.054721, ]
evolved_state_fixed_tau =   [[-0.00269775, -0.000613404, -0.00959441, -0.00562727, -0.0118469, -0.00179711, -0.00900727, 0.0009098, -0.0110912, -0.003152, -0.0118469, -0.00179711, -0.00746885, 0.00101133, -0.00900727, 0.0009098, -0.00959441, -0.00562727, -0.00269775, -0.000613404, -0.0126984, 0.003154, -0.0213897, -0.00409645, -0.0314505, -0.00986009, -0.014582, -0.00990467, -0.00269775, -0.000613404, -0.0213897, -0.00409645, -0.0401115, -0.0118327, -0.0421791, -0.00861279, -0.0206235, -0.00900835, -0.014582, -0.00990467, -0.0206235, -0.00900835, -0.0314505, -0.00986009, -0.0421791, -0.00861279, -0.0292608, -0.00652153, -0.0421791, -0.00861279, -0.0314505, -0.00986009, -0.0611184, -0.014223, -0.0508858, 0.0012261, -0.014582, -0.00990467, -0.0206235, -0.00900835, -0.0421791, -0.00861279, -0.0401115, -0.0118327, -0.0213897, -0.00409645, -0.0560019, -0.00798025, -0.0883949, -0.0105778, -0.0508858, 0.0012261, -0.00269775, -0.000613404, -0.014582, -0.00990467, -0.0314505, -0.00986009, -0.0213897, -0.00409645, -0.0126984, 0.003154, -0.0322768, 0.00184661, -0.0560019, -0.00798025, -0.0611184, -0.014223, -0.0206235, -0.00900835, -0.00959441, -0.00562727, -0.0314505, -0.00986009, -0.044216, -0.000365291, -0.0376073, 0.000342871, -0.0177837, 0.00277319, -0.0464365, 0.0112199, -0.0809603, 0.0105828, -0.086521, 0.00133883, -0.0421791, -0.00861279, -0.0118469, -0.00179711, -0.0314505, -0.00986009, -0.0611184, -0.014223, -0.086521, 0.00133883, -0.0757697, -0.00304929, -0.0376073, 0.000342871, -0.0809603, 0.0105828, -0.137039, 0.0236711, -0.115548, 0.0221921, -0.0508858, 0.0012261, -0.0421791, -0.00861279, -0.0292608, -0.00652153, -0.044216, -0.000365291, -0.086521, 0.00133883, -0.0982634, 0.0135017, -0.086521, 0.00133883, -0.044216, -0.000365291, -0.086521, 0.00133883, -0.115548, 0.0221921, -0.0714383, 0.0228364, -0.115548, 0.0221921, -0.086521, 0.00133883, -0.0982634, 0.0135017, -0.0714383, 0.0228364, -0.0376073, 0.000342871, -0.0757697, -0.00304929, -0.086521, 0.00133883, -0.0611184, -0.014223, -0.0314505, -0.00986009, -0.0421791, -0.00861279, -0.0508858, 0.0012261, -0.115548, 0.0221921, -0.137039, 0.0236711, -0.0809603, 0.0105828, -0.0854326, 0.0163463, -0.132859, 0.0262376, -0.0714383, 0.0228364, -0.0177837, 0.00277319, -0.0376073, 0.000342871, -0.044216, -0.000365291, -0.0314505, -0.00986009, -0.00959441, -0.00562727, -0.0118469, -0.00179711, -0.0421791, -0.00861279, -0.086521, 0.00133883, -0.0809603, 0.0105828, -0.0464365, 0.0112199, -0.0454395, 0.0209288, -0.0854326, 0.0163463, -0.0982634, 0.0135017, -0.0292608, -0.00652153, -0.0134943, 0.0160439, -0.0219966, 0.0137433, -0.0376073, 0.000342871, -0.0213897, -0.00409645, -0.00900727, 0.0009098, -0.0110912, -0.003152, -0.0401115, -0.0118327, -0.0757697, -0.00304929, -0.0566266, 0.00797973, -0.0298186, 0.0147977, -0.0464365, 0.0112199, -0.0809603, 0.0105828, -0.086521, 0.00133883, -0.0421791, -0.00861279, -0.0118469, -0.00179711, -0.0219966, 0.0137433, -0.0566266, 0.00797973, -0.0809603, 0.0105828, -0.0560019, -0.00798025, -0.0213897, -0.00409645, -0.0401115, -0.0118327, -0.0883949, -0.0105778, -0.137039, 0.0236711, -0.125444, 0.00979092, -0.0566266, 0.00797973, -0.0809603, 0.0105828, -0.137039, 0.0236711, -0.115548, 0.0221921, -0.0508858, 0.0012261, -0.0421791, -0.00861279, -0.0206235, -0.00900835, -0.0376073, 0.000342871, -0.0809603, 0.0105828, -0.0854326, 0.0163463, -0.0809603, 0.0105828, -0.0376073, 0.000342871, -0.0757697, -0.00304929, -0.137039, 0.0236711, -0.132859, 0.0262376, -0.137039, 0.0236711, -0.0757697, -0.00304929, -0.086521, 0.00133883, -0.115548, 0.0221921, -0.0714383, 0.0228364, -0.115548, 0.0221921, -0.086521, 0.00133883, -0.0611184, -0.014223, -0.0508858, 0.0012261, -0.0213897, -0.00409645, -0.0560019, -0.00798025, -0.0809603, 0.0105828, -0.0566266, 0.00797973, -0.0219966, 0.0137433, -0.0566266, 0.00797973, -0.125444, 0.00979092, -0.137039, 0.0236711, -0.0883949, -0.0105778, -0.0401115, -0.0118327, -0.0421791, -0.00861279, -0.0508858, 0.0012261, -0.115548, 0.0221921, -0.137039, 0.0236711, -0.0809603, 0.0105828, -0.0560019, -0.00798025, -0.0883949, -0.0105778, -0.0508858, 0.0012261, -0.00900727, 0.0009098, -0.0213897, -0.00409645, -0.0376073, 0.000342871, -0.0219966, 0.0137433, -0.0134943, 0.0160439, -0.0298186, 0.0147977, -0.0566266, 0.00797973, -0.0757697, -0.00304929, -0.0401115, -0.0118327, -0.0110912, -0.003152, -0.0118469, -0.00179711, -0.0421791, -0.00861279, -0.086521, 0.00133883, -0.0809603, 0.0105828, -0.0464365, 0.0112199, -0.0322768, 0.00184661, -0.0560019, -0.00798025, -0.0611184, -0.014223, -0.0206235, -0.00900835, -0.00746885, 0.00101133, -0.0126984, 0.003154, -0.0177837, 0.00277319, -0.0134943, 0.0160439, -0.0111168, 0.0120703, -0.0134943, 0.0160439, -0.0219966, 0.0137433, -0.0376073, 0.000342871, -0.0213897, -0.00409645, -0.00900727, 0.0009098, -0.00959441, -0.00562727, -0.0314505, -0.00986009, -0.044216, -0.000365291, -0.0376073, 0.000342871, -0.0177837, 0.00277319, -0.0126984, 0.003154, -0.0213897, -0.00409645, -0.0314505, -0.00986009, -0.014582, -0.00990467, -0.00269775, -0.000613404, -0.0126984, 0.003154, -0.0322768, 0.00184661, -0.0464365, 0.0112199, -0.0298186, 0.0147977, -0.0134943, 0.0160439, -0.0219966, 0.0137433, -0.0566266, 0.00797973, -0.0809603, 0.0105828, -0.0560019, -0.00798025, -0.0213897, -0.00409645, -0.0314505, -0.00986009, -0.0611184, -0.014223, -0.086521, 0.00133883, -0.0757697, -0.00304929, -0.0376073, 0.000342871, -0.0213897, -0.00409645, -0.0401115, -0.0118327, -0.0421791, -0.00861279, -0.0206235, -0.00900835, -0.014582, -0.00990467, -0.00269775, -0.000613404, -0.0177837, 0.00277319, -0.0464365, 0.0112199, -0.0454395, 0.0209288, -0.0464365, 0.0112199, -0.0177837, 0.00277319, -0.0376073, 0.000342871, -0.0809603, 0.0105828, -0.0854326, 0.0163463, -0.0809603, 0.0105828, -0.0376073, 0.000342871, -0.044216, -0.000365291, -0.086521, 0.00133883, -0.0982634, 0.0135017, -0.086521, 0.00133883, -0.044216, -0.000365291, -0.0314505, -0.00986009, -0.0421791, -0.00861279, -0.0292608, -0.00652153, -0.0421791, -0.00861279, -0.0314505, -0.00986009, -0.00959441, -0.00562727, -0.0118469, -0.00179711, -0.0134943, 0.0160439, -0.0298186, 0.0147977, -0.0464365, 0.0112199, -0.0322768, 0.00184661, -0.0126984, 0.003154, -0.0213897, -0.00409645, -0.0560019, -0.00798025, -0.0809603, 0.0105828, -0.0566266, 0.00797973, -0.0219966, 0.0137433, -0.0376073, 0.000342871, -0.0757697, -0.00304929, -0.086521, 0.00133883, -0.0611184, -0.014223, -0.0314505, -0.00986009, -0.014582, -0.00990467, -0.0206235, -0.00900835, -0.0421791, -0.00861279, -0.0401115, -0.0118327, -0.0213897, -0.00409645, -0.00900727, 0.0009098, -0.0110912, -0.003152, -0.0118469, -0.00179711, -0.0111168, 0.0120703, -0.0134943, 0.0160439, -0.0177837, 0.00277319, -0.0126984, 0.003154, -0.00746885, 0.00101133, -0.00900727, 0.0009098, -0.0213897, -0.00409645, -0.0376073, 0.000342871, -0.0219966, 0.0137433, -0.0134943, 0.0160439, -0.0177837, 0.00277319, -0.0376073, 0.000342871, -0.044216, -0.000365291, -0.0314505, -0.00986009, -0.00959441, -0.00562727, -0.00269775, -0.000613404, -0.014582, -0.00990467, -0.0314505, -0.00986009, -0.0213897, -0.00409645, -0.0126984, 0.003154, -0.00746885, 0.00101133, -0.00900727, 0.0009098, -0.00959441, -0.00562727, -0.00269775, -0.000613404, ],[-0.00261189, -0.000983861, -0.00877168, -0.00562073, -0.0122727, -0.00328921, -0.00868593, 0.000806165, -0.0104868, -0.00332292, -0.0122727, -0.00328921, -0.00713341, 0.000774396, -0.00868593, 0.000806165, -0.00877168, -0.00562073, -0.00261189, -0.000983861, -0.0119724, 0.00298471, -0.02064, -0.00419992, -0.0310302, -0.00980839, -0.0137807, -0.00891946, -0.00261189, -0.000983861, -0.02064, -0.00419992, -0.040357, -0.0119555, -0.040944, -0.00744251, -0.020721, -0.0106578, -0.0137807, -0.00891946, -0.020721, -0.0106578, -0.0310302, -0.00980839, -0.040944, -0.00744251, -0.0294165, -0.0100721, -0.040944, -0.00744251, -0.0310302, -0.00980839, -0.0608011, -0.0130915, -0.0526707, -0.00263128, -0.0137807, -0.00891946, -0.020721, -0.0106578, -0.040944, -0.00744251, -0.040357, -0.0119555, -0.02064, -0.00419992, -0.0560678, -0.00816298, -0.0902602, -0.00967071, -0.0526707, -0.00263128, -0.00261189, -0.000983861, -0.0137807, -0.00891946, -0.0310302, -0.00980839, -0.02064, -0.00419992, -0.0119724, 0.00298471, -0.0310813, 0.0017584, -0.0560678, -0.00816298, -0.0608011, -0.0130915, -0.020721, -0.0106578, -0.00877168, -0.00562073, -0.0310302, -0.00980839, -0.0429511, -0.000556986, -0.0369835, -0.000663624, -0.0166523, 0.0018227, -0.0453722, 0.0104469, -0.0809816, 0.0107326, -0.0859534, 0.00143229, -0.040944, -0.00744251, -0.0122727, -0.00328921, -0.0310302, -0.00980839, -0.0608011, -0.0130915, -0.0859534, 0.00143229, -0.0763442, -0.00305298, -0.0369835, -0.000663624, -0.0809816, 0.0107326, -0.139315, 0.0252749, -0.114792, 0.0233109, -0.0526707, -0.00263128, -0.040944, -0.00744251, -0.0294165, -0.0100721, -0.0429511, -0.000556986, -0.0859534, 0.00143229, -0.0963786, 0.0141347, -0.0859534, 0.00143229, -0.0429511, -0.000556986, -0.0859534, 0.00143229, -0.114792, 0.0233109, -0.0754046, 0.0165318, -0.114792, 0.0233109, -0.0859534, 0.00143229, -0.0963786, 0.0141347, -0.0754046, 0.0165318, -0.0369835, -0.000663624, -0.0763442, -0.00305298, -0.0859534, 0.00143229, -0.0608011, -0.0130915, -0.0310302, -0.00980839, -0.040944, -0.00744251, -0.0526707, -0.00263128, -0.114792, 0.0233109, -0.139315, 0.0252749, -0.0809816, 0.0107326, -0.0846254, 0.0153395, -0.13403, 0.026603, -0.0754046, 0.0165318, -0.0166523, 0.0018227, -0.0369835, -0.000663624, -0.0429511, -0.000556986, -0.0310302, -0.00980839, -0.00877168, -0.00562073, -0.0122727, -0.00328921, -0.040944, -0.00744251, -0.0859534, 0.00143229, -0.0809816, 0.0107326, -0.0453722, 0.0104469, -0.0434402, 0.0198891, -0.0846254, 0.0153395, -0.0963786, 0.0141347, -0.0294165, -0.0100721, -0.012545, 0.0156669, -0.0205994, 0.0130836, -0.0369835, -0.000663624, -0.02064, -0.00419992, -0.00868593, 0.000806165, -0.0104868, -0.00332292, -0.040357, -0.0119555, -0.0763442, -0.00305298, -0.0563823, 0.00722384, -0.0284296, 0.0144101, -0.0453722, 0.0104469, -0.0809816, 0.0107326, -0.0859534, 0.00143229, -0.040944, -0.00744251, -0.0122727, -0.00328921, -0.0205994, 0.0130836, -0.0563823, 0.00722384, -0.0809816, 0.0107326, -0.0560678, -0.00816298, -0.02064, -0.00419992, -0.040357, -0.0119555, -0.0902602, -0.00967071, -0.139315, 0.0252749, -0.128915, 0.010888, -0.0563823, 0.00722384, -0.0809816, 0.0107326, -0.139315, 0.0252749, -0.114792, 0.0233109, -0.0526707, -0.00263128, -0.040944, -0.00744251, -0.020721, -0.0106578, -0.0369835, -0.000663624, -0.0809816, 0.0107326, -0.0846254, 0.0153395, -0.0809816, 0.0107326, -0.0369835, -0.000663624, -0.0763442, -0.00305298, -0.139315, 0.0252749, -0.13403, 0.026603, -0.139315, 0.0252749, -0.0763442, -0.00305298, -0.0859534, 0.00143229, -0.114792, 0.0233109, -0.0754046, 0.0165318, -0.114792, 0.0233109, -0.0859534, 0.00143229, -0.0608011, -0.0130915, -0.0526707, -0.00263128, -0.02064, -0.00419992, -0.0560678, -0.00816298, -0.0809816, 0.0107326, -0.0563823, 0.00722384, -0.0205994, 0.0130836, -0.0563823, 0.00722384, -0.128915, 0.010888, -0.139315, 0.0252749, -0.0902602, -0.00967071, -0.040357, -0.0119555, -0.040944, -0.00744251, -0.0526707, -0.00263128, -0.114792, 0.0233109, -0.139315, 0.0252749, -0.0809816, 0.0107326, -0.0560678, -0.00816298, -0.0902602, -0.00967071, -0.0526707, -0.00263128, -0.00868593, 0.000806165, -0.02064, -0.00419992, -0.0369835, -0.000663624, -0.0205994, 0.0130836, -0.012545, 0.0156669, -0.0284296, 0.0144101, -0.0563823, 0.00722384, -0.0763442, -0.00305298, -0.040357, -0.0119555, -0.0104868, -0.00332292, -0.0122727, -0.00328921, -0.040944, -0.00744251, -0.0859534, 0.00143229, -0.0809816, 0.0107326, -0.0453722, 0.0104469, -0.0310813, 0.0017584, -0.0560678, -0.00816298, -0.0608011, -0.0130915, -0.020721, -0.0106578, -0.00713341, 0.000774396, -0.0119724, 0.00298471, -0.0166523, 0.0018227, -0.012545, 0.0156669, -0.0106655, 0.0115638, -0.012545, 0.0156669, -0.0205994, 0.0130836, -0.0369835, -0.000663624, -0.02064, -0.00419992, -0.00868593, 0.000806165, -0.00877168, -0.00562073, -0.0310302, -0.00980839, -0.0429511, -0.000556986, -0.0369835, -0.000663624, -0.0166523, 0.0018227, -0.0119724, 0.00298471, -0.02064, -0.00419992, -0.0310302, -0.00980839, -0.0137807, -0.00891946, -0.00261189, -0.000983861, -0.0119724, 0.00298471, -0.0310813, 0.0017584, -0.0453722, 0.0104469, -0.0284296, 0.0144101, -0.012545, 0.0156669, -0.0205994, 0.0130836, -0.0563823, 0.00722384, -0.0809816, 0.0107326, -0.0560678, -0.00816298, -0.02064, -0.00419992, -0.0310302, -0.00980839, -0.0608011, -0.0130915, -0.0859534, 0.00143229, -0.0763442, -0.00305298, -0.0369835, -0.000663624, -0.02064, -0.00419992, -0.040357, -0.0119555, -0.040944, -0.00744251, -0.020721, -0.0106578, -0.0137807, -0.00891946, -0.00261189, -0.000983861, -0.0166523, 0.0018227, -0.0453722, 0.0104469, -0.0434402, 0.0198891, -0.0453722, 0.0104469, -0.0166523, 0.0018227, -0.0369835, -0.000663624, -0.0809816, 0.0107326, -0.0846254, 0.0153395, -0.0809816, 0.0107326, -0.0369835, -0.000663624, -0.0429511, -0.000556986, -0.0859534, 0.00143229, -0.0963786, 0.0141347, -0.0859534, 0.00143229, -0.0429511, -0.000556986, -0.0310302, -0.00980839, -0.040944, -0.00744251, -0.0294165, -0.0100721, -0.040944, -0.00744251, -0.0310302, -0.00980839, -0.00877168, -0.00562073, -0.0122727, -0.00328921, -0.012545, 0.0156669, -0.0284296, 0.0144101, -0.0453722, 0.0104469, -0.0310813, 0.0017584, -0.0119724, 0.00298471, -0.02064, -0.00419992, -0.0560678, -0.00816298, -0.0809816, 0.0107326, -0.0563823, 0.00722384, -0.0205994, 0.0130836, -0.0369835, -0.000663624, -0.0763442, -0.00305298, -0.0859534, 0.00143229, -0.0608011, -0.0130915, -0.0310302, -0.00980839, -0.0137807, -0.00891946, -0.020721, -0.0106578, -0.040944, -0.00744251, -0.040357, -0.0119555, -0.02064, -0.00419992, -0.00868593, 0.000806165, -0.0104868, -0.00332292, -0.0122727, -0.00328921, -0.0106655, 0.0115638, -0.012545, 0.0156669, -0.0166523, 0.0018227, -0.0119724, 0.00298471, -0.00713341, 0.000774396, -0.00868593, 0.000806165, -0.02064, -0.00419992, -0.0369835, -0.000663624, -0.0205994, 0.0130836, -0.012545, 0.0156669, -0.0166523, 0.0018227, -0.0369835, -0.000663624, -0.0429511, -0.000556986, -0.0310302, -0.00980839, -0.00877168, -0.00562073, -0.00261189, -0.000983861, -0.0137807, -0.00891946, -0.0310302, -0.00980839, -0.02064, -0.00419992, -0.0119724, 0.00298471, -0.00713341, 0.000774396, -0.00868593, 0.000806165, -0.00877168, -0.00562073, -0.00261189, -0.000983861, ],]
