START_PARAMETERS
MAX_STEPS_MCDB =               32
MIN_STEPS_MCDB =               4
STEPS_CRUNCH_MCDB =            1
SWEEPS_MCDB =                  100
TOTAL_STEP_CHANGES =                  6
MCBB_SECONDARY =                  1
SWEEPS_MCBB_SECONDARY =                  250
NUMBER_OF_BANGS =                  7
GROUND_E =                3.03603
INITIAL_E =               3.58733
j_initial =               0.127
k_initial =               0.5
b_initial =               0
j_target =                0.51
k_target =                0.25
b_target =                0
init_target_dot_squared = 0.692231
init_state = [-7.94273e-06, 0, -7.35542e-05, 0, -0.000312618, 0, -0.000183195, 0, -0.00149289, 0, -0.000312618, 0, -2.20567e-05, 0, -0.000183195, 0, -7.35542e-05, 0, -7.94273e-06, 0, -0.00021155, 0, -0.0017631, 0, -0.000774922, 0, -0.000136643, 0, -7.94273e-06, 0, -0.0017631, 0, -0.0144671, 0, -0.00481163, 0, -0.000586674, 0, -0.000136643, 0, -0.000586674, 0, -0.000774922, 0, -0.00481163, 0, -0.00113384, 0, -0.00481163, 0, -0.000774922, 0, -0.00648312, 0, -0.0224341, 0, -0.000136643, 0, -0.000586674, 0, -0.00481163, 0, -0.0144671, 0, -0.0017631, 0, -0.0166277, 0, -0.13495, 0, -0.0224341, 0, -7.94273e-06, 0, -0.000136643, 0, -0.000774922, 0, -0.0017631, 0, -0.00021155, 0, -0.00200201, 0, -0.0166277, 0, -0.00648312, 0, -0.000586674, 0, -7.35542e-05, 0, -0.000774922, 0, -0.00226566, 0, -0.00307779, 0, -0.00035609, 0, -0.0032264, 0, -0.0277117, 0, -0.0188555, 0, -0.00481163, 0, -0.000312618, 0, -0.000774922, 0, -0.00648312, 0, -0.0188555, 0, -0.0264941, 0, -0.00307779, 0, -0.0277117, 0, -0.236443, 0, -0.149323, 0, -0.0224341, 0, -0.00481163, 0, -0.00113384, 0, -0.00226566, 0, -0.0188555, 0, -0.0124098, 0, -0.0188555, 0, -0.00226566, 0, -0.0188555, 0, -0.149323, 0, -0.0431242, 0, -0.149323, 0, -0.0188555, 0, -0.0124098, 0, -0.0431242, 0, -0.00307779, 0, -0.0264941, 0, -0.0188555, 0, -0.00648312, 0, -0.000774922, 0, -0.00481163, 0, -0.0224341, 0, -0.149323, 0, -0.236443, 0, -0.0277117, 0, -0.0313661, 0, -0.254743, 0, -0.0431242, 0, -0.00035609, 0, -0.00307779, 0, -0.00226566, 0, -0.000774922, 0, -7.35542e-05, 0, -0.000312618, 0, -0.00481163, 0, -0.0188555, 0, -0.0277117, 0, -0.0032264, 0, -0.00377331, 0, -0.0313661, 0, -0.0124098, 0, -0.00113384, 0, -0.000348333, 0, -0.00310515, 0, -0.00307779, 0, -0.0017631, 0, -0.000183195, 0, -0.00149289, 0, -0.0144671, 0, -0.0264941, 0, -0.0276961, 0, -0.00311998, 0, -0.0032264, 0, -0.0277117, 0, -0.0188555, 0, -0.00481163, 0, -0.000312618, 0, -0.00310515, 0, -0.0276961, 0, -0.0277117, 0, -0.0166277, 0, -0.0017631, 0, -0.0144671, 0, -0.13495, 0, -0.236443, 0, -0.245855, 0, -0.0276961, 0, -0.0277117, 0, -0.236443, 0, -0.149323, 0, -0.0224341, 0, -0.00481163, 0, -0.000586674, 0, -0.00307779, 0, -0.0277117, 0, -0.0313661, 0, -0.0277117, 0, -0.00307779, 0, -0.0264941, 0, -0.236443, 0, -0.254743, 0, -0.236443, 0, -0.0264941, 0, -0.0188555, 0, -0.149323, 0, -0.0431242, 0, -0.149323, 0, -0.0188555, 0, -0.00648312, 0, -0.0224341, 0, -0.0017631, 0, -0.0166277, 0, -0.0277117, 0, -0.0276961, 0, -0.00310515, 0, -0.0276961, 0, -0.245855, 0, -0.236443, 0, -0.13495, 0, -0.0144671, 0, -0.00481163, 0, -0.0224341, 0, -0.149323, 0, -0.236443, 0, -0.0277117, 0, -0.0166277, 0, -0.13495, 0, -0.0224341, 0, -0.000183195, 0, -0.0017631, 0, -0.00307779, 0, -0.00310515, 0, -0.000348333, 0, -0.00311998, 0, -0.0276961, 0, -0.0264941, 0, -0.0144671, 0, -0.00149289, 0, -0.000312618, 0, -0.00481163, 0, -0.0188555, 0, -0.0277117, 0, -0.0032264, 0, -0.00200201, 0, -0.0166277, 0, -0.00648312, 0, -0.000586674, 0, -2.20567e-05, 0, -0.00021155, 0, -0.00035609, 0, -0.000348333, 0, -3.89269e-05, 0, -0.000348333, 0, -0.00310515, 0, -0.00307779, 0, -0.0017631, 0, -0.000183195, 0, -7.35542e-05, 0, -0.000774922, 0, -0.00226566, 0, -0.00307779, 0, -0.00035609, 0, -0.00021155, 0, -0.0017631, 0, -0.000774922, 0, -0.000136643, 0, -7.94273e-06, 0, -0.00021155, 0, -0.00200201, 0, -0.0032264, 0, -0.00311998, 0, -0.000348333, 0, -0.00310515, 0, -0.0276961, 0, -0.0277117, 0, -0.0166277, 0, -0.0017631, 0, -0.000774922, 0, -0.00648312, 0, -0.0188555, 0, -0.0264941, 0, -0.00307779, 0, -0.0017631, 0, -0.0144671, 0, -0.00481163, 0, -0.000586674, 0, -0.000136643, 0, -7.94273e-06, 0, -0.00035609, 0, -0.0032264, 0, -0.00377331, 0, -0.0032264, 0, -0.00035609, 0, -0.00307779, 0, -0.0277117, 0, -0.0313661, 0, -0.0277117, 0, -0.00307779, 0, -0.00226566, 0, -0.0188555, 0, -0.0124098, 0, -0.0188555, 0, -0.00226566, 0, -0.000774922, 0, -0.00481163, 0, -0.00113384, 0, -0.00481163, 0, -0.000774922, 0, -7.35542e-05, 0, -0.000312618, 0, -0.000348333, 0, -0.00311998, 0, -0.0032264, 0, -0.00200201, 0, -0.00021155, 0, -0.0017631, 0, -0.0166277, 0, -0.0277117, 0, -0.0276961, 0, -0.00310515, 0, -0.00307779, 0, -0.0264941, 0, -0.0188555, 0, -0.00648312, 0, -0.000774922, 0, -0.000136643, 0, -0.000586674, 0, -0.00481163, 0, -0.0144671, 0, -0.0017631, 0, -0.000183195, 0, -0.00149289, 0, -0.000312618, 0, -3.89269e-05, 0, -0.000348333, 0, -0.00035609, 0, -0.00021155, 0, -2.20567e-05, 0, -0.000183195, 0, -0.0017631, 0, -0.00307779, 0, -0.00310515, 0, -0.000348333, 0, -0.00035609, 0, -0.00307779, 0, -0.00226566, 0, -0.000774922, 0, -7.35542e-05, 0, -7.94273e-06, 0, -0.000136643, 0, -0.000774922, 0, -0.0017631, 0, -0.00021155, 0, -2.20567e-05, 0, -0.000183195, 0, -7.35542e-05, 0, -7.94273e-06, 0, ]
target_state = [0.00241533, 0, 0.00669667, 0, 0.00982815, 0, 0.00796024, 0, 0.0163798, 0, 0.00982815, 0, 0.0036142, 0, 0.00796024, 0, 0.00669667, 0, 0.00241533, 0, 0.00962875, 0, 0.0214922, 0, 0.0192057, 0, 0.00959017, 0, 0.00241533, 0, 0.0214922, 0, 0.0458675, 0, 0.0362918, 0, 0.0156487, 0, 0.00959017, 0, 0.0156487, 0, 0.0192057, 0, 0.0362918, 0, 0.024633, 0, 0.0362918, 0, 0.0192057, 0, 0.0452074, 0, 0.063981, 0, 0.00959017, 0, 0.0156487, 0, 0.0362918, 0, 0.0458675, 0, 0.0214922, 0, 0.054345, 0, 0.111022, 0, 0.063981, 0, 0.00241533, 0, 0.00959017, 0, 0.0192057, 0, 0.0214922, 0, 0.00962875, 0, 0.0247196, 0, 0.054345, 0, 0.0452074, 0, 0.0156487, 0, 0.00669667, 0, 0.0192057, 0, 0.0299981, 0, 0.0300408, 0, 0.0129612, 0, 0.0320928, 0, 0.0725914, 0, 0.0673337, 0, 0.0362918, 0, 0.00982815, 0, 0.0192057, 0, 0.0452074, 0, 0.0673337, 0, 0.0685665, 0, 0.0300408, 0, 0.0725914, 0, 0.158421, 0, 0.134239, 0, 0.063981, 0, 0.0362918, 0, 0.024633, 0, 0.0299981, 0, 0.0673337, 0, 0.0704426, 0, 0.0673337, 0, 0.0299981, 0, 0.0673337, 0, 0.134239, 0, 0.100344, 0, 0.134239, 0, 0.0673337, 0, 0.0704426, 0, 0.100344, 0, 0.0300408, 0, 0.0685665, 0, 0.0673337, 0, 0.0452074, 0, 0.0192057, 0, 0.0362918, 0, 0.063981, 0, 0.134239, 0, 0.158421, 0, 0.0725914, 0, 0.0841417, 0, 0.172523, 0, 0.100344, 0, 0.0129612, 0, 0.0300408, 0, 0.0299981, 0, 0.0192057, 0, 0.00669667, 0, 0.00982815, 0, 0.0362918, 0, 0.0673337, 0, 0.0725914, 0, 0.0320928, 0, 0.0381672, 0, 0.0841417, 0, 0.0704426, 0, 0.024633, 0, 0.0116444, 0, 0.0278824, 0, 0.0300408, 0, 0.0214922, 0, 0.00796024, 0, 0.0163798, 0, 0.0458675, 0, 0.0685665, 0, 0.0666729, 0, 0.0284105, 0, 0.0320928, 0, 0.0725914, 0, 0.0673337, 0, 0.0362918, 0, 0.00982815, 0, 0.0278824, 0, 0.0666729, 0, 0.0725914, 0, 0.054345, 0, 0.0214922, 0, 0.0458675, 0, 0.111022, 0, 0.158421, 0, 0.154925, 0, 0.0666729, 0, 0.0725914, 0, 0.158421, 0, 0.134239, 0, 0.063981, 0, 0.0362918, 0, 0.0156487, 0, 0.0300408, 0, 0.0725914, 0, 0.0841417, 0, 0.0725914, 0, 0.0300408, 0, 0.0685665, 0, 0.158421, 0, 0.172523, 0, 0.158421, 0, 0.0685665, 0, 0.0673337, 0, 0.134239, 0, 0.100344, 0, 0.134239, 0, 0.0673337, 0, 0.0452074, 0, 0.063981, 0, 0.0214922, 0, 0.054345, 0, 0.0725914, 0, 0.0666729, 0, 0.0278824, 0, 0.0666729, 0, 0.154925, 0, 0.158421, 0, 0.111022, 0, 0.0458675, 0, 0.0362918, 0, 0.063981, 0, 0.134239, 0, 0.158421, 0, 0.0725914, 0, 0.054345, 0, 0.111022, 0, 0.063981, 0, 0.00796024, 0, 0.0214922, 0, 0.0300408, 0, 0.0278824, 0, 0.0116444, 0, 0.0284105, 0, 0.0666729, 0, 0.0685665, 0, 0.0458675, 0, 0.0163798, 0, 0.00982815, 0, 0.0362918, 0, 0.0673337, 0, 0.0725914, 0, 0.0320928, 0, 0.0247196, 0, 0.054345, 0, 0.0452074, 0, 0.0156487, 0, 0.0036142, 0, 0.00962875, 0, 0.0129612, 0, 0.0116444, 0, 0.00478539, 0, 0.0116444, 0, 0.0278824, 0, 0.0300408, 0, 0.0214922, 0, 0.00796024, 0, 0.00669667, 0, 0.0192057, 0, 0.0299981, 0, 0.0300408, 0, 0.0129612, 0, 0.00962875, 0, 0.0214922, 0, 0.0192057, 0, 0.00959017, 0, 0.00241533, 0, 0.00962875, 0, 0.0247196, 0, 0.0320928, 0, 0.0284105, 0, 0.0116444, 0, 0.0278824, 0, 0.0666729, 0, 0.0725914, 0, 0.054345, 0, 0.0214922, 0, 0.0192057, 0, 0.0452074, 0, 0.0673337, 0, 0.0685665, 0, 0.0300408, 0, 0.0214922, 0, 0.0458675, 0, 0.0362918, 0, 0.0156487, 0, 0.00959017, 0, 0.00241533, 0, 0.0129612, 0, 0.0320928, 0, 0.0381672, 0, 0.0320928, 0, 0.0129612, 0, 0.0300408, 0, 0.0725914, 0, 0.0841417, 0, 0.0725914, 0, 0.0300408, 0, 0.0299981, 0, 0.0673337, 0, 0.0704426, 0, 0.0673337, 0, 0.0299981, 0, 0.0192057, 0, 0.0362918, 0, 0.024633, 0, 0.0362918, 0, 0.0192057, 0, 0.00669667, 0, 0.00982815, 0, 0.0116444, 0, 0.0284105, 0, 0.0320928, 0, 0.0247196, 0, 0.00962875, 0, 0.0214922, 0, 0.054345, 0, 0.0725914, 0, 0.0666729, 0, 0.0278824, 0, 0.0300408, 0, 0.0685665, 0, 0.0673337, 0, 0.0452074, 0, 0.0192057, 0, 0.00959017, 0, 0.0156487, 0, 0.0362918, 0, 0.0458675, 0, 0.0214922, 0, 0.00796024, 0, 0.0163798, 0, 0.00982815, 0, 0.00478539, 0, 0.0116444, 0, 0.0129612, 0, 0.00962875, 0, 0.0036142, 0, 0.00796024, 0, 0.0214922, 0, 0.0300408, 0, 0.0278824, 0, 0.0116444, 0, 0.0129612, 0, 0.0300408, 0, 0.0299981, 0, 0.0192057, 0, 0.00669667, 0, 0.00241533, 0, 0.00959017, 0, 0.0192057, 0, 0.0214922, 0, 0.00962875, 0, 0.0036142, 0, 0.00796024, 0, 0.00669667, 0, 0.00241533, 0, ]
USE_ENERGY_DISTANCE =     false
PERIODIC =                false
UNIFORM_SITES =           true
DEVICE_DIMENSION =        2
MAX_PARAM =               1
MIN_PARAM =               0
MIN_PARAM =               0
DIAG =                    true
NUM_SEEDS =               2
NUMBER_OF_BANGS =               7
DISTANCE_LIMIT =          0.02
TAU_SCALAR =              1.2
TAU_SCALAR_TINY =         1.1
TAU_SCALAR_BIG =          1.4
ACCEPTANCE_PROB =         0.85
TEMP_EXP_DECAY =          0.8
MIN_TEMP_FRACTION =       0.01
TEMP_DECAY_ITERATIONS =   21
ZERO_TEMP_ITREATIONS =    15
RANDOM_STATES =           3
END_PARAMETERS
##############################################################################
clock_duration  =         5231.91
tau =                     1
total_steps =             32
time_step =               0.03125
best_mc_result =          0.0331035
best_mc_result_non_secondary =          0.0355537
evolved_target_dot_squared =  0.966896
distance =          1
j_protocol =  [[1, 1, 1, 1, 1, 1, 0, 0, 1, 1, 1, 1, 1, 1, 1, 1, 0, 0, 1, 1, 1, 1, 1, 1, 0, 0, 1, 1, 1, 1, 0, 0, ],[1, 1, 1, 1, 1, 0, 0, 0, 1, 1, 1, 1, 1, 1, 1, 1, 0, 0, 1, 1, 1, 1, 1, 1, 0, 0, 1, 1, 1, 1, 0, 0, ],]
k_protocol =  [[1, 1, 1, 1, 1, 1, 1, 1, 1, 1, 1, 1, 1, 1, 1, 1, 1, 1, 1, 1, 1, 1, 1, 1, 1, 1, 1, 1, 1, 1, 1, 1, ],[1, 1, 1, 1, 1, 1, 1, 1, 1, 1, 1, 1, 1, 1, 1, 1, 1, 1, 1, 1, 1, 1, 1, 1, 1, 1, 1, 1, 1, 1, 1, 1, ],]
j_protocol_secondary =  [0, 0.159632, 0.249348, 0.259295, 0.262437, 0.540285, 0.587651, 0.630693, 0.68373, 0.771012, 0.771012, 0.868494, 0.868494, 0.912951, ]
k_protocol_secondary =  [0, 0, 0.0195198, 0.22716, 0.22716, 0.581559, 0.581559, 0.589861, 0.589861, 0.594859, 0.594859, 0.970753, 0.970753, 1, ]
best_evolved_state = [-0.00139436, 0.00220449, -0.00299882, 0.002702, -0.00566615, 0.00438653, -0.0037895, 0.00511768, -0.00445155, 0.0094865, -0.00566615, 0.00438653, -0.00186639, 0.00191816, -0.0037895, 0.00511768, -0.00299882, 0.002702, -0.00139436, 0.00220449, -0.00427673, 0.00771886, -0.00931862, 0.0148987, -0.0153236, 0.00910171, -0.00777313, 0.00436172, -0.00139436, 0.00220449, -0.00931862, 0.0148987, -0.0197473, 0.0294054, -0.0237998, 0.0203453, -0.00899901, 0.00488109, -0.00777313, 0.00436172, -0.00899901, 0.00488109, -0.0153236, 0.00910171, -0.0237998, 0.0203453, -0.00869457, 0.0097367, -0.0237998, 0.0203453, -0.0153236, 0.00910171, -0.0373848, 0.0250813, -0.0245039, 0.0468618, -0.00777313, 0.00436172, -0.00899901, 0.00488109, -0.0237998, 0.0203453, -0.0197473, 0.0294054, -0.00931862, 0.0148987, -0.0271152, 0.0403523, -0.0502371, 0.0807851, -0.0245039, 0.0468618, -0.00139436, 0.00220449, -0.00777313, 0.00436172, -0.0153236, 0.00910171, -0.00931862, 0.0148987, -0.00427673, 0.00771886, -0.011932, 0.0210932, -0.0271152, 0.0403523, -0.0373848, 0.0250813, -0.00899901, 0.00488109, -0.00299882, 0.002702, -0.0153236, 0.00910171, -0.0224107, 0.0251595, -0.0115547, 0.019936, -0.00199462, 0.0096743, -0.0144618, 0.0280186, -0.0390909, 0.0638048, -0.0451444, 0.0596799, -0.0237998, 0.0203453, -0.00566615, 0.00438653, -0.0153236, 0.00910171, -0.0373848, 0.0250813, -0.0451444, 0.0596799, -0.0369153, 0.0499783, -0.0115547, 0.019936, -0.0390909, 0.0638048, -0.0790455, 0.156076, -0.0569408, 0.117201, -0.0245039, 0.0468618, -0.0237998, 0.0203453, -0.00869457, 0.0097367, -0.0224107, 0.0251595, -0.0451444, 0.0596799, -0.0537421, 0.057719, -0.0451444, 0.0596799, -0.0224107, 0.0251595, -0.0451444, 0.0596799, -0.0569408, 0.117201, -0.0308152, 0.0863137, -0.0569408, 0.117201, -0.0451444, 0.0596799, -0.0537421, 0.057719, -0.0308152, 0.0863137, -0.0115547, 0.019936, -0.0369153, 0.0499783, -0.0451444, 0.0596799, -0.0373848, 0.0250813, -0.0153236, 0.00910171, -0.0237998, 0.0203453, -0.0245039, 0.0468618, -0.0569408, 0.117201, -0.0790455, 0.156076, -0.0390909, 0.0638048, -0.030961, 0.0855278, -0.0500391, 0.162762, -0.0308152, 0.0863137, -0.00199462, 0.0096743, -0.0115547, 0.019936, -0.0224107, 0.0251595, -0.0153236, 0.00910171, -0.00299882, 0.002702, -0.00566615, 0.00438653, -0.0237998, 0.0203453, -0.0451444, 0.0596799, -0.0390909, 0.0638048, -0.0144618, 0.0280186, -0.0138374, 0.0436516, -0.030961, 0.0855278, -0.0537421, 0.057719, -0.00869457, 0.0097367, -0.00108138, 0.0147207, -0.00186193, 0.0295706, -0.0115547, 0.019936, -0.00931862, 0.0148987, -0.0037895, 0.00511768, -0.00445155, 0.0094865, -0.0197473, 0.0294054, -0.0369153, 0.0499783, -0.0151688, 0.0616461, -0.00480575, 0.0307295, -0.0144618, 0.0280186, -0.0390909, 0.0638048, -0.0451444, 0.0596799, -0.0237998, 0.0203453, -0.00566615, 0.00438653, -0.00186193, 0.0295706, -0.0151688, 0.0616461, -0.0390909, 0.0638048, -0.0271152, 0.0403523, -0.00931862, 0.0148987, -0.0197473, 0.0294054, -0.0502371, 0.0807851, -0.0790455, 0.156076, -0.0582594, 0.143989, -0.0151688, 0.0616461, -0.0390909, 0.0638048, -0.0790455, 0.156076, -0.0569408, 0.117201, -0.0245039, 0.0468618, -0.0237998, 0.0203453, -0.00899901, 0.00488109, -0.0115547, 0.019936, -0.0390909, 0.0638048, -0.030961, 0.0855278, -0.0390909, 0.0638048, -0.0115547, 0.019936, -0.0369153, 0.0499783, -0.0790455, 0.156076, -0.0500391, 0.162762, -0.0790455, 0.156076, -0.0369153, 0.0499783, -0.0451444, 0.0596799, -0.0569408, 0.117201, -0.0308152, 0.0863137, -0.0569408, 0.117201, -0.0451444, 0.0596799, -0.0373848, 0.0250813, -0.0245039, 0.0468618, -0.00931862, 0.0148987, -0.0271152, 0.0403523, -0.0390909, 0.0638048, -0.0151688, 0.0616461, -0.00186193, 0.0295706, -0.0151688, 0.0616461, -0.0582594, 0.143989, -0.0790455, 0.156076, -0.0502371, 0.0807851, -0.0197473, 0.0294054, -0.0237998, 0.0203453, -0.0245039, 0.0468618, -0.0569408, 0.117201, -0.0790455, 0.156076, -0.0390909, 0.0638048, -0.0271152, 0.0403523, -0.0502371, 0.0807851, -0.0245039, 0.0468618, -0.0037895, 0.00511768, -0.00931862, 0.0148987, -0.0115547, 0.019936, -0.00186193, 0.0295706, -0.00108138, 0.0147207, -0.00480575, 0.0307295, -0.0151688, 0.0616461, -0.0369153, 0.0499783, -0.0197473, 0.0294054, -0.00445155, 0.0094865, -0.00566615, 0.00438653, -0.0237998, 0.0203453, -0.0451444, 0.0596799, -0.0390909, 0.0638048, -0.0144618, 0.0280186, -0.011932, 0.0210932, -0.0271152, 0.0403523, -0.0373848, 0.0250813, -0.00899901, 0.00488109, -0.00186639, 0.00191816, -0.00427673, 0.00771886, -0.00199462, 0.0096743, -0.00108138, 0.0147207, -0.00101472, 0.00655081, -0.00108138, 0.0147207, -0.00186193, 0.0295706, -0.0115547, 0.019936, -0.00931862, 0.0148987, -0.0037895, 0.00511768, -0.00299882, 0.002702, -0.0153236, 0.00910171, -0.0224107, 0.0251595, -0.0115547, 0.019936, -0.00199462, 0.0096743, -0.00427673, 0.00771886, -0.00931862, 0.0148987, -0.0153236, 0.00910171, -0.00777313, 0.00436172, -0.00139436, 0.00220449, -0.00427673, 0.00771886, -0.011932, 0.0210932, -0.0144618, 0.0280186, -0.00480575, 0.0307295, -0.00108138, 0.0147207, -0.00186193, 0.0295706, -0.0151688, 0.0616461, -0.0390909, 0.0638048, -0.0271152, 0.0403523, -0.00931862, 0.0148987, -0.0153236, 0.00910171, -0.0373848, 0.0250813, -0.0451444, 0.0596799, -0.0369153, 0.0499783, -0.0115547, 0.019936, -0.00931862, 0.0148987, -0.0197473, 0.0294054, -0.0237998, 0.0203453, -0.00899901, 0.00488109, -0.00777313, 0.00436172, -0.00139436, 0.00220449, -0.00199462, 0.0096743, -0.0144618, 0.0280186, -0.0138374, 0.0436516, -0.0144618, 0.0280186, -0.00199462, 0.0096743, -0.0115547, 0.019936, -0.0390909, 0.0638048, -0.030961, 0.0855278, -0.0390909, 0.0638048, -0.0115547, 0.019936, -0.0224107, 0.0251595, -0.0451444, 0.0596799, -0.0537421, 0.057719, -0.0451444, 0.0596799, -0.0224107, 0.0251595, -0.0153236, 0.00910171, -0.0237998, 0.0203453, -0.00869457, 0.0097367, -0.0237998, 0.0203453, -0.0153236, 0.00910171, -0.00299882, 0.002702, -0.00566615, 0.00438653, -0.00108138, 0.0147207, -0.00480575, 0.0307295, -0.0144618, 0.0280186, -0.011932, 0.0210932, -0.00427673, 0.00771886, -0.00931862, 0.0148987, -0.0271152, 0.0403523, -0.0390909, 0.0638048, -0.0151688, 0.0616461, -0.00186193, 0.0295706, -0.0115547, 0.019936, -0.0369153, 0.0499783, -0.0451444, 0.0596799, -0.0373848, 0.0250813, -0.0153236, 0.00910171, -0.00777313, 0.00436172, -0.00899901, 0.00488109, -0.0237998, 0.0203453, -0.0197473, 0.0294054, -0.00931862, 0.0148987, -0.0037895, 0.00511768, -0.00445155, 0.0094865, -0.00566615, 0.00438653, -0.00101472, 0.00655081, -0.00108138, 0.0147207, -0.00199462, 0.0096743, -0.00427673, 0.00771886, -0.00186639, 0.00191816, -0.0037895, 0.00511768, -0.00931862, 0.0148987, -0.0115547, 0.019936, -0.00186193, 0.0295706, -0.00108138, 0.0147207, -0.00199462, 0.0096743, -0.0115547, 0.019936, -0.0224107, 0.0251595, -0.0153236, 0.00910171, -0.00299882, 0.002702, -0.00139436, 0.00220449, -0.00777313, 0.00436172, -0.0153236, 0.00910171, -0.00931862, 0.0148987, -0.00427673, 0.00771886, -0.00186639, 0.00191816, -0.0037895, 0.00511768, -0.00299882, 0.002702, -0.00139436, 0.00220449, ]
best_mc_result_fixed_tau =   [0.0368333, 0.0355537, ]
evolved_state_fixed_tau =   [[-0.000346575, 0.00249444, -0.00179725, 0.00425162, -0.00373159, 0.00487315, -0.00179615, 0.00651526, -0.00104137, 0.0109191, -0.00373159, 0.00487315, -0.00098633, 0.00269587, -0.00179615, 0.00651526, -0.00179725, 0.00425162, -0.000346575, 0.00249444, -0.000857953, 0.00948176, -0.00337768, 0.0179626, -0.0119399, 0.0145878, -0.00634824, 0.0082208, -0.000346575, 0.00249444, -0.00337768, 0.0179626, -0.0095171, 0.0334829, -0.0178827, 0.0293284, -0.00691054, 0.00669449, -0.00634824, 0.0082208, -0.00691054, 0.00669449, -0.0119399, 0.0145878, -0.0178827, 0.0293284, -0.00413431, 0.00935335, -0.0178827, 0.0293284, -0.0119399, 0.0145878, -0.0301314, 0.0388048, -0.00590402, 0.051152, -0.00634824, 0.0082208, -0.00691054, 0.00669449, -0.0178827, 0.0293284, -0.0095171, 0.0334829, -0.00337768, 0.0179626, -0.0128585, 0.0467341, -0.0278539, 0.0892186, -0.00590402, 0.051152, -0.000346575, 0.00249444, -0.00634824, 0.0082208, -0.0119399, 0.0145878, -0.00337768, 0.0179626, -0.000857953, 0.00948176, -0.00323953, 0.0252273, -0.0128585, 0.0467341, -0.0301314, 0.0388048, -0.00691054, 0.00669449, -0.00179725, 0.00425162, -0.0119399, 0.0145878, -0.0123686, 0.0341469, -0.00462714, 0.0225245, 0.00238702, 0.00969438, -0.00372001, 0.0323594, -0.017729, 0.0746241, -0.0223917, 0.0731827, -0.0178827, 0.0293284, -0.00373159, 0.00487315, -0.0119399, 0.0145878, -0.0301314, 0.0388048, -0.0223917, 0.0731827, -0.021835, 0.0600773, -0.00462714, 0.0225245, -0.017729, 0.0746241, -0.02929, 0.170512, -0.0220306, 0.127269, -0.00590402, 0.051152, -0.0178827, 0.0293284, -0.00413431, 0.00935335, -0.0123686, 0.0341469, -0.0223917, 0.0731827, -0.0343111, 0.0767828, -0.0223917, 0.0731827, -0.0123686, 0.0341469, -0.0223917, 0.0731827, -0.0220306, 0.127269, 0.00286845, 0.089644, -0.0220306, 0.127269, -0.0223917, 0.0731827, -0.0343111, 0.0767828, 0.00286845, 0.089644, -0.00462714, 0.0225245, -0.021835, 0.0600773, -0.0223917, 0.0731827, -0.0301314, 0.0388048, -0.0119399, 0.0145878, -0.0178827, 0.0293284, -0.00590402, 0.051152, -0.0220306, 0.127269, -0.02929, 0.170512, -0.017729, 0.0746241, 0.000634084, 0.0896749, -0.00312108, 0.162092, 0.00286845, 0.089644, 0.00238702, 0.00969438, -0.00462714, 0.0225245, -0.0123686, 0.0341469, -0.0119399, 0.0145878, -0.00179725, 0.00425162, -0.00373159, 0.00487315, -0.0178827, 0.0293284, -0.0223917, 0.0731827, -0.017729, 0.0746241, -0.00372001, 0.0323594, 0.0047074, 0.0474837, 0.000634084, 0.0896749, -0.0343111, 0.0767828, -0.00413431, 0.00935335, 0.00587762, 0.0150289, 0.010773, 0.0284007, -0.00462714, 0.0225245, -0.00337768, 0.0179626, -0.00179615, 0.00651526, -0.00104137, 0.0109191, -0.0095171, 0.0334829, -0.021835, 0.0600773, 0.00642462, 0.0608259, 0.00808979, 0.0311276, -0.00372001, 0.0323594, -0.017729, 0.0746241, -0.0223917, 0.0731827, -0.0178827, 0.0293284, -0.00373159, 0.00487315, 0.010773, 0.0284007, 0.00642462, 0.0608259, -0.017729, 0.0746241, -0.0128585, 0.0467341, -0.00337768, 0.0179626, -0.0095171, 0.0334829, -0.0278539, 0.0892186, -0.02929, 0.170512, -0.0166009, 0.147819, 0.00642462, 0.0608259, -0.017729, 0.0746241, -0.02929, 0.170512, -0.0220306, 0.127269, -0.00590402, 0.051152, -0.0178827, 0.0293284, -0.00691054, 0.00669449, -0.00462714, 0.0225245, -0.017729, 0.0746241, 0.000634084, 0.0896749, -0.017729, 0.0746241, -0.00462714, 0.0225245, -0.021835, 0.0600773, -0.02929, 0.170512, -0.00312108, 0.162092, -0.02929, 0.170512, -0.021835, 0.0600773, -0.0223917, 0.0731827, -0.0220306, 0.127269, 0.00286845, 0.089644, -0.0220306, 0.127269, -0.0223917, 0.0731827, -0.0301314, 0.0388048, -0.00590402, 0.051152, -0.00337768, 0.0179626, -0.0128585, 0.0467341, -0.017729, 0.0746241, 0.00642462, 0.0608259, 0.010773, 0.0284007, 0.00642462, 0.0608259, -0.0166009, 0.147819, -0.02929, 0.170512, -0.0278539, 0.0892186, -0.0095171, 0.0334829, -0.0178827, 0.0293284, -0.00590402, 0.051152, -0.0220306, 0.127269, -0.02929, 0.170512, -0.017729, 0.0746241, -0.0128585, 0.0467341, -0.0278539, 0.0892186, -0.00590402, 0.051152, -0.00179615, 0.00651526, -0.00337768, 0.0179626, -0.00462714, 0.0225245, 0.010773, 0.0284007, 0.00587762, 0.0150289, 0.00808979, 0.0311276, 0.00642462, 0.0608259, -0.021835, 0.0600773, -0.0095171, 0.0334829, -0.00104137, 0.0109191, -0.00373159, 0.00487315, -0.0178827, 0.0293284, -0.0223917, 0.0731827, -0.017729, 0.0746241, -0.00372001, 0.0323594, -0.00323953, 0.0252273, -0.0128585, 0.0467341, -0.0301314, 0.0388048, -0.00691054, 0.00669449, -0.00098633, 0.00269587, -0.000857953, 0.00948176, 0.00238702, 0.00969438, 0.00587762, 0.0150289, 0.00225548, 0.00714319, 0.00587762, 0.0150289, 0.010773, 0.0284007, -0.00462714, 0.0225245, -0.00337768, 0.0179626, -0.00179615, 0.00651526, -0.00179725, 0.00425162, -0.0119399, 0.0145878, -0.0123686, 0.0341469, -0.00462714, 0.0225245, 0.00238702, 0.00969438, -0.000857953, 0.00948176, -0.00337768, 0.0179626, -0.0119399, 0.0145878, -0.00634824, 0.0082208, -0.000346575, 0.00249444, -0.000857953, 0.00948176, -0.00323953, 0.0252273, -0.00372001, 0.0323594, 0.00808979, 0.0311276, 0.00587762, 0.0150289, 0.010773, 0.0284007, 0.00642462, 0.0608259, -0.017729, 0.0746241, -0.0128585, 0.0467341, -0.00337768, 0.0179626, -0.0119399, 0.0145878, -0.0301314, 0.0388048, -0.0223917, 0.0731827, -0.021835, 0.0600773, -0.00462714, 0.0225245, -0.00337768, 0.0179626, -0.0095171, 0.0334829, -0.0178827, 0.0293284, -0.00691054, 0.00669449, -0.00634824, 0.0082208, -0.000346575, 0.00249444, 0.00238702, 0.00969438, -0.00372001, 0.0323594, 0.0047074, 0.0474837, -0.00372001, 0.0323594, 0.00238702, 0.00969438, -0.00462714, 0.0225245, -0.017729, 0.0746241, 0.000634084, 0.0896749, -0.017729, 0.0746241, -0.00462714, 0.0225245, -0.0123686, 0.0341469, -0.0223917, 0.0731827, -0.0343111, 0.0767828, -0.0223917, 0.0731827, -0.0123686, 0.0341469, -0.0119399, 0.0145878, -0.0178827, 0.0293284, -0.00413431, 0.00935335, -0.0178827, 0.0293284, -0.0119399, 0.0145878, -0.00179725, 0.00425162, -0.00373159, 0.00487315, 0.00587762, 0.0150289, 0.00808979, 0.0311276, -0.00372001, 0.0323594, -0.00323953, 0.0252273, -0.000857953, 0.00948176, -0.00337768, 0.0179626, -0.0128585, 0.0467341, -0.017729, 0.0746241, 0.00642462, 0.0608259, 0.010773, 0.0284007, -0.00462714, 0.0225245, -0.021835, 0.0600773, -0.0223917, 0.0731827, -0.0301314, 0.0388048, -0.0119399, 0.0145878, -0.00634824, 0.0082208, -0.00691054, 0.00669449, -0.0178827, 0.0293284, -0.0095171, 0.0334829, -0.00337768, 0.0179626, -0.00179615, 0.00651526, -0.00104137, 0.0109191, -0.00373159, 0.00487315, 0.00225548, 0.00714319, 0.00587762, 0.0150289, 0.00238702, 0.00969438, -0.000857953, 0.00948176, -0.00098633, 0.00269587, -0.00179615, 0.00651526, -0.00337768, 0.0179626, -0.00462714, 0.0225245, 0.010773, 0.0284007, 0.00587762, 0.0150289, 0.00238702, 0.00969438, -0.00462714, 0.0225245, -0.0123686, 0.0341469, -0.0119399, 0.0145878, -0.00179725, 0.00425162, -0.000346575, 0.00249444, -0.00634824, 0.0082208, -0.0119399, 0.0145878, -0.00337768, 0.0179626, -0.000857953, 0.00948176, -0.00098633, 0.00269587, -0.00179615, 0.00651526, -0.00179725, 0.00425162, -0.000346575, 0.00249444, ],[-0.000346362, 0.0021385, -0.00155713, 0.0039456, -0.00265627, 0.00480115, -0.00132369, 0.00600954, 5.54173e-05, 0.0108515, -0.00265627, 0.00480115, -0.000867717, 0.00241525, -0.00132369, 0.00600954, -0.00155713, 0.0039456, -0.000346362, 0.0021385, -0.000752358, 0.00855754, -0.00193953, 0.0173145, -0.00961787, 0.0141334, -0.00539217, 0.00736118, -0.000346362, 0.0021385, -0.00193953, 0.0173145, -0.00421509, 0.0347452, -0.0130608, 0.0294594, -0.00508066, 0.00718203, -0.00539217, 0.00736118, -0.00508066, 0.00718203, -0.00961787, 0.0141334, -0.0130608, 0.0294594, -0.00227162, 0.010974, -0.0130608, 0.0294594, -0.00961787, 0.0141334, -0.0224914, 0.0392628, 0.00182153, 0.0492828, -0.00539217, 0.00736118, -0.00508066, 0.00718203, -0.0130608, 0.0294594, -0.00421509, 0.0347452, -0.00193953, 0.0173145, -0.00607433, 0.0479017, -0.00732476, 0.0967872, 0.00182153, 0.0492828, -0.000346362, 0.0021385, -0.00539217, 0.00736118, -0.00961787, 0.0141334, -0.00193953, 0.0173145, -0.000752358, 0.00855754, -0.00178122, 0.0238327, -0.00607433, 0.0479017, -0.0224914, 0.0392628, -0.00508066, 0.00718203, -0.00155713, 0.0039456, -0.00961787, 0.0141334, -0.00917411, 0.0317286, -0.00156152, 0.0228832, 0.00212331, 0.00960889, -0.000930869, 0.0311059, -0.00596347, 0.0741595, -0.0136923, 0.0720088, -0.0130608, 0.0294594, -0.00265627, 0.00480115, -0.00961787, 0.0141334, -0.0224914, 0.0392628, -0.0136923, 0.0720088, -0.009703, 0.0610438, -0.00156152, 0.0228832, -0.00596347, 0.0741595, 0.00293523, 0.174581, 0.00109292, 0.133959, 0.00182153, 0.0492828, -0.0130608, 0.0294594, -0.00227162, 0.010974, -0.00917411, 0.0317286, -0.0136923, 0.0720088, -0.0233167, 0.07614, -0.0136923, 0.0720088, -0.00917411, 0.0317286, -0.0136923, 0.0720088, 0.00109292, 0.133959, 0.015813, 0.0847596, 0.00109292, 0.133959, -0.0136923, 0.0720088, -0.0233167, 0.07614, 0.015813, 0.0847596, -0.00156152, 0.0228832, -0.009703, 0.0610438, -0.0136923, 0.0720088, -0.0224914, 0.0392628, -0.00961787, 0.0141334, -0.0130608, 0.0294594, 0.00182153, 0.0492828, 0.00109292, 0.133959, 0.00293523, 0.174581, -0.00596347, 0.0741595, 0.0101158, 0.0900624, 0.0302238, 0.171959, 0.015813, 0.0847596, 0.00212331, 0.00960889, -0.00156152, 0.0228832, -0.00917411, 0.0317286, -0.00961787, 0.0141334, -0.00155713, 0.0039456, -0.00265627, 0.00480115, -0.0130608, 0.0294594, -0.0136923, 0.0720088, -0.00596347, 0.0741595, -0.000930869, 0.0311059, 0.00577588, 0.0448435, 0.0101158, 0.0900624, -0.0233167, 0.07614, -0.00227162, 0.010974, 0.00475859, 0.0135233, 0.0105392, 0.0274327, -0.00156152, 0.0228832, -0.00193953, 0.0173145, -0.00132369, 0.00600954, 5.54173e-05, 0.0108515, -0.00421509, 0.0347452, -0.009703, 0.0610438, 0.0138546, 0.0624293, 0.00845301, 0.0295753, -0.000930869, 0.0311059, -0.00596347, 0.0741595, -0.0136923, 0.0720088, -0.0130608, 0.0294594, -0.00265627, 0.00480115, 0.0105392, 0.0274327, 0.0138546, 0.0624293, -0.00596347, 0.0741595, -0.00607433, 0.0479017, -0.00193953, 0.0173145, -0.00421509, 0.0347452, -0.00732476, 0.0967872, 0.00293523, 0.174581, 0.0162901, 0.156676, 0.0138546, 0.0624293, -0.00596347, 0.0741595, 0.00293523, 0.174581, 0.00109292, 0.133959, 0.00182153, 0.0492828, -0.0130608, 0.0294594, -0.00508066, 0.00718203, -0.00156152, 0.0228832, -0.00596347, 0.0741595, 0.0101158, 0.0900624, -0.00596347, 0.0741595, -0.00156152, 0.0228832, -0.009703, 0.0610438, 0.00293523, 0.174581, 0.0302238, 0.171959, 0.00293523, 0.174581, -0.009703, 0.0610438, -0.0136923, 0.0720088, 0.00109292, 0.133959, 0.015813, 0.0847596, 0.00109292, 0.133959, -0.0136923, 0.0720088, -0.0224914, 0.0392628, 0.00182153, 0.0492828, -0.00193953, 0.0173145, -0.00607433, 0.0479017, -0.00596347, 0.0741595, 0.0138546, 0.0624293, 0.0105392, 0.0274327, 0.0138546, 0.0624293, 0.0162901, 0.156676, 0.00293523, 0.174581, -0.00732476, 0.0967872, -0.00421509, 0.0347452, -0.0130608, 0.0294594, 0.00182153, 0.0492828, 0.00109292, 0.133959, 0.00293523, 0.174581, -0.00596347, 0.0741595, -0.00607433, 0.0479017, -0.00732476, 0.0967872, 0.00182153, 0.0492828, -0.00132369, 0.00600954, -0.00193953, 0.0173145, -0.00156152, 0.0228832, 0.0105392, 0.0274327, 0.00475859, 0.0135233, 0.00845301, 0.0295753, 0.0138546, 0.0624293, -0.009703, 0.0610438, -0.00421509, 0.0347452, 5.54173e-05, 0.0108515, -0.00265627, 0.00480115, -0.0130608, 0.0294594, -0.0136923, 0.0720088, -0.00596347, 0.0741595, -0.000930869, 0.0311059, -0.00178122, 0.0238327, -0.00607433, 0.0479017, -0.0224914, 0.0392628, -0.00508066, 0.00718203, -0.000867717, 0.00241525, -0.000752358, 0.00855754, 0.00212331, 0.00960889, 0.00475859, 0.0135233, 0.00154876, 0.00615344, 0.00475859, 0.0135233, 0.0105392, 0.0274327, -0.00156152, 0.0228832, -0.00193953, 0.0173145, -0.00132369, 0.00600954, -0.00155713, 0.0039456, -0.00961787, 0.0141334, -0.00917411, 0.0317286, -0.00156152, 0.0228832, 0.00212331, 0.00960889, -0.000752358, 0.00855754, -0.00193953, 0.0173145, -0.00961787, 0.0141334, -0.00539217, 0.00736118, -0.000346362, 0.0021385, -0.000752358, 0.00855754, -0.00178122, 0.0238327, -0.000930869, 0.0311059, 0.00845301, 0.0295753, 0.00475859, 0.0135233, 0.0105392, 0.0274327, 0.0138546, 0.0624293, -0.00596347, 0.0741595, -0.00607433, 0.0479017, -0.00193953, 0.0173145, -0.00961787, 0.0141334, -0.0224914, 0.0392628, -0.0136923, 0.0720088, -0.009703, 0.0610438, -0.00156152, 0.0228832, -0.00193953, 0.0173145, -0.00421509, 0.0347452, -0.0130608, 0.0294594, -0.00508066, 0.00718203, -0.00539217, 0.00736118, -0.000346362, 0.0021385, 0.00212331, 0.00960889, -0.000930869, 0.0311059, 0.00577588, 0.0448435, -0.000930869, 0.0311059, 0.00212331, 0.00960889, -0.00156152, 0.0228832, -0.00596347, 0.0741595, 0.0101158, 0.0900624, -0.00596347, 0.0741595, -0.00156152, 0.0228832, -0.00917411, 0.0317286, -0.0136923, 0.0720088, -0.0233167, 0.07614, -0.0136923, 0.0720088, -0.00917411, 0.0317286, -0.00961787, 0.0141334, -0.0130608, 0.0294594, -0.00227162, 0.010974, -0.0130608, 0.0294594, -0.00961787, 0.0141334, -0.00155713, 0.0039456, -0.00265627, 0.00480115, 0.00475859, 0.0135233, 0.00845301, 0.0295753, -0.000930869, 0.0311059, -0.00178122, 0.0238327, -0.000752358, 0.00855754, -0.00193953, 0.0173145, -0.00607433, 0.0479017, -0.00596347, 0.0741595, 0.0138546, 0.0624293, 0.0105392, 0.0274327, -0.00156152, 0.0228832, -0.009703, 0.0610438, -0.0136923, 0.0720088, -0.0224914, 0.0392628, -0.00961787, 0.0141334, -0.00539217, 0.00736118, -0.00508066, 0.00718203, -0.0130608, 0.0294594, -0.00421509, 0.0347452, -0.00193953, 0.0173145, -0.00132369, 0.00600954, 5.54173e-05, 0.0108515, -0.00265627, 0.00480115, 0.00154876, 0.00615344, 0.00475859, 0.0135233, 0.00212331, 0.00960889, -0.000752358, 0.00855754, -0.000867717, 0.00241525, -0.00132369, 0.00600954, -0.00193953, 0.0173145, -0.00156152, 0.0228832, 0.0105392, 0.0274327, 0.00475859, 0.0135233, 0.00212331, 0.00960889, -0.00156152, 0.0228832, -0.00917411, 0.0317286, -0.00961787, 0.0141334, -0.00155713, 0.0039456, -0.000346362, 0.0021385, -0.00539217, 0.00736118, -0.00961787, 0.0141334, -0.00193953, 0.0173145, -0.000752358, 0.00855754, -0.000867717, 0.00241525, -0.00132369, 0.00600954, -0.00155713, 0.0039456, -0.000346362, 0.0021385, ],]
