START_PARAMETERS
MAX_STEPS_MCDB =               32
MIN_STEPS_MCDB =               4
STEPS_CRUNCH_MCDB =            1
SWEEPS_MCDB =                  100
TOTAL_STEP_CHANGES =                  6
MCBB_SECONDARY =                  1
SWEEPS_MCBB_SECONDARY =                  250
NUMBER_OF_BANGS =                  7
GROUND_E =                -3.32405
INITIAL_E =               -1.13714
j_initial =               0.047
k_initial =               0.5
b_initial =               0
j_target =                0.992
k_target =                0.125
b_target =                0
init_target_dot_squared = 0.402193
init_state = [-9.61775e-08, 0, -2.15285e-06, 0, -2.22658e-05, 0, -1.19072e-05, 0, -0.000254551, 0, -2.22658e-05, 0, -5.54856e-07, 0, -1.19072e-05, 0, -2.15285e-06, 0, -9.61775e-08, 0, -1.28028e-05, 0, -0.000274971, 0, -5.58377e-05, 0, -4.2299e-06, 0, -9.61775e-08, 0, -0.000274971, 0, -0.005886, 0, -0.000863234, 0, -4.24424e-05, 0, -4.2299e-06, 0, -4.24424e-05, 0, -5.58377e-05, 0, -0.000863234, 0, -8.42128e-05, 0, -0.000863234, 0, -5.58377e-05, 0, -0.0011423, 0, -0.00903612, 0, -4.2299e-06, 0, -4.24424e-05, 0, -0.000863234, 0, -0.005886, 0, -0.000274971, 0, -0.00632028, 0, -0.135002, 0, -0.00903612, 0, -9.61775e-08, 0, -4.2299e-06, 0, -5.58377e-05, 0, -0.000274971, 0, -1.28028e-05, 0, -0.000294437, 0, -0.00632028, 0, -0.0011423, 0, -4.24424e-05, 0, -2.15285e-06, 0, -5.58377e-05, 0, -0.000310383, 0, -0.000503375, 0, -2.29811e-05, 0, -0.000514725, 0, -0.0112615, 0, -0.00665948, 0, -0.000863234, 0, -2.22658e-05, 0, -5.58377e-05, 0, -0.0011423, 0, -0.00665948, 0, -0.0110184, 0, -0.000503375, 0, -0.0112615, 0, -0.246163, 0, -0.141221, 0, -0.00903612, 0, -0.000863234, 0, -8.42128e-05, 0, -0.000310383, 0, -0.00665948, 0, -0.00225596, 0, -0.00665948, 0, -0.000310383, 0, -0.00665948, 0, -0.141221, 0, -0.0178642, 0, -0.141221, 0, -0.00665948, 0, -0.00225596, 0, -0.0178642, 0, -0.000503375, 0, -0.0110184, 0, -0.00665948, 0, -0.0011423, 0, -5.58377e-05, 0, -0.000863234, 0, -0.00903612, 0, -0.141221, 0, -0.246163, 0, -0.0112615, 0, -0.0123498, 0, -0.263809, 0, -0.0178642, 0, -2.29811e-05, 0, -0.000503375, 0, -0.000310383, 0, -5.58377e-05, 0, -2.15285e-06, 0, -2.22658e-05, 0, -0.000863234, 0, -0.00665948, 0, -0.0112615, 0, -0.000514725, 0, -0.000575272, 0, -0.0123498, 0, -0.00225596, 0, -8.42128e-05, 0, -2.36431e-05, 0, -0.000526089, 0, -0.000503375, 0, -0.000274971, 0, -1.19072e-05, 0, -0.000254551, 0, -0.005886, 0, -0.0110184, 0, -0.0117084, 0, -0.000526577, 0, -0.000514725, 0, -0.0112615, 0, -0.00665948, 0, -0.000863234, 0, -2.22658e-05, 0, -0.000526089, 0, -0.0117084, 0, -0.0112615, 0, -0.00632028, 0, -0.000274971, 0, -0.005886, 0, -0.135002, 0, -0.246163, 0, -0.260378, 0, -0.0117084, 0, -0.0112615, 0, -0.246163, 0, -0.141221, 0, -0.00903612, 0, -0.000863234, 0, -4.24424e-05, 0, -0.000503375, 0, -0.0112615, 0, -0.0123498, 0, -0.0112615, 0, -0.000503375, 0, -0.0110184, 0, -0.246163, 0, -0.263809, 0, -0.246163, 0, -0.0110184, 0, -0.00665948, 0, -0.141221, 0, -0.0178642, 0, -0.141221, 0, -0.00665948, 0, -0.0011423, 0, -0.00903612, 0, -0.000274971, 0, -0.00632028, 0, -0.0112615, 0, -0.0117084, 0, -0.000526089, 0, -0.0117084, 0, -0.260378, 0, -0.246163, 0, -0.135002, 0, -0.005886, 0, -0.000863234, 0, -0.00903612, 0, -0.141221, 0, -0.246163, 0, -0.0112615, 0, -0.00632028, 0, -0.135002, 0, -0.00903612, 0, -1.19072e-05, 0, -0.000274971, 0, -0.000503375, 0, -0.000526089, 0, -2.36431e-05, 0, -0.000526577, 0, -0.0117084, 0, -0.0110184, 0, -0.005886, 0, -0.000254551, 0, -2.22658e-05, 0, -0.000863234, 0, -0.00665948, 0, -0.0112615, 0, -0.000514725, 0, -0.000294437, 0, -0.00632028, 0, -0.0011423, 0, -4.24424e-05, 0, -5.54856e-07, 0, -1.28028e-05, 0, -2.29811e-05, 0, -2.36431e-05, 0, -1.0618e-06, 0, -2.36431e-05, 0, -0.000526089, 0, -0.000503375, 0, -0.000274971, 0, -1.19072e-05, 0, -2.15285e-06, 0, -5.58377e-05, 0, -0.000310383, 0, -0.000503375, 0, -2.29811e-05, 0, -1.28028e-05, 0, -0.000274971, 0, -5.58377e-05, 0, -4.2299e-06, 0, -9.61775e-08, 0, -1.28028e-05, 0, -0.000294437, 0, -0.000514725, 0, -0.000526577, 0, -2.36431e-05, 0, -0.000526089, 0, -0.0117084, 0, -0.0112615, 0, -0.00632028, 0, -0.000274971, 0, -5.58377e-05, 0, -0.0011423, 0, -0.00665948, 0, -0.0110184, 0, -0.000503375, 0, -0.000274971, 0, -0.005886, 0, -0.000863234, 0, -4.24424e-05, 0, -4.2299e-06, 0, -9.61775e-08, 0, -2.29811e-05, 0, -0.000514725, 0, -0.000575272, 0, -0.000514725, 0, -2.29811e-05, 0, -0.000503375, 0, -0.0112615, 0, -0.0123498, 0, -0.0112615, 0, -0.000503375, 0, -0.000310383, 0, -0.00665948, 0, -0.00225596, 0, -0.00665948, 0, -0.000310383, 0, -5.58377e-05, 0, -0.000863234, 0, -8.42128e-05, 0, -0.000863234, 0, -5.58377e-05, 0, -2.15285e-06, 0, -2.22658e-05, 0, -2.36431e-05, 0, -0.000526577, 0, -0.000514725, 0, -0.000294437, 0, -1.28028e-05, 0, -0.000274971, 0, -0.00632028, 0, -0.0112615, 0, -0.0117084, 0, -0.000526089, 0, -0.000503375, 0, -0.0110184, 0, -0.00665948, 0, -0.0011423, 0, -5.58377e-05, 0, -4.2299e-06, 0, -4.24424e-05, 0, -0.000863234, 0, -0.005886, 0, -0.000274971, 0, -1.19072e-05, 0, -0.000254551, 0, -2.22658e-05, 0, -1.0618e-06, 0, -2.36431e-05, 0, -2.29811e-05, 0, -1.28028e-05, 0, -5.54856e-07, 0, -1.19072e-05, 0, -0.000274971, 0, -0.000503375, 0, -0.000526089, 0, -2.36431e-05, 0, -2.29811e-05, 0, -0.000503375, 0, -0.000310383, 0, -5.58377e-05, 0, -2.15285e-06, 0, -9.61775e-08, 0, -4.2299e-06, 0, -5.58377e-05, 0, -0.000274971, 0, -1.28028e-05, 0, -5.54856e-07, 0, -1.19072e-05, 0, -2.15285e-06, 0, -9.61775e-08, 0, ]
target_state = [-0.00660685, 0, -0.0141012, 0, -0.0178508, 0, -0.0157992, 0, -0.0252336, 0, -0.0178508, 0, -0.00931622, 0, -0.0157992, 0, -0.0141012, 0, -0.00660685, 0, -0.0185922, 0, -0.0320073, 0, -0.0301501, 0, -0.0181715, 0, -0.00660685, 0, -0.0320073, 0, -0.0531422, 0, -0.0462298, 0, -0.0257445, 0, -0.0181715, 0, -0.0257445, 0, -0.0301501, 0, -0.0462298, 0, -0.036831, 0, -0.0462298, 0, -0.0301501, 0, -0.0547843, 0, -0.0693684, 0, -0.0181715, 0, -0.0257445, 0, -0.0462298, 0, -0.0531422, 0, -0.0320073, 0, -0.0610847, 0, -0.0978563, 0, -0.0693684, 0, -0.00660685, 0, -0.0181715, 0, -0.0301501, 0, -0.0320073, 0, -0.0185922, 0, -0.0359043, 0, -0.0610847, 0, -0.0547843, 0, -0.0257445, 0, -0.0141012, 0, -0.0301501, 0, -0.0421112, 0, -0.0414125, 0, -0.0233474, 0, -0.0438176, 0, -0.0761263, 0, -0.0732807, 0, -0.0462298, 0, -0.0178508, 0, -0.0301501, 0, -0.0547843, 0, -0.0732807, 0, -0.0726126, 0, -0.0414125, 0, -0.0761263, 0, -0.128324, 0, -0.116045, 0, -0.0693684, 0, -0.0462298, 0, -0.036831, 0, -0.0421112, 0, -0.0732807, 0, -0.0777262, 0, -0.0732807, 0, -0.0421112, 0, -0.0732807, 0, -0.116045, 0, -0.0989242, 0, -0.116045, 0, -0.0732807, 0, -0.0777262, 0, -0.0989242, 0, -0.0414125, 0, -0.0726126, 0, -0.0732807, 0, -0.0547843, 0, -0.0301501, 0, -0.0462298, 0, -0.0693684, 0, -0.116045, 0, -0.128324, 0, -0.0761263, 0, -0.0862187, 0, -0.1386, 0, -0.0989242, 0, -0.0233474, 0, -0.0414125, 0, -0.0421112, 0, -0.0301501, 0, -0.0141012, 0, -0.0178508, 0, -0.0462298, 0, -0.0732807, 0, -0.0761263, 0, -0.0438176, 0, -0.0505457, 0, -0.0862187, 0, -0.0777262, 0, -0.036831, 0, -0.0212576, 0, -0.0386754, 0, -0.0414125, 0, -0.0320073, 0, -0.0157992, 0, -0.0252336, 0, -0.0531422, 0, -0.0726126, 0, -0.0703557, 0, -0.0393747, 0, -0.0438176, 0, -0.0761263, 0, -0.0732807, 0, -0.0462298, 0, -0.0178508, 0, -0.0386754, 0, -0.0703557, 0, -0.0761263, 0, -0.0610847, 0, -0.0320073, 0, -0.0531422, 0, -0.0978563, 0, -0.128324, 0, -0.124661, 0, -0.0703557, 0, -0.0761263, 0, -0.128324, 0, -0.116045, 0, -0.0693684, 0, -0.0462298, 0, -0.0257445, 0, -0.0414125, 0, -0.0761263, 0, -0.0862187, 0, -0.0761263, 0, -0.0414125, 0, -0.0726126, 0, -0.128324, 0, -0.1386, 0, -0.128324, 0, -0.0726126, 0, -0.0732807, 0, -0.116045, 0, -0.0989242, 0, -0.116045, 0, -0.0732807, 0, -0.0547843, 0, -0.0693684, 0, -0.0320073, 0, -0.0610847, 0, -0.0761263, 0, -0.0703557, 0, -0.0386754, 0, -0.0703557, 0, -0.124661, 0, -0.128324, 0, -0.0978563, 0, -0.0531422, 0, -0.0462298, 0, -0.0693684, 0, -0.116045, 0, -0.128324, 0, -0.0761263, 0, -0.0610847, 0, -0.0978563, 0, -0.0693684, 0, -0.0157992, 0, -0.0320073, 0, -0.0414125, 0, -0.0386754, 0, -0.0212576, 0, -0.0393747, 0, -0.0703557, 0, -0.0726126, 0, -0.0531422, 0, -0.0252336, 0, -0.0178508, 0, -0.0462298, 0, -0.0732807, 0, -0.0761263, 0, -0.0438176, 0, -0.0359043, 0, -0.0610847, 0, -0.0547843, 0, -0.0257445, 0, -0.00931622, 0, -0.0185922, 0, -0.0233474, 0, -0.0212576, 0, -0.0115169, 0, -0.0212576, 0, -0.0386754, 0, -0.0414125, 0, -0.0320073, 0, -0.0157992, 0, -0.0141012, 0, -0.0301501, 0, -0.0421112, 0, -0.0414125, 0, -0.0233474, 0, -0.0185922, 0, -0.0320073, 0, -0.0301501, 0, -0.0181715, 0, -0.00660685, 0, -0.0185922, 0, -0.0359043, 0, -0.0438176, 0, -0.0393747, 0, -0.0212576, 0, -0.0386754, 0, -0.0703557, 0, -0.0761263, 0, -0.0610847, 0, -0.0320073, 0, -0.0301501, 0, -0.0547843, 0, -0.0732807, 0, -0.0726126, 0, -0.0414125, 0, -0.0320073, 0, -0.0531422, 0, -0.0462298, 0, -0.0257445, 0, -0.0181715, 0, -0.00660685, 0, -0.0233474, 0, -0.0438176, 0, -0.0505457, 0, -0.0438176, 0, -0.0233474, 0, -0.0414125, 0, -0.0761263, 0, -0.0862187, 0, -0.0761263, 0, -0.0414125, 0, -0.0421112, 0, -0.0732807, 0, -0.0777262, 0, -0.0732807, 0, -0.0421112, 0, -0.0301501, 0, -0.0462298, 0, -0.036831, 0, -0.0462298, 0, -0.0301501, 0, -0.0141012, 0, -0.0178508, 0, -0.0212576, 0, -0.0393747, 0, -0.0438176, 0, -0.0359043, 0, -0.0185922, 0, -0.0320073, 0, -0.0610847, 0, -0.0761263, 0, -0.0703557, 0, -0.0386754, 0, -0.0414125, 0, -0.0726126, 0, -0.0732807, 0, -0.0547843, 0, -0.0301501, 0, -0.0181715, 0, -0.0257445, 0, -0.0462298, 0, -0.0531422, 0, -0.0320073, 0, -0.0157992, 0, -0.0252336, 0, -0.0178508, 0, -0.0115169, 0, -0.0212576, 0, -0.0233474, 0, -0.0185922, 0, -0.00931622, 0, -0.0157992, 0, -0.0320073, 0, -0.0414125, 0, -0.0386754, 0, -0.0212576, 0, -0.0233474, 0, -0.0414125, 0, -0.0421112, 0, -0.0301501, 0, -0.0141012, 0, -0.00660685, 0, -0.0181715, 0, -0.0301501, 0, -0.0320073, 0, -0.0185922, 0, -0.00931622, 0, -0.0157992, 0, -0.0141012, 0, -0.00660685, 0, ]
USE_ENERGY_DISTANCE =     false
PERIODIC =                false
UNIFORM_SITES =           true
DEVICE_DIMENSION =        2
MAX_PARAM =               1
MIN_PARAM =               0
MIN_PARAM =               0
DIAG =                    true
NUM_SEEDS =               2
NUMBER_OF_BANGS =               7
DISTANCE_LIMIT =          0.02
TAU_SCALAR =              1.2
TAU_SCALAR_TINY =         1.1
TAU_SCALAR_BIG =          1.4
ACCEPTANCE_PROB =         0.85
TEMP_EXP_DECAY =          0.8
MIN_TEMP_FRACTION =       0.01
TEMP_DECAY_ITERATIONS =   21
ZERO_TEMP_ITREATIONS =    15
RANDOM_STATES =           3
END_PARAMETERS
##############################################################################
clock_duration  =         5302.51
tau =                     1
total_steps =             32
time_step =               0.03125
best_mc_result =          0.086098
best_mc_result_non_secondary =          0.0868602
evolved_target_dot_squared =  0.913902
distance =          1
j_protocol =  [[1, 1, 1, 1, 1, 1, 0, 0, 1, 1, 1, 1, 1, 1, 1, 1, 1, 1, 1, 1, 0, 0, 1, 1, 1, 1, 1, 1, 1, 1, 1, 1, ],[1, 1, 1, 1, 1, 0, 0, 0, 1, 1, 1, 1, 1, 1, 1, 1, 1, 1, 1, 1, 0, 0, 1, 1, 1, 1, 1, 1, 1, 1, 1, 1, ],]
k_protocol =  [[1, 1, 1, 1, 1, 1, 1, 1, 1, 1, 1, 1, 1, 1, 1, 1, 1, 1, 1, 1, 1, 1, 1, 1, 1, 1, 1, 1, 1, 1, 1, 1, ],[1, 1, 1, 1, 1, 1, 1, 1, 1, 1, 1, 1, 1, 1, 1, 1, 1, 1, 1, 1, 1, 1, 1, 1, 1, 1, 1, 1, 1, 1, 1, 1, ],]
j_protocol_secondary =  [0, 0.160164, 0.249447, 0.461022, 0.461022, 0.578338, 0.578338, 0.61621, 0.674526, 0.810966, 0.810966, 0.933743, 0.933743, 0.974783, ]
k_protocol_secondary =  [0.00792686, 0.236645, 0.236645, 0.62649, 0.62649, 0.686726, 0.686726, 0.739916, 0.739916, 0.740412, 0.740412, 0.866801, 0.866801, 1, ]
best_evolved_state = [-0.00322627, 0.00100866, -0.0080308, -0.000927023, -0.0118723, 0.000500235, -0.0082618, 0.00538557, -0.00662379, 0.00592851, -0.0118723, 0.000500235, -0.00615107, 0.00273768, -0.0082618, 0.00538557, -0.0080308, -0.000927023, -0.00322627, 0.00100866, -0.0123564, 0.00990105, -0.0180667, 0.0104967, -0.0312932, 0.000185424, -0.0140114, -0.00249392, -0.00322627, 0.00100866, -0.0180667, 0.0104967, -0.0299813, 0.0114724, -0.0398504, 0.00997878, -0.0190537, -0.00512317, -0.0140114, -0.00249392, -0.0190537, -0.00512317, -0.0312932, 0.000185424, -0.0398504, 0.00997878, -0.0230825, -0.00169971, -0.0398504, 0.00997878, -0.0312932, 0.000185424, -0.0626032, 0.0101695, -0.0392395, 0.0311485, -0.0140114, -0.00249392, -0.0190537, -0.00512317, -0.0398504, 0.00997878, -0.0299813, 0.0114724, -0.0180667, 0.0104967, -0.0452852, 0.0224976, -0.0676793, 0.0393255, -0.0392395, 0.0311485, -0.00322627, 0.00100866, -0.0140114, -0.00249392, -0.0312932, 0.000185424, -0.0180667, 0.0104967, -0.0123564, 0.00990105, -0.027824, 0.0198016, -0.0452852, 0.0224976, -0.0626032, 0.0101695, -0.0190537, -0.00512317, -0.0080308, -0.000927023, -0.0312932, 0.000185424, -0.0423756, 0.0230016, -0.029001, 0.0157418, -0.0110843, 0.0120821, -0.0381046, 0.0300792, -0.0678391, 0.0526916, -0.0735946, 0.0426846, -0.0398504, 0.00997878, -0.0118723, 0.000500235, -0.0312932, 0.000185424, -0.0626032, 0.0101695, -0.0735946, 0.0426846, -0.0640407, 0.0320787, -0.029001, 0.0157418, -0.0678391, 0.0526916, -0.0977622, 0.109159, -0.0822247, 0.0776514, -0.0392395, 0.0311485, -0.0398504, 0.00997878, -0.0230825, -0.00169971, -0.0423756, 0.0230016, -0.0735946, 0.0426846, -0.0950981, 0.0542123, -0.0735946, 0.0426846, -0.0423756, 0.0230016, -0.0735946, 0.0426846, -0.0822247, 0.0776514, -0.0507062, 0.0708245, -0.0822247, 0.0776514, -0.0735946, 0.0426846, -0.0950981, 0.0542123, -0.0507062, 0.0708245, -0.029001, 0.0157418, -0.0640407, 0.0320787, -0.0735946, 0.0426846, -0.0626032, 0.0101695, -0.0312932, 0.000185424, -0.0398504, 0.00997878, -0.0392395, 0.0311485, -0.0822247, 0.0776514, -0.0977622, 0.109159, -0.0678391, 0.0526916, -0.0554566, 0.0673652, -0.0760285, 0.0972078, -0.0507062, 0.0708245, -0.0110843, 0.0120821, -0.029001, 0.0157418, -0.0423756, 0.0230016, -0.0312932, 0.000185424, -0.0080308, -0.000927023, -0.0118723, 0.000500235, -0.0398504, 0.00997878, -0.0735946, 0.0426846, -0.0678391, 0.0526916, -0.0381046, 0.0300792, -0.0332368, 0.0524243, -0.0554566, 0.0673652, -0.0950981, 0.0542123, -0.0230825, -0.00169971, -0.00894374, 0.0247342, -0.00983937, 0.0339642, -0.029001, 0.0157418, -0.0180667, 0.0104967, -0.0082618, 0.00538557, -0.00662379, 0.00592851, -0.0299813, 0.0114724, -0.0640407, 0.0320787, -0.0319517, 0.0450137, -0.017865, 0.0347751, -0.0381046, 0.0300792, -0.0678391, 0.0526916, -0.0735946, 0.0426846, -0.0398504, 0.00997878, -0.0118723, 0.000500235, -0.00983937, 0.0339642, -0.0319517, 0.0450137, -0.0678391, 0.0526916, -0.0452852, 0.0224976, -0.0180667, 0.0104967, -0.0299813, 0.0114724, -0.0676793, 0.0393255, -0.0977622, 0.109159, -0.0838529, 0.0858719, -0.0319517, 0.0450137, -0.0678391, 0.0526916, -0.0977622, 0.109159, -0.0822247, 0.0776514, -0.0392395, 0.0311485, -0.0398504, 0.00997878, -0.0190537, -0.00512317, -0.029001, 0.0157418, -0.0678391, 0.0526916, -0.0554566, 0.0673652, -0.0678391, 0.0526916, -0.029001, 0.0157418, -0.0640407, 0.0320787, -0.0977622, 0.109159, -0.0760285, 0.0972078, -0.0977622, 0.109159, -0.0640407, 0.0320787, -0.0735946, 0.0426846, -0.0822247, 0.0776514, -0.0507062, 0.0708245, -0.0822247, 0.0776514, -0.0735946, 0.0426846, -0.0626032, 0.0101695, -0.0392395, 0.0311485, -0.0180667, 0.0104967, -0.0452852, 0.0224976, -0.0678391, 0.0526916, -0.0319517, 0.0450137, -0.00983937, 0.0339642, -0.0319517, 0.0450137, -0.0838529, 0.0858719, -0.0977622, 0.109159, -0.0676793, 0.0393255, -0.0299813, 0.0114724, -0.0398504, 0.00997878, -0.0392395, 0.0311485, -0.0822247, 0.0776514, -0.0977622, 0.109159, -0.0678391, 0.0526916, -0.0452852, 0.0224976, -0.0676793, 0.0393255, -0.0392395, 0.0311485, -0.0082618, 0.00538557, -0.0180667, 0.0104967, -0.029001, 0.0157418, -0.00983937, 0.0339642, -0.00894374, 0.0247342, -0.017865, 0.0347751, -0.0319517, 0.0450137, -0.0640407, 0.0320787, -0.0299813, 0.0114724, -0.00662379, 0.00592851, -0.0118723, 0.000500235, -0.0398504, 0.00997878, -0.0735946, 0.0426846, -0.0678391, 0.0526916, -0.0381046, 0.0300792, -0.027824, 0.0198016, -0.0452852, 0.0224976, -0.0626032, 0.0101695, -0.0190537, -0.00512317, -0.00615107, 0.00273768, -0.0123564, 0.00990105, -0.0110843, 0.0120821, -0.00894374, 0.0247342, -0.0078547, 0.0142147, -0.00894374, 0.0247342, -0.00983937, 0.0339642, -0.029001, 0.0157418, -0.0180667, 0.0104967, -0.0082618, 0.00538557, -0.0080308, -0.000927023, -0.0312932, 0.000185424, -0.0423756, 0.0230016, -0.029001, 0.0157418, -0.0110843, 0.0120821, -0.0123564, 0.00990105, -0.0180667, 0.0104967, -0.0312932, 0.000185424, -0.0140114, -0.00249392, -0.00322627, 0.00100866, -0.0123564, 0.00990105, -0.027824, 0.0198016, -0.0381046, 0.0300792, -0.017865, 0.0347751, -0.00894374, 0.0247342, -0.00983937, 0.0339642, -0.0319517, 0.0450137, -0.0678391, 0.0526916, -0.0452852, 0.0224976, -0.0180667, 0.0104967, -0.0312932, 0.000185424, -0.0626032, 0.0101695, -0.0735946, 0.0426846, -0.0640407, 0.0320787, -0.029001, 0.0157418, -0.0180667, 0.0104967, -0.0299813, 0.0114724, -0.0398504, 0.00997878, -0.0190537, -0.00512317, -0.0140114, -0.00249392, -0.00322627, 0.00100866, -0.0110843, 0.0120821, -0.0381046, 0.0300792, -0.0332368, 0.0524243, -0.0381046, 0.0300792, -0.0110843, 0.0120821, -0.029001, 0.0157418, -0.0678391, 0.0526916, -0.0554566, 0.0673652, -0.0678391, 0.0526916, -0.029001, 0.0157418, -0.0423756, 0.0230016, -0.0735946, 0.0426846, -0.0950981, 0.0542123, -0.0735946, 0.0426846, -0.0423756, 0.0230016, -0.0312932, 0.000185424, -0.0398504, 0.00997878, -0.0230825, -0.00169971, -0.0398504, 0.00997878, -0.0312932, 0.000185424, -0.0080308, -0.000927023, -0.0118723, 0.000500235, -0.00894374, 0.0247342, -0.017865, 0.0347751, -0.0381046, 0.0300792, -0.027824, 0.0198016, -0.0123564, 0.00990105, -0.0180667, 0.0104967, -0.0452852, 0.0224976, -0.0678391, 0.0526916, -0.0319517, 0.0450137, -0.00983937, 0.0339642, -0.029001, 0.0157418, -0.0640407, 0.0320787, -0.0735946, 0.0426846, -0.0626032, 0.0101695, -0.0312932, 0.000185424, -0.0140114, -0.00249392, -0.0190537, -0.00512317, -0.0398504, 0.00997878, -0.0299813, 0.0114724, -0.0180667, 0.0104967, -0.0082618, 0.00538557, -0.00662379, 0.00592851, -0.0118723, 0.000500235, -0.0078547, 0.0142147, -0.00894374, 0.0247342, -0.0110843, 0.0120821, -0.0123564, 0.00990105, -0.00615107, 0.00273768, -0.0082618, 0.00538557, -0.0180667, 0.0104967, -0.029001, 0.0157418, -0.00983937, 0.0339642, -0.00894374, 0.0247342, -0.0110843, 0.0120821, -0.029001, 0.0157418, -0.0423756, 0.0230016, -0.0312932, 0.000185424, -0.0080308, -0.000927023, -0.00322627, 0.00100866, -0.0140114, -0.00249392, -0.0312932, 0.000185424, -0.0180667, 0.0104967, -0.0123564, 0.00990105, -0.00615107, 0.00273768, -0.0082618, 0.00538557, -0.0080308, -0.000927023, -0.00322627, 0.00100866, ]
best_mc_result_fixed_tau =   [0.0886025, 0.0868602, ]
evolved_state_fixed_tau =   [[-0.00290376, 0.000746284, -0.00854132, -0.00186368, -0.0135709, -0.00025324, -0.00798497, 0.00579954, -0.00607167, 0.0034548, -0.0135709, -0.00025324, -0.00657209, 0.00340521, -0.00798497, 0.00579954, -0.00854132, -0.00186368, -0.00290376, 0.000746284, -0.0115712, 0.0110236, -0.0178386, 0.00879599, -0.0342911, 0.000536861, -0.0146956, -0.00278432, -0.00290376, 0.000746284, -0.0178386, 0.00879599, -0.0324511, 0.00601894, -0.0411509, 0.00941468, -0.0224169, -0.00781275, -0.0146956, -0.00278432, -0.0224169, -0.00781275, -0.0342911, 0.000536861, -0.0411509, 0.00941468, -0.0277084, -0.00756653, -0.0411509, 0.00941468, -0.0342911, 0.000536861, -0.0671724, 0.0103592, -0.041492, 0.023924, -0.0146956, -0.00278432, -0.0224169, -0.00781275, -0.0411509, 0.00941468, -0.0324511, 0.00601894, -0.0178386, 0.00879599, -0.0485845, 0.0172109, -0.0753979, 0.0295539, -0.041492, 0.023924, -0.00290376, 0.000746284, -0.0146956, -0.00278432, -0.0342911, 0.000536861, -0.0178386, 0.00879599, -0.0115712, 0.0110236, -0.0277036, 0.0198185, -0.0485845, 0.0172109, -0.0671724, 0.0103592, -0.0224169, -0.00781275, -0.00854132, -0.00186368, -0.0342911, 0.000536861, -0.0419403, 0.0237383, -0.0319712, 0.0137805, -0.0107692, 0.0107891, -0.0397203, 0.03119, -0.0711642, 0.051076, -0.0761075, 0.0396377, -0.0411509, 0.00941468, -0.0135709, -0.00025324, -0.0342911, 0.000536861, -0.0671724, 0.0103592, -0.0761075, 0.0396377, -0.0704877, 0.0291494, -0.0319712, 0.0137805, -0.0711642, 0.051076, -0.101869, 0.0976216, -0.0891285, 0.0679216, -0.041492, 0.023924, -0.0411509, 0.00941468, -0.0277084, -0.00756653, -0.0419403, 0.0237383, -0.0761075, 0.0396377, -0.0968241, 0.0576257, -0.0761075, 0.0396377, -0.0419403, 0.0237383, -0.0761075, 0.0396377, -0.0891285, 0.0679216, -0.0534346, 0.0609684, -0.0891285, 0.0679216, -0.0761075, 0.0396377, -0.0968241, 0.0576257, -0.0534346, 0.0609684, -0.0319712, 0.0137805, -0.0704877, 0.0291494, -0.0761075, 0.0396377, -0.0671724, 0.0103592, -0.0342911, 0.000536861, -0.0411509, 0.00941468, -0.041492, 0.023924, -0.0891285, 0.0679216, -0.101869, 0.0976216, -0.0711642, 0.051076, -0.0573825, 0.0578944, -0.0889078, 0.0791879, -0.0534346, 0.0609684, -0.0107692, 0.0107891, -0.0319712, 0.0137805, -0.0419403, 0.0237383, -0.0342911, 0.000536861, -0.00854132, -0.00186368, -0.0135709, -0.00025324, -0.0411509, 0.00941468, -0.0761075, 0.0396377, -0.0711642, 0.051076, -0.0397203, 0.03119, -0.0288368, 0.051317, -0.0573825, 0.0578944, -0.0968241, 0.0576257, -0.0277084, -0.00756653, -0.00583368, 0.0266735, -0.00628326, 0.0312592, -0.0319712, 0.0137805, -0.0178386, 0.00879599, -0.00798497, 0.00579954, -0.00607167, 0.0034548, -0.0324511, 0.00601894, -0.0704877, 0.0291494, -0.034555, 0.0364749, -0.0158937, 0.0338148, -0.0397203, 0.03119, -0.0711642, 0.051076, -0.0761075, 0.0396377, -0.0411509, 0.00941468, -0.0135709, -0.00025324, -0.00628326, 0.0312592, -0.034555, 0.0364749, -0.0711642, 0.051076, -0.0485845, 0.0172109, -0.0178386, 0.00879599, -0.0324511, 0.00601894, -0.0753979, 0.0295539, -0.101869, 0.0976216, -0.095543, 0.0721092, -0.034555, 0.0364749, -0.0711642, 0.051076, -0.101869, 0.0976216, -0.0891285, 0.0679216, -0.041492, 0.023924, -0.0411509, 0.00941468, -0.0224169, -0.00781275, -0.0319712, 0.0137805, -0.0711642, 0.051076, -0.0573825, 0.0578944, -0.0711642, 0.051076, -0.0319712, 0.0137805, -0.0704877, 0.0291494, -0.101869, 0.0976216, -0.0889078, 0.0791879, -0.101869, 0.0976216, -0.0704877, 0.0291494, -0.0761075, 0.0396377, -0.0891285, 0.0679216, -0.0534346, 0.0609684, -0.0891285, 0.0679216, -0.0761075, 0.0396377, -0.0671724, 0.0103592, -0.041492, 0.023924, -0.0178386, 0.00879599, -0.0485845, 0.0172109, -0.0711642, 0.051076, -0.034555, 0.0364749, -0.00628326, 0.0312592, -0.034555, 0.0364749, -0.095543, 0.0721092, -0.101869, 0.0976216, -0.0753979, 0.0295539, -0.0324511, 0.00601894, -0.0411509, 0.00941468, -0.041492, 0.023924, -0.0891285, 0.0679216, -0.101869, 0.0976216, -0.0711642, 0.051076, -0.0485845, 0.0172109, -0.0753979, 0.0295539, -0.041492, 0.023924, -0.00798497, 0.00579954, -0.0178386, 0.00879599, -0.0319712, 0.0137805, -0.00628326, 0.0312592, -0.00583368, 0.0266735, -0.0158937, 0.0338148, -0.034555, 0.0364749, -0.0704877, 0.0291494, -0.0324511, 0.00601894, -0.00607167, 0.0034548, -0.0135709, -0.00025324, -0.0411509, 0.00941468, -0.0761075, 0.0396377, -0.0711642, 0.051076, -0.0397203, 0.03119, -0.0277036, 0.0198185, -0.0485845, 0.0172109, -0.0671724, 0.0103592, -0.0224169, -0.00781275, -0.00657209, 0.00340521, -0.0115712, 0.0110236, -0.0107692, 0.0107891, -0.00583368, 0.0266735, -0.00675626, 0.0167193, -0.00583368, 0.0266735, -0.00628326, 0.0312592, -0.0319712, 0.0137805, -0.0178386, 0.00879599, -0.00798497, 0.00579954, -0.00854132, -0.00186368, -0.0342911, 0.000536861, -0.0419403, 0.0237383, -0.0319712, 0.0137805, -0.0107692, 0.0107891, -0.0115712, 0.0110236, -0.0178386, 0.00879599, -0.0342911, 0.000536861, -0.0146956, -0.00278432, -0.00290376, 0.000746284, -0.0115712, 0.0110236, -0.0277036, 0.0198185, -0.0397203, 0.03119, -0.0158937, 0.0338148, -0.00583368, 0.0266735, -0.00628326, 0.0312592, -0.034555, 0.0364749, -0.0711642, 0.051076, -0.0485845, 0.0172109, -0.0178386, 0.00879599, -0.0342911, 0.000536861, -0.0671724, 0.0103592, -0.0761075, 0.0396377, -0.0704877, 0.0291494, -0.0319712, 0.0137805, -0.0178386, 0.00879599, -0.0324511, 0.00601894, -0.0411509, 0.00941468, -0.0224169, -0.00781275, -0.0146956, -0.00278432, -0.00290376, 0.000746284, -0.0107692, 0.0107891, -0.0397203, 0.03119, -0.0288368, 0.051317, -0.0397203, 0.03119, -0.0107692, 0.0107891, -0.0319712, 0.0137805, -0.0711642, 0.051076, -0.0573825, 0.0578944, -0.0711642, 0.051076, -0.0319712, 0.0137805, -0.0419403, 0.0237383, -0.0761075, 0.0396377, -0.0968241, 0.0576257, -0.0761075, 0.0396377, -0.0419403, 0.0237383, -0.0342911, 0.000536861, -0.0411509, 0.00941468, -0.0277084, -0.00756653, -0.0411509, 0.00941468, -0.0342911, 0.000536861, -0.00854132, -0.00186368, -0.0135709, -0.00025324, -0.00583368, 0.0266735, -0.0158937, 0.0338148, -0.0397203, 0.03119, -0.0277036, 0.0198185, -0.0115712, 0.0110236, -0.0178386, 0.00879599, -0.0485845, 0.0172109, -0.0711642, 0.051076, -0.034555, 0.0364749, -0.00628326, 0.0312592, -0.0319712, 0.0137805, -0.0704877, 0.0291494, -0.0761075, 0.0396377, -0.0671724, 0.0103592, -0.0342911, 0.000536861, -0.0146956, -0.00278432, -0.0224169, -0.00781275, -0.0411509, 0.00941468, -0.0324511, 0.00601894, -0.0178386, 0.00879599, -0.00798497, 0.00579954, -0.00607167, 0.0034548, -0.0135709, -0.00025324, -0.00675626, 0.0167193, -0.00583368, 0.0266735, -0.0107692, 0.0107891, -0.0115712, 0.0110236, -0.00657209, 0.00340521, -0.00798497, 0.00579954, -0.0178386, 0.00879599, -0.0319712, 0.0137805, -0.00628326, 0.0312592, -0.00583368, 0.0266735, -0.0107692, 0.0107891, -0.0319712, 0.0137805, -0.0419403, 0.0237383, -0.0342911, 0.000536861, -0.00854132, -0.00186368, -0.00290376, 0.000746284, -0.0146956, -0.00278432, -0.0342911, 0.000536861, -0.0178386, 0.00879599, -0.0115712, 0.0110236, -0.00657209, 0.00340521, -0.00798497, 0.00579954, -0.00854132, -0.00186368, -0.00290376, 0.000746284, ],[-0.00300206, 0.000669851, -0.00826591, -0.00114518, -0.0123368, 0.000631398, -0.00775246, 0.00563043, -0.00625791, 0.00522312, -0.0123368, 0.000631398, -0.00617329, 0.00292981, -0.00775246, 0.00563043, -0.00826591, -0.00114518, -0.00300206, 0.000669851, -0.0115944, 0.0102646, -0.0174294, 0.0107686, -0.0318063, 0.00255845, -0.0141205, -0.00192325, -0.00300206, 0.000669851, -0.0174294, 0.0107686, -0.0300659, 0.0129654, -0.0386416, 0.0132799, -0.0204006, -0.00485587, -0.0141205, -0.00192325, -0.0204006, -0.00485587, -0.0318063, 0.00255845, -0.0386416, 0.0132799, -0.0254931, -0.0020829, -0.0386416, 0.0132799, -0.0318063, 0.00255845, -0.0620604, 0.0163101, -0.039046, 0.0308321, -0.0141205, -0.00192325, -0.0204006, -0.00485587, -0.0386416, 0.0132799, -0.0300659, 0.0129654, -0.0174294, 0.0107686, -0.0445412, 0.0254748, -0.0652243, 0.0460146, -0.039046, 0.0308321, -0.00300206, 0.000669851, -0.0141205, -0.00192325, -0.0318063, 0.00255845, -0.0174294, 0.0107686, -0.0115944, 0.0102646, -0.0265006, 0.0210484, -0.0445412, 0.0254748, -0.0620604, 0.0163101, -0.0204006, -0.00485587, -0.00826591, -0.00114518, -0.0318063, 0.00255845, -0.0401618, 0.0250642, -0.028834, 0.0172216, -0.0108836, 0.0117824, -0.0364153, 0.0325667, -0.0633373, 0.058363, -0.070291, 0.04831, -0.0386416, 0.0132799, -0.0123368, 0.000631398, -0.0318063, 0.00255845, -0.0620604, 0.0163101, -0.070291, 0.04831, -0.0623277, 0.0375194, -0.028834, 0.0172216, -0.0633373, 0.058363, -0.0856256, 0.117814, -0.0744669, 0.0853111, -0.039046, 0.0308321, -0.0386416, 0.0132799, -0.0254931, -0.0020829, -0.0401618, 0.0250642, -0.070291, 0.04831, -0.0888016, 0.0637073, -0.070291, 0.04831, -0.0401618, 0.0250642, -0.070291, 0.04831, -0.0744669, 0.0853111, -0.0489346, 0.0695803, -0.0744669, 0.0853111, -0.070291, 0.04831, -0.0888016, 0.0637073, -0.0489346, 0.0695803, -0.028834, 0.0172216, -0.0623277, 0.0375194, -0.070291, 0.04831, -0.0620604, 0.0163101, -0.0318063, 0.00255845, -0.0386416, 0.0132799, -0.039046, 0.0308321, -0.0744669, 0.0853111, -0.0856256, 0.117814, -0.0633373, 0.058363, -0.0507302, 0.0695808, -0.068418, 0.102878, -0.0489346, 0.0695803, -0.0108836, 0.0117824, -0.028834, 0.0172216, -0.0401618, 0.0250642, -0.0318063, 0.00255845, -0.00826591, -0.00114518, -0.0123368, 0.000631398, -0.0386416, 0.0132799, -0.070291, 0.04831, -0.0633373, 0.058363, -0.0364153, 0.0325667, -0.02885, 0.0528557, -0.0507302, 0.0695808, -0.0888016, 0.0637073, -0.0254931, -0.0020829, -0.00723311, 0.0247204, -0.00735463, 0.0329367, -0.028834, 0.0172216, -0.0174294, 0.0107686, -0.00775246, 0.00563043, -0.00625791, 0.00522312, -0.0300659, 0.0129654, -0.0623277, 0.0375194, -0.0295691, 0.0457739, -0.0155258, 0.034816, -0.0364153, 0.0325667, -0.0633373, 0.058363, -0.070291, 0.04831, -0.0386416, 0.0132799, -0.0123368, 0.000631398, -0.00735463, 0.0329367, -0.0295691, 0.0457739, -0.0633373, 0.058363, -0.0445412, 0.0254748, -0.0174294, 0.0107686, -0.0300659, 0.0129654, -0.0652243, 0.0460146, -0.0856256, 0.117814, -0.0770789, 0.0941304, -0.0295691, 0.0457739, -0.0633373, 0.058363, -0.0856256, 0.117814, -0.0744669, 0.0853111, -0.039046, 0.0308321, -0.0386416, 0.0132799, -0.0204006, -0.00485587, -0.028834, 0.0172216, -0.0633373, 0.058363, -0.0507302, 0.0695808, -0.0633373, 0.058363, -0.028834, 0.0172216, -0.0623277, 0.0375194, -0.0856256, 0.117814, -0.068418, 0.102878, -0.0856256, 0.117814, -0.0623277, 0.0375194, -0.070291, 0.04831, -0.0744669, 0.0853111, -0.0489346, 0.0695803, -0.0744669, 0.0853111, -0.070291, 0.04831, -0.0620604, 0.0163101, -0.039046, 0.0308321, -0.0174294, 0.0107686, -0.0445412, 0.0254748, -0.0633373, 0.058363, -0.0295691, 0.0457739, -0.00735463, 0.0329367, -0.0295691, 0.0457739, -0.0770789, 0.0941304, -0.0856256, 0.117814, -0.0652243, 0.0460146, -0.0300659, 0.0129654, -0.0386416, 0.0132799, -0.039046, 0.0308321, -0.0744669, 0.0853111, -0.0856256, 0.117814, -0.0633373, 0.058363, -0.0445412, 0.0254748, -0.0652243, 0.0460146, -0.039046, 0.0308321, -0.00775246, 0.00563043, -0.0174294, 0.0107686, -0.028834, 0.0172216, -0.00735463, 0.0329367, -0.00723311, 0.0247204, -0.0155258, 0.034816, -0.0295691, 0.0457739, -0.0623277, 0.0375194, -0.0300659, 0.0129654, -0.00625791, 0.00522312, -0.0123368, 0.000631398, -0.0386416, 0.0132799, -0.070291, 0.04831, -0.0633373, 0.058363, -0.0364153, 0.0325667, -0.0265006, 0.0210484, -0.0445412, 0.0254748, -0.0620604, 0.0163101, -0.0204006, -0.00485587, -0.00617329, 0.00292981, -0.0115944, 0.0102646, -0.0108836, 0.0117824, -0.00723311, 0.0247204, -0.00733533, 0.0144772, -0.00723311, 0.0247204, -0.00735463, 0.0329367, -0.028834, 0.0172216, -0.0174294, 0.0107686, -0.00775246, 0.00563043, -0.00826591, -0.00114518, -0.0318063, 0.00255845, -0.0401618, 0.0250642, -0.028834, 0.0172216, -0.0108836, 0.0117824, -0.0115944, 0.0102646, -0.0174294, 0.0107686, -0.0318063, 0.00255845, -0.0141205, -0.00192325, -0.00300206, 0.000669851, -0.0115944, 0.0102646, -0.0265006, 0.0210484, -0.0364153, 0.0325667, -0.0155258, 0.034816, -0.00723311, 0.0247204, -0.00735463, 0.0329367, -0.0295691, 0.0457739, -0.0633373, 0.058363, -0.0445412, 0.0254748, -0.0174294, 0.0107686, -0.0318063, 0.00255845, -0.0620604, 0.0163101, -0.070291, 0.04831, -0.0623277, 0.0375194, -0.028834, 0.0172216, -0.0174294, 0.0107686, -0.0300659, 0.0129654, -0.0386416, 0.0132799, -0.0204006, -0.00485587, -0.0141205, -0.00192325, -0.00300206, 0.000669851, -0.0108836, 0.0117824, -0.0364153, 0.0325667, -0.02885, 0.0528557, -0.0364153, 0.0325667, -0.0108836, 0.0117824, -0.028834, 0.0172216, -0.0633373, 0.058363, -0.0507302, 0.0695808, -0.0633373, 0.058363, -0.028834, 0.0172216, -0.0401618, 0.0250642, -0.070291, 0.04831, -0.0888016, 0.0637073, -0.070291, 0.04831, -0.0401618, 0.0250642, -0.0318063, 0.00255845, -0.0386416, 0.0132799, -0.0254931, -0.0020829, -0.0386416, 0.0132799, -0.0318063, 0.00255845, -0.00826591, -0.00114518, -0.0123368, 0.000631398, -0.00723311, 0.0247204, -0.0155258, 0.034816, -0.0364153, 0.0325667, -0.0265006, 0.0210484, -0.0115944, 0.0102646, -0.0174294, 0.0107686, -0.0445412, 0.0254748, -0.0633373, 0.058363, -0.0295691, 0.0457739, -0.00735463, 0.0329367, -0.028834, 0.0172216, -0.0623277, 0.0375194, -0.070291, 0.04831, -0.0620604, 0.0163101, -0.0318063, 0.00255845, -0.0141205, -0.00192325, -0.0204006, -0.00485587, -0.0386416, 0.0132799, -0.0300659, 0.0129654, -0.0174294, 0.0107686, -0.00775246, 0.00563043, -0.00625791, 0.00522312, -0.0123368, 0.000631398, -0.00733533, 0.0144772, -0.00723311, 0.0247204, -0.0108836, 0.0117824, -0.0115944, 0.0102646, -0.00617329, 0.00292981, -0.00775246, 0.00563043, -0.0174294, 0.0107686, -0.028834, 0.0172216, -0.00735463, 0.0329367, -0.00723311, 0.0247204, -0.0108836, 0.0117824, -0.028834, 0.0172216, -0.0401618, 0.0250642, -0.0318063, 0.00255845, -0.00826591, -0.00114518, -0.00300206, 0.000669851, -0.0141205, -0.00192325, -0.0318063, 0.00255845, -0.0174294, 0.0107686, -0.0115944, 0.0102646, -0.00617329, 0.00292981, -0.00775246, 0.00563043, -0.00826591, -0.00114518, -0.00300206, 0.000669851, ],]
