START_PARAMETERS
MAX_STEPS_MCDB =               32
MIN_STEPS_MCDB =               4
STEPS_CRUNCH_MCDB =            1
SWEEPS_MCDB =                  100
TOTAL_STEP_CHANGES =                  6
MCBB_SECONDARY =                  1
SWEEPS_MCBB_SECONDARY =                  250
NUMBER_OF_BANGS =                  7
GROUND_E =                11.2117
INITIAL_E =               11.5373
j_initial =               0.559
k_initial =               0.25
b_initial =               0
j_target =                0.176
k_target =                0.5
b_target =                0
init_target_dot_squared = 0.742258
init_state = [-0.00270308, 0, -0.00729011, 0, -0.0105117, 0, -0.00859774, 0, -0.0171937, 0, -0.0105117, 0, -0.00401746, 0, -0.00859774, 0, -0.00729011, 0, -0.00270308, 0, -0.0103778, 0, -0.0225138, 0, -0.0202666, 0, -0.0103313, 0, -0.00270308, 0, -0.0225138, 0, -0.0467222, 0, -0.0374079, 0, -0.0165869, 0, -0.0103313, 0, -0.0165869, 0, -0.0202666, 0, -0.0374079, 0, -0.0258701, 0, -0.0374079, 0, -0.0202666, 0, -0.0463744, 0, -0.0647749, 0, -0.0103313, 0, -0.0165869, 0, -0.0374079, 0, -0.0467222, 0, -0.0225138, 0, -0.0552146, 0, -0.109725, 0, -0.0647749, 0, -0.00270308, 0, -0.0103313, 0, -0.0202666, 0, -0.0225138, 0, -0.0103778, 0, -0.0258366, 0, -0.0552146, 0, -0.0463744, 0, -0.0165869, 0, -0.00729011, 0, -0.0202666, 0, -0.0312771, 0, -0.0312235, 0, -0.0138707, 0, -0.0333313, 0, -0.073232, 0, -0.0682646, 0, -0.0374079, 0, -0.0105117, 0, -0.0202666, 0, -0.0463744, 0, -0.0682646, 0, -0.0692292, 0, -0.0312235, 0, -0.073232, 0, -0.155262, 0, -0.132554, 0, -0.0647749, 0, -0.0374079, 0, -0.0258701, 0, -0.0312771, 0, -0.0682646, 0, -0.0716121, 0, -0.0682646, 0, -0.0312771, 0, -0.0682646, 0, -0.132554, 0, -0.100662, 0, -0.132554, 0, -0.0682646, 0, -0.0716121, 0, -0.100662, 0, -0.0312235, 0, -0.0692292, 0, -0.0682646, 0, -0.0463744, 0, -0.0202666, 0, -0.0374079, 0, -0.0647749, 0, -0.132554, 0, -0.155262, 0, -0.073232, 0, -0.084736, 0, -0.169004, 0, -0.100662, 0, -0.0138707, 0, -0.0312235, 0, -0.0312771, 0, -0.0202666, 0, -0.00729011, 0, -0.0105117, 0, -0.0374079, 0, -0.0682646, 0, -0.073232, 0, -0.0333313, 0, -0.0395418, 0, -0.084736, 0, -0.0716121, 0, -0.0258701, 0, -0.0124679, 0, -0.0289755, 0, -0.0312235, 0, -0.0225138, 0, -0.00859774, 0, -0.0171937, 0, -0.0467222, 0, -0.0692292, 0, -0.0672507, 0, -0.029526, 0, -0.0333313, 0, -0.073232, 0, -0.0682646, 0, -0.0374079, 0, -0.0105117, 0, -0.0289755, 0, -0.0672507, 0, -0.073232, 0, -0.0552146, 0, -0.0225138, 0, -0.0467222, 0, -0.109725, 0, -0.155262, 0, -0.151659, 0, -0.0672507, 0, -0.073232, 0, -0.155262, 0, -0.132554, 0, -0.0647749, 0, -0.0374079, 0, -0.0165869, 0, -0.0312235, 0, -0.073232, 0, -0.084736, 0, -0.073232, 0, -0.0312235, 0, -0.0692292, 0, -0.155262, 0, -0.169004, 0, -0.155262, 0, -0.0692292, 0, -0.0682646, 0, -0.132554, 0, -0.100662, 0, -0.132554, 0, -0.0682646, 0, -0.0463744, 0, -0.0647749, 0, -0.0225138, 0, -0.0552146, 0, -0.073232, 0, -0.0672507, 0, -0.0289755, 0, -0.0672507, 0, -0.151659, 0, -0.155262, 0, -0.109725, 0, -0.0467222, 0, -0.0374079, 0, -0.0647749, 0, -0.132554, 0, -0.155262, 0, -0.073232, 0, -0.0552146, 0, -0.109725, 0, -0.0647749, 0, -0.00859774, 0, -0.0225138, 0, -0.0312235, 0, -0.0289755, 0, -0.0124679, 0, -0.029526, 0, -0.0672507, 0, -0.0692292, 0, -0.0467222, 0, -0.0171937, 0, -0.0105117, 0, -0.0374079, 0, -0.0682646, 0, -0.073232, 0, -0.0333313, 0, -0.0258366, 0, -0.0552146, 0, -0.0463744, 0, -0.0165869, 0, -0.00401746, 0, -0.0103778, 0, -0.0138707, 0, -0.0124679, 0, -0.00527936, 0, -0.0124679, 0, -0.0289755, 0, -0.0312235, 0, -0.0225138, 0, -0.00859774, 0, -0.00729011, 0, -0.0202666, 0, -0.0312771, 0, -0.0312235, 0, -0.0138707, 0, -0.0103778, 0, -0.0225138, 0, -0.0202666, 0, -0.0103313, 0, -0.00270308, 0, -0.0103778, 0, -0.0258366, 0, -0.0333313, 0, -0.029526, 0, -0.0124679, 0, -0.0289755, 0, -0.0672507, 0, -0.073232, 0, -0.0552146, 0, -0.0225138, 0, -0.0202666, 0, -0.0463744, 0, -0.0682646, 0, -0.0692292, 0, -0.0312235, 0, -0.0225138, 0, -0.0467222, 0, -0.0374079, 0, -0.0165869, 0, -0.0103313, 0, -0.00270308, 0, -0.0138707, 0, -0.0333313, 0, -0.0395418, 0, -0.0333313, 0, -0.0138707, 0, -0.0312235, 0, -0.073232, 0, -0.084736, 0, -0.073232, 0, -0.0312235, 0, -0.0312771, 0, -0.0682646, 0, -0.0716121, 0, -0.0682646, 0, -0.0312771, 0, -0.0202666, 0, -0.0374079, 0, -0.0258701, 0, -0.0374079, 0, -0.0202666, 0, -0.00729011, 0, -0.0105117, 0, -0.0124679, 0, -0.029526, 0, -0.0333313, 0, -0.0258366, 0, -0.0103778, 0, -0.0225138, 0, -0.0552146, 0, -0.073232, 0, -0.0672507, 0, -0.0289755, 0, -0.0312235, 0, -0.0692292, 0, -0.0682646, 0, -0.0463744, 0, -0.0202666, 0, -0.0103313, 0, -0.0165869, 0, -0.0374079, 0, -0.0467222, 0, -0.0225138, 0, -0.00859774, 0, -0.0171937, 0, -0.0105117, 0, -0.00527936, 0, -0.0124679, 0, -0.0138707, 0, -0.0103778, 0, -0.00401746, 0, -0.00859774, 0, -0.0225138, 0, -0.0312235, 0, -0.0289755, 0, -0.0124679, 0, -0.0138707, 0, -0.0312235, 0, -0.0312771, 0, -0.0202666, 0, -0.00729011, 0, -0.00270308, 0, -0.0103313, 0, -0.0202666, 0, -0.0225138, 0, -0.0103778, 0, -0.00401746, 0, -0.00859774, 0, -0.00729011, 0, -0.00270308, 0, ]
target_state = [-2.89984e-05, 0, -0.000207107, 0, -0.000681202, 0, -0.000417814, 0, -0.00253004, 0, -0.000681202, 0, -6.7033e-05, 0, -0.000417814, 0, -0.000207107, 0, -2.89984e-05, 0, -0.000494053, 0, -0.00309456, 0, -0.00166494, 0, -0.000373301, 0, -2.89984e-05, 0, -0.00309456, 0, -0.0189425, 0, -0.00789798, 0, -0.00126313, 0, -0.000373301, 0, -0.00126313, 0, -0.00166494, 0, -0.00789798, 0, -0.00239523, 0, -0.00789798, 0, -0.00166494, 0, -0.010646, 0, -0.0292817, 0, -0.000373301, 0, -0.00126313, 0, -0.00789798, 0, -0.0189425, 0, -0.00309456, 0, -0.0222536, 0, -0.133898, 0, -0.0292817, 0, -2.89984e-05, 0, -0.000373301, 0, -0.00166494, 0, -0.00309456, 0, -0.000494053, 0, -0.00357313, 0, -0.0222536, 0, -0.010646, 0, -0.00126313, 0, -0.000207107, 0, -0.00166494, 0, -0.00415854, 0, -0.00525372, 0, -0.00080504, 0, -0.00555666, 0, -0.0359068, 0, -0.0260229, 0, -0.00789798, 0, -0.000681202, 0, -0.00166494, 0, -0.010646, 0, -0.0260229, 0, -0.0340628, 0, -0.00525372, 0, -0.0359068, 0, -0.229401, 0, -0.151783, 0, -0.0292817, 0, -0.00789798, 0, -0.00239523, 0, -0.00415854, 0, -0.0260229, 0, -0.0199646, 0, -0.0260229, 0, -0.00415854, 0, -0.0260229, 0, -0.151783, 0, -0.0552291, 0, -0.151783, 0, -0.0260229, 0, -0.0199646, 0, -0.0552291, 0, -0.00525372, 0, -0.0340628, 0, -0.0260229, 0, -0.010646, 0, -0.00166494, 0, -0.00789798, 0, -0.0292817, 0, -0.151783, 0, -0.229401, 0, -0.0359068, 0, -0.0411453, 0, -0.24789, 0, -0.0552291, 0, -0.00080504, 0, -0.00525372, 0, -0.00415854, 0, -0.00166494, 0, -0.000207107, 0, -0.000681202, 0, -0.00789798, 0, -0.0260229, 0, -0.0359068, 0, -0.00555666, 0, -0.00659712, 0, -0.0411453, 0, -0.0199646, 0, -0.00239523, 0, -0.000770054, 0, -0.00520622, 0, -0.00525372, 0, -0.00309456, 0, -0.000417814, 0, -0.00253004, 0, -0.0189425, 0, -0.0340628, 0, -0.0352169, 0, -0.00524446, 0, -0.00555666, 0, -0.0359068, 0, -0.0260229, 0, -0.00789798, 0, -0.000681202, 0, -0.00520622, 0, -0.0352169, 0, -0.0359068, 0, -0.0222536, 0, -0.00309456, 0, -0.0189425, 0, -0.133898, 0, -0.229401, 0, -0.236307, 0, -0.0352169, 0, -0.0359068, 0, -0.229401, 0, -0.151783, 0, -0.0292817, 0, -0.00789798, 0, -0.00126313, 0, -0.00525372, 0, -0.0359068, 0, -0.0411453, 0, -0.0359068, 0, -0.00525372, 0, -0.0340628, 0, -0.229401, 0, -0.24789, 0, -0.229401, 0, -0.0340628, 0, -0.0260229, 0, -0.151783, 0, -0.0552291, 0, -0.151783, 0, -0.0260229, 0, -0.010646, 0, -0.0292817, 0, -0.00309456, 0, -0.0222536, 0, -0.0359068, 0, -0.0352169, 0, -0.00520622, 0, -0.0352169, 0, -0.236307, 0, -0.229401, 0, -0.133898, 0, -0.0189425, 0, -0.00789798, 0, -0.0292817, 0, -0.151783, 0, -0.229401, 0, -0.0359068, 0, -0.0222536, 0, -0.133898, 0, -0.0292817, 0, -0.000417814, 0, -0.00309456, 0, -0.00525372, 0, -0.00520622, 0, -0.000770054, 0, -0.00524446, 0, -0.0352169, 0, -0.0340628, 0, -0.0189425, 0, -0.00253004, 0, -0.000681202, 0, -0.00789798, 0, -0.0260229, 0, -0.0359068, 0, -0.00555666, 0, -0.00357313, 0, -0.0222536, 0, -0.010646, 0, -0.00126313, 0, -6.7033e-05, 0, -0.000494053, 0, -0.00080504, 0, -0.000770054, 0, -0.000113216, 0, -0.000770054, 0, -0.00520622, 0, -0.00525372, 0, -0.00309456, 0, -0.000417814, 0, -0.000207107, 0, -0.00166494, 0, -0.00415854, 0, -0.00525372, 0, -0.00080504, 0, -0.000494053, 0, -0.00309456, 0, -0.00166494, 0, -0.000373301, 0, -2.89984e-05, 0, -0.000494053, 0, -0.00357313, 0, -0.00555666, 0, -0.00524446, 0, -0.000770054, 0, -0.00520622, 0, -0.0352169, 0, -0.0359068, 0, -0.0222536, 0, -0.00309456, 0, -0.00166494, 0, -0.010646, 0, -0.0260229, 0, -0.0340628, 0, -0.00525372, 0, -0.00309456, 0, -0.0189425, 0, -0.00789798, 0, -0.00126313, 0, -0.000373301, 0, -2.89984e-05, 0, -0.00080504, 0, -0.00555666, 0, -0.00659712, 0, -0.00555666, 0, -0.00080504, 0, -0.00525372, 0, -0.0359068, 0, -0.0411453, 0, -0.0359068, 0, -0.00525372, 0, -0.00415854, 0, -0.0260229, 0, -0.0199646, 0, -0.0260229, 0, -0.00415854, 0, -0.00166494, 0, -0.00789798, 0, -0.00239523, 0, -0.00789798, 0, -0.00166494, 0, -0.000207107, 0, -0.000681202, 0, -0.000770054, 0, -0.00524446, 0, -0.00555666, 0, -0.00357313, 0, -0.000494053, 0, -0.00309456, 0, -0.0222536, 0, -0.0359068, 0, -0.0352169, 0, -0.00520622, 0, -0.00525372, 0, -0.0340628, 0, -0.0260229, 0, -0.010646, 0, -0.00166494, 0, -0.000373301, 0, -0.00126313, 0, -0.00789798, 0, -0.0189425, 0, -0.00309456, 0, -0.000417814, 0, -0.00253004, 0, -0.000681202, 0, -0.000113216, 0, -0.000770054, 0, -0.00080504, 0, -0.000494053, 0, -6.7033e-05, 0, -0.000417814, 0, -0.00309456, 0, -0.00525372, 0, -0.00520622, 0, -0.000770054, 0, -0.00080504, 0, -0.00525372, 0, -0.00415854, 0, -0.00166494, 0, -0.000207107, 0, -2.89984e-05, 0, -0.000373301, 0, -0.00166494, 0, -0.00309456, 0, -0.000494053, 0, -6.7033e-05, 0, -0.000417814, 0, -0.000207107, 0, -2.89984e-05, 0, ]
USE_ENERGY_DISTANCE =     false
PERIODIC =                false
UNIFORM_SITES =           true
DEVICE_DIMENSION =        2
MAX_PARAM =               1
MIN_PARAM =               0
MIN_PARAM =               0
DIAG =                    true
NUM_SEEDS =               2
NUMBER_OF_BANGS =               7
DISTANCE_LIMIT =          0.02
TAU_SCALAR =              1.2
TAU_SCALAR_TINY =         1.1
TAU_SCALAR_BIG =          1.4
ACCEPTANCE_PROB =         0.85
TEMP_EXP_DECAY =          0.8
MIN_TEMP_FRACTION =       0.01
TEMP_DECAY_ITERATIONS =   21
ZERO_TEMP_ITREATIONS =    15
RANDOM_STATES =           3
END_PARAMETERS
##############################################################################
clock_duration  =         5383.96
tau =                     1
total_steps =             32
time_step =               0.03125
best_mc_result =          0.0238246
best_mc_result_non_secondary =          0.0245071
evolved_target_dot_squared =  0.976175
distance =          1
j_protocol =  [[0, 1, 1, 1, 1, 1, 1, 1, 1, 1, 1, 0, 0, 1, 1, 1, 1, 1, 1, 1, 1, 1, 1, 1, 0, 1, 0, 1, 1, 1, 1, 1, ],[1, 1, 1, 1, 1, 1, 1, 1, 1, 1, 1, 1, 0, 0, 1, 1, 1, 1, 1, 1, 1, 1, 1, 1, 0, 0, 1, 1, 1, 1, 1, 1, ],]
k_protocol =  [[1, 1, 1, 1, 1, 1, 1, 1, 1, 1, 1, 1, 1, 1, 1, 1, 1, 1, 1, 1, 1, 1, 1, 1, 1, 1, 1, 1, 1, 1, 1, 0, ],[1, 1, 1, 1, 1, 1, 1, 1, 1, 1, 1, 1, 1, 1, 1, 1, 1, 1, 1, 1, 1, 1, 1, 1, 1, 1, 1, 1, 1, 1, 1, 1, ],]
j_protocol_secondary =  [0.043127, 0.351356, 0.408523, 0.767587, 0.773248, 0.790488, 0.800174, 0.800174, 0.855032, 0.855032, 0.855032, 0.864405, 0.864405, 1, ]
k_protocol_secondary =  [0, 0.418336, 0.418336, 0.568111, 0.568111, 0.69345, 0.69345, 0.760639, 0.760639, 0.779853, 0.779853, 0.805061, 0.805061, 0.976734, ]
best_evolved_state = [5.28962e-05, -0.00133059, -0.000925098, 0.000792512, 0.000721814, 0.00145318, 0.00133869, 0.00105786, -0.000929368, 0.003768, 0.000721814, 0.00145318, 0.000941835, 0.00154823, 0.00133869, 0.00105786, -0.000925098, 0.000792512, 5.28962e-05, -0.00133059, -0.00137951, -0.000258408, -0.0051562, 0.00263207, 0.00018092, 0.00476163, 0.000444293, 0.00112078, 5.28962e-05, -0.00133059, -0.0051562, 0.00263207, -0.0207951, 0.0119676, -0.00522972, 0.0103101, 0.000355205, 0.00267003, 0.000444293, 0.00112078, 0.000355205, 0.00267003, 0.00018092, 0.00476163, -0.00522972, 0.0103101, -0.00232045, 0.00537874, -0.00522972, 0.0103101, 0.00018092, 0.00476163, -0.00161234, 0.014541, -0.0373205, 0.0148542, 0.000444293, 0.00112078, 0.000355205, 0.00267003, -0.00522972, 0.0103101, -0.0207951, 0.0119676, -0.0051562, 0.00263207, -0.0219919, 0.0152156, -0.119674, 0.0670059, -0.0373205, 0.0148542, 5.28962e-05, -0.00133059, 0.000444293, 0.00112078, 0.00018092, 0.00476163, -0.0051562, 0.00263207, -0.00137951, -0.000258408, -0.00655831, 0.00250246, -0.0219919, 0.0152156, -0.00161234, 0.014541, 0.000355205, 0.00267003, -0.000925098, 0.000792512, 0.00018092, 0.00476163, -0.00168989, 0.00427061, -0.00677764, 0.00747868, -0.00356013, 0.00267271, -0.00794341, 0.00267853, -0.0342046, 0.0136449, -0.0206712, 0.0165511, -0.00522972, 0.0103101, 0.000721814, 0.00145318, 0.00018092, 0.00476163, -0.00161234, 0.014541, -0.0206712, 0.0165511, -0.030737, 0.0191849, -0.00677764, 0.00747868, -0.0342046, 0.0136449, -0.202106, 0.0628949, -0.15451, 0.0512774, -0.0373205, 0.0148542, -0.00522972, 0.0103101, -0.00232045, 0.00537874, -0.00168989, 0.00427061, -0.0206712, 0.0165511, -0.0126044, 0.0255474, -0.0206712, 0.0165511, -0.00168989, 0.00427061, -0.0206712, 0.0165511, -0.15451, 0.0512774, -0.0794563, 0.0125259, -0.15451, 0.0512774, -0.0206712, 0.0165511, -0.0126044, 0.0255474, -0.0794563, 0.0125259, -0.00677764, 0.00747868, -0.030737, 0.0191849, -0.0206712, 0.0165511, -0.00161234, 0.014541, 0.00018092, 0.00476163, -0.00522972, 0.0103101, -0.0373205, 0.0148542, -0.15451, 0.0512774, -0.202106, 0.0628949, -0.0342046, 0.0136449, -0.0483876, 0.0115971, -0.245867, 0.0556984, -0.0794563, 0.0125259, -0.00356013, 0.00267271, -0.00677764, 0.00747868, -0.00168989, 0.00427061, 0.00018092, 0.00476163, -0.000925098, 0.000792512, 0.000721814, 0.00145318, -0.00522972, 0.0103101, -0.0206712, 0.0165511, -0.0342046, 0.0136449, -0.00794341, 0.00267853, -0.0125504, -0.00155372, -0.0483876, 0.0115971, -0.0126044, 0.0255474, -0.00232045, 0.00537874, -0.0030817, -0.00419777, -0.0130756, -0.00272905, -0.00677764, 0.00747868, -0.0051562, 0.00263207, 0.00133869, 0.00105786, -0.000929368, 0.003768, -0.0207951, 0.0119676, -0.030737, 0.0191849, -0.0444034, 0.00630907, -0.0114066, -0.00448469, -0.00794341, 0.00267853, -0.0342046, 0.0136449, -0.0206712, 0.0165511, -0.00522972, 0.0103101, 0.000721814, 0.00145318, -0.0130756, -0.00272905, -0.0444034, 0.00630907, -0.0342046, 0.0136449, -0.0219919, 0.0152156, -0.0051562, 0.00263207, -0.0207951, 0.0119676, -0.119674, 0.0670059, -0.202106, 0.0628949, -0.207643, 0.0662813, -0.0444034, 0.00630907, -0.0342046, 0.0136449, -0.202106, 0.0628949, -0.15451, 0.0512774, -0.0373205, 0.0148542, -0.00522972, 0.0103101, 0.000355205, 0.00267003, -0.00677764, 0.00747868, -0.0342046, 0.0136449, -0.0483876, 0.0115971, -0.0342046, 0.0136449, -0.00677764, 0.00747868, -0.030737, 0.0191849, -0.202106, 0.0628949, -0.245867, 0.0556984, -0.202106, 0.0628949, -0.030737, 0.0191849, -0.0206712, 0.0165511, -0.15451, 0.0512774, -0.0794563, 0.0125259, -0.15451, 0.0512774, -0.0206712, 0.0165511, -0.00161234, 0.014541, -0.0373205, 0.0148542, -0.0051562, 0.00263207, -0.0219919, 0.0152156, -0.0342046, 0.0136449, -0.0444034, 0.00630907, -0.0130756, -0.00272905, -0.0444034, 0.00630907, -0.207643, 0.0662813, -0.202106, 0.0628949, -0.119674, 0.0670059, -0.0207951, 0.0119676, -0.00522972, 0.0103101, -0.0373205, 0.0148542, -0.15451, 0.0512774, -0.202106, 0.0628949, -0.0342046, 0.0136449, -0.0219919, 0.0152156, -0.119674, 0.0670059, -0.0373205, 0.0148542, 0.00133869, 0.00105786, -0.0051562, 0.00263207, -0.00677764, 0.00747868, -0.0130756, -0.00272905, -0.0030817, -0.00419777, -0.0114066, -0.00448469, -0.0444034, 0.00630907, -0.030737, 0.0191849, -0.0207951, 0.0119676, -0.000929368, 0.003768, 0.000721814, 0.00145318, -0.00522972, 0.0103101, -0.0206712, 0.0165511, -0.0342046, 0.0136449, -0.00794341, 0.00267853, -0.00655831, 0.00250246, -0.0219919, 0.0152156, -0.00161234, 0.014541, 0.000355205, 0.00267003, 0.000941835, 0.00154823, -0.00137951, -0.000258408, -0.00356013, 0.00267271, -0.0030817, -0.00419777, 0.000496659, -0.00244476, -0.0030817, -0.00419777, -0.0130756, -0.00272905, -0.00677764, 0.00747868, -0.0051562, 0.00263207, 0.00133869, 0.00105786, -0.000925098, 0.000792512, 0.00018092, 0.00476163, -0.00168989, 0.00427061, -0.00677764, 0.00747868, -0.00356013, 0.00267271, -0.00137951, -0.000258408, -0.0051562, 0.00263207, 0.00018092, 0.00476163, 0.000444293, 0.00112078, 5.28962e-05, -0.00133059, -0.00137951, -0.000258408, -0.00655831, 0.00250246, -0.00794341, 0.00267853, -0.0114066, -0.00448469, -0.0030817, -0.00419777, -0.0130756, -0.00272905, -0.0444034, 0.00630907, -0.0342046, 0.0136449, -0.0219919, 0.0152156, -0.0051562, 0.00263207, 0.00018092, 0.00476163, -0.00161234, 0.014541, -0.0206712, 0.0165511, -0.030737, 0.0191849, -0.00677764, 0.00747868, -0.0051562, 0.00263207, -0.0207951, 0.0119676, -0.00522972, 0.0103101, 0.000355205, 0.00267003, 0.000444293, 0.00112078, 5.28962e-05, -0.00133059, -0.00356013, 0.00267271, -0.00794341, 0.00267853, -0.0125504, -0.00155372, -0.00794341, 0.00267853, -0.00356013, 0.00267271, -0.00677764, 0.00747868, -0.0342046, 0.0136449, -0.0483876, 0.0115971, -0.0342046, 0.0136449, -0.00677764, 0.00747868, -0.00168989, 0.00427061, -0.0206712, 0.0165511, -0.0126044, 0.0255474, -0.0206712, 0.0165511, -0.00168989, 0.00427061, 0.00018092, 0.00476163, -0.00522972, 0.0103101, -0.00232045, 0.00537874, -0.00522972, 0.0103101, 0.00018092, 0.00476163, -0.000925098, 0.000792512, 0.000721814, 0.00145318, -0.0030817, -0.00419777, -0.0114066, -0.00448469, -0.00794341, 0.00267853, -0.00655831, 0.00250246, -0.00137951, -0.000258408, -0.0051562, 0.00263207, -0.0219919, 0.0152156, -0.0342046, 0.0136449, -0.0444034, 0.00630907, -0.0130756, -0.00272905, -0.00677764, 0.00747868, -0.030737, 0.0191849, -0.0206712, 0.0165511, -0.00161234, 0.014541, 0.00018092, 0.00476163, 0.000444293, 0.00112078, 0.000355205, 0.00267003, -0.00522972, 0.0103101, -0.0207951, 0.0119676, -0.0051562, 0.00263207, 0.00133869, 0.00105786, -0.000929368, 0.003768, 0.000721814, 0.00145318, 0.000496659, -0.00244476, -0.0030817, -0.00419777, -0.00356013, 0.00267271, -0.00137951, -0.000258408, 0.000941835, 0.00154823, 0.00133869, 0.00105786, -0.0051562, 0.00263207, -0.00677764, 0.00747868, -0.0130756, -0.00272905, -0.0030817, -0.00419777, -0.00356013, 0.00267271, -0.00677764, 0.00747868, -0.00168989, 0.00427061, 0.00018092, 0.00476163, -0.000925098, 0.000792512, 5.28962e-05, -0.00133059, 0.000444293, 0.00112078, 0.00018092, 0.00476163, -0.0051562, 0.00263207, -0.00137951, -0.000258408, 0.000941835, 0.00154823, 0.00133869, 0.00105786, -0.000925098, 0.000792512, 5.28962e-05, -0.00133059, ]
best_mc_result_fixed_tau =   [0.0245071, 0.0265424, ]
evolved_state_fixed_tau =   [[0.000191959, -0.000868026, -0.000725228, 0.000527094, -0.000419486, 0.00114695, 0.000462794, 0.0014998, -0.00202387, 0.00350665, -0.000419486, 0.00114695, 0.000186992, 0.00152415, 0.000462794, 0.0014998, -0.000725228, 0.000527094, 0.000191959, -0.000868026, -0.00127233, -0.000643069, -0.00553048, 0.000857024, -0.00152533, 0.00425978, 0.000161255, 0.00138256, 0.000191959, -0.000868026, -0.00553048, 0.000857024, -0.0232126, 0.00479757, -0.0077805, 0.00831182, -0.000650718, 0.00232022, 0.000161255, 0.00138256, -0.000650718, 0.00232022, -0.00152533, 0.00425978, -0.0077805, 0.00831182, -0.00381174, 0.00364236, -0.0077805, 0.00831182, -0.00152533, 0.00425978, -0.00562638, 0.013505, -0.0421478, 0.00132183, 0.000161255, 0.00138256, -0.000650718, 0.00232022, -0.0077805, 0.00831182, -0.0232126, 0.00479757, -0.00553048, 0.000857024, -0.0253417, 0.00755972, -0.133108, 0.0322145, -0.0421478, 0.00132183, 0.000191959, -0.000868026, 0.000161255, 0.00138256, -0.00152533, 0.00425978, -0.00553048, 0.000857024, -0.00127233, -0.000643069, -0.00685484, 0.000177661, -0.0253417, 0.00755972, -0.00562638, 0.013505, -0.000650718, 0.00232022, -0.000725228, 0.000527094, -0.00152533, 0.00425978, -0.0030477, 0.00395425, -0.00913003, 0.00433312, -0.00408631, 0.000933647, -0.00851592, -0.000405372, -0.0368757, 0.0026806, -0.0241411, 0.00952506, -0.0077805, 0.00831182, -0.000419486, 0.00114695, -0.00152533, 0.00425978, -0.00562638, 0.013505, -0.0241411, 0.00952506, -0.0354302, 0.00895671, -0.00913003, 0.00433312, -0.0368757, 0.0026806, -0.211603, 0.00671698, -0.16142, 0.00720244, -0.0421478, 0.00132183, -0.0077805, 0.00831182, -0.00381174, 0.00364236, -0.0030477, 0.00395425, -0.0241411, 0.00952506, -0.0195276, 0.020757, -0.0241411, 0.00952506, -0.0030477, 0.00395425, -0.0241411, 0.00952506, -0.16142, 0.00720244, -0.0827531, -0.0153928, -0.16142, 0.00720244, -0.0241411, 0.00952506, -0.0195276, 0.020757, -0.0827531, -0.0153928, -0.00913003, 0.00433312, -0.0354302, 0.00895671, -0.0241411, 0.00952506, -0.00562638, 0.013505, -0.00152533, 0.00425978, -0.0077805, 0.00831182, -0.0421478, 0.00132183, -0.16142, 0.00720244, -0.211603, 0.00671698, -0.0368757, 0.0026806, -0.0489742, -0.00414933, -0.251611, -0.0134248, -0.0827531, -0.0153928, -0.00408631, 0.000933647, -0.00913003, 0.00433312, -0.0030477, 0.00395425, -0.00152533, 0.00425978, -0.000725228, 0.000527094, -0.000419486, 0.00114695, -0.0077805, 0.00831182, -0.0241411, 0.00952506, -0.0368757, 0.0026806, -0.00851592, -0.000405372, -0.0109949, -0.00549075, -0.0489742, -0.00414933, -0.0195276, 0.020757, -0.00381174, 0.00364236, -0.00127781, -0.00482781, -0.0109737, -0.00701048, -0.00913003, 0.00433312, -0.00553048, 0.000857024, 0.000462794, 0.0014998, -0.00202387, 0.00350665, -0.0232126, 0.00479757, -0.0354302, 0.00895671, -0.0439368, -0.00813224, -0.00890806, -0.00808049, -0.00851592, -0.000405372, -0.0368757, 0.0026806, -0.0241411, 0.00952506, -0.0077805, 0.00831182, -0.000419486, 0.00114695, -0.0109737, -0.00701048, -0.0439368, -0.00813224, -0.0368757, 0.0026806, -0.0253417, 0.00755972, -0.00553048, 0.000857024, -0.0232126, 0.00479757, -0.133108, 0.0322145, -0.211603, 0.00671698, -0.218473, 0.0077286, -0.0439368, -0.00813224, -0.0368757, 0.0026806, -0.211603, 0.00671698, -0.16142, 0.00720244, -0.0421478, 0.00132183, -0.0077805, 0.00831182, -0.000650718, 0.00232022, -0.00913003, 0.00433312, -0.0368757, 0.0026806, -0.0489742, -0.00414933, -0.0368757, 0.0026806, -0.00913003, 0.00433312, -0.0354302, 0.00895671, -0.211603, 0.00671698, -0.251611, -0.0134248, -0.211603, 0.00671698, -0.0354302, 0.00895671, -0.0241411, 0.00952506, -0.16142, 0.00720244, -0.0827531, -0.0153928, -0.16142, 0.00720244, -0.0241411, 0.00952506, -0.00562638, 0.013505, -0.0421478, 0.00132183, -0.00553048, 0.000857024, -0.0253417, 0.00755972, -0.0368757, 0.0026806, -0.0439368, -0.00813224, -0.0109737, -0.00701048, -0.0439368, -0.00813224, -0.218473, 0.0077286, -0.211603, 0.00671698, -0.133108, 0.0322145, -0.0232126, 0.00479757, -0.0077805, 0.00831182, -0.0421478, 0.00132183, -0.16142, 0.00720244, -0.211603, 0.00671698, -0.0368757, 0.0026806, -0.0253417, 0.00755972, -0.133108, 0.0322145, -0.0421478, 0.00132183, 0.000462794, 0.0014998, -0.00553048, 0.000857024, -0.00913003, 0.00433312, -0.0109737, -0.00701048, -0.00127781, -0.00482781, -0.00890806, -0.00808049, -0.0439368, -0.00813224, -0.0354302, 0.00895671, -0.0232126, 0.00479757, -0.00202387, 0.00350665, -0.000419486, 0.00114695, -0.0077805, 0.00831182, -0.0241411, 0.00952506, -0.0368757, 0.0026806, -0.00851592, -0.000405372, -0.00685484, 0.000177661, -0.0253417, 0.00755972, -0.00562638, 0.013505, -0.000650718, 0.00232022, 0.000186992, 0.00152415, -0.00127233, -0.000643069, -0.00408631, 0.000933647, -0.00127781, -0.00482781, 0.00130146, -0.00199317, -0.00127781, -0.00482781, -0.0109737, -0.00701048, -0.00913003, 0.00433312, -0.00553048, 0.000857024, 0.000462794, 0.0014998, -0.000725228, 0.000527094, -0.00152533, 0.00425978, -0.0030477, 0.00395425, -0.00913003, 0.00433312, -0.00408631, 0.000933647, -0.00127233, -0.000643069, -0.00553048, 0.000857024, -0.00152533, 0.00425978, 0.000161255, 0.00138256, 0.000191959, -0.000868026, -0.00127233, -0.000643069, -0.00685484, 0.000177661, -0.00851592, -0.000405372, -0.00890806, -0.00808049, -0.00127781, -0.00482781, -0.0109737, -0.00701048, -0.0439368, -0.00813224, -0.0368757, 0.0026806, -0.0253417, 0.00755972, -0.00553048, 0.000857024, -0.00152533, 0.00425978, -0.00562638, 0.013505, -0.0241411, 0.00952506, -0.0354302, 0.00895671, -0.00913003, 0.00433312, -0.00553048, 0.000857024, -0.0232126, 0.00479757, -0.0077805, 0.00831182, -0.000650718, 0.00232022, 0.000161255, 0.00138256, 0.000191959, -0.000868026, -0.00408631, 0.000933647, -0.00851592, -0.000405372, -0.0109949, -0.00549075, -0.00851592, -0.000405372, -0.00408631, 0.000933647, -0.00913003, 0.00433312, -0.0368757, 0.0026806, -0.0489742, -0.00414933, -0.0368757, 0.0026806, -0.00913003, 0.00433312, -0.0030477, 0.00395425, -0.0241411, 0.00952506, -0.0195276, 0.020757, -0.0241411, 0.00952506, -0.0030477, 0.00395425, -0.00152533, 0.00425978, -0.0077805, 0.00831182, -0.00381174, 0.00364236, -0.0077805, 0.00831182, -0.00152533, 0.00425978, -0.000725228, 0.000527094, -0.000419486, 0.00114695, -0.00127781, -0.00482781, -0.00890806, -0.00808049, -0.00851592, -0.000405372, -0.00685484, 0.000177661, -0.00127233, -0.000643069, -0.00553048, 0.000857024, -0.0253417, 0.00755972, -0.0368757, 0.0026806, -0.0439368, -0.00813224, -0.0109737, -0.00701048, -0.00913003, 0.00433312, -0.0354302, 0.00895671, -0.0241411, 0.00952506, -0.00562638, 0.013505, -0.00152533, 0.00425978, 0.000161255, 0.00138256, -0.000650718, 0.00232022, -0.0077805, 0.00831182, -0.0232126, 0.00479757, -0.00553048, 0.000857024, 0.000462794, 0.0014998, -0.00202387, 0.00350665, -0.000419486, 0.00114695, 0.00130146, -0.00199317, -0.00127781, -0.00482781, -0.00408631, 0.000933647, -0.00127233, -0.000643069, 0.000186992, 0.00152415, 0.000462794, 0.0014998, -0.00553048, 0.000857024, -0.00913003, 0.00433312, -0.0109737, -0.00701048, -0.00127781, -0.00482781, -0.00408631, 0.000933647, -0.00913003, 0.00433312, -0.0030477, 0.00395425, -0.00152533, 0.00425978, -0.000725228, 0.000527094, 0.000191959, -0.000868026, 0.000161255, 0.00138256, -0.00152533, 0.00425978, -0.00553048, 0.000857024, -0.00127233, -0.000643069, 0.000186992, 0.00152415, 0.000462794, 0.0014998, -0.000725228, 0.000527094, 0.000191959, -0.000868026, ],[0.000191959, -0.000868026, -0.000725228, 0.000527094, -0.000419486, 0.00114695, 0.000462794, 0.0014998, -0.00202387, 0.00350665, -0.000419486, 0.00114695, 0.000186992, 0.00152415, 0.000462794, 0.0014998, -0.000725228, 0.000527094, 0.000191959, -0.000868026, -0.00127233, -0.000643069, -0.00553048, 0.000857024, -0.00152533, 0.00425978, 0.000161255, 0.00138256, 0.000191959, -0.000868026, -0.00553048, 0.000857024, -0.0232126, 0.00479757, -0.0077805, 0.00831182, -0.000650718, 0.00232022, 0.000161255, 0.00138256, -0.000650718, 0.00232022, -0.00152533, 0.00425978, -0.0077805, 0.00831182, -0.00381174, 0.00364236, -0.0077805, 0.00831182, -0.00152533, 0.00425978, -0.00562638, 0.013505, -0.0421478, 0.00132183, 0.000161255, 0.00138256, -0.000650718, 0.00232022, -0.0077805, 0.00831182, -0.0232126, 0.00479757, -0.00553048, 0.000857024, -0.0253417, 0.00755972, -0.133108, 0.0322145, -0.0421478, 0.00132183, 0.000191959, -0.000868026, 0.000161255, 0.00138256, -0.00152533, 0.00425978, -0.00553048, 0.000857024, -0.00127233, -0.000643069, -0.00685484, 0.000177661, -0.0253417, 0.00755972, -0.00562638, 0.013505, -0.000650718, 0.00232022, -0.000725228, 0.000527094, -0.00152533, 0.00425978, -0.0030477, 0.00395425, -0.00913003, 0.00433312, -0.00408631, 0.000933647, -0.00851592, -0.000405372, -0.0368757, 0.0026806, -0.0241411, 0.00952506, -0.0077805, 0.00831182, -0.000419486, 0.00114695, -0.00152533, 0.00425978, -0.00562638, 0.013505, -0.0241411, 0.00952506, -0.0354302, 0.00895671, -0.00913003, 0.00433312, -0.0368757, 0.0026806, -0.211603, 0.00671698, -0.16142, 0.00720244, -0.0421478, 0.00132183, -0.0077805, 0.00831182, -0.00381174, 0.00364236, -0.0030477, 0.00395425, -0.0241411, 0.00952506, -0.0195276, 0.020757, -0.0241411, 0.00952506, -0.0030477, 0.00395425, -0.0241411, 0.00952506, -0.16142, 0.00720244, -0.0827531, -0.0153928, -0.16142, 0.00720244, -0.0241411, 0.00952506, -0.0195276, 0.020757, -0.0827531, -0.0153928, -0.00913003, 0.00433312, -0.0354302, 0.00895671, -0.0241411, 0.00952506, -0.00562638, 0.013505, -0.00152533, 0.00425978, -0.0077805, 0.00831182, -0.0421478, 0.00132183, -0.16142, 0.00720244, -0.211603, 0.00671698, -0.0368757, 0.0026806, -0.0489742, -0.00414933, -0.251611, -0.0134248, -0.0827531, -0.0153928, -0.00408631, 0.000933647, -0.00913003, 0.00433312, -0.0030477, 0.00395425, -0.00152533, 0.00425978, -0.000725228, 0.000527094, -0.000419486, 0.00114695, -0.0077805, 0.00831182, -0.0241411, 0.00952506, -0.0368757, 0.0026806, -0.00851592, -0.000405372, -0.0109949, -0.00549075, -0.0489742, -0.00414933, -0.0195276, 0.020757, -0.00381174, 0.00364236, -0.00127781, -0.00482781, -0.0109737, -0.00701048, -0.00913003, 0.00433312, -0.00553048, 0.000857024, 0.000462794, 0.0014998, -0.00202387, 0.00350665, -0.0232126, 0.00479757, -0.0354302, 0.00895671, -0.0439368, -0.00813224, -0.00890806, -0.00808049, -0.00851592, -0.000405372, -0.0368757, 0.0026806, -0.0241411, 0.00952506, -0.0077805, 0.00831182, -0.000419486, 0.00114695, -0.0109737, -0.00701048, -0.0439368, -0.00813224, -0.0368757, 0.0026806, -0.0253417, 0.00755972, -0.00553048, 0.000857024, -0.0232126, 0.00479757, -0.133108, 0.0322145, -0.211603, 0.00671698, -0.218473, 0.0077286, -0.0439368, -0.00813224, -0.0368757, 0.0026806, -0.211603, 0.00671698, -0.16142, 0.00720244, -0.0421478, 0.00132183, -0.0077805, 0.00831182, -0.000650718, 0.00232022, -0.00913003, 0.00433312, -0.0368757, 0.0026806, -0.0489742, -0.00414933, -0.0368757, 0.0026806, -0.00913003, 0.00433312, -0.0354302, 0.00895671, -0.211603, 0.00671698, -0.251611, -0.0134248, -0.211603, 0.00671698, -0.0354302, 0.00895671, -0.0241411, 0.00952506, -0.16142, 0.00720244, -0.0827531, -0.0153928, -0.16142, 0.00720244, -0.0241411, 0.00952506, -0.00562638, 0.013505, -0.0421478, 0.00132183, -0.00553048, 0.000857024, -0.0253417, 0.00755972, -0.0368757, 0.0026806, -0.0439368, -0.00813224, -0.0109737, -0.00701048, -0.0439368, -0.00813224, -0.218473, 0.0077286, -0.211603, 0.00671698, -0.133108, 0.0322145, -0.0232126, 0.00479757, -0.0077805, 0.00831182, -0.0421478, 0.00132183, -0.16142, 0.00720244, -0.211603, 0.00671698, -0.0368757, 0.0026806, -0.0253417, 0.00755972, -0.133108, 0.0322145, -0.0421478, 0.00132183, 0.000462794, 0.0014998, -0.00553048, 0.000857024, -0.00913003, 0.00433312, -0.0109737, -0.00701048, -0.00127781, -0.00482781, -0.00890806, -0.00808049, -0.0439368, -0.00813224, -0.0354302, 0.00895671, -0.0232126, 0.00479757, -0.00202387, 0.00350665, -0.000419486, 0.00114695, -0.0077805, 0.00831182, -0.0241411, 0.00952506, -0.0368757, 0.0026806, -0.00851592, -0.000405372, -0.00685484, 0.000177661, -0.0253417, 0.00755972, -0.00562638, 0.013505, -0.000650718, 0.00232022, 0.000186992, 0.00152415, -0.00127233, -0.000643069, -0.00408631, 0.000933647, -0.00127781, -0.00482781, 0.00130146, -0.00199317, -0.00127781, -0.00482781, -0.0109737, -0.00701048, -0.00913003, 0.00433312, -0.00553048, 0.000857024, 0.000462794, 0.0014998, -0.000725228, 0.000527094, -0.00152533, 0.00425978, -0.0030477, 0.00395425, -0.00913003, 0.00433312, -0.00408631, 0.000933647, -0.00127233, -0.000643069, -0.00553048, 0.000857024, -0.00152533, 0.00425978, 0.000161255, 0.00138256, 0.000191959, -0.000868026, -0.00127233, -0.000643069, -0.00685484, 0.000177661, -0.00851592, -0.000405372, -0.00890806, -0.00808049, -0.00127781, -0.00482781, -0.0109737, -0.00701048, -0.0439368, -0.00813224, -0.0368757, 0.0026806, -0.0253417, 0.00755972, -0.00553048, 0.000857024, -0.00152533, 0.00425978, -0.00562638, 0.013505, -0.0241411, 0.00952506, -0.0354302, 0.00895671, -0.00913003, 0.00433312, -0.00553048, 0.000857024, -0.0232126, 0.00479757, -0.0077805, 0.00831182, -0.000650718, 0.00232022, 0.000161255, 0.00138256, 0.000191959, -0.000868026, -0.00408631, 0.000933647, -0.00851592, -0.000405372, -0.0109949, -0.00549075, -0.00851592, -0.000405372, -0.00408631, 0.000933647, -0.00913003, 0.00433312, -0.0368757, 0.0026806, -0.0489742, -0.00414933, -0.0368757, 0.0026806, -0.00913003, 0.00433312, -0.0030477, 0.00395425, -0.0241411, 0.00952506, -0.0195276, 0.020757, -0.0241411, 0.00952506, -0.0030477, 0.00395425, -0.00152533, 0.00425978, -0.0077805, 0.00831182, -0.00381174, 0.00364236, -0.0077805, 0.00831182, -0.00152533, 0.00425978, -0.000725228, 0.000527094, -0.000419486, 0.00114695, -0.00127781, -0.00482781, -0.00890806, -0.00808049, -0.00851592, -0.000405372, -0.00685484, 0.000177661, -0.00127233, -0.000643069, -0.00553048, 0.000857024, -0.0253417, 0.00755972, -0.0368757, 0.0026806, -0.0439368, -0.00813224, -0.0109737, -0.00701048, -0.00913003, 0.00433312, -0.0354302, 0.00895671, -0.0241411, 0.00952506, -0.00562638, 0.013505, -0.00152533, 0.00425978, 0.000161255, 0.00138256, -0.000650718, 0.00232022, -0.0077805, 0.00831182, -0.0232126, 0.00479757, -0.00553048, 0.000857024, 0.000462794, 0.0014998, -0.00202387, 0.00350665, -0.000419486, 0.00114695, 0.00130146, -0.00199317, -0.00127781, -0.00482781, -0.00408631, 0.000933647, -0.00127233, -0.000643069, 0.000186992, 0.00152415, 0.000462794, 0.0014998, -0.00553048, 0.000857024, -0.00913003, 0.00433312, -0.0109737, -0.00701048, -0.00127781, -0.00482781, -0.00408631, 0.000933647, -0.00913003, 0.00433312, -0.0030477, 0.00395425, -0.00152533, 0.00425978, -0.000725228, 0.000527094, 0.000191959, -0.000868026, 0.000161255, 0.00138256, -0.00152533, 0.00425978, -0.00553048, 0.000857024, -0.00127233, -0.000643069, 0.000186992, 0.00152415, 0.000462794, 0.0014998, -0.000725228, 0.000527094, 0.000191959, -0.000868026, ],]
