START_PARAMETERS
MAX_STEPS_MCDB =               32
MIN_STEPS_MCDB =               4
STEPS_CRUNCH_MCDB =            1
SWEEPS_MCDB =                  100
TOTAL_STEP_CHANGES =                  6
MCBB_SECONDARY =                  1
SWEEPS_MCBB_SECONDARY =                  250
NUMBER_OF_BANGS =                  7
GROUND_E =                7.32977
INITIAL_E =               8.39928
j_initial =               0.074
k_initial =               0.5
b_initial =               0
j_target =                0.824
k_target =                0.5
b_target =                0
init_target_dot_squared = 0.654448
init_state = [-7.70203e-07, 0, -1.13726e-05, 0, -7.72453e-05, 0, -4.27213e-05, 0, -0.000584194, 0, -7.72453e-05, 0, -3.09823e-06, 0, -4.27213e-05, 0, -1.13726e-05, 0, -7.70203e-07, 0, -4.73354e-05, 0, -0.000653797, 0, -0.000193359, 0, -2.19054e-05, 0, -7.70203e-07, 0, -0.000653797, 0, -0.00896639, 0, -0.00194752, 0, -0.00014658, 0, -2.19054e-05, 0, -0.00014658, 0, -0.000193359, 0, -0.00194752, 0, -0.000288615, 0, -0.00194752, 0, -0.000193359, 0, -0.00260169, 0, -0.0138538, 0, -2.19054e-05, 0, -0.00014658, 0, -0.00194752, 0, -0.00896639, 0, -0.000653797, 0, -0.00990986, 0, -0.135273, 0, -0.0138538, 0, -7.70203e-07, 0, -2.19054e-05, 0, -0.000193359, 0, -0.000653797, 0, -4.73354e-05, 0, -0.00071843, 0, -0.00990986, 0, -0.00260169, 0, -0.00014658, 0, -1.13726e-05, 0, -0.000193359, 0, -0.000778585, 0, -0.00117819, 0, -8.30225e-05, 0, -0.00121701, 0, -0.0172258, 0, -0.0107383, 0, -0.00194752, 0, -7.72453e-05, 0, -0.000193359, 0, -0.00260169, 0, -0.0107383, 0, -0.0166932, 0, -0.00117819, 0, -0.0172258, 0, -0.243245, 0, -0.144592, 0, -0.0138538, 0, -0.00194752, 0, -0.000288615, 0, -0.000778585, 0, -0.0107383, 0, -0.00508817, 0, -0.0107383, 0, -0.000778585, 0, -0.0107383, 0, -0.144592, 0, -0.0271512, 0, -0.144592, 0, -0.0107383, 0, -0.00508817, 0, -0.0271512, 0, -0.00117819, 0, -0.0166932, 0, -0.0107383, 0, -0.00260169, 0, -0.000193359, 0, -0.00194752, 0, -0.0138538, 0, -0.144592, 0, -0.243245, 0, -0.0172258, 0, -0.0191273, 0, -0.261143, 0, -0.0271512, 0, -8.30225e-05, 0, -0.00117819, 0, -0.000778585, 0, -0.000193359, 0, -1.13726e-05, 0, -7.72453e-05, 0, -0.00194752, 0, -0.0107383, 0, -0.0172258, 0, -0.00121701, 0, -0.00138625, 0, -0.0191273, 0, -0.00508817, 0, -0.000288615, 0, -8.3803e-05, 0, -0.00121602, 0, -0.00117819, 0, -0.000653797, 0, -4.27213e-05, 0, -0.000584194, 0, -0.00896639, 0, -0.0166932, 0, -0.0176516, 0, -0.00121852, 0, -0.00121701, 0, -0.0172258, 0, -0.0107383, 0, -0.00194752, 0, -7.72453e-05, 0, -0.00121602, 0, -0.0176516, 0, -0.0172258, 0, -0.00990986, 0, -0.000653797, 0, -0.00896639, 0, -0.135273, 0, -0.243245, 0, -0.255764, 0, -0.0176516, 0, -0.0172258, 0, -0.243245, 0, -0.144592, 0, -0.0138538, 0, -0.00194752, 0, -0.00014658, 0, -0.00117819, 0, -0.0172258, 0, -0.0191273, 0, -0.0172258, 0, -0.00117819, 0, -0.0166932, 0, -0.243245, 0, -0.261143, 0, -0.243245, 0, -0.0166932, 0, -0.0107383, 0, -0.144592, 0, -0.0271512, 0, -0.144592, 0, -0.0107383, 0, -0.00260169, 0, -0.0138538, 0, -0.000653797, 0, -0.00990986, 0, -0.0172258, 0, -0.0176516, 0, -0.00121602, 0, -0.0176516, 0, -0.255764, 0, -0.243245, 0, -0.135273, 0, -0.00896639, 0, -0.00194752, 0, -0.0138538, 0, -0.144592, 0, -0.243245, 0, -0.0172258, 0, -0.00990986, 0, -0.135273, 0, -0.0138538, 0, -4.27213e-05, 0, -0.000653797, 0, -0.00117819, 0, -0.00121602, 0, -8.3803e-05, 0, -0.00121852, 0, -0.0176516, 0, -0.0166932, 0, -0.00896639, 0, -0.000584194, 0, -7.72453e-05, 0, -0.00194752, 0, -0.0107383, 0, -0.0172258, 0, -0.00121701, 0, -0.00071843, 0, -0.00990986, 0, -0.00260169, 0, -0.00014658, 0, -3.09823e-06, 0, -4.73354e-05, 0, -8.30225e-05, 0, -8.3803e-05, 0, -5.76616e-06, 0, -8.3803e-05, 0, -0.00121602, 0, -0.00117819, 0, -0.000653797, 0, -4.27213e-05, 0, -1.13726e-05, 0, -0.000193359, 0, -0.000778585, 0, -0.00117819, 0, -8.30225e-05, 0, -4.73354e-05, 0, -0.000653797, 0, -0.000193359, 0, -2.19054e-05, 0, -7.70203e-07, 0, -4.73354e-05, 0, -0.00071843, 0, -0.00121701, 0, -0.00121852, 0, -8.3803e-05, 0, -0.00121602, 0, -0.0176516, 0, -0.0172258, 0, -0.00990986, 0, -0.000653797, 0, -0.000193359, 0, -0.00260169, 0, -0.0107383, 0, -0.0166932, 0, -0.00117819, 0, -0.000653797, 0, -0.00896639, 0, -0.00194752, 0, -0.00014658, 0, -2.19054e-05, 0, -7.70203e-07, 0, -8.30225e-05, 0, -0.00121701, 0, -0.00138625, 0, -0.00121701, 0, -8.30225e-05, 0, -0.00117819, 0, -0.0172258, 0, -0.0191273, 0, -0.0172258, 0, -0.00117819, 0, -0.000778585, 0, -0.0107383, 0, -0.00508817, 0, -0.0107383, 0, -0.000778585, 0, -0.000193359, 0, -0.00194752, 0, -0.000288615, 0, -0.00194752, 0, -0.000193359, 0, -1.13726e-05, 0, -7.72453e-05, 0, -8.3803e-05, 0, -0.00121852, 0, -0.00121701, 0, -0.00071843, 0, -4.73354e-05, 0, -0.000653797, 0, -0.00990986, 0, -0.0172258, 0, -0.0176516, 0, -0.00121602, 0, -0.00117819, 0, -0.0166932, 0, -0.0107383, 0, -0.00260169, 0, -0.000193359, 0, -2.19054e-05, 0, -0.00014658, 0, -0.00194752, 0, -0.00896639, 0, -0.000653797, 0, -4.27213e-05, 0, -0.000584194, 0, -7.72453e-05, 0, -5.76616e-06, 0, -8.3803e-05, 0, -8.30225e-05, 0, -4.73354e-05, 0, -3.09823e-06, 0, -4.27213e-05, 0, -0.000653797, 0, -0.00117819, 0, -0.00121602, 0, -8.3803e-05, 0, -8.30225e-05, 0, -0.00117819, 0, -0.000778585, 0, -0.000193359, 0, -1.13726e-05, 0, -7.70203e-07, 0, -2.19054e-05, 0, -0.000193359, 0, -0.000653797, 0, -4.73354e-05, 0, -3.09823e-06, 0, -4.27213e-05, 0, -1.13726e-05, 0, -7.70203e-07, 0, ]
target_state = [-0.00179276, 0, -0.00533977, 0, -0.0082215, 0, -0.00649115, 0, -0.0144055, 0, -0.0082215, 0, -0.00273315, 0, -0.00649115, 0, -0.00533977, 0, -0.00179276, 0, -0.00788813, 0, -0.0189723, 0, -0.0166, 0, -0.00784978, 0, -0.00179276, 0, -0.0189723, 0, -0.0435931, 0, -0.0333812, 0, -0.013379, 0, -0.00784978, 0, -0.013379, 0, -0.0166, 0, -0.0333812, 0, -0.021547, 0, -0.0333812, 0, -0.0166, 0, -0.042077, 0, -0.0617238, 0, -0.00784978, 0, -0.013379, 0, -0.0333812, 0, -0.0435931, 0, -0.0189723, 0, -0.0519575, 0, -0.114245, 0, -0.0617238, 0, -0.00179276, 0, -0.00784978, 0, -0.0166, 0, -0.0189723, 0, -0.00788813, 0, -0.0219373, 0, -0.0519575, 0, -0.042077, 0, -0.013379, 0, -0.00533977, 0, -0.0166, 0, -0.0267557, 0, -0.0270499, 0, -0.0108119, 0, -0.0289447, 0, -0.0706669, 0, -0.0646431, 0, -0.0333812, 0, -0.0082215, 0, -0.0166, 0, -0.042077, 0, -0.0646431, 0, -0.0666218, 0, -0.0270499, 0, -0.0706669, 0, -0.166481, 0, -0.138283, 0, -0.0617238, 0, -0.0333812, 0, -0.021547, 0, -0.0267557, 0, -0.0646431, 0, -0.0670461, 0, -0.0646431, 0, -0.0267557, 0, -0.0646431, 0, -0.138283, 0, -0.0990285, 0, -0.138283, 0, -0.0646431, 0, -0.0670461, 0, -0.0990285, 0, -0.0270499, 0, -0.0666218, 0, -0.0646431, 0, -0.042077, 0, -0.0166, 0, -0.0333812, 0, -0.0617238, 0, -0.138283, 0, -0.166481, 0, -0.0706669, 0, -0.0822196, 0, -0.181451, 0, -0.0990285, 0, -0.0108119, 0, -0.0270499, 0, -0.0267557, 0, -0.0166, 0, -0.00533977, 0, -0.0082215, 0, -0.0333812, 0, -0.0646431, 0, -0.0706669, 0, -0.0289447, 0, -0.0346165, 0, -0.0822196, 0, -0.0670461, 0, -0.021547, 0, -0.00971007, 0, -0.0251384, 0, -0.0270499, 0, -0.0189723, 0, -0.00649115, 0, -0.0144055, 0, -0.0435931, 0, -0.0666218, 0, -0.0649868, 0, -0.0256065, 0, -0.0289447, 0, -0.0706669, 0, -0.0646431, 0, -0.0333812, 0, -0.0082215, 0, -0.0251384, 0, -0.0649868, 0, -0.0706669, 0, -0.0519575, 0, -0.0189723, 0, -0.0435931, 0, -0.114245, 0, -0.166481, 0, -0.163358, 0, -0.0649868, 0, -0.0706669, 0, -0.166481, 0, -0.138283, 0, -0.0617238, 0, -0.0333812, 0, -0.013379, 0, -0.0270499, 0, -0.0706669, 0, -0.0822196, 0, -0.0706669, 0, -0.0270499, 0, -0.0666218, 0, -0.166481, 0, -0.181451, 0, -0.166481, 0, -0.0666218, 0, -0.0646431, 0, -0.138283, 0, -0.0990285, 0, -0.138283, 0, -0.0646431, 0, -0.042077, 0, -0.0617238, 0, -0.0189723, 0, -0.0519575, 0, -0.0706669, 0, -0.0649868, 0, -0.0251384, 0, -0.0649868, 0, -0.163358, 0, -0.166481, 0, -0.114245, 0, -0.0435931, 0, -0.0333812, 0, -0.0617238, 0, -0.138283, 0, -0.166481, 0, -0.0706669, 0, -0.0519575, 0, -0.114245, 0, -0.0617238, 0, -0.00649115, 0, -0.0189723, 0, -0.0270499, 0, -0.0251384, 0, -0.00971007, 0, -0.0256065, 0, -0.0649868, 0, -0.0666218, 0, -0.0435931, 0, -0.0144055, 0, -0.0082215, 0, -0.0333812, 0, -0.0646431, 0, -0.0706669, 0, -0.0289447, 0, -0.0219373, 0, -0.0519575, 0, -0.042077, 0, -0.013379, 0, -0.00273315, 0, -0.00788813, 0, -0.0108119, 0, -0.00971007, 0, -0.0036913, 0, -0.00971007, 0, -0.0251384, 0, -0.0270499, 0, -0.0189723, 0, -0.00649115, 0, -0.00533977, 0, -0.0166, 0, -0.0267557, 0, -0.0270499, 0, -0.0108119, 0, -0.00788813, 0, -0.0189723, 0, -0.0166, 0, -0.00784978, 0, -0.00179276, 0, -0.00788813, 0, -0.0219373, 0, -0.0289447, 0, -0.0256065, 0, -0.00971007, 0, -0.0251384, 0, -0.0649868, 0, -0.0706669, 0, -0.0519575, 0, -0.0189723, 0, -0.0166, 0, -0.042077, 0, -0.0646431, 0, -0.0666218, 0, -0.0270499, 0, -0.0189723, 0, -0.0435931, 0, -0.0333812, 0, -0.013379, 0, -0.00784978, 0, -0.00179276, 0, -0.0108119, 0, -0.0289447, 0, -0.0346165, 0, -0.0289447, 0, -0.0108119, 0, -0.0270499, 0, -0.0706669, 0, -0.0822196, 0, -0.0706669, 0, -0.0270499, 0, -0.0267557, 0, -0.0646431, 0, -0.0670461, 0, -0.0646431, 0, -0.0267557, 0, -0.0166, 0, -0.0333812, 0, -0.021547, 0, -0.0333812, 0, -0.0166, 0, -0.00533977, 0, -0.0082215, 0, -0.00971007, 0, -0.0256065, 0, -0.0289447, 0, -0.0219373, 0, -0.00788813, 0, -0.0189723, 0, -0.0519575, 0, -0.0706669, 0, -0.0649868, 0, -0.0251384, 0, -0.0270499, 0, -0.0666218, 0, -0.0646431, 0, -0.042077, 0, -0.0166, 0, -0.00784978, 0, -0.013379, 0, -0.0333812, 0, -0.0435931, 0, -0.0189723, 0, -0.00649115, 0, -0.0144055, 0, -0.0082215, 0, -0.0036913, 0, -0.00971007, 0, -0.0108119, 0, -0.00788813, 0, -0.00273315, 0, -0.00649115, 0, -0.0189723, 0, -0.0270499, 0, -0.0251384, 0, -0.00971007, 0, -0.0108119, 0, -0.0270499, 0, -0.0267557, 0, -0.0166, 0, -0.00533977, 0, -0.00179276, 0, -0.00784978, 0, -0.0166, 0, -0.0189723, 0, -0.00788813, 0, -0.00273315, 0, -0.00649115, 0, -0.00533977, 0, -0.00179276, 0, ]
USE_ENERGY_DISTANCE =     false
PERIODIC =                false
UNIFORM_SITES =           true
DEVICE_DIMENSION =        2
MAX_PARAM =               1
MIN_PARAM =               0
MIN_PARAM =               0
DIAG =                    true
NUM_SEEDS =               2
NUMBER_OF_BANGS =               7
DISTANCE_LIMIT =          0.02
TAU_SCALAR =              1.2
TAU_SCALAR_TINY =         1.1
TAU_SCALAR_BIG =          1.4
ACCEPTANCE_PROB =         0.85
TEMP_EXP_DECAY =          0.8
MIN_TEMP_FRACTION =       0.01
TEMP_DECAY_ITERATIONS =   21
ZERO_TEMP_ITREATIONS =    15
RANDOM_STATES =           3
END_PARAMETERS
##############################################################################
clock_duration  =         5580.98
tau =                     1
total_steps =             32
time_step =               0.03125
best_mc_result =          0.0435149
best_mc_result_non_secondary =          0.0440683
evolved_target_dot_squared =  0.956485
distance =          1
j_protocol =  [[1, 1, 1, 1, 1, 1, 0, 0, 0, 0, 1, 1, 1, 1, 0, 0, 1, 1, 0, 0, 1, 1, 1, 1, 1, 1, 0, 0, 0, 0, 0, 0, ],[1, 1, 1, 1, 1, 1, 0, 0, 0, 0, 1, 1, 1, 1, 0, 0, 1, 1, 0, 0, 1, 1, 1, 1, 1, 1, 0, 0, 0, 0, 0, 0, ],]
k_protocol =  [[1, 1, 1, 1, 1, 1, 1, 1, 1, 1, 1, 1, 1, 1, 1, 1, 1, 1, 1, 1, 1, 1, 1, 1, 1, 1, 1, 1, 1, 1, 1, 1, ],[1, 1, 1, 1, 1, 1, 1, 1, 1, 1, 1, 1, 1, 1, 1, 1, 1, 1, 1, 1, 1, 1, 1, 1, 1, 1, 1, 1, 1, 1, 1, 1, ],]
j_protocol_secondary =  [0, 0.137631, 0.137631, 0.188888, 0.226766, 0.226766, 0.322116, 0.343302, 0.343302, 0.465701, 0.503679, 0.557077, 0.630767, 0.818447, ]
k_protocol_secondary =  [0.0123944, 0.0477183, 0.0477183, 0.23315, 0.23315, 0.355205, 0.355205, 0.611206, 0.611206, 0.670976, 0.670976, 0.834048, 0.834048, 1, ]
best_evolved_state = [0.000519143, 0.0020812, 0.000943557, 0.00445718, 0.00270609, 0.00162524, 0.00143332, 0.00400881, 0.00553251, 0.0088356, 0.00270609, 0.00162524, 0.000757786, 0.00145433, 0.00143332, 0.00400881, 0.000943557, 0.00445718, 0.000519143, 0.0020812, 0.00261781, 0.00628708, 0.00619165, 0.0149194, 0.000224896, 0.0131186, -0.00296536, 0.00769684, 0.000519143, 0.0020812, 0.00619165, 0.0149194, 0.0177112, 0.0315626, 4.28946e-05, 0.0233704, 0.00444649, 0.00523808, -0.00296536, 0.00769684, 0.00444649, 0.00523808, 0.000224896, 0.0131186, 4.28946e-05, 0.0233704, 0.0141846, 0.00719292, 4.28946e-05, 0.0233704, 0.000224896, 0.0131186, -0.00386895, 0.0325798, 0.0272938, 0.0435732, -0.00296536, 0.00769684, 0.00444649, 0.00523808, 4.28946e-05, 0.0233704, 0.0177112, 0.0315626, 0.00619165, 0.0149194, 0.0210873, 0.0437879, 0.0544439, 0.0829886, 0.0272938, 0.0435732, 0.000519143, 0.0020812, -0.00296536, 0.00769684, 0.000224896, 0.0131186, 0.00619165, 0.0149194, 0.00261781, 0.00628708, 0.00849301, 0.0202275, 0.0210873, 0.0437879, -0.00386895, 0.0325798, 0.00444649, 0.00523808, 0.000943557, 0.00445718, 0.000224896, 0.0131186, 0.002269, 0.0280221, 0.0142281, 0.0162719, 0.00789317, 0.00695624, 0.0156199, 0.0229567, 0.0315909, 0.0585714, 0.0182824, 0.0689957, 4.28946e-05, 0.0233704, 0.00270609, 0.00162524, 0.000224896, 0.0131186, -0.00386895, 0.0325798, 0.0182824, 0.0689957, 0.026233, 0.0462641, 0.0142281, 0.0162719, 0.0315909, 0.0585714, 0.0900389, 0.153365, 0.0750383, 0.112895, 0.0272938, 0.0435732, 4.28946e-05, 0.0233704, 0.0141846, 0.00719292, 0.002269, 0.0280221, 0.0182824, 0.0689957, 0.00798214, 0.0613068, 0.0182824, 0.0689957, 0.002269, 0.0280221, 0.0182824, 0.0689957, 0.0750383, 0.112895, 0.0532133, 0.0705917, 0.0750383, 0.112895, 0.0182824, 0.0689957, 0.00798214, 0.0613068, 0.0532133, 0.0705917, 0.0142281, 0.0162719, 0.026233, 0.0462641, 0.0182824, 0.0689957, -0.00386895, 0.0325798, 0.000224896, 0.0131186, 4.28946e-05, 0.0233704, 0.0272938, 0.0435732, 0.0750383, 0.112895, 0.0900389, 0.153365, 0.0315909, 0.0585714, 0.0559931, 0.0800984, 0.14082, 0.141789, 0.0532133, 0.0705917, 0.00789317, 0.00695624, 0.0142281, 0.0162719, 0.002269, 0.0280221, 0.000224896, 0.0131186, 0.000943557, 0.00445718, 0.00270609, 0.00162524, 4.28946e-05, 0.0233704, 0.0182824, 0.0689957, 0.0315909, 0.0585714, 0.0156199, 0.0229567, 0.0223934, 0.0367634, 0.0559931, 0.0800984, 0.00798214, 0.0613068, 0.0141846, 0.00719292, 0.00875167, 0.00889815, 0.0225188, 0.0209134, 0.0142281, 0.0162719, 0.00619165, 0.0149194, 0.00143332, 0.00400881, 0.00553251, 0.0088356, 0.0177112, 0.0315626, 0.026233, 0.0462641, 0.051443, 0.0509231, 0.0212146, 0.0222955, 0.0156199, 0.0229567, 0.0315909, 0.0585714, 0.0182824, 0.0689957, 4.28946e-05, 0.0233704, 0.00270609, 0.00162524, 0.0225188, 0.0209134, 0.051443, 0.0509231, 0.0315909, 0.0585714, 0.0210873, 0.0437879, 0.00619165, 0.0149194, 0.0177112, 0.0315626, 0.0544439, 0.0829886, 0.0900389, 0.153365, 0.115843, 0.132452, 0.051443, 0.0509231, 0.0315909, 0.0585714, 0.0900389, 0.153365, 0.0750383, 0.112895, 0.0272938, 0.0435732, 4.28946e-05, 0.0233704, 0.00444649, 0.00523808, 0.0142281, 0.0162719, 0.0315909, 0.0585714, 0.0559931, 0.0800984, 0.0315909, 0.0585714, 0.0142281, 0.0162719, 0.026233, 0.0462641, 0.0900389, 0.153365, 0.14082, 0.141789, 0.0900389, 0.153365, 0.026233, 0.0462641, 0.0182824, 0.0689957, 0.0750383, 0.112895, 0.0532133, 0.0705917, 0.0750383, 0.112895, 0.0182824, 0.0689957, -0.00386895, 0.0325798, 0.0272938, 0.0435732, 0.00619165, 0.0149194, 0.0210873, 0.0437879, 0.0315909, 0.0585714, 0.051443, 0.0509231, 0.0225188, 0.0209134, 0.051443, 0.0509231, 0.115843, 0.132452, 0.0900389, 0.153365, 0.0544439, 0.0829886, 0.0177112, 0.0315626, 4.28946e-05, 0.0233704, 0.0272938, 0.0435732, 0.0750383, 0.112895, 0.0900389, 0.153365, 0.0315909, 0.0585714, 0.0210873, 0.0437879, 0.0544439, 0.0829886, 0.0272938, 0.0435732, 0.00143332, 0.00400881, 0.00619165, 0.0149194, 0.0142281, 0.0162719, 0.0225188, 0.0209134, 0.00875167, 0.00889815, 0.0212146, 0.0222955, 0.051443, 0.0509231, 0.026233, 0.0462641, 0.0177112, 0.0315626, 0.00553251, 0.0088356, 0.00270609, 0.00162524, 4.28946e-05, 0.0233704, 0.0182824, 0.0689957, 0.0315909, 0.0585714, 0.0156199, 0.0229567, 0.00849301, 0.0202275, 0.0210873, 0.0437879, -0.00386895, 0.0325798, 0.00444649, 0.00523808, 0.000757786, 0.00145433, 0.00261781, 0.00628708, 0.00789317, 0.00695624, 0.00875167, 0.00889815, 0.00329111, 0.00344447, 0.00875167, 0.00889815, 0.0225188, 0.0209134, 0.0142281, 0.0162719, 0.00619165, 0.0149194, 0.00143332, 0.00400881, 0.000943557, 0.00445718, 0.000224896, 0.0131186, 0.002269, 0.0280221, 0.0142281, 0.0162719, 0.00789317, 0.00695624, 0.00261781, 0.00628708, 0.00619165, 0.0149194, 0.000224896, 0.0131186, -0.00296536, 0.00769684, 0.000519143, 0.0020812, 0.00261781, 0.00628708, 0.00849301, 0.0202275, 0.0156199, 0.0229567, 0.0212146, 0.0222955, 0.00875167, 0.00889815, 0.0225188, 0.0209134, 0.051443, 0.0509231, 0.0315909, 0.0585714, 0.0210873, 0.0437879, 0.00619165, 0.0149194, 0.000224896, 0.0131186, -0.00386895, 0.0325798, 0.0182824, 0.0689957, 0.026233, 0.0462641, 0.0142281, 0.0162719, 0.00619165, 0.0149194, 0.0177112, 0.0315626, 4.28946e-05, 0.0233704, 0.00444649, 0.00523808, -0.00296536, 0.00769684, 0.000519143, 0.0020812, 0.00789317, 0.00695624, 0.0156199, 0.0229567, 0.0223934, 0.0367634, 0.0156199, 0.0229567, 0.00789317, 0.00695624, 0.0142281, 0.0162719, 0.0315909, 0.0585714, 0.0559931, 0.0800984, 0.0315909, 0.0585714, 0.0142281, 0.0162719, 0.002269, 0.0280221, 0.0182824, 0.0689957, 0.00798214, 0.0613068, 0.0182824, 0.0689957, 0.002269, 0.0280221, 0.000224896, 0.0131186, 4.28946e-05, 0.0233704, 0.0141846, 0.00719292, 4.28946e-05, 0.0233704, 0.000224896, 0.0131186, 0.000943557, 0.00445718, 0.00270609, 0.00162524, 0.00875167, 0.00889815, 0.0212146, 0.0222955, 0.0156199, 0.0229567, 0.00849301, 0.0202275, 0.00261781, 0.00628708, 0.00619165, 0.0149194, 0.0210873, 0.0437879, 0.0315909, 0.0585714, 0.051443, 0.0509231, 0.0225188, 0.0209134, 0.0142281, 0.0162719, 0.026233, 0.0462641, 0.0182824, 0.0689957, -0.00386895, 0.0325798, 0.000224896, 0.0131186, -0.00296536, 0.00769684, 0.00444649, 0.00523808, 4.28946e-05, 0.0233704, 0.0177112, 0.0315626, 0.00619165, 0.0149194, 0.00143332, 0.00400881, 0.00553251, 0.0088356, 0.00270609, 0.00162524, 0.00329111, 0.00344447, 0.00875167, 0.00889815, 0.00789317, 0.00695624, 0.00261781, 0.00628708, 0.000757786, 0.00145433, 0.00143332, 0.00400881, 0.00619165, 0.0149194, 0.0142281, 0.0162719, 0.0225188, 0.0209134, 0.00875167, 0.00889815, 0.00789317, 0.00695624, 0.0142281, 0.0162719, 0.002269, 0.0280221, 0.000224896, 0.0131186, 0.000943557, 0.00445718, 0.000519143, 0.0020812, -0.00296536, 0.00769684, 0.000224896, 0.0131186, 0.00619165, 0.0149194, 0.00261781, 0.00628708, 0.000757786, 0.00145433, 0.00143332, 0.00400881, 0.000943557, 0.00445718, 0.000519143, 0.0020812, ]
best_mc_result_fixed_tau =   [0.0440683, 0.0440683, ]
evolved_state_fixed_tau =   [[0.00109593, 0.00168076, 0.00222966, 0.00377789, 0.00346103, 0.000238862, 0.00255181, 0.00298367, 0.00782978, 0.00621535, 0.00346103, 0.000238862, 0.00113803, 0.000982717, 0.00255181, 0.00298367, 0.00222966, 0.00377789, 0.00109593, 0.00168076, 0.00429869, 0.00465076, 0.0104908, 0.0114599, 0.00488792, 0.0116379, -0.000339413, 0.00782948, 0.00109593, 0.00168076, 0.0104908, 0.0114599, 0.0276339, 0.0233679, 0.00794398, 0.0204715, 0.00642291, 0.00318894, -0.000339413, 0.00782948, 0.00642291, 0.00318894, 0.00488792, 0.0116379, 0.00794398, 0.0204715, 0.0164711, 0.00196878, 0.00794398, 0.0204715, 0.00488792, 0.0116379, 0.00759333, 0.0300434, 0.0398398, 0.0324437, -0.000339413, 0.00782948, 0.00642291, 0.00318894, 0.00794398, 0.0204715, 0.0276339, 0.0233679, 0.0104908, 0.0114599, 0.0348069, 0.0333928, 0.0821368, 0.0586858, 0.0398398, 0.0324437, 0.00109593, 0.00168076, -0.000339413, 0.00782948, 0.00488792, 0.0116379, 0.0104908, 0.0114599, 0.00429869, 0.00465076, 0.0142969, 0.0154461, 0.0348069, 0.0333928, 0.00759333, 0.0300434, 0.00642291, 0.00318894, 0.00222966, 0.00377789, 0.00488792, 0.0116379, 0.0108391, 0.0243355, 0.0187591, 0.00986482, 0.0093719, 0.00368775, 0.0220114, 0.0153926, 0.0496616, 0.042653, 0.0401613, 0.0575294, 0.00794398, 0.0204715, 0.00346103, 0.000238862, 0.00488792, 0.0116379, 0.00759333, 0.0300434, 0.0401613, 0.0575294, 0.0409306, 0.0330485, 0.0187591, 0.00986482, 0.0496616, 0.042653, 0.139683, 0.112492, 0.111223, 0.0788645, 0.0398398, 0.0324437, 0.00794398, 0.0204715, 0.0164711, 0.00196878, 0.0108391, 0.0243355, 0.0401613, 0.0575294, 0.0279094, 0.0517381, 0.0401613, 0.0575294, 0.0108391, 0.0243355, 0.0401613, 0.0575294, 0.111223, 0.0788645, 0.0724278, 0.0500389, 0.111223, 0.0788645, 0.0401613, 0.0575294, 0.0279094, 0.0517381, 0.0724278, 0.0500389, 0.0187591, 0.00986482, 0.0409306, 0.0330485, 0.0401613, 0.0575294, 0.00759333, 0.0300434, 0.00488792, 0.0116379, 0.00794398, 0.0204715, 0.0398398, 0.0324437, 0.111223, 0.0788645, 0.139683, 0.112492, 0.0496616, 0.042653, 0.0792638, 0.0557985, 0.185226, 0.0851695, 0.0724278, 0.0500389, 0.0093719, 0.00368775, 0.0187591, 0.00986482, 0.0108391, 0.0243355, 0.00488792, 0.0116379, 0.00222966, 0.00377789, 0.00346103, 0.000238862, 0.00794398, 0.0204715, 0.0401613, 0.0575294, 0.0496616, 0.042653, 0.0220114, 0.0153926, 0.0320469, 0.026013, 0.0792638, 0.0557985, 0.0279094, 0.0517381, 0.0164711, 0.00196878, 0.0105553, 0.00512755, 0.0273591, 0.0117962, 0.0187591, 0.00986482, 0.0104908, 0.0114599, 0.00255181, 0.00298367, 0.00782978, 0.00621535, 0.0276339, 0.0233679, 0.0409306, 0.0330485, 0.0657178, 0.0301986, 0.0266392, 0.0133699, 0.0220114, 0.0153926, 0.0496616, 0.042653, 0.0401613, 0.0575294, 0.00794398, 0.0204715, 0.00346103, 0.000238862, 0.0273591, 0.0117962, 0.0657178, 0.0301986, 0.0496616, 0.042653, 0.0348069, 0.0333928, 0.0104908, 0.0114599, 0.0276339, 0.0233679, 0.0821368, 0.0586858, 0.139683, 0.112492, 0.158531, 0.0851464, 0.0657178, 0.0301986, 0.0496616, 0.042653, 0.139683, 0.112492, 0.111223, 0.0788645, 0.0398398, 0.0324437, 0.00794398, 0.0204715, 0.00642291, 0.00318894, 0.0187591, 0.00986482, 0.0496616, 0.042653, 0.0792638, 0.0557985, 0.0496616, 0.042653, 0.0187591, 0.00986482, 0.0409306, 0.0330485, 0.139683, 0.112492, 0.185226, 0.0851695, 0.139683, 0.112492, 0.0409306, 0.0330485, 0.0401613, 0.0575294, 0.111223, 0.0788645, 0.0724278, 0.0500389, 0.111223, 0.0788645, 0.0401613, 0.0575294, 0.00759333, 0.0300434, 0.0398398, 0.0324437, 0.0104908, 0.0114599, 0.0348069, 0.0333928, 0.0496616, 0.042653, 0.0657178, 0.0301986, 0.0273591, 0.0117962, 0.0657178, 0.0301986, 0.158531, 0.0851464, 0.139683, 0.112492, 0.0821368, 0.0586858, 0.0276339, 0.0233679, 0.00794398, 0.0204715, 0.0398398, 0.0324437, 0.111223, 0.0788645, 0.139683, 0.112492, 0.0496616, 0.042653, 0.0348069, 0.0333928, 0.0821368, 0.0586858, 0.0398398, 0.0324437, 0.00255181, 0.00298367, 0.0104908, 0.0114599, 0.0187591, 0.00986482, 0.0273591, 0.0117962, 0.0105553, 0.00512755, 0.0266392, 0.0133699, 0.0657178, 0.0301986, 0.0409306, 0.0330485, 0.0276339, 0.0233679, 0.00782978, 0.00621535, 0.00346103, 0.000238862, 0.00794398, 0.0204715, 0.0401613, 0.0575294, 0.0496616, 0.042653, 0.0220114, 0.0153926, 0.0142969, 0.0154461, 0.0348069, 0.0333928, 0.00759333, 0.0300434, 0.00642291, 0.00318894, 0.00113803, 0.000982717, 0.00429869, 0.00465076, 0.0093719, 0.00368775, 0.0105553, 0.00512755, 0.00390308, 0.0019556, 0.0105553, 0.00512755, 0.0273591, 0.0117962, 0.0187591, 0.00986482, 0.0104908, 0.0114599, 0.00255181, 0.00298367, 0.00222966, 0.00377789, 0.00488792, 0.0116379, 0.0108391, 0.0243355, 0.0187591, 0.00986482, 0.0093719, 0.00368775, 0.00429869, 0.00465076, 0.0104908, 0.0114599, 0.00488792, 0.0116379, -0.000339413, 0.00782948, 0.00109593, 0.00168076, 0.00429869, 0.00465076, 0.0142969, 0.0154461, 0.0220114, 0.0153926, 0.0266392, 0.0133699, 0.0105553, 0.00512755, 0.0273591, 0.0117962, 0.0657178, 0.0301986, 0.0496616, 0.042653, 0.0348069, 0.0333928, 0.0104908, 0.0114599, 0.00488792, 0.0116379, 0.00759333, 0.0300434, 0.0401613, 0.0575294, 0.0409306, 0.0330485, 0.0187591, 0.00986482, 0.0104908, 0.0114599, 0.0276339, 0.0233679, 0.00794398, 0.0204715, 0.00642291, 0.00318894, -0.000339413, 0.00782948, 0.00109593, 0.00168076, 0.0093719, 0.00368775, 0.0220114, 0.0153926, 0.0320469, 0.026013, 0.0220114, 0.0153926, 0.0093719, 0.00368775, 0.0187591, 0.00986482, 0.0496616, 0.042653, 0.0792638, 0.0557985, 0.0496616, 0.042653, 0.0187591, 0.00986482, 0.0108391, 0.0243355, 0.0401613, 0.0575294, 0.0279094, 0.0517381, 0.0401613, 0.0575294, 0.0108391, 0.0243355, 0.00488792, 0.0116379, 0.00794398, 0.0204715, 0.0164711, 0.00196878, 0.00794398, 0.0204715, 0.00488792, 0.0116379, 0.00222966, 0.00377789, 0.00346103, 0.000238862, 0.0105553, 0.00512755, 0.0266392, 0.0133699, 0.0220114, 0.0153926, 0.0142969, 0.0154461, 0.00429869, 0.00465076, 0.0104908, 0.0114599, 0.0348069, 0.0333928, 0.0496616, 0.042653, 0.0657178, 0.0301986, 0.0273591, 0.0117962, 0.0187591, 0.00986482, 0.0409306, 0.0330485, 0.0401613, 0.0575294, 0.00759333, 0.0300434, 0.00488792, 0.0116379, -0.000339413, 0.00782948, 0.00642291, 0.00318894, 0.00794398, 0.0204715, 0.0276339, 0.0233679, 0.0104908, 0.0114599, 0.00255181, 0.00298367, 0.00782978, 0.00621535, 0.00346103, 0.000238862, 0.00390308, 0.0019556, 0.0105553, 0.00512755, 0.0093719, 0.00368775, 0.00429869, 0.00465076, 0.00113803, 0.000982717, 0.00255181, 0.00298367, 0.0104908, 0.0114599, 0.0187591, 0.00986482, 0.0273591, 0.0117962, 0.0105553, 0.00512755, 0.0093719, 0.00368775, 0.0187591, 0.00986482, 0.0108391, 0.0243355, 0.00488792, 0.0116379, 0.00222966, 0.00377789, 0.00109593, 0.00168076, -0.000339413, 0.00782948, 0.00488792, 0.0116379, 0.0104908, 0.0114599, 0.00429869, 0.00465076, 0.00113803, 0.000982717, 0.00255181, 0.00298367, 0.00222966, 0.00377789, 0.00109593, 0.00168076, ],[0.00109593, 0.00168076, 0.00222966, 0.00377789, 0.00346103, 0.000238862, 0.00255181, 0.00298367, 0.00782978, 0.00621535, 0.00346103, 0.000238862, 0.00113803, 0.000982717, 0.00255181, 0.00298367, 0.00222966, 0.00377789, 0.00109593, 0.00168076, 0.00429869, 0.00465076, 0.0104908, 0.0114599, 0.00488792, 0.0116379, -0.000339413, 0.00782948, 0.00109593, 0.00168076, 0.0104908, 0.0114599, 0.0276339, 0.0233679, 0.00794398, 0.0204715, 0.00642291, 0.00318894, -0.000339413, 0.00782948, 0.00642291, 0.00318894, 0.00488792, 0.0116379, 0.00794398, 0.0204715, 0.0164711, 0.00196878, 0.00794398, 0.0204715, 0.00488792, 0.0116379, 0.00759333, 0.0300434, 0.0398398, 0.0324437, -0.000339413, 0.00782948, 0.00642291, 0.00318894, 0.00794398, 0.0204715, 0.0276339, 0.0233679, 0.0104908, 0.0114599, 0.0348069, 0.0333928, 0.0821368, 0.0586858, 0.0398398, 0.0324437, 0.00109593, 0.00168076, -0.000339413, 0.00782948, 0.00488792, 0.0116379, 0.0104908, 0.0114599, 0.00429869, 0.00465076, 0.0142969, 0.0154461, 0.0348069, 0.0333928, 0.00759333, 0.0300434, 0.00642291, 0.00318894, 0.00222966, 0.00377789, 0.00488792, 0.0116379, 0.0108391, 0.0243355, 0.0187591, 0.00986482, 0.0093719, 0.00368775, 0.0220114, 0.0153926, 0.0496616, 0.042653, 0.0401613, 0.0575294, 0.00794398, 0.0204715, 0.00346103, 0.000238862, 0.00488792, 0.0116379, 0.00759333, 0.0300434, 0.0401613, 0.0575294, 0.0409306, 0.0330485, 0.0187591, 0.00986482, 0.0496616, 0.042653, 0.139683, 0.112492, 0.111223, 0.0788645, 0.0398398, 0.0324437, 0.00794398, 0.0204715, 0.0164711, 0.00196878, 0.0108391, 0.0243355, 0.0401613, 0.0575294, 0.0279094, 0.0517381, 0.0401613, 0.0575294, 0.0108391, 0.0243355, 0.0401613, 0.0575294, 0.111223, 0.0788645, 0.0724278, 0.0500389, 0.111223, 0.0788645, 0.0401613, 0.0575294, 0.0279094, 0.0517381, 0.0724278, 0.0500389, 0.0187591, 0.00986482, 0.0409306, 0.0330485, 0.0401613, 0.0575294, 0.00759333, 0.0300434, 0.00488792, 0.0116379, 0.00794398, 0.0204715, 0.0398398, 0.0324437, 0.111223, 0.0788645, 0.139683, 0.112492, 0.0496616, 0.042653, 0.0792638, 0.0557985, 0.185226, 0.0851695, 0.0724278, 0.0500389, 0.0093719, 0.00368775, 0.0187591, 0.00986482, 0.0108391, 0.0243355, 0.00488792, 0.0116379, 0.00222966, 0.00377789, 0.00346103, 0.000238862, 0.00794398, 0.0204715, 0.0401613, 0.0575294, 0.0496616, 0.042653, 0.0220114, 0.0153926, 0.0320469, 0.026013, 0.0792638, 0.0557985, 0.0279094, 0.0517381, 0.0164711, 0.00196878, 0.0105553, 0.00512755, 0.0273591, 0.0117962, 0.0187591, 0.00986482, 0.0104908, 0.0114599, 0.00255181, 0.00298367, 0.00782978, 0.00621535, 0.0276339, 0.0233679, 0.0409306, 0.0330485, 0.0657178, 0.0301986, 0.0266392, 0.0133699, 0.0220114, 0.0153926, 0.0496616, 0.042653, 0.0401613, 0.0575294, 0.00794398, 0.0204715, 0.00346103, 0.000238862, 0.0273591, 0.0117962, 0.0657178, 0.0301986, 0.0496616, 0.042653, 0.0348069, 0.0333928, 0.0104908, 0.0114599, 0.0276339, 0.0233679, 0.0821368, 0.0586858, 0.139683, 0.112492, 0.158531, 0.0851464, 0.0657178, 0.0301986, 0.0496616, 0.042653, 0.139683, 0.112492, 0.111223, 0.0788645, 0.0398398, 0.0324437, 0.00794398, 0.0204715, 0.00642291, 0.00318894, 0.0187591, 0.00986482, 0.0496616, 0.042653, 0.0792638, 0.0557985, 0.0496616, 0.042653, 0.0187591, 0.00986482, 0.0409306, 0.0330485, 0.139683, 0.112492, 0.185226, 0.0851695, 0.139683, 0.112492, 0.0409306, 0.0330485, 0.0401613, 0.0575294, 0.111223, 0.0788645, 0.0724278, 0.0500389, 0.111223, 0.0788645, 0.0401613, 0.0575294, 0.00759333, 0.0300434, 0.0398398, 0.0324437, 0.0104908, 0.0114599, 0.0348069, 0.0333928, 0.0496616, 0.042653, 0.0657178, 0.0301986, 0.0273591, 0.0117962, 0.0657178, 0.0301986, 0.158531, 0.0851464, 0.139683, 0.112492, 0.0821368, 0.0586858, 0.0276339, 0.0233679, 0.00794398, 0.0204715, 0.0398398, 0.0324437, 0.111223, 0.0788645, 0.139683, 0.112492, 0.0496616, 0.042653, 0.0348069, 0.0333928, 0.0821368, 0.0586858, 0.0398398, 0.0324437, 0.00255181, 0.00298367, 0.0104908, 0.0114599, 0.0187591, 0.00986482, 0.0273591, 0.0117962, 0.0105553, 0.00512755, 0.0266392, 0.0133699, 0.0657178, 0.0301986, 0.0409306, 0.0330485, 0.0276339, 0.0233679, 0.00782978, 0.00621535, 0.00346103, 0.000238862, 0.00794398, 0.0204715, 0.0401613, 0.0575294, 0.0496616, 0.042653, 0.0220114, 0.0153926, 0.0142969, 0.0154461, 0.0348069, 0.0333928, 0.00759333, 0.0300434, 0.00642291, 0.00318894, 0.00113803, 0.000982717, 0.00429869, 0.00465076, 0.0093719, 0.00368775, 0.0105553, 0.00512755, 0.00390308, 0.0019556, 0.0105553, 0.00512755, 0.0273591, 0.0117962, 0.0187591, 0.00986482, 0.0104908, 0.0114599, 0.00255181, 0.00298367, 0.00222966, 0.00377789, 0.00488792, 0.0116379, 0.0108391, 0.0243355, 0.0187591, 0.00986482, 0.0093719, 0.00368775, 0.00429869, 0.00465076, 0.0104908, 0.0114599, 0.00488792, 0.0116379, -0.000339413, 0.00782948, 0.00109593, 0.00168076, 0.00429869, 0.00465076, 0.0142969, 0.0154461, 0.0220114, 0.0153926, 0.0266392, 0.0133699, 0.0105553, 0.00512755, 0.0273591, 0.0117962, 0.0657178, 0.0301986, 0.0496616, 0.042653, 0.0348069, 0.0333928, 0.0104908, 0.0114599, 0.00488792, 0.0116379, 0.00759333, 0.0300434, 0.0401613, 0.0575294, 0.0409306, 0.0330485, 0.0187591, 0.00986482, 0.0104908, 0.0114599, 0.0276339, 0.0233679, 0.00794398, 0.0204715, 0.00642291, 0.00318894, -0.000339413, 0.00782948, 0.00109593, 0.00168076, 0.0093719, 0.00368775, 0.0220114, 0.0153926, 0.0320469, 0.026013, 0.0220114, 0.0153926, 0.0093719, 0.00368775, 0.0187591, 0.00986482, 0.0496616, 0.042653, 0.0792638, 0.0557985, 0.0496616, 0.042653, 0.0187591, 0.00986482, 0.0108391, 0.0243355, 0.0401613, 0.0575294, 0.0279094, 0.0517381, 0.0401613, 0.0575294, 0.0108391, 0.0243355, 0.00488792, 0.0116379, 0.00794398, 0.0204715, 0.0164711, 0.00196878, 0.00794398, 0.0204715, 0.00488792, 0.0116379, 0.00222966, 0.00377789, 0.00346103, 0.000238862, 0.0105553, 0.00512755, 0.0266392, 0.0133699, 0.0220114, 0.0153926, 0.0142969, 0.0154461, 0.00429869, 0.00465076, 0.0104908, 0.0114599, 0.0348069, 0.0333928, 0.0496616, 0.042653, 0.0657178, 0.0301986, 0.0273591, 0.0117962, 0.0187591, 0.00986482, 0.0409306, 0.0330485, 0.0401613, 0.0575294, 0.00759333, 0.0300434, 0.00488792, 0.0116379, -0.000339413, 0.00782948, 0.00642291, 0.00318894, 0.00794398, 0.0204715, 0.0276339, 0.0233679, 0.0104908, 0.0114599, 0.00255181, 0.00298367, 0.00782978, 0.00621535, 0.00346103, 0.000238862, 0.00390308, 0.0019556, 0.0105553, 0.00512755, 0.0093719, 0.00368775, 0.00429869, 0.00465076, 0.00113803, 0.000982717, 0.00255181, 0.00298367, 0.0104908, 0.0114599, 0.0187591, 0.00986482, 0.0273591, 0.0117962, 0.0105553, 0.00512755, 0.0093719, 0.00368775, 0.0187591, 0.00986482, 0.0108391, 0.0243355, 0.00488792, 0.0116379, 0.00222966, 0.00377789, 0.00109593, 0.00168076, -0.000339413, 0.00782948, 0.00488792, 0.0116379, 0.0104908, 0.0114599, 0.00429869, 0.00465076, 0.00113803, 0.000982717, 0.00255181, 0.00298367, 0.00222966, 0.00377789, 0.00109593, 0.00168076, ],]
