START_PARAMETERS
MAX_STEPS_MCDB =               32
MIN_STEPS_MCDB =               4
STEPS_CRUNCH_MCDB =            1
SWEEPS_MCDB =                  100
TOTAL_STEP_CHANGES =                  6
MCBB_SECONDARY =                  1
SWEEPS_MCBB_SECONDARY =                  250
NUMBER_OF_BANGS =                  7
GROUND_E =                11.733
INITIAL_E =               11.7878
j_initial =               0.199
k_initial =               0.5
b_initial =               0
j_target =                0.066
k_target =                0.5
b_target =                0
init_target_dot_squared = 0.952627
init_state = [-4.58191e-05, 0, -0.000298403, 0, -0.000897576, 0, -0.000561177, 0, -0.00305387, 0, -0.000897576, 0, -9.97582e-05, 0, -0.000561177, 0, -0.000298403, 0, -4.58191e-05, 0, -0.000668777, 0, -0.00378295, 0, -0.00217708, 0, -0.000530842, 0, -4.58191e-05, 0, -0.00378295, 0, -0.0208474, 0, -0.00939041, 0, -0.0016545, 0, -0.000530842, 0, -0.0016545, 0, -0.00217708, 0, -0.00939041, 0, -0.00310922, 0, -0.00939041, 0, -0.00217708, 0, -0.0126413, 0, -0.0321383, 0, -0.000530842, 0, -0.0016545, 0, -0.00939041, 0, -0.0208474, 0, -0.00378295, 0, -0.024664, 0, -0.13323, 0, -0.0321383, 0, -4.58191e-05, 0, -0.000530842, 0, -0.00217708, 0, -0.00378295, 0, -0.000668777, 0, -0.00438972, 0, -0.024664, 0, -0.0126413, 0, -0.0016545, 0, -0.000298403, 0, -0.00217708, 0, -0.00515989, 0, -0.00634464, 0, -0.00107512, 0, -0.00673076, 0, -0.0392683, 0, -0.0291674, 0, -0.00939041, 0, -0.000897576, 0, -0.00217708, 0, -0.0126413, 0, -0.0291674, 0, -0.0371576, 0, -0.00634464, 0, -0.0392683, 0, -0.225996, 0, -0.15242, 0, -0.0321383, 0, -0.00939041, 0, -0.00310922, 0, -0.00515989, 0, -0.0291674, 0, -0.0234836, 0, -0.0291674, 0, -0.00515989, 0, -0.0291674, 0, -0.15242, 0, -0.0600797, 0, -0.15242, 0, -0.0291674, 0, -0.0234836, 0, -0.0600797, 0, -0.00634464, 0, -0.0371576, 0, -0.0291674, 0, -0.0126413, 0, -0.00217708, 0, -0.00939041, 0, -0.0321383, 0, -0.15242, 0, -0.225996, 0, -0.0392683, 0, -0.0451926, 0, -0.24451, 0, -0.0600797, 0, -0.00107512, 0, -0.00634464, 0, -0.00515989, 0, -0.00217708, 0, -0.000298403, 0, -0.000897576, 0, -0.00939041, 0, -0.0291674, 0, -0.0392683, 0, -0.00673076, 0, -0.00803016, 0, -0.0451926, 0, -0.0234836, 0, -0.00310922, 0, -0.0010196, 0, -0.00624167, 0, -0.00634464, 0, -0.00378295, 0, -0.000561177, 0, -0.00305387, 0, -0.0208474, 0, -0.0371576, 0, -0.0382264, 0, -0.00629453, 0, -0.00673076, 0, -0.0392683, 0, -0.0291674, 0, -0.00939041, 0, -0.000897576, 0, -0.00624167, 0, -0.0382264, 0, -0.0392683, 0, -0.024664, 0, -0.00378295, 0, -0.0208474, 0, -0.13323, 0, -0.225996, 0, -0.231864, 0, -0.0382264, 0, -0.0392683, 0, -0.225996, 0, -0.15242, 0, -0.0321383, 0, -0.00939041, 0, -0.0016545, 0, -0.00634464, 0, -0.0392683, 0, -0.0451926, 0, -0.0392683, 0, -0.00634464, 0, -0.0371576, 0, -0.225996, 0, -0.24451, 0, -0.225996, 0, -0.0371576, 0, -0.0291674, 0, -0.15242, 0, -0.0600797, 0, -0.15242, 0, -0.0291674, 0, -0.0126413, 0, -0.0321383, 0, -0.00378295, 0, -0.024664, 0, -0.0392683, 0, -0.0382264, 0, -0.00624167, 0, -0.0382264, 0, -0.231864, 0, -0.225996, 0, -0.13323, 0, -0.0208474, 0, -0.00939041, 0, -0.0321383, 0, -0.15242, 0, -0.225996, 0, -0.0392683, 0, -0.024664, 0, -0.13323, 0, -0.0321383, 0, -0.000561177, 0, -0.00378295, 0, -0.00634464, 0, -0.00624167, 0, -0.0010196, 0, -0.00629453, 0, -0.0382264, 0, -0.0371576, 0, -0.0208474, 0, -0.00305387, 0, -0.000897576, 0, -0.00939041, 0, -0.0291674, 0, -0.0392683, 0, -0.00673076, 0, -0.00438972, 0, -0.024664, 0, -0.0126413, 0, -0.0016545, 0, -9.97582e-05, 0, -0.000668777, 0, -0.00107512, 0, -0.0010196, 0, -0.000165394, 0, -0.0010196, 0, -0.00624167, 0, -0.00634464, 0, -0.00378295, 0, -0.000561177, 0, -0.000298403, 0, -0.00217708, 0, -0.00515989, 0, -0.00634464, 0, -0.00107512, 0, -0.000668777, 0, -0.00378295, 0, -0.00217708, 0, -0.000530842, 0, -4.58191e-05, 0, -0.000668777, 0, -0.00438972, 0, -0.00673076, 0, -0.00629453, 0, -0.0010196, 0, -0.00624167, 0, -0.0382264, 0, -0.0392683, 0, -0.024664, 0, -0.00378295, 0, -0.00217708, 0, -0.0126413, 0, -0.0291674, 0, -0.0371576, 0, -0.00634464, 0, -0.00378295, 0, -0.0208474, 0, -0.00939041, 0, -0.0016545, 0, -0.000530842, 0, -4.58191e-05, 0, -0.00107512, 0, -0.00673076, 0, -0.00803016, 0, -0.00673076, 0, -0.00107512, 0, -0.00634464, 0, -0.0392683, 0, -0.0451926, 0, -0.0392683, 0, -0.00634464, 0, -0.00515989, 0, -0.0291674, 0, -0.0234836, 0, -0.0291674, 0, -0.00515989, 0, -0.00217708, 0, -0.00939041, 0, -0.00310922, 0, -0.00939041, 0, -0.00217708, 0, -0.000298403, 0, -0.000897576, 0, -0.0010196, 0, -0.00629453, 0, -0.00673076, 0, -0.00438972, 0, -0.000668777, 0, -0.00378295, 0, -0.024664, 0, -0.0392683, 0, -0.0382264, 0, -0.00624167, 0, -0.00634464, 0, -0.0371576, 0, -0.0291674, 0, -0.0126413, 0, -0.00217708, 0, -0.000530842, 0, -0.0016545, 0, -0.00939041, 0, -0.0208474, 0, -0.00378295, 0, -0.000561177, 0, -0.00305387, 0, -0.000897576, 0, -0.000165394, 0, -0.0010196, 0, -0.00107512, 0, -0.000668777, 0, -9.97582e-05, 0, -0.000561177, 0, -0.00378295, 0, -0.00634464, 0, -0.00624167, 0, -0.0010196, 0, -0.00107512, 0, -0.00634464, 0, -0.00515989, 0, -0.00217708, 0, -0.000298403, 0, -4.58191e-05, 0, -0.000530842, 0, -0.00217708, 0, -0.00378295, 0, -0.000668777, 0, -9.97582e-05, 0, -0.000561177, 0, -0.000298403, 0, -4.58191e-05, 0, ]
target_state = [-4.59634e-07, 0, -7.52467e-06, 0, -5.67258e-05, 0, -3.10719e-05, 0, -0.000475241, 0, -5.67258e-05, 0, -2.01758e-06, 0, -3.10719e-05, 0, -7.52467e-06, 0, -4.59634e-07, 0, -3.4148e-05, 0, -0.00052664, 0, -0.000142108, 0, -1.45778e-05, 0, -4.59634e-07, 0, -0.00052664, 0, -0.00807416, 0, -0.00159233, 0, -0.000107797, 0, -1.45778e-05, 0, -0.000107797, 0, -0.000142108, 0, -0.00159233, 0, -0.00021277, 0, -0.00159233, 0, -0.000142108, 0, -0.00212214, 0, -0.0124565, 0, -1.45778e-05, 0, -0.000107797, 0, -0.00159233, 0, -0.00807416, 0, -0.00052664, 0, -0.00885434, 0, -0.135227, 0, -0.0124565, 0, -4.59634e-07, 0, -1.45778e-05, 0, -0.000142108, 0, -0.00052664, 0, -3.4148e-05, 0, -0.000574737, 0, -0.00885434, 0, -0.00212214, 0, -0.000107797, 0, -7.52467e-06, 0, -0.000142108, 0, -0.000618005, 0, -0.000953573, 0, -6.02973e-05, 0, -0.000982237, 0, -0.0155005, 0, -0.00951814, 0, -0.00159233, 0, -5.67258e-05, 0, -0.000142108, 0, -0.00212214, 0, -0.00951814, 0, -0.0150607, 0, -0.000953573, 0, -0.0155005, 0, -0.244156, 0, -0.143665, 0, -0.0124565, 0, -0.00159233, 0, -0.00021277, 0, -0.000618005, 0, -0.00951814, 0, -0.00416286, 0, -0.00951814, 0, -0.000618005, 0, -0.00951814, 0, -0.143665, 0, -0.0244785, 0, -0.143665, 0, -0.00951814, 0, -0.00416286, 0, -0.0244785, 0, -0.000953573, 0, -0.0150607, 0, -0.00951814, 0, -0.00212214, 0, -0.000142108, 0, -0.00159233, 0, -0.0124565, 0, -0.143665, 0, -0.244156, 0, -0.0155005, 0, -0.0171514, 0, -0.261981, 0, -0.0244785, 0, -6.02973e-05, 0, -0.000953573, 0, -0.000618005, 0, -0.000142108, 0, -7.52467e-06, 0, -5.67258e-05, 0, -0.00159233, 0, -0.00951814, 0, -0.0155005, 0, -0.000982237, 0, -0.00111305, 0, -0.0171514, 0, -0.00416286, 0, -0.00021277, 0, -6.11951e-05, 0, -0.000987806, 0, -0.000953573, 0, -0.00052664, 0, -3.10719e-05, 0, -0.000475241, 0, -0.00807416, 0, -0.0150607, 0, -0.0159501, 0, -0.000989475, 0, -0.000982237, 0, -0.0155005, 0, -0.00951814, 0, -0.00159233, 0, -5.67258e-05, 0, -0.000987806, 0, -0.0159501, 0, -0.0155005, 0, -0.00885434, 0, -0.00052664, 0, -0.00807416, 0, -0.135227, 0, -0.244156, 0, -0.257171, 0, -0.0159501, 0, -0.0155005, 0, -0.244156, 0, -0.143665, 0, -0.0124565, 0, -0.00159233, 0, -0.000107797, 0, -0.000953573, 0, -0.0155005, 0, -0.0171514, 0, -0.0155005, 0, -0.000953573, 0, -0.0150607, 0, -0.244156, 0, -0.261981, 0, -0.244156, 0, -0.0150607, 0, -0.00951814, 0, -0.143665, 0, -0.0244785, 0, -0.143665, 0, -0.00951814, 0, -0.00212214, 0, -0.0124565, 0, -0.00052664, 0, -0.00885434, 0, -0.0155005, 0, -0.0159501, 0, -0.000987806, 0, -0.0159501, 0, -0.257171, 0, -0.244156, 0, -0.135227, 0, -0.00807416, 0, -0.00159233, 0, -0.0124565, 0, -0.143665, 0, -0.244156, 0, -0.0155005, 0, -0.00885434, 0, -0.135227, 0, -0.0124565, 0, -3.10719e-05, 0, -0.00052664, 0, -0.000953573, 0, -0.000987806, 0, -6.11951e-05, 0, -0.000989475, 0, -0.0159501, 0, -0.0150607, 0, -0.00807416, 0, -0.000475241, 0, -5.67258e-05, 0, -0.00159233, 0, -0.00951814, 0, -0.0155005, 0, -0.000982237, 0, -0.000574737, 0, -0.00885434, 0, -0.00212214, 0, -0.000107797, 0, -2.01758e-06, 0, -3.4148e-05, 0, -6.02973e-05, 0, -6.11951e-05, 0, -3.78614e-06, 0, -6.11951e-05, 0, -0.000987806, 0, -0.000953573, 0, -0.00052664, 0, -3.10719e-05, 0, -7.52467e-06, 0, -0.000142108, 0, -0.000618005, 0, -0.000953573, 0, -6.02973e-05, 0, -3.4148e-05, 0, -0.00052664, 0, -0.000142108, 0, -1.45778e-05, 0, -4.59634e-07, 0, -3.4148e-05, 0, -0.000574737, 0, -0.000982237, 0, -0.000989475, 0, -6.11951e-05, 0, -0.000987806, 0, -0.0159501, 0, -0.0155005, 0, -0.00885434, 0, -0.00052664, 0, -0.000142108, 0, -0.00212214, 0, -0.00951814, 0, -0.0150607, 0, -0.000953573, 0, -0.00052664, 0, -0.00807416, 0, -0.00159233, 0, -0.000107797, 0, -1.45778e-05, 0, -4.59634e-07, 0, -6.02973e-05, 0, -0.000982237, 0, -0.00111305, 0, -0.000982237, 0, -6.02973e-05, 0, -0.000953573, 0, -0.0155005, 0, -0.0171514, 0, -0.0155005, 0, -0.000953573, 0, -0.000618005, 0, -0.00951814, 0, -0.00416286, 0, -0.00951814, 0, -0.000618005, 0, -0.000142108, 0, -0.00159233, 0, -0.00021277, 0, -0.00159233, 0, -0.000142108, 0, -7.52467e-06, 0, -5.67258e-05, 0, -6.11951e-05, 0, -0.000989475, 0, -0.000982237, 0, -0.000574737, 0, -3.4148e-05, 0, -0.00052664, 0, -0.00885434, 0, -0.0155005, 0, -0.0159501, 0, -0.000987806, 0, -0.000953573, 0, -0.0150607, 0, -0.00951814, 0, -0.00212214, 0, -0.000142108, 0, -1.45778e-05, 0, -0.000107797, 0, -0.00159233, 0, -0.00807416, 0, -0.00052664, 0, -3.10719e-05, 0, -0.000475241, 0, -5.67258e-05, 0, -3.78614e-06, 0, -6.11951e-05, 0, -6.02973e-05, 0, -3.4148e-05, 0, -2.01758e-06, 0, -3.10719e-05, 0, -0.00052664, 0, -0.000953573, 0, -0.000987806, 0, -6.11951e-05, 0, -6.02973e-05, 0, -0.000953573, 0, -0.000618005, 0, -0.000142108, 0, -7.52467e-06, 0, -4.59634e-07, 0, -1.45778e-05, 0, -0.000142108, 0, -0.00052664, 0, -3.4148e-05, 0, -2.01758e-06, 0, -3.10719e-05, 0, -7.52467e-06, 0, -4.59634e-07, 0, ]
USE_ENERGY_DISTANCE =     false
PERIODIC =                false
UNIFORM_SITES =           true
DEVICE_DIMENSION =        2
MAX_PARAM =               1
MIN_PARAM =               0
MIN_PARAM =               0
DIAG =                    true
NUM_SEEDS =               2
NUMBER_OF_BANGS =               7
DISTANCE_LIMIT =          0.02
TAU_SCALAR =              1.2
TAU_SCALAR_TINY =         1.1
TAU_SCALAR_BIG =          1.4
ACCEPTANCE_PROB =         0.85
TEMP_EXP_DECAY =          0.8
MIN_TEMP_FRACTION =       0.01
TEMP_DECAY_ITERATIONS =   21
ZERO_TEMP_ITREATIONS =    15
RANDOM_STATES =           3
END_PARAMETERS
##############################################################################
clock_duration  =         6701.5
tau =                     1
total_steps =             32
time_step =               0.03125
best_mc_result =          0.00592641
best_mc_result_non_secondary =          0.00824393
evolved_target_dot_squared =  0.994074
distance =          1
j_protocol =  [[0, 0, 0, 0, 0, 1, 0, 1, 0, 0, 1, 0, 1, 0, 0, 0, 0, 1, 1, 0, 0, 0, 0, 0, 0, 0, 0, 0, 0, 1, 1, 1, ],[0, 0, 0, 0, 0, 0, 0, 0, 1, 1, 1, 1, 0, 0, 0, 0, 0, 0, 0, 0, 0, 0, 1, 1, 0, 0, 0, 0, 0, 0, 1, 1, ],]
k_protocol =  [[1, 1, 1, 1, 1, 1, 1, 1, 1, 1, 1, 1, 1, 1, 1, 1, 1, 1, 1, 1, 1, 1, 1, 1, 1, 1, 1, 1, 1, 1, 1, 1, ],[1, 1, 1, 1, 1, 1, 1, 1, 1, 1, 1, 1, 1, 1, 1, 1, 1, 1, 1, 1, 1, 1, 1, 1, 1, 1, 1, 1, 1, 1, 1, 1, ],]
j_protocol_secondary =  [0.178923, 0.178923, 0.233973, 0.251894, 0.294784, 0.352058, 0.352058, 0.426068, 0.553767, 0.574012, 0.896575, 0.951906, 0.951906, 1, ]
k_protocol_secondary =  [0, 0.00364799, 0.00364799, 0.0729759, 0.0729759, 0.156623, 0.156623, 0.352306, 0.352306, 0.69305, 0.69305, 0.727813, 0.727813, 0.993193, ]
best_evolved_state = [0.000123357, -0.000193767, -0.000464473, -0.000152988, 0.00169371, 0.00116427, 0.000217653, -0.000154831, 0.000590184, -0.000946462, 0.00169371, 0.00116427, 3.55644e-05, 1.65664e-05, 0.000217653, -0.000154831, -0.000464473, -0.000152988, 0.000123357, -0.000193767, 0.000131646, -8.80847e-05, 0.000682873, -0.00106751, -0.000661589, -0.000336834, -0.000320162, -0.000696436, 0.000123357, -0.000193767, 0.000682873, -0.00106751, 0.00702319, -0.00762135, 0.000344205, -0.00317306, -0.000484791, 0.001303, -0.000320162, -0.000696436, -0.000484791, 0.001303, -0.000661589, -0.000336834, 0.000344205, -0.00317306, -0.00123726, 0.00259753, 0.000344205, -0.00317306, -0.000661589, -0.000336834, 0.000634511, -0.00579572, 0.0140516, -0.0105227, -0.000320162, -0.000696436, -0.000484791, 0.001303, 0.000344205, -0.00317306, 0.00702319, -0.00762135, 0.000682873, -0.00106751, 0.00721093, -0.00941832, 0.104253, -0.0895953, 0.0140516, -0.0105227, 0.000123357, -0.000193767, -0.000320162, -0.000696436, -0.000661589, -0.000336834, 0.000682873, -0.00106751, 0.000131646, -8.80847e-05, 0.000692281, -0.00100691, 0.00721093, -0.00941832, 0.000634511, -0.00579572, -0.000484791, 0.001303, -0.000464473, -0.000152988, -0.000661589, -0.000336834, 0.00100894, -0.00229186, 0.00148759, -0.000756372, 9.10234e-05, -6.3798e-06, 0.00132963, -0.000851554, 0.0154825, -0.0132426, 0.00627193, -0.0143455, 0.000344205, -0.00317306, 0.00169371, 0.00116427, -0.000661589, -0.000336834, 0.000634511, -0.00579572, 0.00627193, -0.0143455, 0.0160597, -0.0122042, 0.00148759, -0.000756372, 0.0154825, -0.0132426, 0.189551, -0.151053, 0.109404, -0.104636, 0.0140516, -0.0105227, 0.000344205, -0.00317306, -0.00123726, 0.00259753, 0.00100894, -0.00229186, 0.00627193, -0.0143455, 0.00206849, -0.00984845, 0.00627193, -0.0143455, 0.00100894, -0.00229186, 0.00627193, -0.0143455, 0.109404, -0.104636, 0.0288859, -0.0195868, 0.109404, -0.104636, 0.00627193, -0.0143455, 0.00206849, -0.00984845, 0.0288859, -0.0195868, 0.00148759, -0.000756372, 0.0160597, -0.0122042, 0.00627193, -0.0143455, 0.000634511, -0.00579572, -0.000661589, -0.000336834, 0.000344205, -0.00317306, 0.0140516, -0.0105227, 0.109404, -0.104636, 0.189551, -0.151053, 0.0154825, -0.0132426, 0.0133791, -0.0165949, 0.195232, -0.15555, 0.0288859, -0.0195868, 9.10234e-05, -6.3798e-06, 0.00148759, -0.000756372, 0.00100894, -0.00229186, -0.000661589, -0.000336834, -0.000464473, -0.000152988, 0.00169371, 0.00116427, 0.000344205, -0.00317306, 0.00627193, -0.0143455, 0.0154825, -0.0132426, 0.00132963, -0.000851554, 0.00129183, -0.00183837, 0.0133791, -0.0165949, 0.00206849, -0.00984845, -0.00123726, 0.00259753, 6.30664e-05, -6.63441e-05, 0.000999672, -0.000752902, 0.00148759, -0.000756372, 0.000682873, -0.00106751, 0.000217653, -0.000154831, 0.000590184, -0.000946462, 0.00702319, -0.00762135, 0.0160597, -0.0122042, 0.014312, -0.0106521, 0.000969979, -0.000774091, 0.00132963, -0.000851554, 0.0154825, -0.0132426, 0.00627193, -0.0143455, 0.000344205, -0.00317306, 0.00169371, 0.00116427, 0.000999672, -0.000752902, 0.014312, -0.0106521, 0.0154825, -0.0132426, 0.00721093, -0.00941832, 0.000682873, -0.00106751, 0.00702319, -0.00762135, 0.104253, -0.0895953, 0.189551, -0.151053, 0.193241, -0.146917, 0.014312, -0.0106521, 0.0154825, -0.0132426, 0.189551, -0.151053, 0.109404, -0.104636, 0.0140516, -0.0105227, 0.000344205, -0.00317306, -0.000484791, 0.001303, 0.00148759, -0.000756372, 0.0154825, -0.0132426, 0.0133791, -0.0165949, 0.0154825, -0.0132426, 0.00148759, -0.000756372, 0.0160597, -0.0122042, 0.189551, -0.151053, 0.195232, -0.15555, 0.189551, -0.151053, 0.0160597, -0.0122042, 0.00627193, -0.0143455, 0.109404, -0.104636, 0.0288859, -0.0195868, 0.109404, -0.104636, 0.00627193, -0.0143455, 0.000634511, -0.00579572, 0.0140516, -0.0105227, 0.000682873, -0.00106751, 0.00721093, -0.00941832, 0.0154825, -0.0132426, 0.014312, -0.0106521, 0.000999672, -0.000752902, 0.014312, -0.0106521, 0.193241, -0.146917, 0.189551, -0.151053, 0.104253, -0.0895953, 0.00702319, -0.00762135, 0.000344205, -0.00317306, 0.0140516, -0.0105227, 0.109404, -0.104636, 0.189551, -0.151053, 0.0154825, -0.0132426, 0.00721093, -0.00941832, 0.104253, -0.0895953, 0.0140516, -0.0105227, 0.000217653, -0.000154831, 0.000682873, -0.00106751, 0.00148759, -0.000756372, 0.000999672, -0.000752902, 6.30664e-05, -6.63441e-05, 0.000969979, -0.000774091, 0.014312, -0.0106521, 0.0160597, -0.0122042, 0.00702319, -0.00762135, 0.000590184, -0.000946462, 0.00169371, 0.00116427, 0.000344205, -0.00317306, 0.00627193, -0.0143455, 0.0154825, -0.0132426, 0.00132963, -0.000851554, 0.000692281, -0.00100691, 0.00721093, -0.00941832, 0.000634511, -0.00579572, -0.000484791, 0.001303, 3.55644e-05, 1.65664e-05, 0.000131646, -8.80847e-05, 9.10234e-05, -6.3798e-06, 6.30664e-05, -6.63441e-05, 5.43988e-06, -7.19876e-06, 6.30664e-05, -6.63441e-05, 0.000999672, -0.000752902, 0.00148759, -0.000756372, 0.000682873, -0.00106751, 0.000217653, -0.000154831, -0.000464473, -0.000152988, -0.000661589, -0.000336834, 0.00100894, -0.00229186, 0.00148759, -0.000756372, 9.10234e-05, -6.3798e-06, 0.000131646, -8.80847e-05, 0.000682873, -0.00106751, -0.000661589, -0.000336834, -0.000320162, -0.000696436, 0.000123357, -0.000193767, 0.000131646, -8.80847e-05, 0.000692281, -0.00100691, 0.00132963, -0.000851554, 0.000969979, -0.000774091, 6.30664e-05, -6.63441e-05, 0.000999672, -0.000752902, 0.014312, -0.0106521, 0.0154825, -0.0132426, 0.00721093, -0.00941832, 0.000682873, -0.00106751, -0.000661589, -0.000336834, 0.000634511, -0.00579572, 0.00627193, -0.0143455, 0.0160597, -0.0122042, 0.00148759, -0.000756372, 0.000682873, -0.00106751, 0.00702319, -0.00762135, 0.000344205, -0.00317306, -0.000484791, 0.001303, -0.000320162, -0.000696436, 0.000123357, -0.000193767, 9.10234e-05, -6.3798e-06, 0.00132963, -0.000851554, 0.00129183, -0.00183837, 0.00132963, -0.000851554, 9.10234e-05, -6.3798e-06, 0.00148759, -0.000756372, 0.0154825, -0.0132426, 0.0133791, -0.0165949, 0.0154825, -0.0132426, 0.00148759, -0.000756372, 0.00100894, -0.00229186, 0.00627193, -0.0143455, 0.00206849, -0.00984845, 0.00627193, -0.0143455, 0.00100894, -0.00229186, -0.000661589, -0.000336834, 0.000344205, -0.00317306, -0.00123726, 0.00259753, 0.000344205, -0.00317306, -0.000661589, -0.000336834, -0.000464473, -0.000152988, 0.00169371, 0.00116427, 6.30664e-05, -6.63441e-05, 0.000969979, -0.000774091, 0.00132963, -0.000851554, 0.000692281, -0.00100691, 0.000131646, -8.80847e-05, 0.000682873, -0.00106751, 0.00721093, -0.00941832, 0.0154825, -0.0132426, 0.014312, -0.0106521, 0.000999672, -0.000752902, 0.00148759, -0.000756372, 0.0160597, -0.0122042, 0.00627193, -0.0143455, 0.000634511, -0.00579572, -0.000661589, -0.000336834, -0.000320162, -0.000696436, -0.000484791, 0.001303, 0.000344205, -0.00317306, 0.00702319, -0.00762135, 0.000682873, -0.00106751, 0.000217653, -0.000154831, 0.000590184, -0.000946462, 0.00169371, 0.00116427, 5.43988e-06, -7.19876e-06, 6.30664e-05, -6.63441e-05, 9.10234e-05, -6.3798e-06, 0.000131646, -8.80847e-05, 3.55644e-05, 1.65664e-05, 0.000217653, -0.000154831, 0.000682873, -0.00106751, 0.00148759, -0.000756372, 0.000999672, -0.000752902, 6.30664e-05, -6.63441e-05, 9.10234e-05, -6.3798e-06, 0.00148759, -0.000756372, 0.00100894, -0.00229186, -0.000661589, -0.000336834, -0.000464473, -0.000152988, 0.000123357, -0.000193767, -0.000320162, -0.000696436, -0.000661589, -0.000336834, 0.000682873, -0.00106751, 0.000131646, -8.80847e-05, 3.55644e-05, 1.65664e-05, 0.000217653, -0.000154831, -0.000464473, -0.000152988, 0.000123357, -0.000193767, ]
best_mc_result_fixed_tau =   [0.00824393, 0.00883113, ]
evolved_state_fixed_tau =   [[4.38651e-05, -0.000124249, -0.000276, -8.81091e-05, 0.00114106, 0.000341118, 0.000137115, -0.000152901, 0.000538167, -0.000984172, 0.00114106, 0.000341118, 2.59736e-05, 2.01569e-06, 0.000137115, -0.000152901, -0.000276, -8.81091e-05, 4.38651e-05, -0.000124249, 9.03201e-05, -0.000109706, 0.000569597, -0.00116628, -0.000436763, -0.000631908, -0.000289643, -0.000461668, 4.38651e-05, -0.000124249, 0.000569597, -0.00116628, 0.00655188, -0.00930812, -0.000233177, -0.00420748, -6.09206e-05, 0.000352756, -0.000289643, -0.000461668, -6.09206e-05, 0.000352756, -0.000436763, -0.000631908, -0.000233177, -0.00420748, -0.000265049, 0.000792509, -0.000233177, -0.00420748, -0.000436763, -0.000631908, -0.000105049, -0.00677042, 0.0174948, -0.0106833, -0.000289643, -0.000461668, -6.09206e-05, 0.000352756, -0.000233177, -0.00420748, 0.00655188, -0.00930812, 0.000569597, -0.00116628, 0.00651943, -0.0114008, 0.0941696, -0.100448, 0.0174948, -0.0106833, 4.38651e-05, -0.000124249, -0.000289643, -0.000461668, -0.000436763, -0.000631908, 0.000569597, -0.00116628, 9.03201e-05, -0.000109706, 0.000547092, -0.00120633, 0.00651943, -0.0114008, -0.000105049, -0.00677042, -6.09206e-05, 0.000352756, -0.000276, -8.81091e-05, -0.000436763, -0.000631908, 0.000780723, -0.00218004, 0.00120347, -0.00126189, 7.68074e-05, -7.57156e-05, 0.00107142, -0.0013714, 0.0133798, -0.0165813, 0.00623928, -0.0158928, -0.000233177, -0.00420748, 0.00114106, 0.000341118, -0.000436763, -0.000631908, -0.000105049, -0.00677042, 0.00623928, -0.0158928, 0.0138573, -0.0153484, 0.00120347, -0.00126189, 0.0133798, -0.0165813, 0.170812, -0.168655, 0.100039, -0.116009, 0.0174948, -0.0106833, -0.000233177, -0.00420748, -0.000265049, 0.000792509, 0.000780723, -0.00218004, 0.00623928, -0.0158928, 0.000570061, -0.011861, 0.00623928, -0.0158928, 0.000780723, -0.00218004, 0.00623928, -0.0158928, 0.100039, -0.116009, 0.0348909, -0.0194577, 0.100039, -0.116009, 0.00623928, -0.0158928, 0.000570061, -0.011861, 0.0348909, -0.0194577, 0.00120347, -0.00126189, 0.0138573, -0.0153484, 0.00623928, -0.0158928, -0.000105049, -0.00677042, -0.000436763, -0.000631908, -0.000233177, -0.00420748, 0.0174948, -0.0106833, 0.100039, -0.116009, 0.170812, -0.168655, 0.0133798, -0.0165813, 0.0122205, -0.0202754, 0.176425, -0.176741, 0.0348909, -0.0194577, 7.68074e-05, -7.57156e-05, 0.00120347, -0.00126189, 0.000780723, -0.00218004, -0.000436763, -0.000631908, -0.000276, -8.81091e-05, 0.00114106, 0.000341118, -0.000233177, -0.00420748, 0.00623928, -0.0158928, 0.0133798, -0.0165813, 0.00107142, -0.0013714, 0.00103444, -0.00219224, 0.0122205, -0.0202754, 0.000570061, -0.011861, -0.000265049, 0.000792509, 5.3022e-05, -0.000110149, 0.00087426, -0.00121904, 0.00120347, -0.00126189, 0.000569597, -0.00116628, 0.000137115, -0.000152901, 0.000538167, -0.000984172, 0.00655188, -0.00930812, 0.0138573, -0.0153484, 0.0126532, -0.0145273, 0.000843647, -0.00124005, 0.00107142, -0.0013714, 0.0133798, -0.0165813, 0.00623928, -0.0158928, -0.000233177, -0.00420748, 0.00114106, 0.000341118, 0.00087426, -0.00121904, 0.0126532, -0.0145273, 0.0133798, -0.0165813, 0.00651943, -0.0114008, 0.000569597, -0.00116628, 0.00655188, -0.00930812, 0.0941696, -0.100448, 0.170812, -0.168655, 0.173501, -0.167903, 0.0126532, -0.0145273, 0.0133798, -0.0165813, 0.170812, -0.168655, 0.100039, -0.116009, 0.0174948, -0.0106833, -0.000233177, -0.00420748, -6.09206e-05, 0.000352756, 0.00120347, -0.00126189, 0.0133798, -0.0165813, 0.0122205, -0.0202754, 0.0133798, -0.0165813, 0.00120347, -0.00126189, 0.0138573, -0.0153484, 0.170812, -0.168655, 0.176425, -0.176741, 0.170812, -0.168655, 0.0138573, -0.0153484, 0.00623928, -0.0158928, 0.100039, -0.116009, 0.0348909, -0.0194577, 0.100039, -0.116009, 0.00623928, -0.0158928, -0.000105049, -0.00677042, 0.0174948, -0.0106833, 0.000569597, -0.00116628, 0.00651943, -0.0114008, 0.0133798, -0.0165813, 0.0126532, -0.0145273, 0.00087426, -0.00121904, 0.0126532, -0.0145273, 0.173501, -0.167903, 0.170812, -0.168655, 0.0941696, -0.100448, 0.00655188, -0.00930812, -0.000233177, -0.00420748, 0.0174948, -0.0106833, 0.100039, -0.116009, 0.170812, -0.168655, 0.0133798, -0.0165813, 0.00651943, -0.0114008, 0.0941696, -0.100448, 0.0174948, -0.0106833, 0.000137115, -0.000152901, 0.000569597, -0.00116628, 0.00120347, -0.00126189, 0.00087426, -0.00121904, 5.3022e-05, -0.000110149, 0.000843647, -0.00124005, 0.0126532, -0.0145273, 0.0138573, -0.0153484, 0.00655188, -0.00930812, 0.000538167, -0.000984172, 0.00114106, 0.000341118, -0.000233177, -0.00420748, 0.00623928, -0.0158928, 0.0133798, -0.0165813, 0.00107142, -0.0013714, 0.000547092, -0.00120633, 0.00651943, -0.0114008, -0.000105049, -0.00677042, -6.09206e-05, 0.000352756, 2.59736e-05, 2.01569e-06, 9.03201e-05, -0.000109706, 7.68074e-05, -7.57156e-05, 5.3022e-05, -0.000110149, 3.86607e-06, -1.09174e-05, 5.3022e-05, -0.000110149, 0.00087426, -0.00121904, 0.00120347, -0.00126189, 0.000569597, -0.00116628, 0.000137115, -0.000152901, -0.000276, -8.81091e-05, -0.000436763, -0.000631908, 0.000780723, -0.00218004, 0.00120347, -0.00126189, 7.68074e-05, -7.57156e-05, 9.03201e-05, -0.000109706, 0.000569597, -0.00116628, -0.000436763, -0.000631908, -0.000289643, -0.000461668, 4.38651e-05, -0.000124249, 9.03201e-05, -0.000109706, 0.000547092, -0.00120633, 0.00107142, -0.0013714, 0.000843647, -0.00124005, 5.3022e-05, -0.000110149, 0.00087426, -0.00121904, 0.0126532, -0.0145273, 0.0133798, -0.0165813, 0.00651943, -0.0114008, 0.000569597, -0.00116628, -0.000436763, -0.000631908, -0.000105049, -0.00677042, 0.00623928, -0.0158928, 0.0138573, -0.0153484, 0.00120347, -0.00126189, 0.000569597, -0.00116628, 0.00655188, -0.00930812, -0.000233177, -0.00420748, -6.09206e-05, 0.000352756, -0.000289643, -0.000461668, 4.38651e-05, -0.000124249, 7.68074e-05, -7.57156e-05, 0.00107142, -0.0013714, 0.00103444, -0.00219224, 0.00107142, -0.0013714, 7.68074e-05, -7.57156e-05, 0.00120347, -0.00126189, 0.0133798, -0.0165813, 0.0122205, -0.0202754, 0.0133798, -0.0165813, 0.00120347, -0.00126189, 0.000780723, -0.00218004, 0.00623928, -0.0158928, 0.000570061, -0.011861, 0.00623928, -0.0158928, 0.000780723, -0.00218004, -0.000436763, -0.000631908, -0.000233177, -0.00420748, -0.000265049, 0.000792509, -0.000233177, -0.00420748, -0.000436763, -0.000631908, -0.000276, -8.81091e-05, 0.00114106, 0.000341118, 5.3022e-05, -0.000110149, 0.000843647, -0.00124005, 0.00107142, -0.0013714, 0.000547092, -0.00120633, 9.03201e-05, -0.000109706, 0.000569597, -0.00116628, 0.00651943, -0.0114008, 0.0133798, -0.0165813, 0.0126532, -0.0145273, 0.00087426, -0.00121904, 0.00120347, -0.00126189, 0.0138573, -0.0153484, 0.00623928, -0.0158928, -0.000105049, -0.00677042, -0.000436763, -0.000631908, -0.000289643, -0.000461668, -6.09206e-05, 0.000352756, -0.000233177, -0.00420748, 0.00655188, -0.00930812, 0.000569597, -0.00116628, 0.000137115, -0.000152901, 0.000538167, -0.000984172, 0.00114106, 0.000341118, 3.86607e-06, -1.09174e-05, 5.3022e-05, -0.000110149, 7.68074e-05, -7.57156e-05, 9.03201e-05, -0.000109706, 2.59736e-05, 2.01569e-06, 0.000137115, -0.000152901, 0.000569597, -0.00116628, 0.00120347, -0.00126189, 0.00087426, -0.00121904, 5.3022e-05, -0.000110149, 7.68074e-05, -7.57156e-05, 0.00120347, -0.00126189, 0.000780723, -0.00218004, -0.000436763, -0.000631908, -0.000276, -8.81091e-05, 4.38651e-05, -0.000124249, -0.000289643, -0.000461668, -0.000436763, -0.000631908, 0.000569597, -0.00116628, 9.03201e-05, -0.000109706, 2.59736e-05, 2.01569e-06, 0.000137115, -0.000152901, -0.000276, -8.81091e-05, 4.38651e-05, -0.000124249, ],[4.38651e-05, -0.000124249, -0.000276, -8.81091e-05, 0.00114106, 0.000341118, 0.000137115, -0.000152901, 0.000538167, -0.000984172, 0.00114106, 0.000341118, 2.59736e-05, 2.01569e-06, 0.000137115, -0.000152901, -0.000276, -8.81091e-05, 4.38651e-05, -0.000124249, 9.03201e-05, -0.000109706, 0.000569597, -0.00116628, -0.000436763, -0.000631908, -0.000289643, -0.000461668, 4.38651e-05, -0.000124249, 0.000569597, -0.00116628, 0.00655188, -0.00930812, -0.000233177, -0.00420748, -6.09206e-05, 0.000352756, -0.000289643, -0.000461668, -6.09206e-05, 0.000352756, -0.000436763, -0.000631908, -0.000233177, -0.00420748, -0.000265049, 0.000792509, -0.000233177, -0.00420748, -0.000436763, -0.000631908, -0.000105049, -0.00677042, 0.0174948, -0.0106833, -0.000289643, -0.000461668, -6.09206e-05, 0.000352756, -0.000233177, -0.00420748, 0.00655188, -0.00930812, 0.000569597, -0.00116628, 0.00651943, -0.0114008, 0.0941696, -0.100448, 0.0174948, -0.0106833, 4.38651e-05, -0.000124249, -0.000289643, -0.000461668, -0.000436763, -0.000631908, 0.000569597, -0.00116628, 9.03201e-05, -0.000109706, 0.000547092, -0.00120633, 0.00651943, -0.0114008, -0.000105049, -0.00677042, -6.09206e-05, 0.000352756, -0.000276, -8.81091e-05, -0.000436763, -0.000631908, 0.000780723, -0.00218004, 0.00120347, -0.00126189, 7.68074e-05, -7.57156e-05, 0.00107142, -0.0013714, 0.0133798, -0.0165813, 0.00623928, -0.0158928, -0.000233177, -0.00420748, 0.00114106, 0.000341118, -0.000436763, -0.000631908, -0.000105049, -0.00677042, 0.00623928, -0.0158928, 0.0138573, -0.0153484, 0.00120347, -0.00126189, 0.0133798, -0.0165813, 0.170812, -0.168655, 0.100039, -0.116009, 0.0174948, -0.0106833, -0.000233177, -0.00420748, -0.000265049, 0.000792509, 0.000780723, -0.00218004, 0.00623928, -0.0158928, 0.000570061, -0.011861, 0.00623928, -0.0158928, 0.000780723, -0.00218004, 0.00623928, -0.0158928, 0.100039, -0.116009, 0.0348909, -0.0194577, 0.100039, -0.116009, 0.00623928, -0.0158928, 0.000570061, -0.011861, 0.0348909, -0.0194577, 0.00120347, -0.00126189, 0.0138573, -0.0153484, 0.00623928, -0.0158928, -0.000105049, -0.00677042, -0.000436763, -0.000631908, -0.000233177, -0.00420748, 0.0174948, -0.0106833, 0.100039, -0.116009, 0.170812, -0.168655, 0.0133798, -0.0165813, 0.0122205, -0.0202754, 0.176425, -0.176741, 0.0348909, -0.0194577, 7.68074e-05, -7.57156e-05, 0.00120347, -0.00126189, 0.000780723, -0.00218004, -0.000436763, -0.000631908, -0.000276, -8.81091e-05, 0.00114106, 0.000341118, -0.000233177, -0.00420748, 0.00623928, -0.0158928, 0.0133798, -0.0165813, 0.00107142, -0.0013714, 0.00103444, -0.00219224, 0.0122205, -0.0202754, 0.000570061, -0.011861, -0.000265049, 0.000792509, 5.3022e-05, -0.000110149, 0.00087426, -0.00121904, 0.00120347, -0.00126189, 0.000569597, -0.00116628, 0.000137115, -0.000152901, 0.000538167, -0.000984172, 0.00655188, -0.00930812, 0.0138573, -0.0153484, 0.0126532, -0.0145273, 0.000843647, -0.00124005, 0.00107142, -0.0013714, 0.0133798, -0.0165813, 0.00623928, -0.0158928, -0.000233177, -0.00420748, 0.00114106, 0.000341118, 0.00087426, -0.00121904, 0.0126532, -0.0145273, 0.0133798, -0.0165813, 0.00651943, -0.0114008, 0.000569597, -0.00116628, 0.00655188, -0.00930812, 0.0941696, -0.100448, 0.170812, -0.168655, 0.173501, -0.167903, 0.0126532, -0.0145273, 0.0133798, -0.0165813, 0.170812, -0.168655, 0.100039, -0.116009, 0.0174948, -0.0106833, -0.000233177, -0.00420748, -6.09206e-05, 0.000352756, 0.00120347, -0.00126189, 0.0133798, -0.0165813, 0.0122205, -0.0202754, 0.0133798, -0.0165813, 0.00120347, -0.00126189, 0.0138573, -0.0153484, 0.170812, -0.168655, 0.176425, -0.176741, 0.170812, -0.168655, 0.0138573, -0.0153484, 0.00623928, -0.0158928, 0.100039, -0.116009, 0.0348909, -0.0194577, 0.100039, -0.116009, 0.00623928, -0.0158928, -0.000105049, -0.00677042, 0.0174948, -0.0106833, 0.000569597, -0.00116628, 0.00651943, -0.0114008, 0.0133798, -0.0165813, 0.0126532, -0.0145273, 0.00087426, -0.00121904, 0.0126532, -0.0145273, 0.173501, -0.167903, 0.170812, -0.168655, 0.0941696, -0.100448, 0.00655188, -0.00930812, -0.000233177, -0.00420748, 0.0174948, -0.0106833, 0.100039, -0.116009, 0.170812, -0.168655, 0.0133798, -0.0165813, 0.00651943, -0.0114008, 0.0941696, -0.100448, 0.0174948, -0.0106833, 0.000137115, -0.000152901, 0.000569597, -0.00116628, 0.00120347, -0.00126189, 0.00087426, -0.00121904, 5.3022e-05, -0.000110149, 0.000843647, -0.00124005, 0.0126532, -0.0145273, 0.0138573, -0.0153484, 0.00655188, -0.00930812, 0.000538167, -0.000984172, 0.00114106, 0.000341118, -0.000233177, -0.00420748, 0.00623928, -0.0158928, 0.0133798, -0.0165813, 0.00107142, -0.0013714, 0.000547092, -0.00120633, 0.00651943, -0.0114008, -0.000105049, -0.00677042, -6.09206e-05, 0.000352756, 2.59736e-05, 2.01569e-06, 9.03201e-05, -0.000109706, 7.68074e-05, -7.57156e-05, 5.3022e-05, -0.000110149, 3.86607e-06, -1.09174e-05, 5.3022e-05, -0.000110149, 0.00087426, -0.00121904, 0.00120347, -0.00126189, 0.000569597, -0.00116628, 0.000137115, -0.000152901, -0.000276, -8.81091e-05, -0.000436763, -0.000631908, 0.000780723, -0.00218004, 0.00120347, -0.00126189, 7.68074e-05, -7.57156e-05, 9.03201e-05, -0.000109706, 0.000569597, -0.00116628, -0.000436763, -0.000631908, -0.000289643, -0.000461668, 4.38651e-05, -0.000124249, 9.03201e-05, -0.000109706, 0.000547092, -0.00120633, 0.00107142, -0.0013714, 0.000843647, -0.00124005, 5.3022e-05, -0.000110149, 0.00087426, -0.00121904, 0.0126532, -0.0145273, 0.0133798, -0.0165813, 0.00651943, -0.0114008, 0.000569597, -0.00116628, -0.000436763, -0.000631908, -0.000105049, -0.00677042, 0.00623928, -0.0158928, 0.0138573, -0.0153484, 0.00120347, -0.00126189, 0.000569597, -0.00116628, 0.00655188, -0.00930812, -0.000233177, -0.00420748, -6.09206e-05, 0.000352756, -0.000289643, -0.000461668, 4.38651e-05, -0.000124249, 7.68074e-05, -7.57156e-05, 0.00107142, -0.0013714, 0.00103444, -0.00219224, 0.00107142, -0.0013714, 7.68074e-05, -7.57156e-05, 0.00120347, -0.00126189, 0.0133798, -0.0165813, 0.0122205, -0.0202754, 0.0133798, -0.0165813, 0.00120347, -0.00126189, 0.000780723, -0.00218004, 0.00623928, -0.0158928, 0.000570061, -0.011861, 0.00623928, -0.0158928, 0.000780723, -0.00218004, -0.000436763, -0.000631908, -0.000233177, -0.00420748, -0.000265049, 0.000792509, -0.000233177, -0.00420748, -0.000436763, -0.000631908, -0.000276, -8.81091e-05, 0.00114106, 0.000341118, 5.3022e-05, -0.000110149, 0.000843647, -0.00124005, 0.00107142, -0.0013714, 0.000547092, -0.00120633, 9.03201e-05, -0.000109706, 0.000569597, -0.00116628, 0.00651943, -0.0114008, 0.0133798, -0.0165813, 0.0126532, -0.0145273, 0.00087426, -0.00121904, 0.00120347, -0.00126189, 0.0138573, -0.0153484, 0.00623928, -0.0158928, -0.000105049, -0.00677042, -0.000436763, -0.000631908, -0.000289643, -0.000461668, -6.09206e-05, 0.000352756, -0.000233177, -0.00420748, 0.00655188, -0.00930812, 0.000569597, -0.00116628, 0.000137115, -0.000152901, 0.000538167, -0.000984172, 0.00114106, 0.000341118, 3.86607e-06, -1.09174e-05, 5.3022e-05, -0.000110149, 7.68074e-05, -7.57156e-05, 9.03201e-05, -0.000109706, 2.59736e-05, 2.01569e-06, 0.000137115, -0.000152901, 0.000569597, -0.00116628, 0.00120347, -0.00126189, 0.00087426, -0.00121904, 5.3022e-05, -0.000110149, 7.68074e-05, -7.57156e-05, 0.00120347, -0.00126189, 0.000780723, -0.00218004, -0.000436763, -0.000631908, -0.000276, -8.81091e-05, 4.38651e-05, -0.000124249, -0.000289643, -0.000461668, -0.000436763, -0.000631908, 0.000569597, -0.00116628, 9.03201e-05, -0.000109706, 2.59736e-05, 2.01569e-06, 0.000137115, -0.000152901, -0.000276, -8.81091e-05, 4.38651e-05, -0.000124249, ],]
