START_PARAMETERS
MAX_STEPS_MCDB =               32
MIN_STEPS_MCDB =               4
STEPS_CRUNCH_MCDB =            1
SWEEPS_MCDB =                  100
TOTAL_STEP_CHANGES =                  6
MCBB_SECONDARY =                  1
SWEEPS_MCBB_SECONDARY =                  250
NUMBER_OF_BANGS =                  7
GROUND_E =                11.4011
INITIAL_E =               12.0316
j_initial =               0.68
k_initial =               0.062
b_initial =               0
j_target =                0.138
k_target =                0.5
b_target =                0
init_target_dot_squared = 0.524849
init_state = [-0.00732524, 0, -0.0151875, 0, -0.018964, 0, -0.0169357, 0, -0.0263675, 0, -0.018964, 0, -0.010262, 0, -0.0169357, 0, -0.0151875, 0, -0.00732524, 0, -0.019849, 0, -0.0332545, 0, -0.0314436, 0, -0.0193319, 0, -0.00732524, 0, -0.0332545, 0, -0.0538082, 0, -0.0472, 0, -0.0270026, 0, -0.0193319, 0, -0.0270026, 0, -0.0314436, 0, -0.0472, 0, -0.0381834, 0, -0.0472, 0, -0.0314436, 0, -0.055597, 0, -0.0696421, 0, -0.0193319, 0, -0.0270026, 0, -0.0472, 0, -0.0538082, 0, -0.0332545, 0, -0.0615988, 0, -0.0963067, 0, -0.0696421, 0, -0.00732524, 0, -0.0193319, 0, -0.0314436, 0, -0.0332545, 0, -0.019849, 0, -0.0371828, 0, -0.0615988, 0, -0.055597, 0, -0.0270026, 0, -0.0151875, 0, -0.0314436, 0, -0.0433847, 0, -0.0426422, 0, -0.0247269, 0, -0.0450559, 0, -0.0761583, 0, -0.0735182, 0, -0.0472, 0, -0.018964, 0, -0.0314436, 0, -0.055597, 0, -0.0735182, 0, -0.0727389, 0, -0.0426422, 0, -0.0761583, 0, -0.125045, 0, -0.113785, 0, -0.0696421, 0, -0.0472, 0, -0.0381834, 0, -0.0433847, 0, -0.0735182, 0, -0.0779789, 0, -0.0735182, 0, -0.0433847, 0, -0.0735182, 0, -0.113785, 0, -0.0981679, 0, -0.113785, 0, -0.0735182, 0, -0.0779789, 0, -0.0981679, 0, -0.0426422, 0, -0.0727389, 0, -0.0735182, 0, -0.055597, 0, -0.0314436, 0, -0.0472, 0, -0.0696421, 0, -0.113785, 0, -0.125045, 0, -0.0761583, 0, -0.0859578, 0, -0.134855, 0, -0.0981679, 0, -0.0247269, 0, -0.0426422, 0, -0.0433847, 0, -0.0314436, 0, -0.0151875, 0, -0.018964, 0, -0.0472, 0, -0.0735182, 0, -0.0761583, 0, -0.0450559, 0, -0.0517515, 0, -0.0859578, 0, -0.0779789, 0, -0.0381834, 0, -0.0225723, 0, -0.0398924, 0, -0.0426422, 0, -0.0332545, 0, -0.0169357, 0, -0.0263675, 0, -0.0538082, 0, -0.0727389, 0, -0.070508, 0, -0.0406019, 0, -0.0450559, 0, -0.0761583, 0, -0.0735182, 0, -0.0472, 0, -0.018964, 0, -0.0398924, 0, -0.070508, 0, -0.0761583, 0, -0.0615988, 0, -0.0332545, 0, -0.0538082, 0, -0.0963067, 0, -0.125045, 0, -0.121467, 0, -0.070508, 0, -0.0761583, 0, -0.125045, 0, -0.113785, 0, -0.0696421, 0, -0.0472, 0, -0.0270026, 0, -0.0426422, 0, -0.0761583, 0, -0.0859578, 0, -0.0761583, 0, -0.0426422, 0, -0.0727389, 0, -0.125045, 0, -0.134855, 0, -0.125045, 0, -0.0727389, 0, -0.0735182, 0, -0.113785, 0, -0.0981679, 0, -0.113785, 0, -0.0735182, 0, -0.055597, 0, -0.0696421, 0, -0.0332545, 0, -0.0615988, 0, -0.0761583, 0, -0.070508, 0, -0.0398924, 0, -0.070508, 0, -0.121467, 0, -0.125045, 0, -0.0963067, 0, -0.0538082, 0, -0.0472, 0, -0.0696421, 0, -0.113785, 0, -0.125045, 0, -0.0761583, 0, -0.0615988, 0, -0.0963067, 0, -0.0696421, 0, -0.0169357, 0, -0.0332545, 0, -0.0426422, 0, -0.0398924, 0, -0.0225723, 0, -0.0406019, 0, -0.070508, 0, -0.0727389, 0, -0.0538082, 0, -0.0263675, 0, -0.018964, 0, -0.0472, 0, -0.0735182, 0, -0.0761583, 0, -0.0450559, 0, -0.0371828, 0, -0.0615988, 0, -0.055597, 0, -0.0270026, 0, -0.010262, 0, -0.019849, 0, -0.0247269, 0, -0.0225723, 0, -0.0125942, 0, -0.0225723, 0, -0.0398924, 0, -0.0426422, 0, -0.0332545, 0, -0.0169357, 0, -0.0151875, 0, -0.0314436, 0, -0.0433847, 0, -0.0426422, 0, -0.0247269, 0, -0.019849, 0, -0.0332545, 0, -0.0314436, 0, -0.0193319, 0, -0.00732524, 0, -0.019849, 0, -0.0371828, 0, -0.0450559, 0, -0.0406019, 0, -0.0225723, 0, -0.0398924, 0, -0.070508, 0, -0.0761583, 0, -0.0615988, 0, -0.0332545, 0, -0.0314436, 0, -0.055597, 0, -0.0735182, 0, -0.0727389, 0, -0.0426422, 0, -0.0332545, 0, -0.0538082, 0, -0.0472, 0, -0.0270026, 0, -0.0193319, 0, -0.00732524, 0, -0.0247269, 0, -0.0450559, 0, -0.0517515, 0, -0.0450559, 0, -0.0247269, 0, -0.0426422, 0, -0.0761583, 0, -0.0859578, 0, -0.0761583, 0, -0.0426422, 0, -0.0433847, 0, -0.0735182, 0, -0.0779789, 0, -0.0735182, 0, -0.0433847, 0, -0.0314436, 0, -0.0472, 0, -0.0381834, 0, -0.0472, 0, -0.0314436, 0, -0.0151875, 0, -0.018964, 0, -0.0225723, 0, -0.0406019, 0, -0.0450559, 0, -0.0371828, 0, -0.019849, 0, -0.0332545, 0, -0.0615988, 0, -0.0761583, 0, -0.070508, 0, -0.0398924, 0, -0.0426422, 0, -0.0727389, 0, -0.0735182, 0, -0.055597, 0, -0.0314436, 0, -0.0193319, 0, -0.0270026, 0, -0.0472, 0, -0.0538082, 0, -0.0332545, 0, -0.0169357, 0, -0.0263675, 0, -0.018964, 0, -0.0125942, 0, -0.0225723, 0, -0.0247269, 0, -0.019849, 0, -0.010262, 0, -0.0169357, 0, -0.0332545, 0, -0.0426422, 0, -0.0398924, 0, -0.0225723, 0, -0.0247269, 0, -0.0426422, 0, -0.0433847, 0, -0.0314436, 0, -0.0151875, 0, -0.00732524, 0, -0.0193319, 0, -0.0314436, 0, -0.0332545, 0, -0.019849, 0, -0.010262, 0, -0.0169357, 0, -0.0151875, 0, -0.00732524, 0, ]
target_state = [1.11539e-05, 0, 9.65022e-05, 0, 0.000383342, 0, 0.000227089, 0, 0.00171324, 0, 0.000383342, 0, 2.94663e-05, 0, 0.000227089, 0, 9.65022e-05, 0, 1.11539e-05, 0, 0.000263899, 0, 0.00204152, 0, 0.000947549, 0, 0.000178015, 0, 1.11539e-05, 0, 0.00204152, 0, 0.015522, 0, 0.00548264, 0, 0.000717541, 0, 0.000178015, 0, 0.000717541, 0, 0.000947549, 0, 0.00548264, 0, 0.00138096, 0, 0.00548264, 0, 0.000947549, 0, 0.00739146, 0, 0.0240628, 0, 0.000178015, 0, 0.000717541, 0, 0.00548264, 0, 0.015522, 0, 0.00204152, 0, 0.0179457, 0, 0.134767, 0, 0.0240628, 0, 1.11539e-05, 0, 0.000178015, 0, 0.000947549, 0, 0.00204152, 0, 0.000263899, 0, 0.00232896, 0, 0.0179457, 0, 0.00739146, 0, 0.000717541, 0, 9.65022e-05, 0, 0.000947549, 0, 0.00265471, 0, 0.00354091, 0, 0.000440779, 0, 0.00372058, 0, 0.0296768, 0, 0.0205091, 0, 0.00548264, 0, 0.000383342, 0, 0.000947549, 0, 0.00739146, 0, 0.0205091, 0, 0.0283138, 0, 0.00354091, 0, 0.0296768, 0, 0.234905, 0, 0.150021, 0, 0.0240628, 0, 0.00548264, 0, 0.00138096, 0, 0.00265471, 0, 0.0205091, 0, 0.0140835, 0, 0.0205091, 0, 0.00265471, 0, 0.0205091, 0, 0.150021, 0, 0.04606, 0, 0.150021, 0, 0.0205091, 0, 0.0140835, 0, 0.04606, 0, 0.00354091, 0, 0.0283138, 0, 0.0205091, 0, 0.00739146, 0, 0.000947549, 0, 0.00548264, 0, 0.0240628, 0, 0.150021, 0, 0.234905, 0, 0.0296768, 0, 0.0336971, 0, 0.253264, 0, 0.04606, 0, 0.000440779, 0, 0.00354091, 0, 0.00265471, 0, 0.000947549, 0, 9.65022e-05, 0, 0.000383342, 0, 0.00548264, 0, 0.0205091, 0, 0.0296768, 0, 0.00372058, 0, 0.00436882, 0, 0.0336971, 0, 0.0140835, 0, 0.00138096, 0, 0.00042879, 0, 0.00355703, 0, 0.00354091, 0, 0.00204152, 0, 0.000227089, 0, 0.00171324, 0, 0.015522, 0, 0.0283138, 0, 0.0295245, 0, 0.00357611, 0, 0.00372058, 0, 0.0296768, 0, 0.0205091, 0, 0.00548264, 0, 0.000383342, 0, 0.00355703, 0, 0.0295245, 0, 0.0296768, 0, 0.0179457, 0, 0.00204152, 0, 0.015522, 0, 0.134767, 0, 0.234905, 0, 0.24372, 0, 0.0295245, 0, 0.0296768, 0, 0.234905, 0, 0.150021, 0, 0.0240628, 0, 0.00548264, 0, 0.000717541, 0, 0.00354091, 0, 0.0296768, 0, 0.0336971, 0, 0.0296768, 0, 0.00354091, 0, 0.0283138, 0, 0.234905, 0, 0.253264, 0, 0.234905, 0, 0.0283138, 0, 0.0205091, 0, 0.150021, 0, 0.04606, 0, 0.150021, 0, 0.0205091, 0, 0.00739146, 0, 0.0240628, 0, 0.00204152, 0, 0.0179457, 0, 0.0296768, 0, 0.0295245, 0, 0.00355703, 0, 0.0295245, 0, 0.24372, 0, 0.234905, 0, 0.134767, 0, 0.015522, 0, 0.00548264, 0, 0.0240628, 0, 0.150021, 0, 0.234905, 0, 0.0296768, 0, 0.0179457, 0, 0.134767, 0, 0.0240628, 0, 0.000227089, 0, 0.00204152, 0, 0.00354091, 0, 0.00355703, 0, 0.00042879, 0, 0.00357611, 0, 0.0295245, 0, 0.0283138, 0, 0.015522, 0, 0.00171324, 0, 0.000383342, 0, 0.00548264, 0, 0.0205091, 0, 0.0296768, 0, 0.00372058, 0, 0.00232896, 0, 0.0179457, 0, 0.00739146, 0, 0.000717541, 0, 2.94663e-05, 0, 0.000263899, 0, 0.000440779, 0, 0.00042879, 0, 5.14671e-05, 0, 0.00042879, 0, 0.00355703, 0, 0.00354091, 0, 0.00204152, 0, 0.000227089, 0, 9.65022e-05, 0, 0.000947549, 0, 0.00265471, 0, 0.00354091, 0, 0.000440779, 0, 0.000263899, 0, 0.00204152, 0, 0.000947549, 0, 0.000178015, 0, 1.11539e-05, 0, 0.000263899, 0, 0.00232896, 0, 0.00372058, 0, 0.00357611, 0, 0.00042879, 0, 0.00355703, 0, 0.0295245, 0, 0.0296768, 0, 0.0179457, 0, 0.00204152, 0, 0.000947549, 0, 0.00739146, 0, 0.0205091, 0, 0.0283138, 0, 0.00354091, 0, 0.00204152, 0, 0.015522, 0, 0.00548264, 0, 0.000717541, 0, 0.000178015, 0, 1.11539e-05, 0, 0.000440779, 0, 0.00372058, 0, 0.00436882, 0, 0.00372058, 0, 0.000440779, 0, 0.00354091, 0, 0.0296768, 0, 0.0336971, 0, 0.0296768, 0, 0.00354091, 0, 0.00265471, 0, 0.0205091, 0, 0.0140835, 0, 0.0205091, 0, 0.00265471, 0, 0.000947549, 0, 0.00548264, 0, 0.00138096, 0, 0.00548264, 0, 0.000947549, 0, 9.65022e-05, 0, 0.000383342, 0, 0.00042879, 0, 0.00357611, 0, 0.00372058, 0, 0.00232896, 0, 0.000263899, 0, 0.00204152, 0, 0.0179457, 0, 0.0296768, 0, 0.0295245, 0, 0.00355703, 0, 0.00354091, 0, 0.0283138, 0, 0.0205091, 0, 0.00739146, 0, 0.000947549, 0, 0.000178015, 0, 0.000717541, 0, 0.00548264, 0, 0.015522, 0, 0.00204152, 0, 0.000227089, 0, 0.00171324, 0, 0.000383342, 0, 5.14671e-05, 0, 0.00042879, 0, 0.000440779, 0, 0.000263899, 0, 2.94663e-05, 0, 0.000227089, 0, 0.00204152, 0, 0.00354091, 0, 0.00355703, 0, 0.00042879, 0, 0.000440779, 0, 0.00354091, 0, 0.00265471, 0, 0.000947549, 0, 9.65022e-05, 0, 1.11539e-05, 0, 0.000178015, 0, 0.000947549, 0, 0.00204152, 0, 0.000263899, 0, 2.94663e-05, 0, 0.000227089, 0, 9.65022e-05, 0, 1.11539e-05, 0, ]
USE_ENERGY_DISTANCE =     false
PERIODIC =                false
UNIFORM_SITES =           true
DEVICE_DIMENSION =        2
MAX_PARAM =               1
MIN_PARAM =               0
MIN_PARAM =               0
DIAG =                    true
NUM_SEEDS =               2
NUMBER_OF_BANGS =               7
DISTANCE_LIMIT =          0.02
TAU_SCALAR =              1.2
TAU_SCALAR_TINY =         1.1
TAU_SCALAR_BIG =          1.4
ACCEPTANCE_PROB =         0.85
TEMP_EXP_DECAY =          0.8
MIN_TEMP_FRACTION =       0.01
TEMP_DECAY_ITERATIONS =   21
ZERO_TEMP_ITREATIONS =    15
RANDOM_STATES =           3
END_PARAMETERS
##############################################################################
clock_duration  =         6040.18
tau =                     1
total_steps =             32
time_step =               0.03125
best_mc_result =          0.0565801
best_mc_result_non_secondary =          0.0576138
evolved_target_dot_squared =  0.94342
distance =          1
j_protocol =  [[1, 1, 1, 1, 1, 1, 1, 1, 1, 1, 1, 1, 1, 1, 1, 1, 1, 1, 1, 1, 1, 1, 1, 1, 1, 1, 0, 1, 1, 1, 1, 1, ],[1, 1, 1, 1, 1, 1, 1, 1, 1, 1, 1, 1, 1, 1, 1, 1, 1, 1, 1, 1, 1, 1, 1, 1, 1, 0, 0, 1, 1, 1, 1, 1, ],]
k_protocol =  [[1, 1, 1, 1, 0, 1, 1, 1, 1, 1, 1, 1, 1, 1, 1, 1, 1, 1, 1, 0, 1, 1, 1, 1, 1, 1, 1, 1, 1, 1, 1, 0, ],[1, 1, 1, 1, 1, 1, 0, 1, 1, 1, 1, 1, 1, 1, 1, 1, 1, 1, 1, 0, 1, 1, 1, 1, 1, 1, 1, 1, 1, 1, 1, 0, ],]
j_protocol_secondary =  [0.00772209, 0.0900461, 0.0900461, 0.371914, 0.371914, 0.418889, 0.418889, 0.810429, 0.853941, 0.881273, 0.881273, 0.981007, 0.981007, 1, ]
k_protocol_secondary =  [0, 0.119336, 0.119336, 0.12086, 0.12086, 0.136282, 0.165088, 0.207984, 0.207984, 0.588702, 0.60695, 0.842163, 0.842163, 0.980316, ]
best_evolved_state = [0.00213606, 0.00118424, -0.000174714, -0.0019647, -0.00353699, 0.00166854, -0.00138743, 0.00348735, -0.0046592, 0.00135958, -0.00353699, 0.00166854, -0.00298036, 0.00225577, -0.00138743, 0.00348735, -0.000174714, -0.0019647, 0.00213606, 0.00118424, 0.00135005, -0.00271054, -0.00261814, -0.00659226, -0.005803, 0.00199565, -0.000775769, -0.000621116, 0.00213606, 0.00118424, -0.00261814, -0.00659226, -0.0103808, -0.0185682, -0.01033, -0.00106051, -0.00371063, 0.00199385, -0.000775769, -0.000621116, -0.00371063, 0.00199385, -0.005803, 0.00199565, -0.01033, -0.00106051, -0.00905669, -0.000847958, -0.01033, -0.00106051, -0.005803, 0.00199565, -0.0139637, 0.00515564, -0.00745794, -0.0402694, -0.000775769, -0.000621116, -0.00371063, 0.00199385, -0.01033, -0.00106051, -0.0103808, -0.0185682, -0.00261814, -0.00659226, -0.0149346, -0.0163948, -0.0510902, -0.118471, -0.00745794, -0.0402694, 0.00213606, 0.00118424, -0.000775769, -0.000621116, -0.005803, 0.00199565, -0.00261814, -0.00659226, 0.00135005, -0.00271054, -0.00349969, -0.00750378, -0.0149346, -0.0163948, -0.0139637, 0.00515564, -0.00371063, 0.00199385, -0.000174714, -0.0019647, -0.005803, 0.00199565, -0.00272807, -0.00258804, -0.0071, -0.00329443, -0.00449448, -0.0029222, 0.000784258, -0.00771998, -0.00345073, -0.0301524, -0.0167186, -0.0164513, -0.01033, -0.00106051, -0.00353699, 0.00166854, -0.005803, 0.00199565, -0.0139637, 0.00515564, -0.0167186, -0.0164513, -0.0110509, -0.0232495, -0.0071, -0.00329443, -0.00345073, -0.0301524, -0.00613247, -0.213188, -0.00479433, -0.166721, -0.00745794, -0.0402694, -0.01033, -0.00106051, -0.00905669, -0.000847958, -0.00272807, -0.00258804, -0.0167186, -0.0164513, -0.0286957, -0.00879875, -0.0167186, -0.0164513, -0.00272807, -0.00258804, -0.0167186, -0.0164513, -0.00479433, -0.166721, 0.0141243, -0.0945821, -0.00479433, -0.166721, -0.0167186, -0.0164513, -0.0286957, -0.00879875, 0.0141243, -0.0945821, -0.0071, -0.00329443, -0.0110509, -0.0232495, -0.0167186, -0.0164513, -0.0139637, 0.00515564, -0.005803, 0.00199565, -0.01033, -0.00106051, -0.00745794, -0.0402694, -0.00479433, -0.166721, -0.00613247, -0.213188, -0.00345073, -0.0301524, -0.00399039, -0.0462009, 0.0238323, -0.261008, 0.0141243, -0.0945821, -0.00449448, -0.0029222, -0.0071, -0.00329443, -0.00272807, -0.00258804, -0.005803, 0.00199565, -0.000174714, -0.0019647, -0.00353699, 0.00166854, -0.01033, -0.00106051, -0.0167186, -0.0164513, -0.00345073, -0.0301524, 0.000784258, -0.00771998, 0.00520109, -0.0162691, -0.00399039, -0.0462009, -0.0286957, -0.00879875, -0.00905669, -0.000847958, 0.00687878, -0.00600166, 0.00397506, -0.0157437, -0.0071, -0.00329443, -0.00261814, -0.00659226, -0.00138743, 0.00348735, -0.0046592, 0.00135958, -0.0103808, -0.0185682, -0.0110509, -0.0232495, 0.00398129, -0.0399122, 0.0086331, -0.0131431, 0.000784258, -0.00771998, -0.00345073, -0.0301524, -0.0167186, -0.0164513, -0.01033, -0.00106051, -0.00353699, 0.00166854, 0.00397506, -0.0157437, 0.00398129, -0.0399122, -0.00345073, -0.0301524, -0.0149346, -0.0163948, -0.00261814, -0.00659226, -0.0103808, -0.0185682, -0.0510902, -0.118471, -0.00613247, -0.213188, -0.0127544, -0.206613, 0.00398129, -0.0399122, -0.00345073, -0.0301524, -0.00613247, -0.213188, -0.00479433, -0.166721, -0.00745794, -0.0402694, -0.01033, -0.00106051, -0.00371063, 0.00199385, -0.0071, -0.00329443, -0.00345073, -0.0301524, -0.00399039, -0.0462009, -0.00345073, -0.0301524, -0.0071, -0.00329443, -0.0110509, -0.0232495, -0.00613247, -0.213188, 0.0238323, -0.261008, -0.00613247, -0.213188, -0.0110509, -0.0232495, -0.0167186, -0.0164513, -0.00479433, -0.166721, 0.0141243, -0.0945821, -0.00479433, -0.166721, -0.0167186, -0.0164513, -0.0139637, 0.00515564, -0.00745794, -0.0402694, -0.00261814, -0.00659226, -0.0149346, -0.0163948, -0.00345073, -0.0301524, 0.00398129, -0.0399122, 0.00397506, -0.0157437, 0.00398129, -0.0399122, -0.0127544, -0.206613, -0.00613247, -0.213188, -0.0510902, -0.118471, -0.0103808, -0.0185682, -0.01033, -0.00106051, -0.00745794, -0.0402694, -0.00479433, -0.166721, -0.00613247, -0.213188, -0.00345073, -0.0301524, -0.0149346, -0.0163948, -0.0510902, -0.118471, -0.00745794, -0.0402694, -0.00138743, 0.00348735, -0.00261814, -0.00659226, -0.0071, -0.00329443, 0.00397506, -0.0157437, 0.00687878, -0.00600166, 0.0086331, -0.0131431, 0.00398129, -0.0399122, -0.0110509, -0.0232495, -0.0103808, -0.0185682, -0.0046592, 0.00135958, -0.00353699, 0.00166854, -0.01033, -0.00106051, -0.0167186, -0.0164513, -0.00345073, -0.0301524, 0.000784258, -0.00771998, -0.00349969, -0.00750378, -0.0149346, -0.0163948, -0.0139637, 0.00515564, -0.00371063, 0.00199385, -0.00298036, 0.00225577, 0.00135005, -0.00271054, -0.00449448, -0.0029222, 0.00687878, -0.00600166, 0.00554576, -0.000106445, 0.00687878, -0.00600166, 0.00397506, -0.0157437, -0.0071, -0.00329443, -0.00261814, -0.00659226, -0.00138743, 0.00348735, -0.000174714, -0.0019647, -0.005803, 0.00199565, -0.00272807, -0.00258804, -0.0071, -0.00329443, -0.00449448, -0.0029222, 0.00135005, -0.00271054, -0.00261814, -0.00659226, -0.005803, 0.00199565, -0.000775769, -0.000621116, 0.00213606, 0.00118424, 0.00135005, -0.00271054, -0.00349969, -0.00750378, 0.000784258, -0.00771998, 0.0086331, -0.0131431, 0.00687878, -0.00600166, 0.00397506, -0.0157437, 0.00398129, -0.0399122, -0.00345073, -0.0301524, -0.0149346, -0.0163948, -0.00261814, -0.00659226, -0.005803, 0.00199565, -0.0139637, 0.00515564, -0.0167186, -0.0164513, -0.0110509, -0.0232495, -0.0071, -0.00329443, -0.00261814, -0.00659226, -0.0103808, -0.0185682, -0.01033, -0.00106051, -0.00371063, 0.00199385, -0.000775769, -0.000621116, 0.00213606, 0.00118424, -0.00449448, -0.0029222, 0.000784258, -0.00771998, 0.00520109, -0.0162691, 0.000784258, -0.00771998, -0.00449448, -0.0029222, -0.0071, -0.00329443, -0.00345073, -0.0301524, -0.00399039, -0.0462009, -0.00345073, -0.0301524, -0.0071, -0.00329443, -0.00272807, -0.00258804, -0.0167186, -0.0164513, -0.0286957, -0.00879875, -0.0167186, -0.0164513, -0.00272807, -0.00258804, -0.005803, 0.00199565, -0.01033, -0.00106051, -0.00905669, -0.000847958, -0.01033, -0.00106051, -0.005803, 0.00199565, -0.000174714, -0.0019647, -0.00353699, 0.00166854, 0.00687878, -0.00600166, 0.0086331, -0.0131431, 0.000784258, -0.00771998, -0.00349969, -0.00750378, 0.00135005, -0.00271054, -0.00261814, -0.00659226, -0.0149346, -0.0163948, -0.00345073, -0.0301524, 0.00398129, -0.0399122, 0.00397506, -0.0157437, -0.0071, -0.00329443, -0.0110509, -0.0232495, -0.0167186, -0.0164513, -0.0139637, 0.00515564, -0.005803, 0.00199565, -0.000775769, -0.000621116, -0.00371063, 0.00199385, -0.01033, -0.00106051, -0.0103808, -0.0185682, -0.00261814, -0.00659226, -0.00138743, 0.00348735, -0.0046592, 0.00135958, -0.00353699, 0.00166854, 0.00554576, -0.000106445, 0.00687878, -0.00600166, -0.00449448, -0.0029222, 0.00135005, -0.00271054, -0.00298036, 0.00225577, -0.00138743, 0.00348735, -0.00261814, -0.00659226, -0.0071, -0.00329443, 0.00397506, -0.0157437, 0.00687878, -0.00600166, -0.00449448, -0.0029222, -0.0071, -0.00329443, -0.00272807, -0.00258804, -0.005803, 0.00199565, -0.000174714, -0.0019647, 0.00213606, 0.00118424, -0.000775769, -0.000621116, -0.005803, 0.00199565, -0.00261814, -0.00659226, 0.00135005, -0.00271054, -0.00298036, 0.00225577, -0.00138743, 0.00348735, -0.000174714, -0.0019647, 0.00213606, 0.00118424, ]
best_mc_result_fixed_tau =   [0.0576138, 0.0580935, ]
evolved_state_fixed_tau =   [[0.000286844, 0.0019878, 0.00107604, -0.00127809, -0.00295375, -0.00160441, -0.00341369, 0.000781699, -0.00409009, -0.00283357, -0.00295375, -0.00160441, -0.00344444, -0.00102191, -0.00341369, 0.000781699, 0.00107604, -0.00127809, 0.000286844, 0.0019878, 0.003156, -0.000937867, 0.00330708, -0.00667851, -0.00500238, -0.00302925, -0.000464509, -0.0012706, 0.000286844, 0.0019878, 0.00330708, -0.00667851, 0.00737533, -0.020947, -0.00523566, -0.00896429, -0.00353352, -0.00106097, -0.000464509, -0.0012706, -0.00353352, -0.00106097, -0.00500238, -0.00302925, -0.00523566, -0.00896429, -0.00476225, -0.0065301, -0.00523566, -0.00896429, -0.00500238, -0.00302925, -0.011762, -0.00695373, 0.0251859, -0.0344136, -0.000464509, -0.0012706, -0.00353352, -0.00106097, -0.00523566, -0.00896429, 0.00737533, -0.020947, 0.00330708, -0.00667851, 0.00278081, -0.0224355, 0.046446, -0.118565, 0.0251859, -0.0344136, 0.000286844, 0.0019878, -0.000464509, -0.0012706, -0.00500238, -0.00302925, 0.00330708, -0.00667851, 0.003156, -0.000937867, 0.00344337, -0.00779919, 0.00278081, -0.0224355, -0.011762, -0.00695373, -0.00353352, -0.00106097, 0.00107604, -0.00127809, -0.00500238, -0.00302925, 4.10288e-06, -0.00418048, -0.00152016, -0.00778528, -0.000403632, -0.00529363, 0.00715179, -0.00471432, 0.021402, -0.0242924, 0.00239558, -0.022993, -0.00523566, -0.00896429, -0.00295375, -0.00160441, -0.00500238, -0.00302925, -0.011762, -0.00695373, 0.00239558, -0.022993, 0.01094, -0.0249692, -0.00152016, -0.00778528, 0.021402, -0.0242924, 0.143041, -0.155001, 0.115299, -0.121683, 0.0251859, -0.0344136, -0.00523566, -0.00896429, -0.00476225, -0.0065301, 4.10288e-06, -0.00418048, 0.00239558, -0.022993, -0.0108865, -0.0265948, 0.00239558, -0.022993, 4.10288e-06, -0.00418048, 0.00239558, -0.022993, 0.115299, -0.121683, 0.0813578, -0.0571225, 0.115299, -0.121683, 0.00239558, -0.022993, -0.0108865, -0.0265948, 0.0813578, -0.0571225, -0.00152016, -0.00778528, 0.01094, -0.0249692, 0.00239558, -0.022993, -0.011762, -0.00695373, -0.00500238, -0.00302925, -0.00523566, -0.00896429, 0.0251859, -0.0344136, 0.115299, -0.121683, 0.143041, -0.155001, 0.021402, -0.0242924, 0.0334372, -0.0352245, 0.198888, -0.170664, 0.0813578, -0.0571225, -0.000403632, -0.00529363, -0.00152016, -0.00778528, 4.10288e-06, -0.00418048, -0.00500238, -0.00302925, 0.00107604, -0.00127809, -0.00295375, -0.00160441, -0.00523566, -0.00896429, 0.00239558, -0.022993, 0.021402, -0.0242924, 0.00715179, -0.00471432, 0.0163995, -0.00721688, 0.0334372, -0.0352245, -0.0108865, -0.0265948, -0.00476225, -0.0065301, 0.00941729, 0.00149045, 0.015082, -0.00769179, -0.00152016, -0.00778528, 0.00330708, -0.00667851, -0.00341369, 0.000781699, -0.00409009, -0.00283357, 0.00737533, -0.020947, 0.01094, -0.0249692, 0.0334021, -0.0257881, 0.0162899, -0.00237027, 0.00715179, -0.00471432, 0.021402, -0.0242924, 0.00239558, -0.022993, -0.00523566, -0.00896429, -0.00295375, -0.00160441, 0.015082, -0.00769179, 0.0334021, -0.0257881, 0.021402, -0.0242924, 0.00278081, -0.0224355, 0.00330708, -0.00667851, 0.00737533, -0.020947, 0.046446, -0.118565, 0.143041, -0.155001, 0.133144, -0.156016, 0.0334021, -0.0257881, 0.021402, -0.0242924, 0.143041, -0.155001, 0.115299, -0.121683, 0.0251859, -0.0344136, -0.00523566, -0.00896429, -0.00353352, -0.00106097, -0.00152016, -0.00778528, 0.021402, -0.0242924, 0.0334372, -0.0352245, 0.021402, -0.0242924, -0.00152016, -0.00778528, 0.01094, -0.0249692, 0.143041, -0.155001, 0.198888, -0.170664, 0.143041, -0.155001, 0.01094, -0.0249692, 0.00239558, -0.022993, 0.115299, -0.121683, 0.0813578, -0.0571225, 0.115299, -0.121683, 0.00239558, -0.022993, -0.011762, -0.00695373, 0.0251859, -0.0344136, 0.00330708, -0.00667851, 0.00278081, -0.0224355, 0.021402, -0.0242924, 0.0334021, -0.0257881, 0.015082, -0.00769179, 0.0334021, -0.0257881, 0.133144, -0.156016, 0.143041, -0.155001, 0.046446, -0.118565, 0.00737533, -0.020947, -0.00523566, -0.00896429, 0.0251859, -0.0344136, 0.115299, -0.121683, 0.143041, -0.155001, 0.021402, -0.0242924, 0.00278081, -0.0224355, 0.046446, -0.118565, 0.0251859, -0.0344136, -0.00341369, 0.000781699, 0.00330708, -0.00667851, -0.00152016, -0.00778528, 0.015082, -0.00769179, 0.00941729, 0.00149045, 0.0162899, -0.00237027, 0.0334021, -0.0257881, 0.01094, -0.0249692, 0.00737533, -0.020947, -0.00409009, -0.00283357, -0.00295375, -0.00160441, -0.00523566, -0.00896429, 0.00239558, -0.022993, 0.021402, -0.0242924, 0.00715179, -0.00471432, 0.00344337, -0.00779919, 0.00278081, -0.0224355, -0.011762, -0.00695373, -0.00353352, -0.00106097, -0.00344444, -0.00102191, 0.003156, -0.000937867, -0.000403632, -0.00529363, 0.00941729, 0.00149045, 0.00374191, 0.00455579, 0.00941729, 0.00149045, 0.015082, -0.00769179, -0.00152016, -0.00778528, 0.00330708, -0.00667851, -0.00341369, 0.000781699, 0.00107604, -0.00127809, -0.00500238, -0.00302925, 4.10288e-06, -0.00418048, -0.00152016, -0.00778528, -0.000403632, -0.00529363, 0.003156, -0.000937867, 0.00330708, -0.00667851, -0.00500238, -0.00302925, -0.000464509, -0.0012706, 0.000286844, 0.0019878, 0.003156, -0.000937867, 0.00344337, -0.00779919, 0.00715179, -0.00471432, 0.0162899, -0.00237027, 0.00941729, 0.00149045, 0.015082, -0.00769179, 0.0334021, -0.0257881, 0.021402, -0.0242924, 0.00278081, -0.0224355, 0.00330708, -0.00667851, -0.00500238, -0.00302925, -0.011762, -0.00695373, 0.00239558, -0.022993, 0.01094, -0.0249692, -0.00152016, -0.00778528, 0.00330708, -0.00667851, 0.00737533, -0.020947, -0.00523566, -0.00896429, -0.00353352, -0.00106097, -0.000464509, -0.0012706, 0.000286844, 0.0019878, -0.000403632, -0.00529363, 0.00715179, -0.00471432, 0.0163995, -0.00721688, 0.00715179, -0.00471432, -0.000403632, -0.00529363, -0.00152016, -0.00778528, 0.021402, -0.0242924, 0.0334372, -0.0352245, 0.021402, -0.0242924, -0.00152016, -0.00778528, 4.10288e-06, -0.00418048, 0.00239558, -0.022993, -0.0108865, -0.0265948, 0.00239558, -0.022993, 4.10288e-06, -0.00418048, -0.00500238, -0.00302925, -0.00523566, -0.00896429, -0.00476225, -0.0065301, -0.00523566, -0.00896429, -0.00500238, -0.00302925, 0.00107604, -0.00127809, -0.00295375, -0.00160441, 0.00941729, 0.00149045, 0.0162899, -0.00237027, 0.00715179, -0.00471432, 0.00344337, -0.00779919, 0.003156, -0.000937867, 0.00330708, -0.00667851, 0.00278081, -0.0224355, 0.021402, -0.0242924, 0.0334021, -0.0257881, 0.015082, -0.00769179, -0.00152016, -0.00778528, 0.01094, -0.0249692, 0.00239558, -0.022993, -0.011762, -0.00695373, -0.00500238, -0.00302925, -0.000464509, -0.0012706, -0.00353352, -0.00106097, -0.00523566, -0.00896429, 0.00737533, -0.020947, 0.00330708, -0.00667851, -0.00341369, 0.000781699, -0.00409009, -0.00283357, -0.00295375, -0.00160441, 0.00374191, 0.00455579, 0.00941729, 0.00149045, -0.000403632, -0.00529363, 0.003156, -0.000937867, -0.00344444, -0.00102191, -0.00341369, 0.000781699, 0.00330708, -0.00667851, -0.00152016, -0.00778528, 0.015082, -0.00769179, 0.00941729, 0.00149045, -0.000403632, -0.00529363, -0.00152016, -0.00778528, 4.10288e-06, -0.00418048, -0.00500238, -0.00302925, 0.00107604, -0.00127809, 0.000286844, 0.0019878, -0.000464509, -0.0012706, -0.00500238, -0.00302925, 0.00330708, -0.00667851, 0.003156, -0.000937867, -0.00344444, -0.00102191, -0.00341369, 0.000781699, 0.00107604, -0.00127809, 0.000286844, 0.0019878, ],[0.000662013, 0.0028522, 0.00134101, -0.00163041, -0.00392708, -0.00114414, -0.00367869, 0.0019158, -0.00457229, -0.0022003, -0.00392708, -0.00114414, -0.00401541, -0.000613934, -0.00367869, 0.0019158, 0.00134101, -0.00163041, 0.000662013, 0.0028522, 0.00265482, -0.000852247, 0.00192892, -0.00679483, -0.00631583, -0.00220805, -8.24428e-05, -0.000606375, 0.000662013, 0.0028522, 0.00192892, -0.00679483, 0.00122287, -0.0219042, -0.00889376, -0.00821072, -0.00437708, -0.00118717, -8.24428e-05, -0.000606375, -0.00437708, -0.00118717, -0.00631583, -0.00220805, -0.00889376, -0.00821072, -0.00639423, -0.00723149, -0.00889376, -0.00821072, -0.00631583, -0.00220805, -0.0157455, -0.00619607, 0.0171098, -0.0355132, -8.24428e-05, -0.000606375, -0.00437708, -0.00118717, -0.00889376, -0.00821072, 0.00122287, -0.0219042, 0.00192892, -0.00679483, -0.00395581, -0.0238027, 0.0273847, -0.128736, 0.0171098, -0.0355132, 0.000662013, 0.0028522, -8.24428e-05, -0.000606375, -0.00631583, -0.00220805, 0.00192892, -0.00679483, 0.00265482, -0.000852247, 0.00167602, -0.00832297, -0.00395581, -0.0238027, -0.0157455, -0.00619607, -0.00437708, -0.00118717, 0.00134101, -0.00163041, -0.00631583, -0.00220805, -0.000654626, -0.00349846, -0.00455735, -0.00750858, -0.00176485, -0.00566822, 0.00442227, -0.00587844, 0.0127014, -0.0282322, -0.00481613, -0.0260968, -0.00889376, -0.00821072, -0.00392708, -0.00114414, -0.00631583, -0.00220805, -0.0157455, -0.00619607, -0.00481613, -0.0260968, 0.00264413, -0.0272107, -0.00455735, -0.00750858, 0.0127014, -0.0282322, 0.11813, -0.177266, 0.0905628, -0.13988, 0.0171098, -0.0355132, -0.00889376, -0.00821072, -0.00639423, -0.00723149, -0.000654626, -0.00349846, -0.00481613, -0.0260968, -0.0185115, -0.0276926, -0.00481613, -0.0260968, -0.000654626, -0.00349846, -0.00481613, -0.0260968, 0.0905628, -0.13988, 0.0648929, -0.0633195, 0.0905628, -0.13988, -0.00481613, -0.0260968, -0.0185115, -0.0276926, 0.0648929, -0.0633195, -0.00455735, -0.00750858, 0.00264413, -0.0272107, -0.00481613, -0.0260968, -0.0157455, -0.00619607, -0.00631583, -0.00220805, -0.00889376, -0.00821072, 0.0171098, -0.0355132, 0.0905628, -0.13988, 0.11813, -0.177266, 0.0127014, -0.0282322, 0.0217916, -0.042595, 0.16706, -0.197296, 0.0648929, -0.0633195, -0.00176485, -0.00566822, -0.00455735, -0.00750858, -0.000654626, -0.00349846, -0.00631583, -0.00220805, 0.00134101, -0.00163041, -0.00392708, -0.00114414, -0.00889376, -0.00821072, -0.00481613, -0.0260968, 0.0127014, -0.0282322, 0.00442227, -0.00587844, 0.0134916, -0.00993524, 0.0217916, -0.042595, -0.0185115, -0.0276926, -0.00639423, -0.00723149, 0.00905636, -9.47065e-05, 0.0124335, -0.0104209, -0.00455735, -0.00750858, 0.00192892, -0.00679483, -0.00367869, 0.0019158, -0.00457229, -0.0022003, 0.00122287, -0.0219042, 0.00264413, -0.0272107, 0.0239004, -0.031231, 0.0141034, -0.00543908, 0.00442227, -0.00587844, 0.0127014, -0.0282322, -0.00481613, -0.0260968, -0.00889376, -0.00821072, -0.00392708, -0.00114414, 0.0124335, -0.0104209, 0.0239004, -0.031231, 0.0127014, -0.0282322, -0.00395581, -0.0238027, 0.00192892, -0.00679483, 0.00122287, -0.0219042, 0.0273847, -0.128736, 0.11813, -0.177266, 0.107856, -0.176502, 0.0239004, -0.031231, 0.0127014, -0.0282322, 0.11813, -0.177266, 0.0905628, -0.13988, 0.0171098, -0.0355132, -0.00889376, -0.00821072, -0.00437708, -0.00118717, -0.00455735, -0.00750858, 0.0127014, -0.0282322, 0.0217916, -0.042595, 0.0127014, -0.0282322, -0.00455735, -0.00750858, 0.00264413, -0.0272107, 0.11813, -0.177266, 0.16706, -0.197296, 0.11813, -0.177266, 0.00264413, -0.0272107, -0.00481613, -0.0260968, 0.0905628, -0.13988, 0.0648929, -0.0633195, 0.0905628, -0.13988, -0.00481613, -0.0260968, -0.0157455, -0.00619607, 0.0171098, -0.0355132, 0.00192892, -0.00679483, -0.00395581, -0.0238027, 0.0127014, -0.0282322, 0.0239004, -0.031231, 0.0124335, -0.0104209, 0.0239004, -0.031231, 0.107856, -0.176502, 0.11813, -0.177266, 0.0273847, -0.128736, 0.00122287, -0.0219042, -0.00889376, -0.00821072, 0.0171098, -0.0355132, 0.0905628, -0.13988, 0.11813, -0.177266, 0.0127014, -0.0282322, -0.00395581, -0.0238027, 0.0273847, -0.128736, 0.0171098, -0.0355132, -0.00367869, 0.0019158, 0.00192892, -0.00679483, -0.00455735, -0.00750858, 0.0124335, -0.0104209, 0.00905636, -9.47065e-05, 0.0141034, -0.00543908, 0.0239004, -0.031231, 0.00264413, -0.0272107, 0.00122287, -0.0219042, -0.00457229, -0.0022003, -0.00392708, -0.00114414, -0.00889376, -0.00821072, -0.00481613, -0.0260968, 0.0127014, -0.0282322, 0.00442227, -0.00587844, 0.00167602, -0.00832297, -0.00395581, -0.0238027, -0.0157455, -0.00619607, -0.00437708, -0.00118717, -0.00401541, -0.000613934, 0.00265482, -0.000852247, -0.00176485, -0.00566822, 0.00905636, -9.47065e-05, 0.00395122, 0.00370611, 0.00905636, -9.47065e-05, 0.0124335, -0.0104209, -0.00455735, -0.00750858, 0.00192892, -0.00679483, -0.00367869, 0.0019158, 0.00134101, -0.00163041, -0.00631583, -0.00220805, -0.000654626, -0.00349846, -0.00455735, -0.00750858, -0.00176485, -0.00566822, 0.00265482, -0.000852247, 0.00192892, -0.00679483, -0.00631583, -0.00220805, -8.24428e-05, -0.000606375, 0.000662013, 0.0028522, 0.00265482, -0.000852247, 0.00167602, -0.00832297, 0.00442227, -0.00587844, 0.0141034, -0.00543908, 0.00905636, -9.47065e-05, 0.0124335, -0.0104209, 0.0239004, -0.031231, 0.0127014, -0.0282322, -0.00395581, -0.0238027, 0.00192892, -0.00679483, -0.00631583, -0.00220805, -0.0157455, -0.00619607, -0.00481613, -0.0260968, 0.00264413, -0.0272107, -0.00455735, -0.00750858, 0.00192892, -0.00679483, 0.00122287, -0.0219042, -0.00889376, -0.00821072, -0.00437708, -0.00118717, -8.24428e-05, -0.000606375, 0.000662013, 0.0028522, -0.00176485, -0.00566822, 0.00442227, -0.00587844, 0.0134916, -0.00993524, 0.00442227, -0.00587844, -0.00176485, -0.00566822, -0.00455735, -0.00750858, 0.0127014, -0.0282322, 0.0217916, -0.042595, 0.0127014, -0.0282322, -0.00455735, -0.00750858, -0.000654626, -0.00349846, -0.00481613, -0.0260968, -0.0185115, -0.0276926, -0.00481613, -0.0260968, -0.000654626, -0.00349846, -0.00631583, -0.00220805, -0.00889376, -0.00821072, -0.00639423, -0.00723149, -0.00889376, -0.00821072, -0.00631583, -0.00220805, 0.00134101, -0.00163041, -0.00392708, -0.00114414, 0.00905636, -9.47065e-05, 0.0141034, -0.00543908, 0.00442227, -0.00587844, 0.00167602, -0.00832297, 0.00265482, -0.000852247, 0.00192892, -0.00679483, -0.00395581, -0.0238027, 0.0127014, -0.0282322, 0.0239004, -0.031231, 0.0124335, -0.0104209, -0.00455735, -0.00750858, 0.00264413, -0.0272107, -0.00481613, -0.0260968, -0.0157455, -0.00619607, -0.00631583, -0.00220805, -8.24428e-05, -0.000606375, -0.00437708, -0.00118717, -0.00889376, -0.00821072, 0.00122287, -0.0219042, 0.00192892, -0.00679483, -0.00367869, 0.0019158, -0.00457229, -0.0022003, -0.00392708, -0.00114414, 0.00395122, 0.00370611, 0.00905636, -9.47065e-05, -0.00176485, -0.00566822, 0.00265482, -0.000852247, -0.00401541, -0.000613934, -0.00367869, 0.0019158, 0.00192892, -0.00679483, -0.00455735, -0.00750858, 0.0124335, -0.0104209, 0.00905636, -9.47065e-05, -0.00176485, -0.00566822, -0.00455735, -0.00750858, -0.000654626, -0.00349846, -0.00631583, -0.00220805, 0.00134101, -0.00163041, 0.000662013, 0.0028522, -8.24428e-05, -0.000606375, -0.00631583, -0.00220805, 0.00192892, -0.00679483, 0.00265482, -0.000852247, -0.00401541, -0.000613934, -0.00367869, 0.0019158, 0.00134101, -0.00163041, 0.000662013, 0.0028522, ],]
