START_PARAMETERS
MAX_STEPS_MCDB =               32
MIN_STEPS_MCDB =               4
STEPS_CRUNCH_MCDB =            1
SWEEPS_MCDB =                  100
TOTAL_STEP_CHANGES =                  6
MCBB_SECONDARY =                  1
SWEEPS_MCBB_SECONDARY =                  250
NUMBER_OF_BANGS =                  7
GROUND_E =                11.8551
INITIAL_E =               12.6318
j_initial =               0.737
k_initial =               0.125
b_initial =               0
j_target =                0.037
k_target =                0.5
b_target =                0
init_target_dot_squared = 0.406865
init_state = [0.00581727, 0, 0.0128599, 0, 0.0165638, 0, 0.0144974, 0, 0.0238988, 0, 0.0165638, 0, 0.00826688, 0, 0.0144974, 0, 0.0128599, 0, 0.00581727, 0, 0.0171397, 0, 0.0305094, 0, 0.0285939, 0, 0.0168192, 0, 0.00581727, 0, 0.0305094, 0, 0.052292, 0, 0.0450098, 0, 0.0242501, 0, 0.0168192, 0, 0.0242501, 0, 0.0285939, 0, 0.0450098, 0, 0.0351767, 0, 0.0450098, 0, 0.0285939, 0, 0.0537244, 0, 0.0689451, 0, 0.0168192, 0, 0.0242501, 0, 0.0450098, 0, 0.052292, 0, 0.0305094, 0, 0.0603944, 0, 0.099716, 0, 0.0689451, 0, 0.00581727, 0, 0.0168192, 0, 0.0285939, 0, 0.0305094, 0, 0.0171397, 0, 0.0343547, 0, 0.0603944, 0, 0.0537244, 0, 0.0242501, 0, 0.0128599, 0, 0.0285939, 0, 0.0405339, 0, 0.0399015, 0, 0.0217313, 0, 0.0422865, 0, 0.0759904, 0, 0.0728768, 0, 0.0450098, 0, 0.0165638, 0, 0.0285939, 0, 0.0537244, 0, 0.0728768, 0, 0.0723715, 0, 0.0399015, 0, 0.0759904, 0, 0.132328, 0, 0.118733, 0, 0.0689451, 0, 0.0450098, 0, 0.0351767, 0, 0.0405339, 0, 0.0728768, 0, 0.0772685, 0, 0.0728768, 0, 0.0405339, 0, 0.0728768, 0, 0.118733, 0, 0.0996865, 0, 0.118733, 0, 0.0728768, 0, 0.0772685, 0, 0.0996865, 0, 0.0399015, 0, 0.0723715, 0, 0.0728768, 0, 0.0537244, 0, 0.0285939, 0, 0.0450098, 0, 0.0689451, 0, 0.118733, 0, 0.132328, 0, 0.0759904, 0, 0.0864058, 0, 0.143161, 0, 0.0996865, 0, 0.0217313, 0, 0.0399015, 0, 0.0405339, 0, 0.0285939, 0, 0.0128599, 0, 0.0165638, 0, 0.0450098, 0, 0.0728768, 0, 0.0759904, 0, 0.0422865, 0, 0.0490226, 0, 0.0864058, 0, 0.0772685, 0, 0.0351767, 0, 0.0197294, 0, 0.0371965, 0, 0.0399015, 0, 0.0305094, 0, 0.0144974, 0, 0.0238988, 0, 0.052292, 0, 0.0723715, 0, 0.0701012, 0, 0.0378803, 0, 0.0422865, 0, 0.0759904, 0, 0.0728768, 0, 0.0450098, 0, 0.0165638, 0, 0.0371965, 0, 0.0701012, 0, 0.0759904, 0, 0.0603944, 0, 0.0305094, 0, 0.052292, 0, 0.099716, 0, 0.132328, 0, 0.128586, 0, 0.0701012, 0, 0.0759904, 0, 0.132328, 0, 0.118733, 0, 0.0689451, 0, 0.0450098, 0, 0.0242501, 0, 0.0399015, 0, 0.0759904, 0, 0.0864058, 0, 0.0759904, 0, 0.0399015, 0, 0.0723715, 0, 0.132328, 0, 0.143161, 0, 0.132328, 0, 0.0723715, 0, 0.0728768, 0, 0.118733, 0, 0.0996865, 0, 0.118733, 0, 0.0728768, 0, 0.0537244, 0, 0.0689451, 0, 0.0305094, 0, 0.0603944, 0, 0.0759904, 0, 0.0701012, 0, 0.0371965, 0, 0.0701012, 0, 0.128586, 0, 0.132328, 0, 0.099716, 0, 0.052292, 0, 0.0450098, 0, 0.0689451, 0, 0.118733, 0, 0.132328, 0, 0.0759904, 0, 0.0603944, 0, 0.099716, 0, 0.0689451, 0, 0.0144974, 0, 0.0305094, 0, 0.0399015, 0, 0.0371965, 0, 0.0197294, 0, 0.0378803, 0, 0.0701012, 0, 0.0723715, 0, 0.052292, 0, 0.0238988, 0, 0.0165638, 0, 0.0450098, 0, 0.0728768, 0, 0.0759904, 0, 0.0422865, 0, 0.0343547, 0, 0.0603944, 0, 0.0537244, 0, 0.0242501, 0, 0.00826688, 0, 0.0171397, 0, 0.0217313, 0, 0.0197294, 0, 0.0103107, 0, 0.0197294, 0, 0.0371965, 0, 0.0399015, 0, 0.0305094, 0, 0.0144974, 0, 0.0128599, 0, 0.0285939, 0, 0.0405339, 0, 0.0399015, 0, 0.0217313, 0, 0.0171397, 0, 0.0305094, 0, 0.0285939, 0, 0.0168192, 0, 0.00581727, 0, 0.0171397, 0, 0.0343547, 0, 0.0422865, 0, 0.0378803, 0, 0.0197294, 0, 0.0371965, 0, 0.0701012, 0, 0.0759904, 0, 0.0603944, 0, 0.0305094, 0, 0.0285939, 0, 0.0537244, 0, 0.0728768, 0, 0.0723715, 0, 0.0399015, 0, 0.0305094, 0, 0.052292, 0, 0.0450098, 0, 0.0242501, 0, 0.0168192, 0, 0.00581727, 0, 0.0217313, 0, 0.0422865, 0, 0.0490226, 0, 0.0422865, 0, 0.0217313, 0, 0.0399015, 0, 0.0759904, 0, 0.0864058, 0, 0.0759904, 0, 0.0399015, 0, 0.0405339, 0, 0.0728768, 0, 0.0772685, 0, 0.0728768, 0, 0.0405339, 0, 0.0285939, 0, 0.0450098, 0, 0.0351767, 0, 0.0450098, 0, 0.0285939, 0, 0.0128599, 0, 0.0165638, 0, 0.0197294, 0, 0.0378803, 0, 0.0422865, 0, 0.0343547, 0, 0.0171397, 0, 0.0305094, 0, 0.0603944, 0, 0.0759904, 0, 0.0701012, 0, 0.0371965, 0, 0.0399015, 0, 0.0723715, 0, 0.0728768, 0, 0.0537244, 0, 0.0285939, 0, 0.0168192, 0, 0.0242501, 0, 0.0450098, 0, 0.052292, 0, 0.0305094, 0, 0.0144974, 0, 0.0238988, 0, 0.0165638, 0, 0.0103107, 0, 0.0197294, 0, 0.0217313, 0, 0.0171397, 0, 0.00826688, 0, 0.0144974, 0, 0.0305094, 0, 0.0399015, 0, 0.0371965, 0, 0.0197294, 0, 0.0217313, 0, 0.0399015, 0, 0.0405339, 0, 0.0285939, 0, 0.0128599, 0, 0.00581727, 0, 0.0168192, 0, 0.0285939, 0, 0.0305094, 0, 0.0171397, 0, 0.00826688, 0, 0.0144974, 0, 0.0128599, 0, 0.00581727, 0, ]
target_state = [-3.12103e-08, 0, -8.75046e-07, 0, -1.13618e-05, 0, -5.99573e-06, 0, -0.000162522, 0, -1.13618e-05, 0, -2.20643e-07, 0, -5.99573e-06, 0, -8.75046e-07, 0, -3.12103e-08, 0, -6.36297e-06, 0, -0.000173001, 0, -2.84939e-05, 0, -1.7324e-06, 0, -3.12103e-08, 0, -0.000173001, 0, -0.00469337, 0, -0.000554702, 0, -2.16886e-05, 0, -1.7324e-06, 0, -2.16886e-05, 0, -2.84939e-05, 0, -0.000554702, 0, -4.31355e-05, 0, -0.000554702, 0, -2.84939e-05, 0, -0.000730598, 0, -0.00718027, 0, -1.7324e-06, 0, -2.16886e-05, 0, -0.000554702, 0, -0.00469337, 0, -0.000173001, 0, -0.00497624, 0, -0.134813, 0, -0.00718027, 0, -3.12103e-08, 0, -1.7324e-06, 0, -2.84939e-05, 0, -0.000173001, 0, -6.36297e-06, 0, -0.000183089, 0, -0.00497624, 0, -0.000730598, 0, -2.16886e-05, 0, -8.75046e-07, 0, -2.84939e-05, 0, -0.000190886, 0, -0.000318438, 0, -1.1523e-05, 0, -0.000324239, 0, -0.00895379, 0, -0.0051859, 0, -0.000554702, 0, -1.13618e-05, 0, -2.84939e-05, 0, -0.000730598, 0, -0.0051859, 0, -0.00879633, 0, -0.000318438, 0, -0.00895379, 0, -0.247122, 0, -0.139794, 0, -0.00718027, 0, -0.000554702, 0, -4.31355e-05, 0, -0.000190886, 0, -0.0051859, 0, -0.00144759, 0, -0.0051859, 0, -0.000190886, 0, -0.0051859, 0, -0.139794, 0, -0.0142366, 0, -0.139794, 0, -0.0051859, 0, -0.00144759, 0, -0.0142366, 0, -0.000318438, 0, -0.00879633, 0, -0.0051859, 0, -0.000730598, 0, -2.84939e-05, 0, -0.000554702, 0, -0.00718027, 0, -0.139794, 0, -0.247122, 0, -0.00895379, 0, -0.00976947, 0, -0.264676, 0, -0.0142366, 0, -1.1523e-05, 0, -0.000318438, 0, -0.000190886, 0, -2.84939e-05, 0, -8.75046e-07, 0, -1.13618e-05, 0, -0.000554702, 0, -0.0051859, 0, -0.00895379, 0, -0.000324239, 0, -0.000359424, 0, -0.00976947, 0, -0.00144759, 0, -4.31355e-05, 0, -1.19452e-05, 0, -0.000334387, 0, -0.000318438, 0, -0.000173001, 0, -5.99573e-06, 0, -0.000162522, 0, -0.00469337, 0, -0.00879633, 0, -0.00936186, 0, -0.000334587, 0, -0.000324239, 0, -0.00895379, 0, -0.0051859, 0, -0.000554702, 0, -1.13618e-05, 0, -0.000334387, 0, -0.00936186, 0, -0.00895379, 0, -0.00497624, 0, -0.000173001, 0, -0.00469337, 0, -0.134813, 0, -0.247122, 0, -0.261978, 0, -0.00936186, 0, -0.00895379, 0, -0.247122, 0, -0.139794, 0, -0.00718027, 0, -0.000554702, 0, -2.16886e-05, 0, -0.000318438, 0, -0.00895379, 0, -0.00976947, 0, -0.00895379, 0, -0.000318438, 0, -0.00879633, 0, -0.247122, 0, -0.264676, 0, -0.247122, 0, -0.00879633, 0, -0.0051859, 0, -0.139794, 0, -0.0142366, 0, -0.139794, 0, -0.0051859, 0, -0.000730598, 0, -0.00718027, 0, -0.000173001, 0, -0.00497624, 0, -0.00895379, 0, -0.00936186, 0, -0.000334387, 0, -0.00936186, 0, -0.261978, 0, -0.247122, 0, -0.134813, 0, -0.00469337, 0, -0.000554702, 0, -0.00718027, 0, -0.139794, 0, -0.247122, 0, -0.00895379, 0, -0.00497624, 0, -0.134813, 0, -0.00718027, 0, -5.99573e-06, 0, -0.000173001, 0, -0.000318438, 0, -0.000334387, 0, -1.19452e-05, 0, -0.000334587, 0, -0.00936186, 0, -0.00879633, 0, -0.00469337, 0, -0.000162522, 0, -1.13618e-05, 0, -0.000554702, 0, -0.0051859, 0, -0.00895379, 0, -0.000324239, 0, -0.000183089, 0, -0.00497624, 0, -0.000730598, 0, -2.16886e-05, 0, -2.20643e-07, 0, -6.36297e-06, 0, -1.1523e-05, 0, -1.19452e-05, 0, -4.26523e-07, 0, -1.19452e-05, 0, -0.000334387, 0, -0.000318438, 0, -0.000173001, 0, -5.99573e-06, 0, -8.75046e-07, 0, -2.84939e-05, 0, -0.000190886, 0, -0.000318438, 0, -1.1523e-05, 0, -6.36297e-06, 0, -0.000173001, 0, -2.84939e-05, 0, -1.7324e-06, 0, -3.12103e-08, 0, -6.36297e-06, 0, -0.000183089, 0, -0.000324239, 0, -0.000334587, 0, -1.19452e-05, 0, -0.000334387, 0, -0.00936186, 0, -0.00895379, 0, -0.00497624, 0, -0.000173001, 0, -2.84939e-05, 0, -0.000730598, 0, -0.0051859, 0, -0.00879633, 0, -0.000318438, 0, -0.000173001, 0, -0.00469337, 0, -0.000554702, 0, -2.16886e-05, 0, -1.7324e-06, 0, -3.12103e-08, 0, -1.1523e-05, 0, -0.000324239, 0, -0.000359424, 0, -0.000324239, 0, -1.1523e-05, 0, -0.000318438, 0, -0.00895379, 0, -0.00976947, 0, -0.00895379, 0, -0.000318438, 0, -0.000190886, 0, -0.0051859, 0, -0.00144759, 0, -0.0051859, 0, -0.000190886, 0, -2.84939e-05, 0, -0.000554702, 0, -4.31355e-05, 0, -0.000554702, 0, -2.84939e-05, 0, -8.75046e-07, 0, -1.13618e-05, 0, -1.19452e-05, 0, -0.000334587, 0, -0.000324239, 0, -0.000183089, 0, -6.36297e-06, 0, -0.000173001, 0, -0.00497624, 0, -0.00895379, 0, -0.00936186, 0, -0.000334387, 0, -0.000318438, 0, -0.00879633, 0, -0.0051859, 0, -0.000730598, 0, -2.84939e-05, 0, -1.7324e-06, 0, -2.16886e-05, 0, -0.000554702, 0, -0.00469337, 0, -0.000173001, 0, -5.99573e-06, 0, -0.000162522, 0, -1.13618e-05, 0, -4.26523e-07, 0, -1.19452e-05, 0, -1.1523e-05, 0, -6.36297e-06, 0, -2.20643e-07, 0, -5.99573e-06, 0, -0.000173001, 0, -0.000318438, 0, -0.000334387, 0, -1.19452e-05, 0, -1.1523e-05, 0, -0.000318438, 0, -0.000190886, 0, -2.84939e-05, 0, -8.75046e-07, 0, -3.12103e-08, 0, -1.7324e-06, 0, -2.84939e-05, 0, -0.000173001, 0, -6.36297e-06, 0, -2.20643e-07, 0, -5.99573e-06, 0, -8.75046e-07, 0, -3.12103e-08, 0, ]
USE_ENERGY_DISTANCE =     false
PERIODIC =                false
UNIFORM_SITES =           true
DEVICE_DIMENSION =        2
MAX_PARAM =               1
MIN_PARAM =               0
MIN_PARAM =               0
DIAG =                    true
NUM_SEEDS =               2
NUMBER_OF_BANGS =               7
DISTANCE_LIMIT =          0.02
TAU_SCALAR =              1.2
TAU_SCALAR_TINY =         1.1
TAU_SCALAR_BIG =          1.4
ACCEPTANCE_PROB =         0.85
TEMP_EXP_DECAY =          0.8
MIN_TEMP_FRACTION =       0.01
TEMP_DECAY_ITERATIONS =   21
ZERO_TEMP_ITREATIONS =    15
RANDOM_STATES =           3
END_PARAMETERS
##############################################################################
clock_duration  =         6148.35
tau =                     1
total_steps =             32
time_step =               0.03125
best_mc_result =          0.0882642
best_mc_result_non_secondary =          0.0897844
evolved_target_dot_squared =  0.911736
distance =          1
j_protocol =  [[0, 1, 1, 1, 1, 1, 1, 0, 1, 1, 1, 0, 1, 1, 0, 1, 1, 1, 1, 1, 1, 1, 1, 0, 0, 0, 1, 1, 1, 1, 1, 1, ],[0, 0, 0, 1, 1, 1, 1, 1, 1, 0, 1, 0, 1, 1, 1, 0, 1, 1, 1, 1, 1, 1, 1, 1, 0, 0, 0, 1, 1, 1, 1, 1, ],]
k_protocol =  [[1, 1, 1, 1, 1, 1, 1, 1, 1, 1, 1, 1, 1, 1, 1, 1, 1, 1, 1, 1, 1, 1, 1, 1, 1, 1, 1, 1, 1, 1, 1, 1, ],[1, 1, 1, 1, 1, 1, 1, 1, 1, 1, 1, 1, 1, 1, 1, 1, 1, 1, 1, 1, 1, 1, 1, 1, 1, 1, 1, 1, 1, 1, 1, 1, ],]
j_protocol_secondary =  [0.0507785, 0.159892, 0.159892, 0.245157, 0.245157, 0.311875, 0.389559, 0.440572, 0.440572, 0.702476, 0.702476, 0.732599, 0.830034, 1, ]
k_protocol_secondary =  [0, 0.148319, 0.148319, 0.399908, 0.399908, 0.495504, 0.495504, 0.615915, 0.615915, 0.685552, 0.685552, 0.710206, 0.710206, 0.993372, ]
best_evolved_state = [-0.00188687, 0.00113214, 0.00196105, 0.00272112, -0.00120526, -0.00426241, -0.00549553, -0.00112119, -0.00855604, -0.00092089, -0.00120526, -0.00426241, -0.00206841, -0.00243107, -0.00549553, -0.00112119, 0.00196105, 0.00272112, -0.00188687, 0.00113214, 0.000165671, 0.000100667, 0.000513897, -0.00176496, -0.00308158, -0.00342331, -0.000736789, 0.00138012, -0.00188687, 0.00113214, 0.000513897, -0.00176496, 0.000782108, -0.0118599, -0.014788, -0.00382776, -0.000767124, -0.000345465, -0.000736789, 0.00138012, -0.000767124, -0.000345465, -0.00308158, -0.00342331, -0.014788, -0.00382776, 0.000670292, -0.00248436, -0.014788, -0.00382776, -0.00308158, -0.00342331, -0.0260134, -0.00374991, 0.0108778, -0.0283719, -0.000736789, 0.00138012, -0.000767124, -0.000345465, -0.014788, -0.00382776, 0.000782108, -0.0118599, 0.000513897, -0.00176496, -0.0047887, -0.0164873, 0.0323308, -0.141688, 0.0108778, -0.0283719, -0.00188687, 0.00113214, -0.000736789, 0.00138012, -0.00308158, -0.00342331, 0.000513897, -0.00176496, 0.000165671, 0.000100667, 0.00188591, -0.00436358, -0.0047887, -0.0164873, -0.0260134, -0.00374991, -0.000767124, -0.000345465, 0.00196105, 0.00272112, -0.00308158, -0.00342331, -0.00678726, 0.00031698, -0.00250562, -0.0110635, 0.00187923, -0.00466656, 0.00263115, -0.00655361, -0.000371802, -0.0216889, -0.014136, -0.0157656, -0.014788, -0.00382776, -0.00120526, -0.00426241, -0.00308158, -0.00342331, -0.0260134, -0.00374991, -0.014136, -0.0157656, -0.00736668, -0.025637, -0.00250562, -0.0110635, -0.000371802, -0.0216889, 0.115844, -0.182894, 0.0838138, -0.1418, 0.0108778, -0.0283719, -0.014788, -0.00382776, 0.000670292, -0.00248436, -0.00678726, 0.00031698, -0.014136, -0.0157656, -0.035699, -0.0307934, -0.014136, -0.0157656, -0.00678726, 0.00031698, -0.014136, -0.0157656, 0.0838138, -0.1418, 0.048457, -0.0475623, 0.0838138, -0.1418, -0.014136, -0.0157656, -0.035699, -0.0307934, 0.048457, -0.0475623, -0.00250562, -0.0110635, -0.00736668, -0.025637, -0.014136, -0.0157656, -0.0260134, -0.00374991, -0.00308158, -0.00342331, -0.014788, -0.00382776, 0.0108778, -0.0283719, 0.0838138, -0.1418, 0.115844, -0.182894, -0.000371802, -0.0216889, 0.0144097, -0.0259298, 0.174927, -0.197112, 0.048457, -0.0475623, 0.00187923, -0.00466656, -0.00250562, -0.0110635, -0.00678726, 0.00031698, -0.00308158, -0.00342331, 0.00196105, 0.00272112, -0.00120526, -0.00426241, -0.014788, -0.00382776, -0.014136, -0.0157656, -0.000371802, -0.0216889, 0.00263115, -0.00655361, 0.00834671, -0.00162055, 0.0144097, -0.0259298, -0.035699, -0.0307934, 0.000670292, -0.00248436, 0.00419368, 0.00288215, 0.0112653, -0.00188366, -0.00250562, -0.0110635, 0.000513897, -0.00176496, -0.00549553, -0.00112119, -0.00855604, -0.00092089, 0.000782108, -0.0118599, -0.00736668, -0.025637, 0.02332, -0.0178728, 0.0108374, 0.001091, 0.00263115, -0.00655361, -0.000371802, -0.0216889, -0.014136, -0.0157656, -0.014788, -0.00382776, -0.00120526, -0.00426241, 0.0112653, -0.00188366, 0.02332, -0.0178728, -0.000371802, -0.0216889, -0.0047887, -0.0164873, 0.000513897, -0.00176496, 0.000782108, -0.0118599, 0.0323308, -0.141688, 0.115844, -0.182894, 0.120134, -0.188577, 0.02332, -0.0178728, -0.000371802, -0.0216889, 0.115844, -0.182894, 0.0838138, -0.1418, 0.0108778, -0.0283719, -0.014788, -0.00382776, -0.000767124, -0.000345465, -0.00250562, -0.0110635, -0.000371802, -0.0216889, 0.0144097, -0.0259298, -0.000371802, -0.0216889, -0.00250562, -0.0110635, -0.00736668, -0.025637, 0.115844, -0.182894, 0.174927, -0.197112, 0.115844, -0.182894, -0.00736668, -0.025637, -0.014136, -0.0157656, 0.0838138, -0.1418, 0.048457, -0.0475623, 0.0838138, -0.1418, -0.014136, -0.0157656, -0.0260134, -0.00374991, 0.0108778, -0.0283719, 0.000513897, -0.00176496, -0.0047887, -0.0164873, -0.000371802, -0.0216889, 0.02332, -0.0178728, 0.0112653, -0.00188366, 0.02332, -0.0178728, 0.120134, -0.188577, 0.115844, -0.182894, 0.0323308, -0.141688, 0.000782108, -0.0118599, -0.014788, -0.00382776, 0.0108778, -0.0283719, 0.0838138, -0.1418, 0.115844, -0.182894, -0.000371802, -0.0216889, -0.0047887, -0.0164873, 0.0323308, -0.141688, 0.0108778, -0.0283719, -0.00549553, -0.00112119, 0.000513897, -0.00176496, -0.00250562, -0.0110635, 0.0112653, -0.00188366, 0.00419368, 0.00288215, 0.0108374, 0.001091, 0.02332, -0.0178728, -0.00736668, -0.025637, 0.000782108, -0.0118599, -0.00855604, -0.00092089, -0.00120526, -0.00426241, -0.014788, -0.00382776, -0.014136, -0.0157656, -0.000371802, -0.0216889, 0.00263115, -0.00655361, 0.00188591, -0.00436358, -0.0047887, -0.0164873, -0.0260134, -0.00374991, -0.000767124, -0.000345465, -0.00206841, -0.00243107, 0.000165671, 0.000100667, 0.00187923, -0.00466656, 0.00419368, 0.00288215, 0.000439937, 0.00227391, 0.00419368, 0.00288215, 0.0112653, -0.00188366, -0.00250562, -0.0110635, 0.000513897, -0.00176496, -0.00549553, -0.00112119, 0.00196105, 0.00272112, -0.00308158, -0.00342331, -0.00678726, 0.00031698, -0.00250562, -0.0110635, 0.00187923, -0.00466656, 0.000165671, 0.000100667, 0.000513897, -0.00176496, -0.00308158, -0.00342331, -0.000736789, 0.00138012, -0.00188687, 0.00113214, 0.000165671, 0.000100667, 0.00188591, -0.00436358, 0.00263115, -0.00655361, 0.0108374, 0.001091, 0.00419368, 0.00288215, 0.0112653, -0.00188366, 0.02332, -0.0178728, -0.000371802, -0.0216889, -0.0047887, -0.0164873, 0.000513897, -0.00176496, -0.00308158, -0.00342331, -0.0260134, -0.00374991, -0.014136, -0.0157656, -0.00736668, -0.025637, -0.00250562, -0.0110635, 0.000513897, -0.00176496, 0.000782108, -0.0118599, -0.014788, -0.00382776, -0.000767124, -0.000345465, -0.000736789, 0.00138012, -0.00188687, 0.00113214, 0.00187923, -0.00466656, 0.00263115, -0.00655361, 0.00834671, -0.00162055, 0.00263115, -0.00655361, 0.00187923, -0.00466656, -0.00250562, -0.0110635, -0.000371802, -0.0216889, 0.0144097, -0.0259298, -0.000371802, -0.0216889, -0.00250562, -0.0110635, -0.00678726, 0.00031698, -0.014136, -0.0157656, -0.035699, -0.0307934, -0.014136, -0.0157656, -0.00678726, 0.00031698, -0.00308158, -0.00342331, -0.014788, -0.00382776, 0.000670292, -0.00248436, -0.014788, -0.00382776, -0.00308158, -0.00342331, 0.00196105, 0.00272112, -0.00120526, -0.00426241, 0.00419368, 0.00288215, 0.0108374, 0.001091, 0.00263115, -0.00655361, 0.00188591, -0.00436358, 0.000165671, 0.000100667, 0.000513897, -0.00176496, -0.0047887, -0.0164873, -0.000371802, -0.0216889, 0.02332, -0.0178728, 0.0112653, -0.00188366, -0.00250562, -0.0110635, -0.00736668, -0.025637, -0.014136, -0.0157656, -0.0260134, -0.00374991, -0.00308158, -0.00342331, -0.000736789, 0.00138012, -0.000767124, -0.000345465, -0.014788, -0.00382776, 0.000782108, -0.0118599, 0.000513897, -0.00176496, -0.00549553, -0.00112119, -0.00855604, -0.00092089, -0.00120526, -0.00426241, 0.000439937, 0.00227391, 0.00419368, 0.00288215, 0.00187923, -0.00466656, 0.000165671, 0.000100667, -0.00206841, -0.00243107, -0.00549553, -0.00112119, 0.000513897, -0.00176496, -0.00250562, -0.0110635, 0.0112653, -0.00188366, 0.00419368, 0.00288215, 0.00187923, -0.00466656, -0.00250562, -0.0110635, -0.00678726, 0.00031698, -0.00308158, -0.00342331, 0.00196105, 0.00272112, -0.00188687, 0.00113214, -0.000736789, 0.00138012, -0.00308158, -0.00342331, 0.000513897, -0.00176496, 0.000165671, 0.000100667, -0.00206841, -0.00243107, -0.00549553, -0.00112119, 0.00196105, 0.00272112, -0.00188687, 0.00113214, ]
best_mc_result_fixed_tau =   [0.0897844, 0.0900581, ]
evolved_state_fixed_tau =   [[-0.00213007, 0.00154102, 0.0024408, 0.0026355, -0.00244067, -0.00488242, -0.00558227, -0.000687061, -0.00836942, -0.000115053, -0.00244067, -0.00488242, -0.00211242, -0.00227675, -0.00558227, -0.000687061, 0.0024408, 0.0026355, -0.00213007, 0.00154102, 5.55605e-05, 9.37867e-05, 0.000268757, -0.00161263, -0.00338566, -0.00312425, -0.000161966, 0.00152854, -0.00213007, 0.00154102, 0.000268757, -0.00161263, -0.00112763, -0.0111148, -0.0154656, -0.000876508, -0.00136949, -0.000818653, -0.000161966, 0.00152854, -0.00136949, -0.000818653, -0.00338566, -0.00312425, -0.0154656, -0.000876508, -0.00036247, -0.00353696, -0.0154656, -0.000876508, -0.00338566, -0.00312425, -0.0270787, 8.83183e-06, 0.00971971, -0.0314057, -0.000161966, 0.00152854, -0.00136949, -0.000818653, -0.0154656, -0.000876508, -0.00112763, -0.0111148, 0.000268757, -0.00161263, -0.00702074, -0.0150991, 0.0162319, -0.144384, 0.00971971, -0.0314057, -0.00213007, 0.00154102, -0.000161966, 0.00152854, -0.00338566, -0.00312425, 0.000268757, -0.00161263, 5.55605e-05, 9.37867e-05, 0.00142147, -0.00430237, -0.00702074, -0.0150991, -0.0270787, 8.83183e-06, -0.00136949, -0.000818653, 0.0024408, 0.0026355, -0.00338566, -0.00312425, -0.00670238, 0.000986361, -0.00331273, -0.0105903, 0.0015372, -0.00458264, 0.00198055, -0.00665026, -0.00333255, -0.0206351, -0.0170589, -0.0140975, -0.0154656, -0.000876508, -0.00244067, -0.00488242, -0.00338566, -0.00312425, -0.0270787, 8.83183e-06, -0.0170589, -0.0140975, -0.0102561, -0.0239972, -0.00331273, -0.0105903, -0.00333255, -0.0206351, 0.0951468, -0.196361, 0.0653213, -0.148459, 0.00971971, -0.0314057, -0.0154656, -0.000876508, -0.00036247, -0.00353696, -0.00670238, 0.000986361, -0.0170589, -0.0140975, -0.0401061, -0.0258992, -0.0170589, -0.0140975, -0.00670238, 0.000986361, -0.0170589, -0.0140975, 0.0653213, -0.148459, 0.0471202, -0.0550215, 0.0653213, -0.148459, -0.0170589, -0.0140975, -0.0401061, -0.0258992, 0.0471202, -0.0550215, -0.00331273, -0.0105903, -0.0102561, -0.0239972, -0.0170589, -0.0140975, -0.0270787, 8.83183e-06, -0.00338566, -0.00312425, -0.0154656, -0.000876508, 0.00971971, -0.0314057, 0.0653213, -0.148459, 0.0951468, -0.196361, -0.00333255, -0.0206351, 0.0101292, -0.0259162, 0.151879, -0.212812, 0.0471202, -0.0550215, 0.0015372, -0.00458264, -0.00331273, -0.0105903, -0.00670238, 0.000986361, -0.00338566, -0.00312425, 0.0024408, 0.0026355, -0.00244067, -0.00488242, -0.0154656, -0.000876508, -0.0170589, -0.0140975, -0.00333255, -0.0206351, 0.00198055, -0.00665026, 0.00774328, -0.00204337, 0.0101292, -0.0259162, -0.0401061, -0.0258992, -0.00036247, -0.00353696, 0.00410478, 0.00244991, 0.010592, -0.00253357, -0.00331273, -0.0105903, 0.000268757, -0.00161263, -0.00558227, -0.000687061, -0.00836942, -0.000115053, -0.00112763, -0.0111148, -0.0102561, -0.0239972, 0.0205826, -0.0184283, 0.0104466, 0.000325478, 0.00198055, -0.00665026, -0.00333255, -0.0206351, -0.0170589, -0.0140975, -0.0154656, -0.000876508, -0.00244067, -0.00488242, 0.010592, -0.00253357, 0.0205826, -0.0184283, -0.00333255, -0.0206351, -0.00702074, -0.0150991, 0.000268757, -0.00161263, -0.00112763, -0.0111148, 0.0162319, -0.144384, 0.0951468, -0.196361, 0.0997818, -0.200377, 0.0205826, -0.0184283, -0.00333255, -0.0206351, 0.0951468, -0.196361, 0.0653213, -0.148459, 0.00971971, -0.0314057, -0.0154656, -0.000876508, -0.00136949, -0.000818653, -0.00331273, -0.0105903, -0.00333255, -0.0206351, 0.0101292, -0.0259162, -0.00333255, -0.0206351, -0.00331273, -0.0105903, -0.0102561, -0.0239972, 0.0951468, -0.196361, 0.151879, -0.212812, 0.0951468, -0.196361, -0.0102561, -0.0239972, -0.0170589, -0.0140975, 0.0653213, -0.148459, 0.0471202, -0.0550215, 0.0653213, -0.148459, -0.0170589, -0.0140975, -0.0270787, 8.83183e-06, 0.00971971, -0.0314057, 0.000268757, -0.00161263, -0.00702074, -0.0150991, -0.00333255, -0.0206351, 0.0205826, -0.0184283, 0.010592, -0.00253357, 0.0205826, -0.0184283, 0.0997818, -0.200377, 0.0951468, -0.196361, 0.0162319, -0.144384, -0.00112763, -0.0111148, -0.0154656, -0.000876508, 0.00971971, -0.0314057, 0.0653213, -0.148459, 0.0951468, -0.196361, -0.00333255, -0.0206351, -0.00702074, -0.0150991, 0.0162319, -0.144384, 0.00971971, -0.0314057, -0.00558227, -0.000687061, 0.000268757, -0.00161263, -0.00331273, -0.0105903, 0.010592, -0.00253357, 0.00410478, 0.00244991, 0.0104466, 0.000325478, 0.0205826, -0.0184283, -0.0102561, -0.0239972, -0.00112763, -0.0111148, -0.00836942, -0.000115053, -0.00244067, -0.00488242, -0.0154656, -0.000876508, -0.0170589, -0.0140975, -0.00333255, -0.0206351, 0.00198055, -0.00665026, 0.00142147, -0.00430237, -0.00702074, -0.0150991, -0.0270787, 8.83183e-06, -0.00136949, -0.000818653, -0.00211242, -0.00227675, 5.55605e-05, 9.37867e-05, 0.0015372, -0.00458264, 0.00410478, 0.00244991, 0.000540001, 0.00205243, 0.00410478, 0.00244991, 0.010592, -0.00253357, -0.00331273, -0.0105903, 0.000268757, -0.00161263, -0.00558227, -0.000687061, 0.0024408, 0.0026355, -0.00338566, -0.00312425, -0.00670238, 0.000986361, -0.00331273, -0.0105903, 0.0015372, -0.00458264, 5.55605e-05, 9.37867e-05, 0.000268757, -0.00161263, -0.00338566, -0.00312425, -0.000161966, 0.00152854, -0.00213007, 0.00154102, 5.55605e-05, 9.37867e-05, 0.00142147, -0.00430237, 0.00198055, -0.00665026, 0.0104466, 0.000325478, 0.00410478, 0.00244991, 0.010592, -0.00253357, 0.0205826, -0.0184283, -0.00333255, -0.0206351, -0.00702074, -0.0150991, 0.000268757, -0.00161263, -0.00338566, -0.00312425, -0.0270787, 8.83183e-06, -0.0170589, -0.0140975, -0.0102561, -0.0239972, -0.00331273, -0.0105903, 0.000268757, -0.00161263, -0.00112763, -0.0111148, -0.0154656, -0.000876508, -0.00136949, -0.000818653, -0.000161966, 0.00152854, -0.00213007, 0.00154102, 0.0015372, -0.00458264, 0.00198055, -0.00665026, 0.00774328, -0.00204337, 0.00198055, -0.00665026, 0.0015372, -0.00458264, -0.00331273, -0.0105903, -0.00333255, -0.0206351, 0.0101292, -0.0259162, -0.00333255, -0.0206351, -0.00331273, -0.0105903, -0.00670238, 0.000986361, -0.0170589, -0.0140975, -0.0401061, -0.0258992, -0.0170589, -0.0140975, -0.00670238, 0.000986361, -0.00338566, -0.00312425, -0.0154656, -0.000876508, -0.00036247, -0.00353696, -0.0154656, -0.000876508, -0.00338566, -0.00312425, 0.0024408, 0.0026355, -0.00244067, -0.00488242, 0.00410478, 0.00244991, 0.0104466, 0.000325478, 0.00198055, -0.00665026, 0.00142147, -0.00430237, 5.55605e-05, 9.37867e-05, 0.000268757, -0.00161263, -0.00702074, -0.0150991, -0.00333255, -0.0206351, 0.0205826, -0.0184283, 0.010592, -0.00253357, -0.00331273, -0.0105903, -0.0102561, -0.0239972, -0.0170589, -0.0140975, -0.0270787, 8.83183e-06, -0.00338566, -0.00312425, -0.000161966, 0.00152854, -0.00136949, -0.000818653, -0.0154656, -0.000876508, -0.00112763, -0.0111148, 0.000268757, -0.00161263, -0.00558227, -0.000687061, -0.00836942, -0.000115053, -0.00244067, -0.00488242, 0.000540001, 0.00205243, 0.00410478, 0.00244991, 0.0015372, -0.00458264, 5.55605e-05, 9.37867e-05, -0.00211242, -0.00227675, -0.00558227, -0.000687061, 0.000268757, -0.00161263, -0.00331273, -0.0105903, 0.010592, -0.00253357, 0.00410478, 0.00244991, 0.0015372, -0.00458264, -0.00331273, -0.0105903, -0.00670238, 0.000986361, -0.00338566, -0.00312425, 0.0024408, 0.0026355, -0.00213007, 0.00154102, -0.000161966, 0.00152854, -0.00338566, -0.00312425, 0.000268757, -0.00161263, 5.55605e-05, 9.37867e-05, -0.00211242, -0.00227675, -0.00558227, -0.000687061, 0.0024408, 0.0026355, -0.00213007, 0.00154102, ],[-0.00213142, 0.00326834, 0.00452867, 0.00202605, -0.00463017, -0.00464959, -0.00663123, 0.00169917, -0.00822655, 0.00418792, -0.00463017, -0.00464959, -0.00322297, -0.00197607, -0.00663123, 0.00169917, 0.00452867, 0.00202605, -0.00213142, 0.00326834, -0.000153444, 0.0003664, -8.14604e-05, -0.000985848, -0.00410181, -0.0023316, 0.000196675, 0.00202226, -0.00213142, 0.00326834, -8.14604e-05, -0.000985848, -0.00425942, -0.0089757, -0.0153763, 0.0054574, -5.85577e-05, -0.000474977, 0.000196675, 0.00202226, -5.85577e-05, -0.000474977, -0.00410181, -0.0023316, -0.0153763, 0.0054574, 0.00148992, -0.00319709, -0.0153763, 0.0054574, -0.00410181, -0.0023316, -0.0258962, 0.0110746, -0.00642197, -0.0287356, 0.000196675, 0.00202226, -5.85577e-05, -0.000474977, -0.0153763, 0.0054574, -0.00425942, -0.0089757, -8.14604e-05, -0.000985848, -0.011674, -0.010148, -0.0407154, -0.141474, -0.00642197, -0.0287356, -0.00213142, 0.00326834, 0.000196675, 0.00202226, -0.00410181, -0.0023316, -8.14604e-05, -0.000985848, -0.000153444, 0.0003664, -0.000146007, -0.00417102, -0.011674, -0.010148, -0.0258962, 0.0110746, -5.85577e-05, -0.000474977, 0.00452867, 0.00202605, -0.00410181, -0.0023316, -0.00639594, 0.00516217, -0.00770423, -0.0096073, 0.000167741, -0.00540884, -0.0011967, -0.00743588, -0.0126517, -0.0159959, -0.0202553, -0.00384873, -0.0153763, 0.0054574, -0.00463017, -0.00464959, -0.00410181, -0.0023316, -0.0258962, 0.0110746, -0.0202553, -0.00384873, -0.0203804, -0.0170465, -0.00770423, -0.0096073, -0.0126517, -0.0159959, 0.0123794, -0.215454, 0.00544589, -0.165218, -0.00642197, -0.0287356, -0.0153763, 0.0054574, 0.00148992, -0.00319709, -0.00639594, 0.00516217, -0.0202553, -0.00384873, -0.0495667, -0.00859218, -0.0202553, -0.00384873, -0.00639594, 0.00516217, -0.0202553, -0.00384873, 0.00544589, -0.165218, 0.0160946, -0.0625682, 0.00544589, -0.165218, -0.0202553, -0.00384873, -0.0495667, -0.00859218, 0.0160946, -0.0625682, -0.00770423, -0.0096073, -0.0203804, -0.0170465, -0.0202553, -0.00384873, -0.0258962, 0.0110746, -0.00410181, -0.0023316, -0.0153763, 0.0054574, -0.00642197, -0.0287356, 0.00544589, -0.165218, 0.0123794, -0.215454, -0.0126517, -0.0159959, 0.000413249, -0.0257212, 0.0602759, -0.256858, 0.0160946, -0.0625682, 0.000167741, -0.00540884, -0.00770423, -0.0096073, -0.00639594, 0.00516217, -0.00410181, -0.0023316, 0.00452867, 0.00202605, -0.00463017, -0.00464959, -0.0153763, 0.0054574, -0.0202553, -0.00384873, -0.0126517, -0.0159959, -0.0011967, -0.00743588, 0.00662252, -0.00370711, 0.000413249, -0.0257212, -0.0495667, -0.00859218, 0.00148992, -0.00319709, 0.00469586, 0.0013327, 0.00958915, -0.00588096, -0.00770423, -0.0096073, -8.14604e-05, -0.000985848, -0.00663123, 0.00169917, -0.00822655, 0.00418792, -0.00425942, -0.0089757, -0.0203804, -0.0170465, 0.0127268, -0.0241584, 0.0102241, -0.00315705, -0.0011967, -0.00743588, -0.0126517, -0.0159959, -0.0202553, -0.00384873, -0.0153763, 0.0054574, -0.00463017, -0.00464959, 0.00958915, -0.00588096, 0.0127268, -0.0241584, -0.0126517, -0.0159959, -0.011674, -0.010148, -8.14604e-05, -0.000985848, -0.00425942, -0.0089757, -0.0407154, -0.141474, 0.0123794, -0.215454, 0.0137862, -0.223969, 0.0127268, -0.0241584, -0.0126517, -0.0159959, 0.0123794, -0.215454, 0.00544589, -0.165218, -0.00642197, -0.0287356, -0.0153763, 0.0054574, -5.85577e-05, -0.000474977, -0.00770423, -0.0096073, -0.0126517, -0.0159959, 0.000413249, -0.0257212, -0.0126517, -0.0159959, -0.00770423, -0.0096073, -0.0203804, -0.0170465, 0.0123794, -0.215454, 0.0602759, -0.256858, 0.0123794, -0.215454, -0.0203804, -0.0170465, -0.0202553, -0.00384873, 0.00544589, -0.165218, 0.0160946, -0.0625682, 0.00544589, -0.165218, -0.0202553, -0.00384873, -0.0258962, 0.0110746, -0.00642197, -0.0287356, -8.14604e-05, -0.000985848, -0.011674, -0.010148, -0.0126517, -0.0159959, 0.0127268, -0.0241584, 0.00958915, -0.00588096, 0.0127268, -0.0241584, 0.0137862, -0.223969, 0.0123794, -0.215454, -0.0407154, -0.141474, -0.00425942, -0.0089757, -0.0153763, 0.0054574, -0.00642197, -0.0287356, 0.00544589, -0.165218, 0.0123794, -0.215454, -0.0126517, -0.0159959, -0.011674, -0.010148, -0.0407154, -0.141474, -0.00642197, -0.0287356, -0.00663123, 0.00169917, -8.14604e-05, -0.000985848, -0.00770423, -0.0096073, 0.00958915, -0.00588096, 0.00469586, 0.0013327, 0.0102241, -0.00315705, 0.0127268, -0.0241584, -0.0203804, -0.0170465, -0.00425942, -0.0089757, -0.00822655, 0.00418792, -0.00463017, -0.00464959, -0.0153763, 0.0054574, -0.0202553, -0.00384873, -0.0126517, -0.0159959, -0.0011967, -0.00743588, -0.000146007, -0.00417102, -0.011674, -0.010148, -0.0258962, 0.0110746, -5.85577e-05, -0.000474977, -0.00322297, -0.00197607, -0.000153444, 0.0003664, 0.000167741, -0.00540884, 0.00469586, 0.0013327, 0.000927869, 0.0018828, 0.00469586, 0.0013327, 0.00958915, -0.00588096, -0.00770423, -0.0096073, -8.14604e-05, -0.000985848, -0.00663123, 0.00169917, 0.00452867, 0.00202605, -0.00410181, -0.0023316, -0.00639594, 0.00516217, -0.00770423, -0.0096073, 0.000167741, -0.00540884, -0.000153444, 0.0003664, -8.14604e-05, -0.000985848, -0.00410181, -0.0023316, 0.000196675, 0.00202226, -0.00213142, 0.00326834, -0.000153444, 0.0003664, -0.000146007, -0.00417102, -0.0011967, -0.00743588, 0.0102241, -0.00315705, 0.00469586, 0.0013327, 0.00958915, -0.00588096, 0.0127268, -0.0241584, -0.0126517, -0.0159959, -0.011674, -0.010148, -8.14604e-05, -0.000985848, -0.00410181, -0.0023316, -0.0258962, 0.0110746, -0.0202553, -0.00384873, -0.0203804, -0.0170465, -0.00770423, -0.0096073, -8.14604e-05, -0.000985848, -0.00425942, -0.0089757, -0.0153763, 0.0054574, -5.85577e-05, -0.000474977, 0.000196675, 0.00202226, -0.00213142, 0.00326834, 0.000167741, -0.00540884, -0.0011967, -0.00743588, 0.00662252, -0.00370711, -0.0011967, -0.00743588, 0.000167741, -0.00540884, -0.00770423, -0.0096073, -0.0126517, -0.0159959, 0.000413249, -0.0257212, -0.0126517, -0.0159959, -0.00770423, -0.0096073, -0.00639594, 0.00516217, -0.0202553, -0.00384873, -0.0495667, -0.00859218, -0.0202553, -0.00384873, -0.00639594, 0.00516217, -0.00410181, -0.0023316, -0.0153763, 0.0054574, 0.00148992, -0.00319709, -0.0153763, 0.0054574, -0.00410181, -0.0023316, 0.00452867, 0.00202605, -0.00463017, -0.00464959, 0.00469586, 0.0013327, 0.0102241, -0.00315705, -0.0011967, -0.00743588, -0.000146007, -0.00417102, -0.000153444, 0.0003664, -8.14604e-05, -0.000985848, -0.011674, -0.010148, -0.0126517, -0.0159959, 0.0127268, -0.0241584, 0.00958915, -0.00588096, -0.00770423, -0.0096073, -0.0203804, -0.0170465, -0.0202553, -0.00384873, -0.0258962, 0.0110746, -0.00410181, -0.0023316, 0.000196675, 0.00202226, -5.85577e-05, -0.000474977, -0.0153763, 0.0054574, -0.00425942, -0.0089757, -8.14604e-05, -0.000985848, -0.00663123, 0.00169917, -0.00822655, 0.00418792, -0.00463017, -0.00464959, 0.000927869, 0.0018828, 0.00469586, 0.0013327, 0.000167741, -0.00540884, -0.000153444, 0.0003664, -0.00322297, -0.00197607, -0.00663123, 0.00169917, -8.14604e-05, -0.000985848, -0.00770423, -0.0096073, 0.00958915, -0.00588096, 0.00469586, 0.0013327, 0.000167741, -0.00540884, -0.00770423, -0.0096073, -0.00639594, 0.00516217, -0.00410181, -0.0023316, 0.00452867, 0.00202605, -0.00213142, 0.00326834, 0.000196675, 0.00202226, -0.00410181, -0.0023316, -8.14604e-05, -0.000985848, -0.000153444, 0.0003664, -0.00322297, -0.00197607, -0.00663123, 0.00169917, 0.00452867, 0.00202605, -0.00213142, 0.00326834, ],]
